20090811;63.00;64.00;55.02;56.29;9619292;569310336.00
20090812;54.77;60.66;53.50;57.60;5511944;317075040.00
20090813;56.68;57.20;52.18;52.77;3927620;210361920.00
20090814;52.48;53.56;49.53;50.90;2702446;139251824.00
20090817;50.00;52.03;49.58;50.95;2071658;105186944.00
20090818;50.00;50.40;47.18;48.49;2276953;110442648.00
20090819;48.55;48.87;44.58;44.99;1761907;82316272.00
20090820;45.19;47.98;44.80;46.83;1937730;90366272.00
20090821;46.00;48.48;44.66;47.42;2262044;104719152.00
20090824;46.81;47.69;45.89;47.04;1561048;72819856.00
20090825;46.66;50.48;46.01;48.47;2494436;120587704.00
20090826;48.00;49.20;47.03;48.06;1319929;63442140.00
20090827;48.05;48.95;47.24;47.51;1044183;50186032.00
20090828;47.30;47.40;45.00;45.10;1151389;52599072.00
20090831;44.46;44.46;42.03;42.29;1093726;47123592.00
20090901;42.29;43.32;42.10;42.49;650847;27862980.00
20090902;42.20;43.34;41.60;42.50;553107;23434862.00
20090903;42.37;43.95;41.79;43.80;1166473;50201224.00
20090904;43.55;43.88;42.98;43.68;836340;36355732.00
20090907;43.34;44.90;43.34;43.91;987678;43768840.00
20090908;44.00;44.24;43.60;44.13;629525;27661738.00
20090909;44.60;47.26;43.73;46.60;1764993;80339456.00
20090910;46.00;47.59;45.59;46.05;1472675;68818496.00
20090911;45.56;50.66;45.56;50.66;3351674;166421744.00
20090914;50.55;51.75;49.40;50.71;2515883;127000744.00
20090915;50.40;54.18;49.31;50.99;2333483;120553392.00
20090916;50.50;53.55;49.95;51.94;1767877;91561056.00
20090917;51.60;53.20;51.60;52.20;1260010;65971588.00
20090918;52.80;53.99;50.06;50.21;1582994;82632456.00
20090921;49.49;49.49;47.20;49.20;1261595;61027604.00
20090922;49.00;49.58;47.50;47.70;646805;31391396.00
20090923;47.80;49.30;47.52;47.83;728131;35112188.00
20090924;47.90;49.09;47.61;48.88;821172;39808856.00
20090925;48.95;51.00;48.00;50.88;1133297;56427456.00
20090928;51.10;53.18;48.80;49.05;1126150;58086548.00
20090929;48.28;48.80;44.40;45.50;1102403;50652048.00
20090930;45.81;46.46;45.20;45.42;556834;25563628.00
20091009;45.67;47.21;45.67;47.06;724224;33824984.00
20091012;47.10;47.87;46.05;47.30;687620;32333136.00
20091013;47.10;47.98;46.82;47.94;577305;27366438.00
20091014;48.03;48.86;47.07;47.36;729632;35130792.00
20091016;48.10;49.67;47.80;49.00;1001505;48891940.00
20091019;48.90;50.49;48.32;49.99;835510;41672048.00
20091020;50.00;51.54;49.71;51.50;1127285;57035356.00
20091021;51.23;51.48;49.81;49.85;728739;36886268.00
20091022;49.68;53.20;48.98;52.49;1593053;82478568.00
20091023;52.30;53.97;51.42;52.38;1435613;75771872.00
20091026;52.38;52.60;50.72;51.02;885628;45454220.00
20091027;50.99;50.99;49.50;49.68;525656;26266812.00
20091028;48.80;50.22;47.70;50.22;1003886;49092320.00
20091029;49.00;49.95;48.50;48.90;748551;36689260.00
20091030;49.01;51.18;48.05;48.10;1178828;57979740.00
20091102;46.50;48.24;46.04;48.00;830197;39316792.00
20091103;47.70;48.48;47.60;48.41;780514;37578400.00
20091104;48.42;49.45;48.32;48.73;732135;35794440.00
20091105;48.88;49.38;48.55;49.02;679704;33239956.00
20091106;49.05;50.10;48.56;48.69;775252;38011204.00
20091109;48.70;49.10;48.32;49.10;664203;32335902.00
20091110;49.44;51.50;49.15;50.80;1737027;88237920.00
20091111;49.65;50.00;48.30;48.59;2235844;109463368.00
20091112;48.59;49.30;48.18;49.06;1413521;69038880.00
20091113;48.90;49.28;48.40;49.02;978008;47776816.00
20091116;49.30;49.96;49.30;49.80;1408770;70005832.00
20091117;50.00;50.47;49.71;50.19;1279351;64032184.00
20091118;50.30;50.66;49.48;49.74;984642;49072036.00
20091119;49.85;51.60;49.85;51.11;1838606;93696432.00
20091120;50.50;51.26;50.38;50.82;1221130;62121628.00
20091123;50.85;52.39;50.85;52.31;1592411;82734688.00
20091124;52.40;53.64;49.70;49.85;1989812;103193640.00
20091125;49.86;54.84;49.86;54.84;2338179;123026496.00
20091126;55.35;57.98;54.52;55.49;3976149;223117104.00
20091127;54.80;55.48;52.42;53.02;1817086;97232112.00
20091130;53.02;54.38;52.51;54.06;1248072;66772632.00
20091201;53.89;55.88;53.55;55.66;1596470;86993160.00
20091202;55.60;56.37;55.03;55.43;1465293;81566032.00
20091203;55.50;56.10;54.51;55.90;1355359;74806136.00
20091204;55.30;55.69;51.65;52.58;1830098;97452856.00
20091207;52.60;53.27;52.50;53.01;801330;42366204.00
20091208;53.09;53.09;51.47;51.90;872415;45299392.00
20091209;51.65;53.46;51.10;52.01;893625;46997880.00
20091210;52.85;53.38;51.82;52.56;474862;24843946.00
20091211;52.96;53.25;52.03;52.10;561278;29520880.00
20091214;52.00;53.28;51.62;53.17;842873;44359208.00
20091215;53.35;54.35;53.00;54.17;962626;51761580.00
20091216;54.10;54.26;53.11;53.30;674113;36077388.00
20091217;53.37;54.51;51.60;51.71;1204031;64126744.00
20091218;51.40;51.41;48.50;49.69;985723;49249612.00
20091221;49.90;50.50;49.53;50.37;465900;23299244.00
20091222;50.47;50.68;48.03;48.30;551777;27158432.00
20091223;48.71;49.10;48.15;49.00;444619;21654586.00
20091224;48.60;50.30;48.60;50.30;597962;29783306.00
20091225;50.55;50.55;49.80;49.89;441161;22057672.00
20091228;49.75;50.77;49.75;50.46;538809;27053274.00
20091229;50.49;50.49;49.71;50.04;625317;31296626.00
20091230;50.04;50.81;50.00;50.44;609349;30672642.00
20091231;50.50;50.75;49.99;50.75;530007;26719224.00
20100104;50.87;51.88;50.60;51.31;746346;38417808.00
20100105;51.61;52.96;51.37;52.86;989311;51913068.00
20100106;52.85;53.47;52.00;52.10;845872;44614748.00
20100107;52.10;52.40;50.78;50.87;768019;39667072.00
20100108;50.80;51.60;49.75;51.60;681039;34646952.00
20100111;52.00;53.87;51.10;53.71;1224360;64666848.00
20100112;54.00;56.99;53.71;54.99;1876904;103853288.00
20100113;54.00;56.77;53.70;56.51;1676537;93472856.00
20100114;56.57;61.88;56.57;58.90;1927201;113578176.00
20100115;58.60;58.91;57.00;57.49;1145059;65986876.00
20100118;57.39;58.18;56.52;57.78;833506;47766680.00
20100119;57.78;57.78;56.13;56.85;860949;48798652.00
20100120;56.85;56.90;53.01;53.60;1229908;67396008.00
20100121;53.59;54.60;53.26;54.05;582087;31492118.00
20100122;54.04;54.04;51.51;52.40;782747;41074380.00
20100125;52.40;53.23;51.80;52.62;374324;19731148.00
20100126;53.00;53.37;51.09;52.29;451294;23663152.00
20100127;52.35;53.97;51.86;53.15;701339;37312540.00
20100128;53.00;53.88;52.55;53.00;580089;30767900.00
20100129;52.90;53.81;52.02;52.98;476672;25351974.00
20100201;52.77;52.79;49.80;49.80;816504;41260812.00
20100202;49.85;50.48;48.10;48.10;565677;27946110.00
20100203;48.15;49.10;46.60;48.82;584170;27977474.00
20100204;48.68;49.69;48.10;48.96;310809;15296123.00
20100205;48.02;49.73;47.62;49.31;397961;19428580.00
20100208;49.31;49.88;49.01;49.31;234970;11608531.00
20100209;49.00;49.49;47.90;48.20;306445;14928242.00
20100210;48.90;49.73;48.45;49.61;279482;13762185.00
20100211;49.00;49.48;48.50;48.80;483769;23720558.00
20100212;48.90;50.58;48.79;50.20;419823;20874174.00
20100222;50.18;50.18;49.40;49.61;264263;13132500.00
20100223;49.61;49.90;48.68;49.04;254474;12468501.00
20100224;48.50;50.80;48.50;50.55;461333;23188294.00
20100226;51.00;52.08;50.84;50.98;770554;39569524.00
20100301;51.22;51.36;50.68;51.25;479728;24494434.00
20100302;50.97;51.64;50.76;51.00;449187;22951298.00
20100303;51.29;51.38;50.60;51.10;416856;21232204.00
20100304;51.09;51.68;49.00;49.39;440218;22350624.00
20100305;48.70;49.99;48.70;49.29;375025;18518756.00
20100308;49.29;49.68;49.10;49.17;288666;14244982.00
20100309;49.24;49.68;49.02;49.62;269120;13315097.00
20100310;49.65;49.92;48.61;49.07;356449;17531308.00
20100311;49.08;49.50;48.32;49.07;324622;15877796.00
20100312;49.08;50.50;48.71;49.59;596055;29681714.00
20100315;49.59;50.50;49.09;50.46;532769;26645468.00
20100316;50.30;50.87;49.80;50.42;411171;20717210.00
20100317;50.60;51.35;50.05;51.15;420807;21422958.00
20100318;51.34;51.55;50.70;50.89;385527;19650514.00
20100319;50.93;51.20;50.55;50.98;360693;18325404.00
20100322;50.71;51.00;50.46;50.61;338626;17150976.00
20100323;50.70;51.10;50.46;50.96;440036;22365312.00
20100324;51.15;53.49;50.88;52.98;1212626;63993504.00
20100325;53.05;53.96;52.56;53.30;983623;52597908.00
20100326;52.97;53.78;52.51;53.21;534386;28335120.00
20100329;53.58;54.58;52.85;53.35;637330;34169752.00
20100330;53.23;54.28;53.18;53.98;436782;23508440.00
20100331;54.48;55.40;54.00;55.05;650823;35621112.00
20100401;54.80;56.20;54.60;55.32;834420;46215836.00
20100402;55.22;55.22;53.51;53.75;799649;43232148.00
20100406;53.74;54.55;53.63;54.20;439020;23762836.00
20100407;54.46;55.68;53.81;55.45;762952;41724524.00
20100408;55.17;57.45;54.68;54.80;820513;45972548.00
20100409;54.80;57.18;54.60;56.76;793258;44302808.00
20100412;56.82;58.66;56.35;57.96;865777;50019712.00
20100413;57.90;58.65;52.30;54.00;1370598;75495608.00
20100414;53.95;54.90;53.58;53.90;497863;26976352.00
20100415;54.50;54.58;51.10;52.90;864460;45698816.00
20100416;53.50;57.96;53.50;55.47;1802975;100593160.00
20100419;54.00;55.55;53.00;53.16;982477;53054640.00
20100420;52.98;53.98;51.50;52.85;747459;39245416.00
20100421;52.83;54.96;52.16;54.77;899701;48699692.00
20100422;54.76;56.32;54.03;55.50;1018143;56395780.00
20100423;55.50;55.70;53.75;53.99;739597;40289044.00
20100426;53.66;54.28;52.72;54.19;630838;33665436.00
20100427;52.70;52.70;48.77;48.77;1502840;74475560.00
20100428;48.00;48.50;46.90;47.36;678021;32265642.00
20100429;47.65;47.99;46.68;46.68;498698;23612676.00
20100430;46.76;47.56;44.02;44.80;599606;27023812.00
20100504;43.99;45.40;42.50;44.94;317831;14048316.00
20100505;44.50;45.98;43.50;45.73;411542;18469796.00
20100506;45.80;45.95;44.00;44.22;294847;13285870.00
20100507;43.50;44.82;42.68;44.56;253965;11240107.00
20100511;45.09;45.49;41.70;42.00;465794;20275786.00
20100512;41.95;41.95;39.00;39.25;416210;16665086.00
20100513;39.48;40.42;38.51;40.12;364508;14349852.00
20100514;40.12;40.85;39.00;40.85;431891;17359332.00
20100517;40.85;43.80;40.75;42.00;1296616;55042832.00
20100518;41.01;42.68;38.52;42.68;602875;24704804.00
20100519;42.10;42.95;41.01;42.70;510646;21585294.00
20100520;43.00;44.55;42.76;42.80;1180001;51558748.00
20100521;21.56;22.95;21.36;22.89;1529139;34162928.00
20100524;22.51;23.95;22.51;23.71;1667058;39021604.00
20100525;23.40;23.40;22.56;22.69;939703;21623374.00
20100526;22.45;22.99;22.10;22.21;697088;15629189.00
20100527;22.15;22.65;21.62;22.52;777976;17311382.00
20100528;22.63;23.02;22.39;23.02;1073577;24452578.00
20100531;23.29;24.13;23.18;23.41;2130259;50534784.00
20100601;23.44;23.58;22.26;22.63;960606;21860830.00
20100602;22.47;23.11;22.00;23.08;902845;20218238.00
20100603;23.39;24.45;23.37;23.55;2598181;62489576.00
20100604;23.35;25.91;23.02;25.91;5192979;131123768.00
20100607;26.31;28.50;26.20;28.50;6123981;170041440.00
20100608;29.80;30.99;29.07;29.70;10366773;308792640.00
20100609;29.65;29.97;28.40;29.30;6926246;201963488.00
20100610;28.83;29.30;28.70;29.00;3889032;112794032.00
20100611;29.00;29.30;27.22;27.30;5004087;139476512.00
20100617;27.22;28.00;26.80;26.95;2504188;68318032.00
20100618;26.86;27.13;25.61;25.95;2981555;78924456.00
20100621;25.72;26.45;24.73;26.13;2505019;64243004.00
20100622;25.98;26.55;25.61;25.95;2656342;69326400.00
20100623;26.01;28.40;26.01;27.17;7052724;193484064.00
20100624;26.48;26.60;25.61;25.74;3177864;82777832.00
20100625;25.72;25.72;23.80;24.41;2295210;56870696.00
20100628;24.28;24.65;23.50;23.60;1309974;31467418.00
20100629;23.80;24.85;22.90;23.49;2769140;66208364.00
20100630;22.78;22.78;21.55;22.45;1805479;40007248.00
20100701;22.45;23.34;22.18;23.00;2345906;53454716.00
20100702;23.00;23.30;21.03;22.26;2063975;45816392.00
20100705;21.75;22.66;21.21;22.43;1385070;30619918.00
20100706;22.50;23.17;22.35;23.11;1641774;37505804.00
20100707;23.11;24.56;22.50;23.81;2778528;65428696.00
20100708;23.90;23.90;22.90;23.10;1655995;38626952.00
20100709;23.02;23.73;22.64;23.31;1866120;43507644.00
20100712;23.40;24.44;23.10;24.13;2490230;59578972.00
20100713;23.81;23.90;23.20;23.38;1861420;43871896.00
20100714;23.41;23.97;23.41;23.57;1374815;32568948.00
20100715;23.20;23.84;22.60;22.70;2302853;53473484.00
20100716;22.60;22.60;21.80;22.28;1321972;29312000.00
20100719;21.80;22.85;21.51;22.72;1074971;24232700.00
20100720;22.80;23.58;22.60;23.35;1705691;39475368.00
20100721;23.40;24.45;23.31;24.09;3425743;82343128.00
20100722;23.99;24.20;23.61;24.17;2009781;48166252.00
20100723;24.15;24.16;23.61;23.93;1670893;39849360.00
20100726;23.92;24.85;23.86;24.83;2641217;64473852.00
20100727;24.64;25.30;24.52;24.84;2548040;63277092.00
20100728;24.79;26.20;24.66;25.99;3295162;83073184.00
20100729;25.66;25.89;25.13;25.40;2765394;70343056.00
20100730;25.40;25.65;24.58;24.85;2086354;52300280.00
20100803;25.38;25.84;24.80;24.89;2533587;64079680.00
20100804;24.30;24.90;24.30;24.89;1532934;37653200.00
20100805;24.85;25.09;24.55;24.79;1289929;32053006.00
20100806;24.77;25.30;24.62;25.26;1697445;42529984.00
20100809;25.26;25.84;25.17;25.60;2318843;59070324.00
20100810;25.69;25.69;24.00;24.19;2411268;59958100.00
20100811;23.95;25.39;23.65;25.25;3848645;94553152.00
20100812;24.68;27.78;24.65;27.78;8487955;227087760.00
20100813;28.30;29.15;26.74;27.41;8246733;230558400.00
20100816;27.00;27.59;25.26;27.58;4974325;133970944.00
20100817;27.48;27.95;27.05;27.41;3678328;101240152.00
20100818;27.50;27.58;26.42;26.72;2790542;74939312.00
20100819;26.70;27.35;26.61;26.80;2528485;68241560.00
20100820;26.51;26.76;25.53;25.79;2212798;57821924.00
20100823;25.60;26.20;25.55;25.79;1388746;35985376.00
20100824;25.80;27.00;25.60;26.90;2076193;54796560.00
20100825;26.59;26.90;25.78;25.79;1568085;41264748.00
20100826;25.78;26.10;25.56;25.75;995248;25629908.00
20100827;25.47;27.29;25.47;26.34;2020300;53524852.00
20100830;26.35;27.00;26.18;26.79;2068550;55133124.00
20100831;26.70;27.50;26.42;27.15;2985064;80858080.00
20100901;27.22;27.25;25.98;26.35;2803749;74944112.00
20100902;26.54;26.97;26.41;26.89;2279491;60975856.00
20100903;26.95;27.41;26.80;27.35;3000974;81697776.00
20100906;27.43;28.40;27.17;27.49;3069737;85002424.00
20100907;27.65;28.80;27.21;28.30;5202527;146762080.00
20100908;27.95;28.56;27.68;28.45;3982121;112068504.00
20100909;28.50;29.39;28.08;28.84;5893532;169617520.00
20100910;28.65;28.99;27.85;28.78;3109928;88515648.00
20100913;28.89;29.87;28.53;29.62;4968741;146427616.00
20100914;29.70;29.79;29.00;29.27;3446973;101231096.00
20100915;29.28;29.29;27.68;27.87;2382712;67766880.00
20100916;27.92;28.10;26.25;26.43;2222377;59801660.00
20100917;26.36;26.69;26.34;26.37;1334711;35352540.00
20100920;26.38;26.70;25.53;25.74;981529;25731978.00
20100921;25.80;26.10;25.66;25.86;690332;17847514.00
20100927;26.20;26.60;25.90;26.56;796044;20927056.00
20100928;26.57;26.57;25.85;25.89;921039;24081626.00
20100929;25.89;26.20;24.91;24.99;1091690;27888606.00
20100930;25.00;25.39;24.90;25.27;772829;19435006.00
20101008;25.38;26.18;25.37;25.98;870564;22617398.00
20101011;26.10;26.57;25.97;26.35;1449305;38086500.00
20101012;26.36;27.82;26.14;27.51;2478509;67858720.00
20101013;27.33;27.45;26.80;27.39;1885632;51170012.00
20101014;27.39;27.98;26.90;26.98;2689250;74143976.00
20101015;26.81;27.20;25.67;26.11;2139317;56688952.00
20101018;26.00;26.00;24.25;24.96;1811596;45105940.00
20101019;24.90;26.49;24.90;26.20;1347565;34996304.00
20101020;25.91;26.70;25.51;26.04;1339141;35024860.00
20101021;26.05;26.36;25.50;26.09;1137601;29337002.00
20101022;26.18;27.80;25.70;27.20;2106236;56657072.00
20101025;27.60;29.50;27.60;28.29;3583853;102078320.00
20101026;28.30;28.50;27.61;28.11;2559298;71448192.00
20101027;28.01;28.37;27.20;27.31;1675019;46557244.00
20101028;27.33;27.51;26.83;27.25;1190606;32277980.00
20101029;27.25;28.15;27.25;27.65;1292735;35894996.00
20101101;27.97;28.70;27.55;28.43;2197302;62293408.00
20101102;28.58;28.64;27.16;27.49;2093123;58409712.00
20101103;27.40;27.49;27.00;27.06;945015;25699572.00
20101104;27.01;28.20;27.01;27.94;1349806;37448928.00
20101105;27.89;28.69;27.89;28.42;2907271;82860016.00
20101108;28.48;29.42;28.10;28.94;2609282;75255400.00
20101109;28.71;29.50;28.32;29.39;3015099;87844312.00
20101110;29.30;29.46;28.80;29.19;2110528;61422372.00
20101111;28.80;29.32;28.36;28.36;2548597;73889232.00
20101112;28.34;28.34;25.80;26.08;2336403;63432428.00
20101115;26.10;26.95;26.10;26.81;1208510;32163550.00
20101116;26.81;27.20;26.00;26.41;1287190;34275500.00
20101117;26.00;26.86;25.80;26.17;1073689;28442830.00
20101118;26.80;27.35;26.32;27.05;1716210;46204832.00
20101119;27.39;28.13;26.50;28.10;2499180;68744736.00
20101122;28.00;29.36;27.83;28.65;3446137;99118984.00
20101123;28.00;31.52;27.82;31.52;6887988;208011280.00
20101124;31.17;32.00;30.02;31.17;7067436;221289520.00
20101126;30.78;31.48;29.85;29.99;3953542;120310680.00
20101129;29.79;30.12;29.09;29.50;2277395;66993196.00
20101130;29.54;31.13;28.89;31.13;4225257;126789232.00
20101201;30.80;31.20;30.02;30.50;2337211;71656880.00
20101202;30.70;30.85;29.92;29.92;1884207;57012656.00
20101203;29.70;29.79;28.61;29.08;1416493;41171388.00
20101207;29.88;31.40;29.70;30.82;3670478;112688904.00
20101208;30.04;30.39;29.28;29.30;2080242;61812652.00
20101209;29.06;29.06;28.02;28.10;1479191;42108460.00
20101210;27.70;28.67;27.53;28.49;835403;23633312.00
20101213;28.60;29.35;28.38;28.97;1364249;39424584.00
20101214;28.98;31.00;28.98;29.90;2445347;73751744.00
20101215;29.59;30.38;29.40;29.59;1261056;37479492.00
20101216;29.56;31.75;29.50;31.61;3724176;114421312.00
20101217;31.30;31.40;30.56;30.70;2022584;62375928.00
20101220;30.70;31.48;29.40;30.09;1502803;45563916.00
20101221;30.40;32.35;30.12;31.65;4254677;133909320.00
20101222;31.48;32.24;31.13;31.87;2873510;91054960.00
20101223;31.64;31.87;30.28;30.40;1877283;57805856.00
20101224;30.40;30.43;29.00;29.17;1304834;38419160.00
20101227;28.80;29.87;27.85;28.23;1382166;40083760.00
20101228;28.23;29.18;28.00;28.62;1009178;28855594.00
20101229;28.66;29.45;28.66;29.20;937222;27320976.00
20101230;29.20;29.58;28.83;29.20;796125;23323828.00
20101231;29.28;30.03;29.01;30.03;1181413;34845840.00
20110104;30.26;30.33;29.60;30.25;1119126;33568636.00
20110105;30.09;30.80;29.85;30.65;1399425;42683032.00
20110106;30.65;31.00;29.42;29.42;1196850;36068496.00
20110107;29.35;29.69;28.88;29.04;1127994;32905668.00
20110110;29.10;29.45;28.61;28.83;740938;21456538.00
20110111;29.02;29.25;28.74;29.25;610242;17696916.00
20110112;29.25;29.60;29.12;29.60;622131;18276208.00
20110113;30.50;30.88;29.65;29.65;1543703;46757208.00
20110114;29.30;29.50;27.70;28.95;1237972;35425160.00
20110117;28.21;28.88;27.83;27.92;654010;18481186.00
20110118;27.80;28.56;27.70;28.35;376837;10599706.00
20110119;28.12;28.74;28.12;28.74;437541;12473866.00
20110120;28.70;28.88;26.60;26.63;778112;21432798.00
20110121;26.58;27.00;25.05;25.18;1137807;29482254.00
20110124;25.49;25.50;24.65;24.65;683392;17050790.00
20110125;24.60;24.82;22.70;23.35;1188114;27778676.00
20110126;23.29;23.97;23.23;23.64;444123;10471797.00
20110127;23.56;24.50;23.29;24.08;450266;10765425.00
20110128;24.10;24.77;23.75;24.48;523186;12749850.00
20110131;24.45;24.93;23.90;24.53;427070;10538754.00
20110201;24.50;24.97;24.16;24.53;462803;11323909.00
20110209;24.46;24.75;23.85;23.90;724729;17605194.00
20110210;24.41;25.59;24.41;25.58;1514277;38156552.00
20110211;25.70;25.70;25.10;25.33;922566;23418102.00
20110214;25.34;25.73;25.06;25.61;933883;23772054.00
20110215;25.58;26.50;25.44;25.64;1090160;28311612.00
20110216;25.60;25.95;25.50;25.89;729706;18788498.00
20110217;26.00;26.09;25.32;25.66;906162;23216074.00
20110218;25.67;25.80;25.21;25.25;559948;14214769.00
20110221;25.02;25.75;24.85;25.73;764050;19416518.00
20110222;25.88;25.88;25.10;25.45;919699;23416774.00
20110223;25.43;26.00;25.24;25.89;984830;25307682.00
20110224;25.74;26.68;25.74;26.23;1203011;31627366.00
20110225;26.60;27.88;26.35;26.66;1581804;42877844.00
20110228;26.50;26.98;26.07;26.70;814006;21617252.00
20110301;26.65;27.10;26.40;26.56;753173;20119188.00
20110302;26.50;26.91;25.77;26.88;921130;24225732.00
20110303;26.77;26.90;26.10;26.15;607359;16070269.00
20110304;26.16;26.50;25.85;26.20;547148;14272502.00
20110307;26.48;26.80;26.00;26.31;667366;17535356.00
20110308;26.32;26.59;26.20;26.38;546293;14406242.00
20110309;26.42;26.53;26.13;26.26;459589;12083564.00
20110310;26.25;26.64;26.09;26.42;928715;24540606.00
20110311;26.31;26.81;26.11;26.15;749615;19743976.00
20110314;26.10;26.10;25.08;25.34;1240993;31428214.00
20110315;25.34;25.40;24.51;24.66;877084;21735818.00
20110316;24.77;25.06;24.66;25.00;579582;14412812.00
20110317;24.80;24.80;24.35;24.37;561549;13784124.00
20110318;24.50;24.95;24.50;24.65;294338;7276407.50
20110321;24.68;25.30;24.68;25.18;659040;16447915.00
20110322;25.20;25.20;24.79;24.84;405990;10122981.00
20110323;24.84;24.97;24.61;24.95;419130;10405466.00
20110324;24.95;25.13;24.81;24.84;396958;9890767.00
20110325;24.81;25.05;24.75;24.93;405972;10109602.00
20110328;24.93;25.17;24.50;24.59;607358;15070616.00
20110329;24.60;24.60;23.75;23.80;895981;21474580.00
20110330;24.60;24.60;23.70;23.84;553825;13291765.00
20110331;23.77;24.08;23.70;23.70;476829;11374952.00
20110401;23.87;23.90;23.68;23.86;279260;6642605.00
20110406;23.86;24.24;22.98;23.50;500802;11802519.00
20110407;23.56;23.90;23.49;23.70;459416;10864128.00
20110408;23.71;24.20;23.70;24.13;521214;12519539.00
20110411;24.30;24.93;24.14;24.65;1208342;29854256.00
20110412;24.61;25.44;24.61;25.07;1317220;33087492.00
20110413;24.93;25.05;24.70;24.95;557578;13880681.00
20110414;25.10;25.10;24.69;25.00;521857;12964843.00
20110415;25.20;25.20;24.70;24.94;282965;7037238.50
20110418;24.85;24.85;23.75;23.81;1079868;25966052.00
20110419;23.90;23.90;23.23;23.31;590344;13805860.00
20110421;23.60;23.95;23.30;23.72;551570;13068632.00
20110422;23.53;23.83;23.46;23.50;407079;9598284.00
20110425;23.50;23.50;23.00;23.00;401625;9285973.00
20110426;23.01;23.49;23.00;23.42;305778;7078923.50
20110427;23.40;23.75;23.11;23.35;324784;7631730.50
20110428;23.08;23.80;21.32;21.60;461285;10451143.00
20110429;21.60;21.96;21.03;21.85;393029;8475802.00
20110503;21.80;22.44;21.80;22.30;262541;5819593.00
20110504;22.38;22.38;21.61;21.68;352248;7717408.50
20110505;21.56;21.87;21.47;21.47;243049;5266642.50
20110506;21.50;22.22;21.50;22.00;437014;9535531.00
20110509;22.18;22.24;21.77;22.19;468453;10300457.00
20110510;22.01;24.07;22.01;23.80;1351026;31153050.00
20110511;23.80;24.39;23.17;23.50;2207125;52984996.00
20110512;23.19;23.30;22.51;22.51;797070;18202726.00
20110513;22.53;22.86;22.38;22.77;373208;8456077.00
20110516;22.79;22.96;22.00;22.30;440924;9894417.00
20110517;22.30;22.30;21.50;22.00;596245;13016212.00
20110518;22.10;22.20;21.85;22.04;286460;6317193.00
20110519;21.82;21.92;21.40;21.50;361545;7836115.50
20110520;21.59;21.67;21.32;21.45;219881;4722684.00
20110523;21.44;21.80;20.82;20.86;373439;7914951.00
20110524;20.75;20.86;20.21;20.52;366151;7504662.00
20110525;20.70;20.70;20.17;20.18;253749;5177700.50
20110526;20.02;20.40;20.00;20.00;311979;6288048.50
20110527;20.00;20.21;19.84;19.85;225998;4507435.00
20110530;19.80;19.98;19.68;19.81;173411;3445595.00
20110531;19.72;20.44;19.72;20.13;245811;4915131.00
20110601;20.14;20.40;20.00;20.36;358508;7235894.00
20110602;20.18;20.18;19.75;19.83;287000;5704029.50
20110603;19.75;20.12;19.75;20.04;169145;3386031.25
20110607;20.00;20.29;20.00;20.12;196200;3953383.25
20110608;20.28;20.28;19.80;20.06;246787;4925412.00
20110609;20.05;20.06;19.30;19.30;249576;4910841.50
20110610;19.31;19.45;18.50;18.94;303135;5733249.00
20110613;18.40;19.19;18.37;19.08;195726;3676822.75
20110614;19.15;19.20;19.04;19.13;237563;4541954.50
20110615;19.15;19.19;18.68;18.70;217075;4093188.00
20110616;18.42;18.90;18.38;18.45;178238;3302780.25
20110617;18.50;18.68;18.32;18.32;153828;2839749.50
20110620;18.32;18.32;18.00;18.07;168635;3054197.00
20110621;18.06;18.26;17.90;18.24;233741;4222578.50
20110622;18.24;19.57;18.10;18.80;598644;11322810.00
20110623;18.55;18.97;18.35;18.85;366360;6849621.50
20110624;18.89;19.27;18.76;19.11;577084;10988548.00
20110627;19.18;19.39;18.90;19.16;449059;8636212.00
20110628;19.27;19.93;19.20;19.28;615553;11987159.00
20110629;19.40;19.92;19.32;19.40;910117;17889138.00
20110630;19.40;19.45;19.11;19.34;504778;9752142.00
20110701;19.38;19.58;19.25;19.29;336350;6512340.50
20110704;19.33;19.56;19.30;19.54;665812;12960881.00
20110705;19.60;19.76;19.53;19.68;567320;11150634.00
20110706;19.65;19.68;19.41;19.64;365180;7140974.00
20110707;19.55;20.18;19.55;19.85;1008838;20021420.00
20110708;19.87;19.98;19.60;19.78;424377;8369096.50
20110711;19.70;20.09;19.64;20.02;532348;10595233.00
20110712;19.95;19.95;19.62;19.65;599294;11808624.00
20110713;19.55;19.90;19.55;19.88;412749;8173374.50
20110714;19.90;21.67;19.82;21.23;793876;16268279.00
20110715;20.80;20.90;20.30;20.70;1370815;28194582.00
20110718;20.51;20.98;20.50;20.75;797851;16552869.00
20110719;20.60;21.20;20.40;20.42;540614;11186555.00
20110720;20.43;20.88;20.43;20.73;553622;11454213.00
20110721;20.73;20.80;20.00;20.00;431153;8773073.00
20110722;20.25;20.50;20.02;20.11;346354;6998105.50
20110725;20.11;20.19;18.45;18.66;564287;10834692.00
20110726;18.66;18.89;18.45;18.68;271041;5054654.50
20110727;18.60;18.99;18.60;18.95;249204;4686500.00
20110728;18.80;18.91;18.30;18.75;366782;6834975.50
20110729;18.66;18.86;18.58;18.61;338887;6338426.00
20110801;18.61;18.84;18.61;18.73;242458;4547440.00
20110802;18.81;18.81;18.25;18.44;291464;5363469.50
20110803;18.34;18.90;18.24;18.86;331757;6200288.00
20110804;18.89;19.08;18.70;18.90;252798;4771017.00
20110805;18.44;18.68;18.13;18.50;270659;4976561.00
20110808;18.16;18.34;16.68;17.29;574675;10007146.00
20110809;16.89;16.98;16.05;16.81;632054;10435087.00
20110810;16.82;18.15;16.82;17.75;715755;12517932.00
20110811;17.20;18.00;17.05;17.70;508464;8926782.00
20110812;17.81;18.52;17.79;18.04;690422;12558698.00
20110815;18.08;18.47;17.91;18.21;476943;8641418.00
20110816;18.11;18.44;18.04;18.10;373178;6794259.00
20110817;17.96;18.20;17.74;17.77;305960;5474064.00
20110818;17.90;17.98;17.66;17.71;354498;6320552.50
20110819;17.51;17.60;17.28;17.57;275293;4793687.50
20110822;17.41;17.81;17.41;17.47;208588;3663078.75
20110823;17.60;17.97;17.53;17.95;307074;5472125.50
20110824;17.96;18.50;17.95;18.28;624055;11355490.00
20110825;18.40;18.65;18.13;18.54;692322;12726162.00
20110826;18.50;18.82;18.21;18.58;444987;8287775.50
20110829;18.55;18.72;18.41;18.52;248394;4600546.00
20110830;18.58;18.97;18.51;18.52;485585;9100790.00
20110831;18.52;18.60;18.02;18.04;302886;5525015.50
20110901;18.36;18.36;18.00;18.07;133401;2415893.75
20110902;18.10;18.19;17.72;17.82;121500;2173263.00
20110905;17.68;17.85;17.30;17.30;198090;3469657.00
20110906;17.30;17.45;17.10;17.29;74771;1291655.88
20110907;17.40;18.25;17.29;18.24;305162;5416407.50
20110908;18.24;18.30;17.80;17.84;243571;4381039.00
20110909;17.84;17.97;17.58;17.59;119754;2122984.75
20110913;17.16;17.49;17.01;17.35;81433;1404439.00
20110914;17.45;17.53;17.15;17.46;109669;1901565.25
20110915;17.47;17.73;17.19;17.54;159836;2803526.25
20110916;18.00;19.18;17.75;18.33;882256;16313027.00
20110919;18.30;18.33;17.75;17.78;356128;6402814.50
20110920;17.76;17.87;17.09;17.48;373254;6534642.00
20110921;17.55;18.12;17.48;18.00;365107;6531947.00
20110922;17.82;18.10;17.50;17.54;304524;5437160.00
20110923;17.20;17.53;17.10;17.38;195131;3382845.25
20110926;17.50;17.50;17.25;17.36;207040;3598329.00
20110927;17.40;17.77;17.31;17.65;159979;2803867.50
20110928;18.30;18.30;17.42;17.51;318705;5676859.50
20110929;17.37;17.40;16.90;16.95;197400;3372261.75
20110930;16.93;17.07;16.84;17.00;134128;2271603.75
20111010;17.50;17.77;17.00;17.05;192090;3298726.00
20111011;17.33;17.45;16.91;17.09;163800;2810523.50
20111012;17.09;17.88;16.89;17.71;304243;5348440.00
20111014;18.15;18.15;17.53;17.70;266131;4745663.50
20111017;17.70;17.88;17.65;17.88;198166;3522631.25
20111018;17.75;18.12;17.75;17.81;352184;6321384.00
20111019;17.82;17.97;17.55;17.56;199140;3533967.25
20111020;17.59;17.59;16.90;17.38;244761;4198980.50
20111021;17.70;18.03;17.40;17.99;641078;11447357.00
20111024;17.90;19.57;17.80;19.30;3093956;59057048.00
20111025;19.10;19.74;18.80;19.54;2356741;45459268.00
20111026;19.20;20.25;19.17;19.41;2235291;44299660.00
20111027;19.39;20.88;19.03;20.40;3390613;68039544.00
20111028;20.55;20.78;20.09;20.52;1951094;39766820.00
20111031;20.58;20.98;20.41;20.68;2352081;48745572.00
20111101;20.20;20.63;19.82;20.43;1788961;36241528.00
20111102;20.06;22.47;19.95;22.47;4295415;92723120.00
20111103;24.72;24.72;24.72;24.72;1907972;47165068.00
20111104;27.19;27.19;26.03;27.19;17507688;471624960.00
20111107;27.19;27.60;26.93;27.43;8860211;241700208.00
20111108;27.30;27.77;26.72;27.07;8169532;222597056.00
20111109;27.07;28.46;26.69;27.45;14281733;390915232.00
20111110;26.98;29.99;26.30;27.60;16539971;462793120.00
20111111;26.71;27.30;26.28;27.05;9394298;251418016.00
20111114;27.25;28.50;26.93;27.86;8461287;233592336.00
20111115;27.70;28.62;27.29;28.10;9041286;252131488.00
20111116;27.70;27.95;26.00;27.00;7821642;212808832.00
20111117;27.00;28.22;26.54;26.60;9987899;272392544.00
20111118;26.15;26.20;24.80;25.26;7297732;185323200.00
20111121;25.20;25.65;24.68;25.31;4433156;111568792.00
20111122;24.89;25.84;24.88;25.20;5163316;130946704.00
20111123;25.33;25.55;23.50;24.55;5668160;139545072.00
20111124;24.15;26.40;24.00;25.54;9711468;246685008.00
20111125;25.10;25.19;24.00;24.10;4229627;104218488.00
20111128;24.18;24.39;23.50;23.96;2853417;68238296.00
20111129;24.24;24.68;24.01;24.30;2934956;71136728.00
20111130;24.15;24.22;21.87;21.87;5515074;124337384.00
20111201;22.40;23.28;21.71;21.72;6043186;135548432.00
20111202;21.50;22.59;21.35;21.96;4334812;95168072.00
20111205;21.75;22.40;21.50;21.65;3754743;82220080.00
20111206;21.45;22.43;21.41;22.25;4289614;94416624.00
20111207;22.12;22.86;21.87;22.85;5596110;125615112.00
20111208;22.52;23.70;21.65;22.86;6616788;150672480.00
20111209;22.50;23.65;22.40;22.60;6057210;140137840.00
20111212;22.13;22.35;21.37;21.37;3639672;79855816.00
20111213;20.88;21.07;20.22;21.05;4060428;83824336.00
20111214;20.80;21.75;20.66;21.11;4596002;98056928.00
20111215;20.65;21.68;20.48;21.19;4628501;98553560.00
20111216;21.06;22.39;20.37;22.28;5775069;123251856.00
20111219;21.90;22.75;21.28;22.73;6099477;134591360.00
20111220;22.69;23.23;21.92;21.92;4947704;111404128.00
20111221;22.09;22.28;20.58;20.60;4260856;91889192.00
20111222;20.22;20.22;18.61;19.40;4522797;87890360.00
20111223;19.18;19.88;19.18;19.31;2842423;55488416.00
20111226;19.57;19.77;18.50;18.51;2620021;50490480.00
20111227;18.28;18.28;17.22;17.44;2862246;51006048.00
20111228;17.34;17.72;17.03;17.68;2196390;38166716.00
20111229;17.66;18.37;17.59;18.03;3615780;65150968.00
20111230;18.05;18.43;18.05;18.23;2240344;40887744.00
20120104;18.45;18.45;16.56;16.56;2472998;43313496.00
20120105;16.24;16.59;15.72;15.94;2225003;35849972.00
20120106;16.10;16.49;15.86;16.39;1458166;23625636.00
20120109;16.32;17.10;16.10;17.05;1902626;31806744.00
20120110;17.05;17.92;16.95;17.74;3609176;63290372.00
20120111;17.69;19.51;17.58;19.51;6934907;133318088.00
20120112;19.58;19.58;18.50;18.95;7202993;137354000.00
20120113;18.70;18.98;17.77;17.90;4603056;83994120.00
20120116;17.62;18.25;17.37;17.57;2089901;37231660.00
20120117;17.35;18.62;17.05;18.56;3411655;61524896.00
20120118;18.85;19.29;17.73;17.86;4087431;75936000.00
20120119;17.66;17.83;16.90;17.29;2684362;46626352.00
20120120;17.34;17.66;16.65;16.92;3120520;53305724.00
20120130;16.97;17.27;16.74;17.11;1932963;32991992.00
20120131;17.12;17.17;16.65;17.06;1522786;25702214.00
20120201;17.00;17.49;16.93;17.18;2258807;38882480.00
20120202;17.19;18.14;17.12;18.13;4424255;78248344.00
20120203;18.00;18.76;17.80;18.51;4459687;81224272.00
20120206;18.40;18.47;17.98;18.20;3633037;66050872.00
20120207;18.20;18.75;18.11;18.24;3796527;69800136.00
20120208;18.23;18.78;18.01;18.78;4120812;75869360.00
20120209;18.78;19.59;18.67;19.07;5983201;114636312.00
20120210;19.00;19.09;18.63;18.77;3044681;57286356.00
20120213;18.61;19.23;18.51;19.10;2977953;56358016.00
20120214;19.00;19.19;18.83;18.92;2312666;43918052.00
20120215;18.81;19.90;18.68;19.22;5054764;98083112.00
20120216;19.30;19.91;19.10;19.72;5937942;116059232.00
20120217;19.81;19.87;19.26;19.30;2979968;57921988.00
20120220;19.56;20.17;19.43;19.47;4161909;82188016.00
20120221;19.40;19.95;18.85;19.85;4519855;88313120.00
20120222;19.93;21.25;19.85;20.67;7467487;153234832.00
20120223;20.45;20.78;20.26;20.46;4128081;84562120.00
20120224;20.38;21.38;20.35;20.82;4765588;99528128.00
20120227;20.84;21.84;20.62;21.55;6346364;134246000.00
20120228;21.37;22.00;20.95;21.20;4768008;101954624.00
20120229;21.18;21.20;20.21;20.27;3476798;71838176.00
20120301;20.12;20.61;20.10;20.36;2097142;42714136.00
20120302;20.28;20.75;20.28;20.72;1971476;40552332.00
20120305;20.88;21.38;20.81;20.86;3467466;73086040.00
20120306;20.72;20.80;20.20;20.42;2099632;42944140.00
20120307;20.16;20.88;20.03;20.51;2327072;47744168.00
20120308;20.50;21.35;20.50;21.20;3209472;67174840.00
20120309;21.28;21.49;21.06;21.28;2898660;61526280.00
20120312;21.34;21.89;21.09;21.79;3939037;84739656.00
20120313;21.77;22.08;21.32;21.88;3569279;77294000.00
20120314;21.88;22.10;19.88;20.10;5027640;107058568.00
20120315;20.05;20.45;19.22;19.61;2672650;52771948.00
20120316;19.64;20.34;19.64;20.17;2166679;43486204.00
20120319;20.35;20.47;19.85;20.39;1660931;33577876.00
20120320;20.25;20.38;19.73;20.16;1791019;35922096.00
20120321;20.01;20.24;19.57;20.07;1816578;36167316.00
20120322;19.90;20.28;19.90;20.15;1445178;29041742.00
20120323;20.10;20.10;19.33;19.43;1309898;25700272.00
20120326;19.36;19.60;19.20;19.26;741119;14362297.00
20120327;19.46;19.53;19.11;19.13;826808;15949738.00
20120328;19.13;19.50;17.71;17.77;1865085;34077120.00
20120329;17.75;17.94;17.40;17.46;1000626;17639772.00
20120330;17.37;17.74;17.15;17.35;809073;14056666.00
20120405;17.41;17.94;17.26;17.83;1943895;34107500.00
20120406;17.70;18.93;17.54;18.38;2250740;41288916.00
20120409;18.10;18.20;17.73;17.73;1306414;23444460.00
20120410;17.61;17.95;17.17;17.91;969252;16961708.00
20120411;17.58;18.38;17.51;18.38;1390357;25017410.00
20120412;18.40;18.99;18.25;18.71;2292111;42872912.00
20120413;18.75;19.49;18.60;18.84;2923635;55710680.00
20120416;18.56;18.99;18.28;18.95;1877842;35064540.00
20120417;18.95;19.44;18.65;18.67;2755550;52486996.00
20120418;18.60;19.00;18.38;18.95;2596574;48547448.00
20120419;18.79;19.15;18.68;19.00;1777752;33581288.00
20120420;18.82;19.08;18.57;18.83;1325817;24980378.00
20120423;18.60;18.82;17.57;17.57;2215527;39988412.00
20120424;17.37;17.82;17.00;17.64;1292966;22515556.00
20120425;17.59;17.80;17.31;17.64;986023;17343610.00
20120426;17.70;17.70;17.25;17.38;1155394;20129924.00
20120427;17.17;17.55;17.17;17.47;1033858;17888410.00
20120502;17.57;17.69;17.45;17.56;980007;17210882.00
20120503;17.55;17.73;17.28;17.65;1026803;17954282.00
20120504;17.91;18.40;17.83;18.20;2116169;38392444.00
20120507;18.00;18.13;17.83;18.11;1064963;19160674.00
20120509;17.95;18.47;17.70;18.33;1687379;30586472.00
20120510;18.60;18.71;18.10;18.13;1370445;25127480.00
20120511;18.02;18.18;17.60;17.67;845823;15125476.00
20120514;17.90;17.90;17.50;17.50;571512;10146469.00
20120515;17.52;18.00;17.49;17.67;723666;12829845.00
20120516;17.67;17.92;17.53;17.54;619756;10978241.00
20120517;17.57;17.75;17.41;17.73;519943;9162726.00
20120518;17.51;18.55;17.50;17.93;1093161;19563108.00
20120521;17.92;18.00;17.52;17.67;537737;9538133.00
20120522;17.69;18.22;17.69;17.95;906070;16198419.00
20120523;17.93;17.95;17.58;17.70;667357;11845371.00
20120524;17.70;18.66;17.53;18.36;2877550;52762492.00
20120525;18.25;18.25;17.81;17.86;1264620;22735328.00
20120528;17.70;17.70;17.01;17.48;1142410;19789130.00
20120529;17.64;18.08;17.40;17.77;1029944;18350362.00
20120530;17.77;18.02;17.75;17.87;866671;15500257.00
20120531;17.85;18.25;17.72;18.18;1216018;21978054.00
20120601;18.21;18.46;18.01;18.22;1123157;20469032.00
20120604;18.00;18.28;17.77;17.77;1319333;23806954.00
20120605;17.79;17.90;17.60;17.70;497590;8821473.00
20120606;17.83;17.98;17.61;17.72;620026;11030972.00
20120607;17.95;18.17;17.79;17.92;1025873;18451666.00
20120608;11.12;11.19;10.52;10.61;1765158;18962226.00
20120611;10.53;11.00;10.21;10.83;2135212;22778242.00
20120612;10.69;10.74;10.50;10.52;1001709;10603627.00
20120613;10.52;10.71;10.46;10.66;997439;10571030.00
20120614;10.68;10.70;10.48;10.50;714060;7553191.00
20120615;10.63;11.18;10.50;10.82;2308426;25070086.00
20120618;10.73;10.90;10.70;10.77;1406098;15165559.00
20120619;10.77;11.10;10.67;10.95;1929970;21066516.00
20120620;10.97;12.05;10.88;12.05;7816009;91350184.00
20120621;11.97;12.68;11.87;11.95;14335786;176496144.00
20120625;11.69;11.75;11.30;11.45;5421109;62099468.00
20120626;11.28;11.94;11.13;11.84;6286135;72573144.00
20120627;11.66;12.31;11.60;11.88;6684096;80387112.00
20120628;11.74;11.96;11.32;11.35;3974147;46067664.00
20120629;10.22;10.48;10.22;10.22;2100200;21471440.00
20120702;9.41;9.88;9.41;9.62;7558086;72685896.00
20120703;9.62;9.75;9.35;9.40;5336827;51011128.00
20120704;9.35;9.41;9.13;9.23;4270008;39452976.00
20120705;9.20;9.20;8.65;8.75;3682422;32488536.00
20120706;8.90;8.98;8.57;8.93;3160129;27835844.00
20120709;8.80;8.89;8.52;8.54;2698504;23452834.00
20120710;8.52;8.58;8.28;8.57;2053076;17286078.00
20120711;8.54;8.66;8.46;8.63;1580959;13541520.00
20120712;8.62;8.76;8.42;8.74;2495594;21547920.00
20120713;8.61;8.75;8.54;8.61;1561233;13476718.00
20120716;8.59;8.59;7.75;7.76;2790557;22603460.00
20120717;7.70;8.20;7.65;7.95;1974109;15747537.00
20120718;7.86;8.03;7.76;8.01;1284853;10184219.00
20120719;7.98;8.17;7.91;8.03;1625258;13118040.00
20120720;8.00;8.23;7.86;8.04;1657900;13454441.00
20120723;8.05;8.05;7.80;7.88;899233;7124415.50
20120724;7.82;8.14;7.80;8.03;1286068;10314353.00
20120725;7.95;8.14;7.95;7.99;1229160;9878738.00
20120726;8.04;8.07;7.86;7.88;1009177;8029402.50
20120727;7.91;7.99;7.81;7.99;969025;7659572.50
20120730;7.93;8.01;7.55;7.63;1274059;9871002.00
20120731;7.63;7.63;7.28;7.43;1147915;8550945.00
20120801;7.40;7.65;7.40;7.51;684532;5167416.50
20120802;7.53;8.26;7.45;8.11;5765942;46741808.00
20120803;7.90;8.10;7.85;8.08;3369826;26866566.00
20120806;8.02;8.20;7.84;8.15;2584041;20784122.00
20120807;8.16;8.48;8.07;8.32;4707168;39064348.00
20120808;8.28;8.92;8.19;8.79;7207302;61459792.00
20120809;8.72;8.84;8.45;8.69;4585420;39536720.00
20120810;8.64;8.78;8.50;8.50;2693437;23122584.00
20120813;8.45;8.45;7.95;8.04;2937959;24022714.00
20120814;8.04;8.19;7.80;8.14;2134625;17063478.00
20120815;8.05;8.22;8.04;8.05;1180029;9593265.00
20120816;8.01;8.12;7.94;7.99;758669;6095466.50
20120817;7.88;8.12;7.88;8.04;810822;6487541.50
20120820;7.95;8.05;7.83;7.98;845220;6701329.00
20120821;7.98;8.44;7.98;8.29;2247443;18572766.00
20120822;8.26;8.44;8.17;8.31;2060747;17145762.00
20120823;8.26;8.47;8.23;8.44;1937083;16241468.00
20120824;8.38;8.88;8.37;8.58;5004026;43141644.00
20120827;8.48;8.67;8.10;8.19;2128978;17605920.00
20120828;8.22;8.63;8.06;8.40;1613508;13504089.00
20120829;8.35;8.65;8.30;8.52;2348493;20067978.00
20120830;8.36;9.37;8.36;8.82;7642126;68381216.00
20120831;8.65;9.24;8.44;9.10;7526595;67127440.00
20120903;9.00;9.27;8.89;9.18;4391019;39969332.00
20120904;9.20;9.26;8.81;8.93;3489619;31450020.00
20120905;8.89;9.11;8.66;8.98;2861436;25412914.00
20120906;8.99;9.22;8.90;9.03;3522498;31984694.00
20120907;9.08;9.33;9.01;9.28;4763364;43762304.00
20120910;9.20;9.44;9.10;9.41;4228290;39296988.00
20120911;9.35;9.73;9.16;9.58;5317326;50673800.00
20120912;9.57;9.66;9.39;9.58;2991006;28400840.00
20120913;9.51;9.56;9.08;9.10;4070960;37693400.00
20120914;9.12;9.23;8.99;9.17;2058701;18817728.00
20120917;9.13;9.15;8.69;8.72;1935440;17222416.00
20120918;8.70;8.85;8.60;8.81;1300097;11406162.00
20120919;8.86;9.02;8.77;8.97;1685462;15079451.00
20120920;8.90;8.90;8.24;8.24;2203566;18795612.00
20120921;8.20;8.33;7.85;7.87;1828562;14741470.00
20120924;7.89;8.08;7.56;7.95;1243382;9735183.00
20120925;7.90;8.10;7.86;7.97;783153;6256788.00
20120926;7.88;7.96;7.48;7.49;1489268;11364659.00
20120927;7.48;7.83;7.48;7.68;1205173;9254655.00
20120928;7.62;7.86;7.62;7.84;973858;7595014.00
20121008;7.85;7.93;7.78;7.90;1542049;12057933.00
20121009;7.97;8.12;7.90;8.12;1650576;13267756.00
20121010;8.09;8.27;8.03;8.23;1766174;14419605.00
20121011;8.23;8.67;8.10;8.11;2798139;23470346.00
20121012;8.08;8.18;7.90;7.96;1598978;12826445.00
20121015;8.03;8.09;7.85;7.95;774162;6156225.50
20121016;7.88;8.06;7.88;7.93;935632;7472978.50
20121017;7.96;8.05;7.90;7.99;733330;5854614.50
20121018;8.01;8.13;7.99;8.05;1246175;10048646.00
20121019;8.07;8.86;8.00;8.86;7831159;68183072.00
20121022;8.75;8.94;8.55;8.91;7117153;62134128.00
20121023;8.86;8.86;8.66;8.68;3445412;30117676.00
20121024;8.59;8.74;8.44;8.54;2707894;23263260.00
20121025;8.53;9.09;8.45;8.85;5870150;51852156.00
20121026;8.80;8.84;8.17;8.27;3753045;31627776.00
20121029;8.10;8.50;7.98;7.99;2050959;16559447.00
20121030;7.95;8.02;7.78;7.80;1566370;12348705.00
20121031;7.80;7.96;7.75;7.85;1062679;8342271.00
20121101;7.82;8.13;7.82;8.08;1408239;11312319.00
20121102;8.07;8.18;8.02;8.11;1166448;9444569.00
20121105;8.13;8.13;7.93;8.00;1309075;10475418.00
20121106;8.00;8.14;7.82;7.97;1298696;10341944.00
20121107;7.93;8.13;7.88;8.09;1422139;11459898.00
20121108;8.00;8.05;7.68;7.68;1280487;10041786.00
20121109;7.64;7.80;7.60;7.73;643607;4948955.50
20121112;7.71;7.91;7.69;7.82;796852;6225815.50
20121113;7.82;8.33;7.70;8.09;3251200;26165388.00
20121114;7.98;8.04;7.76;7.93;1529651;12043070.00
20121115;7.88;8.02;7.79;7.82;1117665;8814789.00
20121116;7.77;7.90;7.77;7.81;895424;7003938.50
20121119;7.80;7.88;7.67;7.77;747615;5800237.00
20121120;7.79;8.27;7.72;7.97;2365652;19033796.00
20121121;7.88;8.18;7.88;8.15;2246083;18084368.00
20121122;8.16;8.25;7.98;8.20;2494493;20291056.00
20121123;8.12;8.20;8.02;8.13;1541613;12492794.00
20121126;8.12;8.12;7.80;7.80;1303599;10353073.00
20121127;7.55;7.76;7.35;7.39;1927139;14417691.00
20121128;7.34;7.44;7.01;7.08;1217552;8767288.00
20121129;7.13;7.19;6.85;6.91;741988;5229962.50
20121130;6.91;7.33;6.86;7.08;1262381;8970487.00
20121203;7.05;7.11;6.82;6.82;756488;5253939.50
20121204;6.82;6.92;6.56;6.91;810417;5470323.50
20121205;6.89;7.29;6.89;7.16;1314817;9407845.00
20121206;7.25;7.44;7.13;7.18;1195529;8684374.00
20121207;7.18;7.38;7.14;7.33;1205601;8794945.00
20121210;7.32;7.65;7.32;7.52;1428195;10675159.00
20121211;7.49;7.59;7.36;7.38;1207240;8995896.00
20121212;7.41;7.42;7.20;7.31;1014151;7390655.00
20121213;7.32;7.38;7.16;7.19;744307;5420307.00
20121214;7.19;7.49;7.15;7.46;1882998;13945098.00
20121217;7.46;7.75;7.45;7.59;2138081;16231912.00
20121218;7.55;7.68;7.45;7.58;1574672;11912719.00
20121219;7.53;7.74;7.53;7.62;1289372;9853957.00
20121220;7.68;7.83;7.50;7.65;1378655;10556908.00
20121221;7.61;7.71;7.52;7.54;1462852;11101977.00
20121224;7.52;7.60;7.46;7.58;1208242;9109231.00
20121225;7.59;7.77;7.55;7.72;2389405;18379016.00
20121226;7.67;7.90;7.65;7.85;2222593;17343926.00
20121227;7.90;7.95;7.69;7.69;2007250;15620757.00
20121228;7.67;7.84;7.66;7.79;1671106;12971540.00
20121231;7.83;7.87;7.72;7.83;1686561;13179132.00
20130104;7.92;8.05;7.73;7.77;2158796;16972182.00
20130107;7.72;7.95;7.68;7.93;2059146;16096905.00
20130108;7.94;8.15;7.83;8.14;3504719;28125306.00
20130109;8.14;8.17;7.93;7.98;2972375;23956264.00
20130110;8.04;8.73;8.01;8.38;6116006;51369960.00
20130111;8.26;8.50;8.21;8.26;4080374;34035188.00
20130114;8.12;8.45;8.03;8.44;3468546;28856708.00
20130115;8.45;8.99;8.38;8.81;6126478;53215780.00
20130116;8.75;8.78;8.36;8.60;3845722;33094306.00
20130117;8.73;9.01;8.48;8.56;3089089;26973736.00
20130118;8.44;8.59;8.33;8.52;2549514;21599112.00
20130121;8.52;8.59;8.43;8.48;1527153;12975525.00
20130122;8.48;8.88;8.40;8.42;3186539;27558318.00
20130123;8.43;8.53;8.11;8.35;2145382;17762732.00
20130124;8.35;8.43;7.91;7.97;2279738;18636020.00
20130125;8.09;8.12;7.92;8.01;1375115;11013772.00
20130128;8.02;8.18;7.95;8.17;1209978;9823149.00
20130129;8.17;8.25;8.16;8.20;1514515;12415251.00
20130130;8.24;8.33;8.18;8.32;1638574;13525440.00
20130131;8.29;8.29;8.09;8.10;1443205;11756986.00
20130201;8.08;8.22;8.04;8.16;1025017;8351740.00
20130204;8.15;8.23;8.00;8.03;1272856;10265435.00
20130205;8.04;8.12;8.00;8.12;742987;6001761.50
20130206;8.12;8.50;8.12;8.31;3205537;26878294.00
20130207;8.25;8.35;8.17;8.28;1381151;11409089.00
20130208;8.32;8.42;8.24;8.39;1325896;11080779.00
20130218;8.44;8.59;8.36;8.48;2019822;17076308.00
20130219;8.60;8.75;8.38;8.43;2084249;17760236.00
20130220;8.38;8.54;8.33;8.53;1714108;14499305.00
20130221;8.47;8.79;8.37;8.64;3806022;32758470.00
20130222;8.54;8.64;8.38;8.39;1921958;16352082.00
20130225;8.36;8.74;8.20;8.73;2572433;21796846.00
20130226;8.55;8.65;8.38;8.42;2624543;22360246.00
20130227;8.39;8.49;8.29;8.37;1355052;11348561.00
20130228;8.38;8.64;8.36;8.54;1864105;15858136.00
20130301;8.54;8.72;8.45;8.68;3076322;26463476.00
20130304;8.63;8.63;8.25;8.29;1945975;16408588.00
20130305;8.29;8.48;8.20;8.48;1197301;10035234.00
20130306;8.47;8.86;8.45;8.76;4561480;39807312.00
20130307;8.75;8.88;8.56;8.72;3653043;31951450.00
20130308;8.72;8.85;8.65;8.77;2200975;19263946.00
20130311;8.77;8.85;8.68;8.73;1724812;15113371.00
20130312;8.73;8.73;8.26;8.37;2392794;20309682.00
20130313;8.30;8.37;8.11;8.18;1179598;9676793.00
20130314;8.17;8.27;8.10;8.17;651085;5339668.50
20130315;8.15;8.32;8.09;8.13;1050188;8613665.00
20130318;8.12;8.29;8.01;8.01;1008599;8205330.00
20130319;8.05;8.17;7.90;8.01;986374;7904281.00
20130320;8.02;8.24;8.02;8.21;1138458;9264422.00
20130321;8.22;8.55;8.21;8.47;2036945;17036164.00
20130322;8.41;8.46;8.30;8.40;1141318;9571601.00
20130325;8.40;8.52;8.33;8.42;1142868;9622940.00
20130326;8.40;8.59;8.22;8.50;1630132;13719270.00
20130327;8.49;8.76;8.38;8.67;3576113;30763912.00
20130328;8.50;8.50;8.09;8.10;2591464;21299446.00
20130329;8.10;8.35;8.05;8.13;1247907;10249540.00
20130401;8.06;8.17;8.00;8.04;1182543;9559748.00
20130402;8.04;8.08;7.70;7.80;1632444;12853717.00
20130403;7.85;7.88;7.66;7.66;592126;4569508.00
20130408;7.61;7.65;7.41;7.60;732311;5520575.50
20130409;7.57;7.73;7.57;7.71;477554;3670498.50
20130410;7.71;8.08;7.70;7.87;1232519;9773792.00
20130411;7.91;7.95;7.75;7.77;784782;6133024.50
20130412;7.77;7.81;7.60;7.64;540063;4150995.50
20130415;7.68;7.69;7.42;7.51;509628;3837872.50
20130416;7.48;7.69;7.40;7.64;400456;3032305.50
20130417;7.67;7.78;7.65;7.70;446559;3446404.50
20130418;7.65;7.76;7.62;7.65;404989;3115501.75
20130419;7.65;7.86;7.64;7.80;545487;4248393.00
20130422;7.75;7.89;7.72;7.88;763746;5983924.00
20130423;7.80;7.86;7.52;7.56;707121;5428591.50
20130424;7.67;7.97;7.57;7.85;1104840;8633451.00
20130425;7.80;7.95;7.65;7.65;922056;7153411.00
20130426;7.66;7.70;7.50;7.52;640443;4858738.00
20130502;7.52;7.69;7.52;7.61;356415;2712357.75
20130503;7.61;7.79;7.61;7.76;503820;3905044.25
20130506;7.86;7.98;7.77;7.94;1075828;8530207.00
20130507;7.94;8.21;7.90;7.95;2458086;19916460.00
20130508;7.91;8.10;7.90;8.07;1357422;10876837.00
20130509;8.02;8.07;7.86;8.03;1607621;12817892.00
20130510;8.03;8.20;7.96;8.13;1625428;13168433.00
20130513;8.16;8.58;8.04;8.37;2884607;24012540.00
20130514;8.26;8.37;8.11;8.19;1539213;12630642.00
20130515;8.38;8.46;8.16;8.30;1644771;13661724.00
20130516;8.27;8.45;8.20;8.35;2338477;19546508.00
20130517;8.31;8.47;8.21;8.47;2379063;19910598.00
20130520;8.51;8.99;8.51;8.76;5153331;45313400.00
20130521;8.76;9.04;8.76;8.98;5551297;49586016.00
20130522;9.07;9.49;8.79;8.82;5930412;53932908.00
20130523;8.72;9.22;8.62;8.93;4270881;38111564.00
20130524;8.89;9.43;8.88;9.42;5616489;51758660.00
20130527;9.70;9.87;9.37;9.37;7216115;69153576.00
20130528;9.40;9.62;9.13;9.34;4294374;40060032.00
20130529;9.30;9.54;9.15;9.50;3854821;36020288.00
20130530;9.32;9.33;9.11;9.17;3183032;29254816.00
20130531;9.15;9.28;8.86;8.88;3132960;28466642.00
20130603;8.86;8.97;8.66;8.80;2696343;23687268.00
20130604;8.80;8.80;8.50;8.58;2136607;18440348.00
20130605;8.58;8.70;8.51;8.67;1500785;12959413.00
20130606;8.58;8.68;8.46;8.48;1412054;12117996.00
20130607;8.48;8.59;8.20;8.23;1478188;12341965.00
20130613;8.18;8.18;7.82;7.98;1432937;11378801.00
20130614;7.98;8.16;7.98;8.08;1216160;9836751.00
20130617;8.14;8.22;7.95;8.10;1553733;12605078.00
20130618;8.11;8.31;8.02;8.24;1524673;12469675.00
20130619;8.19;8.19;8.00;8.15;1132126;9132458.00
20130620;8.11;8.15;7.85;7.86;1303600;10456043.00
20130621;7.50;7.80;7.48;7.65;1030328;7886922.50
20130624;7.62;7.86;7.21;7.34;1998416;15265007.00
20130625;7.34;7.50;6.70;7.44;1843228;13191921.00
20130626;7.32;7.82;7.26;7.77;2355126;17976570.00
20130627;7.76;7.98;7.60;7.62;2655255;20697024.00
20130628;7.69;7.74;7.44;7.56;1067954;8080118.00
20130701;7.54;7.69;7.30;7.68;1068847;8035282.00
20130702;7.68;7.81;7.59;7.79;1394075;10749302.00
20130703;7.79;7.79;7.46;7.76;1631077;12498442.00
20130704;7.69;7.94;7.58;7.87;2173576;17050280.00
20130705;7.82;7.89;7.67;7.69;1394511;10856210.00
20130708;7.66;7.66;7.18;7.24;1860616;13612145.00
20130709;7.20;7.31;7.13;7.30;994317;7186649.50
20130710;7.22;7.45;7.22;7.45;1098826;8092698.50
20130711;7.45;7.83;7.39;7.80;1985073;15243097.00
20130712;7.76;7.92;7.67;7.71;1595945;12438502.00
20130715;7.72;8.10;7.72;8.08;2548101;20364362.00
20130716;8.08;8.38;8.02;8.28;2888339;23626616.00
20130717;8.30;8.30;8.02;8.06;1729415;14120792.00
20130718;8.12;8.69;7.98;8.47;3750033;31361912.00
20130719;8.45;9.15;8.37;8.80;7228721;63922640.00
20130722;8.68;9.60;8.58;9.24;6416419;58349656.00
20130723;9.19;9.49;8.80;9.43;7235208;66348344.00
20130724;9.29;9.72;9.09;9.42;6073466;57088236.00
20130725;9.38;9.38;8.67;8.80;5242333;47135156.00
20130726;8.80;9.32;8.57;9.30;4336263;38866424.00
20130729;9.35;9.59;9.03;9.49;5944534;55438392.00
20130730;9.40;9.45;8.81;8.94;3396936;30940964.00
20130731;9.20;9.83;9.00;9.83;10202819;99017208.00
20130801;10.00;10.81;9.92;10.81;17159866;178492560.00
20130802;11.40;11.89;11.24;11.89;19461829;228616064.00
20130805;11.51;11.61;11.28;11.59;17109776;195842960.00
20130806;11.44;12.35;11.31;12.00;22285147;264789968.00
20130807;11.71;11.85;11.28;11.55;14897897;170446336.00
20130808;11.40;11.59;11.05;11.20;11225539;127469744.00
20130809;11.10;11.36;10.55;11.00;9967454;109595248.00
20130812;11.01;11.45;10.85;11.38;9383686;104185128.00
20130813;11.26;11.56;11.10;11.46;7847522;89240064.00
20130814;11.40;11.99;11.06;11.49;13551266;157442256.00
20130815;11.50;11.56;11.07;11.10;7285621;82430560.00
20130816;10.93;12.00;10.63;11.12;13476926;153628160.00
20130819;10.87;11.76;10.73;11.62;9846725;111871488.00
20130820;11.42;12.62;11.40;12.25;14840940;179469408.00
20130821;12.07;13.48;11.82;13.48;16325404;212264208.00
20130822;13.19;14.80;13.00;14.31;18698066;265017872.00
20130823;14.31;14.31;13.05;13.60;13439018;183239456.00
20130826;13.50;13.88;13.27;13.66;8435206;114179312.00
20130827;13.58;14.84;13.05;14.42;15640976;217149072.00
20130828;14.00;14.36;13.39;13.52;10689702;149106752.00
20130829;13.23;13.53;13.05;13.20;5418980;71831264.00
20130830;13.13;13.13;11.88;11.99;8854328;109924848.00
20130902;11.72;12.46;11.72;12.16;4040177;49110160.00
20130903;12.20;13.10;12.10;13.01;7648922;97178056.00
20130904;12.90;13.09;12.60;12.62;5772831;73755816.00
20130905;12.64;13.15;12.48;12.86;5837615;75050624.00
20130906;12.70;13.00;12.55;12.72;4669413;59578592.00
20130909;12.73;12.73;12.15;12.31;5095190;62898980.00
20130910;12.40;12.48;12.00;12.11;4805545;58457848.00
20130911;12.00;12.00;11.38;11.58;5794352;67282360.00
20130912;11.55;11.88;11.50;11.68;3445268;40323620.00
20130913;11.70;12.38;11.46;12.24;6402977;76960224.00
20130916;12.20;12.45;11.91;12.18;4503258;54782716.00
20130917;12.10;12.44;11.92;12.12;4586354;56082264.00
20130918;12.00;12.23;11.91;12.15;3195576;38583980.00
20130923;12.18;12.54;12.18;12.43;4142019;51455668.00
20130924;12.41;12.80;12.24;12.66;5389905;67812448.00
20130925;12.66;12.66;12.08;12.15;4569153;56067100.00
20130926;12.08;12.28;11.68;11.70;2829740;33912908.00
20130927;11.52;11.94;11.45;11.54;2048333;23863346.00
20130930;11.93;12.35;11.82;12.10;3429394;41444800.00
20131008;12.12;13.31;12.07;13.31;9415570;121831872.00
20131009;13.60;14.42;13.30;13.55;13909842;191269936.00
20131010;13.48;14.21;13.23;13.45;9835347;135245968.00
20131011;13.47;13.80;13.15;13.65;7244977;96659176.00
20131014;14.94;15.02;13.98;15.01;17032540;250397440.00
20131015;14.55;14.80;14.00;14.20;8581426;124054256.00
20131016;14.07;14.10;13.18;13.42;5039219;68325904.00
20131017;13.52;14.27;13.51;13.60;4795179;66463880.00
20131018;13.58;14.31;13.36;14.31;6181287;87238320.00
20131021;14.51;14.86;14.15;14.54;7409561;107766856.00
20131022;14.75;14.79;13.90;13.92;5743787;81473104.00
20131023;13.92;14.00;12.86;13.22;3388616;45363992.00
20131024;13.20;13.68;12.96;13.22;2480733;33056222.00
20131025;13.23;13.37;11.95;12.26;4031994;50412836.00
20140110;11.78;12.30;11.03;11.36;5875066;67776152.00
20140113;11.47;11.68;11.36;11.59;3143778;36186580.00
20140114;11.55;12.40;11.50;12.34;3209847;38823396.00
20140115;12.27;13.11;12.12;12.97;3735458;47522760.00
20140116;12.95;13.29;12.55;12.73;3042176;39153172.00
20140117;12.70;13.70;12.63;13.45;3880031;51388096.00
20140120;13.45;13.85;13.10;13.50;3478110;46829172.00
20140121;13.40;13.79;13.21;13.68;3008376;40626440.00
20140122;13.60;13.82;13.49;13.69;3614464;49382328.00
20140123;13.69;14.20;13.60;13.88;3695374;51620612.00
20140124;13.96;14.28;13.82;14.04;3623686;51139324.00
20140127;14.00;14.99;13.90;14.44;5766704;83847496.00
20140128;14.47;14.58;13.90;14.25;4031467;57316276.00
20140129;14.30;15.67;14.10;15.51;7519920;112592192.00
20140130;15.10;15.39;14.66;14.81;5324206;80093240.00
20140207;14.80;15.50;14.80;15.26;3388149;51410884.00
20140210;15.30;16.20;15.30;15.50;4418434;69357056.00
20140211;16.17;16.97;15.97;16.06;8780412;143482128.00
20140212;16.00;16.25;15.66;16.11;4802072;76774112.00
20140213;16.06;16.57;15.31;15.40;5177599;83193880.00
20140214;15.55;16.08;15.28;15.89;3979581;62503472.00
20140217;16.09;16.77;16.01;16.68;5475083;89629152.00
20140218;16.70;16.84;16.18;16.43;3932576;64876208.00
20140219;16.32;16.50;15.82;16.05;3924263;63272704.00
20140220;15.98;16.05;15.10;15.51;3231917;50336360.00
20140221;15.45;16.47;15.41;16.01;5124956;82100624.00
20140224;16.00;16.00;15.48;15.81;2940201;46114292.00
20140225;15.85;16.44;14.64;14.79;6972736;110055792.00
20140226;14.52;14.58;13.70;14.43;4773683;67811416.00
20140227;14.48;15.05;14.32;14.35;4673433;68880032.00
20140228;14.69;14.85;14.01;14.65;2735535;39862468.00
20140303;14.40;15.07;14.31;15.06;3052695;45307672.00
20140304;14.88;15.06;14.58;14.89;2605301;38598292.00
20140305;14.91;15.20;14.83;14.90;2287748;34384872.00
20140306;14.80;14.84;14.30;14.59;1900413;27654088.00
20140307;14.61;14.71;14.00;14.17;2638662;37901044.00
20140310;13.98;13.99;13.01;13.22;3369796;45355992.00
20140311;13.22;13.46;13.05;13.26;1673492;22213114.00
20140312;13.20;13.40;12.50;13.04;1528648;19914556.00
20140313;13.04;13.38;13.03;13.29;1343650;17765512.00
20140314;13.20;13.46;13.18;13.40;1391714;18599776.00
20140317;13.38;14.74;13.38;14.74;4913241;70650512.00
20140318;15.13;15.95;15.02;15.69;7568326;117971944.00
20140319;15.70;16.20;15.46;15.69;4838695;76207256.00
20140320;15.73;16.08;15.18;15.38;4851236;75658096.00
20140321;15.02;15.88;14.79;15.74;4718945;72381000.00
20140324;15.74;17.31;15.74;17.31;8726206;147873520.00
20140325;16.81;19.04;16.10;18.13;16245173;293367360.00
20140326;18.80;19.94;18.32;19.94;13263019;252727968.00
20140327;19.90;21.79;19.58;20.13;16279644;335537024.00
20140328;19.80;20.40;18.39;18.90;15204106;291737248.00
20140331;18.80;19.35;17.86;18.18;9261642;172435616.00
20140401;18.31;19.33;18.17;19.00;10130176;190523440.00
20140402;18.77;18.91;17.23;18.19;11014758;197795536.00
20140403;18.06;18.66;17.65;18.38;8434603;152679344.00
20140404;18.04;18.15;17.50;18.08;6060973;108524528.00
20140408;17.91;18.57;17.39;18.52;6739960;120919024.00
20140409;18.40;19.55;18.26;18.92;10312332;196157344.00
20140410;18.60;19.84;18.32;19.15;10402156;199660192.00
20140411;18.75;18.93;17.90;18.11;4940833;91365688.00
20140414;18.06;18.70;17.89;18.45;4172076;76224360.00
20140415;18.30;19.78;18.06;19.66;8832889;170587072.00
20140416;19.45;19.87;19.00;19.47;5305052;102537016.00
20140417;19.37;19.47;18.60;18.67;4420540;84012968.00
20140418;18.49;18.64;18.18;18.35;3399918;62538376.00
20140421;18.38;19.06;18.21;18.44;3717805;69406968.00
20140422;18.25;18.39;17.00;17.40;4519499;79501784.00
20140423;17.43;17.63;16.97;17.12;2586965;44418060.00
20140424;17.10;17.25;16.91;17.17;2045844;34949192.00
20140425;17.20;17.23;16.54;16.63;2804586;46954116.00
20140428;16.32;16.51;15.01;15.30;4084868;63831868.00
20140429;15.30;15.75;15.10;15.68;2010932;31027642.00
20140430;15.68;16.90;15.55;16.52;2606990;42394552.00
20140505;16.53;16.87;16.40;16.73;1476915;24594084.00
20140506;16.57;17.09;16.57;16.81;1680583;28273094.00
20140507;16.81;16.81;16.05;16.28;1719135;28188086.00
20140508;16.16;16.55;15.81;16.00;1429354;23066822.00
20140509;16.06;16.08;15.23;15.54;1934739;30165794.00
20140512;15.78;16.70;15.41;16.64;2321153;37608288.00
20140513;16.66;16.88;16.39;16.70;1812250;30024136.00
20140514;16.68;16.79;16.48;16.50;875132;14529379.00
20140515;16.51;16.65;15.81;16.09;1343585;21862940.00
20140516;15.92;15.98;15.64;15.98;1215872;19273110.00
20140519;15.77;16.15;15.52;16.14;996236;15839445.00
20140520;16.29;17.75;16.29;17.75;4630795;79111976.00
20140521;18.35;19.53;18.26;19.53;10900952;206912880.00
20140522;19.30;19.45;18.58;18.80;9639205;182659744.00
20140523;18.50;20.56;18.30;19.56;11345275;219947104.00
20140526;19.12;19.86;18.83;19.20;7556436;145436320.00
20140527;19.18;19.60;18.76;18.85;5752825;109990072.00
20140528;18.72;20.48;18.66;20.13;10720569;212501664.00
20140529;20.13;20.34;19.09;19.80;10803046;212912768.00
20140530;19.26;19.90;18.85;19.29;8147704;158179296.00
20140603;19.00;19.49;18.35;19.41;5670529;107504008.00
20140604;19.41;20.33;19.02;19.56;6649596;130950744.00
20140605;19.48;21.28;18.80;20.86;10621957;214004608.00
20140606;20.68;20.96;20.16;20.48;6951025;143084400.00
20140609;20.00;20.51;19.50;20.06;4375970;87490424.00
20140610;19.73;21.70;19.73;21.14;8971763;187448464.00
20140611;20.90;21.20;20.20;20.42;6335354;130932664.00
20140612;20.09;21.70;19.99;21.06;6901199;144113840.00
20140613;20.85;21.70;20.40;20.90;6422933;135090704.00
20140616;20.94;22.99;20.61;22.99;7797210;172076208.00
20140617;23.68;25.10;23.30;24.11;11607378;279663648.00
20140618;24.10;26.50;23.41;26.05;12839064;323141376.00
20140619;25.10;25.44;23.45;23.45;9845053;239291408.00
20140620;23.35;24.35;22.60;23.81;7405265;174763152.00
20140623;23.52;24.96;23.18;24.21;6968042;168905712.00
20140624;23.61;25.46;23.61;25.17;8002257;199358544.00
20140625;24.82;25.08;23.62;24.22;5680174;137840304.00
20140626;24.08;25.38;24.05;24.98;5675592;140818304.00
20140627;24.89;25.00;24.11;24.16;5647073;138188848.00
20140630;23.87;24.60;23.71;23.86;4251735;102038088.00
20140701;23.92;24.29;23.31;24.00;3892386;92664200.00
20140702;23.85;24.33;23.46;23.95;3787529;90274152.00
20140703;23.94;23.94;23.22;23.25;3595050;84190408.00
20140704;23.27;24.00;23.27;23.64;3160610;74765328.00
20140707;23.65;23.72;22.52;22.64;4630174;105995392.00
20140708;22.58;23.29;22.32;22.90;3408702;78332200.00
20140709;22.67;22.87;21.70;21.78;4334640;96208560.00
20140710;21.75;22.10;21.08;21.28;2363983;51218756.00
20140711;21.28;21.79;21.21;21.51;2506862;54056872.00
20140714;21.56;22.19;21.56;21.84;2682867;58744848.00
20140715;21.88;21.89;20.95;21.19;2450304;52052588.00
20140716;21.19;21.60;20.43;21.57;3229630;68281056.00
20140717;21.32;21.56;20.86;21.10;1630515;34569376.00
20140718;20.71;21.52;20.71;20.97;1395581;29633424.00
20140721;20.95;20.95;20.29;20.65;1697433;34894328.00
20140910;22.72;22.72;22.72;22.72;112695;2560430.50
20140911;24.99;24.99;24.99;24.99;368832;9217112.00
20140912;27.49;27.49;27.48;27.49;5335042;146660288.00
20140915;28.50;30.21;27.02;29.71;16213568;458823968.00
20140916;28.80;32.00;28.40;30.38;14865882;450097024.00
20140917;29.81;31.22;28.55;29.91;6764073;202329184.00
20140918;30.48;32.90;29.88;32.90;9881866;314082144.00
20140919;33.81;35.95;32.00;33.95;9958194;336635648.00
20140922;33.50;33.69;32.10;33.00;7993100;263339392.00
20140923;32.90;33.32;31.85;32.95;5159754;168272608.00
20140924;32.60;34.38;32.30;32.80;6298461;209863072.00
20140925;32.35;33.20;32.11;32.52;4562530;148364976.00
20140926;32.41;32.42;30.89;31.60;4368898;138181904.00
20140929;31.66;32.34;31.37;31.97;2844482;90790856.00
20140930;31.70;33.23;31.33;33.13;4349175;140998032.00
20141008;33.03;33.31;32.26;32.40;4791598;156429712.00
20141009;32.40;32.75;31.00;31.38;4482986;141480976.00
20141010;31.39;31.87;30.62;31.60;3525211;109856120.00
20141013;31.56;31.56;30.45;31.17;1969974;60846676.00
20141014;30.90;31.46;30.62;30.72;2153827;66673820.00
20141015;30.79;31.35;30.32;31.25;2062192;63994812.00
20141016;30.91;32.93;30.12;31.72;5088805;163189072.00
20141017;31.20;31.68;30.20;30.90;1899869;58748808.00
20141020;30.92;32.80;30.54;32.39;3343676;106728008.00
20141021;32.01;32.50;30.91;31.00;2255043;71082520.00
20141022;31.02;31.12;29.96;30.01;2193799;66710960.00
20141023;29.80;29.97;27.31;28.25;3562051;101721592.00
20141024;28.35;29.22;27.77;28.03;3330661;94788992.00
20141027;28.10;28.68;27.35;28.01;3028418;84177160.00
20141028;28.17;29.09;28.03;28.88;3939487;112327048.00
20141029;29.21;30.78;28.88;30.78;4478936;134605504.00
20141030;31.10;31.26;30.25;31.13;3760827;115792968.00
20141031;31.13;31.60;29.97;30.50;3077342;94365120.00
20141103;30.49;31.15;29.80;30.36;2168613;65804496.00
20141104;30.23;30.23;29.00;29.05;2036556;60253408.00
20141105;28.98;29.75;28.67;29.34;1699919;49789128.00
20141106;30.51;32.27;30.50;30.85;6725124;209875376.00
20141107;30.00;32.34;29.75;31.15;5376728;168745840.00
20141110;30.72;31.27;30.00;30.45;2364672;72159952.00
20141111;30.38;30.88;28.30;28.54;2973796;86916432.00
20141112;28.59;29.58;28.52;29.05;1423345;41469648.00
20141113;29.00;29.37;28.00;28.51;1580335;45017060.00
20141114;28.28;28.82;28.28;28.78;1530224;43629172.00
20141117;28.78;30.13;28.35;29.51;2052693;60538432.00
20141118;29.30;29.77;28.52;29.17;1930949;55794552.00
20141119;29.00;30.44;28.49;30.11;4521925;134367712.00
20141120;29.84;31.27;29.50;31.10;4827091;147605616.00
20141121;31.05;32.05;30.55;31.50;5007158;157180912.00
20141124;31.69;32.90;30.70;31.15;2778240;87466336.00
20141125;30.89;33.98;30.89;33.40;6475928;211405008.00
20141126;33.32;35.21;32.80;34.10;6450081;220705200.00
20141204;36.00;37.40;34.62;35.00;5770570;208683024.00
20141205;35.00;35.25;31.50;32.90;5337728;177641952.00
20141208;32.10;32.10;29.61;29.61;7142508;214451888.00
20141209;28.40;29.30;26.70;26.75;6890230;190581296.00
20141210;26.74;28.78;26.74;28.05;5352988;150038384.00
20141211;27.90;28.97;27.60;28.54;2968893;84286232.00
20141212;28.54;28.99;28.15;28.88;3381947;96769968.00
20141215;28.70;31.77;28.51;31.77;6357403;193471248.00
20141216;32.50;33.51;31.03;32.50;6311120;205598000.00
20141217;32.00;33.50;31.00;33.07;4941743;161028672.00
20141218;33.07;33.07;31.63;31.70;3186636;102293816.00
20141219;31.56;31.56;29.00;30.17;3900454;116688344.00
20141222;29.04;29.74;27.15;27.19;3988604;110312256.00
20141223;27.19;28.20;25.91;26.29;2946052;80042632.00
20141224;26.24;28.77;26.13;28.65;3122177;86427576.00
20141225;28.67;30.00;28.67;29.09;2925459;85998760.00
20141226;29.00;29.18;28.08;29.10;2155135;61385992.00
20141229;28.89;28.89;27.00;27.85;1600017;44887788.00
20141230;27.71;27.71;26.45;26.67;1713888;46391624.00
20141231;26.72;27.65;26.72;27.02;1434767;39053220.00
20150105;27.40;27.80;25.96;27.58;3108936;84378904.00
20150106;27.52;29.15;26.91;28.72;3702140;104853776.00
20150107;28.51;28.99;27.91;28.88;2008632;57098704.00
20150108;28.78;29.78;28.50;29.00;3065737;89661464.00
20150109;28.71;30.45;28.50;29.46;3107282;92253112.00
20150112;28.88;30.30;28.87;29.78;2626915;78417984.00
20150113;29.78;31.98;29.32;31.15;5300676;165355888.00
20150114;31.05;31.28;28.42;28.45;3716090;110687840.00
20150115;28.38;29.45;27.70;28.46;2382126;68481544.00
20150116;28.40;31.31;28.20;31.31;4641198;139952496.00
20150119;30.95;34.09;30.50;33.50;9455275;312562752.00
20150120;33.50;36.07;32.50;35.45;6596030;230213792.00
20150121;35.22;35.69;34.03;35.30;4978666;173561392.00
20150122;35.26;36.17;34.72;35.44;4196216;148818272.00
20150123;35.30;35.30;33.10;33.36;4403136;149293520.00
20150126;33.08;36.17;33.08;35.70;4092198;142631920.00
20150127;35.65;39.27;35.40;39.27;8185067;307596320.00
20150128;39.27;42.00;38.04;38.67;6859266;274078912.00
20150129;38.81;41.00;37.36;40.23;4395614;171653456.00
20150130;39.70;41.00;36.71;36.73;3880484;150286912.00
20150202;36.74;39.10;36.37;37.36;3448168;130101320.00
20150203;37.48;40.95;36.80;39.95;4900043;194029392.00
20150204;39.76;42.18;39.33;41.11;4838057;198680224.00
20150205;41.11;42.86;39.00;39.96;4546021;187598416.00
20150206;40.10;41.45;39.50;40.10;3128462;126417048.00
20150413;44.11;44.11;44.11;44.11;41280;1820860.75
20150414;48.52;48.52;48.52;48.52;35792;1736627.88
20150415;53.37;53.37;52.71;53.37;1975119;105406368.00
20150416;58.60;58.71;53.47;58.71;6826190;388180864.00
20150417;61.90;64.50;56.00;56.60;8555039;517766240.00
20150420;56.45;56.45;51.03;52.14;7442545;398202976.00
20150421;51.51;57.35;51.50;57.35;2459504;135343984.00
20150422;63.00;63.09;59.89;63.09;4156558;258107456.00
20150423;65.00;69.40;63.85;69.40;8922865;602455360.00
20150424;69.00;76.34;64.72;75.90;6126844;432179904.00
20150427;76.50;77.86;72.48;73.30;4511691;336860992.00
20150428;71.30;72.60;67.55;68.06;3431456;238109088.00
20150429;68.17;74.87;67.26;74.87;2206605;159731680.00
20150430;80.30;82.00;77.09;77.09;4065787;323518176.00
20150504;73.30;84.80;71.29;84.20;5213399;411304256.00
20150505;82.41;88.32;79.02;80.99;2868076;239361664.00
20150506;80.38;86.50;80.00;81.60;2828296;237162176.00
20150507;80.00;84.00;76.58;77.04;2539546;202941856.00
20150508;79.00;84.74;77.51;84.74;3850632;316355840.00
20150511;85.00;92.88;84.01;89.00;3321482;297259104.00
20150512;88.90;91.99;85.00;89.24;3781501;331975520.00
20150513;85.89;89.81;83.98;84.75;2588822;223275648.00
20150514;85.95;89.24;84.76;85.20;2302347;198896832.00
20150515;84.50;87.00;78.80;82.18;3278447;270737088.00
20150518;82.30;85.00;79.50;84.61;4729903;387988000.00
20150519;84.70;85.00;80.00;83.47;2962785;245991456.00
20150520;83.49;91.82;82.66;91.82;3748068;335936928.00
20150521;96.00;101.00;94.50;101.00;5107122;508586592.00
20150522;100.00;101.00;92.00;94.08;4758413;455070208.00
20150525;90.00;96.25;88.00;92.98;2857245;265112704.00
20150526;92.90;97.20;91.00;95.00;2560285;242064688.00
20150527;95.11;101.60;92.50;100.00;3732413;362018784.00
20150528;99.00;99.04;90.00;90.00;3498501;329150112.00
20150529;88.49;94.22;81.00;91.99;3108244;277729120.00
20150601;91.87;98.50;90.01;96.00;2945867;282533856.00
20150602;96.04;105.00;96.04;105.00;3571218;360282016.00
20150603;104.00;106.99;98.00;100.99;3948538;400193056.00
20150604;99.00;104.19;92.50;102.70;2941385;297662368.00
20150605;105.50;112.86;102.50;105.00;3452019;369469408.00
20150608;101.01;103.38;94.50;95.01;3217682;311907072.00
20150609;94.00;97.80;85.80;91.49;2901592;263636144.00
20150610;89.90;95.03;88.01;93.44;4428689;406794176.00
20150611;93.30;93.30;89.26;90.04;3243356;293228000.00
20150612;91.00;98.00;90.50;95.20;5233552;496739104.00
20150615;95.21;96.00;89.05;89.40;2941320;267115808.00
20150616;88.80;88.80;80.46;80.46;5131798;422482272.00
20150617;82.00;84.50;80.50;83.95;2679987;222167600.00
20150618;82.00;88.47;77.50;78.50;2936861;242043520.00
20150619;77.40;77.40;71.80;73.99;2843590;210413248.00
20150623;73.50;76.80;66.59;75.00;2906536;207309856.00
20150624;75.98;76.37;67.80;71.00;5396630;381466976.00
20150625;71.00;71.00;63.81;63.81;5064202;337694272.00
20150626;59.34;60.19;57.43;57.43;2403641;139881728.00
20150629;57.00;57.00;51.69;51.69;3169525;166366224.00
20150630;46.52;54.45;46.52;53.50;8054988;404189824.00
20150701;53.00;55.32;48.15;48.15;8993028;469667584.00
20150702;44.88;46.80;43.34;43.34;7744045;342166720.00
20150703;39.01;46.22;39.01;40.06;11965081;496313984.00
20150706;44.07;44.07;36.05;36.05;13350397;528577824.00
20150707;33.88;33.89;32.45;32.45;3835000;124838288.00
20150714;35.70;35.70;35.70;35.70;102005;3641578.50
20150715;39.27;39.27;37.52;39.27;21437124;835409216.00
20150716;37.78;42.99;35.34;41.63;15817185;631582976.00
20150717;42.01;45.79;41.63;45.79;11714545;524455200.00
20150720;47.00;50.37;46.01;50.37;13959357;687306368.00
20150721;50.00;53.02;47.55;50.19;13012176;658471168.00
20150722;49.00;52.30;48.50;51.38;9627564;487306592.00
20150723;50.88;54.99;50.01;53.98;9294068;484087264.00
20150724;54.50;55.00;50.18;51.17;9709515;517796416.00
20150727;49.93;51.00;46.05;46.05;12059608;581191616.00
20150728;41.50;45.37;41.45;41.45;12593917;529838304.00
20150729;42.11;45.60;38.70;45.60;11604406;481446848.00
20150730;45.53;47.70;42.03;42.34;12165000;549473600.00
20150731;40.10;42.71;39.11;40.30;7452866;306037152.00
20150803;38.42;39.50;36.27;36.27;7563634;281015200.00
20150804;36.78;39.90;36.36;39.90;8411309;322850624.00
20150805;40.51;42.80;39.80;40.36;11981215;491589984.00
20150806;38.33;42.70;38.20;41.12;10051566;407746400.00
20150807;41.50;45.23;41.20;45.23;16414108;727515968.00
20150810;46.60;49.75;46.05;48.53;16188038;773713088.00
20150811;47.90;50.85;47.49;49.28;13774516;675006464.00
20150812;48.04;49.96;46.50;46.50;9599260;460761504.00
20150813;46.00;49.30;45.20;49.21;10200223;480804864.00
20150814;49.99;50.80;48.16;48.16;11585239;574237312.00
20150817;47.00;47.95;46.12;47.23;8524273;400623680.00
20150818;47.00;49.50;42.51;42.72;12071507;565890752.00
20150819;40.30;45.20;39.00;44.79;9395630;395028544.00
20150820;44.00;49.27;43.69;47.47;18426384;879090368.00
20150821;46.00;46.59;42.72;42.72;11390531;501752832.00
20150824;39.51;40.30;38.45;38.45;4219174;163496560.00
20150825;34.61;36.58;34.61;34.61;4694885;163571120.00
20150826;33.00;36.00;31.15;31.15;8772774;296107840.00
20150827;31.91;33.34;28.52;32.57;8449551;265317808.00
20150828;33.50;35.52;32.10;35.52;8822206;295768640.00
20150831;35.09;35.10;31.97;31.97;7864282;263245680.00
20150901;31.76;31.76;28.77;28.77;6378392;187640800.00
20150902;26.51;30.49;26.50;27.45;6704971;189909376.00
20150907;28.60;30.20;28.60;30.20;10600376;317843168.00
20150908;29.89;33.22;28.88;33.22;10905593;335084320.00
20150909;33.22;35.53;32.88;35.00;12034781;417718688.00
20150910;33.91;35.19;33.25;33.57;7587931;260385424.00
20150911;34.24;35.46;34.13;34.65;7842768;273804768.00
20150921;33.00;36.99;32.50;36.69;9211353;327786656.00
20150922;36.58;37.00;34.88;35.41;9462578;338800576.00
20150923;34.50;35.76;34.01;34.89;7611817;265854400.00
20150924;35.00;36.20;34.70;35.12;6019484;213334128.00
20150925;35.28;35.98;32.73;33.00;6887709;235972480.00
20150928;33.11;35.79;32.60;35.56;6133993;210670464.00
20150929;34.70;35.14;33.80;34.15;4751050;163659536.00
20150930;34.48;35.50;33.80;34.71;4857897;168578208.00
20151008;36.55;38.18;36.02;38.18;8916731;335442240.00
20151009;38.10;38.80;37.54;38.45;8000218;305722880.00
20151012;39.05;41.98;38.66;41.10;8236905;335758272.00
20151013;41.10;43.36;40.28;42.75;7612074;323207904.00
20151014;42.55;42.55;41.33;41.41;6611919;276229568.00
20151015;41.20;45.55;41.01;45.55;9474661;419308416.00
20151016;46.00;48.16;45.50;47.52;11635302;545527616.00
20151019;47.68;47.75;44.00;45.40;9933168;456399840.00
20151020;45.15;49.07;44.50;48.77;10287595;486824608.00
20151021;48.33;49.05;43.89;43.89;10159401;470722496.00
20151022;43.89;47.14;43.88;46.57;8394487;383607040.00
20151023;47.01;51.23;44.99;51.23;13672090;660441024.00
20151026;51.80;55.25;50.62;52.80;11127589;589707776.00
20151027;51.15;54.60;49.00;53.50;8382195;437017824.00
20151028;52.55;53.97;50.08;50.40;6219641;323748832.00
20151029;51.05;53.00;50.08;50.80;5674658;291491040.00
20151030;50.80;53.65;49.51;51.24;5947167;308620704.00
20151102;49.50;52.35;47.50;48.52;7763187;385445888.00
20151103;48.57;49.68;46.75;47.00;7530001;358988192.00
20151104;47.48;51.70;47.30;51.70;11309892;567771136.00
20151105;53.00;53.25;49.38;50.96;9149425;470427072.00
20151106;50.60;55.60;50.15;55.00;9137261;491926176.00
20151109;55.59;60.50;55.00;60.50;9569709;554599808.00
20151110;61.88;62.50;59.03;60.68;9206025;559120960.00
20151111;60.74;66.75;59.59;66.50;7992737;505050272.00
20151112;65.50;65.90;62.18;63.97;8460276;542523712.00
20151113;62.50;62.64;57.88;59.90;7882260;478762240.00
20151116;58.00;65.89;57.59;65.89;8760839;546906816.00
20151117;66.06;69.80;62.00;63.00;12034744;796357824.00
20151118;61.91;68.52;61.51;66.10;11203026;731719360.00
20151119;66.10;69.00;63.91;68.02;7942067;533323424.00
20151120;68.60;71.77;67.27;67.82;6638496;458512736.00
20151123;66.80;67.30;61.80;62.29;8162387;527342080.00
20151124;62.60;64.00;61.00;63.81;5398468;339885984.00
20151125;63.39;67.15;62.40;66.95;7955512;514945152.00
20151126;66.76;66.94;63.18;64.02;6761543;437791200.00
20151127;63.00;64.60;58.00;59.00;7711866;472967808.00
20151130;59.00;59.85;53.57;59.08;6652084;381794080.00
20151201;59.10;62.99;57.40;61.30;7258788;435712448.00
20151202;60.38;60.50;55.68;57.05;5988450;347798336.00
20151203;56.70;59.78;56.70;59.12;4587311;269909568.00
20151204;59.40;65.03;59.19;65.03;14148888;899693120.00
20151207;65.68;71.53;65.68;71.53;15098747;1050011392.00
20151208;70.00;78.60;69.58;74.88;11503559;860121408.00
20151209;74.06;79.58;71.39;77.00;10132415;771244416.00
20151210;75.49;77.88;72.80;75.12;7177267;539984960.00
20151211;74.00;76.98;71.28;71.90;5307737;391092480.00
20151214;70.60;72.28;67.98;71.30;7028424;487880768.00
20151215;71.00;77.15;70.01;74.48;7161144;530615456.00
20151216;73.98;76.98;73.48;74.28;5100951;382443584.00
20151217;75.00;78.88;74.22;77.50;5246417;401565120.00
20151218;77.40;78.00;73.68;74.01;5179374;387143200.00
20151221;72.50;74.20;70.62;71.40;4343630;313312160.00
20151222;71.40;73.86;71.03;73.08;4828279;350144864.00
20151223;72.80;73.00;69.00;69.55;5683046;399732064.00
20151224;69.99;71.88;67.12;70.30;5519753;383861504.00
20151225;70.00;72.53;69.50;70.21;4722871;335147552.00
20151228;70.29;71.70;66.20;66.40;5681104;391886784.00
20151229;66.53;67.54;63.50;64.91;5087135;330313216.00
20151230;65.15;70.93;65.15;69.88;6759191;462375840.00
20151231;69.00;69.95;67.51;67.70;4974273;341576320.00
20160104;68.50;68.98;60.93;60.93;3812729;241436752.00
20160105;56.46;60.98;54.84;56.05;7468104;423372288.00
20160106;61.66;61.66;59.28;61.66;11822107;722198016.00
20160107;60.45;60.45;55.49;55.49;2149237;123874320.00
20160108;56.00;59.49;51.22;57.29;7889183;449745632.00
20160111;54.80;56.60;51.56;51.56;7467450;397594080.00
20160112;52.50;55.09;50.22;53.80;6962902;371710912.00
20160113;53.80;54.75;49.62;49.85;6068325;316846432.00
20160114;47.00;53.30;46.80;52.80;6477580;327707776.00
20160115;52.01;53.20;49.01;50.05;5447557;278949024.00
20160118;48.12;53.88;47.88;52.37;5939521;308578208.00
20160119;52.01;57.61;51.50;57.61;8520579;467408416.00
20160120;56.90;59.30;56.55;57.31;8067198;465990592.00
20160121;56.14;61.00;56.14;56.70;8879891;519555072.00
20160122;57.20;58.88;53.71;56.99;8013266;454094976.00
20160125;57.81;58.50;55.80;56.58;5966195;340633824.00
20160126;55.00;55.80;50.92;50.92;5888454;311507872.00
20160127;50.07;51.07;46.50;50.71;5738698;280650304.00
20160128;50.00;50.55;45.71;45.88;4236500;205068416.00
20160129;45.51;49.45;45.51;48.29;5194529;250602400.00
20160201;47.74;49.00;46.19;47.50;3912651;186747088.00
20160202;47.20;52.25;47.20;51.55;6141295;312097600.00
20160203;50.00;52.67;49.43;52.34;5235683;264617120.00
20160204;52.90;54.09;52.01;52.58;5760556;305423200.00
20160205;52.68;53.88;51.82;51.83;3928011;207296160.00
20160215;49.00;51.83;48.58;51.13;2979416;149721920.00
20160216;51.78;56.20;51.31;55.35;5343955;290177280.00
20160217;54.97;57.58;53.91;56.49;6018594;332783424.00
20160218;56.80;57.12;54.80;55.20;4911812;274207552.00
20160219;55.00;56.51;54.37;55.51;4293117;238576448.00
20160222;56.11;56.69;54.85;55.77;5847369;324614112.00
20160223;55.70;56.53;53.82;54.96;4692059;259420560.00
20160224;54.12;55.20;51.26;53.27;5485600;291368576.00
20160225;52.90;52.98;47.94;47.94;6323487;314843232.00
20160226;48.15;48.88;45.01;46.78;4544853;214016928.00
20160229;47.07;47.07;42.10;42.10;4697321;202617648.00
20160301;42.20;43.96;39.40;42.92;5081000;213222384.00
20160302;42.50;45.48;42.03;44.80;6573465;287846080.00
20160303;44.71;47.23;44.25;44.65;7759400;354857408.00
20160304;44.00;44.15;40.30;40.78;6517515;274677120.00
20160307;41.26;43.50;41.26;42.20;4513504;192316000.00
20160308;41.68;42.34;38.88;42.18;4911148;200431744.00
20160309;41.00;42.35;40.23;40.95;3163876;130667784.00
20160310;41.56;42.05;39.98;40.97;3260271;134625056.00
20160311;40.88;41.79;40.03;41.27;3226002;132563208.00
20160314;43.00;45.40;42.50;45.40;7349902;329350528.00
20160315;46.00;46.00;44.00;44.26;6100370;274302656.00
20160316;44.99;45.30;42.86;43.25;5575226;245072912.00
20160317;43.51;47.36;43.51;46.71;9125977;416346688.00
20160318;47.08;50.87;46.00;49.84;9176301;446895200.00
20160321;50.56;52.06;49.65;50.96;7996106;406275424.00
20160322;49.80;52.76;49.61;51.30;6577147;334236416.00
20160323;50.93;54.04;50.93;53.78;8239213;431138208.00
20160324;52.70;56.00;52.25;53.11;9853169;531373984.00
20160325;53.31;54.11;50.66;52.49;6481944;341258848.00
20160328;53.30;54.49;51.43;51.82;5473309;290694784.00
20160329;51.83;52.81;50.50;52.10;4998474;258794272.00
20160330;52.90;57.31;52.21;57.31;9379991;515650880.00
20160331;58.00;60.00;56.83;57.00;13370468;774868352.00
20160401;56.28;58.21;54.90;57.93;8350619;471977984.00
20160405;57.60;60.79;57.12;59.50;7719932;456999744.00
20160406;59.00;61.99;58.30;61.89;8063259;488054304.00
20160407;61.75;61.75;58.96;59.03;6924267;417733184.00
20160408;58.00;58.30;55.20;56.69;6953504;394312704.00
20160411;56.99;58.87;56.99;57.25;5350096;310111712.00
20160412;56.80;57.90;54.50;55.60;5241770;291948064.00
20160413;56.12;57.88;55.78;56.40;5168300;294220128.00
20160414;57.00;57.72;56.14;57.50;3644052;207954688.00
20160415;57.49;57.49;56.26;56.73;2746350;155691808.00
20160418;55.80;56.00;54.31;55.00;3334483;183365104.00
20160419;55.01;55.98;54.90;55.44;2531757;140092976.00
20160420;55.74;55.99;50.05;51.50;5920245;310513504.00
20160421;51.40;51.41;49.10;49.36;3352138;169153392.00
20160422;48.70;50.91;48.61;50.90;3051339;153235408.00
20160425;50.50;50.60;48.88;50.20;2486431;123369480.00
20160426;50.15;51.44;50.00;51.28;2546210;129430392.00
20160427;51.00;51.51;50.15;50.21;2769625;140972448.00
20160428;49.88;50.50;48.37;50.40;3423747;169101616.00
20160429;50.08;50.50;49.28;49.30;2089948;103976008.00
20160503;49.16;52.03;48.65;52.00;4690306;238560560.00
20160504;51.57;52.69;51.16;51.91;3564177;185330544.00
20160505;52.60;57.10;52.55;57.10;7752515;431338688.00
20160506;59.60;59.60;53.95;54.07;9303992;523748768.00
20160509;54.10;54.74;52.02;54.60;5838170;313785920.00
20160510;54.49;55.30;52.46;53.57;4357469;233476736.00
20160511;54.01;54.50;48.86;48.91;6260935;315698848.00
20160512;18.65;19.44;17.85;19.10;9142246;171146480.00
20160513;19.00;21.01;18.76;20.05;23310699;478369408.00
20160516;19.00;19.87;18.85;19.87;15425768;299461888.00
20160517;19.76;20.48;19.19;19.88;13842283;274781376.00
20160518;19.42;19.42;18.03;18.57;11041671;207831808.00
20160519;18.68;19.82;18.62;18.79;12590720;242098144.00
20160520;18.31;19.28;18.12;19.08;8879309;167271280.00
20160523;19.11;19.68;19.11;19.38;10203912;198435808.00
20160524;19.37;19.55;19.01;19.22;8546689;165494992.00
20160525;19.51;20.40;19.38;19.66;14174452;282293664.00
20160526;19.30;19.96;18.60;19.95;12990337;249716880.00
20160527;19.72;21.61;19.60;20.88;26843081;556414592.00
20160530;20.38;21.28;19.98;20.59;14652562;303484320.00
20160531;20.60;22.65;20.60;22.65;26208217;572741184.00
20160601;23.22;23.68;22.39;22.82;34136479;784735360.00
20160602;22.46;23.12;22.33;22.77;22033547;500019296.00
20160603;22.80;23.29;22.32;22.50;22650446;514198816.00
20160606;22.46;23.00;22.46;22.70;16486291;374496416.00
20160607;22.61;22.75;22.24;22.60;12485228;280527360.00
20160608;22.56;23.39;22.41;22.94;20058457;458973568.00
20160613;22.43;22.75;20.65;20.65;19181788;420696704.00
20160614;20.28;20.78;19.70;20.19;13872825;279823904.00
20160615;19.86;21.45;19.69;20.95;12928376;268793408.00
20160616;21.02;21.17;20.50;20.58;11183967;232546416.00
20160617;20.55;21.45;20.50;20.77;11450186;240344304.00
20160620;20.60;20.90;19.89;20.53;9481731;192725760.00
20160621;20.84;20.98;19.92;20.16;10892403;222958576.00
20160622;20.01;20.75;20.00;20.71;9262932;188927808.00
20160623;20.75;21.43;20.58;21.06;14833492;312789792.00
20160624;20.97;21.19;19.50;20.40;13598165;279109792.00
20160627;20.17;21.98;20.17;21.60;18077159;385263840.00
20160628;21.57;22.50;21.30;22.25;22184069;487435936.00
20160629;22.31;22.48;21.82;21.93;14826759;326894272.00
20160630;21.85;22.44;21.79;22.18;12491555;276077824.00
