20080925;17.52;21.00;17.52;18.52;36389058;710515328.00
20080926;16.72;17.27;16.67;16.67;16422086;274845664.00
20081006;15.28;15.73;15.00;15.00;12864034;195000656.00
20081007;14.60;15.33;14.50;14.92;6528780;97975800.00
20081008;14.98;15.79;14.88;15.50;9454815;145483504.00
20081009;15.50;15.55;14.48;14.48;7180432;107719472.00
20081010;13.63;13.78;13.03;13.03;6521076;86045752.00
20081013;12.68;13.15;12.18;13.13;5440768;69100584.00
20081014;13.60;13.78;12.31;12.34;7114888;94633144.00
20081015;12.28;12.65;11.68;12.41;5259469;63936116.00
20081016;11.60;11.90;11.17;11.17;4217907;48889252.00
20081017;11.38;11.40;10.80;10.95;4447327;49237816.00
20081020;10.76;11.58;10.76;11.45;3678393;41502316.00
20081021;11.46;11.95;11.34;11.55;5139274;59764148.00
20081022;11.41;12.15;11.19;11.67;5725618;66583192.00
20081023;11.31;11.88;11.21;11.85;3718600;43250400.00
20081024;11.85;12.47;11.76;12.10;5218304;63081948.00
20081027;11.85;11.98;11.00;11.06;4719593;54667124.00
20081028;10.83;11.78;10.81;11.74;4787942;54643528.00
20081029;11.97;12.25;11.43;11.43;5837111;69759624.00
20081030;11.56;11.96;11.30;11.68;3377279;39464816.00
20081031;11.68;11.72;11.12;11.23;2798344;31897606.00
20081103;11.20;11.27;10.93;11.00;2539259;28139188.00
20081104;10.90;11.07;10.16;10.21;3414029;35752520.00
20081105;10.40;10.87;10.34;10.69;3342755;35515776.00
20081106;10.30;10.38;10.11;10.19;2323449;23782210.00
20081107;10.00;10.62;9.91;10.46;2404299;24901996.00
20081110;10.70;11.47;10.61;11.45;4982714;55611444.00
20081111;11.20;11.62;11.13;11.16;4498124;51087964.00
20081112;11.02;12.24;11.02;12.02;6310349;74085480.00
20081113;11.80;12.80;11.73;12.53;8738178;109083856.00
20081114;12.80;13.18;12.40;13.10;8142521;104053776.00
20081117;12.82;14.38;12.82;14.23;7531818;101471560.00
20081118;13.91;15.00;12.82;12.96;9514124;131742064.00
20081119;12.83;14.26;12.83;14.25;6961282;94277264.00
20081120;13.86;14.50;13.60;13.69;6482504;90407592.00
20081124;13.48;13.94;12.70;12.71;4589824;61135084.00
20081125;13.01;13.20;12.10;12.46;3781670;47523664.00
20081126;12.46;12.95;12.37;12.63;2845143;36207196.00
20081127;13.60;13.65;12.72;12.75;5187234;68968816.00
20081128;12.60;12.73;12.22;12.37;2627183;32755550.00
20081201;12.32;13.31;12.26;13.20;3516520;45531992.00
20081202;12.85;13.79;12.71;13.60;5412133;72869208.00
20081203;13.75;14.96;13.70;14.96;9607237;141661872.00
20081204;15.59;16.40;14.93;15.08;13296920;209228176.00
20081205;15.00;16.10;14.98;15.90;7963600;124357176.00
20081208;16.31;16.74;15.85;16.45;9478974;153964480.00
20081209;16.45;16.45;15.65;15.69;5801816;92421224.00
20081210;15.30;17.22;15.26;16.90;7263104;118177712.00
20081211;16.75;17.47;16.42;16.45;7404347;124982160.00
20081212;16.12;16.44;15.59;15.92;5774134;91960528.00
20081215;16.01;16.68;15.78;16.22;4853821;78805808.00
20081216;15.95;16.08;14.90;15.96;5279259;81912392.00
20081217;16.00;16.59;15.71;15.88;4915067;79532320.00
20081218;15.63;16.14;15.52;16.09;3568496;56531828.00
20081219;16.06;17.25;15.91;16.91;7715367;128821752.00
20081222;16.85;18.55;16.73;18.08;9455938;168928848.00
20081223;17.83;18.05;16.27;16.30;8520509;145426656.00
20081224;16.00;16.14;15.41;15.55;4522730;71243280.00
20081225;15.01;16.12;15.00;15.95;7981087;125491704.00
20081226;16.25;16.88;15.99;16.31;7328098;120744344.00
20081229;16.06;16.20;15.15;15.77;4518852;70493624.00
20081230;15.71;16.57;15.66;15.92;4417509;71333224.00
20081231;16.07;16.76;15.99;16.36;6270899;103344808.00
20090105;16.70;17.51;16.50;17.51;7104323;121613744.00
20090106;17.38;18.02;17.08;17.77;7308220;128476216.00
20090107;17.58;17.88;17.36;17.41;5343428;93678960.00
20090108;17.00;18.87;16.88;18.66;9818665;177476928.00
20090109;18.58;20.29;18.58;19.36;11772221;227738512.00
20090112;18.80;19.83;18.71;19.00;9278891;178294656.00
20090113;18.69;18.86;17.45;17.50;8307882;150316496.00
20090114;17.35;18.78;17.35;18.75;6706586;122189304.00
20090115;18.59;19.00;18.03;18.38;6115927;112901968.00
20090116;18.55;18.89;18.01;18.24;4801247;88440768.00
20090119;18.40;18.66;17.55;18.65;5169567;93383712.00
20090120;18.58;19.00;18.58;18.84;4603967;86697912.00
20090121;18.60;18.83;18.11;18.26;4585877;84968376.00
20090122;18.40;18.73;18.20;18.66;3348758;62075432.00
20090123;18.68;18.83;18.25;18.47;2786667;51445084.00
20090202;18.67;19.45;18.47;19.18;4296781;82146760.00
20090203;19.08;19.50;18.85;19.20;4148322;79472152.00
20090204;19.20;19.39;19.00;19.34;4338052;83259784.00
20090205;19.39;19.85;19.21;19.63;6307847;123102232.00
20090206;19.70;20.90;19.63;20.33;7147487;145200928.00
20090209;20.39;20.60;19.81;20.29;7261640;146481424.00
20090210;20.13;21.25;20.02;21.10;6724498;138428400.00
20090211;20.87;21.58;19.98;20.14;8272334;171787552.00
20090212;20.30;20.40;19.38;19.93;5956076;117997432.00
20090213;19.77;20.43;19.76;20.30;5127141;102685856.00
20090216;20.22;20.77;19.92;20.48;5133153;104571456.00
20090217;20.40;20.50;19.60;19.65;4643303;92858840.00
20090218;19.40;19.77;18.76;18.79;4034347;77675776.00
20090219;18.91;19.42;18.85;19.38;3017639;57756424.00
20090220;19.56;20.34;19.51;20.23;4463758;89769176.00
20090223;20.29;20.55;19.80;20.50;4408197;89163336.00
20090224;20.00;20.37;19.19;19.19;4796009;94476200.00
20090225;19.50;20.30;19.50;20.25;5291013;105616136.00
20090226;20.30;21.20;18.30;19.13;6679406;135277152.00
20090227;18.75;18.93;17.22;17.50;5327657;94640784.00
20090302;17.27;17.95;17.12;17.65;2209109;39044644.00
20090303;16.98;17.80;16.80;17.61;3216129;55836900.00
20090304;17.60;18.80;17.60;18.70;4137282;75917424.00
20090305;18.91;19.04;18.00;18.45;5086588;94218104.00
20090306;18.00;18.29;17.88;18.10;2331591;42163288.00
20090309;18.25;18.49;17.45;17.54;2412549;43413432.00
20090310;17.45;18.25;17.26;18.15;1988884;35618812.00
20090311;18.49;18.55;17.75;17.86;1958434;35532720.00
20090312;17.86;18.12;17.41;17.97;1300801;23154460.00
20090313;18.00;18.18;17.66;17.77;1485697;26649338.00
20090316;17.80;18.02;17.63;17.92;1074772;19219130.00
20090317;17.94;18.53;17.84;18.48;2991052;54771380.00
20090318;18.51;19.11;18.51;18.68;3494364;65677012.00
20090319;18.81;19.09;18.61;19.00;2541970;48005720.00
20090320;19.13;19.13;18.62;18.90;2631404;49576592.00
20090323;18.76;19.48;18.73;19.22;3431475;65981992.00
20090324;19.52;19.58;18.97;19.14;2917570;56011928.00
20090325;19.05;19.19;18.50;18.53;2524012;47741760.00
20090326;18.53;18.91;18.28;18.90;1880664;35069896.00
20090327;18.91;19.48;18.78;19.16;3293047;63251324.00
20090330;19.21;20.20;19.10;20.13;4575196;90790376.00
20090331;19.85;21.09;19.38;20.76;6341109;130116880.00
20090401;20.95;20.99;20.50;20.68;3990206;82648136.00
20090402;20.79;22.09;20.79;21.00;6024659;129565888.00
20090403;21.22;23.01;21.09;23.01;7545779;164673840.00
20090407;23.02;24.80;22.81;24.23;7621614;179164320.00
20090408;24.00;24.08;22.20;22.39;6387588;148617104.00
20090409;22.28;24.63;22.26;24.63;6940432;165019600.00
20090410;25.17;26.94;24.91;26.17;7777012;203024272.00
20090413;26.57;27.28;26.07;26.88;5832382;155630464.00
20090414;26.85;29.56;26.01;29.20;7244162;200829120.00
20090415;26.28;28.82;26.28;26.65;20381515;547573248.00
20090416;25.67;25.70;24.02;24.23;18244335;449512736.00
20090417;23.80;24.78;23.47;23.88;8408812;202849488.00
20090420;23.66;24.37;23.50;24.23;7116834;170425360.00
20090421;23.79;23.90;23.00;23.31;6743306;158028848.00
20090422;23.40;23.80;21.50;22.02;6037721;138130480.00
20090423;21.74;22.65;21.73;22.53;4109068;91756176.00
20090424;22.60;22.67;21.80;21.95;3664294;81274384.00
20090427;21.95;21.95;20.20;20.34;5808915;120592472.00
20090428;20.29;20.78;20.20;20.58;3537755;72677320.00
20090429;20.60;21.20;20.40;21.07;4356130;90811520.00
20090430;21.07;21.32;20.43;21.23;5052268;105471608.00
20090504;21.35;22.00;21.14;21.96;5403801;116745000.00
20090505;21.96;22.18;21.61;21.92;4513209;98532552.00
20090506;21.93;22.13;21.70;21.96;3859711;84713464.00
20090507;22.00;22.22;20.71;21.10;5454502;116834952.00
20090508;20.88;21.21;20.55;20.71;3575557;74304800.00
20090511;20.75;21.30;20.45;20.45;3272138;68481568.00
20090512;20.35;21.00;20.02;20.95;3393939;69186392.00
20090513;20.90;20.99;20.56;20.88;2743300;57037088.00
20090514;20.68;21.21;20.51;21.12;3333492;70016312.00
20090515;21.34;21.37;20.91;20.97;2382982;50283936.00
20090519;21.10;21.29;20.86;21.24;3522694;74328208.00
20090520;21.28;22.06;21.17;21.76;4946444;106588048.00
20090521;21.54;21.71;20.82;20.94;3330801;70613760.00
20090522;20.70;20.80;20.31;20.35;2629384;53864780.00
20090525;20.00;20.00;19.21;19.69;2954804;57875096.00
20090526;19.73;20.22;19.70;19.82;2191801;43830924.00
20090527;19.91;20.04;19.50;19.91;2133141;42185928.00
20090601;19.93;20.20;19.93;20.08;2078008;41675824.00
20090602;20.18;20.79;20.00;20.48;3460532;70900888.00
20090603;20.56;20.56;20.10;20.24;2567820;51956628.00
20090604;20.24;20.56;19.90;20.04;2759800;55673652.00
20090605;20.16;20.19;19.91;20.03;2226588;44569492.00
20090608;20.13;20.13;19.70;19.73;2043430;40563360.00
20090609;19.74;20.03;19.25;19.70;2187906;42792900.00
20090610;19.71;19.99;19.60;19.97;2011545;39897100.00
20090611;20.02;21.17;20.02;20.73;6642511;137693456.00
20090612;20.74;20.89;19.82;19.87;3542831;71683680.00
20090615;19.80;19.87;19.50;19.87;1687346;33172068.00
20090616;19.76;19.77;19.50;19.58;1837748;36027572.00
20090617;19.55;19.80;19.53;19.80;1767723;34786700.00
20090618;19.81;20.15;19.74;19.79;1924736;38213072.00
20090619;19.80;20.10;19.76;19.90;1822172;36281496.00
20090622;20.10;20.50;19.93;20.24;2625944;53171184.00
20090623;20.17;20.50;19.93;20.31;2587031;52313204.00
20090624;20.40;20.91;20.30;20.74;3991001;82674136.00
20090625;20.80;20.93;20.15;20.20;2808821;57363624.00
20090626;20.36;20.45;20.13;20.30;1588917;32223266.00
20090629;20.33;20.34;20.06;20.13;2114499;42583932.00
20090630;20.12;20.25;19.58;19.64;2608329;51603628.00
20090701;19.65;19.94;19.55;19.73;1488682;29308148.00
20090702;19.76;19.94;19.71;19.87;2029685;40190068.00
20090703;19.87;19.90;19.66;19.84;2100625;41498476.00
20090706;19.84;20.62;19.71;20.36;3371605;67854640.00
20090707;20.29;20.60;20.12;20.30;2782886;56716400.00
20090708;20.41;20.72;20.22;20.61;3835963;78733808.00
20090709;20.05;20.58;19.77;20.58;6511826;131473056.00
20090710;20.48;21.49;20.41;20.93;7887834;165947120.00
20090713;20.76;21.50;20.67;21.28;5396592;114113848.00
20090714;21.36;21.60;21.10;21.21;3915293;83255944.00
20090715;21.23;21.30;20.95;21.05;4376728;92248448.00
20090716;21.10;21.75;20.80;21.72;6925383;147540960.00
20090717;21.67;23.28;21.48;22.69;11826026;264814400.00
20090720;22.51;23.19;22.30;22.63;6515714;147799280.00
20090721;22.50;22.75;21.30;21.40;5831522;128193368.00
20090722;21.40;22.48;21.32;21.91;4473675;98427440.00
20090723;22.00;22.27;21.45;21.58;3624696;78875016.00
20090724;21.56;21.79;20.85;21.21;3925305;83479016.00
20090727;21.25;21.50;21.10;21.48;3112237;66487068.00
20090728;21.48;22.00;21.30;21.94;3799531;82494784.00
20090729;21.94;21.94;19.75;20.01;4367934;91739832.00
20090730;20.05;20.50;19.41;19.93;3405408;67802128.00
20090731;19.99;20.70;19.99;20.62;2757452;56218040.00
20090803;20.62;21.49;20.51;21.37;4013492;84980792.00
20090804;21.48;22.19;21.20;21.76;5620479;122401584.00
20090805;21.76;21.76;20.91;21.20;4187664;89116952.00
20090806;21.00;21.05;20.47;20.74;2925691;60693996.00
20090807;20.72;21.24;20.20;20.32;2436310;50648384.00
20090810;20.36;20.68;20.05;20.48;1664350;33962468.00
20090811;20.69;20.69;20.35;20.53;990362;20321106.00
20090812;20.50;20.53;19.11;19.40;2094949;41515244.00
20090813;19.50;19.66;18.84;19.17;1785574;34189992.00
20090814;19.21;19.21;18.00;18.02;2452144;45233368.00
20090817;17.80;17.83;16.51;16.53;2340690;40447992.00
20090818;16.50;16.99;15.96;16.90;1968671;32530762.00
20090819;16.79;16.88;15.36;15.43;1811630;29318776.00
20090820;15.75;16.15;15.51;16.02;1852510;29447710.00
20090821;16.07;16.65;15.90;16.65;2509031;41109736.00
20090824;16.68;16.97;16.41;16.91;2476031;41273640.00
20090825;16.75;16.75;15.98;16.28;2176153;35384676.00
20090826;16.30;17.18;16.26;17.07;2708130;45732128.00
20090827;17.10;17.45;16.61;17.17;3178925;54539120.00
20090828;17.18;18.78;17.17;17.95;5532451;100269208.00
20090831;16.85;16.85;16.16;16.16;3745855;61021220.00
20090901;15.60;15.80;15.00;15.19;2406284;36962136.00
20090902;15.20;15.47;14.86;15.07;1603976;24242906.00
20090903;14.98;15.79;14.98;15.71;2543825;39287876.00
20090904;15.59;15.90;15.47;15.80;2573255;40401232.00
20090907;15.80;16.26;15.80;15.90;2882134;46174988.00
20090908;15.90;16.21;15.68;16.17;2457667;39240692.00
20090909;16.12;16.60;15.91;16.58;3414042;55572112.00
20090910;16.40;16.40;15.91;16.05;2663646;43030128.00
20090911;16.06;16.36;16.01;16.21;2026451;32846438.00
20090914;16.20;16.62;16.18;16.53;2607430;42810936.00
20090915;16.51;16.98;16.47;16.67;3346915;56159148.00
20090916;16.79;16.79;16.21;16.52;2662619;43931820.00
20090917;16.46;17.22;16.46;17.11;4090378;69295464.00
20090918;17.12;17.50;16.70;16.90;4815103;82746416.00
20090921;16.86;16.95;16.01;16.75;2751424;45256096.00
20090922;16.84;17.44;16.73;17.10;4170469;71023272.00
20090923;17.05;17.23;16.41;16.55;2504262;42134256.00
20090924;16.10;16.25;15.38;15.99;2651259;42039452.00
20090925;15.92;16.31;15.45;15.80;2158131;34109428.00
20090928;15.63;16.26;15.39;15.60;2208271;35155752.00
20090929;15.60;15.69;14.40;14.60;2503026;37170552.00
20090930;14.75;14.97;14.50;14.57;1301373;19101574.00
20091009;14.70;15.32;14.67;15.23;1523053;22953898.00
20091012;15.28;15.40;15.03;15.20;1406697;21398676.00
20091013;15.18;15.39;15.10;15.35;1388232;21174888.00
20091014;15.37;15.68;15.30;15.56;1897713;29527064.00
20091015;15.69;15.70;15.42;15.46;1665234;25903528.00
20091016;15.55;15.62;15.02;15.22;1635613;24894622.00
20091019;15.21;15.62;15.10;15.55;1814883;28034022.00
20091020;15.57;16.27;15.57;16.07;3260839;52146172.00
20091021;16.08;16.15;15.86;15.91;2252848;36091076.00
20091022;15.90;16.25;15.75;16.15;2544832;40871472.00
20091023;16.15;16.44;16.10;16.24;3019665;49111672.00
20091026;16.25;16.35;15.88;15.94;2867791;45877508.00
20091027;15.95;15.97;15.08;15.10;3341494;51433296.00
20091028;15.03;15.25;14.70;15.24;3004832;44929560.00
20091029;14.91;15.16;14.82;14.86;1799072;26888190.00
20091030;15.01;15.25;14.93;14.99;1702712;25739966.00
20091102;14.80;15.27;14.55;15.21;2311039;34570844.00
20091103;15.22;15.78;15.18;15.66;2920808;45545184.00
20091104;15.80;16.06;15.55;15.92;3764052;59645556.00
20091105;15.91;16.00;15.70;15.94;2407257;38154556.00
20091106;16.00;16.42;15.95;16.06;4037105;65402700.00
20091109;16.01;16.39;16.01;16.30;3429809;55652792.00
20091110;16.48;16.55;16.12;16.13;2376999;38568228.00
20091111;16.08;16.13;15.82;15.99;2497212;39927316.00
20091112;16.00;16.68;15.95;16.36;4145570;67863264.00
20091113;16.25;16.67;16.10;16.60;3898845;63953752.00
20091116;16.71;17.07;16.71;16.94;5105687;86113352.00
20091117;16.95;17.27;16.70;17.25;4463056;75546256.00
20091118;17.16;17.47;17.01;17.21;4165936;71904256.00
20091119;17.30;17.65;17.09;17.61;5242308;91043816.00
20091120;17.56;17.66;17.31;17.46;3415798;59715800.00
20091123;17.40;17.60;17.23;17.54;3551853;62102744.00
20091124;17.58;17.74;16.30;16.58;5531216;95362768.00
20091125;16.47;17.16;16.40;17.14;4209880;70895472.00
20091126;17.16;18.81;17.00;17.87;11668951;207887104.00
20091127;17.79;19.38;17.66;18.81;15131664;284245088.00
20091130;19.18;19.70;18.15;19.30;10266025;197020768.00
20091201;19.00;19.40;18.60;19.25;7949567;151188912.00
20091202;19.40;20.48;19.25;19.90;9562707;191053376.00
20091203;19.97;19.97;19.01;19.53;6156452;119367304.00
20091204;19.30;19.44;18.01;18.45;5622740;105610984.00
20091207;18.51;19.11;18.36;18.86;3463646;65000164.00
20091208;18.80;19.48;18.80;19.44;5883881;113382224.00
20091209;19.12;19.37;18.66;18.76;3542117;67238792.00
20091210;18.87;19.20;18.53;18.91;2250395;42309972.00
20091211;18.91;19.07;18.36;18.40;2649978;49333116.00
20091214;18.40;18.50;17.68;17.94;3076805;55049092.00
20091215;18.00;18.45;17.94;18.15;2274772;41359100.00
20091216;18.10;18.41;17.89;18.30;2594912;47013016.00
20091217;18.35;19.19;18.26;19.00;6949551;130994552.00
20091218;18.79;18.80;18.08;18.22;3443600;63400192.00
20091221;18.20;18.79;18.05;18.78;2630509;48302396.00
20091222;18.80;19.68;18.65;19.13;6717069;129462000.00
20091223;19.22;19.95;19.22;19.60;9941616;195417200.00
20091224;19.65;20.03;19.16;19.85;7400820;146072448.00
20091225;19.85;19.99;19.46;19.71;4527790;88967312.00
20091228;19.80;20.68;19.79;20.55;7020675;142792544.00
20091229;20.42;20.65;20.20;20.55;4127701;84255488.00
20091230;20.49;21.04;20.26;20.28;7688718;158507136.00
20091231;20.30;20.37;19.69;19.89;4560253;90581808.00
20100104;19.89;20.78;19.89;20.48;4089032;83293448.00
20100105;20.50;21.28;20.38;21.23;4518064;94730624.00
20100106;21.00;21.59;20.70;20.73;4084055;85799216.00
20100107;20.69;21.18;19.90;20.25;3736929;76120224.00
20100108;20.25;20.85;20.05;20.74;2737431;55959808.00
20100111;20.75;20.97;20.00;20.14;3277854;66608000.00
20100112;20.14;20.45;20.00;20.37;3496166;70721544.00
20100113;19.90;20.20;19.55;19.58;4054824;80403064.00
20100114;19.79;20.12;19.63;20.06;3313589;66127996.00
20100115;20.06;20.90;20.00;20.45;4833641;99055032.00
20100118;20.30;20.79;20.30;20.70;3664555;75569456.00
20100119;20.70;21.48;20.45;21.32;6398835;134680400.00
20100120;21.28;21.34;20.51;20.61;4641460;96933528.00
20100121;20.61;20.69;20.15;20.26;2531728;51468216.00
20100122;20.24;20.24;18.73;18.97;3065605;59168232.00
20100125;18.97;19.17;18.23;18.30;2490055;46325160.00
20100126;18.30;18.66;17.73;17.90;1451899;26109626.00
20100127;17.90;18.40;17.74;18.01;1143800;20737606.00
20100128;18.06;18.17;17.60;17.80;1550184;27646682.00
20100129;17.73;18.05;17.50;17.50;1880042;33422940.00
20100201;17.49;17.49;16.50;16.75;2320647;38946280.00
20100202;16.81;17.14;16.33;16.44;1381932;23222042.00
20100203;16.37;16.78;15.86;16.78;2913590;47541584.00
20100204;16.59;16.86;16.40;16.63;1792033;29900242.00
20100205;16.20;16.30;15.58;15.80;2761595;44026888.00
20100208;15.70;16.16;15.64;16.00;1064551;17009486.00
20100209;16.00;16.38;15.99;16.20;1050948;17009168.00
20100210;16.24;16.43;16.23;16.38;806302;13167549.00
20100211;16.38;16.62;16.23;16.27;994853;16288433.00
20100212;16.27;16.65;16.25;16.61;941008;15521094.00
20100222;16.61;17.10;16.55;16.86;1588856;26836648.00
20100223;16.87;16.96;16.52;16.96;1134461;18933350.00
20100224;16.94;17.36;16.80;17.30;1691038;28929576.00
20100225;17.33;17.42;17.17;17.37;1378163;23796026.00
20100226;17.35;17.59;17.20;17.30;1433992;24943846.00
20100301;17.28;17.52;17.20;17.50;1300614;22651924.00
20100302;17.54;17.54;17.04;17.12;1896495;32537368.00
20100303;17.13;17.36;16.80;17.25;1957385;33591232.00
20100304;17.29;17.47;16.49;16.64;1968011;33572152.00
20100305;16.67;16.88;16.62;16.69;1102973;18455194.00
20100308;16.72;18.36;16.72;18.36;5361052;96238264.00
20100309;18.12;18.41;17.90;18.32;3881707;70485064.00
20100310;18.21;18.26;17.62;17.92;2235900;39972776.00
20100311;17.80;18.08;17.45;17.58;1877980;33226274.00
20100312;17.51;17.95;17.23;17.93;2636307;46467404.00
20100315;17.82;18.19;17.66;18.04;3327485;59793336.00
20100316;18.06;18.20;17.73;17.89;2397140;42844380.00
20100317;18.00;18.35;17.83;18.34;2629655;47590736.00
20100318;18.30;18.68;18.20;18.62;2788139;51506416.00
20100319;18.65;18.78;18.16;18.50;2143614;39498796.00
20100323;18.51;18.58;17.96;18.06;2247158;40793480.00
20100324;18.08;18.86;17.95;18.73;3265589;60276160.00
20100325;18.65;18.76;18.23;18.40;2006612;37036240.00
20100326;18.35;18.54;18.22;18.41;1415906;26100266.00
20100329;18.42;18.85;18.11;18.80;3148477;58103080.00
20100330;18.80;19.35;18.63;19.10;2926441;55692648.00
20100331;19.01;19.86;18.93;19.52;5212164;101361376.00
20100401;19.54;20.12;19.51;20.03;4248391;84493176.00
20100402;20.04;20.18;19.70;19.90;2751191;54850364.00
20100406;19.90;20.14;19.76;19.81;3282603;65519508.00
20100407;19.75;19.88;19.25;19.58;2079404;40768672.00
20100408;19.64;20.18;19.38;19.80;2963440;58682100.00
20100409;19.78;20.04;18.67;19.40;10524740;202622800.00
20100412;19.15;19.99;18.93;19.95;11775708;227827424.00
20100413;19.72;19.75;18.88;19.40;4780439;92220376.00
20100414;19.73;20.00;19.25;19.65;14879691;291613280.00
20100415;19.72;19.72;18.60;18.66;7689492;147023952.00
20100416;18.66;18.66;17.80;18.17;5394526;97802504.00
20100419;17.70;18.25;17.30;17.30;5951638;107023232.00
20100420;17.20;17.50;17.01;17.18;2261556;38901320.00
20100421;17.18;17.62;17.05;17.58;2631290;45836080.00
20100422;17.58;17.63;17.20;17.31;2473853;43005992.00
20100423;17.23;17.33;16.91;17.03;2850751;48623488.00
20100426;17.00;17.15;16.52;17.03;2374701;40000896.00
20100427;17.00;17.02;15.88;16.13;2571020;42115540.00
20100428;16.13;16.36;16.00;16.01;1562336;25254268.00
20100429;16.20;16.49;15.90;15.91;2266069;36701636.00
20100430;15.99;15.99;15.31;15.80;2071394;32362484.00
20100504;15.50;15.83;15.29;15.70;1031845;16160847.00
20100505;15.60;16.10;15.40;15.95;2555176;40578368.00
20100506;15.98;16.17;14.58;14.58;3424284;53254560.00
20100510;14.05;14.98;13.86;14.94;6305641;89270048.00
20100511;15.00;15.40;13.95;14.00;6022582;87096456.00
20100512;13.70;14.00;13.20;13.50;2488793;33756596.00
20100513;13.55;13.64;13.02;13.58;2716409;36168596.00
20100514;13.46;13.72;13.42;13.65;2254141;30648562.00
20100517;13.40;13.45;12.35;12.36;3060303;39518804.00
20100518;12.21;12.56;11.96;12.44;3516563;43133132.00
20100519;12.26;12.58;12.11;12.28;2432305;30099918.00
20100520;12.10;12.49;11.97;12.00;2502566;30672770.00
20100521;11.59;12.32;11.47;12.25;4430321;52160544.00
20100524;12.30;12.89;12.26;12.79;4824093;61006520.00
20100525;12.71;13.08;12.61;12.96;5106963;65821412.00
20100526;12.99;13.15;12.75;13.14;3687670;47917624.00
20100527;13.15;13.60;12.93;13.52;4215606;56229888.00
20100528;13.70;13.89;13.52;13.69;5223655;71612416.00
20100531;13.50;13.69;13.02;13.02;2978447;39935556.00
20100601;12.89;14.32;12.85;13.83;7505108;102793176.00
20100602;13.62;13.72;13.29;13.70;2858022;38665264.00
20100603;13.75;14.15;13.64;13.90;4140151;57725696.00
20100604;13.88;14.15;13.35;14.00;3700197;51319652.00
20100607;13.60;13.90;13.45;13.70;3236499;44232156.00
20100608;13.65;13.98;13.55;13.77;3801204;52496124.00
20100609;13.80;14.30;13.70;14.26;4479834;62432556.00
20100610;14.09;14.42;14.02;14.24;3442972;48934216.00
20100611;14.25;14.39;13.93;14.00;2791734;39443824.00
20100617;14.05;14.16;13.54;13.59;1977917;27376554.00
20100618;13.59;13.76;12.82;13.00;3098652;40714652.00
20100621;13.00;13.40;12.77;13.39;1463664;19302946.00
20100622;13.26;13.85;13.25;13.67;1789877;24395924.00
20100623;13.62;13.65;13.33;13.50;2954221;39865292.00
20100624;13.37;13.69;13.26;13.40;1317400;17739356.00
20100625;10.20;10.33;9.66;9.92;2415416;24003826.00
20100628;9.92;10.02;9.79;9.95;2217726;22020434.00
20100629;9.97;9.97;8.96;8.96;3402821;31481062.00
20100630;8.80;8.92;8.45;8.60;2980299;25769774.00
20100701;8.60;8.82;8.55;8.57;2070373;17964728.00
20100702;8.67;8.71;8.22;8.55;1753929;14965044.00
20100705;8.50;8.53;8.28;8.48;1249299;10542147.00
20100706;8.43;9.33;8.43;8.89;4686259;42285544.00
20100707;8.81;9.03;8.81;9.00;2535784;22608828.00
20100708;9.02;9.03;8.80;8.88;1750367;15597687.00
20100709;8.88;9.17;8.80;9.08;2919712;26409564.00
20100712;8.92;9.21;8.62;9.13;7116851;63553024.00
20100713;8.97;9.04;8.72;8.75;4640517;41086416.00
20100714;8.71;8.92;8.71;8.75;3797560;33434648.00
20100715;8.76;8.81;8.41;8.44;3078639;26632680.00
20100716;8.34;8.57;8.26;8.52;2299094;19281482.00
20100719;8.41;8.79;8.41;8.73;2273390;19609098.00
20100720;8.71;9.09;8.68;9.06;4918548;44030496.00
20100721;9.03;9.28;9.02;9.16;4893912;44861712.00
20100722;9.14;9.28;8.98;9.22;4821180;44076480.00
20100723;9.22;9.25;9.05;9.20;4022033;36806412.00
20100726;9.20;9.38;9.17;9.31;3789267;35151352.00
20100727;9.29;9.35;9.14;9.17;3294851;30461106.00
20100728;9.18;10.09;9.13;10.09;15362224;152445376.00
20100729;10.14;11.10;9.97;11.09;24348102;254448880.00
20100730;10.70;10.91;10.42;10.71;15188141;162061648.00
20100802;10.65;11.68;10.53;11.39;14784654;161808208.00
20100803;11.20;11.70;11.10;11.13;15374504;175091712.00
20100804;11.01;11.63;11.00;11.57;12857033;145118272.00
20100805;11.51;11.78;11.31;11.53;9201225;105837608.00
20100806;11.45;12.10;11.42;11.78;12137587;143425008.00
20100809;11.70;11.92;11.56;11.67;9309288;108970824.00
20100810;11.66;11.66;10.90;10.90;9679979;109522360.00
20100811;10.88;11.10;10.63;10.88;7448435;80734760.00
20100812;10.70;11.15;10.59;10.89;7051327;76468840.00
20100813;10.78;11.19;10.75;11.09;5965519;65482632.00
20100816;11.07;11.48;10.98;11.35;7934366;89294648.00
20100817;11.39;11.95;11.35;11.70;10516050;123319272.00
20100818;11.65;11.89;11.36;11.73;7353730;85635552.00
20100819;11.68;11.81;11.48;11.55;5337952;62015076.00
20100820;11.52;11.57;11.00;11.09;5144177;58024792.00
20100823;11.09;11.34;11.02;11.26;3125723;34964008.00
20100824;11.25;11.29;10.95;11.07;4191041;46694848.00
20100825;11.00;11.18;10.63;10.70;4332295;47069248.00
20100826;10.58;10.88;10.58;10.74;2588320;27701532.00
20100827;10.70;11.10;10.65;11.03;3607345;39464200.00
20100830;11.30;11.54;11.23;11.48;6819729;77887608.00
20100831;11.35;11.95;11.32;11.81;11437280;134401408.00
20100901;11.82;11.90;11.32;11.54;6877665;79774368.00
20100902;11.75;12.26;11.50;12.00;11156390;133284360.00
20100903;11.98;12.40;11.85;12.04;9537671;115587904.00
20100906;12.03;12.49;11.82;11.98;9525130;115379408.00
20100907;11.89;11.94;11.60;11.86;5184871;60918900.00
20100908;11.86;12.02;11.75;11.96;4743172;56536752.00
20100910;11.85;12.96;11.72;12.49;11817732;146097120.00
20100913;12.45;12.69;12.18;12.55;8619270;107340280.00
20100914;12.60;12.71;12.24;12.34;5949556;73886808.00
20100915;12.50;12.89;12.32;12.54;8778845;110765712.00
20100916;12.60;12.97;11.82;12.02;8105567;100513400.00
20100917;12.00;12.13;11.61;11.74;4104588;48468148.00
20100920;11.70;11.86;11.01;11.20;3806928;43389932.00
20100921;11.25;11.60;11.25;11.25;2217869;25229446.00
20100927;11.35;11.60;11.26;11.58;2082116;23903338.00
20100928;11.56;11.56;11.26;11.34;2242189;25518538.00
20100929;11.34;11.41;10.82;11.02;2966899;32935670.00
20100930;11.00;11.29;10.86;11.16;1976263;22044664.00
20101008;11.25;11.80;11.25;11.63;3099996;35847352.00
20101011;11.70;11.96;11.58;11.79;4784621;56425064.00
20101012;11.79;12.00;11.65;11.91;3468252;41212680.00
20101013;11.90;11.90;11.55;11.77;3482501;40786620.00
20101014;11.94;11.94;11.08;11.16;4345631;49638464.00
20101015;11.17;11.40;10.88;11.05;3808531;42438120.00
20101019;10.75;11.36;10.53;11.28;3766329;41627264.00
20101020;10.99;11.60;10.88;11.52;5567676;62375988.00
20101021;11.50;12.09;11.45;11.99;8514052;101466704.00
20101022;11.87;12.06;11.75;11.92;4875389;58056968.00
20101025;11.93;12.35;11.93;12.27;7403175;90246992.00
20101026;12.32;12.70;12.12;12.38;8111326;100213592.00
20101027;12.38;13.35;12.26;12.91;14269156;183676640.00
20101028;12.87;13.20;12.58;13.00;8220360;105914216.00
20101029;13.05;13.35;12.65;12.80;5785269;74477672.00
20101101;12.80;13.08;12.56;12.93;6622526;84759360.00
20101102;12.91;13.49;12.58;13.17;10555359;138081152.00
20101103;13.13;13.40;12.71;12.71;5959791;77386024.00
20101104;12.73;12.90;12.62;12.80;3860231;49368908.00
20101105;12.88;13.35;12.71;13.19;6632514;87270760.00
20101108;13.31;13.81;13.20;13.68;10169165;137658688.00
20101109;13.73;14.00;13.45;13.75;7599535;104395216.00
20101110;13.68;14.13;13.55;13.79;7382001;102067792.00
20101111;13.70;14.38;13.42;13.79;9854983;136748352.00
20101112;13.58;14.35;12.80;13.00;11999118;163501232.00
20101115;12.80;13.08;12.54;13.04;6695091;85921344.00
20101116;13.08;13.20;12.19;12.19;6218034;79153584.00
20101117;12.09;12.29;11.48;11.53;4500941;53742352.00
20101118;11.71;11.75;11.43;11.61;2776966;32267566.00
20101119;11.70;12.11;11.61;12.07;3358918;39719436.00
20101122;12.07;12.51;11.92;12.51;5250306;64516148.00
20101123;12.44;12.44;11.90;12.17;3400622;41223732.00
20101124;12.08;12.59;12.00;12.51;3846351;47251684.00
20101125;12.52;13.10;12.52;12.98;6607210;85114368.00
20101126;12.85;13.10;12.63;12.96;4595677;59310008.00
20101129;12.76;13.11;12.76;13.00;3226863;41702200.00
20101130;12.85;13.43;12.50;13.10;6627852;85641336.00
20101201;13.11;13.57;13.11;13.43;9510954;127218344.00
20101202;13.49;13.67;13.23;13.24;7733729;104135264.00
20101203;13.20;13.28;12.61;12.65;5425756;69775416.00
20101206;12.70;12.75;12.14;12.40;3484723;43135888.00
20101207;12.28;12.67;12.05;12.56;2615620;32304860.00
20101208;12.60;12.63;12.35;12.35;2008207;25041616.00
20101209;12.30;12.43;11.98;11.99;2546313;30877048.00
20101210;11.89;12.22;11.89;12.15;1365169;16553834.00
20101213;12.20;12.50;12.20;12.43;2855516;35393836.00
20101214;12.50;13.67;12.38;13.67;13234566;175704656.00
20101215;13.88;13.98;13.03;13.15;12801439;172603360.00
20101216;13.10;13.37;12.95;13.13;4469626;58824468.00
20101217;13.21;13.57;13.08;13.20;6211527;82726720.00
20101220;13.37;13.66;12.79;13.35;7326016;97016056.00
20101221;13.35;13.50;13.05;13.40;4049562;53833500.00
20101222;13.39;13.68;13.29;13.47;6567625;88794344.00
20101223;13.40;13.45;12.57;12.60;5725714;74384600.00
20101227;12.50;12.70;11.90;12.02;4324123;53277068.00
20101228;11.90;11.95;11.04;11.30;3901332;44681672.00
20101229;11.32;11.50;11.16;11.45;1775246;20091370.00
20101230;11.46;11.56;11.16;11.37;1409025;15992891.00
20101231;11.48;11.69;11.35;11.66;2091583;24187584.00
20110104;11.81;11.90;11.62;11.82;2280641;26848576.00
20110105;11.83;11.84;11.52;11.55;3396388;39626048.00
20110106;11.56;11.82;11.49;11.72;2818375;32808934.00
20110107;11.79;12.08;11.72;11.91;3454350;41059352.00
20110110;11.91;11.97;11.20;11.30;2934568;33811452.00
20110111;11.30;11.35;10.90;11.15;2496351;27612322.00
20110112;11.13;11.31;11.09;11.22;1396635;15610435.00
20110113;11.23;11.35;11.10;11.16;1067045;11935377.00
20110114;11.17;11.17;10.66;10.72;2129127;23035074.00
20110117;10.72;10.72;10.02;10.06;2693261;27639850.00
20110118;10.00;10.13;9.95;10.04;1330616;13368628.00
20110119;10.11;10.31;10.04;10.28;1234605;12586340.00
20110120;10.28;10.35;9.89;9.95;1535858;15495936.00
20110121;9.90;10.11;9.79;9.97;1304009;12978522.00
20110124;10.05;10.05;9.61;9.65;1565022;15316418.00
20110125;9.59;9.76;9.52;9.71;1075272;10405750.00
20110126;9.84;10.18;9.78;10.07;1450158;14562981.00
20110127;10.01;10.30;9.86;10.18;1166289;11854335.00
20110128;10.22;10.36;10.10;10.23;1305190;13364883.00
20110131;10.30;10.45;10.20;10.37;1234711;12792430.00
20110201;10.38;10.56;10.23;10.39;1607216;16788560.00
20110209;10.39;10.56;10.20;10.46;1561884;16290948.00
20110210;10.38;10.98;10.38;10.85;2230272;24165268.00
20110211;10.80;11.15;10.71;10.85;1880722;20501244.00
20110214;10.91;11.21;10.89;11.07;2124066;23431860.00
20110215;11.07;11.15;10.91;11.01;2006164;22145796.00
20110216;11.00;11.16;10.92;11.16;2447641;27001482.00
20110217;11.27;11.48;11.09;11.32;2960000;33360976.00
20110218;11.31;11.32;11.00;11.05;2233896;24876972.00
20110221;10.98;11.40;10.95;11.29;3018134;33732376.00
20110222;11.29;11.78;11.20;11.22;5527060;63491400.00
20110223;11.17;11.65;11.12;11.55;4040646;46461084.00
20110224;11.58;11.93;11.48;11.91;4891011;57446316.00
20110225;11.89;11.89;11.60;11.74;3103368;36430620.00
20110228;11.78;12.10;11.78;12.00;3369114;40410972.00
20110301;11.99;12.26;11.92;12.14;3560426;43015504.00
20110302;12.04;13.25;10.93;12.65;7730956;95579216.00
20110303;12.63;12.98;12.27;12.52;6362994;80215936.00
20110304;12.35;12.58;12.29;12.48;2793719;34785464.00
20110307;13.02;13.73;13.02;13.29;11690430;156404432.00
20110308;13.02;13.50;13.01;13.30;5541317;73769576.00
20110309;13.31;13.44;13.00;13.20;4551575;59998272.00
20110310;13.07;13.19;12.70;12.75;4161233;53566028.00
20110311;12.75;13.05;12.72;12.73;3372165;43386668.00
20110314;12.80;13.45;12.80;13.21;4596099;60543324.00
20110315;13.32;13.32;12.30;12.77;5075012;64616280.00
20110316;12.86;12.98;12.64;12.80;2575170;32949232.00
20110317;12.70;12.75;12.32;12.59;2764169;34688000.00
20110318;12.40;12.53;12.00;12.25;7306808;89110224.00
20110321;12.20;12.22;11.76;11.84;4718656;56283820.00
20110322;11.80;11.97;11.70;11.93;2255185;26747600.00
20110323;11.93;11.98;11.80;11.95;3135264;37304708.00
20110324;11.99;12.00;11.75;11.89;3527828;41922672.00
20110325;11.89;12.15;11.82;12.14;3933005;47352884.00
20110328;12.16;12.49;12.16;12.35;6092538;75402536.00
20110329;12.35;12.46;11.90;11.95;3702629;45261772.00
20110330;11.92;11.96;11.50;11.59;3838220;44731952.00
20110331;11.60;11.73;11.28;11.30;2355565;26987640.00
20110401;11.30;11.50;11.23;11.41;1429052;16267406.00
20110406;11.40;11.56;11.25;11.43;1680626;19229678.00
20110407;11.45;11.82;11.45;11.80;2273880;26634766.00
20110408;11.81;11.90;11.54;11.78;2258565;26462014.00
20110411;11.81;11.96;11.70;11.70;2222949;26296642.00
20110412;11.65;11.65;11.37;11.42;2560324;29377560.00
20110413;11.38;11.56;11.32;11.55;1540343;17608480.00
20110414;11.58;11.88;11.50;11.72;2756093;32300300.00
20110415;11.75;12.28;11.43;12.08;5159893;61488128.00
20110419;12.16;12.96;11.91;12.68;11586619;144383648.00
20110420;12.60;12.60;12.13;12.21;5401700;66318688.00
20110421;12.13;12.45;12.10;12.20;3493337;42662748.00
20110422;12.20;12.20;11.77;11.84;3467661;41373840.00
20110425;11.83;11.83;11.15;11.20;3450506;39145756.00
20110426;11.20;11.32;10.95;10.98;1718534;19021006.00
20110427;11.00;11.17;10.69;10.76;1604335;17501956.00
20110428;10.85;10.96;10.55;10.60;1378585;14835502.00
20110429;10.60;10.80;10.50;10.79;1335124;14196608.00
20110503;10.79;10.91;10.54;10.89;1714004;18414778.00
20110504;10.85;10.85;10.61;10.61;1739755;18582786.00
20110505;10.60;10.69;10.52;10.65;1046844;11096645.00
20110506;10.55;10.75;10.36;10.64;1074043;11318514.00
20110509;10.65;10.82;10.57;10.68;1208464;12940222.00
20110510;10.68;11.29;10.68;11.06;2688497;29645522.00
20110511;11.05;11.18;10.90;11.08;1930808;21301538.00
20110512;11.07;11.33;10.93;11.01;2546650;28387844.00
20110513;11.01;11.16;10.65;10.92;1991398;21579856.00
20110516;11.00;11.08;10.77;10.93;1329672;14537092.00
20110517;10.89;10.98;10.53;10.78;1591882;17068870.00
20110518;10.75;10.81;10.60;10.78;1147530;12301181.00
20110519;10.70;10.95;10.68;10.70;1574679;16989552.00
20110520;10.70;11.77;10.60;11.77;6036111;69608632.00
20110523;12.07;12.60;11.81;12.09;18232477;222032112.00
20110524;11.96;12.74;11.71;12.26;13826973;170132592.00
20110525;12.05;12.45;11.81;12.28;10699905;129754256.00
20110526;12.12;12.99;11.90;12.42;16731990;210346416.00
20110527;12.60;12.72;11.18;11.21;11871669;140022784.00
20110530;11.00;11.00;10.09;10.09;8568262;88204768.00
20110531;10.01;10.55;9.96;10.34;5948412;60925360.00
20110601;10.30;10.85;10.12;10.59;5805142;61000988.00
20110602;10.38;10.67;10.07;10.38;4617000;47888968.00
20110603;10.38;10.57;10.18;10.46;4005208;41636900.00
20110607;10.35;10.67;10.33;10.56;3351769;35246456.00
20110608;10.53;10.74;10.36;10.63;4056055;42788256.00
20110609;10.62;10.67;10.18;10.20;3708309;38649072.00
20110610;10.53;11.21;10.50;10.74;7480086;80665184.00
20110613;10.73;11.13;10.73;11.09;6703766;73420424.00
20110614;10.96;11.30;10.84;11.17;6854919;76248664.00
20110615;11.02;11.46;10.95;11.27;7570093;84974576.00
20110616;11.09;11.15;10.78;10.80;4371596;47886784.00
20110617;10.75;10.83;10.20;10.30;3400796;35981000.00
20110620;10.30;10.35;10.04;10.11;2612900;26507956.00
20110621;10.13;10.52;10.11;10.43;2634555;27134882.00
20110622;10.46;10.48;10.25;10.31;1903189;19703204.00
20110623;10.31;10.67;10.21;10.59;2530706;26658072.00
20110624;10.53;10.97;10.52;10.84;4105957;44283520.00
20110627;10.77;11.10;10.77;10.99;4264354;46553776.00
20110628;10.95;11.09;10.88;10.94;2950368;32435920.00
20110629;10.92;11.16;10.75;10.77;4132157;45492768.00
20110630;10.77;11.35;10.75;11.08;4607597;51100668.00
20110701;11.10;11.33;11.06;11.07;3704097;41353636.00
20110704;11.10;11.44;11.01;11.31;4415867;49594296.00
20110705;11.32;11.77;11.26;11.54;5311191;61197832.00
20110706;11.54;11.73;11.32;11.67;3975813;45609276.00
20110707;11.57;11.81;11.41;11.42;4811723;55812192.00
20110708;11.42;11.73;11.33;11.47;3583738;41380876.00
20110711;11.47;11.80;11.47;11.66;3861933;45034252.00
20110712;11.55;11.58;11.15;11.18;5004414;56585168.00
20110713;11.18;11.68;11.18;11.55;4760119;54472460.00
20110714;11.55;11.78;11.51;11.73;4694953;54885084.00
20110715;11.74;11.95;11.66;11.83;4364647;51575492.00
20110718;11.83;11.90;11.65;11.73;3426088;40295980.00
20110719;11.64;11.83;11.64;11.73;2810155;32971470.00
20110720;11.80;11.87;11.60;11.75;2793949;32772818.00
20110721;11.70;11.83;11.46;11.52;2814084;32697900.00
20110722;11.50;12.00;11.50;11.97;5178065;61126884.00
20110725;11.90;12.07;11.32;11.44;5942566;69989296.00
20110726;11.42;11.52;11.26;11.41;2483305;28310054.00
20110727;11.40;11.86;11.28;11.81;3647125;42558708.00
20110728;11.69;11.80;11.50;11.72;2975488;34618304.00
20110729;11.62;11.74;11.15;11.20;3664185;41840296.00
20110801;11.21;11.52;10.93;11.39;2853192;31981608.00
20110802;11.20;11.39;10.98;11.36;2157673;24205432.00
20110803;11.20;11.55;11.12;11.41;1693761;19288386.00
20110804;11.35;11.79;11.35;11.75;3663625;42696684.00
20110805;11.30;11.68;11.21;11.60;2832667;32621504.00
20110808;11.47;11.60;10.60;10.88;4353010;48005136.00
20110810;11.16;11.97;11.11;11.97;10736625;126346520.00
20110811;11.94;12.76;11.78;12.43;19804908;243283072.00
20110812;12.39;12.96;12.24;12.64;19557197;244040000.00
20110815;12.60;12.97;12.31;12.59;15261002;192945648.00
20110816;12.59;13.24;12.30;12.84;21040491;269546976.00
20110817;12.80;13.08;12.20;12.39;15959567;200953840.00
20110818;12.60;12.60;11.84;11.85;9229205;112056272.00
20110819;11.54;11.72;11.33;11.53;6205739;71271688.00
20110822;11.44;11.67;11.36;11.41;3643821;41927036.00
20110823;11.53;11.72;11.44;11.66;4354964;50536268.00
20110824;11.72;11.83;11.25;11.28;5564541;64368040.00
20110825;11.29;11.55;11.21;11.53;4023166;45903136.00
20110826;11.45;11.78;11.42;11.69;4658918;54343920.00
20110829;11.65;12.05;11.61;11.79;5592565;66146312.00
20110830;11.80;11.91;11.50;11.53;3822789;44818020.00
20110831;11.55;11.60;11.30;11.45;2361667;27011274.00
20110901;11.61;11.75;11.42;11.45;2737604;31717414.00
20110902;11.35;11.51;10.98;11.09;3403819;37839460.00
20110905;10.92;10.92;10.45;10.51;2902116;30934168.00
20110906;10.49;10.69;10.44;10.69;1839278;19419114.00
20110907;10.68;11.10;10.65;11.08;3127070;34195964.00
20110908;11.17;11.17;10.80;10.80;2618947;28801634.00
20110909;10.82;11.03;10.80;10.97;1910964;20883128.00
20110913;10.81;11.30;10.73;11.17;3587084;39863544.00
20110914;11.15;11.36;11.00;11.35;3337449;37347900.00
20110915;11.41;11.88;11.38;11.54;6221015;72511968.00
20110916;11.57;11.66;11.35;11.45;3600757;41314668.00
20110919;11.33;11.33;10.75;10.80;3599687;39454616.00
20110920;10.75;11.03;10.74;10.92;1558038;16968890.00
20110921;10.84;11.21;10.64;11.19;4268664;46823668.00
20110922;11.00;11.29;10.91;11.10;4568435;50731228.00
20110923;10.97;10.97;10.53;10.87;2798181;30080360.00
20110926;10.78;10.87;10.62;10.70;1456999;15698060.00
20110927;10.82;10.85;10.67;10.82;1404071;15113719.00
20110928;10.90;10.97;10.55;10.63;2070500;22310378.00
20110929;10.52;10.60;10.10;10.10;1721238;17744646.00
20110930;10.21;10.28;9.80;10.28;1720516;17302860.00
20111011;11.00;11.05;10.50;10.72;3918258;42060636.00
20111012;10.60;11.18;10.46;11.10;4102719;45013348.00
20111013;11.10;11.27;10.98;11.09;3106278;34470632.00
20111014;11.12;11.21;10.96;11.08;2546484;28258860.00
20111017;11.13;11.23;11.01;11.07;2383841;26492466.00
20111018;10.93;11.02;10.60;10.93;4778518;51966084.00
20111019;10.88;11.15;10.62;11.10;3663935;40144788.00
20111020;11.08;11.29;10.77;11.14;7210837;79596768.00
20111021;11.26;11.32;10.82;11.09;7664743;85060768.00
20111024;11.15;11.28;10.28;11.26;7093835;77674568.00
20111025;11.00;11.63;10.96;11.46;6863406;78344272.00
20111026;11.38;12.14;11.35;11.68;11789326;138841968.00
20111027;11.75;11.96;11.40;11.73;9775559;114016224.00
20111028;11.76;12.05;11.62;11.80;6201681;73156496.00
20111031;11.84;12.15;11.69;12.01;7496317;89399256.00
20111101;12.02;12.07;11.73;11.95;7445863;89047560.00
20111102;11.82;12.32;11.60;12.07;12230759;146313856.00
20111103;12.36;12.43;12.05;12.21;13210035;161482112.00
20111104;12.21;12.36;12.11;12.18;7024201;86001112.00
20111107;12.05;12.43;11.86;12.32;12548147;153268784.00
20111108;12.39;12.80;12.19;12.40;15338687;190772384.00
20111109;12.42;12.46;12.15;12.40;4953922;60948092.00
20111110;12.35;12.68;12.17;12.17;9585959;119270056.00
20111111;12.50;12.79;12.30;12.67;15128404;190727088.00
20111114;12.90;13.00;12.38;12.47;18821881;237387184.00
20111115;12.38;12.45;12.01;12.17;10962467;133467232.00
20111116;12.09;12.16;11.60;11.70;6588502;78254040.00
20111118;11.63;11.69;11.40;11.53;3687514;42546428.00
20111121;11.56;11.67;11.52;11.66;2446909;28388300.00
20111122;11.56;11.60;11.29;11.54;2573444;29501056.00
20111123;11.51;11.62;11.28;11.35;2188116;25036348.00
20111124;11.19;11.23;10.97;11.09;2710699;30037644.00
20111125;11.07;11.21;10.82;10.89;2525453;27887930.00
20111128;11.00;11.13;10.93;11.02;1945427;21419968.00
20111129;11.10;11.17;10.99;11.15;2620626;29082492.00
20111130;11.16;11.16;10.41;10.53;3477280;37433416.00
20111201;10.79;10.87;10.66;10.67;3183308;34285788.00
20111202;10.57;10.66;10.43;10.46;1708928;17993508.00
20111205;10.46;10.62;10.28;10.55;2124564;22259280.00
20111206;10.50;10.64;10.44;10.55;1702125;17924018.00
20111207;10.63;10.77;10.55;10.63;2272414;24256888.00
20111208;10.68;10.69;10.32;10.51;1972461;20743312.00
20111209;10.45;10.52;10.35;10.38;1117294;11628587.00
20111212;10.44;10.44;10.26;10.26;1086167;11249639.00
20111213;10.20;10.20;9.71;9.84;2346203;23206956.00
20111214;9.82;9.91;9.73;9.74;1237763;12156243.00
20111215;9.70;9.74;9.20;9.32;1769926;16784732.00
20111216;9.32;9.66;9.25;9.61;1305556;12299836.00
20111219;9.50;9.54;9.25;9.49;1527021;14342306.00
20111220;9.40;9.69;9.38;9.53;1412721;13557453.00
20111221;9.61;9.67;9.26;9.28;1199259;11391696.00
20111222;9.21;9.22;8.68;9.01;2058221;18323416.00
20111223;8.93;9.15;8.83;9.02;1099384;9919195.00
20111226;9.02;9.09;8.91;8.91;633574;5702663.50
20111227;8.84;8.92;8.45;8.48;1277239;11090623.00
20111228;8.51;8.51;8.00;8.30;1701232;13953961.00
20111229;8.24;8.35;8.15;8.24;1019831;8429651.00
20111230;8.26;8.39;8.26;8.36;1078758;8988322.00
20120104;8.40;8.47;8.06;8.12;1119330;9326944.00
20120105;8.08;8.10;7.65;7.66;1461323;11447193.00
20120106;7.69;7.86;7.39;7.84;1768734;13448096.00
20120109;7.85;8.23;7.78;8.17;2114208;16975206.00
20120110;8.19;8.57;8.11;8.50;3251515;27327490.00
20120111;8.50;8.65;8.42;8.55;2549959;21735642.00
20120112;8.48;8.75;8.45;8.58;2610300;22468072.00
20120113;8.55;8.60;8.18;8.21;2076828;17294350.00
20120116;8.11;8.23;7.81;7.88;1318131;10642365.00
20120117;7.85;8.45;7.85;8.43;1712550;14075830.00
20120118;8.43;8.61;8.34;8.40;2979678;25299718.00
20120119;8.38;8.52;8.22;8.45;1523081;12791168.00
20120120;8.45;8.64;8.45;8.56;1619996;13850391.00
20120130;8.62;8.64;8.43;8.50;1425614;12177501.00
20120131;8.52;8.52;8.31;8.42;1025027;8618846.00
20120201;8.41;8.63;8.40;8.46;1603476;13647900.00
20120202;8.57;8.69;8.48;8.69;1983531;17050902.00
20120203;8.69;8.98;8.65;8.90;3343811;29644572.00
20120206;8.92;8.97;8.75;8.90;3036515;26912584.00
20120207;8.81;8.83;8.63;8.72;2274839;19821410.00
20120208;8.66;8.92;8.66;8.91;2571853;22714802.00
20120209;8.90;9.09;8.82;8.92;2964039;26536022.00
20120210;8.86;9.01;8.84;8.95;2465049;22010220.00
20120213;8.89;9.14;8.75;9.06;2893580;26009288.00
20120214;9.08;9.24;9.02;9.06;2727043;24865464.00
20120215;9.10;9.28;8.99;9.22;2651571;24257156.00
20120216;9.23;9.35;9.12;9.29;2738703;25301926.00
20120217;9.24;9.35;9.06;9.20;1895494;17448614.00
20120220;9.30;9.36;9.16;9.18;1692144;15623240.00
20120221;9.18;9.57;9.16;9.53;5071156;47742672.00
20120222;9.54;9.62;9.43;9.57;3264922;31101804.00
20120223;9.58;9.62;9.43;9.58;2293240;21899542.00
20120224;9.58;9.75;9.52;9.75;3481619;33542062.00
20120229;9.85;9.93;9.23;9.25;7077996;67967904.00
20120301;9.13;9.25;9.05;9.14;3309669;30299960.00
20120302;9.18;9.29;9.15;9.28;2886174;26642578.00
20120305;9.31;9.63;9.29;9.56;4580588;43362748.00
20120306;9.55;9.78;9.43;9.69;4342351;41692764.00
20120307;9.55;9.78;9.51;9.56;3435385;33210584.00
20120308;9.57;9.71;9.51;9.59;2712126;26112926.00
20120309;9.60;9.82;9.55;9.80;3634661;35176772.00
20120312;9.83;10.05;9.75;9.92;4085699;40374672.00
20120313;9.89;10.40;9.76;10.35;6605767;66640576.00
20120314;10.40;10.40;9.68;9.74;5313207;53748528.00
20120315;9.59;9.94;9.59;9.82;3237343;31697228.00
20120316;9.90;10.40;9.83;10.28;6548253;66631900.00
20120319;10.16;10.45;10.11;10.39;4003090;41290956.00
20120321;10.38;10.42;10.00;10.31;5501579;56528168.00
20120322;10.31;10.31;10.09;10.12;1974155;20062168.00
20120323;10.12;10.12;9.75;9.93;4937819;48863496.00
20120326;9.92;9.97;9.80;9.86;996720;9832994.00
20120327;9.88;10.28;9.80;10.16;4765621;47695460.00
20120328;10.03;10.04;9.60;9.88;4219404;41611076.00
20120329;9.74;10.36;9.60;10.28;12751877;129632384.00
20120330;10.22;10.70;10.06;10.63;15032769;156560784.00
20120405;10.49;11.18;10.36;10.90;11907928;127297296.00
20120406;10.90;10.90;10.57;10.85;6409971;68902408.00
20120409;10.89;10.89;10.51;10.75;5447543;58389664.00
20120410;10.75;11.08;10.43;11.02;15756554;170356496.00
20120411;10.94;11.33;10.66;11.09;8793473;96399336.00
20120412;11.20;11.40;10.38;10.60;22389661;239015232.00
20120413;10.40;10.40;10.08;10.16;13254573;134994832.00
20120416;10.00;10.00;9.80;9.81;7490178;73898136.00
20120417;9.85;10.01;9.82;9.90;5197357;51474400.00
20120418;9.90;9.90;9.61;9.83;7361568;71700592.00
20120419;9.74;9.97;9.70;9.88;4808028;47456672.00
20120420;9.80;9.90;9.69;9.75;4512965;44091896.00
20120423;9.75;9.81;9.20;9.20;5806582;55371372.00
20120424;9.19;9.23;8.70;8.95;4801929;43081404.00
20120425;8.90;9.18;8.85;9.17;3456923;31354098.00
20120426;9.17;9.17;9.02;9.05;2629869;23872838.00
20120427;9.05;9.13;8.94;9.05;1969549;17727050.00
20120502;9.11;9.19;9.06;9.13;2485110;22700702.00
20120503;9.16;9.32;9.10;9.29;2902127;26851260.00
20120507;9.32;9.37;9.20;9.29;2084130;19341764.00
20120508;9.23;9.39;9.23;9.32;2504208;23360156.00
20120509;9.28;9.35;9.06;9.06;2247113;20668980.00
20120510;9.09;9.17;8.98;9.01;1788167;16221335.00
20120511;8.93;9.09;8.92;8.93;1575109;14163283.00
20120514;8.93;9.06;8.93;8.95;1643265;14785014.00
20120515;8.91;8.92;8.74;8.81;1842299;16206472.00
20120516;8.82;8.82;8.56;8.59;1839202;15983226.00
20120517;8.55;8.72;8.55;8.70;1345616;11637231.00
20120518;8.63;8.77;8.60;8.61;1579062;13694054.00
20120521;8.61;8.68;8.58;8.62;967141;8342034.00
20120522;8.64;8.86;8.64;8.81;1951684;17144380.00
20120523;8.80;8.82;8.69;8.77;1648721;14414834.00
20120524;8.79;8.87;8.76;8.80;1294013;11387524.00
20120525;8.87;8.94;8.75;8.76;1767821;15623304.00
20120528;8.75;8.75;8.36;8.69;1802926;15425222.00
20120529;8.69;8.83;8.62;8.80;1828538;16016607.00
20120530;8.81;8.89;8.75;8.82;1587098;14013581.00
20120531;8.80;8.85;8.72;8.78;1203254;10560658.00
20120601;8.79;8.85;8.72;8.75;1381413;12153453.00
20120604;8.61;8.62;8.30;8.30;1959441;16544308.00
20120605;8.30;8.44;8.23;8.25;836222;6937799.50
20120606;8.30;8.35;8.15;8.20;809708;6666321.00
20120607;8.27;8.33;8.11;8.13;919812;7561513.50
20120608;8.24;8.29;8.12;8.14;968469;7950286.50
20120611;8.15;8.26;8.00;8.23;788434;6460976.50
20120612;8.23;8.32;8.18;8.31;787485;6505869.00
20120613;8.31;8.44;8.26;8.42;940718;7846905.00
20120614;8.37;8.46;8.33;8.38;848578;7121172.50
20120615;8.42;8.42;8.21;8.30;801652;6664754.50
20120618;8.31;8.38;8.26;8.33;950108;7892992.00
20120619;8.34;8.34;8.21;8.24;716185;5906552.00
20120620;8.24;8.28;8.18;8.20;689901;5676986.50
20120621;8.16;8.19;8.02;8.05;983312;7952064.50
20120625;8.03;8.03;7.75;7.77;838441;6605062.50
20120626;7.81;7.86;7.75;7.83;685429;5350661.50
20120627;7.85;7.90;7.79;7.81;640027;5025225.00
20120628;7.84;7.84;7.58;7.60;655881;5069717.50
20120629;7.54;7.71;7.45;7.69;702574;5339612.00
20120702;7.77;7.85;7.70;7.78;732389;5692339.00
20120703;7.78;7.96;7.75;7.88;1280473;10090704.00
20120704;7.85;7.91;7.80;7.82;559555;4384633.00
20120705;7.82;7.82;7.57;7.59;873232;6695943.50
20120706;7.70;7.74;7.52;7.69;942071;7211976.50
20120709;7.78;8.38;7.78;8.02;5906454;48287296.00
20120710;7.81;8.25;7.81;8.15;3534062;28516222.00
20120711;8.02;8.28;8.02;8.22;2704184;22104210.00
20120712;8.20;8.26;8.10;8.23;2277236;18674998.00
20120713;8.25;8.25;8.13;8.16;1288026;10514764.00
20120716;7.74;7.77;7.34;7.34;4036538;29952548.00
20120717;7.20;7.20;6.92;7.11;2282119;16126181.00
20120718;7.13;7.18;6.99;7.13;1223422;8669683.00
20120719;7.13;7.26;7.07;7.24;1490738;10716282.00
20120720;7.38;7.59;7.33;7.36;2737746;20341568.00
20120723;7.28;7.39;7.15;7.22;1026358;7415258.00
20120724;7.15;7.30;7.05;7.26;832410;6008742.50
20120725;7.26;7.29;7.18;7.21;630432;4556220.00
20120726;7.21;7.26;7.11;7.11;780672;5611894.00
20120727;7.13;7.26;7.13;7.23;869757;6274038.00
20120730;7.20;7.25;6.96;7.03;933145;6579307.00
20120731;6.96;7.07;6.94;6.98;643382;4515156.50
20120801;6.96;7.16;6.96;7.10;746306;5313411.00
20120802;7.11;7.28;7.11;7.14;1001731;7217199.50
20120803;7.10;7.25;7.10;7.22;761232;5479468.50
20120806;7.22;7.33;7.16;7.33;1524037;11076378.00
20120807;7.33;7.38;7.27;7.37;2079060;15253054.00
20120808;7.38;7.38;7.22;7.31;1372087;10032273.00
20120809;7.31;7.41;7.23;7.40;1633615;12020819.00
20120810;7.39;7.43;7.33;7.37;1228984;9063577.00
20120813;7.39;7.50;7.22;7.22;1389824;10226106.00
20120814;7.20;7.48;7.16;7.41;1383410;10101467.00
20120815;7.41;7.41;7.30;7.30;655335;4805587.00
20120816;7.24;7.35;7.10;7.12;1018157;7347087.50
20120817;7.14;7.19;7.07;7.15;633508;4521186.00
20120820;7.18;7.54;7.05;7.38;2017130;14807567.00
20120821;7.38;7.44;7.28;7.35;1908538;14050657.00
20120822;7.35;7.40;7.26;7.32;1030538;7558485.00
20120823;7.34;7.46;7.31;7.38;1257328;9273075.00
20120824;7.30;7.37;7.18;7.18;821268;5975596.50
20120827;7.17;7.17;6.90;6.97;1227079;8600824.00
20120828;6.92;7.02;6.82;6.93;1051702;7282521.00
20120829;6.89;6.98;6.83;6.88;670055;4623887.50
20120830;6.86;6.91;6.66;6.69;867726;5870627.00
20120831;6.71;6.79;6.65;6.75;328729;2212036.25
20120903;6.76;6.90;6.70;6.84;597576;4078821.75
20120904;6.84;6.90;6.76;6.80;552289;3774945.75
20120905;6.84;7.19;6.81;6.97;2555154;18012324.00
20120906;6.90;7.10;6.89;7.07;1215497;8504166.00
20120907;7.18;7.29;7.07;7.24;2940010;21145082.00
20120910;7.20;7.30;7.16;7.26;1929592;13961464.00
20120911;7.23;7.60;7.04;7.48;4271707;31365498.00
20120912;7.40;7.55;7.33;7.40;3121682;23208352.00
20120913;7.40;7.41;7.16;7.19;2018044;14685770.00
20120914;7.24;7.28;7.17;7.23;1169190;8443532.00
20120917;7.23;7.23;6.89;6.89;1571652;11046249.00
20120918;6.89;6.96;6.81;6.90;485764;3345931.75
20120919;6.92;6.96;6.88;6.94;429173;2972148.50
20120920;6.93;6.93;6.65;6.67;954906;6467906.00
20120921;6.67;6.76;6.60;6.65;424274;2835815.50
20120924;6.67;6.77;6.60;6.70;482733;3219233.50
20120925;6.70;6.73;6.63;6.66;401012;2680079.50
20120926;6.65;6.70;6.45;6.48;579786;3796322.25
20120927;6.49;6.71;6.44;6.65;851847;5627954.50
20120928;6.63;6.78;6.56;6.75;1018823;6818937.00
20121008;6.75;6.78;6.70;6.73;514339;3462024.00
20121009;6.69;6.90;6.69;6.89;967962;6628599.50
20121010;6.85;6.96;6.84;6.93;1159924;8018935.50
20121011;6.95;6.95;6.74;6.75;950397;6477986.00
20121012;6.80;6.88;6.72;6.81;1204588;8207349.00
20121015;6.78;6.78;6.55;6.66;1109486;7351388.00
20121016;6.67;7.33;6.60;7.33;6270283;45545120.00
20121017;7.35;7.39;7.12;7.17;6693552;48531564.00
20121018;7.07;7.20;7.04;7.17;4424386;31529498.00
20121019;7.12;7.18;7.04;7.07;2596771;18410818.00
20121022;7.00;7.08;6.95;7.05;1786458;12558581.00
20121023;7.06;7.11;6.89;7.08;3660104;25626612.00
20121024;6.96;7.09;6.92;7.02;2056242;14405644.00
20121025;7.00;7.08;6.92;6.92;1723372;12043343.00
20121026;6.90;6.90;6.56;6.62;2531058;16875324.00
20121029;6.58;6.62;6.48;6.58;905722;5923753.50
20121030;6.58;6.66;6.53;6.54;927834;6106558.50
20121031;6.50;6.58;6.48;6.56;765388;4996289.50
20121101;6.60;6.72;6.54;6.68;1097252;7294773.50
20121102;6.70;6.70;6.63;6.70;893589;5956052.50
20121105;6.67;6.74;6.63;6.70;841450;5616378.00
20121106;6.71;6.71;6.48;6.63;874423;5741777.00
20121107;6.69;6.76;6.52;6.63;1076189;7140290.50
20121108;6.55;6.56;6.35;6.35;1260163;8149374.00
20121109;6.36;6.46;6.34;6.37;926538;5931764.00
20121112;6.41;6.49;6.37;6.44;495500;3185198.00
20121113;6.44;6.44;6.28;6.31;899391;5714331.50
20121114;6.30;6.39;6.29;6.38;547453;3463128.25
20121115;6.35;6.45;6.33;6.38;766444;4898847.00
20121116;6.27;6.41;6.27;6.30;813500;5178627.00
20121119;6.34;6.34;6.12;6.18;880288;5454711.50
20121120;6.17;6.29;6.17;6.23;744678;4639725.00
20121121;6.23;6.28;6.15;6.27;623250;3869411.00
20121122;6.26;6.35;6.22;6.30;486642;3051044.50
20121123;6.32;6.38;6.27;6.30;528552;3340199.00
20121126;6.26;6.29;6.12;6.15;482504;2994849.25
20121127;6.17;6.17;5.83;5.83;930700;5546981.00
20121128;5.84;5.84;5.72;5.76;539318;3108227.00
20121129;5.76;5.82;5.62;5.64;380885;2178754.25
20121130;5.60;5.72;5.60;5.67;359151;2039306.75
20121203;5.70;5.70;5.50;5.50;439999;2480270.50
20121204;5.50;5.58;5.36;5.55;553877;3025804.75
20121205;5.55;5.86;5.44;5.79;1197336;6879887.50
20121206;5.79;5.97;5.73;5.79;1002630;5844102.50
20121207;5.74;5.91;5.67;5.87;1007947;5871079.50
20121210;5.87;6.01;5.86;5.96;1014101;6025223.00
20121211;6.04;6.04;5.89;5.89;1203942;7191652.00
20121212;5.89;5.94;5.76;5.83;759122;4432013.00
20121213;5.76;5.91;5.73;5.75;848540;4934306.50
20121214;5.76;5.98;5.73;5.96;1372143;8125259.00
20121217;5.96;6.07;5.94;6.05;1457839;8778358.00
20121218;6.05;6.25;6.01;6.06;2017360;12379444.00
20121219;6.00;6.29;5.96;6.22;2265620;13951335.00
20121220;6.22;6.22;6.00;6.12;1645827;10048913.00
20121221;6.12;6.21;6.06;6.14;1332392;8172510.00
20121224;6.14;6.37;6.08;6.25;2405331;14987505.00
20121225;6.23;6.34;6.16;6.32;2283182;14343575.00
20121226;6.34;6.49;6.30;6.44;2675556;17077902.00
20121227;6.41;6.48;6.32;6.32;1842512;11773119.00
20121228;6.33;6.70;6.33;6.52;4249868;27658242.00
20121231;6.60;6.72;6.49;6.61;3114020;20513082.00
20130104;6.56;6.65;6.40;6.45;2321006;15040992.00
20130107;6.36;6.99;6.36;6.92;5129220;34270064.00
20130108;6.82;6.87;6.66;6.78;3921960;26552468.00
20130109;6.79;7.12;6.73;6.99;4837980;33707668.00
20130110;7.69;7.69;7.09;7.14;9558946;71067096.00
20130111;7.00;7.26;6.73;6.77;6693793;46996076.00
20130114;6.71;6.95;6.62;6.92;3891101;26574944.00
20130115;6.87;7.02;6.82;6.96;3418003;23729370.00
20130116;6.95;7.14;6.91;7.09;3434586;24109138.00
20130117;7.06;7.06;6.85;6.88;2291698;15875068.00
20130118;6.84;6.95;6.73;6.89;2397058;16407005.00
20130121;6.88;6.92;6.80;6.92;1582049;10854264.00
20130122;6.92;6.92;6.62;6.69;1909626;12938015.00
20130123;6.69;6.79;6.60;6.71;1231926;8237965.00
20130124;6.72;6.84;6.46;6.56;1830133;12186922.00
20130125;6.60;6.65;6.52;6.54;1011368;6645668.00
20130128;6.36;6.63;6.36;6.59;1967842;12884704.00
20130129;6.60;6.67;6.58;6.62;1378106;9119638.00
20130130;6.66;6.68;6.48;6.53;3203219;20906990.00
20130131;6.53;6.54;6.45;6.52;1603715;10437418.00
20130201;6.50;6.59;6.48;6.57;1442548;9438659.00
20130204;6.53;6.56;6.35;6.40;2335279;15040425.00
20130205;6.40;6.48;6.36;6.46;1162241;7486390.50
20130206;6.48;6.67;6.47;6.60;1967440;12994843.00
20130207;6.61;6.66;6.56;6.61;860846;5684535.00
20130208;6.64;6.77;6.62;6.67;1787550;11977176.00
20130218;6.68;6.80;6.68;6.80;1551021;10459073.00
20130219;6.80;6.84;6.65;6.68;1297793;8740509.00
20130220;6.71;6.91;6.68;6.88;2030576;13851176.00
20130221;6.88;6.88;6.65;6.74;1360617;9183905.00
20130222;6.75;6.93;6.63;6.65;2063463;13964110.00
20130225;6.62;6.90;6.55;6.70;2244482;14991020.00
20130226;6.70;7.25;6.61;6.85;4414857;30447386.00
20130227;6.80;6.92;6.73;6.79;1701063;11591231.00
20130228;6.90;6.92;6.67;6.81;2184569;14803008.00
20130301;6.81;6.86;6.75;6.85;1838587;12535115.00
20130304;6.81;7.30;6.73;7.00;7360474;51949556.00
20130305;7.01;7.20;6.88;7.15;6707109;47371764.00
20130306;7.14;7.22;7.02;7.17;3992272;28429596.00
20130307;7.14;7.20;6.90;6.98;3451644;24324442.00
20130308;6.97;7.05;6.92;6.93;1696484;11823235.00
20130311;6.84;6.99;6.84;6.89;908813;6267293.50
20130312;6.85;6.92;6.56;6.64;1843421;12392086.00
20130313;6.65;6.67;6.50;6.60;1120851;7350041.00
20130314;6.61;6.71;6.52;6.55;875916;5798488.00
20130315;6.61;6.63;6.49;6.56;726748;4779150.00
20130318;6.60;6.70;6.54;6.59;1031144;6827560.50
20130319;6.63;6.81;6.48;6.75;2203133;14701993.00
20130320;6.72;7.02;6.66;6.85;3535469;24156068.00
20130321;6.80;6.95;6.79;6.85;2626167;17997804.00
20130322;6.85;6.92;6.72;6.91;2477701;17015236.00
20130325;6.94;6.99;6.85;6.87;1371343;9468686.00
20130326;6.86;6.87;6.64;6.77;1357021;9145378.00
20130327;6.77;6.84;6.72;6.78;1341269;9090490.00
20130328;6.74;6.78;6.43;6.47;1568507;10334458.00
20130329;6.50;6.55;6.41;6.42;674988;4360001.50
20130401;6.42;6.47;6.35;6.40;832980;5348608.50
20130402;6.40;6.49;6.27;6.29;997784;6381157.50
20130403;6.31;6.46;6.21;6.24;723101;4530373.50
20130408;6.24;6.24;5.93;6.22;516512;3162281.50
20130409;6.24;6.39;6.17;6.31;535564;3384047.75
20130410;6.30;6.38;6.27;6.31;635588;4016840.75
20130411;6.31;6.36;6.23;6.25;508539;3200868.25
20130412;6.20;6.25;6.16;6.19;729654;4512578.50
20130415;6.11;6.18;6.03;6.03;589206;3584307.25
20130416;6.04;6.05;5.95;6.05;653870;3926425.75
20130417;6.06;6.23;6.03;6.16;726438;4438301.50
20130418;6.17;6.21;6.11;6.16;486830;2992360.25
20130419;6.19;6.27;6.15;6.26;655411;4081344.50
20130422;6.23;6.23;6.14;6.20;784091;4837910.00
20130423;6.22;6.23;6.07;6.09;885366;5434590.50
20130424;6.10;6.15;6.06;6.13;486980;2975074.75
20130425;6.11;6.14;5.99;6.00;854350;5158946.50
20130426;6.03;6.04;5.76;5.80;795754;4666827.50
20130502;5.80;5.90;5.80;5.84;445891;2610295.25
20130503;5.83;6.04;5.83;5.95;680985;4063578.25
20130506;5.90;6.05;5.90;6.03;587380;3527843.75
20130507;5.99;6.07;5.98;6.05;548091;3305557.75
20130508;6.08;6.12;6.02;6.09;679669;4132108.50
20130509;6.17;6.25;6.06;6.14;1247735;7685469.50
20130510;6.23;6.39;6.20;6.31;2160785;13582387.00
20130513;6.25;6.33;6.17;6.19;1183585;7370195.00
20130514;6.22;6.34;6.19;6.25;1226934;7691616.00
20130515;6.20;6.34;6.19;6.27;794060;4968203.50
20130516;6.28;6.35;6.19;6.31;1375630;8664260.00
20130517;6.33;6.38;6.26;6.35;1630846;10339119.00
20130520;6.38;6.49;6.34;6.48;2709054;17416712.00
20130521;6.45;6.57;6.43;6.55;2442216;15848383.00
20130522;6.50;6.52;6.38;6.39;1612906;10402445.00
20130523;6.36;6.68;6.18;6.61;5126977;33125298.00
20130524;6.61;6.68;6.56;6.62;4331732;28760242.00
20130527;6.64;6.64;6.48;6.59;1665062;10929425.00
20130528;6.60;6.65;6.53;6.58;1168844;7698180.00
20130529;6.56;6.63;6.53;6.60;1392699;9146541.00
20130530;6.58;6.61;6.45;6.60;2001162;13080520.00
20130531;6.66;6.69;6.51;6.51;2117496;13995888.00
20130603;6.51;6.56;6.43;6.45;1481919;9605592.00
20130604;6.48;6.48;6.25;6.26;1415403;8970238.00
20130605;6.26;6.39;6.20;6.33;1282702;8038450.50
20130606;6.21;6.43;6.21;6.41;1216460;7706323.50
20130607;6.40;6.57;6.25;6.31;2114168;13485305.00
20130613;6.27;6.27;6.05;6.14;1316869;8077976.50
20130614;6.17;6.45;6.12;6.39;1795696;11234931.00
20130617;6.38;6.69;6.30;6.59;2179248;14269072.00
20130618;6.58;6.65;6.43;6.55;2429411;15808315.00
20130619;6.55;6.59;6.28;6.35;1654251;10546546.00
20130620;6.35;6.39;6.25;6.26;1191130;7504293.50
20130621;6.16;6.30;5.95;6.28;1575796;9580102.00
20130624;6.23;6.36;6.01;6.25;1963406;12134107.00
20130625;6.19;6.28;5.63;5.90;3347142;19342430.00
20130626;5.80;5.95;5.80;5.91;907400;5344098.00
20130627;5.90;6.00;5.80;5.83;1108205;6570942.00
20130628;5.66;5.95;5.66;5.81;1637857;9500523.00
20130701;5.75;6.05;5.75;5.99;1303963;7701027.50
20130702;6.01;6.18;5.93;6.00;1224479;7366061.00
20130703;6.01;6.29;5.96;6.28;2817338;17331666.00
20130704;6.20;6.36;6.06;6.21;1964142;12292378.00
20130705;6.21;6.34;6.15;6.26;1504332;9354628.00
20130708;6.17;6.25;6.00;6.15;1323157;8081076.00
20130709;6.16;6.37;6.09;6.35;2014235;12552258.00
20130710;6.32;6.47;6.26;6.31;3081023;19549064.00
20130711;6.33;6.67;6.30;6.40;3360575;21548774.00
20130712;6.35;6.44;6.15;6.20;2251998;14245127.00
20130715;6.18;6.29;6.10;6.21;1469794;9112293.00
20130716;6.21;6.32;6.15;6.29;1193720;7455315.00
20130717;6.30;6.31;6.20;6.20;703702;4402055.00
20130718;6.20;6.23;6.14;6.16;1011673;6245989.00
20130719;6.11;6.42;6.04;6.23;3950067;24503214.00
20130722;6.30;6.30;6.12;6.17;2549050;15701512.00
20130723;6.16;6.25;6.10;6.22;1580599;9798566.00
20130724;6.20;6.23;6.09;6.13;1247680;7656256.00
20130725;6.18;6.18;6.03;6.06;973610;5927467.50
20130726;6.06;6.24;5.98;6.17;1522483;9279078.00
20130729;6.17;6.23;6.03;6.09;1729254;10584978.00
20130730;6.10;6.17;6.02;6.03;827251;5019393.00
20130731;6.00;6.10;6.00;6.02;562168;3392597.75
20130801;6.05;6.22;6.03;6.20;1993293;12249420.00
20130802;6.23;6.32;6.15;6.18;2985112;18544432.00
20130805;6.15;6.37;6.13;6.28;2218422;13874170.00
20130806;6.27;6.37;6.20;6.28;2205737;13805879.00
20130807;6.27;6.35;6.14;6.16;2234579;13824745.00
20130808;6.15;6.17;6.10;6.15;782468;4807283.50
20130809;6.13;6.19;6.08;6.12;850916;5217039.50
20130812;6.09;6.25;6.09;6.21;1806899;11157805.00
20130813;6.24;6.26;6.19;6.24;1847368;11508655.00
20130814;6.27;6.33;6.24;6.25;1873511;11755020.00
20130815;6.25;6.29;6.11;6.12;1463531;9066664.00
20130816;6.12;6.19;6.06;6.07;1424986;8692018.00
20130819;6.07;6.13;6.03;6.10;815255;4971867.50
20130820;6.11;6.14;6.07;6.09;1029004;6287009.00
20130821;6.09;6.15;6.07;6.13;862663;5278441.00
20130822;6.11;6.14;6.06;6.09;1111273;6770298.00
20130823;6.05;6.30;6.03;6.24;3286872;20209968.00
20130826;6.24;6.26;6.17;6.23;2824882;17539172.00
20130827;6.22;6.30;6.20;6.25;1529529;9548571.00
20130828;6.22;6.27;6.15;6.16;1478269;9175919.00
20130829;6.22;6.22;6.12;6.15;1136161;6995727.00
20130830;6.15;6.27;6.11;6.11;1709280;10559796.00
20130902;6.14;6.23;6.09;6.21;1308215;8054086.50
20130903;6.20;6.26;6.17;6.24;1243345;7735049.00
20130904;6.26;6.29;6.18;6.23;950351;5914552.50
20130905;6.24;6.36;6.20;6.28;2330840;14624229.00
20130906;6.34;6.36;6.24;6.33;2569129;16170033.00
20130909;6.40;6.40;6.29;6.31;1791262;11329584.00
20130910;6.35;6.35;6.26;6.34;2045765;12912457.00
20130911;6.34;6.46;6.30;6.45;3852266;24633246.00
20130912;6.44;6.45;6.37;6.40;1604487;10272387.00
20130913;6.36;6.41;6.29;6.37;1441199;9148226.00
20130916;6.39;6.40;6.30;6.32;811107;5148917.00
20130917;6.32;6.32;6.18;6.19;1607670;10035550.00
20130918;6.24;6.28;6.15;6.24;857460;5331173.50
20130923;6.22;6.28;6.20;6.26;1196972;7476027.50
20130924;6.23;6.28;6.19;6.22;1123680;6988990.50
20130925;6.21;6.32;6.20;6.29;1811287;11353026.00
20130926;6.31;6.31;6.12;6.17;1424541;8867285.00
20130927;6.11;6.23;6.11;6.16;773179;4781145.00
20130930;6.18;6.25;6.14;6.22;686401;4248766.50
20131008;6.22;6.27;6.20;6.27;1110395;6929657.00
20131009;6.25;6.30;6.20;6.28;1020721;6380983.00
20131010;6.30;6.31;6.23;6.27;993929;6221513.00
20131011;6.28;6.30;6.23;6.30;1290667;8092396.00
20131014;6.29;6.36;6.26;6.36;1528270;9656610.00
20131015;6.36;6.36;6.29;6.33;1204221;7621694.00
20131016;6.33;6.33;6.17;6.20;1314079;8185234.00
20131017;6.22;6.25;6.17;6.19;1161449;7213036.00
20131018;6.21;6.25;6.18;6.21;640875;3985150.25
20131021;6.23;6.43;6.23;6.34;1821144;11562788.00
20131022;6.32;6.44;6.31;6.35;1157842;7356689.00
20131023;6.33;6.38;6.26;6.27;1337653;8446560.00
20131024;6.30;6.40;6.25;6.39;1841928;11666543.00
20131025;6.35;6.77;6.29;6.59;7587004;49685144.00
20131028;6.55;6.64;6.45;6.58;3707174;24358336.00
20131029;6.52;6.57;5.92;6.27;5122488;32240806.00
20131030;6.30;6.37;6.07;6.35;2218192;13871003.00
20131031;6.29;6.34;6.17;6.22;1479655;9223439.00
20131101;6.22;6.29;6.15;6.25;793125;4936658.50
20131104;6.25;6.31;6.17;6.28;1218734;7593774.00
20131105;6.29;6.91;6.26;6.91;9815209;65575820.00
20131106;6.95;7.06;6.81;6.85;8403377;58035408.00
20131107;6.83;6.90;6.65;6.86;4246589;28741210.00
20131108;6.87;6.87;6.65;6.79;3087591;20899574.00
20131111;6.75;6.89;6.61;6.85;3932632;26633892.00
20131112;6.80;6.92;6.73;6.86;3040865;20803164.00
20131113;6.88;7.15;6.77;6.90;5467356;38193232.00
20131114;6.81;6.89;6.62;6.78;3133929;21261284.00
20131115;6.77;7.07;6.68;6.97;4725550;32588614.00
20131118;7.05;7.14;6.92;6.95;3685552;25749032.00
20131119;6.91;7.01;6.83;6.97;3316270;22913330.00
20131120;6.97;6.99;6.85;6.95;1862056;12884103.00
20131121;6.96;7.29;6.91;7.20;5870912;41646648.00
20131122;7.26;7.48;7.14;7.29;6521998;47523184.00
20131125;7.38;7.46;7.16;7.20;4236015;30774610.00
20131126;7.17;7.30;7.14;7.16;2436902;17545452.00
20131127;7.15;7.23;7.08;7.20;2023673;14484718.00
20131128;7.20;7.26;7.10;7.15;2914836;20906768.00
20131129;7.14;7.16;7.06;7.08;2468399;17500682.00
20131202;6.93;6.94;6.54;6.60;4106993;27779140.00
20131203;6.62;6.89;6.58;6.80;1651872;11123058.00
20131204;6.78;6.88;6.75;6.81;1744107;11919628.00
20131205;6.82;6.83;6.74;6.75;1077915;7302349.50
20131206;6.77;6.92;6.74;6.85;1658467;11339925.00
20131209;6.85;7.02;6.85;6.97;1840655;12830770.00
20131210;6.97;7.05;6.92;6.97;1387965;9684995.00
20131211;6.96;7.13;6.94;7.04;2009304;14106062.00
20131212;7.10;7.11;6.92;6.92;1518769;10638223.00
20131213;7.00;7.10;6.93;6.95;1834540;12883579.00
20131216;6.93;7.00;6.85;6.86;1278119;8823468.00
20131217;6.87;6.89;6.80;6.84;879900;6018572.50
20131218;6.80;6.86;6.76;6.81;859280;5860333.50
20131219;6.82;6.86;6.74;6.74;898075;6099250.00
20131220;6.74;6.79;6.70;6.75;612093;4124354.25
20131223;6.87;6.91;6.74;6.82;704433;4804335.00
20131224;6.79;6.91;6.78;6.87;785262;5374335.00
20131225;6.87;6.90;6.79;6.86;853894;5845342.00
20131226;6.85;6.87;6.69;6.72;937306;6364265.50
20131227;6.73;6.87;6.70;6.87;1043343;7067249.00
20131230;6.86;6.93;6.83;6.88;819912;5651518.00
20131231;6.91;7.08;6.88;7.02;1350186;9459403.00
20140102;7.05;7.06;6.95;7.06;897259;6286702.50
20140103;7.02;7.07;6.93;6.94;982497;6850118.00
20140106;6.94;6.94;6.75;6.80;913906;6226939.00
20140107;6.75;6.88;6.75;6.81;549996;3745386.75
20140108;6.86;6.92;6.73;6.78;964261;6580154.50
20140109;6.78;6.90;6.78;6.82;984505;6729317.00
20140110;6.81;6.89;6.62;6.64;1102330;7465869.00
20140113;6.65;6.70;6.54;6.58;613609;4064459.25
20140114;6.60;6.79;6.56;6.76;576824;3838691.50
20140115;6.76;6.76;6.66;6.71;466600;3125811.25
20140116;6.76;6.81;6.66;6.69;803877;5407069.00
20140117;6.69;6.70;6.51;6.55;858830;5645073.00
20140120;6.56;6.60;6.45;6.50;707694;4614744.00
20140121;6.50;6.58;6.50;6.54;664801;4345034.00
20140122;6.56;6.71;6.54;6.69;1006145;6670402.50
20140123;6.73;6.73;6.64;6.65;677319;4516006.50
20140124;6.65;6.76;6.63;6.69;806858;5407898.50
20140127;6.73;6.76;6.62;6.65;1010820;6749067.50
20140128;6.65;6.67;6.51;6.66;942453;6230218.00
20140129;6.67;6.70;6.62;6.66;565976;3773857.75
20140130;6.64;6.73;6.64;6.70;700124;4686277.50
20140207;6.71;6.79;6.66;6.78;696229;4692477.50
20140210;6.80;7.08;6.80;6.98;3041982;21152554.00
20140211;7.00;7.15;6.90;6.95;2620265;18419508.00
20140212;7.01;7.13;6.90;7.05;1967522;13821811.00
20140213;7.05;7.21;6.95;6.95;2599334;18438450.00
20140214;6.92;7.03;6.85;7.00;2232042;15514495.00
20140217;7.05;7.13;6.97;7.12;2143305;15117003.00
20140218;7.13;7.14;7.02;7.08;2207691;15636344.00
20140219;7.08;7.27;7.01;7.16;2768972;19798060.00
20140220;7.12;7.22;6.95;6.97;1755058;12405797.00
20140221;6.97;7.03;6.89;6.99;1201323;8358488.50
20140224;6.97;6.97;6.86;6.94;1301111;8996063.00
20140225;6.94;6.97;6.62;6.64;3223517;21882324.00
20140226;6.60;6.67;6.55;6.67;1165446;7715003.00
20140227;6.70;6.76;6.53;6.55;1275693;8477337.00
20140228;6.59;6.72;6.49;6.66;1194336;7848347.00
20140303;6.68;6.80;6.68;6.79;1332826;8993453.00
20140304;6.70;6.78;6.64;6.74;1061125;7102716.00
20140305;6.81;7.41;6.81;7.41;5736643;42390448.00
20140306;7.73;8.15;7.60;8.15;12072972;95970872.00
20140307;8.60;8.97;8.47;8.97;30875252;273846560.00
20140310;9.38;9.87;9.26;9.87;19536110;191015680.00
20140311;10.16;10.86;10.10;10.86;38009628;404916288.00
20140312;9.77;9.77;9.77;9.77;3738600;36526120.00
20140313;9.15;9.50;8.96;9.20;34023738;312339808.00
20140314;9.22;10.06;8.95;9.65;33970445;319423520.00
20140317;9.00;9.82;8.99;9.52;26535984;247800288.00
20140318;9.33;10.47;9.32;10.47;34530870;348833472.00
20140319;10.20;11.43;9.92;11.15;40854020;438648160.00
20140320;10.85;11.00;10.30;10.39;25333752;270436896.00
20140321;10.25;10.36;9.46;9.95;24030661;237171248.00
20140324;9.80;10.09;9.63;9.90;19848092;194991232.00
20140325;9.72;10.02;9.40;9.67;17464292;168839600.00
20140326;10.10;10.64;10.00;10.64;33695520;352674880.00
20140327;9.88;10.56;9.62;9.90;23751962;240563136.00
20140328;9.70;10.47;9.70;9.99;20423521;206227728.00
20140331;9.80;9.80;8.99;8.99;19553369;177747776.00
20140401;8.88;9.25;8.71;9.07;12442305;112056232.00
20140402;9.05;9.16;8.82;8.93;10921328;98108552.00
20140403;8.97;8.97;8.52;8.79;13233469;115439488.00
20140404;8.78;9.03;8.72;8.94;12608235;111978600.00
20140408;8.82;9.07;8.55;8.93;12882316;113759800.00
20140409;8.94;9.13;8.82;9.08;11504485;103581064.00
20140410;9.15;9.55;9.00;9.26;16976772;157474704.00
20140411;9.10;9.16;8.72;8.82;11524990;102439120.00
20140414;8.85;9.23;8.84;9.17;10740748;97692080.00
20140415;9.10;9.17;8.90;8.97;7727379;69576184.00
20140416;8.88;9.15;8.81;9.02;8128362;73118280.00
20140417;8.96;9.78;8.79;9.63;19541592;180976992.00
20140418;9.60;9.76;9.35;9.59;16982405;162376480.00
20140421;9.45;9.49;9.01;9.05;10788236;99869544.00
20140422;8.91;9.00;8.60;8.81;8797108;77255536.00
20140423;8.79;9.10;8.61;8.88;7833652;69199688.00
20140424;8.80;8.89;8.46;8.49;6011500;52244256.00
20140425;8.42;8.52;8.08;8.09;6949612;57926856.00
20140428;7.94;8.02;7.70;7.87;4970134;39085456.00
20140429;7.80;8.12;7.78;8.08;4694502;37409848.00
20140430;8.08;8.12;8.00;8.05;3384973;27287754.00
20140505;7.97;8.36;7.91;8.23;3825420;31079536.00
20140506;8.20;8.36;8.10;8.22;3975009;32729800.00
20140507;8.12;8.18;7.83;7.83;4598965;36834240.00
20140508;7.79;8.61;7.77;8.61;14436507;122150984.00
20140509;8.58;8.60;8.17;8.22;11818325;98675240.00
20140512;8.30;8.55;8.26;8.43;9020112;75829584.00
20140513;8.32;8.50;8.29;8.40;5377997;45065820.00
20140514;8.40;8.80;8.30;8.69;9823796;84606728.00
20140515;8.56;8.62;8.21;8.27;6700060;56224596.00
20140516;8.22;8.26;8.00;8.21;4039065;32898788.00
20140519;8.12;8.29;8.00;8.10;3358997;27282342.00
20140520;8.17;8.52;8.16;8.28;5583184;46456108.00
20140521;8.23;8.57;8.05;8.48;6270584;52654380.00
20140522;8.43;8.70;8.38;8.47;7734851;66216072.00
20140523;8.40;8.65;8.36;8.62;5087072;43435828.00
20140526;8.80;8.94;8.57;8.74;6863610;59701444.00
20140527;8.64;8.71;8.50;8.57;4685792;40202292.00
20140528;8.60;8.77;8.48;8.66;5985626;51718608.00
20140529;8.71;8.86;8.41;8.44;5786041;50030564.00
20140530;8.40;8.40;8.20;8.35;4313429;35794408.00
20140603;8.26;8.63;8.26;8.57;5184676;43982436.00
20140604;8.50;8.53;8.27;8.41;3539739;29663896.00
20140605;8.41;8.56;8.35;8.55;3795886;32224526.00
20140606;8.50;8.63;8.41;8.55;4085939;34788828.00
20140609;8.52;8.69;8.40;8.53;4158088;35590216.00
20140610;8.53;8.88;8.44;8.72;7940625;68979928.00
20140611;8.65;8.93;8.63;8.86;8024238;70643000.00
20140612;8.84;9.44;8.72;9.18;13015808;118191680.00
20140613;9.10;9.90;9.06;9.59;17590568;166816432.00
20140616;9.55;9.58;9.24;9.41;9718244;91574152.00
20140617;9.35;9.82;9.28;9.50;12021328;114959056.00
20140618;9.45;9.48;9.00;9.26;9423213;87099544.00
20140619;9.80;10.19;9.46;9.49;21905814;216208048.00
20140620;9.11;9.46;8.96;9.28;13312721;122207112.00
20140623;6.06;6.26;6.04;6.09;12897910;79221152.00
20140624;6.05;6.18;6.01;6.14;11036925;67369184.00
20140625;6.06;6.09;5.79;5.81;13862444;82062664.00
20140626;5.81;5.96;5.81;5.93;9463070;55834908.00
20140627;6.00;6.51;6.00;6.23;25578687;160463216.00
20140630;6.19;6.53;6.13;6.47;21637507;138549536.00
20140701;6.40;6.60;6.30;6.52;17773249;114714448.00
20140702;6.49;6.52;6.37;6.52;12491242;80477176.00
20140703;6.46;6.80;6.40;6.68;21101524;140770224.00
20140704;6.68;6.70;6.40;6.45;14242203;92745296.00
20140707;6.48;6.49;6.31;6.43;7593792;48467868.00
20140708;6.40;6.69;6.31;6.62;12525818;81813328.00
20140709;6.57;6.69;6.33;6.33;11909157;77547904.00
20140710;6.30;6.55;6.25;6.42;8817808;56619936.00
20140711;6.40;6.51;6.30;6.39;10554022;67711528.00
20140714;6.38;6.98;6.34;6.79;24318126;162067200.00
20140715;7.10;7.47;6.93;7.47;48811385;357406944.00
20140716;7.40;7.40;6.90;7.02;37913994;270993920.00
20140717;6.90;6.98;6.73;6.90;16877341;115396696.00
20140718;6.80;7.20;6.78;6.96;16121345;113113600.00
20140721;7.06;7.66;6.98;7.66;49152952;371412160.00
20140722;7.85;8.43;7.85;8.43;31003769;252827984.00
20140723;8.75;8.93;8.20;8.64;63216292;542052032.00
20140724;8.00;8.25;7.78;8.11;41866764;335557952.00
20140725;7.85;8.24;7.81;7.97;23714843;190469024.00
20140728;7.85;8.17;7.70;8.10;27495710;218843328.00
20140729;8.02;8.39;7.90;8.28;35180004;287230176.00
20140730;8.19;8.20;7.95;8.04;25742627;207775872.00
20140731;7.95;8.36;7.85;8.13;29326919;237428640.00
20140801;7.97;8.05;7.50;7.69;37378914;291041024.00
20140804;7.62;7.81;7.62;7.80;15473492;119522312.00
20140805;7.79;7.88;7.62;7.86;14946411;116139728.00
20140806;7.82;7.98;7.68;7.84;21402037;168630976.00
20140807;7.80;7.88;7.53;7.54;22971487;176170160.00
20140808;7.53;7.63;7.44;7.61;11130846;83962032.00
20140811;7.59;7.88;7.49;7.77;17298784;134137240.00
20140812;7.75;8.08;7.69;8.05;30456961;241491760.00
20140813;7.96;8.04;7.60;7.80;28912061;225448208.00
20140814;7.78;8.00;7.67;7.97;24023422;189377856.00
20140815;7.94;8.17;7.80;7.98;48924210;391017888.00
20140818;7.99;8.03;7.73;7.84;35964349;281523904.00
20140819;7.82;7.98;7.70;7.94;29565653;232255312.00
20140820;7.91;8.00;7.80;7.90;21773007;171852864.00
20140821;7.89;7.97;7.59;7.69;26874547;207829648.00
20140822;7.63;7.73;7.51;7.65;16856713;128393528.00
20140825;7.63;7.67;7.52;7.53;10376285;78571824.00
20140826;7.50;7.50;7.15;7.19;16812114;123212608.00
20140827;7.20;7.55;7.15;7.38;15854691;116418456.00
20140828;7.32;7.39;7.22;7.24;6880763;50166508.00
20140829;7.24;7.50;7.20;7.41;11326126;83582080.00
20140901;7.36;7.49;7.35;7.48;10139494;75478792.00
20140902;7.49;7.63;7.49;7.56;15234046;115212632.00
20140903;7.58;7.69;7.50;7.61;17296412;131147304.00
20140904;7.65;7.93;7.57;7.80;34100947;264635984.00
20140905;7.78;7.85;7.65;7.73;25069971;193593936.00
20140909;7.70;7.74;7.55;7.62;19188218;145981920.00
20140910;7.63;7.81;7.50;7.77;24414832;187450656.00
20140911;7.86;7.87;7.53;7.57;37745546;291174080.00
20140912;7.51;7.64;7.44;7.59;15387131;116114240.00
20140915;7.58;7.64;7.51;7.62;14145971;107289512.00
20140916;7.60;7.66;7.25;7.26;18070485;135497616.00
20140917;7.24;7.50;7.20;7.38;10223882;74970544.00
20140918;7.39;7.53;7.33;7.42;9078103;67507288.00
20140919;7.44;7.47;7.35;7.41;8382063;62145656.00
20140922;7.41;7.54;7.22;7.42;11969147;88068136.00
20140923;7.32;7.50;7.31;7.44;8445333;62571780.00
20140924;7.47;7.59;7.44;7.54;14799092;111715224.00
20140925;7.55;7.63;7.50;7.53;14447869;109405808.00
20140926;7.50;7.68;7.43;7.65;15966042;121008192.00
20140929;7.66;7.75;7.63;7.71;19391236;149356208.00
20140930;7.73;7.75;7.60;7.70;13591447;104326928.00
20141008;7.71;7.74;7.63;7.74;15166218;116676656.00
20141009;7.73;7.88;7.64;7.88;31036253;241666336.00
20141010;7.83;7.86;7.70;7.70;19084763;148293008.00
20141027;7.06;7.45;7.02;7.24;15237480;110459672.00
20141028;7.25;7.39;7.24;7.33;12874738;94008480.00
20141029;7.34;7.61;7.21;7.51;20907880;154321632.00
20141030;7.45;7.53;7.34;7.38;11399403;84783384.00
20141031;7.36;7.44;7.21;7.27;10365499;75461448.00
20141103;7.25;7.33;7.25;7.33;7421395;54121044.00
20141104;7.30;7.44;7.29;7.33;7461508;54837224.00
20141105;7.35;7.36;7.20;7.33;8174360;59599792.00
20141106;7.33;7.33;7.12;7.21;8324949;60027588.00
20141107;7.23;7.25;7.06;7.07;8635933;61773404.00
20141110;7.09;7.14;7.09;7.14;5922116;42118088.00
20141111;7.14;7.22;6.86;6.89;11252055;78807120.00
20141112;6.84;7.01;6.84;7.00;5391117;37385420.00
20141113;7.01;7.63;6.90;7.56;28906828;212449424.00
20141114;7.42;7.45;7.28;7.44;12976315;95765680.00
20141117;7.47;7.62;7.38;7.53;17101236;128668264.00
20141118;7.59;7.59;7.29;7.31;13218642;97941384.00
20141119;7.32;7.36;7.19;7.28;9677620;70331688.00
20141120;7.26;7.43;7.21;7.34;9298490;67996128.00
20141121;7.30;7.33;7.23;7.27;8669724;62988736.00
20141124;7.30;7.49;7.25;7.40;12474620;91700000.00
20141125;7.38;7.52;7.33;7.46;12557227;93430560.00
20141126;7.55;7.70;7.38;7.39;19680027;148513408.00
20141127;7.39;7.78;7.31;7.64;27325981;207301264.00
20141128;7.55;7.68;7.47;7.49;16579825;125118176.00
20141201;7.49;7.55;7.27;7.34;10938489;80668536.00
20141202;7.33;7.54;7.30;7.40;9289528;69083440.00
20141203;7.38;7.56;7.33;7.56;16864180;126157112.00
20141204;7.55;7.64;7.51;7.59;14757272;111601384.00
20141205;7.57;7.57;7.00;7.22;16770761;122264920.00
20141208;7.24;7.28;7.10;7.17;12875001;92291040.00
20141209;7.17;7.23;6.87;6.92;15373124;108495704.00
20141210;6.95;7.12;6.91;7.09;7618836;53571992.00
20141211;7.10;7.15;7.04;7.12;7368933;52292044.00
20141212;7.11;7.24;7.10;7.22;9078922;65090328.00
20141215;7.25;7.31;7.14;7.27;9998290;72393488.00
20141216;7.28;7.37;7.20;7.22;9508332;69063488.00
20141217;7.20;7.22;7.02;7.09;9985079;70852968.00
20141218;7.04;7.11;7.02;7.04;6889724;48627792.00
20141219;7.03;7.07;6.86;6.91;9965525;69075464.00
20141222;6.93;6.94;6.42;6.48;13331310;88349208.00
20141223;6.48;6.76;6.48;6.54;5177904;34073160.00
20141224;6.58;6.73;6.57;6.73;4756403;31726360.00
20141225;6.70;6.83;6.69;6.77;4250494;28731444.00
20141226;6.73;6.77;6.65;6.69;4823950;32326258.00
20141229;6.69;6.70;6.47;6.50;5692947;37213452.00
20141230;6.49;6.64;6.49;6.55;4137478;27196172.00
20141231;6.56;6.65;6.50;6.56;3670556;24075752.00
20150105;6.56;6.65;6.52;6.65;4892786;32257698.00
20150106;6.63;6.82;6.61;6.80;7684392;51603936.00
20150107;6.75;6.81;6.64;6.73;6155486;41353256.00
20150108;6.70;6.76;6.62;6.72;5213935;34876224.00
20150109;6.68;6.78;6.65;6.66;5303625;35674312.00
20150112;6.62;6.65;6.50;6.52;3825229;25020198.00
20150113;6.54;6.57;6.51;6.55;3920127;25622502.00
20150114;6.54;6.55;6.43;6.50;3643366;23691708.00
20150115;6.55;6.56;6.48;6.56;3554597;23173330.00
20150116;6.59;6.59;6.52;6.57;3719183;24375658.00
20150119;6.50;6.56;6.33;6.42;5080167;32767230.00
20150120;6.42;6.58;6.42;6.57;4731553;30774526.00
20150121;6.58;6.78;6.54;6.70;7408528;49722232.00
20150122;6.71;6.81;6.70;6.76;7293604;49367932.00
20150123;6.78;6.98;6.69;6.89;10848453;74097600.00
20150126;6.82;6.94;6.80;6.89;6653661;45654416.00
20150127;6.89;6.99;6.82;6.93;8090212;56043096.00
20150128;6.85;6.85;6.68;6.77;11010980;74573656.00
20150129;6.73;6.93;6.71;6.87;8295992;56799880.00
20150130;6.87;6.88;6.72;6.73;6044073;41013924.00
20150202;6.61;6.73;6.57;6.68;3491633;23246080.00
20150203;6.67;6.75;6.66;6.74;3007575;20182944.00
20150204;6.76;6.81;6.66;6.67;3624543;24421920.00
20150205;6.75;6.76;6.58;6.58;5134776;34030344.00
20150206;6.56;6.61;6.50;6.53;3656886;23883638.00
20150209;6.52;6.59;6.50;6.54;2929745;19165954.00
20150210;6.54;6.63;6.52;6.56;2641344;17372208.00
20150211;6.57;6.61;6.57;6.60;2637351;17372022.00
20150212;6.65;6.85;6.63;6.81;7019471;47658180.00
20150213;6.88;6.88;6.79;6.81;6977163;47605772.00
20150216;6.81;7.09;6.79;7.01;12983591;90631336.00
20150217;7.03;7.18;6.95;7.07;10945451;77711400.00
20150225;7.08;7.36;7.08;7.17;10910713;79080224.00
20150226;7.29;7.29;7.13;7.20;6536206;46921296.00
20150227;7.19;7.25;7.12;7.18;6235618;44695816.00
20150302;7.20;7.38;7.16;7.35;14963710;109190448.00
20150303;7.35;7.64;7.25;7.50;20827468;155369984.00
20150304;7.50;8.05;7.48;7.89;35018911;274474688.00
20150305;7.84;8.26;7.84;8.12;27586674;223610032.00
20150306;8.13;8.21;8.01;8.11;18392464;149083584.00
20150309;8.10;8.27;8.10;8.21;14600676;119781200.00
20150310;8.21;8.47;8.14;8.23;15038945;124849088.00
20150311;8.20;8.41;8.15;8.18;12361926;102011040.00
20150312;8.18;8.29;7.89;8.01;17591915;141982208.00
20150313;8.03;8.25;8.03;8.18;10951113;89241768.00
20150316;8.23;8.40;8.21;8.40;16254754;135181024.00
20150317;8.38;8.45;8.24;8.31;15834693;131856872.00
20150318;8.37;9.08;8.37;9.00;26967833;236529376.00
20150319;9.00;9.37;8.72;9.00;24893515;226960240.00
20150320;9.15;9.35;8.99;9.05;13279387;120878232.00
20150323;9.01;9.22;8.85;9.09;15405611;138972320.00
20150324;9.18;9.31;8.70;9.11;19461081;176327840.00
20150325;9.02;9.76;8.77;9.50;33251571;311332704.00
20150326;9.36;9.88;9.33;9.39;17499762;167450256.00
20150327;9.40;9.60;9.33;9.43;10421586;98479760.00
20150330;9.43;9.79;9.38;9.59;14998606;143255952.00
20150331;9.55;9.59;9.28;9.42;14551105;137212208.00
20150401;9.43;9.75;9.35;9.59;17667681;169211776.00
20150402;9.59;10.11;9.51;10.07;20493326;199910320.00
20150403;10.15;10.42;9.92;10.25;18301854;187577744.00
20150407;10.29;10.95;10.14;10.69;23637624;246745712.00
20150408;10.69;11.50;10.51;11.08;21980080;243914336.00
20150409;11.12;11.33;10.48;11.30;17601227;193781392.00
20150410;11.34;12.27;11.30;11.83;23420508;276402240.00
20150413;11.80;12.24;11.62;11.96;16327849;195651376.00
20150414;11.94;12.33;11.80;11.85;16342006;196154240.00
20150415;11.87;11.87;11.11;11.20;22568011;256648064.00
20150416;11.03;11.58;10.37;11.17;16421619;182194000.00
20150417;11.18;11.33;10.84;10.91;23618175;259909760.00
20150420;10.78;10.78;9.88;10.00;34780231;358210272.00
20150421;10.06;10.59;10.00;10.49;17949232;185407104.00
20150422;10.55;11.50;10.55;11.31;21036441;232632144.00
20150423;11.32;11.38;10.92;11.04;17192784;190689792.00
20150424;10.79;11.45;10.65;11.15;18822964;209687424.00
20150427;11.20;11.35;10.90;11.04;16726913;185290688.00
20150428;11.05;11.10;10.50;10.60;12039543;128783120.00
20150429;10.70;11.31;10.55;11.30;19419329;214284976.00
20150430;11.48;12.43;11.48;11.85;44068735;531583680.00
20150504;11.64;12.22;11.50;12.02;18451844;220331184.00
20150505;11.92;12.15;11.45;11.66;16926562;197505856.00
20150506;11.66;12.50;11.52;12.00;20017464;240788480.00
20150507;11.91;12.49;11.91;12.09;17203434;209134928.00
20150508;12.15;13.19;12.15;13.04;27155933;341787264.00
20150511;13.08;13.39;12.68;13.22;23285793;305343776.00
20150512;13.22;13.60;12.96;13.30;19298245;255619728.00
20150513;13.30;13.88;12.99;13.45;25533473;344718144.00
20150514;13.45;13.79;13.27;13.72;17052877;231516192.00
20150515;13.51;13.70;13.05;13.41;20788140;277607936.00
20150518;13.21;13.45;13.06;13.27;18516858;245259232.00
20150519;13.30;14.60;13.29;14.16;17818366;249047440.00
20150520;14.30;14.63;13.92;14.44;19144286;275454080.00
20150521;14.44;15.09;14.28;15.04;18277411;268574208.00
20150522;15.10;16.10;14.61;15.89;23137082;356164832.00
20150525;16.40;17.48;16.00;16.74;24131232;406480128.00
20150526;16.75;17.14;16.51;16.80;21371686;357784992.00
20150527;17.00;17.00;16.15;16.35;26606759;436817472.00
20150528;16.08;16.30;14.72;14.72;26700237;415317504.00
20150529;14.65;15.22;13.32;14.50;24645094;354201888.00
20150601;14.55;15.25;14.55;15.11;16603572;249238384.00
20150602;15.11;16.08;14.88;16.07;22490050;347073280.00
20150603;16.07;16.30;15.58;16.00;23187133;369996576.00
20150604;16.30;16.83;15.01;16.20;25736777;416567200.00
20150605;16.79;16.95;15.69;16.07;26052168;422119136.00
20150608;16.70;16.85;16.07;16.62;30458989;501031488.00
20150609;16.66;17.95;15.90;17.31;28415713;474437152.00
20150610;16.90;18.25;16.40;17.68;29349761;514550464.00
20150611;17.70;19.45;17.29;18.80;33944841;622756480.00
20150612;18.60;19.20;18.40;18.50;24384835;456730464.00
20150615;18.48;18.48;17.34;17.40;20726987;370783680.00
20150616;17.22;17.22;16.55;16.56;17811428;299643936.00
20150617;16.80;17.75;16.45;17.52;15937231;270033312.00
20150618;17.53;17.96;16.60;16.68;15979021;279864064.00
20150619;16.20;16.50;15.01;15.30;16230792;254013888.00
20150623;15.30;15.98;13.80;15.90;19090900;281867200.00
20150624;15.98;16.26;15.28;15.90;16662113;264380160.00
20150625;16.09;16.28;15.11;15.48;14970278;238705216.00
20150626;15.00;15.20;13.93;13.93;16129237;232981296.00
20150629;14.02;14.48;12.54;12.54;22306629;293310912.00
20150630;12.10;12.99;11.29;12.81;24566892;295425728.00
20150701;12.90;13.30;11.53;11.53;18000000;228094752.00
20150702;11.30;11.65;10.38;10.38;20189385;215880720.00
20150703;9.53;10.10;9.34;9.34;20247579;192576448.00
20150706;10.25;10.25;8.41;8.41;19847248;181050320.00
20150707;7.70;7.98;7.57;7.57;14761575;112339872.00
20150708;6.81;6.81;6.81;6.81;5987100;40772152.00
20150714;7.49;7.49;7.49;7.49;88993;666557.56
20150715;8.24;8.24;8.24;8.24;3552925;29276102.00
20150716;7.90;8.88;7.42;8.50;29120848;238353152.00
20150717;8.65;9.35;8.50;9.35;21863752;196961088.00
20150720;9.50;10.20;9.33;10.02;26910518;265223008.00
20150721;10.18;10.87;9.72;10.38;22819653;237182016.00
20150722;10.30;10.62;9.85;10.33;18355211;188815760.00
20150723;10.33;11.36;10.28;11.15;23627173;257346912.00
20150724;10.95;11.33;10.59;10.68;21325639;235280288.00
20150727;10.50;11.06;9.61;9.62;20307704;211767312.00
20150728;8.80;10.00;8.69;9.42;21745090;201526528.00
20150729;9.65;10.29;9.16;10.25;16205208;155792464.00
20150730;10.27;10.59;9.69;9.96;14192034;146475264.00
20150731;9.69;10.14;9.50;9.80;11053531;108466176.00
20150803;9.60;9.92;8.90;9.10;14184633;133612056.00
20150804;9.11;10.01;9.09;10.01;22995821;222005936.00
20150805;10.50;11.00;10.19;10.45;24505002;260199328.00
20150806;10.35;11.45;10.12;11.19;23053734;252843600.00
20150807;11.22;11.46;10.80;11.30;24054687;267674256.00
20150810;11.45;11.98;11.25;11.75;23509453;273514176.00
20150811;11.61;11.98;11.40;11.52;17282935;201840064.00
20150812;11.47;12.28;11.34;11.88;19392172;232096496.00
20150813;11.79;12.21;11.51;12.15;13365563;160607856.00
20150814;12.30;12.78;12.24;12.44;13853706;173667120.00
20150817;12.20;12.64;12.17;12.45;10739827;133588376.00
20150818;12.53;12.68;11.21;11.21;16492494;194585632.00
20150819;10.70;11.50;10.09;11.41;23721460;254127424.00
20150820;11.30;12.29;11.03;11.60;21699440;257596208.00
20150821;11.44;11.94;10.58;11.00;16210644;183472000.00
20150824;9.90;10.28;9.90;9.90;14579050;144538928.00
20150825;8.91;9.19;8.91;8.91;16246937;144968432.00
20150826;8.91;9.27;8.02;8.05;22004959;185662448.00
20150827;8.40;8.65;7.45;8.24;15295513;123384376.00
20150828;8.36;8.99;8.33;8.96;14324686;122977600.00
20150831;8.82;9.15;8.45;8.52;11008834;96706128.00
20150901;8.52;8.52;7.67;7.68;9446872;74656720.00
20150902;7.13;8.07;7.12;7.35;12308177;93969424.00
20150907;7.56;8.06;7.56;7.71;9370320;72658280.00
20150908;7.80;8.30;7.60;8.19;7282617;57646212.00
20150909;8.28;8.79;8.20;8.53;11319004;95783448.00
20150910;8.38;8.70;8.20;8.27;7202954;60786408.00
20150911;8.23;8.53;8.17;8.30;6107190;50907064.00
20150914;8.35;8.49;7.47;7.48;10582181;82125000.00
20150915;7.30;7.50;7.16;7.19;7605554;55130772.00
20150916;7.22;7.90;7.15;7.80;13855775;103092776.00
20150917;7.75;7.98;7.50;7.52;12951005;99859568.00
20150918;7.55;7.64;7.45;7.58;5813541;43878064.00
20150921;7.55;7.96;7.50;7.92;6595054;51339020.00
20150922;7.92;8.07;7.82;7.93;6652245;52850556.00
20150923;7.80;8.40;7.80;8.10;9180906;74882592.00
20150924;8.19;8.37;8.10;8.20;7400517;60953532.00
20150925;8.18;8.25;7.80;7.83;6432477;51172884.00
20150928;7.89;7.98;7.83;7.95;3334707;26373438.00
20150929;7.87;7.92;7.79;7.81;3929815;30777318.00
20150930;7.85;8.05;7.80;7.82;3602489;28356480.00
20151008;8.10;8.26;7.97;8.15;5929308;48227692.00
20151009;8.18;8.80;8.15;8.80;13714180;117490264.00
20151012;8.75;9.22;8.61;9.14;17107221;153330848.00
20151013;9.07;9.14;8.89;9.05;10962490;98448480.00
20151014;9.07;9.96;8.98;9.96;22741377;220952016.00
20151015;10.25;10.25;9.82;10.15;34755126;348844352.00
20151016;9.95;10.11;9.71;9.99;21274770;211518736.00
20151019;10.10;10.30;9.83;10.19;24970513;252640304.00
20151020;10.15;10.15;9.89;10.03;15381484;153909872.00
20151021;10.01;10.95;9.88;10.33;47489692;488280928.00
20151022;10.45;10.50;9.53;10.24;34187549;345378080.00
20151023;10.17;10.75;10.17;10.50;30200465;317368256.00
20151026;10.55;10.70;10.13;10.29;20364825;210193376.00
20151027;10.18;10.19;9.61;10.02;18053977;179120944.00
20151028;9.95;10.15;9.72;9.76;14354717;142900512.00
20151029;9.97;9.97;9.60;9.78;10142163;99159544.00
20151030;9.69;9.90;9.50;9.62;10418302;100949328.00
20151102;9.30;9.59;9.20;9.27;7752929;72937008.00
20151103;9.25;9.50;9.25;9.38;7287298;68303936.00
20151104;9.41;9.82;9.41;9.82;9947120;96178320.00
20151105;9.88;10.14;9.73;9.82;14640299;144367040.00
20151106;9.87;10.05;9.78;9.93;13069694;129663400.00
20151109;10.92;10.92;10.92;10.92;8609195;94012408.00
20151110;11.00;11.58;10.95;11.40;50479562;572462848.00
20151111;11.15;11.25;10.95;11.19;25578819;284341024.00
20151112;11.25;12.11;11.13;11.72;33260429;386556096.00
20151113;11.51;12.89;11.43;12.50;46571888;568576064.00
20151116;12.00;12.48;11.82;12.16;31922792;385787360.00
20151117;12.23;12.68;12.06;12.24;29978612;371160064.00
20151118;12.12;12.23;11.20;11.32;24730102;289448608.00
20151119;11.40;11.75;11.24;11.65;14906047;171499952.00
20151120;11.54;11.96;11.40;11.73;17713052;206551296.00
20151123;11.90;12.23;11.68;11.79;19201983;229959984.00
20151124;11.63;12.00;11.50;11.93;12979899;152346080.00
20151125;11.81;12.25;11.81;12.07;13802040;166211392.00
20151126;12.25;12.66;12.07;12.45;25902978;320825280.00
20151127;12.70;12.72;11.25;11.36;24051075;288475552.00
20151130;11.42;12.36;11.02;12.15;19428901;225997440.00
20151201;12.13;12.98;12.00;12.65;28428398;358257088.00
20151202;12.68;13.18;12.00;12.91;31487199;403000896.00
20151203;12.97;13.10;12.64;13.08;20789679;268217472.00
20151204;12.98;13.65;12.78;13.44;30948353;407147296.00
20151207;13.25;13.41;12.89;13.18;20397214;268621760.00
20151208;13.08;13.10;12.50;12.60;17423296;222413872.00
20151209;12.35;13.10;12.35;13.01;18753767;241487840.00
20151210;12.88;12.92;12.39;12.70;16119949;204719648.00
20151211;12.59;12.95;12.38;12.51;11314474;143146608.00
20151214;12.20;12.68;12.08;12.54;10400874;128219400.00
20151215;12.76;13.00;12.56;12.69;11798697;150755200.00
20151216;13.10;13.40;12.95;13.20;27867633;367166336.00
20151217;13.55;14.52;13.19;13.99;45785809;634599488.00
20151218;13.75;14.25;13.45;13.53;33196675;457960032.00
20151221;13.75;13.98;13.55;13.82;21418752;294955040.00
20151222;13.88;13.96;13.32;13.53;17954943;243470592.00
20151223;13.53;13.67;13.03;13.13;17844983;237142048.00
20151224;13.09;13.49;12.84;13.27;13171987;172755008.00
20151225;13.26;13.30;12.93;13.13;10290297;134617296.00
20151228;13.22;13.25;12.30;12.37;16350226;209182272.00
20151229;12.37;12.46;12.00;12.36;10593137;129169704.00
20151230;12.41;12.50;12.16;12.41;8771739;108437248.00
20151231;12.41;12.77;12.40;12.52;10967741;138508944.00
20160104;12.62;12.68;11.27;11.27;12895054;149374624.00
20160105;10.35;11.27;10.15;10.60;16739669;177438944.00
20160106;10.66;10.82;10.31;10.75;10644249;112940960.00
20160107;10.50;10.50;9.68;9.68;3034550;30378632.00
20160108;9.85;10.10;8.97;9.56;12925826;124394568.00
20160111;9.31;9.40;8.60;8.60;14208617;127235544.00
20160112;8.60;8.91;8.25;8.83;9149445;79014096.00
20160113;8.87;8.95;8.06;8.18;9384824;80781720.00
20160114;7.80;8.72;7.79;8.68;9412341;77867792.00
20160115;8.79;8.99;8.35;8.47;12299987;107373824.00
20160118;8.08;8.76;8.08;8.58;8654879;73483624.00
20160119;8.48;8.99;8.46;8.89;9474946;83015496.00
20160120;8.80;8.90;8.51;8.67;9166649;79833976.00
20160121;8.51;8.87;8.32;8.35;8729478;75176408.00
20160122;8.46;8.55;8.11;8.36;7568349;62824100.00
20160125;8.50;8.52;8.33;8.43;4353427;36750168.00
20160126;8.43;8.43;7.59;7.59;8631235;68651864.00
20160127;7.73;7.73;6.88;7.38;9766079;70304920.00
20160128;7.25;7.36;7.04;7.09;5849723;42092764.00
20160129;7.07;7.70;7.07;7.46;7374434;54378908.00
20160201;7.38;7.48;7.20;7.39;5430426;39876116.00
20160202;7.49;7.74;7.49;7.69;6471014;49519944.00
20160203;7.50;7.74;7.48;7.70;4157108;31612696.00
20160204;7.70;7.95;7.70;7.92;6026907;47354532.00
20160205;7.91;7.99;7.76;7.78;4072326;31939760.00
20160215;7.38;7.92;7.26;7.80;4362449;33338552.00
20160216;7.88;8.28;7.80;8.18;6440101;52394492.00
20160217;8.11;8.30;8.03;8.24;5966613;48720048.00
20160218;8.37;8.67;8.27;8.51;14279181;121749872.00
20160219;8.45;8.51;8.35;8.41;6486097;54577156.00
20160222;8.48;8.58;8.39;8.50;9840827;83392696.00
20160223;8.58;9.35;8.45;9.17;25452870;232117664.00
20160224;8.87;8.93;8.67;8.86;18643156;164101520.00
20160225;8.80;8.83;7.97;7.97;12560148;104748440.00
20160226;8.09;8.15;7.80;7.94;7515726;60020364.00
20160229;7.86;8.04;7.20;7.32;8292060;61607604.00
20160301;7.36;7.54;7.20;7.48;7323002;53946356.00
20160302;7.50;7.88;7.45;7.86;9220905;71103176.00
20160303;7.88;8.04;7.80;7.88;8448730;66863356.00
20160304;7.83;7.98;7.50;7.66;8218099;63888208.00
20160307;7.65;7.99;7.65;7.96;6555111;51548048.00
20160308;8.00;8.19;7.61;8.17;10312785;82203000.00
20160309;7.96;8.05;7.82;7.87;6375365;50632096.00
20160310;7.85;7.95;7.56;7.60;4710357;36505668.00
20160311;7.50;8.06;7.37;7.90;8605404;66190932.00
20160314;7.95;8.26;7.86;8.11;10176445;82482432.00
20160315;8.05;8.32;8.01;8.12;8166544;66630992.00
20160316;8.16;8.56;8.13;8.14;10731320;89198816.00
20160317;8.20;8.45;8.15;8.39;8205550;68405088.00
20160318;8.36;8.83;8.33;8.67;13672662;117242928.00
20160321;8.78;8.99;8.63;8.80;14213861;124624648.00
20160322;8.75;8.96;8.62;8.81;11314351;99693576.00
20160323;8.78;8.98;8.73;8.95;8658587;76960592.00
20160324;8.91;9.19;8.79;8.95;11687696;105290096.00
20160325;8.92;9.85;8.91;9.43;23755601;227679552.00
20160328;9.27;9.64;9.19;9.53;18945707;178114896.00
20160329;9.50;10.48;9.50;10.31;41922724;426329120.00
20160330;10.16;10.84;9.95;10.63;26936085;279769600.00
20160331;10.50;11.49;10.40;11.35;31743099;347456672.00
20160401;11.12;11.48;10.81;11.10;18342740;204205408.00
20160405;11.20;11.20;10.60;10.88;31964737;345996992.00
20160406;10.78;11.10;10.62;10.85;16228626;175510496.00
20160407;10.84;10.87;10.59;10.59;11447430;122436608.00
20160408;10.50;10.80;10.01;10.27;11948929;124352184.00
20160411;10.53;10.79;10.40;10.59;11035947;116857656.00
20160412;10.66;10.83;9.78;9.80;28985171;292365760.00
20160413;9.88;10.09;9.79;9.91;28813754;285799360.00
20160414;9.91;10.17;9.80;10.02;17248662;172398944.00
20160415;10.05;10.17;9.98;10.04;12546659;126167504.00
20160418;10.10;10.10;9.63;9.80;17288194;170615984.00
20160419;9.88;9.99;9.75;9.96;11360376;112226800.00
20160420;10.00;10.00;9.03;9.25;17046431;161611184.00
20160421;9.19;9.40;9.10;9.16;7825984;72608584.00
20160422;9.14;9.34;9.07;9.32;6169756;57106056.00
20160425;9.25;9.73;9.13;9.59;12274974;116339816.00
20160426;9.55;9.80;9.54;9.67;9357868;90664288.00
20160427;9.65;9.82;9.51;9.52;7214253;69723976.00
20160428;9.52;9.57;9.16;9.40;7560820;70481768.00
20160429;9.49;9.90;9.42;9.71;14178517;138310000.00
20160503;9.60;9.87;9.50;9.86;13092187;127554648.00
20160504;9.80;9.86;9.68;9.74;7728699;75472024.00
20160505;9.70;9.79;9.63;9.77;6012743;58380820.00
20160506;9.76;10.04;9.50;9.51;16407933;160934336.00
20160509;9.31;9.35;8.68;8.71;11543672;102615928.00
20160510;8.69;8.88;8.64;8.71;3418178;29871514.00
20160511;8.80;8.84;8.67;8.68;3543095;31038446.00
20160512;8.63;8.63;8.18;8.60;4082488;34701792.00
20160513;8.63;8.69;8.41;8.46;4198339;35903460.00
20160516;8.47;8.80;8.40;8.79;6433048;55617912.00
20160517;8.75;8.88;8.55;8.78;5510752;48091816.00
20160518;8.71;8.71;8.25;8.32;5252448;44317748.00
20160519;8.32;8.71;8.32;8.47;5120250;43714088.00
20160520;8.41;8.58;8.31;8.58;3717239;31576354.00
20160523;8.54;8.85;8.50;8.76;5134478;44822512.00
20160524;9.64;9.64;9.64;9.64;9987656;96281000.00
20160525;10.02;10.18;9.45;9.49;34186031;337784128.00
20160526;9.26;9.36;8.93;9.25;20197296;185064816.00
20160527;9.17;9.36;9.10;9.16;11096261;102602648.00
20160530;9.01;9.24;8.84;9.07;8071463;73183000.00
20160531;9.07;9.50;9.07;9.44;12735231;118905032.00
20160601;9.44;10.09;9.35;9.84;21165503;206347040.00
20160602;9.81;10.82;9.71;10.82;54011017;565306752.00
20160603;10.70;11.09;10.49;10.50;29023592;311143872.00
20160606;10.54;10.84;10.39;10.57;18589617;197124624.00
20160607;10.56;10.76;10.51;10.59;15675474;166936832.00
20160608;10.86;11.28;10.59;10.60;26053306;282829152.00
