20090910;63.50;68.66;62.00;66.35;19347315;1253454976.00
20090911;70.50;72.99;70.50;72.99;3406106;244492384.00
20090914;79.50;80.29;76.66;79.90;9600630;759634304.00
20090915;78.10;81.66;77.02;78.00;5743751;454881792.00
20090916;77.33;79.50;76.51;78.34;3692084;288708512.00
20090917;79.11;79.48;75.50;76.49;4756341;365854784.00
20090918;76.01;79.50;75.55;75.94;3887006;301460864.00
20090921;75.40;75.50;70.88;74.47;4034119;295306944.00
20090922;73.65;74.82;73.33;73.70;2008652;148553264.00
20090923;73.16;77.88;73.16;76.13;2818343;213720640.00
20090924;76.26;77.80;74.29;74.70;1999928;151647360.00
20090925;74.30;76.00;73.20;75.00;1403933;104510864.00
20090928;75.40;79.77;75.08;76.40;2225305;172583440.00
20090929;76.39;76.77;72.61;74.37;1632810;122225432.00
20090930;75.25;76.44;72.72;73.30;1580801;116865672.00
20091009;73.51;76.29;72.12;75.51;1798492;133752200.00
20091012;75.13;77.71;74.20;75.80;1657960;126540424.00
20091013;75.60;79.99;75.00;79.85;2148155;167016192.00
20091014;81.00;84.44;79.56;81.00;2730578;222816256.00
20091015;81.60;85.00;81.05;81.51;1998522;165615936.00
20091016;82.14;84.00;81.00;84.00;1512943;124791720.00
20091019;84.28;85.97;83.61;84.02;2171909;184136512.00
20091020;84.13;92.42;83.79;92.42;3123963;274138208.00
20091021;91.88;96.00;91.20;92.10;2634370;245525536.00
20091022;91.25;99.90;91.00;97.02;2735936;262804032.00
20091023;97.46;99.50;92.80;93.62;3547351;337725312.00
20091026;93.49;97.50;93.00;93.89;2393283;227352832.00
20091027;93.79;93.79;90.22;91.80;1954747;179077952.00
20091028;91.05;98.50;91.03;97.89;2387113;226537376.00
20091029;95.97;99.69;90.40;92.98;2689480;256957200.00
20091030;93.01;96.50;90.75;91.45;3987818;370927040.00
20091102;88.45;92.85;87.58;91.72;1963123;178595168.00
20091103;91.72;92.75;91.07;92.00;1438435;132150368.00
20091104;92.02;92.70;90.51;91.00;1396811;127600448.00
20091105;90.63;92.58;89.94;91.20;1239741;113057624.00
20091106;91.31;92.40;89.98;90.69;1531047;138840048.00
20091109;90.20;94.31;90.01;94.31;2428279;225570208.00
20091110;94.49;94.96;91.88;91.96;1570753;146061840.00
20091111;91.50;92.75;91.30;92.49;911445;83887968.00
20091112;92.70;94.19;91.00;91.32;1542358;142987968.00
20091113;91.00;92.85;90.21;91.76;1173062;107294520.00
20091116;92.08;93.30;91.58;92.70;1387480;128263248.00
20091117;92.65;95.70;92.60;94.20;1900589;179430816.00
20091118;94.31;94.70;92.12;92.51;1302484;120994128.00
20091119;93.00;97.20;92.19;94.82;2309749;218874896.00
20091120;94.01;95.88;93.68;94.82;1535785;145299040.00
20091123;95.05;104.30;95.00;104.30;3149218;315441216.00
20091124;103.30;105.01;97.30;98.20;2985148;301824288.00
20091125;98.00;105.00;96.11;103.18;2770712;279208128.00
20091126;102.85;102.99;96.00;96.30;2551951;253782032.00
20091127;94.00;97.69;93.50;94.48;2138793;203133344.00
20091130;94.22;97.18;94.22;96.90;1666863;159811168.00
20091201;97.00;97.98;96.00;97.98;1388209;134692224.00
20091202;98.60;101.49;97.71;99.00;1705713;170055056.00
20091203;98.79;101.00;97.00;100.10;1570559;156073040.00
20091204;99.49;99.88;93.00;94.70;2484818;238694288.00
20091207;94.30;95.38;93.56;94.76;983369;92818632.00
20091208;94.20;95.00;93.40;94.16;799341;75100744.00
20091209;93.76;95.35;92.80;94.61;936146;88482632.00
20091210;94.00;94.50;92.29;92.56;2466650;230091808.00
20091211;92.70;93.89;92.30;92.50;1375710;127723104.00
20091214;92.50;92.99;89.40;91.11;1410707;128193704.00
20091215;91.20;92.99;91.03;91.71;1069413;98731256.00
20091216;91.90;93.00;91.65;91.82;946607;87291552.00
20091217;92.00;92.60;87.30;87.68;1788232;159013856.00
20091218;86.81;86.85;82.00;85.69;1524932;129043192.00
20091221;85.00;86.92;84.38;86.80;969239;82949864.00
20091222;86.57;87.59;85.70;86.00;1115308;96369024.00
20091223;86.01;88.52;86.00;87.91;1017027;88861680.00
20091224;88.47;89.85;87.31;89.48;969757;86298168.00
20091225;89.50;89.51;88.50;89.15;723012;64255632.00
20091228;90.10;90.55;88.89;89.13;715312;64189776.00
20091229;89.27;89.40;87.68;88.88;677296;59988276.00
20091230;88.07;89.45;88.07;89.22;598158;53227348.00
20091231;89.30;89.91;88.27;88.73;668171;59315188.00
20100104;89.11;93.80;88.76;91.85;1331665;122224832.00
20100105;91.98;93.79;91.30;92.94;1035247;96286160.00
20100106;92.80;95.44;92.01;93.98;1082229;101737952.00
20100107;93.25;94.22;89.90;90.12;1114205;102591864.00
20100108;89.80;91.20;88.88;90.95;795597;71738160.00
20100111;90.50;94.96;89.26;94.40;1651403;152342832.00
20100112;95.01;98.60;95.01;95.98;2121473;206287152.00
20100113;93.50;97.30;93.10;96.00;1474554;140545088.00
20100114;95.40;98.80;95.40;98.20;1141042;111353872.00
20100115;97.52;98.49;96.61;97.33;789142;76774824.00
20100118;97.20;97.27;95.60;96.10;827773;79695120.00
20100119;96.16;96.78;94.60;96.28;793539;75781216.00
20100120;96.01;96.54;89.00;91.05;1468533;135803632.00
20100121;90.82;91.88;89.25;90.10;996494;89889144.00
20100122;88.50;92.02;88.00;89.84;1039598;93681544.00
20100125;88.10;90.48;88.10;88.66;819038;73524016.00
20100126;89.06;89.60;86.60;87.22;795384;69682952.00
20100127;86.60;88.46;86.60;88.39;658422;57649636.00
20100128;87.70;89.37;87.70;88.45;349309;30954020.00
20100129;88.40;90.20;88.00;88.94;665199;59435744.00
20100201;89.00;92.40;89.00;91.40;1049987;96008336.00
20100202;91.43;91.99;90.48;90.85;562949;51324624.00
20100203;90.60;93.50;90.00;93.34;1274684;117182304.00
20100204;93.33;93.34;92.20;92.35;525376;48732720.00
20100205;92.00;99.63;91.40;95.36;1737040;167268864.00
20100208;95.50;98.76;94.81;98.68;1339442;130818720.00
20100209;97.98;99.50;97.11;97.49;1240079;122088288.00
20100210;98.39;101.10;96.89;100.87;1511444;150302704.00
20100211;100.00;102.00;99.51;99.82;760796;76280336.00
20100212;99.82;103.00;99.80;100.85;1177971;119575984.00
20100222;101.10;101.90;97.03;97.82;1244100;122774152.00
20100223;97.33;98.88;95.58;98.06;769841;74564728.00
20100224;98.04;103.98;97.80;102.90;1375979;140194944.00
20100225;102.99;105.59;102.02;104.75;1164276;121094008.00
20100226;105.00;110.00;104.01;108.15;1554607;167088624.00
20100301;109.01;112.00;107.09;108.78;1318824;144286624.00
20100302;108.99;113.20;108.05;113.11;1328623;147685408.00
20100303;112.77;114.87;112.33;112.60;1007081;114104864.00
20100304;111.98;112.89;107.15;107.98;1580258;173342304.00
20100305;108.00;117.90;107.84;114.88;2428800;274132192.00
20100308;115.00;117.10;113.80;116.03;1236721;142702624.00
20100309;115.80;115.80;112.00;113.70;1194312;136044448.00
20100310;115.60;116.30;108.80;109.41;1369649;153538144.00
20100311;110.55;119.88;109.60;118.79;2417403;277061696.00
20100312;117.92;119.00;112.00;112.27;2336336;269667840.00
20100315;117.47;121.88;114.44;117.64;4848084;572880576.00
20100316;116.01;117.68;114.50;116.50;1341933;155447984.00
20100317;116.88;121.00;116.80;118.20;1903139;226514576.00
20100318;120.00;120.70;117.01;118.00;1035262;122489136.00
20100319;117.90;118.32;116.33;116.88;918381;107637872.00
20100322;116.21;117.64;114.76;117.59;2019532;233788048.00
20100323;117.60;122.50;116.33;120.51;2493605;298774240.00
20100324;121.38;126.60;120.71;124.80;2221276;276113312.00
20100325;124.30;129.95;122.81;128.00;2176256;276227904.00
20100326;125.71;131.48;123.20;129.00;2427150;308352256.00
20100329;130.00;134.00;127.21;131.00;1675062;218840912.00
20100330;130.90;133.98;129.00;131.00;1583995;208042688.00
20100331;129.80;133.30;129.23;130.70;1158734;151745408.00
20100401;131.80;135.29;130.55;132.00;1373643;183117664.00
20100402;132.99;132.99;130.01;131.20;980214;128283920.00
20100406;131.50;140.98;131.50;139.80;1641032;226110160.00
20100408;141.50;145.00;139.88;142.80;1528398;217675488.00
20100409;142.88;146.80;141.01;146.43;1140749;164613584.00
20100412;146.00;155.25;146.00;153.81;2043347;308820480.00
20100413;154.00;154.98;138.43;140.00;3287873;473229056.00
20100414;141.36;148.59;141.35;144.31;1976480;286817440.00
20100415;145.00;147.58;132.76;137.49;2748117;380999072.00
20100416;137.30;150.75;135.30;150.06;2542673;367597344.00
20100419;151.98;158.87;146.93;155.89;3589432;553507200.00
20100420;75.00;77.35;70.01;73.87;4594388;339338944.00
20100421;76.40;81.26;75.00;81.25;9486558;761725824.00
20100422;80.00;85.98;79.00;84.80;7217880;602420224.00
20100423;85.56;93.00;85.56;92.81;7923983;713871168.00
20100426;92.81;98.91;89.00;97.51;7929825;755786240.00
20100427;99.50;100.95;93.98;96.45;6400371;618191680.00
20100428;94.50;96.29;86.86;89.92;6522701;595644224.00
20100429;89.94;90.92;81.18;82.63;6393011;550074752.00
20100430;81.30;81.30;76.58;77.75;6389079;499351648.00
20100504;75.53;85.53;75.01;85.53;8228828;677058432.00
20100505;84.95;90.78;83.80;87.53;8694740;764526144.00
20100506;86.00;89.00;83.00;83.50;5619723;479925216.00
20100507;80.10;86.80;78.53;82.74;4757677;394918720.00
20100510;82.04;83.30;75.81;77.33;4952562;387514304.00
20100511;78.80;79.78;73.00;75.00;4321885;329558272.00
20100512;73.43;78.00;71.12;77.70;3803350;282873824.00
20100513;76.50;82.65;75.50;81.40;4423967;350080384.00
20100514;81.47;83.72;80.22;80.95;3990369;327193504.00
20100517;79.00;82.34;77.00;77.90;3551239;283654016.00
20100518;77.50;79.46;73.21;77.40;4162352;316473408.00
20100519;76.05;81.20;74.83;79.26;4048497;319786720.00
20100520;78.50;80.18;76.00;76.26;3320855;258384576.00
20100521;73.70;83.72;73.33;82.26;6027372;476881280.00
20100524;82.29;86.00;82.29;83.99;5058617;425643616.00
20100525;82.79;86.18;82.70;84.01;4072563;343585248.00
20100526;83.89;84.50;81.61;82.00;2918488;240993616.00
20100527;81.80;84.98;80.60;84.10;3269643;272435424.00
20100528;85.40;85.59;82.42;83.80;3378149;283226176.00
20100531;83.25;86.19;82.60;83.90;4264186;361737856.00
20100601;82.50;83.50;78.00;80.00;3787657;305391232.00
20100602;79.49;80.25;77.36;79.81;2468121;194599632.00
20100603;80.50;82.01;79.04;79.81;2901588;234040544.00
20100604;79.02;80.20;78.50;79.76;1787380;142026528.00
20100607;78.40;83.62;77.60;82.51;3728564;303771968.00
20100608;83.00;83.33;80.86;81.56;2232221;182704112.00
20100609;81.92;87.58;81.87;86.09;5737151;487644512.00
20100610;86.00;87.51;85.30;87.10;3557580;308323488.00
20100611;87.70;90.65;85.51;85.75;4211158;371319232.00
20100617;86.17;87.38;81.50;81.55;3509343;293105984.00
20100618;80.00;80.00;76.50;77.12;4199132;325848032.00
20100621;76.30;79.65;75.50;78.74;2149783;167282976.00
20100622;78.60;80.33;76.76;77.35;2207792;172861712.00
20100623;76.98;78.80;76.00;78.13;1255743;97571088.00
20100624;78.49;78.85;77.83;78.28;1052975;82439176.00
20100625;77.77;78.25;75.57;76.39;1861817;142379520.00
20100628;75.82;76.99;71.68;72.57;2543586;187813840.00
20100629;72.29;73.27;69.30;70.00;2318764;163941264.00
20100630;69.90;71.01;67.30;70.70;2192935;151163728.00
20100701;70.47;70.50;68.66;68.85;1392741;96601560.00
20100702;69.30;69.30;62.90;64.60;2709663;176807488.00
20100705;63.85;64.20;61.80;62.90;1814113;114093896.00
20100706;62.80;69.19;62.80;69.19;4973342;338464192.00
20100707;69.23;69.70;67.08;69.14;3547272;242291312.00
20100708;69.50;71.60;68.56;70.00;2741489;192301392.00
20100709;69.48;72.90;68.28;71.50;3540331;249844832.00
20100712;71.50;72.50;70.18;70.52;2091477;148853376.00
20100713;70.00;70.00;66.30;67.49;2449284;165650224.00
20100714;67.71;68.69;66.53;67.10;1467088;99254360.00
20100715;66.80;69.10;66.51;66.81;1595131;108628048.00
20100716;66.40;67.30;65.70;67.00;1003101;66705756.00
20100719;66.09;68.95;66.02;68.46;1215509;82592456.00
20100720;68.30;71.80;68.30;71.25;2271694;160874464.00
20100721;71.45;72.25;70.54;70.66;1826353;130023304.00
20100722;70.30;71.28;69.80;70.93;1420295;100265920.00
20100723;71.46;71.46;69.98;70.62;1439320;101487800.00
20100726;70.69;72.79;70.68;72.05;1837058;132225872.00
20100727;72.15;72.50;71.50;71.75;1421534;102217864.00
20100728;72.19;76.76;71.39;76.10;3265508;245060976.00
20100729;76.00;77.47;74.51;76.40;2600705;197301744.00
20100730;76.10;76.10;74.70;75.39;1588668;119672312.00
20100802;76.50;79.28;75.51;78.37;2712010;211851728.00
20100803;77.00;77.33;74.20;75.12;5117938;386290528.00
20100804;74.38;75.20;72.00;74.20;2784821;204563136.00
20100805;74.22;75.12;73.61;74.22;1898134;141120000.00
20100806;74.22;75.10;73.31;74.93;1898649;141043648.00
20100809;74.94;77.60;74.70;76.66;2469862;189052288.00
20100810;76.91;77.38;73.70;73.70;2513929;189149008.00
20100811;73.50;74.83;73.21;73.99;1422762;105209704.00
20100812;73.96;73.99;72.70;72.72;1519946;111244368.00
20100813;72.15;74.00;72.15;73.77;1422548;103867048.00
20100816;73.85;75.85;73.70;75.40;2109984;158968912.00
20100817;75.45;76.46;74.15;75.34;1833009;137925856.00
20100818;75.30;75.68;73.84;74.02;1804182;134305600.00
20100819;73.56;74.63;73.23;73.88;1973602;145694320.00
20100823;72.80;72.80;71.33;71.94;2305441;165799872.00
20100824;71.58;72.50;71.06;71.92;1140686;82022712.00
20100825;71.80;71.80;69.23;69.26;1920711;135301056.00
20100826;70.10;70.40;68.87;69.70;1504242;104512744.00
20100827;70.30;76.67;70.28;76.67;7367543;554281728.00
20100830;77.58;77.88;75.36;77.10;5573725;427336352.00
20100831;76.10;76.78;75.15;76.28;3119606;236798928.00
20100901;76.29;81.46;76.29;78.36;5575882;438581440.00
20100902;78.76;79.21;77.00;78.40;3069257;239642672.00
20100903;78.00;78.00;75.01;76.75;3147040;240957040.00
20100906;76.81;76.96;75.30;76.00;1844824;140152368.00
20100907;75.90;76.99;75.51;76.42;1382926;105594160.00
20100908;76.00;76.33;74.85;76.01;2097294;157925712.00
20100909;76.50;78.50;75.08;75.50;2360170;180530864.00
20100910;75.03;77.30;74.44;76.81;2678420;203804944.00
20100913;76.97;77.59;75.90;76.31;1951716;149221968.00
20100914;76.40;76.60;75.52;75.67;1417478;107562928.00
20100915;75.50;77.91;75.36;76.32;2967698;228679840.00
20100916;76.30;76.30;72.02;72.48;2767162;203862720.00
20100917;72.60;73.50;72.38;72.82;1213194;88582960.00
20100920;72.82;73.50;71.40;71.51;975258;70074608.00
20100921;71.55;72.28;70.52;72.02;921759;65738640.00
20100927;72.03;73.30;71.58;73.27;1009427;73107752.00
20100928;73.30;73.50;71.48;71.61;1309955;94534976.00
20100929;71.09;71.62;69.82;69.97;1624172;114154480.00
20100930;69.50;71.18;69.06;70.87;902595;63756380.00
20101008;71.40;72.66;70.01;72.24;1486462;106742896.00
20101011;72.30;72.30;70.71;71.75;1796258;128125504.00
20101012;71.00;72.50;70.02;71.24;1461763;104401464.00
20101013;70.65;71.54;70.20;71.29;1292641;91437648.00
20101014;71.30;77.55;70.61;74.08;4253973;317246720.00
20101015;73.50;74.38;71.58;72.00;2321187;169066976.00
20101018;72.00;72.00;69.02;71.90;2400460;168175712.00
20101019;71.95;75.42;71.00;74.30;2841744;210334576.00
20101020;73.90;76.00;72.45;74.34;2758396;205714576.00
20101021;74.50;76.58;73.46;75.86;2755787;208163056.00
20101022;76.15;80.50;76.15;79.03;5026319;397734208.00
20101025;79.91;83.00;79.04;79.74;3995401;325356928.00
20101026;78.59;78.64;76.00;77.17;4322314;333065216.00
20101027;78.00;79.88;76.04;76.49;3226055;250623040.00
20101028;76.65;77.49;74.76;75.00;2545025;191823200.00
20101029;75.06;75.90;74.70;75.60;1916323;144301920.00
20101101;75.80;77.00;74.75;76.83;2949065;224528896.00
20101102;76.82;77.40;75.35;75.35;2636584;201171648.00
20101103;74.85;75.00;73.50;73.55;2110996;156412000.00
20101104;73.05;74.62;73.05;74.59;1377741;102078928.00
20101105;75.01;75.60;74.01;75.10;1613899;121019408.00
20101108;75.70;79.00;75.70;78.34;3725516;289378816.00
20101109;79.00;79.90;77.34;78.69;3008729;235337584.00
20101110;80.10;83.88;79.01;80.73;5432611;443161920.00
20101111;81.00;81.04;78.50;78.50;3659347;290870688.00
20101112;77.98;78.13;73.96;73.99;3752015;284901312.00
20101115;74.15;76.50;74.11;76.20;2334555;175824464.00
20101116;76.20;81.65;76.03;77.05;5233141;411858976.00
20101117;76.00;76.95;73.50;73.92;2906689;219078640.00
20101118;74.00;75.46;73.30;74.60;1590882;118111576.00
20101119;75.00;76.50;74.22;76.38;2003003;151521440.00
20101122;76.40;78.87;75.90;77.05;3166038;244918752.00
20101123;77.25;78.80;75.51;78.19;2621401;202736080.00
20101124;77.68;80.59;77.51;79.43;3297000;260744544.00
20101125;80.33;82.19;79.00;79.11;3792114;305156736.00
20101126;78.74;78.90;76.80;77.70;2674729;207997312.00
20101129;77.59;80.55;77.50;80.48;3283126;260751056.00
20101130;80.64;81.50;75.80;77.99;3449063;269812352.00
20101201;77.39;77.40;75.88;76.40;1674828;127958232.00
20101202;77.11;77.33;76.20;76.33;1229638;94261344.00
20101203;76.30;76.30;74.74;75.37;1563777;117958864.00
20101206;75.35;75.98;73.50;74.46;1506525;112364128.00
20101207;74.00;74.96;73.50;74.66;2059043;152870928.00
20101208;74.78;75.28;73.70;74.10;1525505;113357792.00
20101209;74.40;74.48;72.60;72.61;1574590;115134320.00
20101210;72.58;73.29;71.81;73.09;1310822;95035664.00
20101213;73.00;74.58;73.00;74.58;1568686;116025864.00
20101214;74.60;74.88;73.90;74.68;1327305;98512048.00
20101215;74.56;74.57;73.45;73.65;1491540;110134560.00
20101216;73.36;75.00;73.35;74.22;1012293;75282048.00
20101217;74.25;74.80;73.56;74.50;1106167;81972488.00
20101220;74.90;74.99;71.52;72.71;1661840;121455536.00
20101221;72.71;73.36;72.20;73.02;1060924;77225712.00
20101222;73.48;73.49;72.36;72.54;853650;62012744.00
20101223;72.54;72.54;71.00;71.05;1395742;100006712.00
20101224;71.08;71.23;69.80;69.80;1107918;77661064.00
20101227;69.79;71.98;69.03;69.60;903419;63672624.00
20101228;69.50;71.00;69.15;70.34;741516;51822616.00
20101229;70.00;71.52;70.00;71.25;651117;46177664.00
20101230;71.55;71.55;70.65;70.99;709168;50466848.00
20101231;70.99;72.30;70.99;72.19;684871;49013672.00
20110104;72.19;72.49;71.54;72.17;1135193;81605336.00
20110105;71.98;72.22;70.70;70.75;973509;69332832.00
20110106;70.75;71.50;69.86;69.96;787963;55401008.00
20110107;69.96;70.39;69.50;70.34;639180;44793748.00
20110110;70.38;70.94;69.00;69.10;704907;49385016.00
20110111;69.30;69.36;66.54;66.73;1183381;79592984.00
20110112;66.96;67.77;66.80;67.16;659053;44249656.00
20110113;67.18;68.58;66.96;68.12;973220;65752344.00
20110114;68.13;68.18;67.00;67.13;508409;34225980.00
20110117;66.40;66.40;63.63;63.80;930324;59925840.00
20110118;63.90;64.29;63.01;63.40;551906;35082016.00
20110119;63.68;65.11;63.17;64.51;487086;31290140.00
20110120;64.50;65.20;61.98;62.10;727851;46073384.00
20110121;62.00;63.36;61.90;62.30;617987;38674624.00
20110124;62.30;62.75;60.02;60.18;712475;43545484.00
20110125;60.50;60.93;59.70;60.34;451463;27176438.00
20110126;60.70;61.30;60.23;61.21;375624;22881016.00
20110127;61.20;62.89;60.31;62.80;666731;41082600.00
20110128;62.96;63.39;62.00;62.80;459183;28766678.00
20110131;62.70;64.85;62.29;63.90;823830;52667524.00
20110201;63.91;64.77;63.01;63.45;431635;27504860.00
20110209;63.21;64.00;62.27;62.63;486477;30642240.00
20110210;62.66;64.11;62.66;64.05;467853;29820620.00
20110211;64.06;66.11;63.70;65.81;1259080;82502256.00
20110214;65.60;67.01;65.54;66.66;771141;51252500.00
20110215;66.56;66.76;65.50;65.52;907752;60078428.00
20110216;65.28;66.29;65.03;65.99;610551;40186844.00
20110217;66.00;66.97;65.68;66.45;732487;48552856.00
20110218;66.75;66.75;65.48;65.64;570395;37498148.00
20110221;65.05;65.80;64.60;65.70;1000736;65083988.00
20110222;65.68;65.68;63.00;63.05;1135399;72954240.00
20110223;62.65;64.42;62.51;64.35;795586;50775832.00
20110224;64.20;65.50;62.95;65.02;1116841;71863920.00
20110225;65.02;65.03;64.01;64.32;458135;29510880.00
20110228;65.05;67.55;65.04;67.53;1704843;113794864.00
20110301;67.44;68.42;66.60;66.96;1349525;91199480.00
20110302;66.97;67.70;66.31;67.61;825844;55279868.00
20110303;67.61;68.08;66.00;66.00;604157;40460380.00
20110304;66.05;66.48;65.66;66.25;452062;29850106.00
20110307;66.50;66.53;65.80;66.00;621834;41048888.00
20110308;66.16;66.79;64.90;65.26;848065;55372132.00
20110309;65.65;65.65;64.71;64.78;871899;56613424.00
20110310;64.70;65.98;64.68;65.71;1034190;67856320.00
20110311;65.78;65.78;64.81;64.93;756516;49235644.00
20110314;64.82;66.65;64.80;65.94;907266;59515644.00
20110315;65.94;66.50;64.00;65.00;933067;60684908.00
20110316;65.30;65.77;64.98;65.38;745265;48716916.00
20110317;65.30;65.30;63.63;64.08;802355;51427356.00
20110318;64.41;64.86;63.72;64.32;537118;34423108.00
20110321;64.17;64.50;63.80;64.00;553424;35466396.00
20110322;64.02;65.56;64.02;64.22;1330651;86377688.00
20110323;64.30;65.50;64.30;65.08;771083;50004260.00
20110324;65.00;66.99;64.80;66.90;1460482;96957568.00
20110325;66.99;67.30;66.10;66.48;987745;65826372.00
20110328;66.48;67.16;65.00;65.30;933114;61473836.00
20110329;65.20;65.20;63.00;63.13;1231074;78594248.00
20110330;63.15;63.59;63.15;63.30;444472;28137064.00
20110331;63.35;63.91;62.30;62.40;492716;30880224.00
20110401;62.32;63.18;62.32;62.87;299006;18778600.00
20110406;62.85;62.86;62.32;62.70;419159;26178766.00
20110407;63.00;63.42;62.70;63.01;413303;26041138.00
20110408;63.03;64.20;62.75;64.04;521871;33197876.00
20110411;64.15;64.44;63.80;63.80;474509;30400696.00
20110412;63.83;64.38;63.55;63.61;493498;31502708.00
20110413;63.56;64.33;63.30;64.07;425985;27146090.00
20110414;64.07;64.19;63.63;63.95;351796;22460302.00
20110415;63.70;64.28;63.65;64.00;374195;23894378.00
20110418;63.98;64.28;62.76;63.09;625289;39597580.00
20110419;63.00;63.00;61.40;62.23;676184;41963832.00
20110420;62.23;64.30;62.23;64.30;670568;42499312.00
20110421;64.25;66.00;64.00;65.15;1154439;75326712.00
20110425;63.99;63.99;60.60;62.00;1996923;122626280.00
20110426;62.00;64.03;60.82;63.70;954941;59751856.00
20110427;63.96;64.37;62.50;62.57;417905;26487230.00
20110428;62.51;63.38;62.20;62.20;427740;26823484.00
20110429;62.28;62.78;60.90;61.59;430742;26625684.00
20110503;38.18;38.18;36.39;36.86;1210490;44420548.00
20110504;36.75;36.75;36.06;36.11;679699;24659776.00
20110505;36.12;37.95;36.12;36.77;881561;32907234.00
20110506;36.80;37.02;36.20;36.61;609591;22290744.00
20110509;36.61;37.28;36.54;36.65;507474;18699478.00
20110510;36.53;36.90;36.00;36.07;778687;28260230.00
20110511;36.07;36.43;35.42;35.66;851373;30459954.00
20110512;35.66;35.80;34.50;34.58;1159120;40511304.00
20110513;34.58;34.90;34.31;34.70;711351;24650846.00
20110516;34.73;35.40;34.70;34.71;591445;20737044.00
20110517;34.65;34.96;34.00;34.34;685984;23557056.00
20110518;34.33;35.34;33.87;35.30;1034048;35686060.00
20110519;35.00;37.10;34.85;37.00;2190285;79039016.00
20110520;36.90;37.65;36.44;37.60;1703780;63403360.00
20110523;37.41;38.00;36.45;37.70;1730014;64602224.00
20110524;37.40;37.75;36.00;37.71;1184220;43933012.00
20110525;37.65;38.90;37.20;38.08;1703550;65336512.00
20110526;37.73;38.40;36.00;36.00;1433874;52863304.00
20110527;36.01;36.39;33.96;34.00;1556881;54120676.00
20110530;33.77;35.28;33.50;34.98;851033;29481436.00
20110531;35.27;35.53;34.80;35.33;461223;16250749.00
20110601;35.33;35.85;35.15;35.63;497928;17702684.00
20110602;35.20;35.50;34.11;34.98;691585;24042262.00
20110603;34.60;35.44;34.55;35.12;330580;11622138.00
20110607;35.00;35.80;35.00;35.35;460832;16344049.00
20110608;35.38;35.70;34.70;35.56;545645;19226086.00
20110609;35.11;35.77;34.87;35.24;652359;23075958.00
20110610;35.75;35.77;35.00;35.15;439206;15503944.00
20110613;34.80;35.40;34.30;35.13;562926;19566148.00
20110614;34.89;35.33;34.81;35.17;493150;17331686.00
20110615;34.91;35.15;34.58;34.72;492724;17183382.00
20110616;34.46;34.93;34.31;34.32;653823;22557808.00
20110617;34.16;34.55;34.00;34.00;343986;11781734.00
20110620;33.98;33.98;30.68;31.88;1007882;32557208.00
20110621;31.91;32.38;31.02;31.68;632857;20031470.00
20110622;31.82;32.36;31.62;31.85;396367;12689014.00
20110623;31.51;32.40;31.51;32.37;438439;14056436.00
20110624;32.37;33.68;32.11;33.31;802866;26638728.00
20110627;33.65;34.18;33.18;33.55;557880;18843096.00
20110628;33.60;33.81;33.28;33.61;454790;15248783.00
20110629;33.62;33.97;33.30;33.50;534171;17959580.00
20110630;33.50;34.16;33.35;33.59;552367;18650352.00
20110701;33.53;33.89;33.30;33.39;638211;21408150.00
20110704;33.43;34.78;33.43;34.70;1006084;34677880.00
20110705;34.69;35.35;34.40;35.18;1251161;43829432.00
20110706;35.27;35.40;34.90;35.40;1348254;47308612.00
20110707;35.09;37.10;35.09;36.26;1801026;65403176.00
20110708;36.16;36.57;35.60;36.33;847549;30616328.00
20110711;36.30;36.32;35.82;36.30;554539;20006928.00
20110712;36.10;36.10;35.24;35.62;877700;31218270.00
20110713;35.45;36.50;35.30;36.27;834477;30156880.00
20110714;36.30;36.95;36.17;36.93;911944;33325452.00
20110715;36.89;38.00;36.50;37.81;1523633;57150436.00
20110718;37.81;38.50;37.14;37.20;1299927;49143704.00
20110719;37.00;37.00;35.81;36.17;809637;29456782.00
20110720;36.38;36.74;35.92;36.40;509082;18457716.00
20110721;36.68;36.68;35.82;35.83;786821;28337580.00
20110722;35.93;36.38;35.70;36.15;471419;17023792.00
20110725;36.60;36.60;34.20;34.27;1095727;38704188.00
20110726;34.20;34.74;34.00;34.45;414605;14253243.00
20110727;34.31;35.10;33.73;34.80;622936;21449914.00
20110728;34.89;34.89;34.35;34.58;374496;12923242.00
20110729;34.59;34.99;34.23;34.47;557874;19267934.00
20110801;34.78;34.78;34.00;34.47;436447;14977063.00
20110802;34.02;34.49;33.11;34.06;832826;28169238.00
20110803;33.84;34.29;33.51;34.16;368761;12550711.00
20110804;34.16;34.40;33.81;33.95;455662;15533672.00
20110805;33.10;34.56;32.50;34.49;1104300;36833884.00
20110808;34.01;34.29;32.25;34.11;1326467;44552856.00
20110809;33.01;35.40;32.80;35.00;1894862;65451052.00
20110810;35.50;35.69;34.50;34.82;1957464;68452976.00
20110811;33.99;35.87;33.53;35.68;1555272;54610204.00
20110812;35.99;36.97;35.55;36.50;1689171;61403836.00
20110815;36.48;36.98;35.81;36.45;1601258;58190820.00
20110816;36.45;36.45;35.57;35.59;930272;33396824.00
20110817;35.65;35.96;35.00;35.03;804306;28468900.00
20110818;35.34;35.78;34.50;34.51;976084;34265840.00
20110819;34.00;34.56;33.68;34.45;635570;21706174.00
20110822;34.50;34.85;33.92;34.00;447971;15389846.00
20110823;33.98;34.70;33.91;34.55;566868;19455786.00
20110824;34.65;35.85;34.65;35.36;1136382;40285424.00
20110825;35.30;36.05;35.10;35.85;988331;35264360.00
20110826;36.58;37.46;36.58;37.00;2779292;102994360.00
20110829;36.95;37.11;36.30;37.02;1895325;69415328.00
20110830;37.30;37.47;36.70;36.74;1483353;55008404.00
20110831;36.64;37.59;36.50;37.50;1828579;68029496.00
20110901;37.45;38.17;36.71;36.72;1708802;63799416.00
20110902;36.67;36.87;36.20;36.46;851091;31001836.00
20110905;36.18;36.18;35.36;35.95;793197;28443572.00
20110906;35.95;36.28;35.70;36.00;590822;21247858.00
20110907;36.28;37.20;36.03;37.20;1027022;37713868.00
20110908;37.12;37.48;36.97;37.35;1093865;40747724.00
20110909;37.49;37.66;36.68;36.90;880212;32510694.00
20110913;36.40;36.40;35.87;36.10;474153;17125266.00
20110914;36.30;37.60;36.20;37.57;1241281;46108812.00
20110915;37.74;38.48;37.13;37.16;1626660;61616884.00
20110916;37.22;37.60;36.70;36.74;714341;26443316.00
20110919;36.68;36.68;35.80;36.09;700668;25323840.00
20110920;36.00;36.68;35.90;36.38;692395;25146186.00
20110921;36.70;37.35;36.25;37.10;912460;33608080.00
20110922;36.93;37.15;34.95;34.96;1426931;51432120.00
20110923;32.37;34.30;32.10;33.91;1670479;55459456.00
20110926;33.10;33.68;32.60;33.00;832005;27564372.00
20110927;33.20;33.54;32.70;33.00;302479;10018386.00
20110928;33.12;33.38;32.16;32.31;496853;16303611.00
20110929;32.10;32.31;31.50;31.50;494277;15728193.00
20110930;31.58;32.32;31.25;32.17;351009;11164671.00
20111010;32.20;32.67;31.97;31.97;297626;9613671.00
20111011;32.62;32.97;32.01;32.09;339706;11019245.00
20111012;32.05;33.12;32.00;33.00;486060;15958182.00
20111013;33.00;33.78;32.80;33.30;520560;17353214.00
20111014;33.35;33.47;32.47;32.85;324288;10637096.00
20111017;33.15;33.30;32.63;32.82;206574;6798642.50
20111018;32.50;32.73;30.98;31.00;851901;27029162.00
20111019;31.25;31.49;29.66;29.76;1177694;35632028.00
20111020;29.76;29.76;28.40;28.60;571500;16531541.00
20111021;29.70;29.70;28.48;28.79;647525;18595378.00
20111024;28.79;28.98;27.25;28.90;737961;20832222.00
20111025;28.61;29.64;28.54;29.49;500715;14617667.00
20111026;29.10;30.19;29.01;30.01;718284;21441590.00
20111027;30.00;30.40;29.70;29.94;468065;14067432.00
20111028;29.94;30.52;29.85;30.32;712443;21500326.00
20111031;30.28;31.40;30.22;31.25;1146574;35588004.00
20111101;31.06;32.00;30.82;31.40;1595907;50230656.00
20111102;31.02;32.02;30.80;31.99;1097802;34443488.00
20111103;32.15;32.50;31.82;31.82;1444095;46547920.00
20111104;32.00;32.48;31.80;32.23;900932;29009142.00
20111107;31.80;32.27;31.30;31.40;1208457;38169828.00
20111108;31.40;31.55;30.88;30.90;728887;22769068.00
20111109;30.92;31.30;30.60;31.20;743498;22982946.00
20111110;30.95;31.16;30.70;30.82;451075;13948570.00
20111111;31.04;31.20;30.60;30.74;641214;19780780.00
20111114;30.99;31.86;30.80;31.71;776584;24498558.00
20111115;31.71;33.20;31.65;33.19;2332258;75647280.00
20111116;33.20;33.46;32.24;32.43;1281016;41726408.00
20111117;32.21;33.00;32.07;32.45;690645;22490522.00
20111118;32.17;32.40;31.32;32.18;996214;31791472.00
20111121;32.18;32.80;31.75;32.61;1082522;35089764.00
20111122;32.61;32.95;32.25;32.72;1325876;43309716.00
20111123;32.75;32.99;32.11;32.17;741416;24014200.00
20111124;31.98;32.63;31.21;32.42;643741;20532020.00
20111125;32.01;32.55;31.28;31.50;395889;12562407.00
20111128;31.95;32.00;31.53;31.96;376998;11998738.00
20111129;32.60;33.29;32.05;33.20;1270625;41779040.00
20111130;33.20;33.28;31.90;32.01;1157135;37702416.00
20111201;33.00;33.30;32.23;32.35;1236105;40496452.00
20111202;32.04;32.20;31.11;31.30;801620;25237304.00
20111205;30.80;31.19;30.60;30.70;506241;15573725.00
20111206;30.58;30.95;30.30;30.31;440182;13452899.00
20111207;30.31;30.65;30.25;30.39;252024;7679849.50
20111208;30.17;30.80;29.89;30.50;352763;10712481.00
20111209;30.37;30.37;29.70;29.80;354221;10625036.00
20111212;29.55;29.79;28.52;29.14;818232;23754444.00
20111213;28.90;29.04;28.35;28.52;440498;12586646.00
20111214;28.52;28.86;28.01;28.10;299747;8506756.00
20111215;28.15;28.38;27.64;27.70;299017;8323879.00
20111216;27.70;28.29;27.55;28.28;410683;11467064.00
20111219;28.00;28.87;26.88;28.47;902083;24962486.00
20111220;28.45;28.96;28.21;28.95;1049598;30176864.00
20111221;28.91;29.13;26.06;26.06;1578957;43288968.00
20111222;25.97;25.97;24.30;25.00;1233354;30761524.00
20111223;24.92;25.14;24.47;24.82;774169;19222900.00
20111226;24.48;25.27;24.46;24.99;360048;8992498.00
20111227;24.98;25.10;23.89;24.20;404873;9911818.00
20111228;24.20;24.32;23.52;24.23;461797;11046221.00
20111229;24.23;24.43;23.68;24.20;457823;11013947.00
20111230;24.20;24.49;23.67;24.23;673083;16255728.00
20120104;24.50;25.09;24.41;24.80;1099634;27254208.00
20120105;24.32;24.74;24.25;24.59;600647;14692026.00
20120106;24.40;24.42;23.52;24.05;576319;13754789.00
20120109;24.20;24.85;23.69;24.80;1302396;31952008.00
20120110;24.90;26.43;24.63;26.25;1550868;39997468.00
20120111;26.10;26.45;25.94;26.20;616241;16107213.00
20120112;26.10;26.45;25.82;25.90;417794;10933238.00
20120113;25.90;26.09;24.90;25.18;708889;17879732.00
20120116;25.15;25.15;22.66;22.66;1379260;32272878.00
20120117;22.59;24.16;22.58;23.90;655118;15300833.00
20120118;23.90;24.36;23.10;23.18;628234;15073861.00
20120119;23.23;23.90;22.98;23.61;424668;10010415.00
20120120;23.96;25.60;23.61;25.20;807849;20026786.00
20120130;25.25;25.40;24.06;24.43;750952;18490428.00
20120131;24.40;24.40;23.93;24.33;283123;6833038.50
20120201;24.33;24.97;23.89;24.36;479048;11759402.00
20120202;24.25;24.79;24.25;24.71;394183;9693484.00
20120203;24.75;25.37;24.43;25.20;672030;16802034.00
20120206;25.21;25.65;25.17;25.40;833367;21152630.00
20120207;25.19;25.20;24.61;25.02;529176;13191921.00
20120208;24.97;25.53;24.78;25.52;836072;21036400.00
20120209;25.52;25.75;25.22;25.40;874776;22302970.00
20120210;25.40;25.48;24.88;25.10;3305742;82816696.00
20120213;24.97;25.43;24.50;25.12;1488729;37413320.00
20120214;25.12;26.26;25.12;26.23;2968600;76757632.00
20120215;26.24;26.58;25.77;26.58;2039826;53451768.00
20120216;26.60;27.58;26.40;26.58;1786538;48197072.00
20120217;26.54;27.38;26.54;26.74;1529331;41238652.00
20120220;27.27;27.49;26.71;26.88;1069119;28833444.00
20120221;26.88;26.97;26.34;26.94;1050814;28046782.00
20120222;27.02;28.24;27.00;28.20;2084692;58078108.00
20120223;28.20;28.26;27.80;28.10;1329179;37200572.00
20120224;28.10;28.15;27.80;28.13;844587;23634126.00
20120227;28.15;28.35;27.85;27.97;1014891;28548452.00
20120228;27.90;27.90;27.06;27.45;927494;25476172.00
20120229;27.60;28.40;27.51;27.55;1237367;34677804.00
20120301;27.58;27.89;27.30;27.60;662674;18358292.00
20120302;27.95;27.97;27.56;27.85;650726;18078014.00
20120305;27.88;28.31;27.51;27.64;750228;20887006.00
20120306;27.68;27.68;26.70;26.70;1104924;29748664.00
20120307;26.59;26.99;26.42;26.74;588572;15708467.00
20120308;26.60;27.11;26.60;27.00;475986;12821459.00
20120309;26.90;27.60;26.90;27.60;702087;19156680.00
20120312;27.60;29.12;27.58;28.91;2303570;65790004.00
20120313;28.91;28.93;28.55;28.80;826605;23727598.00
20120314;28.86;29.23;27.34;27.66;1689633;47987000.00
20120315;27.50;28.28;27.20;28.00;1557914;43439732.00
20120316;28.49;28.77;27.81;28.65;1171243;33006008.00
20120319;28.94;29.75;28.80;29.71;1922788;56593980.00
20120320;29.57;29.57;28.76;28.98;1630072;47456280.00
20120321;29.00;30.49;29.00;30.18;3287761;98086520.00
20120322;30.03;30.50;29.70;30.20;1783429;53693284.00
20120323;30.01;30.03;29.29;29.55;1597289;47296560.00
20120326;29.21;29.49;28.80;29.00;847941;24648484.00
20120327;29.01;29.46;28.80;28.99;655763;19097028.00
20120328;29.00;29.39;27.60;27.70;897169;25518496.00
20120329;27.60;27.60;26.58;27.00;1135316;30507094.00
20120330;27.00;27.64;26.76;27.59;623870;16984710.00
20120405;27.55;28.28;27.13;28.12;494609;13822047.00
20120406;28.06;28.28;27.80;28.00;565927;15832096.00
20120409;27.86;28.24;27.00;27.16;396416;10917369.00
20120410;27.13;27.79;26.82;27.78;373726;10164615.00
20120411;27.55;28.26;27.05;27.77;394593;10972814.00
20120412;27.77;28.33;27.77;28.22;359114;10101131.00
20120413;28.33;30.21;28.33;29.20;979706;28844440.00
20120416;29.15;29.15;28.50;28.70;562161;16140754.00
20120417;28.56;28.85;28.00;28.00;391326;11191953.00
20120418;28.01;28.39;27.56;28.27;834607;23358192.00
20120419;28.27;28.50;28.17;28.44;439874;12465348.00
20120423;28.85;29.45;27.95;27.95;803054;23087054.00
20120424;27.90;28.80;27.51;28.12;626411;17628904.00
20120425;28.12;28.92;28.00;28.80;810882;23141644.00
20120426;28.80;29.17;28.65;28.98;583883;16887802.00
20120427;29.02;29.19;28.69;28.88;478413;13843109.00
20120502;29.12;29.86;29.02;29.50;953070;28077614.00
20120503;29.50;31.28;29.35;30.66;1924324;58559308.00
20120504;25.20;25.50;24.75;25.06;1173576;29503134.00
20120507;25.08;26.07;25.03;25.78;1638003;42192576.00
20120508;25.67;25.90;25.52;25.60;913493;23416382.00
20120509;25.41;25.41;24.50;24.60;1468924;36446624.00
20120510;24.60;25.43;24.60;25.20;1478738;37231340.00
20120511;25.20;25.30;25.05;25.25;524347;13213076.00
20120514;25.33;26.17;25.33;25.90;2171329;56216284.00
20120515;25.79;25.89;25.50;25.69;1164012;29913636.00
20120516;25.76;25.85;25.06;25.09;758557;19399012.00
20120517;25.15;25.40;24.65;25.23;603639;15164366.00
20120518;25.25;25.25;24.66;24.75;869684;21578286.00
20120521;24.60;24.94;24.50;24.75;300531;7441427.00
20120522;24.85;25.45;24.81;25.30;567009;14264283.00
20120523;25.31;25.40;24.88;25.20;320053;8061613.50
20120524;25.20;25.39;24.98;25.06;551287;13886110.00
20120525;25.29;25.29;24.80;24.87;360967;8984475.00
20120528;24.60;25.12;24.38;25.00;620964;15384963.00
20120529;24.98;25.15;24.80;25.08;936227;23400540.00
20120530;25.06;25.34;24.80;25.08;768638;19278524.00
20120531;24.90;25.63;24.81;25.34;736394;18659170.00
20120601;25.64;25.64;24.80;25.31;1278973;32290616.00
20120604;24.95;25.99;24.94;25.72;1840797;47183832.00
20120605;25.70;27.28;25.50;26.65;2661942;70555880.00
20120606;26.60;26.60;25.99;26.31;1075269;28281194.00
20120607;26.55;26.56;26.00;26.05;677801;17747236.00
20120608;26.10;26.26;25.60;25.70;823258;21366620.00
20120611;25.57;26.39;25.57;26.36;659522;17131934.00
20120612;26.20;26.63;26.13;26.58;626847;16543916.00
20120613;26.78;27.21;26.51;26.94;1178214;31757136.00
20120614;26.82;27.18;26.76;27.06;722840;19512926.00
20120615;27.20;27.75;26.86;27.11;980717;26798422.00
20120618;27.19;27.26;26.93;27.10;493444;13371105.00
20120619;27.10;27.34;26.70;27.11;595477;16053372.00
20120620;27.28;27.28;26.48;26.60;765416;20391968.00
20120621;26.41;26.65;26.10;26.36;445602;11740816.00
20120625;26.28;26.76;26.11;26.30;534252;14122762.00
20120626;26.00;26.39;25.41;25.83;721782;18713694.00
20120627;25.83;26.50;25.61;26.15;943014;24669708.00
20120628;26.05;26.84;26.00;26.01;709732;18756790.00
20120629;26.18;27.22;26.05;27.00;1674671;44970368.00
20120702;27.16;27.86;26.81;27.75;1625891;44842256.00
20120703;27.75;27.97;27.31;27.50;940819;25956012.00
20120704;27.51;28.15;27.21;27.40;1529290;42320624.00
20120705;27.06;27.98;27.00;27.38;1444285;39864724.00
20120706;27.39;28.73;27.38;28.70;2332152;65801800.00
20120709;28.69;29.29;27.91;27.95;1646411;47088700.00
20120710;28.00;28.42;27.60;27.88;989327;27581244.00
20120711;27.66;28.58;27.56;28.31;996698;27993410.00
20120712;28.20;29.65;28.12;29.45;2757581;80249112.00
20120713;29.30;29.55;28.70;29.40;999839;29141530.00
20120716;29.35;29.41;28.28;28.31;1043402;30049996.00
20120717;28.29;28.31;27.55;27.84;682529;19055194.00
20120718;28.15;28.29;26.63;27.12;1338641;36563268.00
20120719;27.12;27.78;27.10;27.45;779159;21419362.00
20120720;27.40;28.65;27.25;28.15;1057284;29792404.00
20120723;28.13;28.40;27.68;28.20;818746;22979050.00
20120724;28.00;28.40;27.62;28.13;806610;22486172.00
20120725;27.93;27.93;27.51;27.69;622445;17235374.00
20120726;27.60;27.76;26.58;26.68;1220729;32963356.00
20120727;26.61;27.00;25.30;25.50;1861481;47907540.00
20120730;25.49;25.55;24.01;24.63;1509969;37452800.00
20120731;24.70;24.80;24.38;24.71;939086;23035842.00
20120801;24.70;25.11;24.49;24.87;805327;19967910.00
20120802;24.89;25.43;24.73;25.08;1949846;48957664.00
20120803;25.25;25.88;25.03;25.87;1342640;34043064.00
20120806;25.73;26.07;25.40;25.96;1064368;27411702.00
20120807;25.84;26.22;25.70;26.02;545253;14153278.00
20120808;26.00;26.14;25.22;25.40;780682;19949824.00
20120809;25.26;26.02;25.25;25.97;861187;22168284.00
20120810;25.83;26.45;25.83;26.20;1104247;28978070.00
20120813;26.20;26.95;26.02;26.28;1196164;31695330.00
20120814;26.45;27.16;25.85;26.88;2585665;68735128.00
20120815;27.00;27.10;26.63;26.75;822206;22083700.00
20120816;26.26;26.50;24.08;24.08;7162017;175953392.00
20120817;23.80;23.80;22.05;22.93;6413235;145992272.00
20120820;22.56;23.27;22.22;23.14;1870855;42888012.00
20120821;23.14;23.66;23.00;23.40;1851406;43310428.00
20120822;23.43;23.43;22.66;22.71;1946231;44594512.00
20120823;22.80;22.90;22.41;22.82;1148689;26003210.00
20120824;22.73;22.98;22.58;22.58;1074394;24434790.00
20120827;22.50;22.50;21.25;21.50;2793719;60359748.00
20120828;21.50;21.75;21.20;21.48;1397979;30009720.00
20120829;21.48;21.69;20.83;21.38;1219413;26004134.00
20120830;21.34;21.74;20.30;21.56;1594737;33718436.00
20120831;21.37;21.90;21.35;21.86;1041751;22626070.00
20120903;21.63;22.20;21.63;22.12;1023913;22524554.00
20120904;22.00;22.58;22.00;22.02;1058140;23633486.00
20120905;22.06;22.46;22.06;22.26;970681;21651698.00
20120906;22.30;22.49;22.02;22.25;529470;11788894.00
20120907;22.30;23.24;22.30;22.90;2152972;49049856.00
20120910;22.90;23.15;22.72;22.89;1212628;27696288.00
20120911;22.87;22.87;22.40;22.71;821929;18607566.00
20120912;22.89;22.90;22.35;22.60;889125;20077158.00
20120913;22.50;23.46;22.50;23.02;1533852;35546916.00
20120914;23.04;23.43;22.65;23.35;1614171;37379384.00
20120917;23.28;23.54;22.80;22.85;1189464;27630058.00
20120918;22.90;25.14;22.90;24.93;6215930;153577856.00
20120919;25.15;27.00;25.15;26.18;6097968;160015408.00
20120920;26.28;26.28;25.30;25.81;2010136;51839540.00
20120921;25.75;25.75;25.36;25.51;1365291;34762364.00
20120924;25.22;26.90;25.22;26.90;3087170;81603864.00
20120925;26.91;27.00;26.38;26.58;2011144;53614308.00
20120926;26.56;26.69;25.46;25.53;1760823;45424752.00
20120927;25.31;26.19;25.31;25.85;1249292;32294388.00
20120928;25.69;26.97;25.50;26.73;1171644;30912716.00
20121008;26.60;26.60;25.87;26.23;780409;20416112.00
20121009;26.30;28.00;26.11;27.75;3140436;85379192.00
20121010;27.50;28.07;27.26;27.73;1784798;49369960.00
20121011;27.50;28.50;27.33;28.30;2170952;61167576.00
20121012;28.26;28.83;27.55;28.83;2062988;58314172.00
20121015;31.71;31.71;31.71;31.71;1538693;48791956.00
20121016;33.33;34.88;33.20;33.75;9854828;335662080.00
20121017;33.65;35.15;33.40;35.15;7281838;250609696.00
20121018;35.15;35.78;34.86;35.29;5910290;208463136.00
20121019;35.00;35.86;34.59;35.60;4795267;168222656.00
20121022;35.37;36.08;35.00;35.47;3983098;141861184.00
20121023;35.99;37.79;35.51;35.53;6161730;225412128.00
20121024;35.15;36.55;35.00;35.00;3510958;125668456.00
20121025;35.06;35.32;34.29;34.95;3554636;123775496.00
20121026;35.28;36.30;35.10;35.59;5334075;190738000.00
20121029;35.18;39.15;35.18;39.15;6624132;247962560.00
20121030;39.00;39.84;38.51;38.70;4450284;173579856.00
20121031;38.85;39.30;37.45;37.86;4244672;161619920.00
20121101;37.76;38.70;37.35;38.35;3106500;118170488.00
20121102;38.10;39.49;37.95;39.00;3284591;127922688.00
20121105;38.75;38.80;37.30;38.00;3018583;114247736.00
20121106;37.65;37.84;36.70;36.77;3757578;139345552.00
20121107;36.60;37.45;36.60;37.10;2059362;76177456.00
20121108;36.88;38.69;36.60;37.49;3330543;126298592.00
20121109;37.21;38.18;36.70;38.00;1789056;67013080.00
20121112;37.87;38.00;35.02;36.20;3923387;142611024.00
20121113;35.90;36.70;35.52;36.17;2658845;96554104.00
20121114;35.90;36.96;35.80;36.52;1499725;54666696.00
20121115;36.29;37.34;35.61;36.95;1693946;61966404.00
20121116;36.68;36.80;35.83;36.36;1321471;48075820.00
20121119;36.30;36.80;35.78;36.50;1888080;68578840.00
20121120;36.68;36.70;36.09;36.47;1224794;44584540.00
20121121;36.40;36.58;34.65;35.65;2969444;104689112.00
20121122;35.25;35.26;33.28;33.77;3676715;125273072.00
20121123;33.63;34.37;33.36;33.95;1362950;46370252.00
20121126;33.89;33.89;33.07;33.07;1575596;52883928.00
20121127;33.02;33.45;32.40;33.35;1087547;35904836.00
20121128;33.00;34.10;32.67;34.00;878095;29327582.00
20121129;33.71;34.70;33.71;34.50;1241123;42703936.00
20121130;34.50;37.38;34.11;37.17;2138203;76303704.00
20121203;37.18;37.90;36.35;37.08;1871354;69563000.00
20121204;36.80;36.80;35.00;36.05;2633506;94325960.00
20121205;36.00;38.50;35.51;37.50;2628986;98392344.00
20121206;37.30;37.75;36.50;37.75;960623;35712588.00
20121207;37.60;37.68;36.65;37.20;1150504;42896572.00
20121210;36.75;37.18;33.61;34.46;4509456;156717104.00
20121211;33.69;34.89;33.50;34.80;2006244;69093752.00
20121212;34.53;34.97;33.91;34.33;1350063;46286672.00
20121213;34.17;34.50;33.70;34.26;1212625;41241288.00
20121214;34.40;35.97;34.26;34.88;3690800;129521720.00
20121217;34.90;35.31;33.80;35.30;2057730;70951504.00
20121218;34.94;35.15;33.96;34.00;2275378;78522184.00
20121219;33.42;34.95;33.41;34.28;1420534;48638584.00
20121220;34.14;34.60;33.40;33.76;2247946;76071888.00
20121221;33.76;34.49;32.52;34.31;3749579;125471424.00
20121224;34.00;36.30;33.82;35.63;3779198;134105872.00
20121225;35.41;36.48;35.40;36.08;2622840;94545440.00
20121226;35.89;36.98;35.36;36.54;2316982;83336408.00
20121227;36.36;37.83;35.78;37.68;4143531;153151664.00
20121228;37.27;38.22;37.20;37.90;2351086;88899272.00
20121231;37.88;38.60;37.28;38.30;1993615;75606336.00
20130104;38.15;38.37;37.35;37.60;1797683;67983272.00
20130107;37.50;39.48;37.12;39.40;2408133;93413288.00
20130108;39.42;39.99;38.88;39.70;2460912;97247256.00
20130109;39.42;39.80;38.20;38.26;2138272;83273064.00
20130110;38.15;38.62;37.57;38.10;3076669;116850256.00
20130111;38.10;39.30;37.86;37.87;2100731;80770584.00
20130114;37.86;39.09;37.30;38.70;2324999;89645968.00
20130115;38.65;42.56;38.65;40.60;4268637;173660176.00
20130116;40.71;44.60;40.43;43.86;6783340;289388512.00
20130117;43.28;44.68;42.90;43.40;4399207;192927648.00
20130118;43.62;44.88;42.80;43.96;2865653;125309128.00
20130121;44.38;45.96;44.38;45.70;3317505;150195328.00
20130122;45.70;45.71;43.25;43.45;2363125;105053864.00
20130123;43.28;44.93;42.36;44.88;2192861;96574936.00
20130124;44.70;46.30;44.21;46.30;2843191;129391624.00
20130125;46.05;47.77;45.40;45.40;2518685;117297664.00
20130128;45.48;49.14;44.50;47.76;4109436;194575856.00
20130129;47.67;49.18;47.30;48.70;1739250;84320280.00
20130130;48.90;49.15;47.71;48.40;1806888;87649936.00
20130131;48.40;48.41;46.64;46.64;2958374;139808144.00
20130201;46.68;47.39;45.84;46.90;1618031;75433280.00
20130204;46.90;47.00;44.52;44.73;2808074;126233376.00
20130205;44.50;45.99;44.30;44.82;1630465;73280384.00
20130206;44.90;48.87;44.56;48.70;2554846;119435776.00
20130207;48.58;49.97;47.90;48.00;2362655;115095200.00
20130208;47.83;49.95;47.83;48.99;1954462;96604280.00
20130218;49.30;51.30;48.61;50.55;2379722;119376016.00
20130219;50.40;51.15;49.39;49.78;1435674;71798128.00
20130220;49.60;51.44;48.61;51.22;1925024;97445168.00
20130221;51.21;52.00;48.75;51.30;2360651;119308912.00
20130222;50.61;51.50;48.98;49.00;1923320;96682592.00
20130225;48.70;49.50;48.11;49.03;1148249;56207500.00
20130226;49.08;50.80;48.45;49.18;1400487;69859784.00
20130227;49.21;50.08;48.60;48.90;1249404;61496464.00
20130228;49.30;49.99;48.50;49.65;1229747;60450380.00
20130301;49.65;51.90;49.64;51.60;2374106;121912800.00
20130304;51.20;52.56;49.83;50.24;2070622;105942832.00
20130305;50.19;51.99;49.80;51.88;2378291;121538600.00
20130306;52.28;53.98;51.58;53.70;2810629;149409696.00
20130307;53.31;53.90;52.48;53.53;1428421;75878720.00
20130308;53.60;54.29;52.31;53.15;1307644;69760144.00
20130311;52.80;53.69;51.40;52.31;934356;49139308.00
20130312;52.20;53.15;49.80;50.20;1630254;82879464.00
20130313;50.26;50.60;47.28;48.25;2312414;112123296.00
20130314;47.21;49.28;47.15;49.01;2192442;105869536.00
20130315;48.66;51.36;47.77;49.90;2045533;101751656.00
20130318;48.00;49.00;44.91;45.10;9782239;448340960.00
20130319;44.90;47.34;44.81;46.33;2979492;137681296.00
20130320;46.39;48.96;45.08;48.01;3408094;158856560.00
20130321;48.00;51.11;47.61;50.02;2828795;140759680.00
20130322;49.80;50.85;49.60;50.40;1620451;81405808.00
20130325;50.40;52.68;50.40;52.19;1710983;88560648.00
20130326;53.39;53.85;51.36;52.48;2179176;114186792.00
20130327;52.44;53.80;51.91;52.48;1475184;78134624.00
20130328;52.49;53.10;50.56;51.86;1545213;80535808.00
20130329;51.90;53.30;51.51;52.60;1781736;93430624.00
20130401;52.66;53.36;51.79;51.95;1606558;84371128.00
20130402;51.80;52.40;47.80;49.25;3198665;158284720.00
20130403;48.80;49.73;47.80;48.60;1526321;74193152.00
20130408;48.34;50.84;47.60;49.80;1837659;91167928.00
20130409;50.00;50.47;48.21;48.40;1776581;86829800.00
20130410;48.50;48.77;46.10;46.32;2719426;127955656.00
20130411;46.63;46.94;45.22;45.55;2070907;95085368.00
20130412;45.19;47.18;45.19;46.76;1527871;70475024.00
20130415;46.68;47.40;46.21;46.30;1109673;51768648.00
20130416;46.29;47.61;45.52;47.61;1026215;47792560.00
20130417;47.44;49.54;47.44;49.50;1554640;75401840.00
20130418;49.50;51.60;49.01;50.81;2175564;110276120.00
20130419;50.78;51.93;50.31;51.05;1618368;82999696.00
20130422;51.10;55.55;51.10;55.00;3949695;210233136.00
20130423;54.50;55.38;53.05;54.50;2991265;162796720.00
20130424;54.50;57.95;54.07;57.40;3796227;214538656.00
20130425;57.39;58.80;56.20;57.40;4274567;245893616.00
20130426;57.20;57.27;55.50;55.60;2308696;130075224.00
20130502;55.50;57.80;55.20;57.74;2460264;140314848.00
20130503;58.61;60.22;58.00;59.49;3242528;191944192.00
20130506;59.95;60.39;57.83;58.00;3595831;210989632.00
20130507;58.38;59.95;58.25;59.36;2502501;147931696.00
20130508;59.30;59.99;58.40;59.11;3063585;181569248.00
20130509;38.98;39.47;38.20;38.57;3778372;146637616.00
20130510;38.50;38.66;35.55;37.42;5434465;201197440.00
20130513;37.26;38.50;36.68;37.80;4927663;184569744.00
20130514;37.49;37.99;36.10;36.84;3044203;113219568.00
20130515;36.80;37.81;36.52;37.71;2724728;101204064.00
20130516;37.70;39.20;37.50;38.70;5158059;198890672.00
20130517;38.75;39.45;38.51;39.11;3782852;147942080.00
20130520;38.30;38.30;35.20;35.20;14532062;512484448.00
20130521;33.90;34.08;32.93;33.65;26667759;888625920.00
20130522;33.65;34.29;32.95;33.28;20331861;680655808.00
20130523;33.29;33.77;33.15;33.31;8882742;297070240.00
20130524;33.45;33.74;32.85;33.16;9718563;322444512.00
20130527;32.98;32.98;31.95;32.15;16455968;531903712.00
20130528;32.26;32.66;31.57;32.52;11826788;380006304.00
20130529;32.39;32.95;31.92;32.94;11029090;358223744.00
20130530;32.70;33.66;32.60;32.97;14881565;495541056.00
20130531;33.00;33.67;32.38;33.25;12717331;423626528.00
20130603;33.28;33.67;32.55;33.53;11308584;376512608.00
20130604;33.48;33.48;32.02;32.14;7716619;251945968.00
20130605;31.90;32.25;31.25;31.31;7373691;233154016.00
20130606;31.39;31.39;30.19;30.26;7331152;225585024.00
20130607;30.07;30.95;30.02;30.65;5159476;157179712.00
20130613;30.20;30.24;28.08;28.81;5520718;159638048.00
20130614;28.92;29.85;28.72;29.73;4431758;130231592.00
20130617;29.73;31.55;29.73;31.30;7144776;220050416.00
20130618;31.34;31.98;30.90;31.35;5147353;161778528.00
20130619;31.05;31.15;30.14;30.70;3994370;122042376.00
20130620;30.40;30.50;29.20;29.23;3956618;118123408.00
20130621;28.78;30.09;27.96;29.77;3618272;104923096.00
20130624;29.98;30.00;28.35;28.75;3692331;107570928.00
20130625;28.40;28.74;25.88;28.10;6313354;172767120.00
20130626;28.10;28.56;27.40;28.55;5035364;141887344.00
20130627;28.60;30.38;28.60;28.92;8151085;241572048.00
20130628;28.80;29.50;27.92;28.94;5998941;173522992.00
20130701;28.95;30.57;28.94;30.55;8421405;253034432.00
20130702;30.80;33.32;30.55;33.09;13081686;420751776.00
20130703;33.09;33.26;32.40;33.06;9429720;310342880.00
20130704;32.83;33.65;32.21;32.25;8083691;265139168.00
20130705;32.23;32.69;31.30;31.83;5649975;180441472.00
20130708;31.19;32.23;30.50;30.96;4303834;134329008.00
20130709;30.89;31.69;30.68;31.19;3409837;106716848.00
20130710;31.04;32.21;30.96;32.18;4748233;150547392.00
20130711;32.20;33.10;31.88;32.66;7900629;257395936.00
20130712;32.70;33.28;32.01;32.01;5671882;185343984.00
20130715;31.88;33.25;31.81;33.14;6359896;208521104.00
20130716;33.27;33.45;32.48;33.28;5911200;195589568.00
20130717;33.32;33.49;32.25;32.35;4631315;152033744.00
20130718;32.07;32.30;31.40;31.80;4281707;136306736.00
20130719;31.96;32.26;30.40;30.40;4767306;149641552.00
20130722;30.00;30.93;29.40;30.83;3257296;98792456.00
20130723;30.82;31.72;30.61;31.66;3728305;117075224.00
20130724;31.67;33.02;31.49;32.73;5782010;188156672.00
20130725;32.95;33.30;31.70;31.75;5124787;167289840.00
20130726;31.76;32.17;31.34;31.70;2493654;79133656.00
20130729;31.50;32.50;31.30;31.78;3444457;110070752.00
20130730;31.78;32.00;30.45;30.47;4792455;148116928.00
20130731;30.15;30.79;30.00;30.39;2708546;82561008.00
20130801;30.41;31.20;30.00;30.96;4432518;135585952.00
20130802;31.00;31.15;30.54;30.56;2949695;90767120.00
20130805;30.77;32.98;30.50;32.77;7534398;241157280.00
20130806;32.80;33.97;32.01;33.76;10983506;365658272.00
20130807;34.30;34.45;33.00;33.30;9221817;310030784.00
20130808;33.29;36.49;33.13;36.33;16361942;576505280.00
20130809;36.30;37.08;35.11;36.20;11365763;412616960.00
20130812;36.00;36.84;35.60;36.20;7430727;267561264.00
20130813;36.20;36.25;35.75;35.90;3660831;131499776.00
20130814;35.88;37.03;35.61;36.01;5761043;208877712.00
20130815;36.03;36.03;34.45;34.50;7818755;273433344.00
20130816;34.19;34.45;33.00;33.02;6304057;212113504.00
20130819;32.88;34.18;32.60;34.07;3364408;113348576.00
20130820;34.60;35.01;33.50;33.69;5898157;202042032.00
20130821;33.72;34.59;33.52;34.25;3440633;117429280.00
20130822;34.25;34.49;33.64;34.04;3133585;107019032.00
20130823;34.00;34.90;33.52;34.45;4533095;155755440.00
20130826;34.45;35.86;34.11;35.70;5549048;196105792.00
20130827;35.85;35.96;35.00;35.58;3820783;135153008.00
20130828;35.20;35.20;33.91;33.92;7242001;248511568.00
20130829;33.88;34.22;33.00;33.35;4453808;149590032.00
20130830;33.20;33.89;32.50;32.60;4349127;143715456.00
20130902;32.60;33.55;32.60;32.90;3068403;101304032.00
20130903;33.00;33.66;32.90;33.30;2399909;80076936.00
20130904;33.30;33.47;33.05;33.20;2283887;75898400.00
20130905;33.33;33.70;33.13;33.59;3001109;100373496.00
20130906;33.58;34.57;33.56;34.34;3714108;126933496.00
20130909;34.35;34.77;33.01;33.37;5423811;181159696.00
20130910;33.40;34.17;32.55;33.98;5882528;195067536.00
20130911;33.90;33.90;33.18;33.37;3776996;126573168.00
20130912;33.21;33.58;32.80;32.80;3087553;102575192.00
20130913;32.70;33.54;32.60;33.35;2430475;80673424.00
20130916;33.34;33.84;33.00;33.80;3471238;116231336.00
20130917;33.56;33.88;33.18;33.31;2362607;79194216.00
20130918;33.28;33.93;33.11;33.60;2489970;83762824.00
20130923;33.79;35.16;33.38;34.77;5543665;190628912.00
20130924;34.72;35.08;34.42;34.71;3440682;119327624.00
20130925;34.89;35.04;33.85;33.87;3717845;127395704.00
20130926;33.80;34.69;33.48;34.00;4189395;143054176.00
20130927;34.01;34.94;34.00;34.60;3556457;123353936.00
20130930;34.95;35.28;34.52;34.60;2668291;92763400.00
20131008;34.73;35.18;34.60;35.00;3319828;116007856.00
20131009;35.18;36.10;34.82;35.73;6663858;237294976.00
20131010;35.61;35.92;34.63;34.75;5677394;199041536.00
20131011;34.70;35.74;34.70;35.52;6126465;216194944.00
20131014;35.97;38.23;35.70;37.67;12607068;464600064.00
20131015;37.54;38.68;36.93;37.66;8436705;317385600.00
20131016;37.53;37.59;36.22;36.61;5281213;194064672.00
20131017;36.80;38.97;36.80;38.75;9295150;355475808.00
20131018;38.86;39.59;38.23;38.45;7579098;293728544.00
20131021;38.71;39.00;37.69;38.64;7196932;275801344.00
20131022;38.70;40.47;38.51;39.90;9938857;395015392.00
20131023;39.83;41.19;38.52;39.88;8739700;349239104.00
20131024;40.30;42.00;39.68;40.65;9539148;391950112.00
20131025;41.12;41.58;38.97;39.08;7588062;302257888.00
20131028;39.15;39.40;37.02;37.36;6963554;262421936.00
20131029;37.42;37.99;35.20;37.99;8350665;305944864.00
20131030;37.55;38.18;36.80;37.60;4229755;158650416.00
20131031;37.46;37.66;36.01;36.06;4072235;148792176.00
20131101;36.06;37.12;35.55;36.71;3063824;111221296.00
20131104;36.88;37.10;35.91;36.05;2903300;105615784.00
20131105;35.96;36.40;35.35;36.30;2627199;94583344.00
20131106;36.40;37.28;36.18;36.21;3382709;124329120.00
20131107;36.25;36.28;35.12;35.26;2823201;100385376.00
20131108;35.20;35.20;33.88;34.53;3937232;135812656.00
20131111;34.53;35.28;34.11;35.18;2649296;92385856.00
20131112;35.20;36.68;35.10;36.30;4525293;163940496.00
20131113;36.00;36.20;35.20;35.27;1984249;70599272.00
20131114;35.30;36.05;34.88;35.47;2314102;82147640.00
20131115;35.47;36.20;35.36;35.51;4090622;146413344.00
20131118;35.80;35.96;35.21;35.95;4333024;154143056.00
20131119;36.00;36.30;35.60;36.29;3700761;133236368.00
20131120;36.35;36.66;35.70;36.02;3142253;113615976.00
20131121;36.07;36.07;35.03;35.25;3724353;131397720.00
20131122;35.24;35.46;34.28;34.28;3916805;136021552.00
20131125;34.00;35.20;34.00;34.96;2946316;102195648.00
20131126;34.80;35.18;34.30;34.41;2047809;70821280.00
20131127;34.40;34.66;34.04;34.44;3221822;110590776.00
20131128;34.50;35.21;34.46;35.01;3695269;129151232.00
20131129;35.00;35.00;34.44;34.62;4395282;151940496.00
20131202;34.16;34.60;32.78;32.80;4814394;161352064.00
20131203;32.60;33.85;32.52;33.77;2088627;70007160.00
20131204;33.68;34.53;33.67;33.98;2645470;90587304.00
20131205;34.10;34.10;33.35;33.55;1998550;67061968.00
20131206;33.60;34.05;33.50;33.92;1771311;59866072.00
20131209;34.05;34.51;33.92;34.34;2214467;76007512.00
20131210;34.34;34.46;33.71;33.85;1877833;63745200.00
20131211;33.74;33.88;32.83;33.12;2186473;72671720.00
20131212;33.20;34.23;33.12;34.06;2747416;93490640.00
20131213;33.80;34.20;33.60;33.71;1695827;57381820.00
20131216;33.95;34.13;33.55;33.80;1664124;56414532.00
20131217;33.63;33.95;33.12;33.23;1548487;51577012.00
20131218;33.48;33.48;32.95;33.05;1584598;52514844.00
20131219;33.18;33.44;33.03;33.14;1788844;59248656.00
20131220;33.10;33.18;32.51;33.01;1870773;61567520.00
20131223;33.03;35.05;33.03;34.93;6293762;217003568.00
20131224;35.00;35.45;34.68;34.90;3910658;136730704.00
20131225;34.92;35.06;34.52;34.73;2827547;98359856.00
20131226;34.73;34.85;33.70;33.92;3372286;114851280.00
20131227;33.92;35.07;33.77;35.01;4208150;145983040.00
20131230;35.28;35.28;34.41;34.49;2454255;85291096.00
20131231;34.05;34.76;34.05;34.40;1840112;63348948.00
20140102;34.41;35.69;34.40;35.34;6203226;218390368.00
20140103;35.33;35.33;34.68;35.11;3195981;112062008.00
20140106;35.20;35.28;34.21;34.29;2317268;79964640.00
20140107;34.14;34.68;33.71;34.68;2119246;72751712.00
20140108;34.79;35.30;34.62;35.17;3760598;131832440.00
20140109;35.38;36.20;35.20;35.28;5471020;196148752.00
20140110;35.05;35.63;34.72;35.00;2629049;92230720.00
20140113;35.48;35.62;34.10;34.10;2947731;102726568.00
20140114;34.15;34.50;32.80;33.71;4669185;156328512.00
20140115;33.69;33.98;33.33;33.90;2238060;75448896.00
20140116;34.02;34.02;33.27;33.41;2076804;69667336.00
20140117;33.52;33.52;32.79;32.85;2437664;80340320.00
20140120;32.86;33.17;31.65;32.00;3508670;112627664.00
20140121;31.99;32.20;31.76;32.19;2537199;81171320.00
20140122;32.19;32.80;31.78;32.75;4475954;144299648.00
20140123;32.75;33.30;32.66;32.73;3808519;125590472.00
20140124;32.80;34.77;32.63;34.42;6624867;221822560.00
20140127;33.59;33.88;33.18;33.42;4694281;157019904.00
20140128;33.39;33.39;31.98;32.14;4400281;142886400.00
20140129;32.40;32.68;32.00;32.07;3263991;105031944.00
20140130;32.10;32.22;31.72;31.75;2690276;85796792.00
20140207;31.56;31.88;30.81;31.86;3536064;110609488.00
20140210;31.89;32.60;31.88;32.59;6722956;217499360.00
20140211;32.93;32.93;32.28;32.52;4179550;136180480.00
20140212;32.85;32.85;32.46;32.66;4376285;142819568.00
20140213;32.77;33.19;32.51;32.90;4576194;150689072.00
20140214;33.19;33.30;32.78;33.27;3648922;120792456.00
20140217;33.28;33.83;33.05;33.10;6979783;232451296.00
20140218;33.05;33.25;32.34;32.47;5275480;172268032.00
20140219;32.47;32.63;31.89;32.35;4099604;131829688.00
20140220;32.68;32.68;31.48;31.60;4278399;136592288.00
20140221;31.55;32.18;31.48;31.84;2516612;80015632.00
20140224;31.69;31.80;31.16;31.78;3334151;105047416.00
20140225;32.08;32.10;29.80;30.05;6225074;191982448.00
20140226;29.80;30.47;29.71;30.22;2840490;85577360.00
20140227;30.31;31.21;30.03;30.07;2872364;87912936.00
20140228;30.08;30.46;29.76;30.41;2473825;74250928.00
20140303;30.30;30.51;29.90;30.50;2565784;77538640.00
20140304;30.45;30.45;29.92;30.04;2771854;83224288.00
20140305;30.05;30.34;29.95;30.05;1961467;59132096.00
20140306;29.90;30.00;28.30;28.33;7903117;226947728.00
20140307;28.04;28.08;26.93;27.36;10235964;280055808.00
20140310;27.18;27.81;26.89;27.21;5376293;147073952.00
20140311;27.16;27.63;27.01;27.58;3437765;94362112.00
20140312;28.31;30.34;28.30;30.34;16626834;499031744.00
20140313;31.00;32.95;30.80;32.19;15552959;495607072.00
20140314;31.88;31.93;31.01;31.41;6745188;212176656.00
20140317;31.40;32.12;30.68;31.56;5381826;169225216.00
20140318;31.50;31.95;31.02;31.10;4917922;154320384.00
20140319;30.97;30.97;30.08;30.69;5210002;158328752.00
20140320;30.70;30.90;29.94;30.00;3976339;120881168.00
20140321;29.57;30.54;28.82;30.38;3966148;116907640.00
20140324;30.29;30.65;29.85;30.40;2564338;77760688.00
20140325;30.52;31.18;30.00;30.15;3494352;106862864.00
20140326;30.40;31.16;30.06;30.82;3270246;100397168.00
20140327;30.80;31.03;30.20;30.51;2452684;75051152.00
20140328;30.46;30.80;28.90;29.22;2747898;82372120.00
20140331;29.24;30.09;29.02;29.20;2183163;64559212.00
20140401;29.15;30.07;29.13;29.71;1767626;52622228.00
20140402;29.76;29.96;29.02;29.18;2342005;68593856.00
20140403;29.29;29.42;29.01;29.08;1492356;43575668.00
20140404;29.05;29.37;28.91;29.29;1504301;43981464.00
20140408;29.35;30.20;29.35;30.20;2968037;88609664.00
20140409;30.20;30.50;29.91;30.31;2581679;78085808.00
20140410;30.31;30.72;30.15;30.21;2502678;76049928.00
20140411;30.21;30.36;29.52;29.61;3365236;100053232.00
20140414;29.65;30.12;29.57;30.04;1874430;56143752.00
20140415;30.05;30.29;29.84;30.20;1772815;53277832.00
20140416;30.29;30.62;30.06;30.39;2053261;62354488.00
20140417;30.57;30.57;29.90;29.92;1952067;58612372.00
20140418;29.81;29.85;29.40;29.76;1249998;37031056.00
20140421;29.49;30.03;29.26;29.35;1546987;45757888.00
20140422;29.60;29.90;29.01;29.30;1981504;58261740.00
20140423;29.32;29.57;29.09;29.23;1038686;30393306.00
20140424;29.23;29.34;28.88;28.88;1907101;55294868.00
20140425;28.89;29.06;28.15;28.20;2030783;57897316.00
20140428;28.07;28.35;27.45;27.47;2373608;65783924.00
20140429;27.50;28.20;27.50;28.15;1824326;50866320.00
20140430;28.15;29.10;28.02;29.03;1951349;55973620.00
20140505;29.02;29.38;28.62;29.20;2281507;66317024.00
20140506;29.10;29.70;29.10;29.43;1821652;53661388.00
20140507;28.88;28.88;28.30;28.45;1879561;53537772.00
20140508;28.32;28.84;28.16;28.23;1111360;31670316.00
20140509;28.25;28.46;27.51;27.81;1846776;51481964.00
20140512;28.30;28.94;28.00;28.68;2069701;58814056.00
20140513;28.69;28.80;28.31;28.49;1334655;38021160.00
20140514;28.49;28.83;28.49;28.68;944995;27080402.00
20140515;28.68;28.68;28.00;28.20;1257131;35489340.00
20140516;28.26;28.46;27.81;28.36;1388903;39146508.00
20140519;28.01;28.36;27.84;28.07;897534;25153260.00
20140520;28.36;28.48;27.90;28.08;1183166;33373696.00
20140521;28.08;28.45;27.89;28.41;1301831;36812012.00
20140522;28.26;28.89;28.26;28.45;1762315;50467616.00
20140523;28.47;28.81;28.36;28.50;1123488;32096772.00
20140526;28.80;29.11;28.67;28.90;1873209;54139776.00
20140527;28.92;29.08;28.72;28.72;1142676;33002134.00
20140528;28.70;28.98;28.48;28.94;1684517;48410764.00
20140529;29.03;29.80;28.95;29.35;3642723;107237712.00
20140530;29.28;29.38;29.02;29.19;1714238;50037692.00
20140603;29.20;29.67;29.20;29.40;1879906;55437448.00
20140604;29.39;29.39;28.51;28.78;2543526;73130952.00
20140605;28.80;28.87;28.28;28.80;2460534;70327128.00
20140606;28.98;29.06;28.22;28.33;2377735;67873776.00
20140609;28.43;28.68;28.34;28.35;1477972;42176876.00
20140610;28.59;29.04;28.33;28.99;1758763;50669236.00
20140611;29.07;29.67;28.91;29.64;2919461;85690144.00
20140612;29.50;29.59;29.15;29.24;1538696;45154472.00
20140613;29.24;29.82;29.24;29.62;2087049;61780620.00
20140616;29.65;30.28;29.65;30.02;3238494;97532008.00
20140617;30.03;30.23;29.58;29.58;1762368;52599604.00
20140618;29.69;29.69;29.27;29.42;1698815;49970956.00
20140619;29.27;29.50;28.72;29.00;1648262;48093204.00
20140620;28.86;29.50;28.86;29.27;982167;28783318.00
20140623;29.33;29.50;29.09;29.26;1385391;40509648.00
20140624;29.40;29.45;29.16;29.36;1214745;35646588.00
20140625;29.36;29.39;29.00;29.13;1359626;39692668.00
20140626;29.28;29.69;29.28;29.64;1850312;54671112.00
20140627;29.71;30.18;29.45;29.78;2700330;80731272.00
20140630;29.82;30.20;29.60;30.02;2059467;61563000.00
20140701;30.19;30.27;29.81;30.08;2011108;60292000.00
20140702;30.13;30.78;30.00;30.61;3956841;120452128.00
20140703;30.61;30.82;30.33;30.46;2396178;73139976.00
20140704;30.65;30.65;29.96;29.98;3080358;92867016.00
20140707;29.92;30.15;29.40;29.53;3380903;100153080.00
20140708;29.68;30.16;29.44;30.14;2527725;75325056.00
20140709;30.25;30.36;29.56;29.59;2040059;60979308.00
20140710;29.51;29.71;29.38;29.44;1683828;49670740.00
20140711;29.35;29.64;29.20;29.48;1427982;42066776.00
20140714;29.45;30.24;29.35;30.20;2521626;75315368.00
20140715;30.19;30.38;29.75;29.97;1941681;58313808.00
20140716;29.89;30.07;29.19;29.54;2229717;65793352.00
20140717;29.48;29.50;29.13;29.29;1346935;39373568.00
20140718;29.23;29.47;29.16;29.27;1456051;42677028.00
20140721;29.42;29.42;29.10;29.10;1338633;39116336.00
20140722;29.10;29.31;29.02;29.29;1517900;44305348.00
20140723;29.33;29.39;28.45;28.70;2784872;80321512.00
20140724;28.58;28.84;28.05;28.62;4736922;133848528.00
20140725;28.50;28.97;28.45;28.92;1965358;56537248.00
20140728;29.00;29.37;28.75;29.28;3363182;97871080.00
20140729;29.35;29.78;29.17;29.40;3046643;89871432.00
20140730;29.35;29.68;29.31;29.50;2508837;73914904.00
20140731;29.50;29.80;29.48;29.72;2530834;75111800.00
20140801;29.74;30.36;29.72;29.96;5922585;178642464.00
20140804;29.90;30.13;29.71;30.07;2699399;80758968.00
20140805;30.18;30.25;29.71;29.92;2513742;75143952.00
20140806;29.80;30.06;29.72;30.00;2265641;67886544.00
20140807;30.00;30.10;29.55;29.60;3189992;94925744.00
20140808;29.75;30.00;29.53;29.88;2093290;62440472.00
20140811;29.88;30.27;29.83;30.20;3296134;99202712.00
20140812;30.18;30.20;29.90;30.01;2050656;61524236.00
20140813;30.01;30.06;29.47;29.75;3043244;90357672.00
20140814;29.58;29.87;29.54;29.65;2608213;77343048.00
20140815;29.70;29.88;29.55;29.81;2343173;69728880.00
20140818;29.93;31.25;29.93;31.20;8354603;256609104.00
20140819;31.19;31.19;30.51;30.81;5991200;184742464.00
20140820;30.71;31.58;30.60;31.20;5517599;172309104.00
20140821;31.23;31.50;30.95;31.30;4400296;137493328.00
20140822;31.35;31.78;31.04;31.23;3934729;123542840.00
20140825;31.25;31.35;30.66;30.91;3661565;113376936.00
20140826;30.91;30.98;30.51;30.55;3076169;94562528.00
20140827;30.74;30.87;30.50;30.76;2425330;74432312.00
20140828;30.70;30.83;30.37;30.44;1931021;59011064.00
20140829;30.44;30.73;30.38;30.71;1601174;48958884.00
20140901;30.80;30.97;30.70;30.95;2933448;90509752.00
20140902;31.08;31.16;30.81;31.14;3864784;119700136.00
20140903;31.19;31.45;31.06;31.16;3395627;105948936.00
20140904;31.24;31.70;31.17;31.69;4531938;142774800.00
20140905;31.82;31.98;31.32;31.64;4540103;143538944.00
20140909;31.60;31.73;31.30;31.36;3965424;124702056.00
20140910;31.30;31.48;31.21;31.48;3100763;97253392.00
20140911;31.48;31.77;31.08;31.14;4401507;138467312.00
20140912;31.13;31.45;31.11;31.42;2527001;79076664.00
20140915;31.50;31.77;31.44;31.58;3451693;109022088.00
20140916;31.67;31.76;30.37;30.39;5880527;181812160.00
20140917;30.38;30.67;30.19;30.56;3029226;92336336.00
20140918;30.56;31.04;30.38;30.85;2833170;87221624.00
20140919;30.96;31.06;30.69;30.88;2497373;77119616.00
20140922;30.85;30.85;30.21;30.26;2654368;80744152.00
20140923;30.40;30.78;30.28;30.70;2066879;63353576.00
20140924;30.65;30.99;30.04;30.95;3187537;98084232.00
20140925;30.99;31.30;30.90;30.96;3442895;107043248.00
20140926;30.88;31.08;30.50;30.89;2721671;83744600.00
20140929;30.83;31.26;30.70;31.13;3116911;96607672.00
20140930;31.21;31.69;31.13;31.33;3602733;113203456.00
20141008;31.39;32.70;31.39;32.57;9311861;299430368.00
20141009;32.68;32.79;31.93;32.33;6146294;198574496.00
20141010;32.10;33.96;32.04;33.09;8991684;298818848.00
20141013;32.95;33.88;32.75;33.40;6220504;208267456.00
20141014;33.49;33.77;32.95;33.12;5013691;167072736.00
20141015;33.08;35.20;33.00;35.08;11683990;402434368.00
20141016;34.75;35.76;34.07;34.08;8531829;297898944.00
20141017;34.16;34.66;32.92;33.65;5634724;189432848.00
20141020;33.70;34.83;33.65;34.69;5093684;175687408.00
20141021;34.90;35.54;34.44;34.99;6423028;224735312.00
20141022;34.79;35.35;34.20;34.21;5561784;194169264.00
20141023;33.98;34.78;33.80;34.29;4491877;154429504.00
20141024;34.32;35.35;34.30;35.19;4169162;145708928.00
20141027;35.22;35.52;34.70;35.46;5886494;207166048.00
20141028;35.46;36.62;35.23;36.48;6011600;217801136.00
20141029;36.47;36.65;35.96;36.55;5152410;187057456.00
20141030;36.60;36.60;35.59;35.70;5059045;182188352.00
20141031;35.59;36.38;35.23;36.29;4524328;161891328.00
20141103;36.25;37.40;35.90;36.05;4009324;147393856.00
20141104;36.04;36.05;35.24;35.52;3755249;133498232.00
20141105;35.41;35.86;35.28;35.57;2082148;74176776.00
20141106;35.70;36.49;35.31;36.30;3150903;112749312.00
20141107;38.00;39.30;36.62;36.89;9601802;363166816.00
20141110;37.10;37.98;36.45;37.07;6425624;237876976.00
20141111;37.03;37.03;35.35;35.41;5609964;202655520.00
20141112;35.38;36.20;35.12;36.00;4274693;151997776.00
20141113;36.00;36.08;35.29;35.36;3188352;113579848.00
20141114;35.36;36.00;35.21;35.42;3298671;117470192.00
20141117;35.41;35.73;35.00;35.18;3817694;134622800.00
20141118;35.11;35.90;35.11;35.54;2763373;98351896.00
20141119;35.54;36.51;35.33;36.35;3494094;126146656.00
20141120;36.38;36.91;35.90;36.01;3381119;123084920.00
20141121;36.25;36.82;36.02;36.27;3689152;134638224.00
20141124;36.52;36.79;35.83;35.98;6527527;236030400.00
20141125;36.00;36.27;35.60;36.18;4068785;146027600.00
20141126;36.22;36.23;35.80;36.19;3736065;134546144.00
20141127;36.29;36.37;35.66;35.75;5280156;189266160.00
20141128;35.80;35.80;34.70;34.79;7805360;272896800.00
20141201;34.68;35.57;34.00;35.47;5252667;182757152.00
20141202;35.42;35.81;35.06;35.54;3909924;138753808.00
20141203;35.57;36.35;35.06;36.35;6266769;223113744.00
20141204;36.45;37.60;36.45;37.15;6967883;259100656.00
20141205;37.25;37.45;35.31;36.40;7082923;257320576.00
20141208;35.89;36.50;35.31;36.10;5217533;187300016.00
20141209;35.90;36.96;35.39;35.71;7790055;281266560.00
20141210;35.59;36.93;35.59;36.80;6632015;242584272.00
20141211;36.90;36.90;36.00;36.23;5878851;214214736.00
20141212;36.40;36.87;36.23;36.52;3179417;116051080.00
20141215;36.52;38.50;36.52;38.22;8386224;317638624.00
20141216;38.36;38.62;37.49;38.11;4759724;180759872.00
20141217;38.03;38.04;37.00;37.43;4982790;186620064.00
20141218;37.45;37.73;36.95;37.19;3462449;129366960.00
20141219;37.19;37.29;35.70;36.00;4933063;179184624.00
20141222;35.98;35.98;34.45;35.12;5335310;186713376.00
20141223;35.10;35.79;34.85;34.93;2830851;99936872.00
20141224;35.30;35.68;35.01;35.62;3017246;106911912.00
20141225;35.70;35.90;35.28;35.49;2921536;103936576.00
20141226;35.50;36.13;35.33;35.82;2682119;95941760.00
20141229;35.74;35.74;34.83;34.95;3305698;116781864.00
20141230;34.95;35.66;34.89;35.17;2751228;97260768.00
20141231;35.17;35.88;34.98;35.45;3415305;121077280.00
20150105;35.55;36.78;35.49;36.59;5132618;185561984.00
20150106;36.59;37.78;36.21;37.51;6655655;248988336.00
20150107;37.48;37.68;36.61;36.94;3627425;134092504.00
20150108;36.86;37.60;36.86;37.05;3579302;133172856.00
20150109;36.98;37.38;36.51;36.52;3514584;130244720.00
20150112;36.50;36.80;35.90;36.60;4044598;147252592.00
20150113;36.78;38.16;36.61;38.04;6530371;245931792.00
20150114;38.08;38.20;37.49;37.83;4228256;160159760.00
20150115;37.84;38.18;37.35;37.82;3161429;119090600.00
20150116;37.83;38.25;37.28;37.95;3797329;143498336.00
20150119;37.38;39.55;37.13;37.87;9542820;369684384.00
20150120;38.48;39.08;38.19;39.08;6842955;265039152.00
20150121;39.30;40.45;39.09;39.63;10034817;399619648.00
20150122;39.64;40.48;39.13;40.10;7707182;306651456.00
20150123;39.50;39.59;38.30;38.56;10948972;424388448.00
20150126;38.35;39.19;38.33;38.90;5046661;195626192.00
20150127;38.89;39.27;38.31;38.61;5166196;200487824.00
20150128;38.65;39.14;38.36;38.70;4207107;162979840.00
20150129;38.51;38.51;37.80;37.80;4324315;164962336.00
20150130;37.81;38.61;37.69;37.71;5198164;198532272.00
20150202;37.35;38.05;37.23;37.71;3062650;115734376.00
20150203;37.90;38.30;37.59;38.01;4973894;188592848.00
20150204;38.00;38.02;37.43;37.51;3080934;116113920.00
20150205;37.63;37.89;36.80;36.81;4435347;165212656.00
20150206;36.81;37.16;35.82;36.01;3896527;141298336.00
20150209;35.81;36.19;35.63;35.85;2487038;89345744.00
20150210;35.95;36.30;35.85;36.30;2222104;80233456.00
20150211;36.22;36.88;36.22;36.68;2067409;75724328.00
20150212;36.63;37.10;36.63;37.02;2107748;77785128.00
20150213;37.10;37.64;37.08;37.14;3231198;120525040.00
20150216;37.16;37.49;37.10;37.41;2453896;91487032.00
20150217;37.42;37.57;37.18;37.20;1812080;67612272.00
20150225;37.20;38.78;36.88;38.18;5176951;196417808.00
20150226;38.32;38.55;37.91;38.15;2561171;97775832.00
20150227;38.09;38.43;37.85;37.95;2311016;88021096.00
20150302;37.96;38.52;37.90;38.40;3927009;149999264.00
20150303;38.44;38.93;37.94;37.95;5055202;194675792.00
20150304;37.89;39.57;37.81;39.44;7801051;304477888.00
20150305;39.60;41.27;39.44;40.94;11091298;450143520.00
20150306;40.75;41.26;39.25;39.30;5540675;221499344.00
20150309;39.20;40.11;38.35;39.97;4667448;183119440.00
20150310;39.74;43.97;39.70;42.80;10715157;451388896.00
20150311;43.08;44.59;42.18;43.22;6889419;300629344.00
20150312;43.10;43.50;41.77;43.10;4532468;193169600.00
20150313;43.21;45.53;43.21;44.70;7617339;339603968.00
20150316;45.00;45.18;44.10;44.80;8278512;369132608.00
20150317;44.92;45.00;43.36;43.39;7970439;350958880.00
20150318;43.20;43.98;42.60;43.96;7189694;310822112.00
20150319;43.90;43.90;42.80;42.97;6237295;268708448.00
20150320;42.98;43.83;42.56;42.91;6315854;271466176.00
20150323;42.97;44.35;42.65;44.28;9217105;400783808.00
20150324;44.29;44.90;42.87;44.77;8356582;367332672.00
20150325;46.30;46.30;44.10;44.36;12757909;575275392.00
20150326;44.25;44.40;43.01;43.25;8157452;355358656.00
20150327;43.35;43.96;43.28;43.60;4699247;205166000.00
20150330;43.80;44.90;43.68;44.66;6420491;284896896.00
20150331;44.89;45.50;44.30;44.42;7434115;333705184.00
20150401;44.70;46.77;44.49;46.37;10052981;460659808.00
20150402;46.51;47.90;45.70;46.19;8595467;399422560.00
20150403;46.19;47.19;45.61;47.11;7431792;346538656.00
20150407;47.40;48.20;46.68;46.74;13471852;634242752.00
20150408;46.93;47.10;45.28;45.98;10014864;461739872.00
20150409;45.72;45.80;43.07;45.20;8560977;383936992.00
20150410;45.18;46.57;44.99;46.42;11479430;522616512.00
20150413;47.00;51.06;46.75;51.06;19796583;985255296.00
20150414;51.55;52.23;50.00;51.22;14056409;717837568.00
20150415;51.22;51.26;48.75;49.61;9570721;475066816.00
20150416;49.58;50.85;48.90;50.01;7790971;388799264.00
20150417;51.25;51.99;49.23;49.48;10084020;505940224.00
20150420;49.50;49.59;47.27;47.52;9336905;452785088.00
20150421;47.19;52.27;46.83;52.27;14343130;728265856.00
20150422;53.49;53.94;52.18;52.86;12388851;654318464.00
20150423;53.00;54.44;52.50;54.07;11773408;629326784.00
20150424;32.50;33.76;32.02;33.00;17770873;581155008.00
20150427;34.00;34.13;32.25;32.40;16080628;529346048.00
20150428;32.46;32.50;30.62;31.18;15131073;476183744.00
20150429;31.10;31.97;30.75;31.33;9560820;301805024.00
20150430;31.45;31.88;31.00;31.01;10739893;337398656.00
20150504;31.02;31.65;30.30;31.37;11060086;342495488.00
20150505;31.01;31.37;29.50;29.70;15144112;458661760.00
20150506;30.12;30.88;29.50;29.96;11643693;352453280.00
20150507;29.80;31.41;29.66;30.90;11946470;366466752.00
20150508;30.93;32.45;30.93;32.29;14819558;470511776.00
20150511;32.42;33.47;31.50;33.10;22576938;736740352.00
20150512;33.02;33.80;32.56;33.30;22727813;753180288.00
20150513;33.00;34.87;32.58;34.59;27367667;926614336.00
20150514;34.66;35.30;33.67;34.09;25824507;884147136.00
20150515;34.01;34.01;32.62;32.84;19860997;658308160.00
20150518;32.83;34.49;32.43;34.44;22972220;770227840.00
20150519;34.40;36.27;33.59;36.19;29496474;1022749440.00
20150520;36.00;37.80;35.00;35.21;36190434;1314883072.00
20150521;34.91;37.97;34.51;37.37;29280239;1051574080.00
20150522;37.20;37.79;36.39;36.80;33809025;1243456640.00
20150525;36.89;37.80;36.86;37.35;26475103;988315520.00
20150526;37.55;38.33;37.31;37.96;25825320;976774976.00
20150527;38.18;38.60;37.24;37.70;20713125;781911744.00
20150528;37.71;37.87;34.48;34.59;26225050;957529344.00
20150529;34.62;35.58;33.46;34.80;17577314;610909312.00
20150601;35.10;36.10;34.89;36.05;17473826;623620480.00
20150602;36.05;36.77;35.70;36.59;19177832;693834944.00
20150603;36.70;36.87;35.20;35.79;17272186;619797248.00
20150604;35.80;35.80;32.51;34.93;19290754;664736384.00
20150605;35.29;36.47;35.01;36.01;19560297;700278912.00
20150608;36.15;36.84;35.40;36.19;19033782;684721280.00
20150609;36.30;37.00;36.01;36.59;20111316;735625088.00
20150610;36.40;36.94;35.70;36.36;18522307;674373312.00
20150611;36.34;36.99;36.10;36.97;21900384;802269952.00
20150612;37.16;37.46;36.44;36.91;23922033;883663168.00
20150615;36.89;37.04;35.01;35.17;21429478;769314112.00
20150616;34.50;35.10;33.68;34.29;15143529;520488512.00
20150617;34.20;34.96;33.58;34.76;11272054;385975456.00
20150618;34.60;34.74;32.88;32.94;11789379;399814624.00
20150619;32.50;32.80;29.98;30.00;13007676;408443488.00
20150623;29.60;31.78;29.05;31.66;13813306;420532128.00
20150624;31.66;32.20;31.20;31.78;10562949;335826944.00
20150625;31.77;31.97;30.00;30.50;10765282;333957216.00
20150626;29.90;29.90;27.45;27.45;16764385;477205568.00
20150629;28.10;28.20;24.75;26.00;18120976;480630112.00
20150630;25.68;28.60;25.30;28.60;17669180;480498464.00
20150701;28.50;30.28;27.90;28.20;18247248;534985504.00
20150702;28.30;29.55;26.67;27.82;17783533;505076288.00
20150703;27.43;30.55;27.01;28.94;29389080;855536000.00
20150706;31.83;31.83;27.47;29.36;27624034;817314112.00
20150707;28.50;29.14;26.42;26.95;28901225;778907648.00
20150708;24.26;27.49;24.26;26.82;37374528;972389824.00
20150709;26.82;29.50;26.82;29.50;19276933;554724096.00
20150710;30.35;32.45;30.30;32.45;28722228;922542272.00
20150713;32.79;35.00;31.75;34.23;38005516;1270146432.00
20150714;33.00;33.96;31.87;32.18;27371118;895463040.00
20150715;31.21;32.18;29.02;29.53;18535016;565764032.00
20150716;29.54;31.89;29.53;31.16;15479938;478585216.00
20150717;31.25;32.99;31.16;32.56;14832985;477926272.00
20150720;32.07;33.23;31.70;32.01;13438469;435468384.00
20150721;31.75;32.93;31.42;32.70;10876236;353439648.00
20150722;32.71;33.55;31.70;32.60;13930055;455135104.00
20150723;32.60;32.97;31.80;32.85;17667832;572569728.00
20150724;32.88;33.02;31.66;31.90;17985228;582468928.00
20150727;31.25;31.62;28.71;28.71;17880930;545049088.00
20150728;27.85;29.99;26.48;29.26;20299515;578343296.00
20150729;29.20;30.58;28.80;30.45;10386227;305449856.00
20150730;30.22;31.00;29.00;29.39;10138435;308474560.00
20150731;28.90;30.00;28.81;30.00;10065799;297941824.00
20150803;29.50;30.76;29.30;30.74;9895399;299104064.00
20150804;30.84;31.50;29.90;31.36;13160872;405298176.00
20150805;31.26;31.26;30.20;30.30;7367425;226541264.00
20150806;29.85;30.18;29.49;29.60;5358294;159539072.00
20150807;29.98;30.34;29.60;30.11;5502308;165299392.00
20150810;30.45;31.39;30.13;31.17;10265153;316625056.00
20150811;31.01;31.48;30.81;30.91;8692084;270607072.00
20150812;30.60;31.27;30.44;30.50;6223678;192033968.00
20150813;30.52;30.78;29.82;30.69;6935037;210496096.00
20150814;30.69;30.98;30.30;30.38;7778660;238355520.00
20150817;30.01;30.27;29.61;30.14;7662391;229315536.00
20150818;30.20;30.64;28.01;28.52;10910261;320944576.00
20150819;28.01;29.20;27.05;28.91;8308105;233977648.00
20150820;28.70;28.99;28.10;28.22;5107386;145853184.00
20150821;27.83;28.21;26.74;26.90;7528919;205527888.00
20150824;25.99;25.99;24.21;24.21;13233522;323379424.00
20150825;22.50;23.93;21.79;21.80;18381501;416078720.00
20150826;22.59;23.92;21.90;22.64;14121876;323204384.00
20150827;23.41;24.31;23.11;24.30;10090235;240138912.00
20150828;24.50;25.82;24.41;25.35;12856790;323031776.00
20150831;25.00;25.56;24.27;25.55;10297072;255882064.00
20150901;24.79;25.23;23.11;25.17;12264280;300716224.00
20150902;23.99;26.16;23.50;26.11;15312393;388741216.00
20150907;25.90;27.23;25.10;25.30;7138265;187104768.00
20150908;25.30;26.49;24.81;26.40;5004031;128874232.00
20150909;26.50;27.31;26.34;26.66;7034006;188435664.00
20150910;26.20;26.59;25.94;26.01;3762351;98777520.00
20150911;25.85;26.38;25.40;25.72;3604607;93233976.00
20150914;25.73;26.09;23.80;24.34;5954671;147105504.00
20150915;24.14;24.50;23.70;23.99;3848284;92216744.00
20150916;24.10;26.27;23.85;25.92;6075557;151072880.00
20150917;25.65;26.28;25.02;25.02;6091530;156418848.00
20150918;25.23;25.50;24.75;25.31;3308243;83314896.00
20150921;25.00;26.06;24.89;25.99;3595643;92595272.00
20150922;25.91;26.18;25.63;25.91;4762733;123186616.00
20150923;25.41;25.96;25.20;25.37;3185235;81428032.00
20150924;25.52;26.05;25.50;26.01;4055263;105004104.00
20150925;25.90;26.11;25.40;25.60;4034984;103883296.00
20150928;25.35;25.84;25.35;25.74;2181483;55797680.00
20150929;25.41;25.63;25.04;25.17;2057182;52083900.00
20150930;25.35;25.47;24.95;25.26;1903666;48133616.00
20151008;26.22;26.56;25.95;25.95;5982528;156781680.00
20151009;25.98;26.35;25.88;26.24;3099898;81102648.00
20151012;27.00;27.50;26.70;27.17;7114718;193254224.00
20151013;27.04;27.38;27.00;27.25;4644303;126178472.00
20151014;27.19;27.35;26.71;26.77;3981438;107532224.00
20151015;26.58;27.34;26.58;27.31;4761528;129006200.00
20151016;27.32;27.70;26.97;27.30;5889693;160930688.00
20151019;27.57;27.96;27.28;27.70;6823612;188423280.00
20151020;27.62;27.91;27.45;27.89;5210121;144293424.00
20151021;27.85;28.50;26.20;26.53;8449560;233197056.00
20151022;26.52;27.80;26.52;27.70;6054178;164835744.00
20151023;28.00;28.79;27.91;28.48;8360750;237372256.00
20151026;29.00;29.30;28.28;28.65;9829744;282602816.00
20151027;28.36;29.33;28.02;29.15;8132005;233816224.00
20151028;29.16;29.40;28.02;28.23;6442270;184888496.00
20151029;28.45;29.06;28.28;28.80;6390718;183988720.00
20151030;28.77;28.88;28.18;28.56;3710078;106050704.00
20151102;28.21;28.95;28.05;28.28;4150463;118657824.00
20151103;28.33;28.55;27.60;27.65;4580701;128105232.00
20151104;27.75;28.93;27.75;28.77;7981842;227614240.00
20151105;28.85;29.25;28.52;28.83;8534857;246050432.00
20151106;28.76;29.30;28.61;29.27;8591695;249748384.00
20151109;29.00;29.92;28.82;29.61;9360991;275945888.00
20151110;29.42;29.78;29.05;29.28;5600325;164702272.00
20151111;29.12;29.74;29.00;29.63;6143100;179761136.00
20151112;29.70;30.26;29.30;30.16;8858675;264256240.00
20151113;29.90;29.97;29.21;29.30;7058967;208240720.00
20151116;28.80;29.37;28.72;29.36;4340231;126153816.00
20151117;29.50;29.60;29.10;29.26;5247932;154341616.00
20151118;29.26;29.28;28.78;28.81;3479533;101111760.00
20151119;28.88;29.26;28.61;29.16;3377286;97422592.00
20151120;29.36;29.40;28.88;28.94;4472644;130031224.00
20151123;28.95;29.65;28.72;29.65;7114794;208020080.00
20151124;29.69;29.96;29.22;29.56;4486951;132424288.00
20151125;29.37;31.17;29.37;31.05;12295756;374959616.00
20151126;31.30;31.33;30.18;30.21;7903469;242310624.00
20151127;30.15;31.23;29.12;29.38;9985946;303240224.00
20151130;29.41;31.00;27.11;31.00;12182930;366690688.00
20151201;30.90;31.98;30.50;31.45;11023397;345636320.00
20151202;31.41;31.45;29.80;30.83;6211739;190146016.00
20151203;30.90;31.99;30.65;31.98;8145516;257147296.00
20151204;32.15;32.15;31.25;31.79;6137320;194462832.00
20151207;31.79;31.81;31.09;31.32;5336389;167540208.00
20151208;31.19;31.19;30.30;30.49;5640310;172507840.00
20151209;30.12;30.79;30.12;30.50;3802778;116163960.00
20151210;30.21;30.70;30.21;30.27;3685568;112331584.00
20151211;30.19;30.35;29.42;29.66;4433659;131997584.00
20151214;29.49;30.15;29.10;30.15;5529743;163472800.00
20151215;29.99;30.31;29.91;30.11;3961544;119238040.00
20151216;30.19;30.35;29.88;29.93;4667785;140754528.00
20151217;30.19;31.40;30.18;30.95;7796617;240529712.00
20151218;30.95;31.85;30.78;31.72;10417501;326621920.00
20151221;31.50;32.10;31.01;31.61;8491632;269186304.00
20151222;31.61;31.75;31.02;31.30;5805631;181582032.00
20151223;31.39;31.64;31.00;31.20;5971765;186746464.00
20151224;31.19;31.20;30.60;30.90;3599943;111098368.00
20151225;31.01;31.39;30.75;30.92;3440306;107115656.00
20151228;31.01;31.12;30.11;30.11;4126372;126598304.00
20151229;30.03;30.43;29.96;30.29;3011318;90870328.00
20151230;30.39;30.45;29.95;30.35;3115974;94229224.00
20151231;30.36;30.50;30.08;30.12;2787773;84603176.00
20160104;30.00;30.40;27.50;28.12;4500286;132345272.00
20160105;27.58;28.96;27.58;28.42;6100726;173133120.00
20160106;28.48;28.93;28.44;28.90;2778947;79597472.00
20160107;28.57;28.58;27.01;27.15;973174;27032620.00
20160108;27.99;28.15;26.63;27.78;4555994;126481440.00
20160111;27.12;27.55;25.71;26.20;4982174;133196152.00
20160112;26.20;26.68;25.90;26.27;3124974;82271992.00
20160113;26.35;26.60;25.29;25.29;3680951;95796360.00
20160114;24.38;25.82;24.36;25.75;3575151;90015152.00
20160115;25.66;26.02;24.80;24.90;3604554;91710576.00
20160118;24.35;25.52;24.28;25.11;2632552;66259732.00
20160119;25.11;26.38;25.00;26.30;4838134;125194480.00
20160120;25.99;26.49;25.61;26.00;2934112;76676144.00
20160121;25.90;26.68;25.66;25.86;2969688;78030344.00
20160122;26.20;26.50;25.33;25.80;2950320;76218904.00
20160125;26.18;26.20;25.50;25.91;1955946;50778776.00
20160126;25.71;25.86;24.00;24.08;3702049;91924784.00
20160127;24.73;24.76;23.12;24.09;4746846;112827056.00
20160128;23.90;24.17;23.18;23.28;2104026;50010340.00
20160129;23.45;24.36;23.27;24.11;2275857;54652316.00
20160201;24.08;24.54;23.88;24.18;1679039;40737524.00
20160202;24.30;24.95;24.28;24.85;2237097;55449196.00
20160203;24.70;24.90;24.28;24.90;1941206;47644992.00
20160204;24.95;25.86;24.90;25.67;3256971;83096712.00
20160205;25.81;25.97;25.43;25.51;1489440;38294408.00
20160215;25.00;25.96;24.81;25.75;2080509;53079520.00
20160216;25.80;26.39;25.80;26.13;3217698;84084152.00
20160217;26.02;26.20;25.60;26.00;2426374;63002624.00
20160218;26.07;27.23;25.88;26.76;6521311;172787776.00
20160219;26.73;28.60;26.73;27.50;8532537;237696000.00
20160222;27.60;28.38;27.60;28.05;6905022;193783376.00
20160223;28.03;28.03;27.30;27.58;2669287;73924872.00
20160224;27.43;27.99;27.02;27.70;3325562;91795960.00
20160225;27.47;27.65;25.70;25.81;4525102;119744816.00
20160226;26.28;26.78;25.87;26.51;3920151;103402760.00
20160229;26.28;26.48;25.01;26.07;4037265;104409208.00
20160301;26.09;26.31;25.33;26.28;3956878;102412000.00
20160302;26.39;27.20;26.12;27.15;5174828;138399728.00
20160303;26.95;27.23;26.70;26.93;4964067;133606792.00
20160304;26.90;27.35;26.35;26.97;5246164;141374208.00
20160307;27.07;27.35;26.77;27.06;3981171;107725544.00
20160308;27.10;27.85;26.58;27.85;5525856;151459744.00
20160309;27.30;27.60;27.05;27.17;2807383;76742856.00
20160310;27.17;27.50;26.84;26.88;2144071;58019024.00
20160311;26.71;27.44;26.71;27.27;2624783;71094056.00
20160314;27.42;28.32;27.39;27.90;3313364;92556424.00
20160315;27.68;28.00;27.34;27.55;1915072;52867380.00
20160316;27.65;27.89;27.11;27.39;1493418;40968788.00
20160317;27.37;28.05;27.32;27.92;2823993;78481488.00
20160318;27.98;28.53;27.87;28.42;4429444;125411488.00
20160321;28.54;29.11;28.12;28.40;6188997;176984448.00
20160322;28.35;28.51;27.75;27.85;6117483;171365296.00
20160323;28.20;28.25;27.78;28.07;4430489;124018816.00
20160324;27.93;28.60;27.85;28.30;7355387;208186384.00
20160325;28.01;28.45;27.90;28.16;4359332;122858568.00
20160328;28.19;28.57;28.12;28.34;3915232;111311160.00
20160329;28.31;28.32;27.70;27.74;3080240;86093376.00
20160330;27.91;28.46;27.91;28.41;3258984;91923920.00
20160331;28.51;28.80;28.11;28.29;3061901;87203264.00
20160401;28.14;28.51;27.88;28.16;3130094;88076480.00
20160405;28.14;28.57;27.93;28.45;3840857;108993992.00
20160406;28.44;28.69;28.25;28.42;2709767;77105504.00
20160407;28.51;28.87;28.40;28.41;4489238;128391712.00
20160408;28.42;28.42;27.81;28.13;3177938;89221408.00
20160411;28.30;28.58;28.14;28.55;5795614;165002256.00
20160412;28.41;28.96;28.41;28.60;4850261;139283024.00
20160413;28.60;29.78;28.52;29.10;8007775;234901184.00
20160414;29.15;29.36;28.91;29.22;3056175;89033384.00
20160415;29.25;29.38;28.78;29.11;2313494;67042164.00
20160418;29.10;29.11;28.70;28.88;2464867;71121056.00
20160419;28.78;28.99;27.85;28.14;5989216;169765424.00
20160420;28.28;28.33;26.89;27.10;5695083;156559904.00
20160421;27.11;27.64;27.01;27.01;2925171;80023344.00
20160422;27.15;27.66;27.01;27.58;2922825;80282248.00
20160425;27.57;27.63;27.19;27.45;2110495;57710048.00
20160426;27.45;27.84;27.40;27.69;1600915;44192208.00
20160427;27.81;27.85;27.50;27.77;2043307;56629064.00
20160428;27.80;28.10;27.53;28.05;2233900;62052648.00
20160429;27.93;28.18;27.83;28.00;2321658;65051260.00
20160503;27.50;27.75;26.98;27.71;3368157;92579208.00
20160504;27.70;27.85;27.55;27.78;2361285;65471432.00
20160505;27.79;27.81;27.49;27.63;1446732;39976160.00
20160506;27.65;27.80;26.91;26.93;2532654;69069176.00
20160509;26.83;27.00;26.20;26.26;1974654;52225920.00
20160510;26.20;26.48;26.20;26.31;2037120;53731896.00
20160511;26.38;26.98;26.20;26.47;3787562;100599336.00
20160512;26.14;26.35;26.00;26.23;2083212;54494084.00
20160513;26.30;26.48;25.69;25.77;2450408;63899916.00
20160516;25.72;25.99;25.49;25.96;1882149;48448780.00
20160517;25.99;26.19;25.73;26.09;2154483;55983740.00
20160518;25.98;26.09;25.47;25.73;2503282;64640020.00
20160519;25.66;25.99;25.47;25.55;1679635;43277316.00
20160520;25.55;25.70;25.40;25.68;1705646;43589588.00
20160523;25.68;26.00;25.65;25.87;2032024;52523116.00
20160524;25.85;25.97;25.55;25.78;1824558;46922404.00
20160525;25.89;25.97;25.47;25.50;1935730;49755412.00
20160526;25.58;26.38;24.95;26.20;4716284;121335384.00
20160527;25.60;25.97;25.48;25.81;3037043;78144456.00
20160530;25.71;25.80;25.44;25.55;1468773;37660216.00
20160531;25.75;26.43;25.62;26.40;4207507;110010816.00
20160601;26.40;26.57;26.21;26.25;3162965;83258304.00
20160602;26.28;26.30;25.95;26.19;2885965;75355072.00
20160603;26.21;26.85;26.21;26.74;5821108;154552464.00
20160606;26.71;26.85;26.58;26.69;2624569;70059272.00
20160607;26.74;26.76;26.32;26.70;2192812;58348672.00
20160608;26.55;26.62;26.30;26.38;2315234;61248632.00
20160613;26.26;26.30;25.66;25.70;2802013;73061048.00
20160614;25.70;25.95;25.50;25.86;1653091;42581392.00
20160615;25.62;26.30;25.60;26.15;2000598;52195156.00
20160616;26.27;26.48;26.10;26.20;2494478;65603876.00
20160617;26.20;26.48;26.06;26.16;1946094;51199148.00
20160620;26.17;26.45;26.03;26.41;1708988;44946400.00
20160621;26.43;26.63;26.30;26.40;2606108;68947000.00
20160622;26.40;26.61;26.31;26.53;1727222;45707764.00
20160623;26.55;26.65;26.38;26.55;1489307;39505292.00
20160624;26.51;26.62;25.72;26.10;2446877;64126048.00
20160627;26.10;26.42;25.96;26.39;2093303;54837304.00
20160628;26.25;26.92;26.20;26.78;3875992;103357072.00
20160629;26.91;27.68;26.90;27.17;5206067;142310080.00
20160630;27.17;27.40;26.93;27.20;2299759;62528520.00
