20090821;21.25;21.77;19.64;19.90;34422150;704048832.00
20090824;19.19;19.58;18.58;19.19;17299895;329829216.00
20090825;19.00;19.77;18.66;19.19;10500028;202035568.00
20090826;19.40;19.70;19.05;19.70;9881620;191885904.00
20090827;19.78;20.16;19.25;19.36;9474006;186503376.00
20090828;19.08;19.25;18.66;18.83;5821845;110247448.00
20090831;18.50;18.50;17.86;17.87;6327202;114218888.00
20090901;17.88;18.20;17.62;17.71;3510642;63029964.00
20090902;17.68;18.15;17.38;17.92;4651514;82713224.00
20090903;17.65;18.34;17.51;18.32;8114061;146280944.00
20090904;18.09;18.30;17.95;18.13;5098297;92342544.00
20090907;18.22;18.68;18.10;18.44;6929004;127984416.00
20090908;18.22;18.78;18.02;18.60;5482944;101364864.00
20090909;18.57;19.68;18.22;19.39;10782117;204828128.00
20090910;19.02;19.89;18.91;19.18;9388946;181710960.00
20090911;19.05;19.96;19.00;19.45;7248344;141275072.00
20090914;19.45;19.65;19.13;19.39;5624127;108969328.00
20090915;19.38;19.51;18.98;19.00;5332920;102076000.00
20090916;18.90;19.65;18.82;19.40;5848769;113082544.00
20090917;19.40;19.93;19.31;19.73;6486194;127367888.00
20090918;19.76;20.17;19.02;19.57;6478215;127932896.00
20090921;19.20;19.50;18.45;19.12;3728894;70694464.00
20090922;19.05;19.29;18.36;18.36;2907215;54763736.00
20090923;18.37;18.75;18.01;18.11;2885613;52916360.00
20090924;18.11;18.57;17.93;18.40;2232391;40839624.00
20090925;18.38;18.60;18.10;18.45;1838545;33766528.00
20090928;18.45;18.65;17.60;17.61;1807902;32842852.00
20090929;17.60;17.84;16.73;17.07;2580339;44622248.00
20090930;17.32;17.49;17.11;17.12;1715102;29638964.00
20091009;17.41;17.80;17.31;17.80;2083526;36692812.00
20091012;17.74;17.97;17.61;17.69;1536191;27356648.00
20091013;17.60;18.20;17.60;18.20;1750354;31417568.00
20091014;18.21;18.57;18.11;18.20;2747632;50542580.00
20091015;18.34;18.50;18.11;18.37;2190561;40152972.00
20091016;18.42;18.46;18.01;18.26;1550983;28309198.00
20091019;18.26;18.86;18.06;18.78;2757314;51440808.00
20091020;18.78;19.20;18.72;19.18;3492759;66330040.00
20091021;19.25;19.25;18.76;18.76;2479601;46997736.00
20091022;18.60;19.63;18.46;19.52;6789944;130804608.00
20091023;19.70;20.59;19.44;19.80;8815961;176294320.00
20091026;19.83;20.20;19.60;19.95;5192103;103725352.00
20091027;19.70;19.89;18.80;18.82;5246623;101439856.00
20091028;18.84;19.76;18.81;19.76;4004052;77076112.00
20091029;19.42;19.65;18.98;19.05;3501935;67587936.00
20091030;19.41;19.99;19.05;19.20;6024664;117757192.00
20091102;18.69;19.60;18.52;19.57;4070790;78080184.00
20091103;19.60;20.14;19.50;19.83;5401555;107445688.00
20091104;19.82;20.33;19.75;19.90;4382627;88004456.00
20091105;19.95;19.95;19.67;19.86;3258855;64513684.00
20091106;19.92;20.09;19.60;19.67;3675229;72570912.00
20091109;19.69;20.48;19.58;20.38;5790117;116336504.00
20091110;20.65;20.80;20.11;20.16;4456515;90871984.00
20091111;20.15;20.19;19.81;20.09;2898704;57955036.00
20091112;20.02;20.48;19.91;20.10;3273095;66159660.00
20091113;19.95;20.34;19.86;20.34;3212774;64834504.00
20091116;20.50;20.85;20.40;20.65;4596733;94715200.00
20091117;20.69;20.69;20.35;20.46;2915995;59710424.00
20091118;20.40;20.50;20.00;20.10;3911033;79004112.00
20091119;20.01;20.85;20.01;20.69;4948380;101698352.00
20091120;20.58;21.09;20.41;20.70;4521244;94125888.00
20091123;20.40;22.06;20.40;21.81;11821564;250421424.00
20091124;21.65;22.57;20.80;21.08;10131512;220546288.00
20091125;21.25;23.19;21.07;23.19;11264816;252893344.00
20091126;23.48;24.67;22.50;22.69;14685599;347206624.00
20091127;22.01;23.09;21.61;21.99;7913797;175819152.00
20091130;22.45;23.06;21.82;22.92;6493281;146211744.00
20091201;22.78;23.33;22.50;23.26;6595573;151748320.00
20091202;23.35;24.28;23.16;23.91;7523680;178865344.00
20091203;23.80;24.20;23.35;23.82;5397661;127741552.00
20091204;23.51;23.68;21.80;22.06;10095577;227931392.00
20091207;22.11;22.44;21.93;22.38;3454891;76748264.00
20091208;22.28;22.38;21.82;22.13;3588070;79117216.00
20091209;21.85;22.07;21.52;21.82;3074420;67155944.00
20091210;21.90;22.40;21.90;22.34;3657634;81306448.00
20091211;22.35;22.65;22.11;22.20;2982911;66694756.00
20091214;22.10;22.18;21.48;21.92;3264355;70928464.00
20091215;21.92;22.27;21.92;22.03;1876933;41476324.00
20091216;21.99;22.13;21.56;21.60;1974934;43110600.00
20091217;21.54;21.70;20.60;20.65;3482067;73164328.00
20091218;20.52;20.69;20.10;20.11;2456946;49971180.00
20091221;20.25;20.64;20.18;20.64;1877796;38357764.00
20091222;20.68;20.68;19.75;19.85;2160796;43484780.00
20091223;19.91;20.29;19.78;20.20;1598172;32092302.00
20091224;20.16;21.18;20.16;20.96;3126001;64853912.00
20091225;20.90;21.35;20.79;20.91;2597750;54799064.00
20091228;20.96;21.38;20.96;21.25;1906390;40429472.00
20091229;21.38;21.60;21.08;21.50;2879245;61582648.00
20091230;21.41;21.55;21.17;21.26;2432878;51840756.00
20091231;21.32;21.40;21.06;21.39;1895257;40304476.00
20100104;21.49;22.14;21.49;21.62;2873864;62755560.00
20100105;21.65;22.29;21.65;22.14;3466899;76319440.00
20100106;22.17;23.02;22.17;22.30;4675911;106012672.00
20100107;22.30;22.54;21.60;21.69;3275041;72086328.00
20100108;21.59;22.49;21.51;22.46;2635143;57919820.00
20100111;22.37;22.96;22.30;22.78;4175664;94852120.00
20100112;22.80;23.45;22.59;23.19;4554095;104888944.00
20100113;22.68;23.13;22.25;22.49;4291257;97432400.00
20100114;22.68;23.16;22.50;23.16;3636183;83480568.00
20100115;23.25;23.40;22.98;23.21;2829548;65546648.00
20100118;23.20;23.34;22.92;23.21;2502572;57866072.00
20100119;23.25;23.28;22.72;22.75;2976177;67963232.00
20100120;22.60;22.88;21.55;21.64;3871783;85470560.00
20100121;21.73;22.02;21.64;21.78;1890843;41295192.00
20100122;21.58;21.59;20.70;20.98;2746686;57911624.00
20100125;20.90;21.15;20.60;20.69;1304141;27255688.00
20100126;20.78;21.10;20.18;20.40;1828860;37518296.00
20100127;20.60;20.88;20.34;20.47;1599135;32961196.00
20100128;20.43;20.69;20.30;20.60;1281801;26315892.00
20100129;20.60;20.92;20.42;20.66;1365384;28298830.00
20100201;20.59;20.60;19.72;20.08;1961241;39157940.00
20100202;20.10;20.25;19.82;19.84;1352490;27167332.00
20100203;19.86;20.29;19.45;20.23;1623372;32419966.00
20100204;20.10;20.45;19.90;20.19;1193348;24184084.00
20100205;19.85;19.88;19.40;19.53;1506045;29644744.00
20100208;19.53;19.80;19.45;19.70;575970;11340523.00
20100209;19.75;19.77;19.50;19.68;684406;13444353.00
20100210;19.79;20.09;19.71;20.09;1018624;20256760.00
20100211;20.10;20.28;20.02;20.12;1053291;21214312.00
20100212;20.26;20.29;20.09;20.23;710290;14357115.00
20100222;20.35;20.35;19.99;20.00;1048645;21111076.00
20100223;20.02;20.02;19.58;19.96;890515;17640300.00
20100224;19.85;20.78;19.72;20.74;1669396;34099440.00
20100225;20.75;21.21;20.75;21.15;2187650;45914252.00
20100226;21.00;21.24;20.66;20.75;2381409;49860688.00
20100301;20.15;20.65;19.73;20.46;8156910;163649296.00
20100302;20.36;20.37;20.01;20.30;4029288;81350600.00
20100303;20.27;20.48;20.03;20.36;3575321;72379416.00
20100304;20.36;20.70;19.80;19.91;4356220;88652616.00
20100305;19.89;20.05;19.74;19.80;2176072;43290836.00
20100308;19.82;20.08;19.82;20.01;2152447;43008148.00
20100309;20.04;20.06;19.75;19.93;1806531;35968276.00
20100310;19.86;20.05;19.56;19.65;1630110;32236476.00
20100311;19.62;19.78;19.00;19.26;2747531;53065464.00
20100312;19.30;19.47;19.14;19.15;1892898;36501508.00
20100315;19.05;19.13;18.56;18.76;1946210;36574764.00
20100316;18.83;19.03;18.71;19.00;1329634;25080640.00
20100317;19.00;19.39;18.95;19.39;1991895;38277440.00
20100318;19.39;19.60;19.26;19.39;1795723;34855136.00
20100319;19.35;19.60;19.31;19.52;1325479;25806788.00
20100322;19.43;19.55;19.35;19.48;1472832;28651596.00
20100323;19.48;19.53;19.04;19.18;1762196;33918256.00
20100324;19.23;19.74;19.19;19.68;3572468;69949320.00
20100325;19.64;19.95;19.45;19.82;3220938;63635420.00
20100326;19.83;19.89;19.46;19.74;1893440;37305084.00
20100329;19.77;19.83;19.63;19.80;2189101;43170972.00
20100330;19.80;20.14;19.71;20.05;3059776;61052228.00
20100331;20.05;20.09;19.80;19.84;2407090;47984932.00
20100401;19.81;20.26;19.81;20.17;3181825;63910440.00
20100402;20.19;20.30;19.90;20.19;2460044;49472612.00
20100406;20.35;20.35;19.92;20.13;2160816;43378868.00
20100407;20.09;20.28;19.91;20.17;2107270;42324860.00
20100408;20.15;20.83;20.05;20.70;6276822;128662520.00
20100409;20.60;21.54;20.51;21.17;8054370;170384512.00
20100412;21.15;21.65;21.00;21.31;5415028;115668464.00
20100413;21.78;21.90;20.40;21.00;6340800;134002400.00
20100414;20.90;21.30;20.90;21.18;2524780;53407144.00
20100415;21.19;21.46;20.52;20.66;3285170;68850176.00
20100416;20.50;21.02;20.42;20.77;1746750;36195948.00
20100419;20.68;21.30;20.46;20.64;3036586;63435004.00
20100420;20.71;21.75;20.41;21.74;6113911;130098240.00
20100421;21.70;22.30;21.36;22.03;8165099;179349696.00
20100422;21.82;22.81;21.61;22.60;7617862;169461472.00
20100423;22.50;22.65;21.88;22.02;4426521;98330528.00
20100426;22.20;22.45;21.70;22.17;3740055;82617808.00
20100427;22.20;22.50;21.12;21.55;4649576;101831024.00
20100428;21.25;22.84;21.20;22.62;7619118;170177232.00
20100429;22.65;23.30;21.51;21.67;9615187;216443952.00
20100430;21.40;21.57;20.01;20.95;4717633;97749712.00
20100504;20.68;21.28;20.36;21.14;2506416;52675916.00
20100505;20.97;22.22;20.85;22.10;3663456;79585616.00
20100506;22.10;22.27;21.21;21.31;3771056;82169136.00
20100507;20.69;21.47;20.53;20.71;3017078;63139456.00
20100510;21.09;21.09;19.00;19.30;3710487;73483680.00
20100511;19.85;19.87;19.02;19.21;2369156;45929940.00
20100512;19.28;19.50;18.65;19.38;1839104;35249740.00
20100513;19.39;19.83;18.91;19.75;2010444;39052052.00
20100514;19.60;20.00;19.35;19.58;1449653;28431482.00
20100517;19.45;19.45;18.20;18.42;1962941;36990520.00
20100518;18.42;18.85;17.80;18.53;1851192;34019704.00
20100519;18.53;18.88;18.18;18.52;1162372;21608960.00
20100520;18.46;18.70;17.93;17.97;1260184;22990662.00
20100521;17.37;18.28;17.25;18.12;2165740;38886580.00
20100525;18.85;19.24;18.60;18.75;4207530;79485712.00
20100526;18.60;18.98;18.50;18.71;2007897;37645608.00
20100527;18.68;19.15;18.52;19.03;2120170;40138624.00
20100528;19.31;19.35;19.01;19.03;1944880;37239924.00
20100531;19.03;19.15;18.30;18.30;1755300;33004480.00
20100601;18.16;18.35;17.59;17.84;1389602;24993306.00
20100602;17.98;18.42;17.58;18.42;1701719;30630630.00
20100603;18.48;18.62;18.01;18.02;1561928;28716676.00
20100604;17.88;18.20;17.77;18.09;939630;16900864.00
20100607;17.79;18.44;17.60;18.31;1233183;22350238.00
20100608;18.28;18.78;18.21;18.75;1638848;30413336.00
20100609;18.90;19.00;18.55;18.90;1958060;36838292.00
20100610;18.89;19.15;18.71;18.73;1357593;25642374.00
20100611;18.82;19.15;18.63;19.06;2181224;41293072.00
20100617;19.17;19.29;18.90;18.91;2306671;44014452.00
20100618;18.97;18.99;17.91;18.15;1551964;28704814.00
20100621;18.15;18.58;17.73;18.51;1029086;18777388.00
20100622;18.41;18.68;18.38;18.55;990362;18404802.00
20100623;18.62;18.74;18.26;18.49;766000;14164885.00
20100624;18.49;18.68;18.38;18.56;726665;13439930.00
20100625;18.32;18.48;17.85;18.12;870121;15790023.00
20100628;18.11;18.18;17.79;17.86;697549;12517814.00
20100629;17.90;18.00;16.98;16.98;1469433;25503198.00
20100630;16.73;16.96;16.20;16.43;1077554;17781020.00
20100701;16.88;16.88;16.20;16.25;1173213;19287092.00
20100702;16.25;16.28;15.55;16.06;1468952;23483570.00
20100705;16.00;16.19;15.68;16.10;917689;14605577.00
20100706;16.00;16.58;16.00;16.48;1277102;20884974.00
20100707;16.48;16.56;16.19;16.48;1220735;19978348.00
20100708;16.58;16.65;16.27;16.36;898317;14727868.00
20100709;16.36;16.97;16.35;16.95;1957360;32798674.00
20100712;17.45;18.54;17.44;17.72;3997428;71800488.00
20100713;17.59;17.73;17.10;17.66;1743868;30278584.00
20100714;17.61;17.94;17.52;17.69;1392933;24707234.00
20100715;17.65;17.90;17.35;17.37;943944;16658662.00
20100716;17.35;17.49;17.07;17.40;988718;17036560.00
20100719;17.22;17.69;17.00;17.66;1273592;22307480.00
20100720;17.67;18.09;17.63;18.06;1951850;34965764.00
20100721;18.01;18.16;17.84;17.88;1538216;27660000.00
20100722;17.88;18.20;17.79;18.20;1593534;28667144.00
20100723;18.21;18.45;17.83;18.06;1634175;29433518.00
20100726;18.07;18.19;17.86;18.13;1634812;29471698.00
20100727;18.01;18.30;17.93;18.09;1521677;27595426.00
20100728;18.14;18.52;18.01;18.49;2467322;45298856.00
20100729;18.49;18.70;18.33;18.70;1973568;36539308.00
20100730;18.60;18.98;18.40;18.76;4668381;87493488.00
20100802;18.71;18.92;18.65;18.83;2811679;52839452.00
20100803;18.85;18.88;18.34;18.34;3213023;59607432.00
20100804;18.30;18.47;18.01;18.43;2147749;39162996.00
20100805;18.45;18.69;18.31;18.45;2094553;38846336.00
20100806;18.38;18.85;18.32;18.85;2484004;46441708.00
20100809;18.89;19.20;18.78;19.15;3243014;61645548.00
20100810;19.14;19.14;18.28;18.30;2706481;50580804.00
20100811;18.21;18.50;18.18;18.42;1406718;25794200.00
20100812;18.18;18.50;18.06;18.14;1281947;23399094.00
20100813;18.14;18.46;18.08;18.44;1349774;24681966.00
20100816;18.47;18.88;18.29;18.83;2182395;40744792.00
20100817;18.72;18.91;18.66;18.86;2001142;37647300.00
20100818;18.99;19.20;18.79;19.20;3487195;66387096.00
20100819;19.18;19.46;19.02;19.19;3436417;66138532.00
20100820;19.08;19.09;18.43;18.44;2957227;55143596.00
20100823;18.46;18.71;18.45;18.57;1072555;19901534.00
20100824;18.67;20.42;18.42;19.77;5447671;106473992.00
20100825;19.98;19.98;19.15;19.25;3394280;66296500.00
20100826;19.23;19.75;19.06;19.57;2422439;47167952.00
20100827;19.70;20.26;19.60;19.90;2969518;59249360.00
20100830;20.00;20.41;19.97;20.12;4724629;95133088.00
20100831;19.98;20.28;19.80;20.00;2752631;55108696.00
20100901;20.10;20.15;19.10;19.37;4295296;83858232.00
20100902;19.46;19.77;19.22;19.57;3833544;74826016.00
20100903;19.58;19.81;19.34;19.51;2931002;57358260.00
20100906;19.64;19.80;19.15;19.30;2797110;54215156.00
20100907;19.26;19.81;19.23;19.73;2480508;48541636.00
20100908;19.65;19.88;19.52;19.71;2288799;44962972.00
20100909;19.71;19.78;19.15;19.37;2438601;47309748.00
20100910;19.36;19.77;19.22;19.55;1942751;37790532.00
20100913;19.58;20.25;19.52;20.15;3980003;79669040.00
20100914;20.15;20.25;19.86;19.97;2382643;47674944.00
20100915;20.00;20.17;19.81;19.97;2664483;53151244.00
20100916;19.93;20.13;18.87;19.45;3197353;62127820.00
20100917;19.28;19.45;18.85;19.20;1990911;38113808.00
20100920;19.18;19.26;18.82;19.00;1423060;27057130.00
20100921;19.10;19.20;18.91;19.04;832847;15858205.00
20100927;19.19;19.75;19.07;19.72;1918986;37482792.00
20100928;19.80;19.89;19.55;19.70;1414171;27809518.00
20100929;19.70;20.55;19.67;20.25;5827300;117712704.00
20100930;20.35;21.19;20.20;21.00;5744693;119688560.00
20101008;21.10;21.65;20.79;21.26;5243763;111509328.00
20101011;21.09;21.90;21.01;21.45;6118389;131841440.00
20101012;21.35;22.59;21.33;22.10;6035722;133316888.00
20101013;22.12;22.50;21.57;22.17;4238121;93517560.00
20101014;22.07;22.36;21.70;21.70;3905380;85793296.00
20101015;21.65;22.19;21.30;22.16;4924374;107555024.00
20101018;22.10;22.88;21.42;22.00;4830295;106386128.00
20101019;21.83;22.40;21.83;22.19;3540805;78246872.00
20101020;21.90;23.28;21.73;22.58;7057962;159257616.00
20101021;22.58;23.57;22.25;23.50;5647525;129838000.00
20101022;23.52;25.47;23.52;24.52;8342702;204107968.00
20101025;24.49;25.10;23.93;24.94;6483111;159379824.00
20101026;24.71;25.20;24.51;24.59;3569053;88559568.00
20101027;24.85;24.85;24.30;24.59;3160327;77702536.00
20101028;24.53;25.77;24.42;25.00;3727398;94038480.00
20101029;24.94;25.95;24.56;25.90;3817953;97213752.00
20101101;25.95;26.38;25.55;25.66;3723368;96310040.00
20101102;25.86;26.17;25.51;25.73;3816523;98375320.00
20101103;25.77;26.24;25.20;25.20;3321594;85480400.00
20101104;25.34;26.90;24.60;26.69;4903292;125319952.00
20101105;26.74;27.49;26.26;27.18;4093661;110210672.00
20101108;27.18;28.30;26.74;28.08;4162311;114660352.00
20101109;27.99;27.99;26.20;26.90;12146952;327900896.00
20101110;26.51;26.60;25.56;25.96;8919287;231636048.00
20101111;25.89;26.69;25.60;26.16;4729551;124713176.00
20101112;25.67;26.24;24.59;24.70;4940549;124974240.00
20101115;25.20;25.58;24.89;25.53;2974822;75199792.00
20101116;25.50;25.79;24.80;24.84;3748587;95027784.00
20101117;24.80;25.10;23.96;24.35;2385906;58609004.00
20101119;24.81;25.94;24.81;25.70;3673345;93291816.00
20101122;25.66;26.57;25.58;26.10;3367064;88179304.00
20101123;26.18;26.30;25.41;26.07;3058200;78842464.00
20101124;25.98;26.49;25.56;26.49;3080464;80947048.00
20101125;26.55;27.38;26.55;26.80;4074638;109685528.00
20101126;26.88;27.38;26.50;26.90;3044133;82282032.00
20101129;26.92;27.77;26.92;27.74;5036331;137898368.00
20101130;27.88;28.09;26.60;27.70;5958145;163767168.00
20101201;27.75;27.75;27.09;27.30;2289279;62683120.00
20101202;27.80;28.10;27.53;27.74;2611542;72524800.00
20101203;27.95;28.80;27.72;28.38;4038008;114552768.00
20101206;28.61;28.76;26.90;26.99;3505830;96714720.00
20101207;27.10;27.79;26.60;27.68;2535227;69045880.00
20101208;27.68;27.95;27.40;27.65;1624726;44840060.00
20101209;27.78;28.38;27.49;28.14;3429161;96420632.00
20101210;28.28;28.90;27.60;28.56;3562990;100609128.00
20101213;28.88;29.37;28.40;28.70;6030304;174155632.00
20101214;28.79;29.20;28.38;28.96;3819420;110292120.00
20101215;28.96;29.45;28.61;28.63;3584526;104217064.00
20101216;28.46;30.32;28.32;29.88;6996183;207368224.00
20101217;30.09;32.60;30.09;32.30;7756072;243748448.00
20101223;33.80;33.80;31.50;31.51;10651384;346962944.00
20101224;31.01;32.60;30.76;32.22;4350490;138566704.00
20101227;31.98;33.28;30.26;31.35;6902523;221610112.00
20101228;30.75;31.50;29.72;29.80;5067445;152961664.00
20101229;30.00;31.49;29.88;31.37;4781953;147587008.00
20101230;30.68;31.31;30.30;31.30;5891898;180839184.00
20101231;31.40;33.96;31.02;32.50;11870341;387334976.00
20110104;33.10;34.50;32.83;34.03;12950745;436246400.00
20110105;33.75;34.35;33.30;34.06;6671523;225857168.00
20110106;33.90;35.18;33.60;35.00;9368252;322986368.00
20110107;34.87;35.25;33.52;33.71;6664463;229485056.00
20110110;33.53;34.14;32.51;32.90;4095019;136662848.00
20110111;32.90;33.59;32.58;33.19;2569392;85138272.00
20110112;33.00;34.00;32.60;33.02;3374194;112426488.00
20110113;32.72;33.26;32.15;33.04;2626101;85808792.00
20110114;32.98;33.08;31.80;32.24;2732559;88143136.00
20110117;32.20;32.48;29.91;30.05;3478549;107448192.00
20110118;30.09;31.08;30.00;30.98;2368879;72686344.00
20110119;30.90;32.52;30.80;32.42;2963520;94616632.00
20110120;32.55;34.15;32.55;33.50;7287520;244107760.00
20110121;33.05;34.10;32.75;34.08;5950184;200021520.00
20110124;34.00;35.23;32.64;32.64;7685341;262104560.00
20110125;32.59;32.59;29.38;29.88;7610056;227911232.00
20110126;29.85;31.13;29.66;31.00;3118648;95617960.00
20110127;31.00;32.32;30.25;32.16;4850663;152504176.00
20110128;32.34;33.77;31.61;33.77;7804926;257901408.00
20110131;33.37;33.45;31.90;32.60;11745394;384762336.00
20110201;32.32;33.69;32.20;33.50;8110979;268744672.00
20110209;33.10;34.38;33.10;33.48;7137753;241116864.00
20110210;33.19;36.83;32.75;36.30;14712574;518885472.00
20110211;35.98;36.68;35.51;35.78;9362902;337435680.00
20110214;35.60;37.20;35.58;35.95;8999707;326654848.00
20110215;35.82;36.26;35.51;35.75;8724633;313264160.00
20110216;35.60;37.18;35.40;36.38;10353247;377758688.00
20110217;36.30;37.44;36.15;37.25;8982022;329451168.00
20110218;37.11;37.11;35.45;35.57;8467802;305969504.00
20110221;35.60;36.67;35.57;36.45;7734979;280647424.00
20110222;36.49;36.63;33.78;33.78;12317720;429495744.00
20110223;34.10;34.72;33.50;33.97;8174212;279703072.00
20110224;34.00;34.27;33.60;34.18;4660437;158290144.00
20110225;34.10;34.11;33.00;33.70;4172759;140173328.00
20110228;33.76;34.78;33.76;34.50;5720727;196762224.00
20110301;34.75;34.97;34.04;34.15;4916954;169488576.00
20110302;33.82;33.97;33.25;33.75;3893462;130437664.00
20110303;33.75;33.85;32.85;32.85;4196353;139754496.00
20110304;32.82;33.50;32.71;33.30;2225457;73721024.00
20110307;33.45;34.30;33.25;34.07;4030826;136368384.00
20110308;34.00;34.47;33.56;34.35;4428131;150784064.00
20110309;34.28;35.92;34.03;35.88;9166551;322232864.00
20110310;35.80;36.37;35.03;35.35;6320091;224842896.00
20110311;35.28;37.90;35.01;36.61;12767897;470721056.00
20110314;36.65;37.29;36.20;36.85;6935418;254926384.00
20110315;36.86;37.00;34.88;35.73;7220920;256363232.00
20110316;35.70;35.95;35.21;35.55;4105671;146147872.00
20110318;35.26;35.75;34.20;34.90;4172577;145232464.00
20110321;34.55;35.00;34.00;34.57;3095172;106520872.00
20110322;34.77;34.77;33.56;34.14;2531542;85987704.00
20110323;33.98;34.92;33.88;34.79;2822547;97592032.00
20110324;34.81;34.88;34.31;34.34;2479678;85485768.00
20110325;34.40;34.46;34.02;34.26;2603937;89187360.00
20110328;34.25;34.66;32.78;33.21;5926572;199209968.00
20110329;33.22;33.33;31.80;31.91;3848309;124783648.00
20110330;31.92;32.33;31.78;31.86;2083986;66734320.00
20110331;32.00;32.60;31.85;32.58;1843857;59500380.00
20110401;32.40;32.69;32.00;32.54;1406656;45576868.00
20110406;32.20;32.55;31.88;31.97;1592192;51040744.00
20110407;31.85;32.44;31.85;32.24;1278645;41087888.00
20110408;32.26;33.13;32.05;33.05;2460574;80493128.00
20110411;33.00;33.15;32.19;32.27;2271425;73972688.00
20110412;32.28;32.28;31.11;31.22;2674399;84826232.00
20110413;31.22;31.22;30.25;30.64;4858247;148192512.00
20110414;30.56;30.90;30.40;30.55;2555005;78297144.00
20110415;30.60;30.77;29.90;30.12;2557706;77226392.00
20110418;30.03;30.70;29.87;30.55;2377796;72213216.00
20110419;30.53;30.54;29.87;29.92;2272359;68206320.00
20110420;30.00;30.55;29.90;30.53;2065828;62445316.00
20110421;30.71;32.19;30.51;31.86;4771684;150621632.00
20110422;31.49;31.84;31.23;31.32;2290123;72063848.00
20110425;31.68;31.68;30.00;30.21;2193923;66994284.00
20110426;30.03;30.38;29.90;30.27;1366595;41161264.00
20110427;30.48;30.48;29.30;29.60;1651225;49393852.00
20110429;28.51;29.49;28.35;29.27;1553809;44769332.00
20110503;28.88;29.27;28.42;28.89;1380355;39651116.00
20110504;28.88;28.88;27.86;27.88;1930543;54530740.00
20110505;27.60;27.92;27.22;27.68;2090877;57468240.00
20110506;28.00;29.07;27.98;28.97;3065855;87988936.00
20110509;29.10;29.64;28.73;29.15;2118250;61898084.00
20110510;29.08;29.38;28.81;29.31;1203770;35029912.00
20110511;29.37;29.87;29.19;29.68;2578909;76270464.00
20110512;29.64;29.64;28.50;28.81;2434289;70348640.00
20110513;14.36;14.36;13.57;13.80;6647804;91462672.00
20110516;14.08;14.10;13.51;13.51;3217462;44158560.00
20110517;13.50;13.77;13.36;13.59;2810467;38238816.00
20110518;13.60;13.96;13.50;13.81;3963607;54853708.00
20110519;13.75;13.95;13.45;13.48;3258593;44353408.00
20110520;13.50;13.58;13.04;13.14;2946890;39150284.00
20110523;13.10;13.13;12.35;12.40;4272763;53925348.00
20110524;12.11;12.62;12.11;12.50;2350145;29247808.00
20110525;12.49;12.66;12.28;12.32;1950520;24308578.00
20110526;12.40;12.75;12.37;12.40;3023345;38058780.00
20110527;12.40;12.50;11.92;11.95;2347795;28467662.00
20110531;11.75;12.18;11.65;12.09;2458451;29404742.00
20110601;12.05;12.42;11.98;12.33;2648379;32345570.00
20110602;12.10;12.18;11.96;12.08;1850530;22312144.00
20110603;12.05;12.40;11.99;12.34;2758254;33837240.00
20110607;12.29;12.70;12.20;12.64;3003341;37690136.00
20110608;12.60;12.73;12.27;12.56;2958614;36973428.00
20110609;12.50;12.73;12.36;12.42;2747017;34399668.00
20110610;12.43;12.60;12.08;12.55;2522476;31130860.00
20110613;12.59;13.35;12.58;13.04;5527009;72089168.00
20110614;12.91;13.25;12.78;13.01;3622425;47254692.00
20110615;13.01;13.15;12.81;12.82;1987399;25740736.00
20110616;12.77;12.79;12.59;12.60;1663920;21046212.00
20110617;12.54;12.75;12.33;12.33;1319237;16563432.00
20110620;12.25;12.53;11.92;12.37;2227536;27183144.00
20110621;12.63;13.61;12.60;13.61;16422128;222026048.00
20110622;13.70;14.15;13.60;13.79;17075797;236167680.00
20110623;13.63;14.00;13.30;13.98;10377053;142389904.00
20110624;14.02;14.39;13.74;14.16;13661167;192797600.00
20110627;14.16;14.96;14.10;14.68;13955090;204264384.00
20110628;14.69;14.74;14.31;14.67;11011912;159339152.00
20110629;14.57;14.57;14.03;14.10;11334801;161522080.00
20110630;14.12;14.37;14.12;14.22;6545866;93216336.00
20110701;14.29;14.74;14.13;14.61;9948352;143691664.00
20110704;14.61;15.18;14.55;15.08;11378960;170520432.00
20110705;15.10;15.15;14.82;15.06;7677997;114879832.00
20110706;14.90;14.98;14.73;14.98;5610716;83213568.00
20110707;14.87;15.09;14.70;14.71;6543232;97201256.00
20110708;14.61;14.76;14.30;14.49;5416617;78470864.00
20110711;14.40;14.86;14.28;14.73;4851147;71269616.00
20110712;14.58;14.58;14.30;14.30;4007399;57807272.00
20110713;14.30;14.74;14.30;14.66;3979695;57918332.00
20110714;14.70;15.88;14.70;15.74;15621386;237970544.00
20110715;15.72;15.72;15.33;15.44;9010683;139864624.00
20110718;15.48;15.67;15.21;15.58;7571621;117071968.00
20110719;15.45;15.51;15.07;15.14;4835606;73475992.00
20110720;15.25;15.37;15.02;15.25;3796063;57693936.00
20110721;15.25;15.73;15.07;15.42;8487977;131193152.00
20110722;15.47;15.77;15.16;15.30;9791052;151901360.00
20110725;15.16;15.16;13.90;14.17;9936341;144946720.00
20110726;14.07;14.35;13.85;14.01;4188464;58698528.00
20110727;14.23;14.66;14.14;14.64;6500068;94237808.00
20110728;14.40;15.17;14.30;14.88;7842099;117284496.00
20110729;14.87;15.05;14.62;14.64;4400025;65090776.00
20110801;14.56;14.71;14.30;14.47;2495267;36228136.00
20110802;14.50;14.50;14.00;14.48;4048641;57501996.00
20110803;14.32;14.79;14.08;14.64;3178353;46163480.00
20110804;14.60;14.75;14.43;14.64;2129500;31070570.00
20110805;14.01;14.58;14.00;14.38;4565741;65230008.00
20110808;14.08;14.25;13.41;13.59;5176849;71417616.00
20110809;13.12;13.88;12.61;13.82;5164347;68694944.00
20110810;14.01;14.50;14.01;14.31;5565492;79219256.00
20110811;14.00;14.96;13.90;14.91;11913261;172995792.00
20110817;15.41;16.05;14.80;15.10;17391570;269638816.00
20110818;14.90;15.02;14.50;14.58;6463217;94639776.00
20110819;14.30;15.60;14.00;15.01;11739666;173601040.00
20110822;15.02;15.80;14.75;15.05;11202433;169967024.00
20110823;15.05;15.27;14.50;14.77;8937468;132395184.00
20110824;14.90;14.92;14.60;14.66;4687887;69067696.00
20110825;14.75;14.90;14.62;14.79;5230538;77328624.00
20110826;14.71;14.79;14.42;14.69;4595598;67179480.00
20110829;14.69;14.69;14.39;14.42;2055957;29787146.00
20110830;14.55;14.64;14.07;14.30;5130528;73482232.00
20110831;14.12;14.35;14.01;14.12;2469080;34840172.00
20110901;14.14;14.21;13.91;13.94;2748778;38548600.00
20110902;13.91;14.03;13.80;13.85;2104461;29234102.00
20110905;13.71;13.82;13.50;13.58;2592567;35428684.00
20110906;13.57;13.57;13.09;13.23;2159258;28710474.00
20110907;13.20;13.47;13.20;13.40;3054819;40971888.00
20110908;13.43;13.50;13.20;13.24;1960413;26232908.00
20110909;13.20;13.62;13.20;13.54;3567524;47800136.00
20110913;13.40;13.40;12.90;13.09;3523372;45903120.00
20110914;13.08;13.20;12.80;13.13;2237276;28991892.00
20110915;13.05;13.31;13.00;13.00;2107973;27761834.00
20110916;13.12;13.21;12.83;12.88;2329536;30220466.00
20110919;12.85;13.04;12.80;12.88;1413120;18264120.00
20110920;12.86;13.08;12.86;13.05;1483889;19255460.00
20110921;13.05;13.44;12.86;13.41;3135500;41482620.00
20110922;13.30;13.34;12.90;13.05;2289251;30103986.00
20110923;12.86;13.00;12.70;13.00;1850967;23693386.00
20110926;12.98;13.01;12.68;12.90;1505497;19325330.00
20110927;12.90;13.16;12.83;12.97;2672694;34747008.00
20110928;13.10;13.24;12.99;13.08;3088638;40446452.00
20110929;12.90;13.02;12.60;12.84;2776609;35550524.00
20110930;12.80;13.27;12.80;13.18;3005350;39360396.00
20111010;13.18;13.39;12.90;12.91;1286939;16765998.00
20111011;13.11;13.29;12.74;12.91;1812411;23630886.00
20111012;12.76;13.26;12.60;13.20;2213008;28981118.00
20111013;13.13;13.60;13.13;13.56;4018144;53851968.00
20111014;13.41;13.85;13.41;13.60;3889658;53022228.00
20111017;13.60;13.83;13.50;13.62;2147392;29318580.00
20111018;13.56;13.67;13.28;13.29;1917149;25857296.00
20111019;13.36;13.47;13.22;13.38;1004242;13412348.00
20111020;13.31;13.36;12.87;12.90;1531128;19959440.00
20111021;12.87;12.96;12.65;12.80;1220336;15578745.00
20111024;12.75;12.92;12.00;12.90;2744105;34418804.00
20111025;12.84;13.02;12.53;12.94;2237655;28869020.00
20111026;12.80;13.25;12.62;12.96;2846622;37080848.00
20111027;12.89;13.08;12.33;12.49;4599706;58081152.00
20111028;12.52;12.75;12.25;12.71;4540747;56800080.00
20111031;12.68;13.10;12.63;12.96;3337562;42996440.00
20111101;12.84;13.22;12.71;13.11;3264154;42719500.00
20111102;12.90;13.59;12.85;13.39;4538219;59981368.00
20111103;13.49;14.00;13.36;13.58;6836566;93737616.00
20111104;13.58;13.88;13.36;13.83;6304362;86290680.00
20111107;13.72;14.17;13.72;14.00;7870217;109994024.00
20111108;14.11;14.11;13.42;13.75;5964456;81541632.00
20111109;13.68;13.81;13.46;13.81;4339875;59293004.00
20111110;13.65;13.81;13.49;13.69;5885463;80428144.00
20111111;13.68;13.76;13.46;13.68;2814121;38466544.00
20111114;13.70;13.99;13.70;13.85;3916743;54294756.00
20111115;13.85;13.92;13.60;13.60;2956721;40455104.00
20111116;13.58;13.71;13.16;13.30;2167287;29087746.00
20111117;13.42;13.48;13.27;13.27;1185024;15818952.00
20111118;13.20;13.22;12.88;13.09;2498499;32495668.00
20111121;13.09;13.12;12.91;13.10;927668;12104347.00
20111122;13.00;13.69;12.92;13.48;3730722;49972700.00
20111123;13.57;13.63;13.35;13.63;2527392;34189416.00
20111124;13.41;13.64;13.39;13.54;2062235;27823416.00
20111125;13.51;13.90;13.48;13.68;4801760;66001796.00
20111128;13.77;13.96;13.60;13.65;3250632;44766176.00
20111129;13.74;13.75;13.41;13.61;2643823;35851324.00
20111130;13.51;13.77;13.00;13.45;3230753;43392100.00
20111201;13.71;14.10;13.51;14.07;7504328;103763064.00
20111202;13.93;14.06;13.75;14.01;5334716;74249976.00
20111205;13.91;13.92;13.41;13.41;2385321;32330346.00
20111206;13.42;13.62;13.18;13.60;1575893;21166312.00
20111207;13.60;13.99;13.50;13.93;6976684;96967872.00
20111208;13.70;14.02;13.67;13.90;5683756;79000056.00
20111209;13.71;13.85;13.48;13.80;2658178;36356800.00
20111212;13.70;13.76;13.45;13.64;1813523;24699236.00
20111213;13.53;13.54;13.03;13.39;3766708;50121612.00
20111214;13.21;13.63;13.11;13.45;3700874;49839540.00
20111215;13.31;13.60;13.03;13.20;3823014;50964840.00
20111216;13.12;13.25;12.60;13.20;3736089;48469288.00
20111219;13.20;13.20;12.88;13.18;1516458;19740452.00
20111220;13.18;13.28;13.09;13.15;811769;10702129.00
20111221;13.24;13.33;12.91;13.02;1056572;13811063.00
20111222;12.93;13.20;12.12;12.40;8994478;114463792.00
20111223;12.21;12.40;11.88;11.91;3180306;38358348.00
20111226;11.91;12.22;11.85;11.92;1827786;22006624.00
20111227;11.90;12.06;11.34;11.35;1122287;13069429.00
20111228;11.30;11.30;10.22;10.50;3685109;38361604.00
20111229;10.40;10.58;10.24;10.45;1273082;13255410.00
20111230;10.49;10.80;10.49;10.71;1454820;15525603.00
20120104;10.80;10.88;10.00;10.08;870237;9159558.00
20120105;10.02;10.12;9.07;9.17;3640681;34158280.00
20120106;9.12;9.22;8.80;9.05;1355631;12299004.00
20120109;9.09;9.44;9.00;9.43;1563740;14476357.00
20120110;9.47;10.06;9.36;9.92;3442471;33145856.00
20120111;9.90;9.92;9.70;9.83;2624358;25753990.00
20120112;9.80;10.07;9.80;9.96;1819413;18185058.00
20120113;10.00;10.00;9.36;9.47;1763331;17012604.00
20120116;9.41;9.43;9.01;9.15;1322665;12192650.00
20120117;9.15;9.78;9.15;9.74;1386002;13186698.00
20120118;9.71;9.97;9.50;9.51;1317539;12889123.00
20120119;9.53;9.80;9.46;9.59;1274613;12310235.00
20120120;9.41;9.66;9.41;9.49;1749369;16631947.00
20120130;9.53;9.73;9.50;9.52;1120393;10759950.00
20120131;9.51;9.60;9.34;9.38;1295616;12195990.00
20120201;9.38;9.52;9.20;9.25;864229;8121199.00
20120202;9.25;9.52;9.25;9.50;1099729;10308744.00
20120203;9.50;9.68;9.45;9.64;1560318;14964224.00
20120206;9.65;9.87;9.65;9.81;2142523;20924366.00
20120207;9.85;9.85;9.56;9.63;1405410;13568022.00
20120208;9.58;9.92;9.58;9.88;2613041;25530698.00
20120209;9.81;10.07;9.75;9.94;3246240;32297878.00
20120210;9.84;10.05;9.84;9.94;2018727;20069644.00
20120213;9.91;10.17;9.80;10.12;3197233;32156570.00
20120214;10.13;10.19;9.92;10.07;1868958;18764650.00
20120215;10.07;10.30;9.99;10.30;3019793;30681852.00
20120216;10.34;10.50;10.11;10.24;3098251;31869068.00
20120217;10.24;10.29;10.01;10.17;3777565;38156644.00
20120220;10.31;10.35;10.08;10.17;3914591;39841320.00
20120221;10.06;10.18;9.94;10.17;3359931;33730220.00
20120222;10.17;10.45;10.11;10.41;5800744;59602008.00
20120223;10.38;10.50;10.25;10.43;4878123;50634492.00
20120224;10.42;10.78;10.40;10.65;5519814;58754800.00
20120227;10.70;10.89;10.50;10.50;6824914;72856064.00
20120228;10.38;10.46;10.22;10.33;4033471;41645192.00
20120229;10.30;10.38;10.19;10.22;2142828;21960462.00
20120301;10.21;10.32;10.13;10.29;1446810;14842493.00
20120302;10.37;10.54;10.30;10.50;3175050;33186398.00
20120305;10.56;10.68;10.40;10.44;3055463;32112690.00
20120306;10.41;10.47;10.27;10.27;2828230;29278616.00
20120307;10.19;10.26;10.05;10.13;3096944;31449916.00
20120308;10.13;10.36;10.13;10.29;1993947;20463320.00
20120309;10.32;10.75;10.30;10.60;5220089;54874536.00
20120312;10.61;10.67;10.42;10.64;3066614;32320596.00
20120313;10.64;10.84;10.55;10.76;4219012;45169516.00
20120314;10.73;11.29;10.55;10.75;12538441;137667712.00
20120315;10.73;11.22;10.51;11.14;9350283;102262032.00
20120316;11.11;11.46;10.87;11.44;8684859;97136504.00
20120319;11.34;11.56;11.12;11.27;7482856;84506232.00
20120320;11.17;11.23;10.82;10.88;3887665;42652504.00
20120321;10.93;11.01;10.59;10.77;3598741;38777860.00
20120322;10.72;10.97;10.68;10.86;2142991;23277670.00
20120323;10.87;10.87;10.32;10.36;4667160;49033840.00
20120326;10.37;10.37;9.97;10.08;2922098;29592572.00
20120327;10.16;10.20;9.94;10.00;2176808;21870982.00
20120328;9.91;9.95;9.36;9.46;3029659;29181474.00
20120329;9.45;9.48;9.20;9.45;2427436;22677614.00
20120330;9.40;9.51;8.98;9.11;2225353;20583490.00
20120405;9.21;9.35;9.11;9.34;2385551;22004420.00
20120406;9.35;9.42;9.22;9.39;3021204;28191190.00
20120409;9.41;9.41;9.09;9.13;2948805;27260552.00
20120410;9.03;9.14;8.54;9.00;5594828;49002896.00
20120411;8.78;8.93;8.64;8.93;5130381;45061720.00
20120412;8.93;9.15;8.79;9.13;6314350;56558772.00
20120413;9.16;9.24;9.03;9.23;5946426;54476336.00
20120416;9.13;9.43;9.07;9.28;4590910;42296388.00
20120417;9.26;9.33;9.01;9.07;4026029;36849564.00
20120418;9.05;9.37;8.94;9.31;6962669;63906500.00
20120419;9.30;9.65;9.20;9.56;8291555;78172808.00
20120420;9.48;9.75;9.43;9.54;9405963;90438768.00
20120423;9.53;9.55;9.29;9.41;8264969;77586968.00
20120424;9.33;9.40;8.94;9.04;6466216;58953464.00
20120425;9.07;9.08;8.85;9.00;5172903;46222804.00
20120426;9.00;9.22;8.93;9.20;4776310;43502788.00
20120427;9.17;9.18;9.04;9.06;3094290;28125972.00
20120502;9.15;9.43;9.15;9.30;7057056;65742992.00
20120503;9.28;9.38;9.20;9.36;6040276;56256740.00
20120504;9.37;9.67;9.24;9.54;9514876;89847616.00
20120507;9.50;9.84;9.44;9.82;9791368;94948768.00
20120508;9.82;9.85;9.70;9.76;6834602;66817408.00
20120509;9.61;9.96;9.52;9.84;18883370;185295488.00
20120510;9.80;10.50;9.76;10.31;26291815;264852496.00
20120511;10.19;10.60;10.06;10.20;20926104;216814608.00
20120514;10.30;10.45;10.03;10.14;15203676;155664896.00
20120515;10.10;10.35;9.95;10.29;13467500;137121360.00
20120516;10.23;10.35;9.50;9.53;15155724;149805088.00
20120517;9.55;9.73;9.22;9.65;8370089;79589280.00
20120518;9.50;9.77;9.38;9.60;8292838;79591416.00
20120522;9.66;9.84;9.50;9.53;8013845;77391576.00
20120523;9.50;9.55;9.20;9.26;7410466;69250744.00
20120524;9.21;9.40;9.08;9.18;5941229;54783824.00
20120525;9.18;9.23;9.04;9.07;3509059;31966830.00
20120528;9.04;9.35;8.91;9.35;4645622;42468688.00
20120529;9.35;9.59;9.30;9.48;5695679;53993012.00
20120530;9.80;10.23;9.71;9.77;16680206;165374176.00
20120531;9.61;9.75;9.54;9.67;5063747;48940972.00
20120601;9.62;9.79;9.50;9.54;3996131;38489736.00
20120604;9.31;9.32;9.07;9.07;4571403;42110648.00
20120605;9.11;9.18;8.83;8.89;5263488;47141432.00
20120606;8.90;9.03;8.71;8.78;3298672;29169618.00
20120607;8.89;8.95;8.65;8.69;3012101;26502566.00
20120608;8.78;8.83;8.65;8.72;2722154;23713008.00
20120611;8.78;8.90;8.72;8.88;2681508;23680794.00
20120612;8.88;8.88;8.70;8.78;2225635;19498310.00
20120613;8.79;8.93;8.72;8.89;2921247;25815938.00
20120614;8.89;8.96;8.83;8.85;2365823;21047492.00
20120615;8.81;8.96;8.75;8.88;1557574;13788239.00
20120618;8.89;9.11;8.83;9.08;3032998;27343934.00
20120619;9.12;9.12;9.00;9.03;2182620;19729944.00
20120620;9.05;9.05;8.86;8.92;2783094;24956538.00
20120621;8.88;8.88;8.70;8.75;1655072;14496757.00
20120625;8.71;8.71;8.40;8.40;2025080;17342138.00
20120626;8.33;8.37;8.03;8.20;2708811;22231930.00
20120627;8.17;8.29;8.14;8.21;1908053;15719863.00
20120628;8.23;8.27;8.08;8.09;2357982;19135904.00
20120629;8.05;8.23;7.98;8.17;2255993;18312100.00
20120702;8.17;8.30;8.15;8.24;1247151;10251661.00
20120703;8.24;8.32;8.17;8.20;1764068;14563561.00
20120704;8.20;8.27;7.80;7.84;3311675;26304754.00
20120705;7.85;7.90;7.47;7.47;2777220;21181038.00
20120706;7.58;7.60;7.21;7.56;2829711;20866350.00
20120709;7.50;7.55;7.01;7.03;3807505;27615110.00
20120710;7.00;7.09;6.95;7.06;1993594;13965432.00
20120711;7.04;7.16;7.01;7.13;1393136;9900860.00
20120712;7.06;7.06;6.68;6.91;4610528;31477200.00
20120713;6.81;7.00;6.80;6.91;2836771;19659898.00
20120716;6.94;6.95;6.45;6.46;2511748;16759951.00
20120717;6.47;6.60;6.40;6.60;3302409;21435570.00
20120718;6.51;6.68;6.41;6.61;2700294;17670214.00
20120719;6.61;6.86;6.56;6.74;3623991;24377104.00
20120720;6.70;6.99;6.70;6.90;3438236;23534552.00
20120723;6.82;6.90;6.72;6.84;2240996;15256757.00
20120724;6.78;6.96;6.73;6.89;1960182;13479816.00
20120725;6.86;7.11;6.82;6.92;3484278;24336266.00
20120726;6.97;6.99;6.80;6.80;2093773;14416311.00
20120727;6.84;6.94;6.76;6.81;1334857;9137862.00
20120730;6.82;6.85;6.48;6.53;1729697;11455827.00
20120731;6.49;6.55;6.09;6.19;2741159;17262972.00
20120801;6.15;6.39;6.13;6.29;1309494;8240859.50
20120802;6.28;6.30;6.15;6.19;1033060;6433866.00
20120803;6.26;6.46;6.20;6.35;2366963;15064875.00
20120806;6.35;6.50;6.32;6.49;2438778;15710171.00
20120807;6.46;6.63;6.46;6.60;2250727;14784622.00
20120808;6.62;6.69;6.43;6.47;3288007;21347988.00
20120809;6.47;6.62;6.41;6.58;4748251;30918358.00
20120810;6.58;7.09;6.58;6.93;8675344;59662684.00
20120813;6.86;7.05;6.77;6.82;4561632;31381224.00
20120814;6.72;7.05;6.72;7.02;5132958;35595344.00
20120815;7.05;7.16;6.78;6.90;5236705;36688544.00
20120816;6.80;6.88;6.70;6.73;2533188;17077812.00
20120817;6.68;6.81;6.54;6.80;3941698;26335374.00
20120820;6.78;6.84;6.66;6.79;2070925;14016545.00
20120821;6.75;6.94;6.75;6.84;2428461;16664241.00
20120822;6.81;6.86;6.72;6.77;1645375;11143659.00
20120823;6.78;7.00;6.72;6.93;2439379;16744002.00
20120824;6.90;7.01;6.75;6.76;2030633;13989519.00
20120827;6.77;6.78;6.35;6.37;2044887;13272582.00
20120828;6.38;6.51;6.31;6.45;1404721;9007224.00
20120829;6.45;6.48;6.33;6.33;1088399;6955643.50
20120830;6.30;6.38;6.15;6.31;1391307;8741800.00
20120831;6.31;6.36;6.25;6.30;1074729;6780291.50
20120903;6.30;6.52;6.20;6.42;1887221;12140516.00
20120904;6.42;6.50;6.29;6.33;1223773;7809116.00
20120905;6.32;6.43;6.28;6.39;2294303;14626871.00
20120906;6.40;6.53;6.40;6.51;1562230;10116993.00
20120907;6.55;6.89;6.54;6.81;4137346;27928844.00
20120910;6.78;7.49;6.73;7.49;12183822;88339264.00
20120911;7.36;7.43;7.21;7.37;7229829;52844492.00
20120912;7.37;7.45;7.25;7.37;4124027;30277806.00
20120913;7.37;7.39;7.14;7.15;3233525;23517580.00
20120914;7.21;7.28;7.08;7.17;3027695;21724512.00
20120917;7.18;7.18;6.96;7.09;2538100;17894942.00
20120918;7.09;7.14;6.96;6.99;1752730;12370270.00
20120919;7.05;7.24;7.00;7.22;2884923;20604780.00
20120920;7.22;7.25;6.93;6.97;2119847;14980920.00
20120921;6.99;7.00;6.86;6.95;1331976;9240956.00
20120924;6.86;6.98;6.61;6.95;1986107;13540925.00
20120925;6.92;7.02;6.84;6.90;1049147;7252679.50
20120926;6.90;6.94;6.55;6.57;2021553;13495141.00
20120927;6.60;6.63;6.24;6.53;5373355;34676140.00
20120928;6.45;6.59;6.43;6.56;2643276;17223102.00
20121008;6.56;6.60;6.43;6.49;1277519;8331581.00
20121009;6.43;6.78;6.43;6.73;3232407;21407958.00
20121010;6.73;6.89;6.66;6.88;3841298;26054980.00
20121011;6.87;7.04;6.74;6.76;3712278;25489936.00
20121012;6.76;6.84;6.55;6.66;2485768;16676589.00
20121015;6.66;6.68;6.40;6.43;2595377;16819110.00
20121016;6.43;6.55;6.38;6.44;2047195;13224066.00
20121017;6.44;6.51;6.37;6.46;1366280;8809038.00
20121018;6.47;6.66;6.45;6.63;2621573;17276102.00
20121019;6.60;6.97;6.60;6.73;5859471;39884016.00
20121022;6.70;6.87;6.65;6.82;3416340;23236108.00
20121023;6.79;6.81;6.61;6.66;3321897;22244170.00
20121024;6.57;6.62;6.53;6.59;1715828;11298669.00
20121025;6.56;6.67;6.54;6.55;1762052;11617440.00
20121026;6.55;6.56;6.31;6.32;1972985;12597527.00
20121029;6.32;6.37;6.28;6.30;1184618;7491503.00
20121030;6.36;6.40;6.28;6.30;2278454;14440116.00
20121031;6.28;6.35;6.22;6.28;1501179;9417428.00
20121101;6.29;6.50;6.26;6.50;2317215;14813327.00
20121102;6.50;6.65;6.40;6.57;2884534;18809122.00
20121105;6.61;6.61;6.38;6.41;1879077;12128295.00
20121106;6.40;6.48;6.34;6.42;1128897;7216488.00
20121107;6.41;6.46;6.36;6.46;877070;5632544.00
20121108;6.40;6.40;6.18;6.18;1939381;12158766.00
20121109;6.18;6.20;5.96;6.00;2488704;15121840.00
20121112;6.00;6.06;5.89;5.94;3552474;21205448.00
20121113;5.97;5.97;5.63;5.67;3378288;19433546.00
20121114;5.68;5.72;5.65;5.65;2687611;15243131.00
20121115;5.65;5.70;5.56;5.59;2292482;12900193.00
20121116;5.58;5.61;5.48;5.59;1451868;8040822.00
20121119;5.60;5.74;5.55;5.71;1979947;11181353.00
20121120;5.75;5.79;5.66;5.67;1194453;6806329.00
20121121;5.67;5.71;5.51;5.66;2333323;13137035.00
20121122;5.68;5.68;5.55;5.58;1272674;7115455.50
20121123;5.58;5.64;5.53;5.62;1613432;9039535.00
20121126;5.60;5.63;5.54;5.56;1734593;9667019.00
20121127;5.56;5.58;5.31;5.32;2667708;14386590.00
20121128;5.32;5.32;5.04;5.14;2465089;12640621.00
20121129;5.12;5.16;5.03;5.04;1790427;9126129.00
20121130;5.04;5.12;5.02;5.10;2053230;10418114.00
20121203;5.09;5.14;4.98;4.98;1714457;8661086.00
20121204;4.97;5.12;4.90;5.09;1878726;9415526.00
20121205;5.10;5.49;5.06;5.39;4776104;25443390.00
20121206;5.35;5.58;5.35;5.49;4516567;24797842.00
20121207;5.48;5.64;5.43;5.58;3274439;18284602.00
20121210;5.56;5.87;5.56;5.84;4411665;25397314.00
20121211;5.80;5.83;5.68;5.72;2207101;12690864.00
20121212;5.70;5.75;5.64;5.72;2000971;11355226.00
20121213;5.71;5.71;5.57;5.57;1251920;7061464.00
20121214;5.53;6.12;5.53;6.01;4707957;27638398.00
20121217;5.96;6.09;5.96;6.00;3093802;18618602.00
20121218;5.97;6.10;5.91;5.99;2156688;12945801.00
20121219;5.98;6.12;5.97;6.07;1776499;10740810.00
20121220;6.05;6.26;6.05;6.15;3087344;19024550.00
20121221;6.20;6.24;6.11;6.15;1930878;11904605.00
20121224;6.15;6.23;6.11;6.21;1460988;9049730.00
20121225;6.21;6.49;6.16;6.44;3977350;25465508.00
20121226;6.44;6.46;6.29;6.41;2699081;17221226.00
20121227;6.42;6.44;6.25;6.28;3868414;24401556.00
20121228;6.25;6.38;6.22;6.34;3103739;19612668.00
20121231;6.33;6.39;6.30;6.34;1305634;8295066.50
20130104;6.34;6.43;6.20;6.26;1723887;10835938.00
20130107;6.25;6.26;6.00;6.10;5951770;36438228.00
20130108;6.09;6.33;6.09;6.33;5322202;33100252.00
20130109;6.34;6.53;6.22;6.40;6447470;41294756.00
20130110;6.41;6.50;6.36;6.41;3347231;21482982.00
20130111;6.47;6.47;6.19;6.21;3020222;19101864.00
20130114;6.14;6.46;6.14;6.42;2637395;16747415.00
20130115;6.43;6.61;6.35;6.60;5347216;34688096.00
20130116;6.59;6.96;6.57;6.83;9037433;61407200.00
20130117;7.30;7.48;6.80;6.88;19595038;139148496.00
20130118;6.85;6.96;6.61;6.80;10856155;73432608.00
20130121;6.79;6.80;6.60;6.70;6340663;42270832.00
20130122;6.68;6.77;6.51;6.56;6568339;43676448.00
20130123;6.51;6.63;6.34;6.63;5473328;35464864.00
20130124;6.52;6.59;6.28;6.38;4975315;32035132.00
20130125;6.34;6.40;6.18;6.23;4033533;25176286.00
20130128;6.21;6.63;6.21;6.48;6117756;39397508.00
20130129;6.46;6.55;6.42;6.53;4637007;30140718.00
20130130;6.53;6.63;6.42;6.57;6984974;45715556.00
20130131;6.59;6.63;6.46;6.59;3277536;21521006.00
20130201;6.56;6.73;6.56;6.70;6911953;46022780.00
20130204;6.70;6.75;6.60;6.65;4917686;32725336.00
20130205;6.61;6.72;6.49;6.65;3945498;26088182.00
20130206;6.63;6.70;6.61;6.65;3125243;20771056.00
20130207;6.64;6.68;6.59;6.63;2920013;19372404.00
20130208;6.68;6.85;6.62;6.82;5513201;37233332.00
20130218;6.84;6.88;6.78;6.79;3060694;20878824.00
20130219;6.79;6.81;6.50;6.55;4841588;32087352.00
20130220;6.55;6.60;6.39;6.53;6484987;42059032.00
20130221;6.50;6.50;6.28;6.30;5126366;32682442.00
20130222;6.31;6.40;6.19;6.21;2937962;18509430.00
20130225;6.22;6.33;6.20;6.28;2682304;16793502.00
20130226;6.24;6.37;6.20;6.21;3134409;19687868.00
20130227;6.22;6.29;5.95;6.04;6867284;41586488.00
20130228;6.10;6.16;6.03;6.16;3585744;21873390.00
20130301;6.19;6.28;6.13;6.23;4395116;27269168.00
20130304;6.17;6.17;5.70;5.76;10327961;60830312.00
20130305;5.79;5.86;5.73;5.85;4226784;24534006.00
20130306;5.87;6.11;5.84;6.08;7947310;47735716.00
20130307;6.06;6.10;5.83;5.93;6083359;36534300.00
20130308;5.93;6.04;5.92;5.97;3311996;19785830.00
20130311;5.97;6.03;5.88;5.96;2614343;15618405.00
20130312;5.98;6.15;5.79;5.88;4651578;27604526.00
20130313;5.83;5.91;5.75;5.81;2509681;14586762.00
20130314;5.80;5.90;5.80;5.87;1472798;8634776.00
20130315;5.87;5.98;5.80;5.90;2115263;12512431.00
20130318;5.89;6.05;5.82;6.02;4754926;28326260.00
20130319;5.99;6.08;5.92;6.05;3720617;22373608.00
20130320;6.05;6.18;6.02;6.17;4999409;30551564.00
20130321;6.17;6.17;6.06;6.09;3682671;22496562.00
20130322;6.15;6.15;6.03;6.11;2962477;18027376.00
20130325;6.10;6.13;6.03;6.11;2471631;15030276.00
20130326;6.10;6.25;6.05;6.19;6157190;37719952.00
20130327;6.18;6.48;6.14;6.32;7758625;48920816.00
20130328;6.32;6.38;6.12;6.19;7218719;45178152.00
20130329;6.12;6.25;6.03;6.20;8137703;49639816.00
20130401;6.20;6.27;6.12;6.21;4444495;27474284.00
20130402;6.20;6.35;6.16;6.29;6051010;37737896.00
20130403;6.29;6.30;6.22;6.27;3183377;19916920.00
20130408;6.20;6.47;6.13;6.44;8559350;54520228.00
20130409;6.44;6.68;6.41;6.64;15419359;100408808.00
20130410;6.60;6.79;6.53;6.66;8380077;55446748.00
20130411;6.66;7.05;6.58;6.96;17751798;121301872.00
20130412;6.94;6.94;6.72;6.85;10064713;68502536.00
20130415;6.84;6.90;6.59;6.70;7245333;48805636.00
20130416;6.67;6.88;6.60;6.83;9405230;63945720.00
20130417;6.86;7.13;6.85;7.04;13825523;96221824.00
20130418;6.97;7.09;6.80;7.05;9398799;65145696.00
20130419;7.05;7.26;6.88;7.16;23285665;163922688.00
20130422;7.08;7.16;6.85;7.14;13855462;97167136.00
20130423;7.01;7.20;6.90;7.09;14369064;101699656.00
20130424;7.00;7.45;6.92;7.21;22638517;160822640.00
20130425;7.03;7.07;6.74;6.74;19483489;134612768.00
20130426;6.74;6.83;6.32;6.62;10894222;70798912.00
20130502;6.58;6.58;6.31;6.31;6857148;43731052.00
20130503;6.30;6.45;6.30;6.36;4373267;27944638.00
20130506;6.36;6.45;6.35;6.37;5479775;34977212.00
20130507;6.38;6.42;6.33;6.38;4493461;28631688.00
20130508;6.40;6.44;6.35;6.40;4731257;30233484.00
20130509;6.40;6.40;6.23;6.32;5723267;36033744.00
20130510;6.34;6.48;6.27;6.39;8321156;52920584.00
20130513;6.39;6.49;6.33;6.48;14718925;94568688.00
20130514;6.47;6.47;6.30;6.31;6645931;42307388.00
20130515;6.31;6.35;6.19;6.25;4971857;31019574.00
20130516;6.24;6.43;6.13;6.31;7285246;45911364.00
20130517;6.28;6.36;6.25;6.31;6706006;42295640.00
20130520;6.31;6.45;6.30;6.43;6903413;44075564.00
20130521;6.42;6.58;6.40;6.55;10197449;66441512.00
20130522;6.54;6.62;6.48;6.53;8003752;52420568.00
20130523;6.54;6.65;6.46;6.50;7011350;45858476.00
20130524;6.50;6.55;6.43;6.54;4693910;30471972.00
20130527;6.55;6.62;6.53;6.60;6098902;40095348.00
20130528;6.66;6.66;6.44;6.53;5521628;36038892.00
20130529;6.52;6.63;6.52;6.61;6613295;43549116.00
20130530;6.61;6.65;6.53;6.57;5364353;35276784.00
20130531;6.58;6.59;6.43;6.43;6099771;39704520.00
20130603;6.42;6.46;6.33;6.35;4693785;29900354.00
20130604;6.34;6.41;6.24;6.28;4191990;26521310.00
20130605;6.30;6.34;6.26;6.33;2080973;13113582.00
20130606;6.32;6.44;6.26;6.31;3597597;22948828.00
20130607;6.32;6.60;6.11;6.46;9320560;59131880.00
20130613;6.38;6.47;6.18;6.28;6207199;39285456.00
20130614;6.22;6.51;6.22;6.50;8456787;54213776.00
20130617;6.60;6.70;6.46;6.51;13832048;90569920.00
20130618;6.50;6.52;6.30;6.35;5718012;36594264.00
20130619;6.31;6.32;5.98;6.04;8463505;51254908.00
20130620;6.01;6.01;5.74;5.74;4919994;28833670.00
20130621;5.65;5.65;5.48;5.48;6954310;38512884.00
20130624;5.50;5.50;4.93;4.93;9565145;48824296.00
20130625;4.92;5.05;4.49;4.96;9378588;45633716.00
20130626;4.93;5.04;4.83;5.02;4144883;20648296.00
20130627;5.02;5.07;4.85;4.87;5172989;25730660.00
20130628;4.87;4.97;4.76;4.81;3513117;17020254.00
20130701;4.76;4.91;4.75;4.91;2678903;13001642.00
20130702;4.92;5.02;4.89;5.01;3238124;16032640.00
20130703;5.01;5.01;4.84;4.94;2944630;14468229.00
20130704;4.91;5.03;4.82;5.00;3661668;18179716.00
20130705;5.00;5.10;4.99;5.03;3704024;18703150.00
20130708;5.00;5.00;4.72;4.74;4322601;20907318.00
20130709;4.74;4.80;4.71;4.77;2062409;9790140.00
20130710;4.77;4.93;4.74;4.92;2653294;12836277.00
20130711;4.95;5.14;4.92;5.05;5624390;28368558.00
20130712;5.05;5.13;4.99;4.99;3563659;18005824.00
20130715;5.01;5.10;4.99;5.06;3151542;15919516.00
20130716;5.06;5.29;5.04;5.24;6204195;32153916.00
20130717;5.24;5.24;5.05;5.07;5398343;27723528.00
20130718;5.08;5.11;4.95;5.06;3459509;17426998.00
20130719;5.06;5.10;4.88;4.90;3660293;18308136.00
20130722;4.88;4.97;4.83;4.93;2699664;13297435.00
20130723;4.93;5.11;4.93;5.10;4302933;21759058.00
20130724;5.11;5.16;5.06;5.13;4961222;25339926.00
20130725;5.13;5.15;5.03;5.06;2823029;14358511.00
20130726;5.04;5.11;5.01;5.09;2687864;13652014.00
20130729;5.05;5.08;4.89;4.91;3447503;17152912.00
20130730;4.90;4.99;4.86;4.93;1596647;7867078.00
20130731;4.94;5.00;4.90;4.92;1901624;9416551.00
20130801;4.92;5.08;4.91;5.07;3055460;15325154.00
20130802;5.10;5.12;5.05;5.07;3074567;15640168.00
20130805;5.07;5.23;5.05;5.16;4376104;22537568.00
20130806;5.18;5.31;5.15;5.28;6210702;32525140.00
20130807;5.25;5.33;5.19;5.23;5637570;29679584.00
20130808;5.22;5.24;5.14;5.16;4113819;21341252.00
20130809;5.19;5.25;5.12;5.22;3677932;19105986.00
20130812;5.22;5.34;5.20;5.33;5842090;30873194.00
20130813;5.37;5.51;5.30;5.47;7922349;42957940.00
20130814;5.46;5.50;5.35;5.38;4506742;24450070.00
20130815;5.38;5.43;5.27;5.29;3515972;18794758.00
20130816;5.28;5.40;5.18;5.20;4004384;21169652.00
20130819;5.17;5.45;5.15;5.39;4144138;21891404.00
20130820;5.57;5.57;5.35;5.36;8117879;44399676.00
20130821;5.36;5.40;5.28;5.38;4411604;23533594.00
20130822;5.38;5.66;5.38;5.51;9496785;52824708.00
20130823;5.51;5.63;5.39;5.58;6992292;38643264.00
20130826;5.59;5.65;5.51;5.63;7037810;39338308.00
20130827;5.64;5.67;5.54;5.59;5732997;32046684.00
20130828;5.55;5.55;5.42;5.45;7324129;40073616.00
20130829;5.50;5.52;5.42;5.48;3814679;20837802.00
20130830;5.51;5.63;5.49;5.57;6790503;37809900.00
20130902;5.53;5.59;5.43;5.58;3979624;21913558.00
20130903;5.57;5.68;5.56;5.64;5409713;30503994.00
20130904;5.64;5.67;5.54;5.59;3891885;21744928.00
20130905;5.59;5.59;5.50;5.56;4127573;22891060.00
20130906;5.53;5.57;5.49;5.54;2925558;16198370.00
20130909;5.53;5.61;5.53;5.59;3865143;21521930.00
20130910;5.60;5.64;5.58;5.64;3613235;20297770.00
20130911;5.64;5.80;5.62;5.70;7476451;42812916.00
20130912;5.82;5.95;5.74;5.78;10080546;58754712.00
20130913;5.74;5.86;5.66;5.81;4889606;28266974.00
20130916;5.79;5.81;5.69;5.70;3123600;17949872.00
20130917;5.70;5.76;5.54;5.57;4458526;25255830.00
20130918;5.55;5.65;5.49;5.60;3399183;18931792.00
20130923;5.62;5.72;5.58;5.69;5319889;29980318.00
20130924;5.69;5.69;5.48;5.53;8409367;46795996.00
20130925;5.51;5.56;5.44;5.55;6775523;37285168.00
20130926;5.61;5.71;5.54;5.54;11666656;65603620.00
20130927;5.61;5.65;5.44;5.45;4646959;25674496.00
20130930;5.45;5.50;5.40;5.46;4390275;23894068.00
20131008;5.45;5.56;5.42;5.53;3386587;18606602.00
20131009;5.50;5.59;5.50;5.58;3866728;21530468.00
20131010;5.58;5.58;5.49;5.53;4403616;24347314.00
20131011;5.54;5.62;5.52;5.60;5128862;28617002.00
20131014;5.62;5.75;5.60;5.66;7455266;42254320.00
20131015;5.65;5.71;5.61;5.65;4013601;22685470.00
20131016;5.65;5.65;5.41;5.50;4828593;26659860.00
20131017;5.53;5.61;5.51;5.54;4251548;23610804.00
20131018;5.55;5.65;5.55;5.64;3310578;18626710.00
20131021;5.65;5.75;5.62;5.74;6038953;34444676.00
20131022;5.73;5.73;5.62;5.68;4433394;25231776.00
20131023;5.68;5.75;5.54;5.58;5198291;29358338.00
20131024;5.59;5.66;5.54;5.61;3444646;19326626.00
20131025;5.62;5.69;5.46;5.50;3797962;21153844.00
20131028;5.49;5.53;5.40;5.43;2821249;15409500.00
20131029;5.43;5.50;5.00;5.23;4595320;24318386.00
20131030;5.23;5.32;5.18;5.31;3337145;17592366.00
20131031;5.33;5.45;5.25;5.36;3298835;17653460.00
20131101;5.35;5.45;5.33;5.45;4334541;23384664.00
20131104;5.45;5.65;5.40;5.56;7810981;43439552.00
20131105;5.52;5.58;5.46;5.57;5142914;28384790.00
20131106;5.57;5.59;5.39;5.40;5284875;28934544.00
20131107;5.41;5.45;5.25;5.29;2519459;13467877.00
20131108;5.28;5.33;5.16;5.21;2464583;12896237.00
20131111;5.21;5.31;5.18;5.28;1864943;9807484.00
20131112;5.28;5.34;5.26;5.34;1932217;10242898.00
20131113;5.34;5.34;5.17;5.18;2046125;10740837.00
20131114;5.18;5.27;5.15;5.24;1277594;6668565.00
20131115;5.26;5.39;5.24;5.33;2887133;15372133.00
20131118;5.33;5.44;5.33;5.44;3239720;17477054.00
20131119;5.44;5.52;5.39;5.47;3308254;18053750.00
20131120;5.44;5.57;5.44;5.49;2878390;15846618.00
20131121;5.47;5.53;5.39;5.52;3514427;19213652.00
20131122;5.56;5.76;5.54;5.71;13363247;75821456.00
20131125;5.66;5.74;5.58;5.61;5647034;31878566.00
20131126;5.57;5.63;5.55;5.57;3104141;17336208.00
20131127;5.57;5.65;5.56;5.58;4082531;22847010.00
20131128;5.59;5.72;5.59;5.67;6131153;34782784.00
20131129;5.68;5.69;5.62;5.67;3619096;20483756.00
20131202;5.60;5.60;5.39;5.39;6326480;34745412.00
20131203;5.36;5.70;5.36;5.63;6240562;34763772.00
20131204;5.65;5.74;5.62;5.70;7244094;41349668.00
20131205;5.70;5.94;5.67;5.86;11118849;64816252.00
20131206;5.82;5.88;5.76;5.79;5839937;33860860.00
20131209;5.79;5.89;5.77;5.85;4574390;26661986.00
20131210;5.87;5.93;5.73;5.75;5456755;31746598.00
20131211;5.75;5.75;5.60;5.68;4209540;23818074.00
20131212;5.65;5.71;5.63;5.65;2630224;14911313.00
20131213;5.64;5.74;5.62;5.73;2840638;16197725.00
20131216;5.74;5.82;5.67;5.69;3282615;18810468.00
20131217;5.68;5.69;5.57;5.61;2617956;14729279.00
20131218;5.61;5.65;5.58;5.59;1853248;10405572.00
20131219;5.62;5.65;5.55;5.56;1890790;10584148.00
20131220;5.54;5.60;5.41;5.48;2604217;14301032.00
20131223;5.47;5.51;5.41;5.50;1935694;10582692.00
20131224;5.50;5.57;5.45;5.51;1971373;10874686.00
20131225;5.50;5.56;5.48;5.55;2477496;13655812.00
20131226;5.55;5.55;5.42;5.43;2699233;14759075.00
20131227;5.42;5.61;5.42;5.56;2983539;16476959.00
20131230;5.58;5.66;5.58;5.61;2673049;15015458.00
20131231;5.61;5.79;5.54;5.75;6485476;36999356.00
20140102;5.75;5.81;5.71;5.76;3882497;22366118.00
20140103;5.75;5.78;5.70;5.72;3584618;20519510.00
20140106;5.71;5.73;5.58;5.69;3706382;20922822.00
20140107;5.65;5.77;5.61;5.77;4168550;23822688.00
20140108;5.78;5.84;5.67;5.74;3811907;21919810.00
20140109;5.72;5.74;5.49;5.51;4388672;24671374.00
20140110;5.50;5.52;5.35;5.38;4330755;23511264.00
20140113;5.39;5.42;5.31;5.34;2322569;12455442.00
20140114;5.34;5.48;5.34;5.48;1916733;10411593.00
20140115;5.47;5.48;5.42;5.46;1473962;8026857.50
20140116;5.46;5.51;5.41;5.46;2116620;11571934.00
20140117;5.46;5.46;5.37;5.45;2205342;11954446.00
20140120;5.45;5.60;5.41;5.53;2584335;14276358.00
20140121;5.58;5.80;5.51;5.68;7127315;40278296.00
20140122;5.66;5.88;5.63;5.84;11055079;63982912.00
20140123;5.84;6.05;5.81;5.98;14177610;84040280.00
20140124;5.94;6.02;5.86;5.89;10330279;61441944.00
20140127;5.87;5.89;5.79;5.85;6150201;35838212.00
20140128;5.85;6.02;5.82;5.98;7435151;44261484.00
20140129;5.97;6.01;5.86;5.92;5497600;32485458.00
20140130;5.92;5.92;5.81;5.87;3075932;18013990.00
20140207;5.81;5.93;5.79;5.92;4819263;28302084.00
20140210;5.90;6.21;5.90;6.20;12812425;78197840.00
20140211;6.17;6.30;6.06;6.20;9694107;59771572.00
20140212;6.19;6.26;6.10;6.22;7542072;46700760.00
20140213;6.21;6.36;6.13;6.13;9196000;57625944.00
20140214;6.13;6.21;6.06;6.19;6610424;40650584.00
20140217;6.22;6.35;6.22;6.35;8082236;50825476.00
20140218;6.35;6.46;6.24;6.28;7520619;47555596.00
20140219;6.28;6.30;6.17;6.22;7134229;44428972.00
20140220;6.25;6.25;6.04;6.05;6827613;41801484.00
20140221;6.04;6.13;5.96;6.08;5371247;32487982.00
20140224;6.08;6.17;6.03;6.13;5925328;36173592.00
20140225;6.13;6.20;5.85;5.91;7804149;47380772.00
20140226;5.98;6.10;5.83;6.09;6654934;40011264.00
20140227;6.11;6.22;6.00;6.04;6946577;42683116.00
20140228;6.00;6.32;5.93;6.30;9887738;61175740.00
20140303;6.31;6.44;6.22;6.31;9718101;61290340.00
20140304;6.28;6.41;6.22;6.34;8294870;52558824.00
20140305;6.36;6.41;6.25;6.32;6694127;42294684.00
20140306;6.27;6.32;6.19;6.27;5709959;35657096.00
20140307;6.25;6.32;6.10;6.10;6770767;41907900.00
20140310;6.05;6.05;5.83;5.88;6365322;37696856.00
20140311;5.88;5.95;5.81;5.85;3059265;17997250.00
20140312;5.88;5.97;5.80;5.91;4085452;24060754.00
20140313;5.94;5.98;5.87;5.95;3462747;20546712.00
20140314;5.91;6.06;5.89;6.05;5414768;32522368.00
20140317;6.03;6.12;6.00;6.10;2892954;17540816.00
20140318;6.10;6.17;6.05;6.15;3303087;20207648.00
20140319;6.13;6.18;6.08;6.18;3622406;22225244.00
20140320;6.20;6.25;5.96;5.98;4864643;29794196.00
20140321;5.98;6.26;5.92;6.24;6170376;37844868.00
20140324;6.27;6.38;6.21;6.22;5482104;34482692.00
20140325;6.20;6.29;6.17;6.25;3671365;22832618.00
20140326;6.25;6.32;6.22;6.30;4505496;28275324.00
20140327;6.30;6.30;6.05;6.06;7420709;45639804.00
20140328;6.06;6.15;5.96;6.05;3910600;23688364.00
20140331;6.06;6.11;5.95;6.05;4517490;27192188.00
20140401;6.05;6.12;6.02;6.10;2984131;18152188.00
20140402;6.10;6.12;5.99;6.01;3193766;19245962.00
20140403;6.00;6.07;5.98;6.03;2115815;12754933.00
20140404;6.02;6.32;6.00;6.30;10564569;65786524.00
20140408;6.25;6.34;6.20;6.33;7005686;44079880.00
20140409;6.32;6.36;6.27;6.30;4641784;29286280.00
20140410;6.30;6.46;6.26;6.29;10136998;64555468.00
20140411;6.25;6.79;6.21;6.65;21550797;141309008.00
20140414;6.58;6.73;6.56;6.66;10241416;68010008.00
20140415;6.66;6.78;6.54;6.62;8785756;58408820.00
20140416;6.62;6.64;6.39;6.52;8948158;58161560.00
20140417;6.50;6.69;6.48;6.50;7578134;49916624.00
20140418;6.50;6.66;6.46;6.54;6185242;40681192.00
20140421;6.47;6.49;6.31;6.32;8622916;55123024.00
20140422;6.30;6.38;6.14;6.33;6687289;41918812.00
20140423;6.30;6.41;6.26;6.36;3974367;25212366.00
20140424;6.35;6.42;6.28;6.36;3577685;22740058.00
20140425;6.38;6.44;6.15;6.15;4832084;30241878.00
20140428;6.11;6.11;5.90;5.93;4684212;27939300.00
20140429;5.92;6.05;5.91;6.03;2861927;17082696.00
20140430;6.00;6.10;5.97;6.02;3697210;22263304.00
20140505;6.02;6.14;5.96;6.12;3158485;19128476.00
20140506;6.13;6.19;6.10;6.15;4250141;26125280.00
20140507;6.11;6.11;5.98;5.98;3262740;19743116.00
20140508;5.97;6.14;5.96;6.02;3267718;19768340.00
20140509;6.02;6.10;5.97;6.01;2276442;13713470.00
20140512;6.04;6.23;6.02;6.18;4297586;26357946.00
20140513;6.20;6.21;6.07;6.10;4008502;24614482.00
20140514;6.10;6.22;6.09;6.16;3122319;19265184.00
20140515;6.17;6.17;5.99;6.02;3157233;19132758.00
20140516;6.01;6.14;6.00;6.14;3279881;19925940.00
20140519;6.11;6.14;6.02;6.10;2138633;12997356.00
20140520;6.13;6.18;6.05;6.10;2592002;15865124.00
20140521;6.09;6.16;6.03;6.15;2088250;12768701.00
20140522;6.15;6.33;6.13;6.22;6012811;37576604.00
20140523;6.22;6.36;6.18;6.33;5158910;32467292.00
20140526;6.35;6.40;6.27;6.33;3696873;23360040.00
20140527;6.33;6.38;6.25;6.26;3428594;21637094.00
20140528;6.25;6.43;6.21;6.42;5672044;35824472.00
20140529;6.40;6.41;6.31;6.31;3665095;23282092.00
20140530;6.31;6.44;6.25;6.38;4387198;27903474.00
20140603;6.39;6.53;6.35;6.41;6592066;42571908.00
20140604;6.40;6.41;6.25;6.33;3569430;22578014.00
20140605;6.31;6.51;6.28;6.45;4750656;30476998.00
20140606;6.47;6.52;6.37;6.42;5414055;35023904.00
20140609;6.40;6.50;6.36;6.43;4281401;27589612.00
20140610;6.41;6.53;6.34;6.51;6390970;41365560.00
20140611;6.50;6.60;6.47;6.51;4219576;27551464.00
20140612;6.49;6.56;6.43;6.43;4311979;27956448.00
20140613;6.43;6.56;6.36;6.51;5314132;34438668.00
20140616;6.51;6.58;6.46;6.50;4676247;30518198.00
20140617;6.50;6.53;6.37;6.38;3915336;25218996.00
20140618;6.40;6.44;6.26;6.28;4532521;28676400.00
20140619;6.25;6.36;6.14;6.16;4646498;28890904.00
20140620;6.14;6.22;6.12;6.22;1824127;11265015.00
20140623;6.22;6.27;6.19;6.19;2231116;13897213.00
20140624;6.19;6.27;6.16;6.25;2980872;18558576.00
20140625;6.24;6.29;6.22;6.24;1977896;12369001.00
20140626;6.25;6.31;6.24;6.28;2855810;17937314.00
20140627;6.27;6.36;6.25;6.31;3048524;19262474.00
20140630;6.31;6.41;6.31;6.40;3245156;20679856.00
20140701;6.42;6.45;6.37;6.44;4183395;26814350.00
20140702;6.44;6.45;6.34;6.41;4512696;28875594.00
20140703;6.41;6.43;6.35;6.41;4510977;28835590.00
20140704;6.42;6.46;6.38;6.44;4238107;27247860.00
20140707;6.42;6.46;6.37;6.39;3025369;19372556.00
20140708;6.39;6.50;6.36;6.49;5534258;35644108.00
20140709;6.48;6.52;6.30;6.31;5677769;36368784.00
20140710;6.31;6.38;6.26;6.30;4124113;26081184.00
20140711;6.32;6.52;6.31;6.51;7963119;51205676.00
20140714;6.52;6.64;6.51;6.60;11429883;75312848.00
20140715;6.61;6.64;6.53;6.60;6263172;41264184.00
20140716;6.60;6.67;6.52;6.58;5064354;33377762.00
20140717;6.60;6.61;6.45;6.52;4717713;30672032.00
20140718;6.51;6.68;6.48;6.67;10128118;67176664.00
20140721;6.72;6.98;6.68;6.76;13659229;92900760.00
20140722;6.70;6.79;6.67;6.76;8204619;55242784.00
20140723;6.77;6.90;6.60;6.64;7830006;52655268.00
20140724;6.63;6.68;6.50;6.55;7054312;46274068.00
20140725;6.55;6.75;6.53;6.72;6283204;41903628.00
20140728;6.75;6.83;6.67;6.76;8875147;59792596.00
20140729;6.77;6.88;6.73;6.79;9252242;62936648.00
20140730;6.81;6.88;6.74;6.84;8029207;54728032.00
20140731;6.87;6.98;6.80;6.97;9601992;66312980.00
20140801;6.93;6.95;6.75;6.79;12217020;83790336.00
20140804;6.78;7.09;6.72;7.08;13059172;90711696.00
20140805;7.04;7.52;7.04;7.33;25634311;186500976.00
20140806;7.33;7.47;7.20;7.43;18275415;134138096.00
20140807;7.38;7.40;7.22;7.33;10135788;74007832.00
20140808;7.30;7.65;7.26;7.32;26778086;198839552.00
20140811;7.34;7.97;7.23;7.93;50076042;382986112.00
20140812;7.75;8.30;7.70;8.20;43205393;346689024.00
20140813;8.03;8.35;8.03;8.18;25160540;204648432.00
20140814;8.08;8.23;7.99;8.06;18123194;146441200.00
20140815;8.09;8.50;8.06;8.42;39060626;323757760.00
20140818;8.30;8.73;8.00;8.10;51044261;418205056.00
20140819;8.07;8.08;7.90;7.92;27286215;216880976.00
20140820;7.88;7.96;7.82;7.96;12853894;101581672.00
20140821;7.96;7.97;7.70;7.81;15570833;121479752.00
20140822;7.80;7.86;7.75;7.84;8844399;69097936.00
20140825;7.84;7.87;7.72;7.78;7844183;61112884.00
20140826;7.78;7.86;7.74;7.81;9027345;70366120.00
20140827;7.82;7.96;7.77;7.94;11388391;90000704.00
20140828;7.95;7.96;7.52;7.52;12303003;94951312.00
20140829;7.47;7.64;7.47;7.62;7087999;53524412.00
20140901;7.62;7.75;7.62;7.71;6849218;52740728.00
20140902;7.73;7.87;7.70;7.85;8381195;65312380.00
20140903;7.90;7.95;7.78;7.86;10560097;82901536.00
20140904;7.86;7.92;7.82;7.90;9056295;71371152.00
20140905;7.92;7.93;7.83;7.90;7871562;62054008.00
20140909;7.91;8.13;7.84;8.13;17143953;137257680.00
20140910;8.08;8.27;8.01;8.23;14125985;115162200.00
20140911;8.25;8.27;8.01;8.04;15304634;124338888.00
20140912;8.00;8.14;7.91;8.10;11578289;92805880.00
20140915;8.08;8.18;8.05;8.13;10323847;83857392.00
20140916;8.13;8.16;7.76;7.77;13466920;107337152.00
20140917;7.67;7.80;7.67;7.75;8672456;66963472.00
20140918;7.75;7.78;7.68;7.74;6056957;46809948.00
20140919;7.73;7.81;7.69;7.74;9046631;69954496.00
20140922;7.75;7.95;7.68;7.88;12627685;98485400.00
20140923;7.88;8.06;7.83;8.02;10983738;87453136.00
20140924;8.02;8.12;7.97;8.10;9626517;77751608.00
20140925;8.10;8.12;7.96;7.98;10245590;82294600.00
20140926;7.96;8.08;7.92;8.08;7222314;58072448.00
20140929;8.12;8.20;8.11;8.18;11612458;94726864.00
20140930;8.20;8.23;8.11;8.18;7958026;65015436.00
20141008;8.18;8.31;8.13;8.31;11914458;97953776.00
20141009;8.31;8.36;8.13;8.24;12129599;100029048.00
20141010;8.19;8.28;8.14;8.16;8678529;71109368.00
20141013;8.11;8.12;7.92;8.09;8947167;71637888.00
20141014;8.05;8.16;8.00;8.06;6839664;55299292.00
20141015;8.05;8.38;7.98;8.32;18381602;151154016.00
20141016;8.25;8.54;8.21;8.36;20218700;170432608.00
20141017;8.36;8.43;8.02;8.19;13011330;106695240.00
20141020;8.24;8.63;8.07;8.58;20585835;172934656.00
20141021;8.58;8.86;8.51;8.52;25057693;217766064.00
20141022;8.50;8.55;8.17;8.20;14820687;123674152.00
20141023;8.15;8.25;7.93;7.96;11266060;90683824.00
20141024;7.96;8.12;7.95;8.05;6593364;52967912.00
20141028;8.14;8.74;8.13;8.58;16669762;141836656.00
20141029;8.60;8.86;8.51;8.67;25596466;223008960.00
20141030;8.70;9.10;8.63;8.81;24543689;217195392.00
20141031;8.82;8.87;8.63;8.80;14682514;128113976.00
20141103;8.81;9.09;8.77;8.83;15128538;134983776.00
20141104;8.81;9.09;8.60;8.97;20077977;177585232.00
20141105;8.97;9.07;8.72;8.72;13552005;120810704.00
20141106;8.72;8.89;8.65;8.89;9914440;86832672.00
20141107;8.90;8.96;8.62;8.67;9542167;83874184.00
20141110;8.69;8.76;8.57;8.75;8827637;76637184.00
20141111;8.78;8.78;8.21;8.38;15091111;127578768.00
20141112;8.35;8.42;8.23;8.42;8205544;68556440.00
20141113;8.44;8.44;8.22;8.30;8830181;73263032.00
20141114;8.30;8.34;8.21;8.30;4522441;37441360.00
20141117;8.30;8.52;8.28;8.46;6841838;57597404.00
20141118;8.42;8.51;8.40;8.45;4107586;34720228.00
20141119;8.45;8.50;8.38;8.48;4075604;34414740.00
20141120;8.44;8.44;8.30;8.34;4362700;36511384.00
20141121;8.34;8.59;8.30;8.53;7312860;62092068.00
20141124;8.62;8.84;8.54;8.77;10919553;95083216.00
20141125;8.76;8.98;8.71;8.93;12827702;113364904.00
20141126;9.06;9.06;8.74;8.87;12867625;113977664.00
20141127;8.84;8.92;8.74;8.81;11703784;103191224.00
20141128;8.79;8.93;8.66;8.72;11888940;104376616.00
20141201;8.65;8.99;8.64;8.81;10965444;96528056.00
20141202;8.80;8.98;8.73;8.90;12415829;110584216.00
20141203;8.96;9.07;8.78;9.06;16552178;147932928.00
20141204;9.05;9.44;9.00;9.27;17556071;163076512.00
20141205;9.26;9.26;8.67;8.81;15684778;140378528.00
20141208;8.81;9.20;8.76;8.96;14657141;132081600.00
20141209;8.95;8.95;8.44;8.48;17847426;155763504.00
20141210;8.48;8.81;8.42;8.75;7701359;66429296.00
20141211;8.70;8.86;8.63;8.85;8469924;74286648.00
20141212;8.90;9.06;8.87;8.95;9186751;82357456.00
20141215;9.06;9.19;8.93;9.17;11678463;106068968.00
20141216;9.18;9.27;9.09;9.17;10327707;94730328.00
20141217;9.20;9.23;8.80;8.89;12007255;107385592.00
20141218;8.88;8.94;8.75;8.90;6432770;56953216.00
20141219;8.88;8.90;8.60;8.70;9204896;80218624.00
20141222;8.69;8.70;8.05;8.18;11459243;94969800.00
20141223;8.18;8.36;8.12;8.26;4979203;41063244.00
20141224;8.30;8.42;8.28;8.41;5879759;49287860.00
20141225;8.41;8.54;8.33;8.41;5760603;48583948.00
20141226;8.41;8.44;8.29;8.36;6087277;50709932.00
20141229;8.35;8.36;8.11;8.32;6579334;54199152.00
20141230;8.30;8.60;8.21;8.56;8620462;72418200.00
20141231;8.56;8.74;8.56;8.62;9215899;79874704.00
20150105;8.60;8.84;8.49;8.80;7996932;69793152.00
20150106;8.80;8.90;8.68;8.84;7404520;65143744.00
20150107;8.86;8.90;8.71;8.79;5947442;52299692.00
20150108;8.72;8.77;8.63;8.63;4727523;41048568.00
20150109;8.64;8.75;8.52;8.52;4255327;36800628.00
20150112;8.45;8.64;8.38;8.47;3982335;33833160.00
20150113;8.48;8.58;8.45;8.54;2971646;25332724.00
20150114;8.56;8.58;8.31;8.47;3086467;26097990.00
20150115;8.48;8.52;8.41;8.43;2696354;22800620.00
20150116;8.47;8.67;8.44;8.64;5080006;43550000.00
20150119;8.40;8.67;8.24;8.44;5697358;48159336.00
20150120;8.44;8.77;8.31;8.73;8726874;75179456.00
20150121;8.79;8.96;8.76;8.90;9317913;82639120.00
20150122;8.95;9.04;8.83;8.94;9238400;82521888.00
20150123;8.94;8.98;8.75;8.79;8159707;72059736.00
20150126;8.89;9.25;8.89;9.22;14327202;131371576.00
20150127;9.23;9.27;9.06;9.20;9385932;85937144.00
20150128;9.10;9.20;9.04;9.10;7230196;65977540.00
20150129;9.04;9.18;8.95;9.13;5555609;50512828.00
20150130;9.14;9.20;9.01;9.06;4461648;40606304.00
20150202;8.88;9.32;8.87;9.20;8316866;76290552.00
20150203;9.16;9.80;9.16;9.67;19740137;188434944.00
20150204;9.70;9.89;9.53;9.60;11313449;109448848.00
20150205;9.65;10.25;9.56;10.00;18507415;185010912.00
20150206;9.91;10.23;9.80;9.84;10656800;106157656.00
20150209;9.82;10.15;9.39;9.45;13783592;134746480.00
20150210;9.42;9.66;9.20;9.66;7060487;66678208.00
20150211;9.60;9.92;9.58;9.77;6251986;61055332.00
20150212;9.70;9.89;9.70;9.84;4716365;46168456.00
20150213;9.88;10.04;9.77;9.95;7354075;72930160.00
20150216;9.95;10.09;9.78;9.94;11445241;113404696.00
20150217;9.85;10.22;9.84;10.22;11646530;116876128.00
20150225;10.22;10.59;10.22;10.42;9909735;103308992.00
20150226;10.45;10.50;10.28;10.38;5556237;57616792.00
20150227;10.45;10.50;10.28;10.31;8157660;84276232.00
20150302;10.31;10.65;10.10;10.65;13779134;142291952.00
20150303;10.67;10.72;10.30;10.31;9740146;102585416.00
20150304;10.30;10.43;10.20;10.35;8869197;91384264.00
20150305;10.37;10.37;10.11;10.21;8649848;88181336.00
20150306;10.11;10.40;10.11;10.22;5255194;53870964.00
20150309;10.20;11.24;10.20;11.24;13774785;152235920.00
20150310;11.70;12.36;11.60;12.22;47508930;575241472.00
20150311;11.90;12.44;11.90;12.38;21914650;266624816.00
20150312;12.27;12.49;12.14;12.21;13087803;161294384.00
20150313;12.10;12.34;11.72;12.28;11936574;143906400.00
20150316;12.44;12.59;12.07;12.36;11039865;135519104.00
20150317;12.32;12.41;12.18;12.41;10688609;131261424.00
20150318;12.43;13.39;12.24;13.26;18910003;242487408.00
20150319;13.10;13.15;12.81;12.91;10835449;140151504.00
20150320;12.80;13.22;12.70;13.05;10461005;136045072.00
20150323;13.00;13.90;12.97;13.82;13551837;181106640.00
20150324;13.90;13.90;12.71;13.33;13020009;174126256.00
20150325;13.34;13.54;12.93;13.46;9698697;128846272.00
20150326;13.42;13.42;13.08;13.13;6470675;85504456.00
20150327;13.12;13.30;13.03;13.24;5696448;75160600.00
20150330;13.26;14.38;13.15;13.45;11867738;161172096.00
20150331;13.35;13.46;13.05;13.14;12735573;167993936.00
20150401;13.00;13.20;12.98;13.15;13218592;173257488.00
20150402;13.15;13.80;13.14;13.46;23781919;319167872.00
20150403;13.50;14.68;13.25;14.62;31567103;443592576.00
20150407;14.61;15.30;14.52;15.17;23687175;351458496.00
20150408;15.17;16.16;14.78;16.01;23314108;358475520.00
20150409;15.32;15.85;14.62;15.12;22609831;341953152.00
20150410;15.10;15.49;14.65;15.08;22849319;347072288.00
20150413;15.38;15.86;15.10;15.70;26392483;409829184.00
20150414;15.66;16.20;15.28;15.64;17908692;282149792.00
20150415;15.64;16.15;15.20;15.42;20020258;313427840.00
20150416;15.30;15.89;14.83;15.46;14963905;230613584.00
20150417;15.48;15.86;15.47;15.81;19834406;310173504.00
20150420;15.81;16.23;15.66;15.90;22399345;357332512.00
20150421;15.81;16.96;15.70;16.80;25004562;409161312.00
20150422;16.81;17.10;16.51;16.61;24847483;416387616.00
20150423;16.61;17.00;16.40;16.63;17595548;293160608.00
20150424;16.50;17.09;16.31;17.00;16620743;279336096.00
20150427;17.04;18.02;17.04;17.50;24985712;439547680.00
20150428;17.47;17.89;17.38;17.60;15882998;279962848.00
20150429;17.60;19.36;17.26;19.34;21286608;388882848.00
20150430;19.34;21.26;19.22;21.23;22464590;461247360.00
20150504;21.30;21.48;19.50;20.25;27607735;556905152.00
20150505;20.19;20.19;18.35;18.70;22493706;431272864.00
20150506;18.71;19.20;17.30;18.03;14028021;261266096.00
20150507;18.03;18.42;17.00;18.28;16874987;302398752.00
20150508;18.91;18.91;18.28;18.70;12734320;235567328.00
20150511;18.71;20.10;18.59;19.94;20830287;407996448.00
20150512;19.94;20.15;19.28;19.40;21584854;421289472.00
20150513;19.37;20.50;18.70;20.02;28611500;570147712.00
20150514;19.99;20.40;19.50;20.06;15198125;301340096.00
20150515;20.10;20.15;19.51;19.69;11899711;235140128.00
20150518;19.66;20.18;19.50;19.51;12847522;254947312.00
20150519;19.54;19.91;19.50;19.61;14948459;294083584.00
20150520;19.99;20.96;19.99;20.55;20579870;421549120.00
20150521;20.58;22.61;20.36;22.61;19774096;425138112.00
20150522;23.65;23.80;22.33;23.10;25110187;580902208.00
20150525;23.05;23.66;22.52;23.27;19968078;462621888.00
20150526;23.01;25.28;22.90;24.77;17719374;429811072.00
20150527;24.78;24.84;23.48;24.47;18892404;457019232.00
20150528;24.47;26.92;24.40;25.40;34649203;909348288.00
20150529;25.42;27.70;23.01;27.67;33472640;894361856.00
20150601;27.81;29.50;26.86;29.46;25526757;733321344.00
20150602;29.40;29.86;28.00;28.85;27678294;797201792.00
20150603;28.50;28.80;27.68;28.45;20473244;578555200.00
20150604;28.43;29.00;25.68;27.00;27914508;755376000.00
20150605;27.03;28.30;26.49;27.25;24111652;654222336.00
20150608;27.26;27.35;25.47;25.85;21499649;562813952.00
20150609;25.90;27.54;25.90;26.95;16006624;429124640.00
20150610;26.15;27.22;26.15;26.69;14138251;378720576.00
20150611;26.81;27.33;26.43;26.90;13247254;355742912.00
20150612;26.90;28.00;26.50;27.89;20943066;570740864.00
20150615;28.07;28.83;26.50;26.90;18190009;502272064.00
20150616;26.00;26.80;24.80;25.10;12891060;331383968.00
20150617;25.04;25.58;23.52;25.06;12877132;315506752.00
20150618;25.16;26.08;24.30;24.57;9716087;247094224.00
20150619;24.49;25.55;23.52;24.28;15988217;396663616.00
20150623;24.95;25.00;21.86;23.26;14259732;328408896.00
20150624;23.26;23.94;22.65;23.01;11934392;275818624.00
20150625;23.00;23.50;20.71;21.14;21088930;461477248.00
20150626;20.50;20.51;19.03;19.03;15842836;306996096.00
20150629;19.50;19.50;17.13;17.13;21489362;376590624.00
20150630;15.42;17.85;15.42;17.05;24530995;399293760.00
20150701;16.60;17.30;15.35;16.00;18625447;307539808.00
20150702;15.88;15.90;14.40;14.41;30584392;450314176.00
20150703;13.21;14.75;12.97;13.56;27565366;375409088.00
20150706;14.90;14.90;12.20;12.20;23506777;313830912.00
20150713;13.40;13.40;13.40;13.40;3072854;41176244.00
20150714;14.74;14.74;14.74;14.74;1063288;15672865.00
20150715;16.20;16.20;13.27;15.25;37548882;558223232.00
20150716;15.25;16.00;14.50;15.84;18377063;285144064.00
20150717;16.21;17.01;14.99;16.54;28937757;459008288.00
20150720;16.10;17.36;16.03;17.23;27581446;459312192.00
20150721;17.25;17.83;17.00;17.60;18395622;321755872.00
20150722;17.32;17.75;17.18;17.50;14466914;252419872.00
20150723;17.50;18.30;17.40;18.08;11858995;210490000.00
20150724;17.98;18.98;17.68;18.11;15840053;288804288.00
20150727;17.70;18.26;16.30;16.30;15877411;274316608.00
20150728;15.09;16.83;14.67;16.12;16430845;259673552.00
20150729;16.30;17.73;16.30;17.73;26041283;456955520.00
20150730;18.30;19.50;18.00;18.88;28442388;548639296.00
20150731;18.38;20.44;18.38;19.72;30989444;603844480.00
20150803;18.90;19.25;17.75;17.75;15383598;279902944.00
20150804;17.32;19.17;17.32;19.00;14420078;264553808.00
20150805;19.00;19.84;18.50;18.70;14399739;276811968.00
20150806;18.39;19.46;18.01;19.30;9357018;177952432.00
20150807;19.36;19.79;19.20;19.70;10111363;197850224.00
20150810;19.90;21.15;19.90;20.89;13274184;274490080.00
20150811;20.95;21.58;20.66;20.84;10514081;222254928.00
20150812;20.50;20.75;19.99;19.99;10354331;210936816.00
20150813;20.05;20.60;19.70;20.53;9378488;189047680.00
20150814;20.72;21.47;20.60;21.38;13454755;283939232.00
20150817;21.40;21.50;20.73;21.00;8314670;174901648.00
20150818;20.97;20.97;18.90;18.90;16700405;329333728.00
20150819;17.99;19.49;17.06;19.20;18609951;333476736.00
20150820;18.61;19.10;18.50;18.70;10914406;204068448.00
20150821;18.75;18.90;17.00;18.20;11549717;207654928.00
20150824;17.11;17.30;16.38;16.38;9200409;151663424.00
20150825;14.74;14.74;14.74;14.74;1910400;28159296.00
20150826;13.28;14.95;13.27;13.27;25927486;350883200.00
20150827;13.05;14.20;12.62;13.67;25822267;345365728.00
20150828;14.18;14.61;13.18;14.37;20736324;285109120.00
20150831;14.00;14.05;12.93;12.94;13796236;184552144.00
20150901;12.48;12.48;11.65;11.65;9856894;116871816.00
20150902;10.50;12.00;10.49;10.50;14017927;153997712.00
20150907;10.90;11.55;10.80;11.45;11085322;123789600.00
20150908;11.29;12.30;11.14;12.20;10215678;122912816.00
20150909;12.69;13.09;12.34;12.92;9787177;123716768.00
20150910;12.98;14.20;12.70;13.74;14531966;198343760.00
20150911;13.57;14.56;13.40;14.47;11796890;166589376.00
20150914;14.52;14.85;13.05;13.17;14050750;194019776.00
20150915;13.26;13.48;12.45;12.84;10120179;131921304.00
20150916;12.85;14.12;12.70;14.10;19341730;256070640.00
20150917;14.00;15.33;13.60;14.40;17785021;260401760.00
20150918;14.45;15.11;14.45;14.95;9249953;137526096.00
20150921;14.95;16.27;14.75;16.18;16989066;266280368.00
20150922;15.99;16.36;15.38;15.67;11621273;185748784.00
20150923;15.40;16.04;15.18;15.58;17081096;268558880.00
20150924;15.57;15.80;14.91;15.05;11733400;179667200.00
20150925;15.10;15.29;13.90;14.54;10373944;151743760.00
20150928;14.90;15.07;14.61;15.03;5062034;75293960.00
20150929;14.93;15.50;14.65;15.11;14489631;217736032.00
20150930;15.11;15.40;14.95;15.25;5891322;89527832.00
20151008;15.80;16.50;15.50;16.12;8325946;134013744.00
20151009;16.12;16.51;15.91;16.15;8241943;133525120.00
20151012;16.18;16.98;16.18;16.73;10401850;174104336.00
20151013;16.58;17.15;16.58;16.99;10407143;176610192.00
20151014;17.01;17.10;16.18;16.18;11217411;185291216.00
20151015;16.18;16.55;16.18;16.37;11516468;188477536.00
20151016;16.50;16.98;15.90;16.40;13214383;215621280.00
20151019;16.15;17.88;16.15;17.51;16836093;286206752.00
20151020;17.37;17.55;17.07;17.48;10113453;175278304.00
20151021;17.50;17.86;15.73;15.73;15377449;256805200.00
20151022;15.65;16.28;15.11;16.06;10295957;163366656.00
20151023;16.06;16.80;15.82;16.61;13323570;217131088.00
20151026;16.99;17.34;16.51;17.10;11974300;202392816.00
20151027;16.97;16.97;16.10;16.81;12141977;200933936.00
20151028;16.41;17.54;16.41;17.08;14597169;251618912.00
20151029;17.30;18.08;17.30;17.88;16561437;294148128.00
20151030;17.86;18.50;17.38;18.20;13011284;234894336.00
20151102;17.55;18.36;17.40;17.62;10064868;179732912.00
20151103;17.70;18.22;17.69;17.96;9139119;163606032.00
20151104;18.10;18.75;17.90;18.68;14406880;264506784.00
20151105;18.68;19.19;18.30;18.56;13318449;249443728.00
20151106;18.70;19.00;18.41;18.99;13051425;244898272.00
20151109;18.81;19.27;18.20;19.21;13902462;261983792.00
20151110;18.80;19.18;18.55;18.80;12661951;238944992.00
20151111;18.75;18.95;18.35;18.72;10794637;201171376.00
20151112;19.00;20.25;18.88;20.08;16516593;325144000.00
20151113;19.80;21.18;19.67;20.72;17714182;366903488.00
20151116;20.08;20.99;20.08;20.97;11376076;236156480.00
20151117;21.25;21.44;20.40;20.45;13349179;278027968.00
20151118;20.78;21.01;20.44;20.65;10929252;226747008.00
20151119;20.48;20.96;19.89;20.53;14790266;299481152.00
20151120;20.53;20.71;19.95;20.68;15607410;316858432.00
20151123;20.68;21.43;20.58;20.65;13388896;282075424.00
20151124;20.60;20.83;20.00;20.68;11434248;232897984.00
20151125;20.76;22.75;20.61;22.75;25008704;548911488.00
20151126;22.70;23.43;22.33;22.45;16634621;379597728.00
20151127;22.50;23.09;20.62;20.93;16656326;365567424.00
20151130;21.14;21.50;18.89;20.70;16385198;335191136.00
20151201;20.70;21.49;20.10;20.30;13027699;271594688.00
20151202;20.41;20.77;19.80;20.50;8795346;179069232.00
20151203;21.34;22.55;21.01;22.51;24496773;542314176.00
20151204;23.15;23.23;22.04;22.64;21584413;491872544.00
20151207;22.50;22.89;21.92;22.41;12377618;277117280.00
20151208;22.22;22.41;21.39;21.52;8352767;182134176.00
20151209;21.54;22.80;21.35;22.29;13921916;307528928.00
20151210;22.12;22.68;21.36;21.44;9115687;201490528.00
20151211;21.44;21.62;20.53;21.33;10154304;213180480.00
20151214;21.29;22.39;20.83;22.39;7726597;166762400.00
20151215;22.39;22.48;21.61;22.01;9349753;205588208.00
20151216;22.13;22.19;21.70;21.80;5440238;118664368.00
20151217;21.90;22.50;21.70;22.42;12891683;284946592.00
20151218;22.21;22.64;22.05;22.57;10662017;238535952.00
20151221;22.52;22.60;22.11;22.18;8658369;193105472.00
20151222;22.28;22.37;21.89;22.04;5807607;128110088.00
20151223;22.15;22.22;20.20;20.20;23412770;489765152.00
20151224;19.74;21.08;19.64;21.00;11156844;228065104.00
20151225;20.89;23.10;20.80;23.10;26890617;605888896.00
20151228;23.35;23.56;22.25;22.25;20596956;469553152.00
20151229;22.48;22.88;21.63;22.63;13258117;295775680.00
20151230;22.75;23.20;22.50;23.04;13771306;315588288.00
20151231;23.01;23.04;22.16;22.32;8688841;195397184.00
20160104;21.99;21.99;20.09;20.10;10589690;221931520.00
20160105;18.88;19.97;18.09;18.62;14140081;266916336.00
20160106;19.22;19.50;18.80;19.47;8676434;166497088.00
20160107;20.50;20.70;17.52;18.35;10323321;207807408.00
20160108;19.10;20.00;17.33;19.43;18847357;359137952.00
20160111;18.70;18.99;17.49;17.49;14191833;254170800.00
20160112;16.73;17.44;15.74;15.81;15601822;252397984.00
20160113;15.72;16.35;14.29;14.33;11242217;174600048.00
20160114;13.50;14.50;12.92;14.46;25188796;343076160.00
20160115;14.40;14.43;13.01;13.03;19584229;266715344.00
20160118;12.56;13.78;12.26;13.39;16324774;215721568.00
20160119;13.30;14.73;13.20;14.60;18743664;262400736.00
20160120;14.32;15.25;14.25;14.67;21665479;321320896.00
20160121;14.37;15.33;14.24;14.29;20612630;304544672.00
20160122;14.52;14.97;14.08;14.80;16608844;242962576.00
20160125;15.06;15.26;14.50;14.78;14441374;214443680.00
20160126;14.56;14.64;13.30;13.30;14937548;208329552.00
20160127;13.55;13.55;12.03;13.45;15876588;203669536.00
20160128;13.11;13.50;12.50;12.52;11038143;144220624.00
20160129;12.61;13.72;12.49;13.37;12520617;165101856.00
20160201;13.36;13.58;13.11;13.44;9560216;128149376.00
20160202;13.49;14.15;13.46;13.91;8494687;117965744.00
20160203;13.70;14.05;13.49;13.91;7203592;98809608.00
20160204;13.88;14.40;13.88;14.31;10195956;145141920.00
20160205;14.30;14.62;14.12;14.28;7465638;107469304.00
20160215;13.50;14.17;13.31;13.98;6447113;88718472.00
20160216;14.15;14.72;14.01;14.60;8722290;126487792.00
20160217;14.50;15.06;14.39;14.98;11570251;170696816.00
20160218;14.98;15.05;14.68;14.73;11201697;166270336.00
20160219;14.73;14.86;14.59;14.70;7795477;114806872.00
20160222;14.89;15.12;14.77;14.90;10822240;161847968.00
20160223;14.93;15.18;14.68;14.87;8873327;132505840.00
20160224;14.75;16.35;14.69;15.80;22907595;353453632.00
20160225;15.75;15.89;14.22;14.22;16665957;249500480.00
20160226;14.43;14.97;13.85;14.66;16201640;232506160.00
20160229;14.74;14.74;13.32;13.60;9941693;137114816.00
20160301;13.90;14.10;13.26;14.05;8586049;118412472.00
20160302;13.98;14.87;13.95;14.77;12765733;183929392.00
20160303;14.77;14.98;14.54;14.58;10578793;155852512.00
20160304;14.59;14.74;13.28;13.48;13010852;181618544.00
20160307;13.50;13.99;13.50;13.79;6479426;89508344.00
20160308;13.77;13.91;12.91;13.84;8050016;107723656.00
20160309;13.50;13.75;13.30;13.45;7562599;102136264.00
20160310;13.40;13.69;13.22;13.25;4346886;58282520.00
20160311;13.15;14.19;12.91;14.03;11087396;150031808.00
20160314;14.25;15.08;13.96;14.92;15052366;219591776.00
20160315;14.87;15.42;14.60;15.18;17714042;266809888.00
20160316;15.29;15.29;14.56;14.85;8423918;124894072.00
20160317;14.90;15.30;14.85;15.27;12368824;186940096.00
20160318;15.27;16.80;15.10;16.28;28414883;459593632.00
20160321;16.38;16.73;16.08;16.42;14112538;231071696.00
20160322;16.21;17.40;16.12;17.15;17088945;287418080.00
