20100106;29.00;29.76;27.68;28.76;15694261;446327168.00
20100107;28.30;30.80;28.05;30.14;12849664;382123840.00
20100108;29.70;30.00;27.60;28.27;7883650;226266256.00
20100111;28.78;30.53;27.83;29.96;7364188;215589216.00
20100112;29.69;31.61;29.51;30.13;8725708;267181296.00
20100113;30.00;32.86;29.80;31.88;8256758;258457408.00
20100114;31.30;32.35;30.80;32.01;5770470;182701440.00
20100115;31.98;32.23;31.01;31.41;3505577;110445728.00
20100118;31.43;31.80;30.02;30.47;4033452;123342944.00
20100119;30.53;30.99;30.00;30.71;2886026;88377624.00
20100120;30.63;30.64;27.81;28.28;4983398;144140544.00
20100121;28.11;28.88;27.88;28.70;2269318;64588700.00
20100122;28.26;28.37;26.58;27.06;2536631;69213416.00
20100125;26.80;26.99;25.95;25.97;1537848;40569732.00
20100126;26.05;26.38;24.60;24.88;1512739;38309828.00
20100127;24.91;25.38;24.51;24.54;1557797;38752336.00
20100128;24.40;25.20;24.31;25.18;1496410;37203864.00
20100129;24.99;26.00;24.80;25.31;1980423;50409332.00
20100201;25.03;25.19;23.77;23.87;1451848;35257932.00
20100202;24.00;24.52;23.71;23.81;1274465;30771790.00
20100203;23.86;24.48;22.21;24.18;1423310;33168836.00
20100204;23.66;24.70;23.51;23.98;1252778;30082110.00
20100205;23.30;24.78;23.01;23.90;1698047;41165900.00
20100208;23.60;24.75;23.21;24.60;1310751;31968378.00
20100209;24.64;24.87;24.00;24.22;927858;22623438.00
20100210;24.29;24.68;24.01;24.52;620999;15106522.00
20100211;24.50;24.54;23.80;24.28;1125488;27298408.00
20100212;24.29;24.44;24.08;24.28;841998;20372778.00
20100222;24.24;24.24;23.51;23.56;881536;20937488.00
20100223;23.56;23.58;22.60;23.23;1162552;26689328.00
20100224;23.15;24.20;22.95;24.15;1473952;35080796.00
20100225;24.38;25.58;24.17;25.36;2611313;65245004.00
20100226;25.10;26.10;24.92;25.56;2072328;53249280.00
20100301;25.45;26.37;25.30;26.17;1666587;43324348.00
20100302;26.17;26.28;25.90;26.20;1455979;38007392.00
20100303;26.20;26.82;26.00;26.46;1119775;29542730.00
20100304;26.46;26.98;25.35;25.49;1887855;49597068.00
20100305;25.60;26.15;25.46;25.60;894701;23029708.00
20100308;25.69;26.63;25.69;26.27;1006586;26419486.00
20100309;26.25;26.58;25.79;25.90;1081308;28253620.00
20100310;25.80;25.85;25.12;25.32;771037;19674252.00
20100311;25.15;26.30;25.15;26.00;973128;25011660.00
20100315;25.26;25.84;25.26;25.51;578194;14767411.00
20100316;25.35;25.97;25.34;25.81;563390;14456619.00
20100317;26.00;26.67;25.81;26.62;1319137;34831296.00
20100318;26.98;26.98;26.15;26.33;1042263;27518912.00
20100319;26.33;26.46;25.94;26.24;803696;21021354.00
20100322;26.20;26.35;25.95;26.34;641073;16755448.00
20100323;26.29;26.48;25.76;25.76;856904;22286884.00
20100324;25.81;26.51;25.70;26.50;1481397;38952716.00
20100325;25.96;27.15;25.80;26.92;3076957;81795960.00
20100326;26.70;26.96;26.26;26.59;1511848;40107380.00
20100329;26.70;26.71;26.12;26.26;1350356;35670392.00
20100330;26.30;27.10;26.26;27.03;1871792;50190508.00
20100331;27.24;27.95;26.81;27.74;2616031;72140504.00
20100401;27.75;29.19;27.35;28.53;3518933;99336696.00
20100402;28.40;28.40;27.67;27.71;1511826;42296728.00
20100406;27.31;27.78;27.20;27.78;3423812;93938288.00
20100407;27.79;28.59;27.62;28.59;3281697;92804536.00
20100408;28.85;30.30;28.40;29.81;4349847;128066648.00
20100409;29.44;30.94;29.44;30.00;3268958;99023928.00
20100412;30.20;30.39;29.33;30.08;2434930;72615168.00
20100413;29.98;30.90;28.18;29.62;2735603;80908616.00
20100414;29.62;29.62;28.75;29.01;1217525;35314276.00
20100415;29.20;29.80;28.00;28.12;1633412;47123588.00
20100416;27.85;28.90;27.75;28.77;887222;25306184.00
20100419;28.20;29.30;28.20;28.60;982919;28335236.00
20100420;28.52;29.10;27.61;28.70;982096;27732456.00
20100421;28.69;30.50;28.57;30.31;1631309;48622468.00
20100422;29.98;30.79;29.80;30.25;1414341;42875456.00
20100423;30.35;31.00;29.90;30.71;1489856;45615640.00
20100426;30.79;31.00;29.10;29.27;1304741;39288276.00
20100427;29.00;29.69;27.14;27.60;1205971;33897116.00
20100429;27.58;28.00;26.51;26.52;982703;26991802.00
20100430;26.41;27.26;26.00;26.50;671007;17772908.00
20100504;26.18;26.78;26.06;26.33;593936;15715821.00
20100505;26.11;27.54;26.00;27.48;1139072;30548724.00
20100506;27.60;27.71;26.08;26.20;1234566;33368934.00
20100507;25.46;26.50;25.00;25.60;653149;16849742.00
20100510;25.60;26.18;24.50;25.39;581250;14656269.00
20100511;26.00;26.00;24.35;24.38;536273;13590185.00
20100512;24.18;24.50;23.50;23.88;411998;9905168.00
20100513;23.52;24.45;23.52;24.45;447757;10764370.00
20100514;24.35;25.27;24.03;25.19;583762;14561778.00
20100517;24.80;24.80;22.97;23.77;862053;20657592.00
20100518;23.32;24.51;23.07;24.50;836374;20123138.00
20100519;24.30;24.97;23.70;24.49;765762;18588494.00
20100520;24.03;24.59;23.73;24.42;664936;16061019.00
20100521;23.70;25.35;23.20;25.35;706220;17391396.00
20100524;25.40;26.29;25.35;26.03;1128465;29197538.00
20100525;26.08;26.43;25.00;25.47;1181985;30431390.00
20100526;25.20;25.68;25.15;25.48;675629;17168818.00
20100527;25.45;25.96;25.00;25.90;827604;21151668.00
20100528;26.20;26.20;25.50;25.68;772478;19936356.00
20100531;25.66;26.35;25.42;26.20;1470757;38380620.00
20100601;25.61;26.05;24.50;25.15;844467;21454026.00
20100602;24.91;25.57;24.61;25.57;438091;11007638.00
20100603;25.60;26.20;25.21;25.76;708354;18311988.00
20100604;25.88;27.10;25.78;26.75;2062927;54830904.00
20100607;26.23;27.09;26.00;26.80;1187889;31516066.00
20100608;26.80;27.00;26.48;26.79;890998;23825578.00
20100609;26.66;27.45;26.58;27.17;1497243;40429132.00
20100610;27.00;27.60;26.82;27.30;1655585;45120844.00
20100617;27.30;27.48;26.50;26.50;965707;26134094.00
20100618;26.50;26.60;24.70;24.84;941962;24043214.00
20100621;24.84;25.79;24.15;25.64;697422;17611584.00
20100622;25.50;26.00;25.33;25.72;454991;11714883.00
20100623;25.55;26.28;25.51;26.01;462177;11996681.00
20100624;25.98;26.25;25.72;25.85;327751;8509643.00
20100625;25.56;25.88;25.06;25.45;361232;9188623.00
20100628;24.99;25.50;24.99;25.05;277401;7002646.50
20100629;24.92;25.45;23.98;24.04;516423;12547393.00
20100630;24.00;24.23;23.28;23.95;419300;9959879.00
20100701;23.95;24.46;23.75;24.05;404852;9748526.00
20100702;24.10;24.25;22.69;23.70;551067;12863620.00
20100705;23.50;23.50;22.88;23.06;467602;10782363.00
20100706;23.00;23.86;22.90;23.75;484553;11386335.00
20100707;23.75;24.14;23.53;23.93;519551;12366468.00
20100708;23.83;24.20;23.51;23.86;414337;9848834.00
20100709;23.75;25.22;23.75;25.00;1124369;27804334.00
20100712;24.88;25.19;24.80;24.95;383969;9592834.00
20100713;24.80;24.84;24.30;24.79;465249;11437503.00
20100714;24.53;25.17;24.53;25.08;494282;12377820.00
20100715;25.00;25.47;24.60;24.61;418254;10486738.00
20100716;24.50;25.26;24.46;25.26;440292;10977928.00
20100719;25.25;26.43;24.90;26.15;853684;22214084.00
20100720;26.25;26.75;25.88;26.45;861777;22722658.00
20100721;26.49;26.68;26.20;26.45;603542;15969889.00
20100722;26.34;26.95;26.31;26.85;743655;19848104.00
20100723;26.98;27.32;26.61;27.22;867484;23489974.00
20100726;27.21;27.30;26.84;27.13;565961;15288758.00
20100727;27.00;27.76;26.77;26.88;555649;15106944.00
20100728;26.80;27.28;26.80;27.21;670423;18181602.00
20100729;27.21;27.70;27.14;27.40;512797;14053076.00
20100730;27.35;28.57;27.01;28.23;732948;20297350.00
20100802;28.50;29.29;28.40;28.48;930447;26840008.00
20100803;28.48;30.30;28.40;29.61;1560653;45971988.00
20100804;29.61;30.81;29.02;30.81;1125504;33865960.00
20100805;30.78;31.88;30.51;31.40;1714318;53657852.00
20100806;31.06;31.68;30.51;31.42;1000775;31315488.00
20100809;31.28;31.58;31.01;31.42;877888;27548700.00
20100810;31.00;31.10;29.80;30.00;1596973;48418188.00
20100811;29.88;29.99;29.08;29.75;971928;28675242.00
20100812;29.60;31.00;29.10;30.50;1130364;34458436.00
20100813;30.05;31.19;30.00;31.06;747229;23025408.00
20100816;31.50;34.17;31.00;34.17;1257593;41836868.00
20100817;34.90;36.58;34.53;35.45;2084135;74031840.00
20100818;35.01;35.68;34.68;35.68;1132156;39762568.00
20100819;35.45;37.00;34.69;34.81;1852337;66295568.00
20100820;34.00;35.95;33.72;35.06;1441314;50694320.00
20100823;35.09;36.89;35.09;36.78;1365427;49645224.00
20100824;36.89;40.16;36.50;40.00;2142434;83912832.00
20100825;40.00;40.00;38.33;38.55;951238;37094636.00
20100826;38.55;40.07;38.21;39.88;933499;36835832.00
20100827;39.69;40.17;39.03;39.66;563799;22351012.00
20100830;39.80;40.39;38.60;40.14;1519612;59956944.00
20100831;40.00;40.30;38.71;40.03;1142035;45291448.00
20100901;39.72;39.99;38.07;38.50;1033516;40283440.00
20100902;38.64;40.08;38.00;39.97;1217600;47887496.00
20100903;40.00;40.23;38.41;38.89;1277155;49747808.00
20100906;38.70;38.70;37.00;37.20;1506445;56590376.00
20100907;37.18;38.05;37.03;37.71;580238;21817862.00
20100908;37.50;38.30;37.10;38.15;790805;29796124.00
20100909;38.22;38.22;37.55;38.03;499993;18918872.00
20100910;37.59;39.38;37.59;39.04;729453;28254076.00
20100913;39.14;39.39;38.28;39.30;828508;32250148.00
20100914;39.31;39.59;38.72;39.08;564614;22063490.00
20100915;39.04;39.04;37.50;37.80;870413;33133190.00
20100916;37.48;38.29;36.60;37.15;406061;15085341.00
20100917;37.14;38.30;37.14;37.49;495012;18646558.00
20100920;37.22;38.22;36.02;36.75;358192;13381955.00
20100921;36.45;37.48;36.19;36.90;245693;9042764.00
20100927;37.12;37.93;36.96;37.87;393256;14791658.00
20100928;37.35;39.49;37.35;38.78;719844;27981832.00
20100929;38.98;39.98;38.77;39.20;495157;19502850.00
20100930;39.00;39.79;37.50;39.14;473437;18553934.00
20101008;39.42;41.45;39.10;40.24;656373;26531154.00
20101011;40.00;41.95;39.20;39.30;797908;32131408.00
20101012;39.30;40.00;38.82;39.18;348344;13749621.00
20101013;39.40;39.50;38.00;38.65;438372;16892052.00
20101014;38.56;38.57;37.18;37.55;554501;20914318.00
20101015;37.50;37.88;34.00;35.79;1069316;38401368.00
20101018;35.74;36.80;34.00;36.56;818926;28695464.00
20101019;36.01;37.60;36.00;37.39;377453;13990723.00
20101020;36.56;38.90;36.32;38.25;420516;16072023.00
20101021;38.00;39.39;38.00;38.64;457611;17766980.00
20101022;38.62;39.20;38.00;38.73;312425;12178675.00
20101025;38.48;39.68;38.40;39.12;481437;18829138.00
20101026;39.00;39.00;37.28;37.88;808994;30672462.00
20101027;37.98;38.55;37.30;37.75;245082;9288489.00
20101028;37.34;37.69;36.00;37.42;520901;19271158.00
20101029;37.06;38.56;37.06;38.55;557714;21095174.00
20101101;38.80;42.41;38.80;42.41;2029346;84633336.00
20101102;42.77;43.56;41.21;41.50;1092672;46131608.00
20101103;41.11;42.40;40.25;40.25;683213;28143426.00
20101104;40.61;41.90;40.02;41.88;802308;32784816.00
20101105;42.26;43.00;41.60;42.05;585099;24750378.00
20101108;42.08;43.60;41.30;43.53;811907;34711828.00
20101109;43.74;45.80;42.71;44.50;935831;41305224.00
20101110;44.51;45.49;44.00;44.50;432506;19257214.00
20101111;44.10;44.80;43.88;44.00;538532;23899732.00
20101112;43.90;44.00;41.01;41.48;687664;29026424.00
20101115;42.00;44.22;40.27;44.20;595011;25418396.00
20101116;44.20;45.98;43.00;44.32;593497;26401262.00
20101117;44.30;46.00;41.87;42.45;607649;26642340.00
20101118;42.18;43.18;41.70;42.97;272333;11565712.00
20101119;43.40;45.91;43.40;45.59;547657;24461604.00
20101122;45.60;47.80;44.50;47.80;842443;39688668.00
20101123;47.80;47.96;46.57;47.38;408605;19246136.00
20101124;46.98;48.48;46.67;47.49;401639;19214056.00
20101125;46.90;48.28;46.60;46.92;336515;15892239.00
20101126;47.20;48.40;46.30;48.34;293631;14013605.00
20101129;48.01;50.60;48.01;50.08;466271;23334626.00
20101130;50.08;50.69;48.26;50.08;405089;19990254.00
20101201;50.20;50.28;48.60;49.80;348391;17201198.00
20101202;49.93;52.50;49.51;52.25;404198;20444286.00
20101203;52.12;52.30;50.16;51.88;333642;17159330.00
20101206;51.54;51.99;49.01;49.25;390942;19575230.00
20101207;49.27;50.97;47.00;50.60;251585;12356564.00
20101208;49.88;50.76;49.80;50.07;114880;5766088.50
20101209;49.78;50.50;48.88;49.84;119290;5942246.50
20101213;50.45;51.90;49.80;51.00;224693;11439795.00
20101214;51.00;53.19;51.00;52.80;177367;9231665.00
20101215;53.45;53.45;51.50;52.80;158107;8259464.00
20101216;52.78;52.78;52.15;52.31;102321;5350240.50
20101217;52.12;52.50;50.77;51.40;365558;18804526.00
20101220;51.00;51.25;49.20;50.60;404254;20210328.00
20101221;50.03;51.79;50.03;50.78;195911;9964852.00
20101222;50.55;50.99;49.00;49.21;228223;11320221.00
20101223;49.00;49.65;48.60;48.72;229333;11263282.00
20101224;48.60;48.99;47.52;48.00;201512;9761687.00
20101227;47.66;48.90;47.10;47.49;149000;7195077.00
20101228;46.68;47.87;46.66;47.05;110361;5207497.00
20101229;47.61;47.73;46.78;47.21;140562;6630159.50
20101230;47.56;48.46;46.96;48.20;146055;6989434.50
20101231;48.20;49.87;48.01;49.31;126281;6221459.50
20110104;49.80;49.80;48.30;49.00;226783;11045289.00
20110105;48.98;49.38;48.48;48.70;138681;6770396.50
20110106;48.05;49.27;46.80;47.10;524594;24985444.00
20110107;46.58;47.18;45.72;45.96;323325;14963296.00
20110110;45.96;46.70;43.95;44.54;693269;31397154.00
20110111;44.10;44.55;43.00;43.30;216830;9494916.00
20110112;43.11;44.30;43.11;44.12;153089;6734062.00
20110113;44.26;45.39;44.22;44.76;237940;10658967.00
20110114;44.38;45.13;43.30;43.85;129519;5690480.50
20110117;41.80;43.82;41.56;42.50;197499;8420168.00
20110118;41.90;43.51;41.90;43.50;77573;3296448.25
20110119;42.61;44.30;42.61;44.28;96601;4249700.00
20110120;44.34;44.38;42.00;43.38;99497;4336159.00
20110121;42.90;44.08;42.05;43.88;168191;7348160.50
20110124;43.75;44.00;42.27;42.30;105867;4537704.00
20110125;42.30;42.91;42.05;42.12;235201;9994968.00
20110126;42.12;42.49;42.02;42.18;156243;6611348.50
20110127;42.30;43.21;42.01;43.21;127837;5456608.00
20110128;43.32;43.89;43.32;43.70;126744;5524061.50
20110131;43.70;43.95;42.53;43.55;138859;6036904.00
20110201;43.98;43.98;43.34;43.83;59456;2606433.25
20110209;43.26;44.04;43.26;43.87;53657;2338115.25
20110210;43.50;45.86;43.25;45.60;143207;6326001.50
20110211;45.60;45.69;44.20;45.60;267989;12085126.00
20110214;45.62;46.49;45.06;46.19;292227;13328324.00
20110215;45.81;46.86;45.81;46.16;155351;7216688.00
20110216;46.02;46.60;46.02;46.55;152654;7084238.00
20110217;46.55;47.00;46.10;46.38;110064;5111815.50
20110218;46.01;46.35;45.20;45.35;118655;5410248.00
20110221;44.51;45.45;44.35;45.45;215485;9686220.00
20110222;45.50;45.82;44.53;45.48;139342;6293484.00
20110223;44.80;45.80;44.66;45.15;132967;6029603.00
20110224;45.25;45.87;45.00;45.65;141710;6445577.50
20110225;45.77;50.22;45.40;49.00;914768;44751444.00
20110228;49.01;49.50;48.67;48.93;274301;13456366.00
20110301;48.49;48.99;47.60;48.67;167454;8091147.50
20110302;48.28;48.90;47.65;48.60;151659;7328195.00
20110303;48.31;50.78;48.15;50.35;903834;45375860.00
20110304;50.80;55.25;50.80;51.89;795399;42186304.00
20110307;52.25;52.25;49.90;50.84;448865;22706398.00
20110308;50.59;50.59;49.25;49.99;257691;12824965.00
20110309;49.99;50.68;49.71;50.35;151081;7600322.00
20110310;50.85;50.85;48.20;49.50;275318;13595693.00
20110311;48.61;49.87;48.61;49.20;119370;5882567.00
20110314;48.71;49.87;48.71;49.13;126779;6248890.00
20110315;49.20;49.69;46.10;47.46;262239;12617968.00
20110316;47.40;48.50;47.29;48.21;125157;5991780.50
20110317;47.70;50.00;47.70;48.96;358425;17569866.00
20110318;49.20;49.40;48.30;48.81;238151;11627394.00
20110321;48.93;48.93;48.21;48.57;106434;5159026.00
20110322;48.57;48.60;47.92;48.12;128800;6199224.50
20110323;48.00;48.48;47.31;48.48;97250;4685739.50
20110324;48.12;48.68;47.80;47.80;229540;11045873.00
20110325;47.82;49.81;47.50;49.37;277273;13438136.00
20110328;49.30;50.00;48.32;48.37;177948;8737855.00
20110329;48.37;48.39;46.42;46.43;264862;12472096.00
20110330;46.45;46.76;45.18;45.59;212281;9688165.00
20110331;45.59;47.49;45.01;45.88;104847;4811553.00
20110401;45.00;45.95;44.90;45.60;83008;3774350.75
20110406;45.60;45.99;44.63;44.80;151150;6837911.00
20110407;44.88;44.88;43.19;43.59;240663;10514382.00
20110408;43.80;45.80;43.08;45.80;131237;5839561.00
20110411;45.80;46.06;45.00;45.10;103350;4708229.50
20110412;44.50;45.40;44.16;45.18;68061;3054557.25
20110413;44.30;45.22;44.30;45.00;71719;3230164.25
20110414;45.80;45.80;44.20;44.43;127161;5674075.50
20110415;43.80;45.00;43.80;44.95;87757;3930244.00
20110418;45.78;45.78;44.50;45.09;67401;3026348.75
20110419;44.37;45.34;44.37;44.99;130120;5854962.50
20110420;44.70;46.48;44.70;45.51;98133;4498763.00
20110421;45.58;47.96;45.51;47.95;464168;21894576.00
20110422;47.80;48.78;47.02;47.60;150144;7163923.50
20110425;47.00;48.78;47.00;48.45;194014;9325123.00
20110426;48.06;48.68;47.01;47.20;131010;6255072.50
20110427;47.00;47.97;45.45;45.50;162965;7600044.50
20110428;45.50;45.50;41.15;41.95;420348;17954978.00
20110429;42.64;42.70;41.05;42.16;109350;4615307.50
20110503;42.16;42.45;41.26;42.20;75124;3171915.00
20110504;42.20;42.58;41.52;41.65;181882;7639181.50
20110505;41.29;42.30;41.29;41.41;91784;3829873.50
20110509;41.99;42.88;41.70;42.40;78933;3332298.00
20110510;42.42;42.76;41.81;42.42;65450;2775689.00
20110511;42.51;42.88;42.00;42.59;127470;5409634.00
20110512;42.59;42.96;41.72;41.72;117311;4958693.00
20110513;41.72;41.72;39.01;40.36;357869;14283078.00
20110516;39.20;40.32;39.19;39.88;126501;5022600.00
20110517;39.88;40.70;39.00;39.48;127691;5054242.50
20110518;39.25;40.00;39.10;39.80;127761;5061217.00
20110519;39.41;39.91;39.40;39.48;93481;3701672.00
20110520;39.60;40.44;39.60;39.83;155669;6227250.50
20110523;40.60;40.60;39.32;39.51;79100;3146151.75
20110524;39.49;39.99;39.01;39.63;65430;2581527.50
20110525;39.83;39.83;39.00;39.21;90369;3546465.00
20110526;39.11;39.80;39.11;39.49;175260;6923347.50
20110527;19.70;19.90;17.73;17.73;512290;9330869.00
20110530;17.47;18.00;16.30;17.40;423489;7289919.00
20110531;17.40;17.60;16.66;17.21;304963;5229954.50
20110601;17.19;17.62;17.00;17.40;203462;3531576.25
20110602;17.37;17.46;16.69;16.83;273520;4661413.50
20110603;16.80;17.36;16.80;17.28;257340;4406492.00
20110607;17.28;17.80;17.00;17.32;159982;2765361.25
20110608;17.40;17.40;17.00;17.35;191046;3286083.50
20110609;17.20;17.45;17.12;17.38;196808;3405514.00
20110610;17.12;17.46;17.12;17.39;465598;8043636.50
20110613;17.30;17.50;16.80;17.39;291450;4972058.00
20110614;17.27;17.44;17.07;17.40;449799;7782687.50
20110615;17.36;17.36;17.03;17.08;234290;4031676.50
20110616;17.08;17.20;16.80;16.82;154600;2619095.00
20110617;16.71;16.78;16.30;16.37;135481;2238063.50
20110620;16.30;16.43;15.88;15.88;144550;2321426.50
20110621;15.94;16.10;15.55;16.00;169364;2689114.75
20110622;16.04;16.25;15.80;16.08;486217;7800533.50
20110623;16.13;16.44;15.60;16.18;748945;12044299.00
20110624;16.41;17.80;16.35;17.80;992846;17491500.00
20110627;19.21;19.45;18.28;18.90;2893593;54590856.00
20110628;18.80;18.80;18.18;18.35;1379893;25378832.00
20110629;18.80;18.80;18.00;18.00;1194234;21874000.00
20110630;18.10;18.36;18.00;18.13;848817;15468943.00
20110701;18.29;18.35;18.06;18.32;1032891;18802212.00
20110704;18.32;18.68;18.32;18.63;1006516;18657270.00
20110705;18.66;18.66;18.35;18.51;606049;11188667.00
20110706;18.56;18.72;18.29;18.65;825446;15263983.00
20110707;18.62;20.15;18.52;19.99;1685384;32954464.00
20110708;19.89;19.90;19.46;19.52;836067;16415100.00
20110711;19.60;20.15;19.36;20.09;821358;16237456.00
20110712;20.00;20.00;19.56;19.78;568120;11198394.00
20110714;20.30;20.91;20.10;20.65;1566829;32176600.00
20110715;20.43;20.76;20.11;20.53;878156;18026986.00
20110718;20.52;20.97;20.50;20.68;788026;16283665.00
20110719;20.74;20.74;19.90;20.45;950880;19353274.00
20110720;20.35;20.53;20.05;20.06;513024;10356914.00
20110721;20.00;20.30;19.81;19.82;396629;7955763.50
20110722;19.82;20.00;19.70;19.70;430517;8550474.00
20110725;19.78;20.30;19.20;19.29;754591;14953876.00
20110726;19.01;19.55;19.01;19.40;348011;6720708.00
20110727;19.41;20.22;19.06;20.04;519647;10278619.00
20110728;20.00;20.00;19.60;19.89;367151;7273003.50
20110729;19.93;20.20;19.69;19.98;276163;5506620.00
20110801;19.93;20.12;19.82;20.02;357719;7141564.00
20110802;20.08;20.08;19.62;19.90;553466;10988004.00
20110803;19.72;20.04;19.60;19.88;258592;5139402.00
20110804;19.93;20.68;19.90;20.54;787696;16053459.00
20110805;19.91;20.45;19.63;19.82;647970;13009156.00
20110808;19.31;19.70;18.03;18.30;644482;12096572.00
20110809;18.08;18.67;17.00;18.05;608577;10817996.00
20110810;18.52;18.93;18.26;18.50;386529;7181590.50
20110811;18.50;19.48;18.13;19.38;686377;13027874.00
20110812;19.38;19.90;19.12;19.60;507671;9930366.00
20110815;19.56;19.96;19.31;19.93;600673;11870093.00
20110816;19.90;19.98;19.55;19.66;318953;6287284.50
20110817;19.95;21.63;19.95;21.63;1401605;30102114.00
20110818;22.00;23.58;21.91;22.68;5180245;117625608.00
20110819;21.88;24.28;21.64;23.73;5914660;138332240.00
20110822;23.73;24.10;22.18;22.78;4402551;101696192.00
20110823;22.60;22.90;21.82;22.60;4174145;93103400.00
20110824;22.43;22.84;22.07;22.15;2829964;63535308.00
20110825;22.16;22.57;21.90;22.45;2444601;54397032.00
20110826;22.40;22.54;22.00;22.04;2091174;46394248.00
20110829;22.13;22.23;21.70;21.77;1955315;42768412.00
20110830;21.88;22.30;21.74;21.76;1608248;35281544.00
20110831;21.70;21.78;20.97;21.45;2135557;45324796.00
20110901;21.27;21.50;21.00;21.18;1073506;22771520.00
20110902;20.99;21.45;20.92;21.24;895148;18948086.00
20110905;21.20;21.20;19.48;19.48;1404238;28161706.00
20110906;19.00;19.35;18.53;19.14;951008;18086162.00
20110907;19.16;20.17;19.02;19.90;1108196;21678848.00
20110908;19.95;20.10;19.15;19.21;761063;14987451.00
20110909;18.92;19.50;18.71;18.99;547409;10403098.00
20110913;18.85;18.85;18.45;18.60;401621;7460158.50
20110914;18.93;18.93;18.20;18.82;430381;8029558.00
20110915;18.83;19.50;18.83;19.24;633452;12197293.00
20110916;19.26;19.37;19.04;19.20;424592;8168451.00
20110919;19.00;19.14;18.10;18.18;601856;11088110.00
20110920;18.00;18.31;17.86;18.23;457842;8327076.50
20110921;18.25;18.79;18.09;18.60;673682;12464981.00
20110922;18.50;19.88;18.11;19.01;1452307;27641256.00
20110923;18.42;19.14;18.10;18.58;635710;11803393.00
20110926;18.66;18.69;18.18;18.25;393785;7210756.00
20110927;18.65;18.65;18.20;18.55;244305;4489489.00
20110928;18.60;18.89;18.25;18.35;265153;4910790.00
20110929;18.20;18.30;17.60;17.72;469309;8372085.00
20110930;17.85;18.28;17.33;17.62;209200;3701336.50
20111010;17.52;17.75;16.80;16.81;389386;6669791.50
20111011;17.00;17.43;16.00;16.17;554993;9205038.00
20111012;16.20;16.76;15.88;16.64;513565;8454692.00
20111013;16.54;17.14;16.48;16.94;810683;13685464.00
20111014;16.94;17.17;16.72;17.01;971479;16496610.00
20111017;17.45;17.77;17.25;17.36;943029;16481294.00
20111018;17.12;17.40;16.83;16.83;516739;8806095.00
20111019;17.00;17.01;16.56;16.69;271773;4558604.00
20111020;16.70;16.99;16.00;16.94;668734;10896362.00
20111021;16.68;17.10;16.54;16.85;680887;11522819.00
20111024;16.60;16.99;16.02;16.72;570438;9428591.00
20111025;16.69;17.05;16.40;17.05;997066;16758262.00
20111026;16.90;17.79;16.85;17.55;1498211;26048064.00
20111027;17.69;17.69;17.00;17.20;1320820;22949788.00
20111028;17.26;17.55;17.22;17.45;1024216;17793754.00
20111031;17.44;17.90;17.05;17.20;1418427;24565790.00
20111101;17.07;17.26;16.88;17.20;1127300;19226284.00
20111102;16.90;17.43;16.77;17.41;886843;15208366.00
20111103;17.41;18.17;17.41;18.00;2500175;44461500.00
20111104;18.00;18.28;17.70;18.11;1606584;28859252.00
20111107;18.11;18.19;17.87;17.91;950723;17104274.00
20111108;17.88;18.06;17.71;17.71;625054;11183718.00
20111109;17.75;18.15;17.47;17.94;872267;15586071.00
20111110;17.82;17.85;17.50;17.52;686814;12098982.00
20111111;17.59;17.93;17.42;17.73;913251;16154362.00
20111114;17.95;18.23;17.83;18.19;1257470;22735770.00
20111115;18.16;18.46;18.00;18.26;901581;16421162.00
20111116;18.18;18.28;17.50;17.87;1028159;18279736.00
20111117;18.00;18.35;17.59;18.05;2451933;44092152.00
20111118;17.62;17.79;16.82;16.86;1606402;27617186.00
20111121;16.85;16.93;16.50;16.72;544962;9102178.00
20111122;16.74;17.64;16.55;17.64;1846679;31869084.00
20111123;17.55;17.58;17.07;17.16;874148;15121271.00
20111124;17.00;17.75;16.80;17.42;939718;16332141.00
20111125;17.58;17.58;16.97;16.99;586380;10095115.00
20111128;17.03;17.47;17.02;17.26;649049;11226943.00
20111129;17.53;17.89;17.36;17.64;911111;16091628.00
20111130;17.60;17.95;16.70;16.97;1089060;19049836.00
20111201;17.54;17.60;17.15;17.32;1015589;17705104.00
20111202;17.16;17.37;16.76;16.80;590111;9990102.00
20111205;16.70;16.81;15.86;15.87;664700;10741263.00
20111206;15.87;16.06;15.40;15.93;767127;12111560.00
20111207;16.10;16.20;15.70;15.80;347611;5521697.50
20111208;15.71;15.97;15.42;15.70;362029;5678034.50
20111209;15.64;15.85;15.50;15.54;230380;3597234.50
20111212;15.35;15.72;15.13;15.21;274733;4236504.00
20111213;15.21;15.21;14.41;14.50;696215;10191390.00
20111214;14.43;14.65;13.91;14.07;310612;4458046.00
20111215;14.09;14.09;13.45;13.60;591928;8118772.50
20111216;13.96;14.00;13.45;13.98;620739;8521876.00
20111219;13.95;13.95;13.53;13.80;244059;3340354.50
20111220;13.70;15.18;13.67;14.74;1561378;23255652.00
20111221;14.50;14.73;14.19;14.21;960084;13879355.00
20111222;13.90;14.12;13.55;13.90;584020;8030721.50
20111223;14.00;14.22;13.81;14.10;544694;7652510.50
20111226;14.15;14.20;13.81;14.10;516075;7208122.00
20111227;14.10;14.10;13.63;13.93;405999;5600499.50
20111228;13.70;13.85;12.79;13.39;749727;9972941.00
20111229;13.17;13.52;12.93;13.40;414202;5545206.50
20111230;13.44;13.76;13.44;13.65;341031;4657720.50
20120104;13.70;13.88;13.40;13.55;307836;4189367.25
20120105;13.50;13.68;12.66;12.70;438929;5739487.50
20120106;12.55;12.55;12.11;12.40;579492;7135665.50
20120109;13.64;13.64;13.64;13.64;936739;12777120.00
20120110;15.00;15.00;14.68;15.00;7487550;112084360.00
20120111;15.05;15.60;14.90;15.39;6933096;105305528.00
20120112;15.15;15.45;14.90;15.15;3562901;53856580.00
20120113;15.09;15.28;14.18;14.40;3362847;49152952.00
20120116;14.30;14.71;14.15;14.26;2247328;32394398.00
20120117;14.11;14.96;12.83;14.83;4915060;68213184.00
20120118;14.45;14.60;13.35;13.35;3598998;50423372.00
20120119;13.00;13.42;12.60;12.96;2658420;34392260.00
20120120;12.85;13.28;12.76;13.13;1758857;23137628.00
20120130;13.19;13.39;12.87;13.29;1532014;20237756.00
20120131;12.93;13.60;12.80;13.54;1674733;22167130.00
20120201;13.30;13.58;13.00;13.05;1337020;17801986.00
20120202;13.00;13.38;13.00;13.28;1207127;15958095.00
20120203;13.13;13.59;13.13;13.53;1797194;24091792.00
20120206;13.59;13.98;13.50;13.86;2694640;37013280.00
20120207;13.83;13.83;13.18;13.36;2058926;27626524.00
20120208;13.36;13.82;13.23;13.76;1886284;25586932.00
20120209;13.76;14.25;13.71;13.95;2801613;39166140.00
20120210;13.88;14.31;13.75;13.95;2561718;35934624.00
20120213;13.85;14.20;13.70;14.15;1937618;27198576.00
20120214;14.10;14.17;13.92;14.08;1098295;15422300.00
20120215;14.08;14.29;14.00;14.26;1975482;28048202.00
20120216;14.27;14.49;13.84;14.03;2115991;29925832.00
20120217;14.15;14.15;13.57;13.80;1824160;25187046.00
20120220;13.95;14.04;13.77;13.82;1592297;22104368.00
20120221;13.79;14.30;13.59;14.24;2276185;31750282.00
20120222;14.19;14.64;14.13;14.56;3285839;47322288.00
20120223;14.42;14.57;14.31;14.52;2078655;30044230.00
20120224;14.57;14.74;14.51;14.68;2160918;31591976.00
20120227;14.64;14.94;14.58;14.60;2349078;34607132.00
20120228;14.63;14.77;14.31;14.49;1647418;23936632.00
20120229;14.64;14.90;14.42;14.44;1888142;27685196.00
20120301;14.16;14.40;14.10;14.22;2535527;36128240.00
20120302;14.16;14.58;14.16;14.58;1955799;28197490.00
20120305;14.67;14.69;14.40;14.50;1809419;26273202.00
20120306;14.40;14.53;14.12;14.28;1360898;19420922.00
20120307;14.20;14.36;14.03;14.15;1170606;16620200.00
20120308;14.16;14.51;14.16;14.51;1812896;26061310.00
20120309;14.63;14.72;14.45;14.69;1965576;28713662.00
20120312;14.70;14.80;14.50;14.73;1694239;24821826.00
20120313;14.78;16.20;14.60;16.20;6545067;101692744.00
20120314;16.47;16.48;15.12;15.25;8082819;128350296.00
20120315;15.46;16.78;15.46;16.78;9532980;155337120.00
20120316;17.34;17.88;17.08;17.75;13438464;234237792.00
20120319;17.50;17.50;16.90;17.40;6620273;114120656.00
20120320;17.23;17.23;16.40;16.45;4716810;79086472.00
20120321;16.40;16.93;16.03;16.86;4846036;80537312.00
20120322;16.67;16.86;16.30;16.37;2672886;44127368.00
20120323;16.25;16.35;15.71;16.06;2921120;46823128.00
20120326;16.04;16.40;15.80;16.31;2440852;39419348.00
20120327;16.35;16.44;15.74;15.89;2813225;45042764.00
20120328;15.70;15.98;14.30;14.34;4427673;65620112.00
20120329;14.00;14.24;13.74;14.09;2634255;36780776.00
20120330;14.07;14.20;13.10;13.35;2250248;30553814.00
20120405;13.38;13.84;12.95;13.80;2062168;28011796.00
20120406;13.96;14.25;13.65;13.98;2687261;37645496.00
20120409;13.90;14.27;13.60;13.87;1996519;27917086.00
20120410;13.71;14.05;13.20;13.95;1963085;26785874.00
20120411;13.85;13.90;13.50;13.80;1543001;21203924.00
20120412;13.80;14.20;13.74;14.14;2066355;28843708.00
20120413;14.12;14.43;14.03;14.35;2637134;37517888.00
20120416;14.19;14.28;13.93;14.08;1981496;27960864.00
20120417;14.08;14.14;13.70;13.74;1675205;23142630.00
20120418;13.74;14.30;13.74;14.16;2224376;31323920.00
20120419;14.09;14.39;14.00;14.35;2411528;34164456.00
20120420;14.33;14.48;14.10;14.39;2644074;37878132.00
20120423;14.43;14.48;13.74;13.90;2727538;38483576.00
20120424;13.61;14.00;13.13;13.47;2255742;30398592.00
20120425;13.47;13.58;13.32;13.56;1404280;18882620.00
20120426;13.68;13.68;13.10;13.13;2508633;33228332.00
20120427;13.10;13.20;12.90;13.16;1488644;19452478.00
20120502;13.32;13.35;13.00;13.22;1748582;23068318.00
20120503;13.24;13.55;13.23;13.52;1782949;23967468.00
20120504;13.50;14.50;13.36;14.08;3425693;48026136.00
20120507;13.89;13.99;13.70;13.96;2099527;29088610.00
20120508;13.94;14.16;13.80;14.07;1963391;27573122.00
20120510;13.61;13.85;13.60;13.75;1717512;23542614.00
20120511;13.75;13.92;13.65;13.66;1179125;16250274.00
20120514;13.45;13.65;13.13;13.30;2351961;31316316.00
20120515;13.12;13.42;13.02;13.30;1004934;13305503.00
20120516;13.30;13.40;13.11;13.12;1059814;14060419.00
20120517;13.08;13.45;13.05;13.43;1069550;14184690.00
20120518;13.20;13.30;13.07;13.11;1173088;15420094.00
20120521;13.00;13.17;12.81;13.10;841247;10935524.00
20120522;13.15;13.32;13.14;13.23;1023127;13540914.00
20120523;13.24;13.33;13.05;13.32;1572214;20742184.00
20120524;13.29;13.35;13.12;13.15;1314703;17423742.00
20120525;13.11;13.17;12.29;12.35;2236679;28270528.00
20120528;12.27;12.38;11.88;12.37;1950596;23622464.00
20120529;12.33;12.67;12.15;12.53;1463782;18197228.00
20120530;12.50;12.61;12.36;12.48;912665;11400487.00
20120531;12.47;12.63;12.35;12.57;1174343;14703644.00
20120601;12.51;12.90;12.41;12.57;987648;12476496.00
20120604;12.20;12.28;12.00;12.00;1192608;14454415.00
20120605;11.99;12.17;11.95;12.01;566045;6812990.50
20120606;12.03;12.16;11.93;11.94;883426;10627122.00
20120607;12.13;12.38;11.95;12.00;1133082;13724067.00
20120608;12.15;13.18;11.80;12.86;4903030;62333528.00
20120611;12.82;13.50;12.82;13.31;4534394;59810492.00
20120612;13.17;13.28;13.00;13.17;2004853;26372788.00
20120613;13.10;13.46;13.06;13.37;2246091;29735606.00
20120614;13.37;13.38;13.08;13.12;2085025;27586796.00
20120615;13.00;13.21;12.40;12.63;2816044;35887320.00
20120618;12.67;12.85;12.60;12.82;1484512;18935810.00
20120619;12.70;13.11;12.51;12.97;2050933;26302274.00
20120620;12.89;13.44;12.77;12.78;1797137;23444514.00
20120621;12.70;12.79;12.43;12.61;942670;11816467.00
20120625;12.42;12.56;12.19;12.19;671960;8281360.00
20120626;12.07;12.45;12.06;12.28;578667;7059406.50
20120627;12.32;12.38;12.12;12.13;548022;6701572.50
20120628;12.28;12.36;12.10;12.20;740866;9034090.00
20120629;12.00;12.33;11.86;12.30;893849;10823525.00
20120702;12.32;12.99;12.08;12.64;2351543;29450474.00
20120703;12.50;12.83;12.40;12.58;1781000;22443794.00
20120704;12.58;12.68;12.18;12.24;1271749;15783706.00
20120705;11.99;12.24;11.81;12.06;1303934;15642684.00
20120706;12.06;12.37;11.89;12.30;1571816;19110814.00
20120709;12.13;12.58;11.96;12.00;1988225;24413862.00
20120710;11.80;11.95;11.22;11.35;2242127;25897336.00
20120711;11.25;11.40;10.92;10.94;2067640;22871756.00
20120712;10.90;11.20;10.83;11.14;1365212;15103507.00
20120713;11.00;11.19;10.86;10.91;1113828;12250770.00
20120716;10.90;11.04;9.82;9.89;2122107;21579562.00
20120717;9.86;9.98;9.75;9.91;848800;8362180.50
20120718;9.91;9.94;9.40;9.83;1300261;12563153.00
20120719;9.83;10.05;9.75;9.97;1202100;11961429.00
20120720;9.97;10.10;9.90;9.99;902164;9045020.00
20120723;10.00;10.06;9.61;9.74;771167;7555972.00
20120724;9.60;9.95;9.60;9.81;632140;6204151.50
20120725;9.82;9.93;9.73;9.88;756263;7436869.50
20120726;9.85;10.02;9.78;9.87;778958;7704543.00
20120727;9.94;9.95;9.75;9.83;580152;5704961.50
20120730;9.80;9.85;9.20;9.24;886529;8379073.50
20120731;9.27;9.29;8.88;8.91;886591;8017550.50
20120801;8.92;9.10;8.90;9.03;622928;5614085.00
20120802;9.03;9.06;8.86;8.89;482664;4312897.50
20120803;8.92;9.17;8.88;9.15;886901;7976766.50
20120806;9.06;9.36;9.05;9.33;714518;6599215.50
20120807;9.34;9.79;9.30;9.56;1055183;10098629.00
20120808;9.50;9.61;9.35;9.45;655437;6216551.50
20120809;9.46;9.70;9.42;9.66;862647;8279845.00
20120810;9.76;9.83;9.60;9.67;733600;7109217.00
20120813;9.67;9.68;9.38;9.39;604900;5755773.50
20120814;9.39;9.53;9.15;9.53;648188;6041951.00
20120815;9.46;10.04;9.37;9.60;1444848;14049908.00
20120816;9.55;9.75;9.44;9.52;899333;8612763.00
20120817;9.33;9.55;9.33;9.50;481935;4548400.50
20120820;9.47;9.53;9.31;9.51;423653;3988527.00
20120821;9.53;9.82;9.45;9.74;919269;8907920.00
20120822;9.74;9.80;9.52;9.68;682626;6576594.50
20120823;9.70;9.83;9.62;9.81;864047;8420480.00
20120824;9.78;9.86;9.40;9.57;666850;6437407.00
20120827;9.51;9.52;9.11;9.15;755399;6971534.50
20120828;9.14;9.26;9.07;9.18;562619;5154176.00
20120829;9.15;9.38;9.06;9.25;593324;5493733.00
20120830;9.21;9.33;8.92;9.06;620602;5666298.50
20120831;9.14;9.14;8.89;8.97;650587;5825510.00
20120903;8.90;9.17;8.87;9.11;584482;5299063.50
20120904;9.05;9.18;8.70;8.86;966195;8674503.00
20120905;8.85;8.97;8.70;8.92;713625;6293942.50
20120906;8.93;9.27;8.90;9.24;2061050;18809022.00
20120907;9.29;9.66;9.22;9.53;1989446;18874072.00
20120910;9.49;9.60;9.39;9.51;1994913;18913916.00
20120911;9.49;9.92;9.38;9.66;2634541;25497874.00
20120912;9.63;9.73;9.50;9.73;1728676;16629438.00
20120913;9.79;9.79;9.45;9.45;1921024;18462620.00
20120914;9.52;9.60;9.38;9.51;1767381;16763854.00
20120917;9.95;10.38;9.52;9.53;4797940;47284252.00
20120918;9.09;9.28;9.03;9.09;2457703;22474882.00
20120919;9.12;9.15;9.02;9.10;1222982;11103472.00
20120920;9.09;9.09;8.78;8.78;1532153;13631307.00
20120921;8.70;8.83;8.53;8.54;1182347;10274255.00
20120924;8.53;8.59;8.34;8.57;900310;7652320.00
20120925;8.48;8.58;8.41;8.42;732850;6228687.50
20120926;8.45;8.47;8.15;8.16;795764;6595732.50
20120927;8.15;8.39;8.10;8.36;1136982;9398431.00
20120928;8.34;8.46;8.25;8.45;1342852;11266403.00
20121008;8.44;8.57;8.40;8.51;1057997;8963770.00
20121009;8.54;8.88;8.52;8.85;2111668;18486130.00
20121010;8.81;9.24;8.77;9.14;3300764;29980980.00
20121011;9.07;9.20;9.07;9.17;1591648;14534040.00
20121012;9.17;9.35;9.10;9.20;2570568;23717738.00
20121015;9.21;9.34;9.04;9.33;1864068;17122986.00
20121016;9.38;9.53;9.28;9.35;1525871;14335993.00
20121017;9.36;9.41;9.23;9.33;1213934;11309846.00
20121018;9.33;9.73;9.26;9.67;2676058;25576074.00
20121019;9.62;9.95;9.54;9.94;2607442;25600036.00
20121022;9.85;10.07;9.81;9.93;1951517;19406558.00
20121023;9.93;10.05;9.78;9.78;1398350;13806235.00
20121024;9.75;9.89;9.70;9.84;838949;8224802.50
20121025;9.76;9.94;9.73;9.74;1145918;11248380.00
20121026;9.73;9.84;9.35;9.37;2280106;22027688.00
20121029;9.37;9.62;9.31;9.54;984527;9367478.00
20121030;9.54;9.84;9.51;9.75;1601050;15581401.00
20121031;9.76;10.09;9.69;10.00;6982681;68991440.00
20121101;9.95;10.14;9.91;10.07;2835818;28407282.00
20121102;10.07;10.36;10.00;10.27;6680324;68096824.00
20121105;10.25;10.37;10.01;10.10;6358906;64635924.00
20121106;10.06;10.08;9.85;10.04;3535605;35203840.00
20121107;10.00;10.11;9.20;9.59;4984838;48262204.00
20121108;9.40;9.55;9.22;9.49;1212989;11404964.00
20121109;9.40;9.71;9.40;9.50;1413447;13583526.00
20121112;9.58;10.28;9.41;10.24;6344769;62944952.00
20121113;10.23;10.29;10.08;10.19;2411064;24576602.00
20121114;10.15;10.17;9.99;10.14;1193901;12036696.00
20121115;10.08;10.36;9.30;9.30;4156142;41449976.00
20121116;9.09;9.22;8.50;9.14;1969501;17616812.00
20121119;8.96;9.34;8.90;9.33;952191;8782489.00
20121120;9.31;9.45;9.25;9.35;875809;8214831.50
20121121;9.26;9.50;9.25;9.49;796077;7459365.00
20121122;9.44;9.60;9.34;9.49;426900;4064968.25
20121123;9.51;9.61;9.41;9.47;379345;3600461.00
20121126;9.43;9.60;9.37;9.39;749877;7109219.00
20121127;9.34;9.36;9.09;9.09;991196;9067596.00
20121128;9.14;9.14;8.91;9.05;396642;3581007.75
20121129;9.10;9.16;8.86;8.90;418275;3759001.75
20121130;8.93;9.07;8.73;9.00;341909;3056397.50
20121203;8.92;9.08;8.83;8.98;576048;5170722.00
20121204;8.98;9.29;8.88;9.29;1345182;12228364.00
20121205;9.27;9.75;9.20;9.69;2185782;20916528.00
20121206;9.68;9.72;9.50;9.66;874843;8404438.00
20121207;9.64;10.15;9.63;10.01;4112721;40720824.00
20121210;10.05;10.30;9.92;10.19;12999295;131229592.00
20121211;10.26;10.55;9.49;9.63;16279867;160761520.00
20121212;9.39;9.59;9.12;9.31;8251670;76269760.00
20121213;9.22;9.23;8.90;8.93;4649764;42168596.00
20121214;8.92;9.20;8.90;9.17;5111533;46581944.00
20121217;9.20;9.24;9.08;9.21;3930125;36050952.00
20121218;9.24;9.43;9.21;9.33;4991723;46559136.00
20121219;9.30;9.37;9.15;9.28;2972238;27575798.00
20121220;9.22;9.22;8.95;9.06;3487901;31665732.00
20121221;9.07;9.19;9.02;9.07;2117283;19261634.00
20121224;9.06;9.15;8.98;9.14;1927504;17494406.00
20121225;9.14;9.35;9.06;9.29;4548219;42087092.00
20121226;9.32;9.68;9.24;9.65;6006299;56847240.00
20121227;9.65;9.70;9.35;9.38;4994537;47456804.00
20121228;9.30;9.43;9.21;9.39;2815984;26284574.00
20121231;9.40;9.47;9.32;9.37;3170941;29731190.00
20130104;9.45;9.46;9.12;9.20;2720052;25140758.00
20130107;9.15;9.36;9.15;9.35;2148817;19914284.00
20130108;9.44;9.56;9.26;9.55;3608057;33980800.00
20130109;9.54;10.24;9.48;9.90;7999324;78678320.00
20130110;9.90;9.96;9.69;9.81;3909931;38364956.00
20130111;9.80;9.93;9.56;9.59;3613579;35100556.00
20130114;9.56;9.93;9.56;9.92;4300712;42193460.00
20130115;9.94;10.91;9.88;10.91;10239958;107597680.00
20130116;11.35;11.37;10.47;10.78;13392467;145959120.00
20130117;10.56;10.74;10.43;10.56;4711954;49821764.00
20130118;10.61;10.77;10.41;10.62;3728463;39501656.00
20130121;10.64;10.68;10.31;10.50;3947402;41307920.00
20130122;10.44;10.64;10.33;10.60;3437188;36081212.00
20130123;10.49;10.89;10.39;10.88;5391563;57542456.00
20130124;10.90;10.93;10.08;10.15;5627919;59316316.00
20130125;10.08;10.28;9.85;10.08;3006920;30292956.00
20130128;10.21;10.59;10.18;10.45;3473255;36165708.00
20130129;10.40;10.58;10.31;10.39;2578231;26809614.00
20130130;10.35;10.38;10.04;10.19;4012628;40804988.00
20130131;10.18;10.19;10.00;10.06;2043110;20580660.00
20130201;10.06;10.33;10.04;10.26;2900973;29621902.00
20130204;10.31;10.32;10.03;10.06;2269727;22972540.00
20130205;10.00;10.25;9.91;10.18;2283375;23032580.00
20130206;10.18;10.58;10.14;10.38;3935345;40920432.00
20130207;10.32;10.59;10.29;10.39;2680385;28002912.00
20130208;10.34;10.53;10.30;10.38;2608596;27160956.00
20130218;10.47;10.66;10.42;10.55;3527637;37093556.00
20130219;10.57;10.57;10.20;10.24;2336968;24177570.00
20130220;10.28;10.83;10.23;10.69;5709547;60567960.00
20130221;10.68;10.98;10.58;10.79;6906741;74375176.00
20130222;10.71;10.95;10.58;10.78;3406067;36639492.00
20130225;10.87;10.98;10.66;10.74;3003334;32323322.00
20130226;10.82;11.51;10.82;11.08;9114476;102115984.00
20130227;10.97;11.67;10.97;11.58;8625010;98649888.00
20130228;11.56;12.19;11.41;11.96;9498211;112968688.00
20130301;11.88;12.25;11.83;11.87;6895454;82621768.00
20130304;11.98;12.84;11.87;12.42;8817406;110047520.00
20130305;12.60;13.61;12.27;13.61;7706585;98751064.00
20130306;13.88;13.99;13.00;13.42;8828656;119858128.00
20130307;13.20;13.88;12.89;13.25;5942386;79869960.00
20130308;13.26;13.28;12.53;12.61;4924794;62856544.00
20130311;12.62;13.07;12.06;12.66;4630314;58464772.00
20130312;12.50;12.78;11.72;12.05;3513940;42995776.00
20130313;12.03;12.43;11.80;12.24;2771429;33718212.00
20130314;12.02;12.77;12.02;12.56;4186814;52322972.00
20130315;12.46;13.00;12.23;12.55;2998971;37907888.00
20130318;12.55;12.95;12.45;12.57;2559130;32539754.00
20130319;12.61;12.83;11.70;11.95;3250624;39523428.00
20130320;11.91;12.40;11.80;12.27;3822780;46457696.00
20130321;12.22;12.77;11.98;12.74;5145521;63417832.00
20130322;12.60;12.86;12.56;12.63;3079031;39009408.00
20130325;12.80;12.92;12.56;12.78;3918574;49741636.00
20130326;12.65;12.65;12.12;12.33;4075367;50247556.00
20130327;12.22;12.43;12.16;12.25;2891711;35543856.00
20130328;12.15;12.15;11.58;11.59;2920673;34504756.00
20130329;11.52;11.75;11.26;11.30;2259894;25810426.00
20130401;11.21;11.58;11.21;11.40;1520894;17394670.00
20130402;11.40;11.68;11.30;11.50;2385374;27384050.00
20130403;11.62;11.67;11.01;11.08;1734508;19590348.00
20130408;10.88;11.25;10.60;10.91;3378045;36890896.00
20130409;10.90;11.08;10.87;10.90;2495290;27296404.00
20130410;10.89;11.18;10.63;10.86;3307174;36266620.00
20130411;10.99;10.99;10.63;10.63;3117089;33536166.00
20130412;10.68;10.77;10.40;10.44;2332838;24775590.00
20130415;10.40;10.44;9.98;10.03;4082376;41148544.00
20130416;9.91;10.22;9.86;10.17;1714041;17269194.00
20130417;10.18;10.40;10.12;10.40;2280344;23438230.00
20130418;10.30;10.44;10.20;10.26;1833034;18913498.00
20130419;10.30;10.59;10.22;10.58;2807400;29324656.00
20130422;10.59;11.04;10.51;10.92;3536801;38081108.00
20130423;10.96;10.97;10.56;10.63;2500487;26787500.00
20130424;10.53;11.26;10.53;11.21;3907113;43205716.00
20130425;11.19;11.50;10.99;11.02;4444751;50157036.00
20130426;11.03;11.15;10.42;10.51;3427990;36554516.00
20130502;10.52;10.65;10.20;10.65;1655607;17182082.00
20130503;10.64;11.20;10.60;11.12;2873025;31584722.00
20130506;11.10;11.43;11.10;11.28;3530403;39907308.00
20130507;11.30;11.90;11.22;11.65;4455030;51852232.00
20130508;11.70;11.83;11.53;11.75;2823354;33050644.00
20130509;11.70;11.70;11.45;11.66;3008331;34875524.00
20130510;11.60;12.09;11.60;11.98;2829949;33728876.00
20130513;11.97;12.21;11.82;11.99;2619049;31495150.00
20130514;11.98;12.13;11.58;11.81;2299267;27062474.00
20130515;11.75;11.92;11.71;11.89;1292252;15281104.00
20130516;11.81;12.25;11.78;12.25;2296413;27743992.00
20130517;12.25;12.35;12.10;12.23;2237587;27338010.00
20130520;12.31;12.85;12.30;12.70;4271280;53925868.00
20130521;12.71;12.95;12.48;12.78;5766613;73077136.00
20130522;12.77;12.81;12.55;12.77;2664719;33765336.00
20130523;12.77;13.10;12.70;12.72;2670434;34466336.00
20130524;12.70;13.09;12.58;12.72;2911639;37162164.00
20130527;12.65;12.88;12.02;12.55;5042256;63478952.00
20130528;12.45;12.59;12.29;12.51;2236279;27808692.00
20130529;12.45;12.96;12.43;12.75;3490359;44726400.00
20130530;12.70;13.08;12.58;13.06;3834993;49235364.00
20130531;13.24;13.57;13.05;13.20;4645314;62219840.00
20130603;13.30;14.00;13.10;13.70;5173737;70294352.00
20130604;13.70;13.89;12.91;13.25;4060853;54756604.00
20130605;13.25;13.45;13.03;13.29;1840322;24460500.00
20130606;13.12;13.76;13.12;13.40;2495495;33855940.00
20130607;13.38;13.96;13.20;13.91;3458248;46966300.00
20130613;13.90;14.16;13.20;13.91;3934008;54175724.00
20130614;13.76;14.74;13.76;14.60;4932237;71056888.00
20130617;14.60;15.07;14.25;15.06;4857784;71810456.00
20130618;15.09;15.63;14.64;14.72;5527761;82727896.00
20130619;14.51;14.99;14.11;14.30;5034403;72912040.00
20130620;14.12;14.47;13.12;13.34;5391124;74732840.00
20130621;12.81;13.90;12.80;13.69;3348752;45005248.00
20130624;13.50;13.76;12.83;12.97;3433346;45381484.00
20130625;12.74;13.20;11.67;12.44;5145214;63125608.00
20130626;12.40;12.70;11.87;12.57;3575092;44256020.00
20130627;12.57;13.03;12.33;12.58;4009755;50711384.00
20130628;12.40;12.89;12.27;12.38;2759345;34639780.00
20130701;12.40;12.67;11.96;12.56;4341282;53651172.00
20130702;12.65;13.19;12.59;13.15;4620386;59738672.00
20130703;13.13;13.80;12.78;13.75;6721387;89840576.00
20130704;13.45;13.67;13.07;13.21;5334254;71358728.00
20130705;13.20;13.26;12.45;12.47;4627062;59786832.00
20130708;12.17;13.09;11.67;12.48;3882940;48369956.00
20130709;12.45;12.88;12.25;12.62;2190665;27747046.00
20130710;12.78;12.78;12.38;12.70;2841719;35813708.00
20130711;12.70;13.10;12.50;12.97;3480886;44669104.00
20130712;12.97;13.85;12.85;13.42;5743504;77208888.00
20130715;13.41;13.90;13.37;13.65;4420349;60390736.00
20130716;13.65;13.82;13.38;13.68;2994736;40800644.00
20130717;13.83;14.13;13.30;13.30;4934356;67675216.00
20130718;13.10;13.45;12.92;13.19;2794709;36811124.00
20130719;13.20;13.46;12.90;12.91;2470499;32540960.00
20130722;12.79;13.26;12.58;13.25;1844635;23990404.00
20130723;13.28;13.69;13.20;13.62;3844861;51720732.00
20130724;13.58;13.94;13.48;13.88;4426058;60977756.00
20130725;13.77;13.97;13.50;13.52;3339835;45730128.00
20130726;13.50;13.56;13.07;13.45;2301714;30612288.00
20130729;13.29;13.35;12.89;13.01;2240257;29400106.00
20130730;13.00;13.24;12.72;13.08;1627552;21165784.00
20130731;13.12;13.25;12.81;12.81;1437626;18813312.00
20130801;12.90;13.24;12.81;13.23;2067092;26975768.00
20130802;13.23;13.70;13.19;13.53;3634728;48945576.00
20130805;14.88;14.88;14.22;14.52;16913869;247119376.00
20130806;14.34;14.42;13.91;14.08;10909856;153572112.00
20130807;14.01;15.45;14.01;15.13;16904954;247780288.00
20130808;14.60;15.20;14.40;14.65;9823514;145538592.00
20130809;14.50;14.86;14.10;14.18;6598566;95365056.00
20130812;14.21;14.65;14.01;14.35;5564688;79808600.00
20130813;14.25;14.50;14.00;14.35;4618220;65765756.00
20130814;14.29;14.32;14.03;14.12;3638607;51392104.00
20130815;14.06;14.31;14.01;14.05;2601249;36802008.00
20130816;14.28;14.49;13.46;13.52;5151316;72480608.00
20130819;13.29;13.80;13.28;13.78;2607786;35520556.00
20130820;13.72;14.09;13.61;13.83;2559844;35459576.00
20130821;13.81;13.83;13.51;13.71;1917041;26202250.00
20130822;13.72;13.77;13.45;13.54;2284236;31055774.00
20130823;13.53;13.83;13.43;13.83;3085319;42067108.00
20130826;14.00;14.05;13.81;13.88;3752432;52202260.00
20130827;13.84;13.90;13.60;13.71;2332973;31929324.00
20130828;13.60;13.60;13.03;13.11;4313999;57168696.00
20130829;13.06;13.09;12.90;12.94;2379635;30880052.00
20130830;12.99;13.18;12.67;12.73;2143550;27738486.00
20130902;12.74;13.07;12.74;12.99;1759801;22816254.00
20130903;13.00;13.19;12.92;13.17;1964115;25719286.00
20130904;13.09;13.18;12.92;13.14;1696864;22161478.00
20130905;13.08;13.84;13.00;13.64;6111619;82678488.00
20130906;13.58;13.80;13.36;13.54;3549188;48260832.00
20130909;13.60;13.69;13.30;13.45;2337200;31329752.00
20130910;13.41;13.45;13.17;13.38;3050350;40471256.00
20130911;13.28;13.30;13.03;13.23;2336228;30656898.00
20130912;13.21;13.30;13.08;13.24;1438596;18999902.00
20130913;13.20;13.37;13.01;13.26;3869855;51050464.00
20130916;13.20;13.37;12.89;12.89;3361613;44019920.00
20130917;12.98;13.10;12.65;12.65;2711784;34943716.00
20130918;12.60;13.00;12.60;12.90;3206680;41286160.00
20130923;13.00;13.14;12.82;13.09;2852440;37004540.00
20130924;13.02;13.40;12.95;13.29;3567609;47135440.00
20130925;13.26;13.29;12.70;12.80;3346499;43441620.00
20130926;12.80;13.06;12.65;12.71;2603981;33480668.00
20130927;12.80;13.29;12.71;13.16;3564258;46661832.00
20130930;13.20;13.48;13.06;13.27;3963925;52770412.00
20131008;13.27;13.65;13.27;13.49;4485402;60631592.00
20131009;13.40;13.63;13.30;13.57;3634238;49114140.00
20131010;13.63;14.08;13.50;13.90;5910340;81790240.00
20131011;13.96;14.59;13.83;14.35;8970194;127925672.00
20131014;14.28;14.80;14.11;14.33;8095075;116725432.00
20131015;14.23;15.00;14.20;14.66;8061304;118700240.00
20131016;14.50;14.80;13.83;14.77;6135988;87919664.00
20131017;14.70;14.94;14.11;14.40;4429158;64315272.00
20131018;14.44;14.59;14.20;14.53;2905523;41865788.00
20131021;14.53;15.04;14.53;15.04;6774007;101011248.00
20131022;14.98;15.07;14.80;14.80;5024578;74994840.00
20131023;14.73;14.89;13.76;13.87;5497272;77655696.00
20131024;13.88;14.10;13.62;13.89;2476657;34321372.00
20131025;14.01;14.14;13.42;13.63;2565994;35504740.00
20131028;13.64;13.70;12.85;12.94;3139636;41121840.00
20131029;12.93;13.20;11.96;12.80;3536619;44268488.00
20131030;12.65;13.20;12.39;12.97;3505780;44899836.00
20131031;12.69;12.95;12.25;12.89;3635687;45793252.00
20131101;12.57;12.94;12.52;12.77;2128767;27099156.00
20131204;11.80;13.47;11.80;12.96;8945340;112312872.00
20131205;12.70;12.77;12.40;12.55;4672661;58786236.00
20131206;12.55;12.62;12.45;12.58;1513222;18980836.00
20131209;12.53;12.69;12.49;12.56;1851201;23262224.00
20131210;12.56;12.76;12.50;12.73;3415829;43204956.00
20131211;12.68;12.69;12.50;12.60;1785598;22488464.00
20131212;12.60;12.66;12.55;12.59;1711606;21579078.00
20131213;12.62;12.95;12.58;12.83;3115628;39964832.00
20131216;12.86;12.96;12.51;12.55;2348257;29897668.00
20131217;12.56;12.66;12.11;12.30;1940747;23843768.00
20131218;12.30;12.36;12.14;12.34;1016247;12470017.00
20131219;12.40;12.47;12.15;12.15;1074281;13217242.00
20131220;12.14;12.17;11.70;11.93;1863838;22248254.00
20131223;11.91;11.96;11.31;11.70;1293373;15112030.00
20131224;11.69;12.07;11.69;11.90;1331954;15865100.00
20131225;11.90;12.09;11.75;12.06;1054028;12626645.00
20131226;12.07;12.16;11.78;11.82;1109431;13318010.00
20131227;11.83;12.17;11.82;12.12;1282826;15426713.00
20131230;12.12;12.35;12.12;12.22;1213868;14875205.00
20131231;12.10;12.34;12.02;12.22;1252073;15255918.00
20140102;12.18;12.22;12.06;12.12;1489170;18048568.00
20140103;12.08;12.08;11.86;11.89;1430979;17091492.00
20140106;11.92;11.92;11.48;11.50;1210343;14028169.00
20140107;11.44;11.63;11.35;11.56;1146037;13167716.00
20140108;11.56;12.22;11.55;12.07;2857733;34082196.00
20140109;11.95;12.06;11.64;11.64;1296225;15421909.00
20140110;11.52;11.85;11.48;11.53;905384;10566374.00
20140113;11.51;11.75;11.46;11.53;898073;10416227.00
20140114;11.56;11.78;11.54;11.76;1021751;11953367.00
20140115;11.79;11.93;11.73;11.89;1245618;14765953.00
20140116;11.91;11.96;11.81;11.83;1177852;13981635.00
20140117;11.84;12.08;11.74;11.87;1320768;15731750.00
20140120;11.87;11.96;11.61;11.68;1050103;12368572.00
20140121;11.75;11.88;11.68;11.85;866090;10199276.00
20140122;11.87;12.15;11.87;12.12;2309952;27810248.00
20140123;12.12;12.32;12.05;12.24;2273932;27837270.00
20140124;12.24;12.31;12.15;12.27;2017946;24665874.00
20140127;12.18;12.29;11.95;11.96;2227306;26861492.00
20140128;11.98;12.08;11.88;11.92;1138459;13596742.00
20140129;11.94;12.02;11.76;11.82;1659371;19632818.00
20140130;11.82;11.84;11.70;11.73;949865;11150276.00
20140207;11.63;12.13;11.63;12.13;1728585;20753078.00
20140210;12.13;12.40;12.13;12.39;2705306;33316762.00
20140211;12.38;12.47;12.23;12.31;2638649;32602558.00
20140212;12.36;12.66;12.35;12.66;3448862;43119032.00
20140213;12.68;13.17;12.52;12.90;5406765;69713264.00
20140214;12.91;13.15;12.81;13.05;3269897;42452752.00
20140217;13.08;13.19;12.85;13.08;3000029;38996604.00
20140218;13.08;13.14;12.90;12.95;2468391;32007842.00
20140219;12.89;12.97;12.63;12.93;2409523;30841850.00
20140220;12.90;13.35;12.83;13.19;4814245;63239540.00
20140221;13.19;13.62;13.11;13.50;5365138;72221184.00
20140224;13.50;13.69;13.23;13.57;3293386;44334200.00
20140225;13.57;13.64;12.73;12.85;3728793;49266768.00
20140226;12.71;13.21;12.44;13.20;2946694;37803964.00
20140227;13.20;13.64;13.00;13.22;4540286;60798600.00
20140228;13.11;13.68;13.11;13.67;4316874;58123212.00
20140303;13.68;14.90;13.68;14.59;8099902;116366440.00
20140304;14.70;15.18;14.35;15.06;8885951;131743344.00
20140305;15.00;15.10;14.67;14.84;3770249;55822104.00
20140306;14.85;15.00;14.38;14.47;3245443;47290008.00
20140422;15.92;15.92;13.68;13.74;19349190;278466336.00
20140423;14.12;15.11;13.82;15.11;14486317;211621360.00
20140424;15.44;16.62;15.30;16.15;24843769;402832608.00
20140425;16.02;16.05;15.09;15.22;16906953;262351936.00
20140428;15.01;15.16;14.15;14.20;10687924;156567408.00
20140429;14.17;14.89;14.17;14.54;9827015;142360224.00
20140430;14.40;14.92;14.02;14.48;9010695;130150576.00
20140505;14.31;15.05;14.15;15.00;8619816;126253584.00
20140506;14.85;15.17;14.65;15.03;9338443;139666752.00
20140507;14.80;15.25;14.26;14.29;8543352;125564120.00
20140508;14.23;14.35;13.82;13.84;6533290;91850608.00
20140509;13.65;13.83;13.26;13.39;5842587;78916328.00
20140512;13.38;13.65;13.29;13.63;5487038;74009200.00
20140513;13.50;13.65;13.45;13.48;3025028;40933084.00
20140514;13.42;13.53;13.31;13.33;2120838;28511768.00
20140515;13.40;13.97;13.31;13.57;4941545;67446936.00
20140516;13.74;13.74;13.00;13.19;3899664;51479744.00
20140519;13.17;13.28;12.98;13.17;1880190;24689232.00
20140520;13.31;13.75;13.30;13.36;3414460;46065040.00
20140521;13.40;13.58;13.15;13.54;2448857;32789896.00
20140522;13.65;13.73;13.35;13.38;3399048;46124524.00
20140603;14.72;14.72;14.72;14.72;1319882;19428664.00
20140604;15.30;15.74;14.73;15.34;17827487;271703232.00
20140605;15.12;15.55;14.92;15.25;8660288;131705208.00
20140606;15.10;15.97;15.05;15.81;10998952;170390048.00
20140609;15.68;16.10;15.40;15.49;7413924;116332960.00
20140610;15.29;16.10;15.19;15.87;8509076;134403504.00
20140611;15.71;16.25;15.60;15.81;7193399;114324384.00
20140612;15.71;16.58;15.61;16.26;11723790;189550640.00
20140613;16.06;16.20;15.80;16.02;7088717;113263128.00
20140616;16.00;16.47;15.87;15.94;7251298;116989784.00
20140617;15.81;16.27;15.54;15.54;7171079;113998600.00
20140618;15.44;15.65;15.11;15.23;6051028;92670248.00
20140619;15.19;15.42;14.31;14.56;5197077;77653272.00
20140620;14.61;14.94;14.50;14.86;3634354;53582720.00
20140623;14.89;15.18;14.86;15.01;3365500;50535516.00
20140624;14.90;15.09;14.89;15.03;2310835;34652276.00
20140625;15.00;15.02;14.61;14.70;2802294;41464280.00
20140626;14.71;15.19;14.71;15.15;3713724;55926756.00
20140627;15.15;16.67;15.09;16.67;13358768;217611168.00
20140630;16.40;16.78;16.18;16.47;8439538;139012864.00
20140701;16.25;16.73;16.25;16.47;5569886;91628808.00
20140702;16.50;16.95;16.21;16.45;6127697;101219920.00
20140703;16.50;16.50;15.99;16.23;5508897;88901632.00
20140704;16.20;16.44;16.03;16.13;3963892;64248204.00
20140707;16.10;16.35;15.90;16.30;3809649;61549500.00
20140708;16.22;16.27;15.87;16.10;3920227;62951204.00
20140709;16.00;16.12;15.60;15.60;3899942;61894632.00
20140710;15.50;15.79;15.46;15.56;2932185;45888128.00
20140711;15.55;15.76;15.43;15.68;2415272;37763072.00
20140714;15.75;16.14;15.61;16.04;2730306;43535384.00
20140715;16.07;16.08;15.51;15.70;3713132;58404464.00
20140716;15.71;15.79;15.20;15.35;2836931;43756308.00
20140717;15.35;15.50;15.21;15.34;1472910;22563558.00
20140718;15.38;15.59;15.31;15.37;1836659;28356954.00
20140721;15.53;16.07;15.39;15.99;4354884;69048904.00
20140722;15.81;16.06;15.66;15.90;3442468;54678452.00
20140723;15.92;15.92;15.46;15.57;3065161;48191492.00
20140724;15.43;15.74;15.04;15.04;3749269;57281636.00
20140725;15.15;15.28;14.90;15.16;2185768;32966254.00
20140728;15.27;15.48;15.10;15.37;2955934;45197608.00
20140729;15.30;15.56;15.25;15.40;2180654;33649576.00
20140730;15.49;15.53;15.32;15.52;2357659;36405020.00
20140731;15.53;16.08;15.45;15.90;3666962;58052824.00
20140801;15.79;15.90;15.60;15.64;2247911;35402044.00
20140804;15.60;15.75;15.43;15.68;2708732;42312256.00
20140805;15.70;16.19;15.70;15.90;4456797;71160856.00
20140806;15.94;16.08;15.81;15.94;2237891;35679288.00
20140807;15.86;16.05;15.67;15.71;2152547;34064328.00
20140808;15.55;15.90;15.50;15.68;1594198;25096348.00
20140811;15.71;15.85;15.61;15.85;1961079;30905162.00
20140812;15.84;16.15;15.76;16.15;3464468;55185112.00
20140813;16.14;16.31;15.95;16.23;3670178;59243972.00
20140814;16.23;16.30;15.81;15.82;2720318;43716420.00
20140815;15.85;16.19;15.76;16.17;2009610;32107796.00
20140818;16.20;16.49;16.13;16.48;4130406;67461120.00
20140819;16.46;16.86;16.30;16.38;3991639;66277840.00
20140820;16.27;16.55;15.99;16.07;4235428;68731288.00
20140821;16.04;16.40;16.00;16.40;2976392;48188848.00
20140822;16.39;16.80;16.17;16.67;5740714;94996472.00
20140825;16.70;17.14;16.52;16.82;6675424;112544120.00
20140826;16.85;17.65;16.80;17.30;8742603;151601344.00
20140827;17.29;17.34;16.71;16.99;4894896;82734912.00
20140828;16.91;17.23;16.54;16.65;2890779;48590928.00
20140829;16.55;16.85;16.38;16.79;2128731;35368852.00
20140901;16.79;17.11;16.69;16.95;2891065;48878088.00
20140902;16.98;17.28;16.89;17.09;4486223;76612088.00
20140903;16.93;17.13;16.78;17.06;3629017;61463844.00
20140904;17.07;17.18;16.90;17.15;3332319;56784148.00
20140905;17.18;17.53;17.03;17.48;4349265;75175616.00
20140909;17.55;18.27;17.55;17.90;6245845;112038736.00
20140910;17.85;18.22;17.65;18.19;4376143;78736464.00
20140911;18.23;18.30;17.58;17.61;5540550;98837624.00
20140912;17.60;17.85;17.40;17.82;3652575;64250540.00
20140915;17.85;18.48;17.71;18.33;5771000;104291976.00
20140916;18.30;19.00;17.90;17.95;6845262;124959648.00
20140917;17.90;18.38;17.68;18.05;4431846;79984344.00
20140926;19.00;19.00;18.18;18.21;9336448;173401360.00
20140929;18.19;18.56;17.85;17.89;5533117;99686432.00
20140930;17.96;17.99;17.72;17.77;3394427;60422676.00
20141008;17.80;18.20;17.69;18.17;3447360;61906936.00
20141009;18.17;18.49;17.92;18.09;3192675;58096524.00
20141010;18.09;18.58;17.83;18.39;4949071;89677032.00
20141013;18.40;20.23;18.40;20.10;12050599;236931472.00
20141014;21.20;21.50;20.70;21.00;9783412;205895984.00
20141015;21.00;22.26;20.73;21.85;8467703;181804960.00
20141016;21.50;21.70;20.40;20.62;7285745;153610224.00
20141017;20.64;22.48;20.10;22.22;9667686;204064304.00
20141020;22.06;22.55;21.64;22.10;7694486;170313648.00
20141021;21.81;22.44;21.30;21.40;4205041;91931768.00
20141022;21.33;23.20;21.25;21.95;8108212;181642816.00
20141023;21.89;22.50;21.27;21.70;4266302;93501144.00
20141024;21.67;21.92;20.51;21.37;5298838;111723024.00
20141027;20.87;21.71;20.56;21.53;3178815;67631680.00
20141028;21.70;22.95;21.38;22.90;5995976;132519544.00
20141029;22.60;23.76;22.60;23.48;7677514;178524336.00
20141030;23.50;24.50;22.95;23.08;5193470;123465648.00
20141031;23.17;23.49;22.45;22.82;3456321;78895008.00
20141103;22.90;24.86;22.61;24.27;6822071;162772592.00
20141104;24.35;25.50;23.78;25.17;6258784;155290656.00
20141105;25.29;25.66;24.44;25.30;3609376;90893040.00
20141106;25.02;27.01;24.79;26.95;4825395;126893456.00
20141107;26.96;28.88;26.33;27.20;7177971;196607056.00
20141110;27.19;28.20;26.30;28.20;5637562;153246672.00
20141111;27.70;28.20;25.60;26.75;5847962;156861936.00
20141112;26.25;27.30;25.82;27.20;2946552;77796072.00
20141113;27.20;27.94;25.80;27.75;3556347;96201296.00
20141114;27.43;28.19;26.63;27.32;2216148;61246104.00
20141117;27.38;27.70;26.00;27.36;2764572;74699752.00
20141118;26.00;26.93;24.62;24.62;7638235;194196944.00
20141119;22.91;24.73;22.91;24.26;7223636;174770384.00
20141120;23.96;24.73;23.80;24.26;3752492;90985008.00
20141121;24.34;25.92;23.95;25.30;6261277;157829632.00
20141124;25.37;26.45;25.37;26.01;4475160;116235224.00
20141125;26.03;27.15;25.80;26.87;4436619;118363672.00
20141126;26.88;29.33;26.88;29.18;5840612;163921360.00
20141127;29.80;30.97;28.50;29.29;7753934;230661264.00
20141128;28.80;28.80;27.45;27.85;7983372;223984416.00
20150130;27.61;30.62;25.80;26.00;14055823;389422304.00
20150202;24.89;25.55;23.41;24.00;7760058;188071184.00
20150203;24.15;26.40;24.10;26.40;10145046;257575040.00
20150204;27.00;27.90;26.73;27.25;6946352;189878528.00
20150205;27.40;27.40;25.01;26.38;9807508;255095776.00
20150206;26.01;26.50;25.27;25.86;7383322;191678064.00
20150209;25.38;26.02;24.29;25.00;6456116;162776928.00
20150210;24.98;25.80;24.55;25.60;4078252;102513680.00
20150211;25.60;27.29;25.10;27.06;5857268;155133600.00
20150212;27.40;29.02;27.40;28.70;9210743;259874864.00
20150213;28.78;30.94;28.50;29.52;7548530;225383568.00
20150216;29.04;32.00;29.02;30.70;4297000;131919624.00
20150217;31.30;31.90;29.10;29.58;4794763;143186880.00
20150225;29.60;29.60;27.48;27.80;6686366;188810416.00
20150226;27.90;28.69;27.20;28.49;4372541;121262256.00
20150227;28.00;30.26;27.44;29.73;7124177;206347760.00
20150302;29.50;29.96;29.00;29.31;4209791;123913584.00
20150303;29.16;29.16;27.40;27.52;7842073;219398800.00
20150304;27.50;27.97;26.87;27.79;6183954;169509392.00
20150305;27.80;27.85;27.00;27.20;4720725;128352912.00
20150306;27.40;27.45;26.58;26.73;2813299;75594408.00
20150309;26.51;27.70;26.50;27.61;4352155;118147896.00
20150310;28.05;30.37;28.05;30.37;12079311;357932320.00
20150311;30.00;31.98;29.75;31.71;8123651;252579120.00
20150312;31.15;32.03;29.53;29.63;6252943;190534032.00
20150313;29.65;30.54;28.80;29.48;5137974;152573408.00
20150316;29.46;30.27;29.45;29.84;5114431;152577760.00
20150317;30.38;30.38;29.31;29.69;5211621;154843600.00
20150318;29.95;31.28;29.67;31.28;7132746;218252864.00
20150319;31.29;31.38;30.30;30.97;5221574;160407024.00
20150320;31.02;31.45;30.61;30.75;5046406;156176944.00
20150323;30.80;32.38;30.80;32.31;7111558;227289552.00
20150324;32.24;32.50;29.80;31.04;6218888;193744144.00
20150325;30.82;32.14;30.50;32.14;5241137;163568512.00
20150326;31.99;33.20;31.15;31.40;5043377;162557264.00
20150327;31.03;32.08;31.01;31.39;2388963;75256712.00
20150330;31.01;31.70;30.58;30.84;3361291;103869008.00
20150331;30.84;31.13;29.79;30.52;3846035;116971400.00
20150401;30.55;31.19;30.31;30.85;2578564;79650960.00
20150402;31.50;33.94;31.50;33.94;10682754;351581376.00
20150403;34.20;35.10;33.95;34.46;5748660;198196704.00
20150407;34.00;34.27;32.91;33.54;6107590;203327632.00
20150408;33.22;33.54;32.00;32.47;4819211;157183280.00
20150409;32.46;33.36;31.82;33.20;4656434;152161824.00
20150410;32.97;33.27;32.35;32.87;3815002;125153064.00
20150413;32.85;33.86;32.75;33.40;4652901;154763328.00
20150414;33.42;34.42;32.15;32.20;5232507;171886272.00
20150415;32.94;33.60;31.00;31.30;3996514;128935224.00
20150416;30.99;31.94;30.00;31.85;2928437;91150048.00
20150417;32.29;32.86;31.50;32.47;3484816;111737568.00
20150420;32.51;32.52;29.95;30.00;5830027;180235456.00
20150421;30.09;31.00;30.09;30.94;3146069;96293872.00
20150422;30.99;31.96;30.52;31.83;3641282;114264536.00
20150423;31.97;31.97;30.80;31.00;4669022;145670464.00
20150424;30.81;32.89;30.51;32.66;5695856;180372032.00
20150427;32.98;33.42;32.00;33.22;7625520;249930848.00
20150428;32.88;32.98;31.01;31.22;4878147;155942400.00
20150429;31.15;32.90;30.78;32.70;4095435;131767264.00
20150430;33.03;35.97;33.03;35.97;13808236;486456064.00
20150504;36.30;38.89;36.00;37.27;11409773;431086144.00
20150505;37.21;41.00;36.68;38.38;11071281;432963360.00
20150506;38.29;42.00;37.23;41.60;8227092;334140576.00
20150507;40.98;42.22;39.00;39.64;5843689;235015872.00
20150508;40.10;43.05;38.46;43.00;5200777;211834768.00
20150511;43.00;45.30;41.31;43.81;4276267;184612416.00
20150512;44.00;44.00;42.38;43.20;3910888;168054208.00
20150513;42.60;45.05;41.56;44.32;4428718;191293328.00
20150514;43.48;47.99;43.28;45.85;2595528;118336000.00
20150515;45.85;49.00;44.50;47.90;2875220;133611664.00
20150518;47.70;52.69;46.92;52.69;3782944;193161920.00
20150519;53.70;57.96;51.20;53.20;4412232;236219648.00
20150520;52.52;54.00;51.61;52.18;3706578;195320272.00
20150521;52.30;56.00;52.00;54.37;3236956;174843152.00
20150522;55.60;58.00;53.02;57.50;2701111;151144160.00
20150525;56.00;59.88;55.50;58.10;3471776;203381392.00
20150526;57.80;59.45;57.00;58.00;3329549;193031424.00
20150527;58.00;58.00;54.88;55.88;3430398;193238432.00
20150528;55.69;57.97;50.29;50.70;3726947;207041600.00
20150603;55.77;55.77;55.77;55.77;83468;4655010.50
20150604;61.35;61.35;57.00;61.35;6981965;420834048.00
20150605;64.00;67.47;61.78;63.68;5907653;382651328.00
20150608;61.00;62.00;57.60;58.85;3333084;198535328.00
20150609;58.80;62.32;55.00;60.50;2655153;160219104.00
20150610;59.68;65.35;57.50;64.12;3752278;237547984.00
20150611;64.50;70.36;64.50;69.48;4396231;301686688.00
20150813;62.53;62.53;62.53;62.53;179100;11199123.00
20150814;56.28;59.77;56.28;57.18;28615731;1619534464.00
20150817;53.88;55.66;51.46;51.46;15480658;812621248.00
20150818;49.98;50.88;46.31;46.31;13716743;660291712.00
20150819;41.83;46.38;41.68;44.60;18777802;806117632.00
20150820;43.50;47.90;42.81;44.05;9903697;448654016.00
20150821;43.18;44.00;39.65;39.65;7809741;322631392.00
20150824;36.00;37.00;35.69;35.69;2472365;88636136.00
20150825;32.12;32.49;32.12;32.12;3674786;118050800.00
20150826;30.07;32.67;28.91;28.91;12605154;377598432.00
20150827;29.80;31.80;27.50;31.68;13146020;398962400.00
20150828;32.49;33.88;30.79;33.30;14722891;471675552.00
20150831;33.78;33.78;29.97;29.97;10030030;315389344.00
20150901;28.78;28.78;26.97;26.97;5807841;159866560.00
20150902;24.27;27.19;24.27;24.27;10621918;264093072.00
20150907;24.80;26.22;24.42;25.28;8831458;223913408.00
20150908;25.17;27.60;24.70;27.60;7850642;206492464.00
20150909;28.10;30.36;27.80;30.36;10075338;293908480.00
20150910;29.50;31.46;29.25;30.13;7608608;232175024.00
20150911;31.28;32.51;30.45;31.30;9555892;298948640.00
20150914;30.94;31.40;28.17;28.17;7244699;213861904.00
20150915;27.00;27.40;25.35;25.35;5445127;142956768.00
20150916;27.14;27.89;26.01;27.89;5616000;150756928.00
20150917;28.30;30.35;28.24;28.38;7784834;227209296.00
20150918;28.75;30.60;28.75;30.60;6837167;203023680.00
20150921;30.90;33.66;30.70;33.66;7948117;257537136.00
20150922;34.15;35.59;32.23;35.00;10644362;365416128.00
20150923;12.01;12.53;11.37;11.83;20627053;247395936.00
20150924;11.80;12.40;11.71;12.12;17008827;205994192.00
20150925;12.19;12.55;11.01;11.42;19533938;233167008.00
20150928;11.40;12.56;11.02;12.56;19361489;231308992.00
20150929;12.20;13.78;12.08;13.42;28538664;371876736.00
20150930;13.50;13.56;12.58;12.76;18303061;236967808.00
20151008;13.34;13.74;13.02;13.33;19355511;258805280.00
20151009;13.27;13.56;13.01;13.24;13892454;184755520.00
20151012;13.41;14.26;13.30;13.80;17647730;245552912.00
20151013;13.80;15.18;13.61;15.18;24791298;363038880.00
20151014;15.18;15.25;14.58;14.80;19388730;288497248.00
20151015;14.65;15.55;14.62;15.40;15437930;235957392.00
20151016;15.55;16.40;15.34;16.08;20890236;333217760.00
20151019;16.20;17.49;16.00;16.90;25333009;423195040.00
20151020;16.89;18.11;16.53;18.10;20747152;354674464.00
20151021;18.98;19.67;16.55;17.23;38653881;712626176.00
20151022;16.90;18.95;16.90;18.90;30059111;538253568.00
20151023;18.90;20.59;18.32;20.10;32489561;629330304.00
20151026;20.30;20.50;18.90;19.25;23521094;458142656.00
20151027;19.03;19.50;17.45;19.26;21435387;391728448.00
20151028;18.80;19.18;17.40;17.78;18876206;348494080.00
20151029;18.00;18.14;16.90;17.52;20532258;358327328.00
20151030;18.21;19.27;17.70;19.02;39834024;745597440.00
20151102;18.00;18.65;17.36;17.60;24527126;440173920.00
20151103;17.52;18.18;17.01;17.77;15757351;275613920.00
20151104;17.80;19.16;17.60;18.62;22340244;414405952.00
20151105;18.50;19.17;17.90;18.23;22367451;415739264.00
20151106;18.23;19.58;18.17;19.04;22880008;432625056.00
20151109;18.80;20.94;18.70;20.94;29712412;594922240.00
20151110;21.20;22.88;20.52;22.10;27014375;591599616.00
20151111;21.70;22.55;21.00;22.49;19228060;420931264.00
20151112;22.24;22.50;21.40;21.63;17152134;372852128.00
20151113;21.27;21.28;19.90;20.14;22206366;454879136.00
20151116;19.66;21.55;19.30;21.44;19015028;394947968.00
20151117;21.32;22.50;21.31;21.78;27499005;604800256.00
20151118;21.78;22.51;21.42;21.86;14654172;323126016.00
20151119;21.22;22.00;21.22;22.00;13338880;290430240.00
20151120;22.00;24.10;21.50;23.99;23296463;536074400.00
20151123;24.04;25.55;23.65;23.66;18211540;447100416.00
20151124;23.59;24.20;22.33;23.88;13475798;310735264.00
20151125;23.70;25.00;23.45;24.98;11918773;293223392.00
20151126;25.01;25.88;24.40;24.48;12534947;315126208.00
20151127;24.29;25.00;23.18;23.48;11935158;286831808.00
20151130;23.49;25.50;22.80;25.40;16177844;393647136.00
20151201;25.30;26.38;24.52;24.77;13353955;339516960.00
20151202;24.77;25.25;22.48;22.95;16907414;396364960.00
20151203;23.20;24.29;23.00;23.92;12772373;303762496.00
20151204;24.10;25.00;23.10;23.44;20772565;502477536.00
20151207;23.48;24.18;22.68;23.81;13241713;312178496.00
20151208;23.81;26.19;23.51;25.52;26107129;653238848.00
20151209;25.00;27.68;24.78;26.95;20644528;537056448.00
20151210;27.00;29.61;26.50;28.94;20127066;563747584.00
20151211;28.89;28.89;27.55;27.88;13554458;379948480.00
20151214;27.88;28.55;27.01;28.18;10573429;293163872.00
20151215;27.98;28.92;27.81;28.47;8752180;248368384.00
20151216;28.30;28.90;27.70;28.53;8640261;244612528.00
20151217;28.36;30.20;28.36;29.12;9845960;288424672.00
20151218;29.62;29.62;27.48;27.88;17122260;479356896.00
20151221;27.98;27.98;26.48;27.40;13651622;367620160.00
20151222;27.40;29.20;26.81;28.67;13865800;390059072.00
20151223;28.40;29.40;27.78;28.48;12742011;364106432.00
20151224;28.12;28.70;27.50;28.25;7697596;215368944.00
20151225;28.25;28.88;28.00;28.60;7997605;227359776.00
20151228;28.60;29.50;27.70;28.85;13571370;390453280.00
20151229;28.85;28.85;26.86;28.00;15875149;438378368.00
20151230;27.90;27.90;26.80;27.32;11269074;307504864.00
20151231;27.56;27.95;27.00;27.90;13943178;385131008.00
20160104;27.38;27.59;25.11;25.11;9272326;239726672.00
20160105;22.80;24.20;22.60;22.90;20861334;477330400.00
20160106;22.90;23.30;21.30;22.75;19342886;431900384.00
20160107;22.00;22.01;20.48;20.48;2671750;56254628.00
20160108;19.40;21.45;18.43;18.86;23868191;461181536.00
20160111;18.18;18.18;16.97;16.97;13880277;242986752.00
20160112;16.97;18.47;16.43;17.95;17345391;303664512.00
20160113;17.73;19.50;17.66;18.66;20567871;386775520.00
20160114;18.48;20.50;17.58;20.45;17183230;333451616.00
20160115;20.45;20.88;19.51;20.02;15936821;323795488.00
20160118;19.30;21.00;19.00;20.21;12234997;247137248.00
20160119;20.20;21.05;20.00;20.94;11734429;242367328.00
20160120;20.75;21.60;20.55;20.68;11647016;244732480.00
20160121;20.30;20.60;18.61;18.61;13051763;258014048.00
20160122;18.71;19.20;17.31;18.36;12216140;223104224.00
20160125;18.94;19.00;18.00;18.46;8629751;160289312.00
20160126;18.00;18.35;16.61;16.61;9453324;164376656.00
20160127;16.81;16.99;14.95;15.59;15595713;240844048.00
20160128;15.50;15.59;14.14;14.20;9750512;145988272.00
20160129;14.03;15.49;14.01;15.11;11810936;176614912.00
20160201;15.19;16.32;15.16;15.71;13167880;206336992.00
20160202;15.97;16.80;15.70;16.73;10692597;175318048.00
20160203;16.40;17.22;16.20;16.73;9992472;166832528.00
20160204;17.05;18.13;17.01;17.79;13264799;234295792.00
20160205;17.83;18.28;17.00;17.32;8620440;151314880.00
20160215;16.45;17.96;16.43;17.66;9175203;160953616.00
20160216;17.84;18.50;17.79;18.17;9693575;176206128.00
20160217;18.03;18.29;17.08;17.70;15309482;270910304.00
20160218;17.88;18.20;17.20;17.36;11698641;206144512.00
20160219;17.38;17.47;16.65;16.99;17781452;301977440.00
20160222;17.15;18.19;17.15;18.19;22283048;395283232.00
20160223;18.19;18.28;17.44;17.64;14445177;255784048.00
20160224;17.80;17.80;16.68;17.31;20166510;345090368.00
20160225;17.33;17.39;15.58;15.58;17901797;290928768.00
20160226;15.57;15.97;14.62;15.10;15566140;236382880.00
20160229;15.00;15.00;13.59;13.59;15048724;208198560.00
20160301;13.58;14.65;13.00;14.30;18309096;251702160.00
20160302;14.61;15.35;14.61;15.15;22090735;330852000.00
20160303;15.16;15.47;14.85;14.87;17053099;257333312.00
20160304;14.86;14.86;13.66;14.05;16066873;228348224.00
20160307;14.06;14.55;14.00;14.28;9966562;142153488.00
20160308;14.29;14.50;13.16;14.48;17381083;240480720.00
20160309;14.02;14.42;13.70;14.05;9885186;139310816.00
20160310;14.09;14.23;13.48;13.50;10306672;142190608.00
20160311;13.16;13.76;13.02;13.47;9363419;126397568.00
20160314;13.80;14.82;13.70;14.82;25941630;376029696.00
20160315;14.90;14.97;14.28;14.33;20870916;303418400.00
20160316;14.55;14.64;14.19;14.28;12857821;185360400.00
20160317;14.40;15.45;14.31;15.25;22525615;336664960.00
20160318;15.30;16.50;15.30;16.26;24845923;399905024.00
20160321;16.55;17.20;16.21;16.56;26170545;437171424.00
20160322;16.28;16.96;16.00;16.48;17884393;296768640.00
20160323;16.29;16.68;16.07;16.68;21417672;351068480.00
20160324;16.60;17.10;16.18;16.65;18169853;303895520.00
20160325;16.38;17.55;16.38;17.48;23113810;393218432.00
20160328;17.40;18.30;17.28;17.65;28345465;505511424.00
20160329;17.40;17.62;16.00;16.00;25760163;429595008.00
20160330;16.06;17.30;16.05;17.18;20765786;345191872.00
20160331;17.10;17.11;16.61;16.73;17038112;286403584.00
20160401;16.48;16.60;15.96;16.35;14443734;234079520.00
20160405;16.36;16.93;16.20;16.78;14995391;249471344.00
20160406;16.68;17.28;16.49;17.18;20086112;341753248.00
20160407;17.23;17.39;16.50;16.52;16073870;269171424.00
20160408;16.38;16.38;15.85;16.13;14059504;226982864.00
20160411;16.28;16.60;16.27;16.41;13390090;220387696.00
20160412;16.40;16.40;15.80;16.04;14983572;239302448.00
20160413;16.05;16.81;16.05;16.44;21374879;352661056.00
20160414;16.54;16.62;16.26;16.60;15068204;247774032.00
20160415;16.73;16.76;16.40;16.74;13597852;225471472.00
20160418;16.50;16.60;16.24;16.28;11459436;187534544.00
20160419;16.43;16.65;16.26;16.45;11309017;185992944.00
20160420;16.56;16.66;14.81;14.96;23155279;356889888.00
20160421;14.99;14.99;14.19;14.30;16012476;233719520.00
20160422;14.28;14.58;14.09;14.43;8570411;123445152.00
20160425;14.50;14.67;14.10;14.56;9246807;133139288.00
20160426;14.60;14.83;14.30;14.64;10537258;153754384.00
20160427;14.65;14.77;14.50;14.53;9162818;134020320.00
20160428;14.53;14.63;13.98;14.33;10274294;146160544.00
20160429;14.30;14.64;14.10;14.56;12272099;176970272.00
20160503;14.50;16.02;14.32;16.02;30636702;477504704.00
20160504;16.04;16.36;15.88;16.16;24617623;396563008.00
20160505;16.11;16.30;15.91;16.25;11520108;185592192.00
20160506;16.23;16.31;15.20;15.48;19593589;306598592.00
20160509;15.20;15.20;14.41;14.99;15289737;226848976.00
20160510;15.02;15.36;14.65;15.14;11872463;178065856.00
20160511;15.16;15.17;14.10;14.15;31817468;460356736.00
20160512;13.44;13.89;13.29;13.89;18749087;254272368.00
20160513;13.75;14.15;13.56;13.77;9474638;131707848.00
20160516;13.79;13.95;13.61;13.91;9432421;129997488.00
20160524;15.10;15.10;14.15;14.42;30509264;442968608.00
20160525;14.42;14.54;13.93;14.35;19230667;273336384.00
20160526;14.02;14.13;13.56;13.97;14686470;203051440.00
20160527;13.95;13.95;13.69;13.77;8786894;121293856.00
20160530;13.65;13.65;13.37;13.39;13660288;183474176.00
20160531;13.42;14.13;13.42;14.09;22413437;309882208.00
20160601;14.11;14.17;13.78;13.94;23415592;326987232.00
20160602;13.94;14.06;13.85;14.02;15550206;217018416.00
20160603;14.02;14.64;14.02;14.41;26150048;377027680.00
20160606;14.63;14.63;14.25;14.36;15392992;221298016.00
20160607;14.34;14.35;14.00;14.06;16705697;235273184.00
20160608;14.09;14.09;13.72;13.82;17727615;245384192.00
20160613;13.55;13.65;13.03;13.04;20600083;275810496.00
20160614;13.05;13.22;12.96;13.16;12497050;163489568.00
20160615;12.94;13.57;12.91;13.43;18113550;241673104.00
20160616;13.35;13.46;13.08;13.13;15432918;203879392.00
20160617;13.20;13.44;13.00;13.15;13975008;185100720.00
20160620;13.15;13.33;13.00;13.23;10320467;135795584.00
20160621;13.34;13.39;13.01;13.09;10539069;139295696.00
20160622;13.01;13.24;13.01;13.24;8735865;114775616.00
20160623;13.19;13.62;13.17;13.35;14448383;193440992.00
20160624;13.35;13.52;12.80;13.14;15345189;202075840.00
20160627;13.02;13.38;13.01;13.36;15841550;208737424.00
20160628;13.23;14.27;13.18;14.00;28763831;396145888.00
20160629;13.97;14.75;13.85;14.55;39052788;559208512.00
20160630;14.50;15.25;14.50;14.99;40052815;595673856.00
