20100402;55.20;59.98;55.20;58.21;12420282;706570112.00
20100406;57.00;57.45;55.00;56.80;5763378;323824384.00
20100407;56.29;61.19;55.60;60.05;7812526;458437312.00
20100408;59.01;60.91;56.90;57.10;5230173;307767616.00
20100409;56.76;57.79;55.60;56.90;2781599;157316528.00
20100412;57.09;57.09;55.83;56.02;2288969;128724216.00
20100413;56.02;56.70;50.90;52.15;3362872;180343728.00
20100414;51.30;51.30;49.87;49.91;2061973;103817056.00
20100415;49.85;50.83;48.81;49.05;1810904;90274488.00
20100416;49.05;50.17;47.50;49.76;1622605;79303528.00
20100419;49.25;50.69;48.19;48.78;1434920;71176072.00
20100420;48.77;49.40;46.50;47.40;1125397;53383772.00
20100421;47.46;48.77;47.00;48.68;1078575;51890292.00
20100422;48.70;50.35;48.10;49.20;1337278;66097528.00
20100423;49.21;49.58;47.91;47.93;1101001;53515124.00
20100426;47.70;47.70;43.52;45.11;1289889;58953956.00
20100427;44.60;45.20;41.00;41.68;1343624;56855248.00
20100428;40.58;41.68;40.14;40.79;798854;32634296.00
20100429;40.90;42.23;40.86;40.86;953984;39787448.00
20100430;40.96;41.45;39.00;40.99;883496;35274892.00
20100504;40.00;41.71;39.50;41.71;850599;34788888.00
20100505;41.10;43.13;40.75;42.99;1005170;42582232.00
20100506;43.00;43.23;40.93;41.00;915691;38636304.00
20100507;39.88;40.50;39.10;39.60;687662;27408354.00
20100510;39.40;40.05;37.02;37.41;758282;29015904.00
20100511;38.23;38.50;36.77;36.81;710592;26765176.00
20100512;36.51;37.25;36.11;37.22;548607;20077238.00
20100513;37.28;37.95;36.11;37.90;760666;28229554.00
20100514;37.51;38.09;37.03;37.89;724009;27292024.00
20100517;37.50;37.50;34.70;34.70;810628;29333662.00
20100518;34.20;36.58;33.72;36.06;1052768;36979768.00
20100520;35.75;36.50;34.80;34.96;685752;24447314.00
20100521;33.85;36.30;33.50;36.27;807974;28504550.00
20100524;36.70;38.80;36.70;37.88;1232163;46348436.00
20100525;37.45;37.80;36.73;37.56;855388;31923314.00
20100526;37.02;38.35;37.02;37.69;795729;29995278.00
20100527;37.60;38.87;37.28;38.78;1286140;49190808.00
20100528;38.88;39.30;38.51;38.63;1068477;41487908.00
20100531;38.31;38.40;36.28;36.34;939238;35179532.00
20100601;35.80;35.80;34.20;35.12;631202;22147010.00
20100602;35.00;35.70;34.70;35.70;429079;15107395.00
20100603;35.77;36.55;35.46;35.83;749354;26967606.00
20100607;35.60;36.92;35.18;36.88;792212;28677548.00
20100608;37.22;38.60;37.22;38.10;1430263;54521324.00
20100609;38.30;38.99;38.11;38.36;1408424;54278948.00
20100610;38.40;40.80;38.32;40.04;1787696;71326952.00
20100611;40.05;41.20;39.71;40.38;1340594;54240712.00
20100617;40.83;40.85;38.20;38.23;1109544;43637124.00
20100618;38.00;38.90;36.24;36.67;871772;32815868.00
20100621;36.61;37.78;35.53;37.52;483853;17926178.00
20100622;37.52;38.38;37.22;38.31;501612;18982314.00
20100623;38.30;38.90;37.57;38.65;548381;21003484.00
20100624;38.65;38.88;38.00;38.20;432899;16560318.00
20100625;37.91;38.10;36.70;37.47;457880;17103810.00
20100628;37.47;37.69;36.73;37.01;382648;14218471.00
20100629;37.01;37.25;34.60;34.60;612752;21732384.00
20100630;33.70;34.40;33.70;34.19;429701;14627347.00
20100701;34.28;34.88;34.10;34.60;480015;16593426.00
20100702;34.51;34.51;31.14;32.04;2752885;87120024.00
20100705;31.00;31.23;30.38;31.09;1176607;36269728.00
20100706;30.91;32.00;30.73;31.70;914855;28870452.00
20100707;31.95;32.67;31.50;32.34;1133286;36387600.00
20100708;32.79;32.79;31.85;32.50;1056646;34097296.00
20100709;32.51;33.65;32.20;33.45;1670896;55291920.00
20100712;33.45;34.20;33.35;33.40;1148927;38578828.00
20100713;32.81;32.81;32.15;32.32;917361;29738286.00
20100714;32.20;33.28;32.20;32.68;719424;23553434.00
20100715;32.51;33.26;32.40;32.88;1277240;42129828.00
20100716;32.60;34.40;32.50;34.20;1717651;57932816.00
20100719;34.05;34.47;33.55;34.45;1223473;41574652.00
20100720;34.60;35.20;34.26;35.11;1647418;57422704.00
20100721;35.18;35.47;34.80;35.17;1101044;38650712.00
20100722;35.30;35.95;35.10;35.65;981222;34881728.00
20100723;35.92;35.92;34.80;35.14;984270;34573924.00
20100726;35.11;35.44;35.00;35.23;750601;26429236.00
20100727;34.98;35.49;34.96;35.44;862066;30312196.00
20100728;35.34;35.80;35.03;35.79;832690;29609162.00
20100729;35.70;36.17;35.45;35.65;1056010;37751116.00
20100730;35.61;36.55;35.60;36.50;1152770;41548612.00
20100802;36.98;38.66;36.70;38.44;1760088;66393092.00
20100803;38.30;38.44;37.26;37.26;1197160;45350168.00
20100804;36.98;37.38;36.20;37.37;985599;36286316.00
20100805;37.40;37.68;36.95;36.98;906672;33836684.00
20100806;37.01;37.80;36.97;37.72;682598;25516468.00
20100809;37.99;38.50;37.65;38.48;984856;37465140.00
20100810;38.50;38.50;36.33;36.35;1040952;39039124.00
20100811;36.23;36.75;36.20;36.45;545919;19884610.00
20100812;36.20;36.70;35.81;35.89;604098;21922348.00
20100813;35.90;36.38;35.56;36.33;612533;22090666.00
20100817;37.30;39.08;37.20;38.60;2233802;86004896.00
20100818;38.85;38.85;37.89;38.36;1282644;49205052.00
20100819;38.20;38.54;37.59;37.84;1019332;38629844.00
20100820;37.79;37.97;36.58;36.60;920239;34337524.00
20100823;36.42;36.42;35.40;35.66;1334047;47677448.00
20100824;35.67;36.00;35.30;35.95;683387;24400982.00
20100825;35.80;35.80;34.66;34.72;679719;23954054.00
20100826;34.65;35.10;34.42;34.66;568834;19726290.00
20100827;34.64;35.18;34.64;35.00;439290;15362405.00
20100830;35.04;36.19;35.04;35.95;823178;29444098.00
20100831;35.76;35.95;35.47;35.81;901519;32226780.00
20100901;35.82;36.50;35.40;35.91;889911;32070492.00
20100902;36.02;36.84;36.02;36.56;1077974;39407888.00
20100903;36.80;38.49;36.71;38.20;2310230;87719360.00
20100906;38.98;38.98;37.15;37.58;1537288;58355696.00
20100907;37.60;38.18;37.24;37.70;703456;26420126.00
20100908;37.72;37.95;36.90;37.50;784303;29225874.00
20100909;37.55;37.68;36.70;36.75;848179;31567390.00
20100910;37.00;37.08;36.00;36.60;658265;23992192.00
20100913;36.50;37.20;36.37;37.00;564671;20843166.00
20100914;37.20;37.68;37.01;37.27;660512;24613882.00
20100915;37.26;37.51;36.50;36.65;703485;26065752.00
20100916;36.60;36.78;34.52;35.15;931542;32907616.00
20100917;35.10;35.40;35.00;35.14;322516;11339109.00
20100920;35.14;35.20;34.70;34.70;347009;12127874.00
20100921;34.50;35.00;34.29;34.53;235466;8137173.00
20100927;34.50;34.90;33.00;34.88;416448;14270546.00
20100929;34.00;34.50;33.80;33.81;371127;12657634.00
20100930;34.00;34.10;33.43;33.86;367772;12431509.00
20101008;34.00;34.80;34.00;34.70;439628;15204864.00
20101011;34.76;35.09;34.66;34.92;499365;17388576.00
20101012;35.11;35.56;34.72;34.97;403475;14188029.00
20101013;35.30;35.30;34.21;34.78;683980;23673212.00
20101014;34.78;35.10;33.70;33.81;576518;19825580.00
20101015;33.51;34.28;33.15;33.24;556649;18687274.00
20101018;33.14;35.34;32.18;35.10;1155396;38684544.00
20101019;35.05;36.68;34.60;36.31;1331947;48207416.00
20101020;35.51;37.18;35.02;36.71;1329964;48338448.00
20101021;36.71;36.85;35.65;35.83;636807;22997124.00
20101022;35.42;36.43;35.42;35.92;421313;15174478.00
20101025;36.06;36.20;35.55;36.09;706973;25399030.00
20101026;36.00;36.06;35.37;35.74;696688;24804906.00
20101027;35.74;36.95;35.73;36.30;855144;31118210.00
20101028;36.30;36.45;35.83;36.00;534468;19244844.00
20101029;36.02;37.09;35.73;37.03;1235881;45430308.00
20101101;37.20;38.20;37.20;37.65;1611480;60502984.00
20101102;37.60;38.16;37.03;37.03;1142843;42961920.00
20101103;36.97;37.09;36.01;36.26;705371;25749326.00
20101104;36.00;37.57;36.00;37.45;876440;32424190.00
20101105;38.20;40.60;37.66;39.60;2717931;106108816.00
20101108;40.00;42.08;39.85;40.41;2319942;94938360.00
20101109;40.41;40.69;39.40;40.06;1240119;49440344.00
20101110;40.06;41.60;39.56;40.93;1057482;43077556.00
20101111;40.93;41.77;39.60;39.68;1240718;50538084.00
20101112;39.60;39.60;36.60;36.75;1579522;60123444.00
20101115;36.81;38.16;36.75;38.05;1108936;41563080.00
20101116;38.20;39.07;37.00;37.65;1482293;56779320.00
20101117;37.22;38.42;37.00;37.18;787855;29809484.00
20101118;37.41;38.36;37.41;38.25;804869;30646036.00
20101119;38.30;39.81;38.30;39.75;1449002;56761088.00
20101122;39.82;40.90;39.57;40.40;1681662;67927808.00
20101123;40.40;40.45;38.90;39.99;986752;38923308.00
20101124;39.60;40.85;39.41;40.66;1042433;41865996.00
20101125;41.00;41.00;39.71;39.74;1022602;41085080.00
20101126;39.46;40.00;39.20;39.53;627487;24796244.00
20101129;39.61;40.70;39.25;40.43;1108677;44528816.00
20101130;40.50;40.98;38.00;38.62;1252095;49299284.00
20101201;38.80;38.80;38.02;38.78;540691;20793684.00
20101202;38.98;39.95;38.90;39.10;1054531;41576892.00
20101203;39.10;39.50;38.25;38.65;546235;21129694.00
20101206;38.36;39.50;38.36;39.38;1109317;43160432.00
20101207;39.10;39.55;38.03;39.41;474003;18506264.00
20101208;39.48;39.80;39.00;39.21;479603;18902366.00
20101209;38.68;39.19;38.20;38.22;429461;16608134.00
20101210;38.22;38.59;37.89;38.40;364859;13948311.00
20101213;38.50;39.91;38.50;39.50;1057952;41486216.00
20101214;39.31;40.45;39.31;40.13;1436705;57290444.00
20101215;40.17;40.21;39.60;39.72;827354;33009080.00
20101216;39.95;40.50;39.66;40.18;867039;34781504.00
20101217;40.31;40.60;40.07;40.55;1157451;46797008.00
20101220;40.60;41.00;39.01;39.85;1007721;40367444.00
20101221;39.85;40.20;39.56;40.05;460872;18361728.00
20101222;40.20;40.28;39.40;39.56;472071;18709700.00
20101223;39.56;39.56;38.60;38.66;470208;18370820.00
20101224;38.60;38.60;37.55;37.61;538032;20422204.00
20101227;37.80;38.08;36.58;36.60;534972;19994944.00
20101228;36.72;36.72;35.44;35.64;442175;15822519.00
20101229;35.15;36.24;35.15;36.04;220245;7910201.00
20101230;36.10;36.10;35.50;35.78;263271;9458863.00
20101231;36.28;36.92;35.62;36.58;314122;11387550.00
20110104;36.80;37.36;36.50;37.07;429015;15779510.00
20110105;37.08;37.40;36.69;36.80;256196;9448599.00
20110106;36.60;36.87;36.11;36.87;377352;13741467.00
20110107;36.54;37.75;36.42;36.90;316776;11707064.00
20110110;36.90;37.10;35.73;35.75;189891;6887773.50
20110111;35.50;35.50;34.78;34.82;352493;12327742.00
20110112;34.82;35.39;34.40;34.82;347731;12092067.00
20110113;34.84;35.29;34.80;35.00;224261;7846795.50
20110114;34.90;35.00;33.88;34.00;365539;12562485.00
20110117;33.83;33.83;32.45;32.76;298299;9816105.00
20110118;32.76;32.95;32.05;32.75;136243;4461416.00
20110119;33.00;33.67;32.69;33.55;246895;8180220.50
20110120;33.55;33.56;31.81;31.98;253138;8256937.00
20110121;32.00;32.70;31.75;32.34;250013;8022345.50
20110124;32.34;32.34;31.88;31.90;151383;4852889.00
20110125;31.88;32.27;31.62;32.23;230083;7351220.50
20110126;32.23;32.54;32.00;32.00;181810;5863885.50
20110127;32.40;32.75;31.98;32.56;172353;5569440.00
20110128;32.60;34.00;32.60;34.00;429907;14390745.00
20110131;35.80;35.80;34.01;34.90;499688;17304542.00
20110201;35.53;35.70;34.31;35.70;367498;12835766.00
20110209;35.55;35.55;34.87;35.27;245173;8590089.00
20110210;35.10;35.50;34.20;35.50;385799;13348587.00
20110211;35.88;36.10;35.00;35.37;555362;19705524.00
20110214;35.37;35.70;35.02;35.58;286891;10165152.00
20110215;35.58;36.13;35.21;35.26;299080;10664595.00
20110216;35.26;36.08;35.16;36.04;348314;12432547.00
20110217;35.70;36.20;35.25;35.67;349559;12493862.00
20110218;35.75;36.65;35.50;36.18;484944;17532254.00
20110221;36.30;37.28;36.18;37.18;709461;26235160.00
20110222;37.20;37.50;35.80;36.55;696752;25581690.00
20110223;36.08;36.50;35.80;36.03;526513;18963044.00
20110224;36.28;36.28;35.20;35.75;440035;15678752.00
20110225;35.93;36.23;35.22;36.10;339375;12136291.00
20110228;35.44;35.99;35.38;35.90;458578;16324497.00
20110301;35.84;38.20;35.22;37.50;1702348;62042348.00
20110302;37.04;37.30;36.58;37.01;943304;34883180.00
20110303;37.00;37.20;36.21;36.27;496710;18253796.00
20110304;36.28;36.53;35.79;36.41;319689;11523465.00
20110307;36.40;36.63;35.91;36.47;386467;14023214.00
20110308;36.46;36.46;35.85;35.99;399196;14401659.00
20110309;35.88;36.19;35.67;35.83;346426;12411377.00
20110310;35.62;35.98;35.62;35.90;262321;9402553.00
20110311;35.82;36.20;35.40;35.72;332395;11929345.00
20110314;35.21;36.17;35.20;36.00;301856;10817170.00
20110315;35.98;35.98;34.78;35.09;400908;14171472.00
20110316;35.22;35.48;35.00;35.30;313832;11054066.00
20110317;35.30;35.30;34.50;34.53;290468;10098920.00
20110318;34.37;34.95;34.37;34.68;196644;6813982.00
20110321;34.70;34.76;34.31;34.33;170716;5879897.00
20110322;34.54;34.72;34.32;34.50;263272;9097553.00
20110323;34.51;34.84;34.40;34.70;278178;9650917.00
20110324;34.75;34.89;34.61;34.89;242364;8423589.00
20110325;34.88;34.98;34.68;34.80;203406;7089196.50
20110328;34.78;34.80;34.55;34.56;307703;10681240.00
20110329;34.74;34.74;33.18;33.30;528806;17939784.00
20110330;33.33;33.55;32.88;32.88;410198;13588541.00
20110331;33.10;33.17;32.48;32.61;355851;11662167.00
20110401;32.42;33.48;32.42;33.25;356259;11796509.00
20110406;33.25;33.70;33.08;33.49;296683;9937557.00
20110407;33.50;33.64;33.10;33.46;152359;5073148.50
20110408;33.35;33.85;33.20;33.72;164542;5540786.00
20110411;33.75;33.98;33.52;33.52;185250;6235345.50
20110412;33.45;33.82;33.21;33.55;320799;10758921.00
20110413;33.55;33.76;32.82;33.29;477800;15893227.00
20110414;33.20;33.60;33.20;33.30;160990;5379372.00
20110415;33.30;33.67;33.10;33.37;164792;5483374.50
20110418;33.37;33.38;33.05;33.22;160430;5324569.00
20110419;33.15;33.21;32.50;32.53;296206;9657984.00
20110420;32.53;32.84;32.52;32.80;181458;5935255.50
20110421;32.88;33.10;32.67;33.00;244840;8068437.00
20110425;32.80;32.98;32.15;32.23;323068;10470255.00
20110426;29.02;30.35;29.02;29.12;744357;22098448.00
20110427;29.18;29.35;28.60;28.85;349621;10128941.00
20110428;28.71;29.04;28.00;28.10;324044;9221287.00
20110429;28.11;28.67;28.05;28.56;181497;5164505.50
20110503;28.66;28.76;28.38;28.63;102814;2935035.75
20110504;28.48;28.65;28.00;28.15;146963;4148249.75
20110505;28.01;28.22;27.90;28.05;136459;3831282.00
20110506;28.05;29.41;27.80;29.01;245653;7007646.50
20110509;29.01;29.90;28.71;29.25;189506;5536050.50
20110510;29.29;29.64;28.05;29.30;278806;8006800.50
20110511;29.30;29.49;28.61;29.45;167958;4884588.50
20110512;29.22;29.22;28.70;28.70;92991;2686936.50
20110513;28.70;28.99;28.60;28.88;52857;1520832.13
20110516;28.89;29.48;28.41;29.38;131249;3801032.00
20110517;29.03;29.83;28.83;29.43;187118;5488149.50
20110518;29.16;29.90;29.15;29.26;180810;5327376.00
20110519;29.27;29.55;29.10;29.25;150160;4401700.50
20110520;29.22;29.34;29.08;29.15;97800;2857977.50
20110523;29.21;29.40;28.12;28.22;161856;4670634.50
20110524;28.02;29.50;27.61;28.77;231084;6575462.50
20110525;28.51;28.53;28.09;28.11;85205;2411074.50
20110526;28.12;28.74;28.06;28.18;64900;1837260.00
20110527;28.22;28.73;28.06;28.06;347052;9859576.00
20110530;18.00;18.45;17.65;18.03;211533;3830546.50
20110601;18.04;18.50;18.04;18.33;169540;3101215.00
20110602;18.25;18.25;17.03;17.88;241123;4308747.50
20110603;17.93;18.97;17.60;18.39;332551;6132442.50
20110607;18.44;18.44;18.18;18.31;109853;2010683.38
20110608;18.23;18.48;17.50;18.06;340386;6152187.50
20110609;17.94;17.99;17.68;17.70;175350;3128141.00
20110610;17.71;18.48;17.10;18.10;234205;4153901.50
20110613;17.95;18.26;17.65;17.97;133725;2394461.75
20110614;17.82;18.10;17.82;18.03;137002;2463068.75
20110615;18.04;18.04;17.40;17.78;183805;3269642.25
20110616;17.78;17.78;17.31;17.48;128749;2254368.00
20110617;17.35;18.30;17.28;17.90;524980;9421316.00
20110620;17.99;18.40;17.15;18.26;662865;11962569.00
20110621;18.25;19.56;18.10;19.10;1383244;26222296.00
20110622;18.91;19.18;18.61;18.83;604862;11397729.00
20110623;18.70;19.39;18.38;19.13;732787;13846059.00
20110624;18.99;19.40;18.85;18.99;707582;13513074.00
20110627;19.05;19.28;18.86;19.09;462318;8807285.00
20110628;19.12;19.25;19.00;19.08;411651;7868974.00
20110629;19.05;19.14;18.56;18.66;336569;6353030.50
20110630;18.55;18.83;18.42;18.60;439024;8191101.50
20110701;18.63;18.99;18.50;18.85;342207;6417546.50
20110704;18.98;19.68;18.95;19.29;644673;12451814.00
20110705;19.19;19.90;19.19;19.72;739820;14493343.00
20110706;19.71;19.71;19.42;19.58;320278;6255375.50
20110707;19.57;20.50;19.42;20.19;1471719;29717156.00
20110708;20.10;20.28;19.80;19.96;501002;10016310.00
20110711;19.81;20.80;19.63;20.18;540550;10942827.00
20110712;20.01;20.59;19.84;19.91;429741;8629402.00
20110713;19.90;20.57;19.83;20.15;816699;16457080.00
20110714;20.15;20.42;19.91;20.08;621603;12460743.00
20110715;20.08;20.38;19.70;20.10;720568;14456672.00
20110718;19.98;20.10;19.71;19.80;455543;9026919.00
20110719;19.68;20.57;19.50;20.38;1603639;32256756.00
20110720;20.39;20.78;20.13;20.55;1591696;32569654.00
20110721;20.49;20.62;20.01;20.04;757623;15317486.00
20110722;20.10;20.31;19.82;19.96;551516;11030659.00
20110725;19.84;19.95;18.56;18.85;582184;11251713.00
20110726;18.85;19.33;18.72;18.85;307468;5839996.50
20110727;18.76;19.26;18.71;19.01;365911;6934960.50
20110728;18.78;19.30;18.02;19.18;501549;9538044.00
20110729;19.17;19.63;18.92;18.99;382126;7374151.00
20110801;18.55;19.89;18.55;19.52;761443;14821767.00
20110802;19.52;20.45;19.06;20.00;761070;14953490.00
20110803;20.00;20.54;19.65;20.20;683859;13778107.00
20110804;20.20;21.20;20.05;20.63;1694780;35125480.00
20110805;19.92;20.90;19.73;20.15;630702;12798725.00
20110808;19.90;20.07;18.60;18.99;640380;12430686.00
20110809;18.06;18.77;17.89;18.46;416110;7610693.00
20110810;18.96;19.40;18.56;19.14;481515;9169481.00
20110811;18.80;19.35;18.51;19.15;610465;11554207.00
20110812;19.20;19.65;19.20;19.23;630279;12188140.00
20110815;19.20;20.88;19.20;20.48;2181905;44132880.00
20110816;20.30;21.28;20.25;21.12;2510948;52481660.00
20110817;21.09;21.58;20.80;21.00;1922774;40774616.00
20110818;20.98;21.04;20.02;20.43;1075242;22120144.00
20110819;19.81;20.66;19.78;20.50;658365;13337883.00
20110822;20.32;20.76;20.20;20.44;800150;16478064.00
20110823;20.20;21.08;20.20;21.00;1197746;24943838.00
20110824;21.16;21.58;20.88;20.89;1070526;22625954.00
20110825;20.89;21.58;20.89;21.54;1014773;21643630.00
20110826;21.34;23.60;21.34;23.01;2683141;60350020.00
20110829;23.20;23.59;23.02;23.34;2299250;53689632.00
20110830;23.34;23.79;23.02;23.18;1327394;30923784.00
20110831;22.81;23.73;22.26;22.60;1135870;25729682.00
20110901;22.65;22.65;22.15;22.45;519247;11639077.00
20110902;22.30;22.70;22.15;22.67;467592;10481833.00
20110905;22.37;22.93;22.01;22.03;420688;9429361.00
20110906;21.80;22.47;21.50;22.47;542682;11979925.00
20110907;22.66;23.35;22.41;23.00;931311;21281146.00
20110908;23.00;23.20;22.63;22.83;465416;10633406.00
20110909;22.82;23.14;22.55;22.80;319219;7308659.00
20110913;22.50;22.62;22.03;22.59;190735;4277475.00
20110914;22.65;23.58;22.60;23.56;679334;15694668.00
20110915;23.45;24.00;23.24;23.26;1042985;24665410.00
20110916;23.29;23.60;23.03;23.12;405220;9400818.00
20110919;23.18;23.18;22.30;22.65;482505;10989689.00
20110920;22.41;22.93;22.02;22.80;344656;7739899.50
20110921;22.68;23.66;22.67;23.66;528944;12342066.00
20110922;23.52;23.65;22.68;22.70;380111;8774987.00
20110923;22.39;22.73;21.00;21.96;719638;15681516.00
20110926;21.50;22.20;21.50;21.60;188459;4099758.00
20110927;21.74;21.90;21.23;21.55;192650;4158099.75
20110928;21.56;21.79;21.15;21.15;103003;2210936.50
20110929;21.01;21.25;19.83;20.99;429284;8811097.00
20110930;20.79;21.39;20.59;20.94;209885;4387036.00
20111010;20.60;21.20;20.60;20.80;91185;1903414.00
20111011;20.80;22.22;20.00;20.67;305200;6403757.00
20111012;20.67;21.95;20.25;21.89;469185;10043986.00
20111013;21.85;22.88;21.45;22.82;757743;17080496.00
20111014;22.82;23.84;22.50;23.65;1145809;26590354.00
20111230;21.29;21.29;21.29;21.29;118400;2520736.00
20120104;19.16;19.16;19.16;19.16;727900;13946564.00
20120105;17.71;18.18;17.24;17.24;1715949;29811088.00
20120106;16.49;16.49;15.52;15.52;632100;9848823.00
20120109;14.30;15.50;14.30;15.30;1684414;24941692.00
20120110;14.98;16.45;14.85;16.39;1730708;27427094.00
20120111;16.30;16.30;15.52;15.89;1187121;18901818.00
20120112;15.70;16.37;15.62;15.84;730618;11723912.00
20120113;15.80;15.97;14.65;14.88;652611;9890861.00
20120116;14.78;14.78;13.39;13.39;953004;13143211.00
20120117;13.33;14.19;12.61;14.10;927751;12595381.00
20120118;14.13;14.18;13.40;13.40;692061;9567819.00
20120119;13.50;13.76;13.33;13.47;457836;6182378.00
20120120;13.47;13.70;13.45;13.60;246990;3355795.75
20120130;13.77;13.99;13.61;13.85;476042;6551761.00
20120131;13.81;14.36;13.62;14.29;604635;8513551.00
20120201;14.01;14.40;13.99;14.06;596919;8453662.00
20120202;13.95;14.52;13.90;14.50;565354;8144427.00
20120203;14.53;14.98;14.51;14.98;674816;9961420.00
20120206;15.01;16.48;15.01;16.48;825904;13438570.00
20120207;16.60;18.00;16.60;17.00;1941551;33334586.00
20120208;17.03;17.28;16.60;17.08;1285285;21660258.00
20120209;16.96;17.41;16.73;17.40;1097823;18817660.00
20120210;17.28;17.85;17.18;17.80;1132145;19779186.00
20120213;17.80;17.82;17.26;17.68;655374;11574313.00
20120214;17.65;17.82;17.23;17.49;571495;9939521.00
20120215;17.25;17.50;17.06;17.50;688704;11952456.00
20120216;17.36;17.60;17.11;17.50;639973;11123368.00
20120217;17.50;17.50;16.79;16.84;1141858;19381296.00
20120220;17.01;17.35;16.69;17.04;883542;15109680.00
20120221;16.96;17.25;16.90;17.23;639992;10959865.00
20120222;17.38;17.39;17.10;17.36;1350152;23288684.00
20120223;17.44;18.56;17.35;18.06;1628519;29315506.00
20120224;17.90;18.01;17.70;17.82;864081;15390333.00
20120227;17.90;18.17;17.61;17.82;881948;15722450.00
20120228;17.84;17.84;17.01;17.24;579854;10066678.00
20120229;17.24;17.49;17.11;17.11;317665;5484306.00
20120301;16.90;17.11;16.48;16.87;526579;8869800.00
20120302;17.04;17.27;16.90;17.27;552238;9465959.00
20120305;17.27;17.56;16.80;16.81;472965;8152817.00
20120306;16.90;16.95;16.00;16.00;988601;16131491.00
20120307;16.01;16.09;15.49;15.66;1348364;21186434.00
20120308;15.67;16.48;15.67;16.35;1291330;20956124.00
20120309;16.39;16.70;16.20;16.46;818276;13392839.00
20120312;16.63;16.63;16.15;16.40;1093286;17834718.00
20120313;16.40;16.60;16.25;16.59;896419;14760618.00
20120314;17.11;18.25;17.11;18.25;3841064;69877632.00
20120315;18.39;19.91;18.20;19.07;5793654;110445216.00
20120319;18.90;18.90;18.00;18.54;2199681;40459852.00
20120320;18.30;18.54;17.80;18.04;1464220;26497458.00
20120321;17.99;18.20;17.53;18.20;1506934;26904020.00
20120322;18.15;18.15;17.55;17.59;1090208;19327146.00
20120323;17.55;17.77;16.70;17.36;968865;16772919.00
20120326;17.20;17.50;16.50;16.65;922983;15510463.00
20120327;16.72;16.87;16.60;16.66;600827;10044126.00
20120328;16.65;16.65;15.12;15.20;979735;15374943.00
20120330;14.68;15.00;14.26;14.47;637082;9333102.00
20120405;14.33;14.99;14.31;14.85;402244;5907236.00
20120406;14.89;15.80;14.73;15.17;627348;9571742.00
20120409;15.17;15.29;14.90;14.91;227241;3430937.50
20120410;14.63;15.20;14.41;14.92;422649;6226537.50
20120411;14.87;15.24;14.63;15.24;419701;6310998.50
20120412;15.28;16.76;15.27;16.76;679675;11241962.00
20120413;17.99;18.40;17.35;17.84;2828704;50527032.00
20120416;17.35;17.59;16.81;17.25;1109592;19138094.00
20120417;17.23;17.30;16.91;17.08;684996;11690816.00
20120418;17.20;17.50;17.01;17.41;770861;13352615.00
20120419;17.42;17.50;17.10;17.46;704456;12224728.00
20120420;17.94;18.40;17.46;17.50;2233876;39972448.00
20120423;17.11;17.32;16.35;16.98;1558448;26035178.00
20120424;16.01;16.81;16.01;16.70;797991;13150355.00
20120425;16.65;17.01;16.65;16.80;681625;11492292.00
20120426;16.60;17.00;16.30;16.46;470619;7758976.00
20120502;16.90;17.28;16.45;17.02;711595;11979280.00
20120503;16.99;17.39;16.93;17.17;764944;13138473.00
20120504;17.00;17.68;17.00;17.48;974499;16971248.00
20120507;17.50;18.19;17.46;18.08;1352059;24143804.00
20120508;17.91;18.07;17.61;17.93;1290803;23129086.00
20120509;17.83;18.22;17.80;17.98;1177375;21204772.00
20120510;17.73;18.14;17.48;17.80;798469;14222916.00
20120514;17.80;18.27;17.66;18.26;2035610;36957132.00
20120515;18.08;18.35;17.70;18.14;1261911;22800430.00
20120516;18.19;18.33;17.28;17.36;1309181;23411274.00
20120517;17.34;17.77;17.01;17.57;697267;12202518.00
20120518;17.34;17.57;16.52;17.06;589403;10077955.00
20120521;15.35;16.77;15.35;15.98;1643684;25755916.00
20120522;15.68;15.89;15.68;15.88;894839;14113127.00
20120523;16.00;17.47;16.00;17.47;1521699;25625932.00
20120524;17.90;18.99;17.61;18.19;3564783;65055196.00
20120525;18.20;18.28;17.69;17.84;1570228;28047266.00
20120528;17.84;17.90;16.96;17.50;1354328;23550294.00
20120529;17.48;17.94;17.26;17.67;1762966;31262956.00
20120530;8.60;9.34;8.50;9.27;6112082;55401288.00
20120531;9.01;9.22;8.98;9.02;4359682;39637732.00
20120601;8.92;9.92;8.92;9.92;3285069;32051678.00
20120604;10.12;10.49;9.48;9.49;13760642;137534288.00
20120605;9.37;10.29;9.30;10.20;12278842;122188664.00
20120606;10.01;11.22;9.90;11.22;16968632;181639264.00
20120607;11.10;12.28;10.80;11.83;19332833;223924256.00
20120608;11.80;12.14;11.34;11.61;12505974;146352368.00
20120611;11.65;11.80;11.01;11.80;11018065;125715184.00
20120612;11.60;11.60;11.06;11.13;7295744;82672112.00
20120613;11.24;11.63;10.91;11.46;8637944;97799024.00
20120614;11.28;11.40;10.92;10.98;6810779;75731104.00
20120618;11.03;11.59;10.74;11.54;9203396;103364392.00
20120619;11.40;12.10;11.28;11.79;11005129;129214168.00
20120620;11.67;11.77;11.12;11.30;6668457;76460344.00
20120621;11.50;11.50;10.68;10.78;4180531;45705568.00
20120625;10.53;10.76;10.06;10.15;3563359;36669136.00
20120626;10.15;10.45;10.06;10.43;3521438;36205100.00
20120627;10.42;10.55;10.13;10.16;3038506;31414670.00
20120628;10.09;10.33;9.81;9.81;3867426;38765468.00
20120629;9.79;10.08;9.54;9.96;3190249;31288326.00
20120702;10.00;10.90;10.00;10.71;6263795;66050188.00
20120703;10.65;11.08;10.52;10.93;6032855;65094900.00
20120704;10.93;10.94;10.60;10.73;2859213;30737544.00
20120705;10.74;10.74;10.15;10.21;2995343;30918404.00
20120706;10.25;10.60;9.91;10.58;3845231;39586576.00
20120709;10.50;10.85;10.36;10.36;4742146;50388468.00
20120710;10.10;10.24;9.88;9.97;2851055;28612836.00
20120711;9.91;10.19;9.83;9.96;2659213;26557948.00
20120712;9.90;10.27;9.70;10.24;3822264;38354152.00
20120713;10.17;10.31;9.88;9.95;2955256;29764376.00
20120716;9.97;10.00;9.08;9.10;3565025;33838628.00
20120717;9.06;9.24;8.92;9.22;2521653;22863808.00
20120718;9.19;9.26;8.82;9.15;3005059;27111468.00
20120719;9.10;9.48;8.97;9.40;4020151;37312172.00
20120720;9.36;9.62;9.26;9.34;3054509;28807152.00
20120723;9.13;9.19;8.98;9.07;1710135;15526456.00
20120724;9.02;9.25;9.02;9.15;1587503;14538712.00
20120725;9.05;9.69;9.05;9.52;3720030;35158144.00
20120726;9.44;9.52;9.09;9.12;2567018;24015574.00
20120727;9.18;9.18;8.86;8.91;2589537;23230098.00
20120730;9.10;9.50;8.89;8.95;2184021;19936274.00
20120731;8.70;8.80;8.06;8.11;3294528;27187136.00
20120801;8.06;8.39;8.00;8.24;1536586;12680069.00
20120802;8.24;8.30;8.11;8.14;1300080;10626938.00
20120803;8.14;8.43;8.11;8.38;1831953;15182057.00
20120806;8.30;8.66;8.28;8.57;2213283;18760644.00
20120807;8.58;8.86;8.50;8.77;2829834;24602098.00
20120808;8.74;9.31;8.57;9.04;3734278;33297142.00
20120809;8.92;9.07;8.82;9.04;2742125;24556812.00
20120810;9.04;9.13;8.93;9.00;1914738;17246550.00
20120813;8.98;8.98;8.63;8.64;1457950;12775104.00
20120814;8.63;8.88;8.45;8.84;1797825;15687519.00
20120815;8.91;8.91;8.61;8.65;1439416;12583847.00
20120816;8.67;8.77;8.46;8.54;908965;7837264.00
20120817;8.50;9.04;8.46;8.81;2737730;24031542.00
20120820;8.81;8.93;8.56;8.76;2187984;19042978.00
20120821;8.76;9.49;8.72;9.21;4903911;44924040.00
20120822;9.15;9.37;9.05;9.35;3702384;34158756.00
20120823;9.35;9.47;9.22;9.31;2339162;21787448.00
20120824;9.31;9.38;8.90;8.94;2086765;18935196.00
20120827;8.90;8.90;8.51;8.56;1518756;13185380.00
20120828;8.50;8.91;8.44;8.75;1235090;10737673.00
20120829;8.66;8.83;8.66;8.79;1008359;8837181.00
20120830;8.79;8.85;8.35;8.47;1408045;12080531.00
20120831;8.47;8.76;8.47;8.65;852393;7356545.00
20120903;8.57;8.92;8.54;8.84;1166350;10224834.00
20120904;8.84;9.27;8.70;9.09;3273028;29447708.00
20120905;8.99;9.44;8.83;9.31;4099797;37725828.00
20120906;9.22;9.33;9.06;9.25;2880030;26459208.00
20120907;9.39;9.91;9.23;9.67;5572930;53124976.00
20120910;9.68;9.80;9.49;9.65;3695892;35573768.00
20120911;9.65;9.65;9.45;9.56;2808995;26777574.00
20120912;9.72;9.79;9.45;9.68;3879021;37392768.00
20120913;9.68;9.86;9.50;9.62;4801583;46588184.00
20120914;9.62;9.76;9.47;9.64;2724546;26130484.00
20120917;9.64;9.65;8.90;8.99;2207302;20560028.00
20120918;8.96;9.15;8.75;8.88;1530103;13688611.00
20120919;8.93;9.09;8.78;9.00;768107;6891058.00
20120920;8.90;9.02;8.50;8.50;1323963;11519244.00
20120921;8.52;8.64;8.42;8.44;853829;7273898.00
20120924;8.44;8.70;8.20;8.58;860603;7291937.00
20120925;8.58;8.62;8.40;8.48;781075;6635180.00
20120926;8.48;8.55;8.20;8.22;754422;6288353.00
20120927;8.15;8.58;8.15;8.39;977302;8189646.00
20120928;8.35;8.62;8.35;8.59;903684;7720840.50
20121008;8.59;8.69;8.53;8.63;798573;6867851.00
20121009;8.66;8.94;8.66;8.88;1400840;12341790.00
20121010;8.79;9.25;8.79;9.15;2825918;25721986.00
20121011;9.15;9.19;8.91;9.00;1689902;15269085.00
20121012;9.08;9.19;9.01;9.18;2004360;18264238.00
20121015;9.16;9.24;8.97;9.23;1573483;14356101.00
20121016;9.23;9.45;9.14;9.29;2198795;20487156.00
20121017;9.28;9.39;9.06;9.29;1574529;14501407.00
20121018;9.19;9.65;9.17;9.56;2539297;24129968.00
20121019;9.52;9.90;9.49;9.75;3649437;35468364.00
20121022;9.65;9.88;9.56;9.72;2190772;21322504.00
20121023;9.71;9.79;9.56;9.58;1676337;16209438.00
20121024;9.46;9.68;9.40;9.49;1407545;13373464.00
20121025;9.44;9.61;9.23;9.26;1553377;14627301.00
20121026;9.26;9.50;9.17;9.28;1382574;12893795.00
20121029;9.28;9.42;9.15;9.41;699387;6532193.00
20121030;9.41;9.68;9.35;9.64;1936287;18570420.00
20121031;9.67;10.20;9.54;10.04;10013605;99191416.00
20121101;9.98;10.28;9.89;10.19;10040996;101748104.00
20121102;10.10;10.26;9.45;9.63;10123444;99666472.00
20121105;9.17;9.44;9.15;9.20;5363006;49739788.00
20121106;9.17;9.22;8.88;9.03;3271300;29387086.00
20121107;9.00;9.12;8.92;9.00;1701848;15356387.00
20121108;8.89;8.99;8.72;8.72;1659822;14715272.00
20121109;8.76;8.92;8.68;8.83;1093223;9636454.00
20121112;8.88;9.07;8.83;9.05;1377396;12392278.00
20121113;9.05;9.09;8.63;8.66;1455729;12943253.00
20121114;8.61;8.73;8.38;8.66;1286476;10999323.00
20121115;8.57;8.67;8.31;8.34;1225562;10380416.00
20121116;8.35;8.49;8.31;8.40;693801;5808200.50
20121119;8.40;8.49;8.36;8.46;737941;6226855.50
20121120;8.72;8.85;8.46;8.46;1092390;9408275.00
20121121;8.35;8.53;8.23;8.53;1401399;11797956.00
20121122;8.50;8.84;8.47;8.74;2305084;19994088.00
20121123;8.62;9.61;8.61;9.31;6997085;65278336.00
20121126;9.10;9.71;8.82;9.09;7369024;68766368.00
20121127;9.04;9.04;8.18;8.18;4931749;41481948.00
20121128;8.00;8.00;7.40;7.67;2604870;19955692.00
20121129;7.66;7.81;7.48;7.50;1292980;9900580.00
20121130;7.50;7.64;7.30;7.61;1158148;8718441.00
20121203;7.61;7.61;7.30;7.32;1306347;9716266.00
20121204;7.36;7.39;6.64;7.24;1827801;12763057.00
20121205;7.10;7.69;7.10;7.59;2300268;17211850.00
20121206;7.59;7.73;7.51;7.58;1310612;9955236.00
20121207;7.59;7.85;7.53;7.80;1974152;15189729.00
20121210;7.79;8.06;7.78;7.97;1835403;14521014.00
20121211;8.00;8.00;7.78;7.84;1240252;9751936.00
20121212;7.80;7.93;7.63;7.73;1388801;10744996.00
20121213;7.63;7.75;7.45;7.45;1345697;10173359.00
20121214;7.45;7.84;7.45;7.77;2146865;16630835.00
20121217;7.82;8.07;7.80;7.89;2018268;16003160.00
20121218;7.89;8.00;7.80;7.93;1946903;15378287.00
20121219;7.84;7.97;7.83;7.95;1460883;11569688.00
20121220;7.90;7.94;7.68;7.87;1548863;12124970.00
20121221;7.89;8.17;7.89;8.05;2973598;23949240.00
20121224;8.05;8.43;7.97;8.32;3297683;27323664.00
20121225;8.26;8.59;8.26;8.54;3533456;29725974.00
20121226;8.59;8.59;8.40;8.53;2848278;24137982.00
20121227;8.55;8.62;8.31;8.36;3015991;25423614.00
20121228;8.25;8.43;8.20;8.37;1862190;15465116.00
20121231;8.38;8.42;8.33;8.39;1676551;14052977.00
20130104;8.49;8.54;8.24;8.33;1535468;12856406.00
20130107;8.30;8.67;8.26;8.67;3020298;25756322.00
20130108;8.70;8.78;8.48;8.70;3055977;26395188.00
20130109;8.65;8.93;8.63;8.82;2832910;24860792.00
20130110;8.82;8.92;8.75;8.82;2114290;18659552.00
20130111;8.77;8.88;8.39;8.45;2238520;19317998.00
20130114;8.45;8.93;8.38;8.87;2866389;25021300.00
20130115;8.88;9.18;8.81;9.09;3161572;28679064.00
20130116;9.15;9.98;9.15;9.48;6097424;58322312.00
20130117;9.25;9.50;9.15;9.19;2547208;23663620.00
20130118;9.16;9.40;9.16;9.31;2204471;20482570.00
20130121;9.25;9.50;9.21;9.49;2378147;22306788.00
20130122;9.49;9.55;9.12;9.14;2265827;21048920.00
20130123;9.10;9.25;8.85;9.11;1505937;13636691.00
20130124;9.00;9.21;8.58;8.69;2043109;18258288.00
20130125;8.70;8.80;8.57;8.65;1104684;9591221.00
20130128;8.54;8.97;8.54;8.95;1229613;10854155.00
20130129;8.95;9.30;8.91;9.28;2001990;18205752.00
20130130;9.20;9.34;9.03;9.18;1460319;13402474.00
20130131;9.10;9.26;9.02;9.21;1301821;11934473.00
20130201;9.27;9.27;9.12;9.21;1117901;10266204.00
20130204;9.37;9.37;8.95;9.00;1473813;13376353.00
20130205;8.85;9.17;8.78;9.14;1471898;13359810.00
20130206;9.15;9.23;9.10;9.15;1099213;10072847.00
20130207;9.22;9.26;9.08;9.18;1036449;9500137.00
20130208;9.18;9.28;9.17;9.24;1764900;16300361.00
20130218;9.26;9.58;9.25;9.36;1750425;16457937.00
20130219;9.36;9.36;9.02;9.10;1342009;12278833.00
20130220;9.10;9.37;9.08;9.36;1915156;17737278.00
20130221;9.36;9.89;9.23;9.65;6589813;63168804.00
20130222;9.59;9.63;9.40;9.55;2240266;21314698.00
20130225;9.59;9.59;9.25;9.35;2415669;22617426.00
20130226;9.32;9.60;9.30;9.35;2215440;20931158.00
20130227;9.29;9.40;9.05;9.18;1840152;16884104.00
20130228;9.18;9.43;9.15;9.43;1602345;14916166.00
20130301;9.58;10.20;9.50;9.93;7217884;71380560.00
20130304;9.71;10.49;9.40;10.14;9049794;90474096.00
20130305;9.99;10.44;9.82;10.22;6363478;64847052.00
20130306;10.22;10.67;10.11;10.48;5942700;62159012.00
20130307;10.47;10.58;9.86;10.36;4319508;44250108.00
20130308;10.30;10.40;10.14;10.14;2286012;23490864.00
20130311;10.14;10.40;10.08;10.34;1806531;18504850.00
20130312;10.17;10.35;9.62;9.75;2366382;23517352.00
20130313;9.71;9.94;9.55;9.92;1867620;18237900.00
20130314;9.92;9.99;9.80;9.85;860140;8477863.00
20130315;9.97;10.29;9.91;10.05;2304499;23378274.00
20130318;9.94;10.09;9.84;9.86;1178330;11687713.00
20130319;9.86;9.97;9.58;9.73;874014;8528175.00
20130320;9.73;9.98;9.73;9.88;1656786;16343070.00
20130321;9.87;10.35;9.82;10.30;2940064;30067612.00
20130322;10.26;10.30;10.16;10.22;1454246;14865662.00
20130325;10.25;10.40;10.16;10.27;1470961;15145106.00
20130326;10.27;10.36;9.94;10.16;1178740;11927077.00
20130327;10.13;10.31;10.08;10.29;1335239;13627362.00
20130328;10.27;10.27;9.81;9.85;1489941;14848597.00
20130329;9.84;9.97;9.40;9.42;1553857;14903357.00
20130401;9.42;9.79;9.35;9.50;1007087;9667648.00
20130402;9.52;9.74;9.50;9.54;459753;4410770.00
20130403;9.55;9.66;9.51;9.57;595090;5701410.00
20130408;9.47;9.79;9.05;9.76;738756;6957083.00
20130409;9.73;10.70;9.61;10.22;2092699;21394600.00
20130410;10.20;10.50;10.12;10.20;1572833;16152413.00
20130411;10.22;10.34;10.11;10.18;700152;7146655.50
20130412;10.12;10.53;10.10;10.38;1946009;20181996.00
20130415;10.36;10.54;10.00;10.22;1261542;12982648.00
20130416;10.11;10.18;9.75;9.95;1136848;11305737.00
20130417;10.07;10.57;9.98;10.52;2472388;25575658.00
20130418;10.37;10.67;10.37;10.43;2056211;21635092.00
20130419;10.39;10.88;10.31;10.77;3566637;37987040.00
20130422;10.68;10.89;10.55;10.82;2519236;27089486.00
20130423;10.82;10.84;10.23;10.29;2833982;29665124.00
20130424;10.27;10.63;10.17;10.56;1239346;12974666.00
20130425;10.47;10.85;10.10;10.73;2147682;22766078.00
20130426;10.69;10.86;10.41;10.41;1606999;17062684.00
20130502;10.39;10.64;10.23;10.54;816807;8539456.00
20130503;10.63;10.96;10.51;10.95;2266760;24593648.00
20130506;11.04;11.48;10.95;11.37;4519365;50675792.00
20130507;11.26;11.46;11.11;11.32;2663186;30061224.00
20130508;11.36;11.50;11.20;11.50;2321418;26441932.00
20130509;11.45;11.75;11.34;11.70;2572153;29795336.00
20130510;11.71;11.78;11.34;11.43;2754625;31788314.00
20130513;11.45;11.45;11.10;11.24;2957602;33201330.00
20130514;11.25;11.39;11.14;11.30;1376958;15506553.00
20130515;11.29;11.42;11.16;11.39;1366342;15466055.00
20130516;11.44;11.79;11.10;11.29;3171963;36421144.00
20130517;11.32;11.70;11.15;11.63;2690180;30765078.00
20130520;11.70;12.30;11.42;12.15;3976931;47261920.00
20130521;12.00;12.40;11.92;12.20;3186907;38756184.00
20130522;12.15;12.75;12.00;12.24;3818365;47295844.00
20130523;12.24;12.53;12.12;12.33;2641072;32594624.00
20130524;12.30;12.84;12.03;12.79;3059431;38074236.00
20130527;12.79;13.03;12.60;12.87;2542022;32525870.00
20130528;12.87;12.87;12.27;12.52;2370941;29656828.00
20130529;12.50;12.64;12.35;12.52;1735598;21708326.00
20130530;12.52;12.89;12.40;12.81;2057964;26203750.00
20130531;12.81;13.15;12.65;12.98;2622910;34090024.00
20130603;13.18;13.85;12.98;13.01;3894004;52234528.00
20130604;12.71;13.02;12.34;12.60;3304693;41762216.00
20130605;12.69;13.30;12.62;13.23;2619143;34083316.00
20130606;13.23;13.89;13.06;13.69;5703258;77113440.00
20130607;13.67;13.95;13.28;13.42;3644955;49576452.00
20130613;12.80;13.82;12.53;13.39;3498546;46209316.00
20130614;13.30;14.50;13.10;14.40;7484559;104482768.00
20130617;14.47;14.92;14.21;14.59;6226480;90681232.00
20130618;14.48;14.76;14.35;14.47;3515101;51038016.00
20130619;14.30;14.82;13.79;14.70;5920052;85078160.00
20130620;14.68;14.69;13.55;13.69;4493072;64072788.00
20130621;13.25;14.50;12.70;14.15;3554397;48211156.00
20130624;14.00;14.30;12.80;12.95;3552284;47635912.00
20130625;12.50;13.07;11.66;12.81;4936291;60997976.00
20130626;12.78;13.20;12.42;13.14;3386879;43703344.00
20130627;13.10;13.25;11.87;12.55;4506130;56578588.00
20130628;12.20;12.53;11.95;12.24;2360876;28988364.00
20130701;12.21;12.68;12.00;12.60;1855334;22973576.00
20130702;12.68;12.95;12.66;12.91;2109958;27088856.00
20130703;12.79;12.98;12.59;12.79;1624073;20748848.00
20130704;12.72;13.66;12.63;13.45;4174119;55537624.00
20130705;13.45;13.59;13.08;13.13;2634043;34875536.00
20130708;13.00;13.18;12.15;12.40;1856490;23634580.00
20130709;12.26;12.82;12.20;12.67;1446952;18214070.00
20130710;12.67;12.97;12.60;12.92;1571450;20137716.00
20130711;13.08;13.19;12.72;12.96;2628713;34171480.00
20130712;12.88;13.50;12.86;13.15;3408127;45299644.00
20130715;13.15;13.79;13.14;13.69;2706073;36724324.00
20130716;13.70;13.89;13.47;13.84;2407642;32937978.00
20130717;13.78;13.89;13.14;13.18;4033121;54345024.00
20130718;13.07;13.38;12.98;13.16;1286139;16924242.00
20130719;13.30;13.35;12.90;12.94;1420248;18673318.00
20130722;12.89;13.16;12.64;13.15;1443070;18634112.00
20130723;13.16;13.64;13.16;13.58;2387113;32083588.00
20130724;13.58;13.69;13.36;13.52;2342268;31619136.00
20130725;13.45;14.19;13.41;13.88;5123985;71504904.00
20130726;13.67;14.03;13.55;13.79;2224831;30678464.00
20130729;13.75;13.99;13.41;13.41;1851926;25251290.00
20130730;13.45;13.60;12.98;13.48;1752918;23471574.00
20130731;13.65;14.07;13.50;13.95;3094730;42927620.00
20130801;14.08;14.08;13.75;14.00;3093576;42992144.00
20130802;14.00;14.36;13.90;13.90;3247823;45968696.00
20130805;13.83;14.22;13.83;14.22;2729859;38500160.00
20130806;14.22;14.65;14.08;14.55;4586977;66113788.00
20130807;14.55;14.67;14.22;14.26;2965074;42796340.00
20130808;14.28;14.66;14.25;14.46;2063324;29905642.00
20130809;14.45;14.77;14.30;14.69;2781866;40479460.00
20130812;14.75;15.60;14.70;15.55;4742976;72765528.00
20130813;15.40;15.78;15.23;15.52;2979559;46348364.00
20130814;15.39;15.60;14.97;15.17;3032584;46058312.00
20130815;15.20;15.58;14.79;15.15;2937039;44250228.00
20130816;15.01;15.29;14.27;14.32;2686796;39688496.00
20130819;14.00;14.54;13.80;14.44;2997359;42329240.00
20130820;14.45;15.00;14.44;14.60;1992532;29490132.00
20130821;14.64;15.09;14.64;14.70;1492141;22151122.00
20130822;14.70;14.83;14.36;14.50;1907784;27694608.00
20130823;14.51;15.00;14.31;15.00;2170008;31703726.00
20130826;15.00;15.29;14.81;15.04;1671548;25168412.00
20130827;15.07;15.15;14.90;15.00;1254309;18794036.00
20130828;14.95;15.14;14.80;14.82;1716866;25815434.00
20130829;14.82;15.00;14.33;14.40;1753514;25582746.00
20130830;14.40;14.52;13.85;13.85;2832085;39919628.00
20130902;13.98;14.12;13.48;13.93;2119962;29240478.00
20130903;14.10;14.10;13.40;13.62;3844360;52403808.00
20130904;13.57;14.14;13.40;14.14;3022694;41529076.00
20130905;14.14;14.57;13.96;14.30;2864084;40994680.00
20130906;14.23;14.40;14.23;14.29;1445127;20666154.00
20130909;14.29;14.31;13.80;13.82;2348719;32726742.00
20130910;13.80;13.87;13.55;13.65;1832105;25034414.00
20130911;13.60;13.90;13.29;13.66;2182788;29418004.00
20130912;13.74;13.74;13.31;13.45;1468475;19916146.00
20130913;13.47;13.57;13.34;13.54;1005064;13531963.00
20130916;13.56;13.90;13.55;13.76;1579763;21726814.00
20130917;13.76;13.84;13.59;13.66;830954;11381700.00
20130918;13.65;13.80;13.46;13.70;547799;7478279.00
20130923;13.83;14.04;13.70;13.95;1191951;16541145.00
20130924;13.94;13.94;13.55;13.56;1237105;16925608.00
20130925;13.66;13.78;13.40;13.43;1305793;17642882.00
20130926;13.39;13.55;13.39;13.55;1182482;15904259.00
20130927;13.43;13.68;13.43;13.54;665431;9037119.00
20130930;13.55;14.05;13.55;14.04;2432897;33736148.00
20131008;14.14;14.36;13.88;14.29;2168066;30748122.00
20131009;14.31;14.72;14.31;14.46;2017272;29274426.00
20131010;14.49;14.49;14.18;14.46;1436229;20605064.00
20131011;14.50;14.67;14.30;14.46;1282372;18508476.00
20131014;14.54;14.64;14.32;14.36;1436733;20697446.00
20131015;14.30;14.47;14.05;14.21;1610194;23060496.00
20131016;14.06;14.19;12.99;13.21;1964604;26454896.00
20131017;13.36;13.46;12.56;12.75;2267239;29537418.00
20131018;12.84;13.20;12.51;12.90;1568959;20042754.00
20131021;12.82;13.10;12.55;13.07;2024659;25875406.00
20131022;13.05;13.07;12.68;12.77;1336253;17068706.00
20131023;12.86;12.86;11.50;11.60;4084532;49220180.00
20131024;11.60;11.79;11.38;11.55;1437464;16632642.00
20131025;11.55;11.69;11.10;11.53;1810782;20502954.00
20131028;11.53;12.43;11.42;12.33;2680903;32103504.00
20131029;12.49;12.66;11.21;11.68;3418688;40912260.00
20131030;11.68;11.96;11.25;11.68;1300966;15209134.00
20131031;11.60;11.90;11.48;11.67;832022;9733012.00
20131101;11.70;11.70;11.35;11.53;1410094;16189925.00
20131104;11.64;11.80;11.40;11.80;496263;5789272.00
20131105;11.80;12.30;11.70;12.13;1062765;12788150.00
20131106;12.13;12.33;12.00;12.02;930864;11333191.00
20131107;11.93;12.68;11.93;12.47;2460245;30659954.00
20131108;12.32;12.44;12.02;12.36;1920472;23470020.00
20131111;12.39;12.63;12.04;12.55;1186879;14863350.00
20131112;12.59;12.65;12.41;12.54;727255;9090019.00
20131113;12.50;12.58;12.21;12.30;778462;9648496.00
20131114;12.18;12.33;12.08;12.19;1090196;13249428.00
20131115;12.30;13.26;12.20;13.05;2792996;36020468.00
20131118;12.96;13.28;12.96;13.20;1779592;23379470.00
20131119;14.52;14.52;13.35;13.70;5449813;76722832.00
20131120;13.66;13.75;12.98;13.22;3453040;45540644.00
20131121;13.08;13.19;13.00;13.17;1296038;16964400.00
20131122;13.15;13.15;12.60;12.74;2417154;30896340.00
20131125;12.75;12.95;12.53;12.75;815295;10400653.00
20131126;12.74;12.99;12.69;12.92;887712;11424794.00
20131127;12.94;13.05;12.77;12.94;1149200;14907488.00
20131128;12.91;13.06;12.82;12.95;1134804;14694852.00
20131129;13.05;13.35;12.86;12.95;697086;9023606.00
20131202;12.68;12.68;11.68;11.89;1911675;23249116.00
20131203;11.80;12.18;11.73;12.15;573963;6891406.50
20131204;12.14;12.39;12.12;12.16;858877;10483963.00
20131205;12.28;12.28;11.97;11.97;610417;7346046.00
20131206;11.95;12.02;11.86;11.89;485479;5790054.00
20131209;11.89;12.15;11.89;12.00;512483;6171775.00
20131210;12.00;12.15;11.96;12.01;605176;7290633.00
20131211;12.10;12.10;11.79;11.84;465112;5527826.50
20131212;11.84;12.00;11.80;11.88;527909;6272559.00
20131213;11.85;12.15;11.85;12.03;557859;6717375.00
20131216;12.03;12.28;12.03;12.20;980224;11905303.00
20131217;12.28;12.43;12.00;12.08;541046;6574553.50
20131218;12.17;12.81;11.98;12.64;1565515;19432014.00
20131219;12.64;12.90;12.32;12.51;2038202;25731560.00
20131220;12.40;12.50;12.01;12.09;670351;8218693.00
20131223;12.15;12.28;11.85;11.85;546100;6556947.50
20131224;11.90;12.09;11.85;11.98;453051;5416818.50
20131225;12.04;12.60;11.98;12.29;778097;9543056.00
20131226;12.25;12.48;12.10;12.19;636400;7797550.00
20131227;12.33;12.38;12.13;12.30;543907;6676950.50
20131230;12.30;12.36;12.10;12.20;628922;7695287.50
20131231;12.10;12.45;12.10;12.26;754623;9254574.00
20140102;12.26;12.37;11.05;12.21;760308;9223581.00
20140103;12.21;12.26;11.92;11.98;617544;7435358.50
20140106;11.87;12.14;11.50;11.55;516939;6010268.50
20140107;11.35;11.59;11.29;11.38;746434;8483183.00
20140108;11.46;11.48;11.35;11.48;720320;8225537.50
20140109;11.40;11.85;11.40;11.55;760670;8872829.00
20140110;11.73;11.88;11.53;11.87;1099468;12976140.00
20140113;11.72;11.98;11.71;11.79;364520;4317686.00
20140114;11.82;12.10;11.68;11.89;440480;5187201.50
20140115;11.89;12.08;11.60;11.77;726177;8537178.00
20140116;11.77;11.77;11.41;11.54;563465;6507984.00
20140117;11.45;11.45;11.00;11.08;1283209;14311190.00
20140120;11.05;11.06;10.43;10.49;1274698;13582452.00
20140121;10.59;10.84;10.49;10.67;924070;9843294.00
20140122;10.67;11.16;10.43;11.16;2529816;27297742.00
20140123;11.15;11.31;11.00;11.28;1319563;14755727.00
20140124;11.20;11.56;11.09;11.56;1667585;19040908.00
20140127;11.61;11.68;11.45;11.54;1437320;16622241.00
20140128;11.48;11.63;11.44;11.50;656652;7552770.50
20140129;11.58;11.58;11.40;11.41;761472;8755548.00
20140130;11.52;11.53;11.25;11.30;657422;7426967.00
20140207;11.17;11.63;11.01;11.53;2056853;23281332.00
20140210;11.68;11.86;11.50;11.79;2651540;30917608.00
20140211;11.82;12.40;11.60;11.96;5982036;71275800.00
20140212;11.83;12.07;11.80;11.97;4119723;49157696.00
20140213;11.86;12.00;11.68;11.94;2934389;34697088.00
20140214;11.86;12.03;11.83;11.95;5222288;62326016.00
20140217;12.33;13.15;12.20;13.15;9065391;115616360.00
20140218;13.50;14.47;13.33;14.13;19995150;282117344.00
20140219;14.14;15.08;13.89;14.47;12035374;173384352.00
20140220;14.50;14.77;13.91;14.21;6695843;95769584.00
20140221;14.04;14.95;14.04;14.60;6831438;99740376.00
20140224;14.50;16.06;14.45;16.06;10459478;163554864.00
20140225;16.33;17.66;16.11;17.16;13557083;226700432.00
20140226;17.02;17.48;16.41;17.10;10036369;168867184.00
20140227;16.73;17.16;15.39;15.46;14077484;228590736.00
20140228;15.15;15.52;14.68;15.33;7743302;117188576.00
20140303;15.00;16.68;14.65;16.45;9218130;142728128.00
20140304;16.12;17.89;16.01;17.68;10073495;172858736.00
20140305;17.57;17.85;17.15;17.40;4517476;78811912.00
20140306;17.50;18.69;17.02;17.47;6058431;107792432.00
20140307;17.10;17.80;16.67;17.75;5554662;95610568.00
20140310;17.55;17.74;16.50;16.70;5389677;91566800.00
20140311;16.31;16.83;15.40;16.25;4374087;70993608.00
20140312;16.25;16.25;15.03;15.46;2422580;37662512.00
20140313;15.45;16.38;15.41;16.00;2243625;35827500.00
20140314;16.05;16.50;15.83;16.31;1926324;31349984.00
20140317;16.35;16.98;16.05;16.87;2755248;45582908.00
20140318;16.85;17.19;16.42;16.50;2596158;43301624.00
20140319;16.26;16.50;15.46;15.66;3402268;53988972.00
20140320;15.83;15.96;15.51;15.86;3201031;50544020.00
20140321;15.61;15.85;15.10;15.73;3032919;47058924.00
20140324;15.65;16.35;15.41;16.31;3078946;49570880.00
20140325;16.31;16.95;15.80;15.93;2643890;43624104.00
20140326;15.93;17.19;15.91;17.13;4219647;70418856.00
20140327;16.79;17.00;16.23;16.49;2555456;42274164.00
20140328;16.28;16.53;14.84;14.85;3999872;61105972.00
20140331;14.86;14.88;14.01;14.25;2166210;31167614.00
20140401;14.90;15.39;14.60;15.07;2836863;42235920.00
20140402;14.85;15.06;14.15;14.49;2422002;35303692.00
20140403;14.43;14.63;14.06;14.58;1839437;26293064.00
20140404;14.58;14.71;14.21;14.43;3108295;44810660.00
20140408;14.29;14.37;13.95;14.07;3839312;53884876.00
20140409;14.05;14.73;14.02;14.61;4143570;59866112.00
20140410;14.55;14.77;14.31;14.44;2910952;42486356.00
20140411;14.46;14.65;13.71;13.83;4866265;67689112.00
20140414;13.75;13.97;13.51;13.77;5645728;77126592.00
20140415;13.79;14.07;13.71;13.96;3643943;50658440.00
20140416;13.95;14.05;13.75;13.93;3216517;44573752.00
20140417;13.98;14.15;13.85;14.10;2232415;31280944.00
20140418;14.01;14.29;13.96;14.29;3571253;50613292.00
20140421;14.27;14.93;14.10;14.60;6389087;93536328.00
20140422;14.54;14.72;14.00;14.33;3199769;45860876.00
20140423;14.32;15.33;14.16;14.82;4924976;73114240.00
20140424;14.77;15.08;14.67;14.97;3123833;46456564.00
20140425;14.72;15.00;14.66;14.66;2826623;41802268.00
20140428;14.70;14.70;13.59;13.77;2288375;31782512.00
20140429;13.59;14.19;13.51;14.04;1254242;17213466.00
20140430;13.92;14.18;13.90;13.99;959871;13466895.00
20140505;13.80;14.18;13.80;14.14;806764;11322589.00
20140506;14.12;15.28;14.04;15.03;3998133;59588300.00
20140507;15.02;15.44;14.90;15.07;2578749;38954652.00
20140508;14.91;15.34;14.82;15.18;2356975;35787452.00
20140509;15.15;15.42;14.21;14.37;2338951;34297812.00
20140512;14.42;14.80;14.04;14.58;1550683;22470508.00
20140513;14.50;14.72;14.12;14.45;1283072;18408968.00
20140514;14.45;14.80;14.23;14.73;1260558;18333116.00
20140515;14.72;14.94;14.50;14.75;1896054;27810080.00
20140516;14.73;14.73;14.10;14.37;2044322;29324274.00
20140519;14.30;14.30;13.92;14.02;2625723;36915700.00
20140520;14.15;14.54;14.15;14.23;1453742;20879608.00
20140521;14.26;14.65;14.07;14.62;1212587;17557040.00
20140522;14.62;15.18;14.59;14.88;2998042;44889784.00
20140523;14.91;15.16;14.73;15.10;1527236;22906052.00
20140526;15.10;15.95;15.00;15.81;3386913;52853144.00
20140527;15.90;15.90;15.26;15.35;2020308;31433134.00
20140528;15.33;15.85;15.18;15.73;2449918;37964468.00
20140529;15.70;15.95;15.50;15.54;1605516;25234468.00
20140530;15.51;15.59;14.99;15.15;1632203;24801790.00
20140603;15.43;15.74;15.24;15.47;1963904;30512826.00
20140604;15.47;15.50;15.13;15.26;884029;13461303.00
20140605;15.30;15.56;15.15;15.50;784674;12030171.00
20140606;15.48;16.00;15.48;15.86;2672082;42245496.00
20140609;15.80;16.59;15.70;16.14;3333952;54401952.00
20140610;16.18;16.88;16.18;16.75;3994764;66385140.00
20140611;16.75;16.85;16.43;16.81;1781957;29684116.00
20140612;16.68;16.77;16.48;16.60;1741945;28962966.00
20140613;16.55;17.10;16.23;17.04;2818078;47426332.00
20140616;17.01;17.60;17.01;17.28;4567550;79076360.00
20140617;17.12;17.45;16.30;16.50;3753218;63333444.00
20140618;16.59;17.63;16.50;17.26;2275828;38730600.00
20140619;17.34;17.60;16.03;16.32;1810442;30567870.00
20140620;16.32;17.40;16.06;16.73;2632291;44412752.00
20140623;16.75;18.40;16.61;18.40;6135988;110325192.00
20140624;18.65;18.69;17.52;17.90;13677457;244417456.00
20140625;17.79;17.85;17.12;17.70;5017999;87384520.00
20140626;17.71;19.35;17.70;19.21;6728577;125536040.00
20140627;18.86;20.35;18.60;19.65;4995750;96734104.00
20140630;19.65;20.64;18.88;20.03;3434306;68252648.00
20140701;20.13;20.41;19.46;19.85;3115040;62009312.00
20140702;19.86;19.86;19.05;19.39;3214946;62335264.00
20140703;19.20;20.33;19.16;19.66;2621070;51846576.00
20140704;19.67;19.86;18.66;18.80;3649042;69491192.00
20140707;18.70;19.06;18.25;18.40;3255540;60494696.00
20140708;18.52;19.60;18.32;19.38;3882793;74329952.00
20140709;19.25;20.33;19.03;19.39;3976450;78734968.00
20140710;19.50;20.15;19.31;19.46;2498085;49043524.00
20140711;19.12;19.38;18.55;19.08;4047014;76374720.00
20140714;19.07;19.10;18.63;19.00;2457121;46249128.00
20140715;18.99;19.80;18.58;19.38;3834451;74107008.00
20140716;19.35;19.35;18.39;18.50;3417159;63692492.00
20140717;18.36;18.36;17.65;18.04;2935057;52338596.00
20140718;18.25;18.64;17.45;17.89;2333905;42474300.00
20140721;17.88;18.64;17.59;18.25;1994675;36168660.00
20140722;18.05;18.59;18.02;18.40;745246;13711599.00
20140723;18.53;18.70;17.80;17.95;1120974;20493302.00
20140724;17.77;18.00;16.97;17.48;2733296;47260128.00
20140725;17.26;18.60;17.26;18.39;1740144;31284236.00
20140728;18.50;18.99;18.13;18.84;1604725;30005008.00
20140729;18.84;18.89;18.60;18.70;1563550;29231442.00
20140730;18.60;19.00;18.60;18.83;1404896;26466564.00
20140731;18.90;18.99;18.31;18.82;1544582;28760984.00
20140801;18.63;19.65;18.53;19.30;4837811;93314280.00
20140804;20.39;20.40;19.23;19.80;4411122;87144440.00
20140805;19.50;19.80;19.23;19.62;1842608;35873224.00
20140806;19.41;19.60;19.10;19.26;2286322;44108736.00
20140807;19.25;19.30;19.00;19.22;1171375;22426666.00
20140808;19.28;19.34;19.05;19.16;1071986;20554740.00
20140811;19.20;19.67;19.10;19.18;1926997;37287872.00
20140812;19.10;19.25;18.73;18.79;2131501;40309612.00
20140813;18.79;19.09;18.75;18.80;1228859;23203990.00
20140814;18.80;18.94;18.12;18.24;1987901;36691200.00
20140815;18.22;18.76;18.11;18.64;1521713;28097216.00
20140818;18.64;19.51;18.32;19.45;3255022;62399992.00
20140819;19.47;19.50;19.02;19.40;1638887;31590016.00
20140820;19.40;19.40;19.07;19.38;1775731;34094552.00
20140821;19.31;19.31;18.94;19.19;1310742;25015542.00
20140822;19.14;19.34;18.80;19.21;1768045;33726116.00
20140825;19.15;19.62;19.02;19.53;2298121;44646220.00
20140826;19.55;20.30;19.36;20.02;3091171;61510120.00
20140827;19.95;21.88;19.88;21.19;4496926;94474960.00
20140828;21.28;21.78;20.74;21.44;2960867;62732328.00
20140829;21.42;22.60;20.82;22.45;2946236;64750304.00
20140901;22.34;23.97;22.02;23.35;4148497;96797352.00
20140902;23.30;23.88;22.90;23.16;3022084;69879200.00
20140903;23.02;23.13;22.71;23.00;2561551;58639064.00
20140904;22.88;23.38;22.80;23.03;1664792;38292188.00
20140905;23.01;23.08;22.45;22.73;2024066;45954776.00
20140909;22.78;23.20;22.48;22.78;2373696;54030964.00
20140910;22.79;23.05;22.50;22.59;1624546;36931384.00
20140911;22.60;22.90;22.29;22.38;1998080;45054724.00
20140912;22.38;22.68;21.95;22.67;2521526;56340248.00
20140915;22.64;22.90;22.07;22.45;2456826;55133132.00
20140916;22.58;22.59;20.71;20.99;2501620;54602564.00
20140917;21.02;21.21;20.11;20.58;4144581;85633632.00
20140918;20.60;21.56;20.39;21.40;2777850;58921044.00
20140919;21.35;21.82;21.21;21.79;1434846;30954028.00
20140922;21.77;21.77;20.50;20.91;1525284;32057928.00
20140923;20.85;20.95;20.20;20.92;2115632;43732156.00
20140924;20.84;21.70;20.68;21.59;1856026;39642100.00
20140925;21.71;22.30;21.52;21.73;2131751;46983872.00
20140926;21.80;21.99;21.12;21.45;1727765;36790612.00
20140929;21.45;22.38;21.45;22.38;2344788;51875904.00
20140930;22.39;22.75;22.12;22.62;1614790;36210312.00
20141008;22.80;23.08;22.28;22.68;1526066;34574188.00
20141009;22.75;22.93;22.10;22.40;1917047;42986324.00
20141010;22.40;23.45;22.16;23.32;3068638;70146800.00
20141013;23.25;23.25;22.50;23.01;1500648;34287252.00
20141014;23.00;24.08;22.61;23.70;2858680;66918476.00
20141015;23.98;24.58;23.32;24.20;3250178;78508920.00
20141016;24.00;26.62;23.70;26.62;4224133;109681400.00
20141017;27.80;27.80;24.65;26.97;9333001;246607312.00
20141020;26.10;26.98;26.05;26.47;4654366;123094632.00
20141021;26.00;26.00;24.57;24.90;4304468;108470104.00
20141022;25.10;25.66;24.62;24.90;3326601;83404112.00
20141023;24.69;24.81;23.60;24.02;2897487;69847208.00
20141024;24.15;24.75;24.00;24.04;1905117;46440704.00
20141027;23.90;25.19;23.88;24.57;2466664;61003396.00
20141028;24.56;25.92;24.32;25.70;2369600;60026572.00
20141029;25.88;26.14;25.37;25.70;2478529;63858176.00
20141030;25.54;26.09;25.45;25.74;1995258;51509636.00
20141031;25.75;25.82;24.40;25.18;2887106;71841296.00
20141103;24.95;25.25;24.72;24.87;1815059;45272276.00
20141104;24.82;24.89;24.05;24.16;2489946;60622360.00
20141105;24.00;24.72;23.73;24.67;1586678;38257032.00
20141106;24.51;24.72;24.13;24.44;1493898;36549980.00
20141107;24.44;24.77;24.20;24.34;1774036;43430556.00
20141110;24.25;24.74;23.89;24.55;1154633;27936332.00
20141111;24.50;24.74;23.00;23.47;2290088;54045592.00
20141112;23.43;23.93;22.55;23.80;1686300;38966944.00
20141113;23.66;23.66;22.45;22.89;2444604;55810608.00
20141114;22.85;23.46;22.70;23.06;1127920;26045422.00
20141117;23.27;24.20;22.55;22.88;1729978;39854612.00
20141118;22.80;23.88;22.56;23.41;1713298;39770916.00
20141119;23.40;23.68;23.18;23.42;936869;21935566.00
20141120;23.38;23.81;23.20;23.68;1453900;34437500.00
20141121;23.68;23.86;23.06;23.78;948458;22438334.00
20141124;23.84;24.99;23.62;24.78;2907529;70895704.00
20141125;24.56;25.08;24.56;24.82;2447057;60778840.00
20141126;24.90;25.16;24.37;24.80;2180973;53995788.00
20141127;24.81;25.16;24.36;24.49;1722081;42511756.00
20141128;24.51;24.55;23.00;23.27;4433260;104042624.00
20141201;23.50;23.54;21.61;22.55;4353127;97055872.00
20141202;22.20;22.45;22.00;22.40;3029030;67272920.00
20141203;22.36;22.70;22.00;22.69;2274411;50716872.00
20141204;22.69;22.75;22.28;22.30;3263753;72998008.00
20141205;22.23;22.47;21.38;21.60;3068485;66807252.00
20141222;20.00;21.50;19.44;19.44;1293300;25552132.00
20141223;18.51;18.63;17.50;18.45;3261843;59105824.00
20141224;18.06;19.30;18.06;19.10;1590349;29967060.00
20141225;19.14;19.30;18.75;18.91;1171314;22158948.00
20141226;19.16;19.25;18.65;18.87;826361;15682720.00
20141229;18.98;19.00;16.98;17.24;3723234;64846500.00
20141230;17.15;17.15;16.61;16.80;2149847;36099928.00
20141231;16.86;17.59;16.83;17.07;2707821;46460216.00
20150105;17.08;17.32;16.30;17.09;2610878;43942064.00
20150106;17.02;17.87;16.89;17.80;3009950;52385752.00
20150107;17.71;18.12;17.50;17.88;2098952;37388956.00
20150108;17.88;18.23;17.79;18.06;1718422;31040700.00
20150109;18.07;18.75;17.92;18.15;2315938;42713580.00
20150112;18.00;18.65;17.80;18.36;1870549;34323092.00
20150113;18.36;18.66;18.00;18.63;2558550;47195948.00
20150114;18.61;18.61;18.01;18.15;1086177;19942854.00
20150115;18.19;18.35;17.80;17.81;1641516;29557018.00
20150116;17.79;18.36;17.60;18.13;1926581;34764212.00
20150119;17.81;18.59;17.30;18.29;2753605;50277540.00
20150120;18.67;20.12;18.50;20.12;2595787;50441888.00
20150121;21.50;22.00;20.61;21.06;8850965;188461104.00
20150122;20.87;21.26;20.50;20.95;5531019;115593800.00
20150123;20.78;21.50;20.65;21.48;3859645;81364904.00
20150126;21.15;21.55;21.02;21.50;2841227;60609512.00
20150127;21.60;21.63;20.75;21.15;2104991;44598752.00
20150128;21.00;21.50;20.75;21.10;2003996;42238524.00
20150129;20.82;21.25;20.68;20.76;1524611;31861046.00
20150130;20.43;20.94;20.21;20.46;1550904;31835048.00
20150202;20.21;20.75;20.10;20.30;1088656;22235318.00
20150203;20.30;20.83;20.20;20.83;2580588;52886780.00
20150204;20.81;20.82;20.28;20.44;1721921;35295040.00
20150205;20.55;20.70;20.18;20.23;1882047;38487928.00
20150206;20.00;20.00;18.44;18.90;2534825;48624760.00
20150209;18.62;19.09;18.58;18.69;984984;18518388.00
20150210;18.70;18.79;18.52;18.69;1218217;22763462.00
20150211;18.70;18.95;18.58;18.80;2460173;46173972.00
20150212;18.97;19.60;18.81;19.23;2207123;42585068.00
20150213;19.28;19.98;19.28;19.58;2438786;47953200.00
20150216;19.60;20.68;19.41;20.68;3009032;60533540.00
20150217;20.69;20.71;19.88;20.33;2586521;52224952.00
20150225;20.30;20.30;19.77;19.85;1716124;34265284.00
20150226;19.77;19.89;19.59;19.71;2805375;55302152.00
20150227;19.80;20.67;19.80;20.65;3202222;64702444.00
20150302;20.88;20.98;20.41;20.64;4052863;83694168.00
20150303;20.70;20.70;20.16;20.20;4929058;100467232.00
20150304;20.19;21.73;20.13;21.66;8147438;173338448.00
20150305;21.40;23.10;21.23;22.24;8737401;195691568.00
20150306;22.24;22.70;21.72;22.31;5036012;111735184.00
20150309;22.21;22.98;21.77;22.73;4553836;102858456.00
20150310;22.75;23.88;22.70;23.16;5155269;120593160.00
20150311;23.04;23.04;22.20;22.28;4416346;99460152.00
20150312;22.31;22.88;21.98;22.09;3813994;85265256.00
20150313;22.17;22.55;22.08;22.48;2747724;61292032.00
20150316;22.70;23.32;22.55;22.83;4988125;114266552.00
20150317;22.90;23.09;22.58;22.87;4762531;108853504.00
20150318;22.83;23.69;22.80;23.57;5561121;129503032.00
20150319;23.63;23.87;23.11;23.43;4362769;102503088.00
20150320;23.58;24.40;23.31;24.33;6245444;149359056.00
20150323;24.48;24.90;24.12;24.68;5225707;127794008.00
20150324;24.46;24.55;23.29;24.42;7139729;171774496.00
20150325;24.20;25.35;23.77;25.35;12255897;303630240.00
20150326;25.00;25.35;23.86;24.90;6021085;148569184.00
20150327;24.89;25.13;24.30;24.83;4342593;107059336.00
20150330;25.48;26.00;24.59;24.65;3988798;99645760.00
20150331;24.65;25.18;24.50;24.66;4767074;117805472.00
20150401;24.74;24.98;24.40;24.85;6443524;159051024.00
20150402;24.89;25.56;24.80;25.32;7478840;187760352.00
20150403;25.29;25.89;25.01;25.86;7227059;184295152.00
20150407;25.88;27.48;25.65;26.97;8510971;225923568.00
20150408;26.97;27.45;25.55;27.00;8744412;232650352.00
20150409;27.00;27.85;25.00;26.89;10151906;268994816.00
20150410;26.78;27.72;26.07;27.29;10779416;293050144.00
20150413;27.41;28.90;26.45;28.26;9365153;257280304.00
20150414;28.32;30.67;27.62;30.00;10179333;298858592.00
20150415;29.90;29.90;28.10;28.10;5746522;165520864.00
20150416;28.82;29.78;27.65;27.71;7243847;208099888.00
20150417;27.01;27.54;26.32;26.67;11419820;304969952.00
20150420;26.40;26.40;24.90;25.43;9120709;232746272.00
20150421;25.17;26.58;25.14;26.34;7315479;189822384.00
20150422;26.39;27.62;26.20;27.02;6991548;187697824.00
20150423;27.13;27.15;26.40;26.80;5174807;138378336.00
20150424;27.00;28.50;27.00;28.22;11519362;321524768.00
20150427;28.45;29.25;27.70;28.00;8926086;252092512.00
20150428;28.00;28.20;25.57;26.04;7161976;190221712.00
20150429;26.17;27.00;26.00;26.68;3861091;102416664.00
20150430;26.69;27.85;26.69;26.85;4609999;125613176.00
20150504;26.70;26.92;26.15;26.58;3021550;80121224.00
20150505;26.40;27.20;25.58;26.80;5735289;151843632.00
20150506;26.80;28.08;26.80;27.25;9704496;266538176.00
20150507;27.39;27.64;25.57;25.57;5610265;148943936.00
20150508;25.80;26.63;25.80;26.56;5071109;132819952.00
20150511;26.60;28.10;26.42;28.00;11077443;305900576.00
20150512;28.18;28.78;27.55;28.55;12231069;345583904.00
20150513;28.00;31.41;27.70;30.58;19243000;575517120.00
20150514;30.11;31.29;29.40;30.70;14977010;455392160.00
20150515;30.33;30.66;29.50;30.04;8789152;264166016.00
20150518;30.04;31.56;30.00;30.81;9986992;308750432.00
20150519;30.81;31.16;30.11;31.06;8983987;274878304.00
20150520;31.18;32.20;30.61;30.89;10417921;328720544.00
20150521;30.69;33.70;30.40;33.59;11432103;369505248.00
20150522;33.86;34.20;32.05;32.80;9393883;309360160.00
20150525;32.40;33.62;31.88;33.10;8167720;267552096.00
20150526;33.50;34.86;32.80;34.22;10021783;340054624.00
20150527;34.50;34.70;33.00;33.53;9440460;316474400.00
20150528;33.60;35.20;31.00;31.10;11268697;377887456.00
20150529;31.10;32.89;30.02;32.38;8830870;280307904.00
20150601;33.01;34.70;33.00;34.51;9761998;333175072.00
20150602;35.05;37.96;34.58;37.96;12263027;447699744.00
20150603;39.00;39.89;36.14;39.00;11805044;451152128.00
20150604;38.60;38.85;35.15;37.95;9188491;340377760.00
20150605;38.05;39.90;37.10;38.15;8917352;346445472.00
20150608;37.59;37.80;35.58;36.30;8575141;310627168.00
20150609;36.00;36.90;35.21;36.03;5406905;194116432.00
20150610;35.75;38.10;34.18;37.54;7197083;266603408.00
20150611;37.20;39.82;37.00;39.50;8912606;343201600.00
20150612;39.60;40.87;38.85;39.26;9381897;373741664.00
20150615;38.78;39.80;37.39;37.60;7556064;290180832.00
20150616;36.80;41.36;36.09;37.99;12410021;480983456.00
20150617;38.50;40.85;37.00;39.60;10328200;401856896.00
20150618;39.60;41.87;39.00;39.38;12960204;523540448.00
20150619;37.00;38.10;35.44;35.44;9830149;355515904.00
20150623;34.62;35.38;31.90;34.23;6731538;226959472.00
20150624;35.00;35.63;33.12;34.80;7973749;274546592.00
20150625;34.59;35.26;31.63;32.35;6459559;219886064.00
20150626;31.10;31.10;29.12;29.12;6691749;199950656.00
20150629;30.00;30.02;26.21;26.21;9474666;255166864.00
20150630;25.98;27.75;23.59;27.29;11764731;298045280.00
20150701;26.26;28.42;24.60;24.60;9710781;263573440.00
20150702;24.20;25.00;22.14;22.14;10336157;239683888.00
20150703;21.12;23.39;19.93;20.20;12037406;254762080.00
20150706;22.22;22.22;18.30;21.37;14431971;300733024.00
20150707;20.30;20.88;19.23;19.23;4724543;93440704.00
20150708;17.31;17.31;17.31;17.31;498100;8622111.00
20150714;19.04;19.04;19.04;19.04;123108;2343976.25
20150715;20.94;20.94;20.20;20.94;15810935;330719264.00
20150716;20.50;22.95;19.28;22.27;17961861;386987552.00
20150717;22.45;24.50;22.39;24.50;12802114;305356288.00
20150720;25.28;26.43;24.51;25.70;16209351;414850944.00
20150721;26.00;27.29;25.02;26.40;12181194;323172672.00
20150722;25.80;26.80;25.53;26.45;10378084;270627744.00
20150723;26.55;27.31;25.92;27.10;12435402;330634368.00
20150724;26.92;28.81;26.65;26.95;12395184;341083040.00
20150727;26.26;27.70;24.26;24.26;11906057;314859872.00
20150728;22.21;25.90;22.20;24.65;12464140;297679040.00
20150729;25.00;26.51;23.13;26.40;10281871;254549328.00
20150730;25.87;26.93;24.50;24.97;11054812;289495968.00
20150731;23.71;24.95;22.80;23.00;9960249;238849952.00
20150803;22.98;23.33;20.70;20.99;10697551;236509920.00
20150804;20.98;23.09;20.77;23.09;10023692;220063488.00
20150805;23.03;23.95;22.66;23.02;10492782;244419792.00
20150806;22.34;23.45;22.01;23.08;6146939;141669280.00
20150807;23.65;24.36;23.25;24.18;9534728;228136240.00
20150810;24.50;25.99;24.38;25.69;9406437;237215440.00
20150811;25.70;26.97;25.01;26.48;13526564;350551616.00
20150812;26.19;26.81;25.53;25.56;9359528;244738160.00
20150813;25.75;26.20;25.07;26.20;7734609;200073776.00
20150814;26.20;26.69;25.80;26.16;7567444;198505360.00
20150817;25.99;26.19;25.24;26.19;7350664;188770000.00
20150818;26.16;26.27;23.57;23.57;8759935;219511920.00
20150819;22.86;24.24;21.88;24.13;7452036;172285392.00
20150820;23.65;24.06;22.50;22.80;6037645;141678496.00
20150821;22.11;22.75;21.00;21.15;5670182;124870536.00
20150824;20.00;20.35;19.04;19.04;5516140;106400176.00
20150825;17.27;18.30;17.14;17.14;7012335;122772504.00
20150826;17.45;18.44;16.74;17.50;8813207;155948128.00
20150827;18.11;19.25;17.78;19.25;9945464;184450272.00
20150828;19.83;20.68;19.34;20.58;10333241;205733168.00
20150831;20.27;20.30;18.80;18.85;8481917;164831648.00
20150901;18.71;18.71;17.62;17.88;6121607;111525464.00
20150902;17.30;19.38;17.00;17.89;5673692;103356680.00
20150907;18.38;19.68;18.30;19.13;7881311;150591744.00
20150908;18.80;20.69;18.65;20.30;5422827;105216656.00
20150909;20.34;21.14;20.06;20.55;7371138;151672576.00
20150910;20.00;20.58;19.90;20.06;3859969;78217064.00
20150911;20.12;20.55;19.60;20.19;3644707;73515448.00
20150914;20.50;20.50;18.17;18.17;4634241;87884352.00
20150915;17.61;18.35;17.00;17.26;4073803;71962648.00
20150916;17.55;18.99;17.38;18.95;5240615;95332240.00
20150917;18.62;19.48;18.38;18.49;5590156;105957048.00
20150918;18.48;18.75;18.16;18.58;3515102;64834400.00
20150921;18.25;20.16;18.02;20.03;6382447;123122528.00
20150922;20.04;20.40;19.72;20.03;5957832;119878360.00
20150923;19.60;20.08;19.45;19.70;3129982;61779636.00
20150924;19.74;20.16;19.62;19.91;2822333;56189100.00
20150925;19.85;20.08;18.58;18.84;3749522;71786024.00
20150928;19.00;19.56;18.70;19.50;2541852;48869688.00
20150929;19.10;19.26;18.89;19.25;3117949;59524804.00
20150930;19.40;19.90;19.00;19.83;4340638;84713712.00
20151008;21.00;21.24;20.41;20.64;7905919;164533904.00
20151009;20.50;22.02;20.33;21.38;8033192;169582304.00
20151012;21.38;22.97;21.37;22.50;7729258;172816704.00
20151013;22.37;22.85;22.18;22.62;4246935;95490208.00
20151014;22.54;22.60;21.77;22.15;5254144;116188800.00
20151015;22.12;23.11;22.05;23.08;5510581;125088400.00
20151016;23.30;23.54;22.50;23.13;6966299;159842432.00
20151019;23.13;23.24;21.84;22.31;7372112;165439568.00
20151020;22.28;23.14;22.20;23.04;6474285;147410368.00
20151021;22.81;23.45;20.93;21.08;8194435;183279936.00
20151022;21.29;23.19;21.29;23.19;13389223;306897056.00
20151023;25.00;25.51;24.50;25.51;10280111;259680448.00
20151026;26.50;26.50;24.40;25.39;17360207;438884096.00
20151027;24.65;27.93;24.12;27.93;16711002;434427072.00
20151028;27.00;27.87;26.01;26.44;14822181;400319680.00
20151029;26.80;27.66;26.25;26.55;11196773;301804288.00
20151030;26.50;26.51;25.20;25.60;8604780;221783168.00
20151102;24.50;25.44;24.50;24.70;8158633;203447072.00
20151103;24.72;25.17;24.35;24.75;5088704;126063384.00
20151104;24.95;27.23;24.95;27.23;16305500;436603040.00
20151105;27.19;27.67;26.40;26.76;14079462;379255168.00
20151106;26.80;29.07;26.80;28.00;14201558;398430816.00
20151109;28.00;28.98;27.00;28.36;12218938;344063904.00
20151110;27.90;29.26;27.70;28.25;9823857;279744064.00
20151111;28.03;29.27;27.84;29.10;10590376;301706240.00
20151112;29.10;29.30;28.02;28.52;10084436;288145440.00
20151113;27.88;28.40;27.51;27.51;7928980;220980336.00
20151116;27.05;28.38;26.80;28.38;5011058;138239248.00
20151117;28.70;28.98;27.40;27.51;6873086;194099472.00
20151118;27.54;27.89;26.66;26.67;5166572;140829200.00
20151119;26.67;27.85;26.65;27.80;5068881;138026752.00
20151120;28.49;29.90;28.30;28.67;12023436;347852640.00
20151123;28.40;30.38;28.20;29.40;10891104;320897248.00
20151124;29.21;31.45;28.50;31.00;11179004;335655584.00
20151125;30.62;31.58;30.31;30.97;10272189;318006496.00
20151126;31.00;31.20;29.61;29.72;7766049;235051984.00
20151127;29.70;30.40;26.80;27.80;7668044;223501904.00
20151130;28.10;29.33;26.81;29.00;8083352;228070704.00
20151201;28.90;29.88;28.22;28.77;6053688;176901936.00
20151202;28.51;28.86;26.80;27.67;5547843;153458848.00
20151203;27.90;28.96;27.82;28.80;4651793;132032664.00
20151204;28.78;30.99;28.78;30.00;10416249;313467968.00
20151207;30.01;30.29;29.38;30.24;5736943;171312256.00
20151208;29.88;30.18;29.30;29.66;4567428;135710704.00
20151209;29.52;30.13;28.65;28.83;4985567;146274592.00
20151210;28.80;29.12;28.30;28.99;4342936;124997064.00
20151211;28.60;28.98;27.80;27.86;4741800;134138792.00
20151214;27.40;28.44;27.00;28.42;4234427;116772896.00
20151215;28.03;29.18;28.03;28.57;3716456;106823136.00
20151216;28.69;28.92;28.46;28.61;3887744;111455248.00
20151217;28.90;29.99;28.81;29.93;6342216;187352304.00
20151218;30.10;30.21;29.33;29.69;4702741;139619296.00
20151221;29.10;30.00;29.01;29.72;5322895;156619104.00
20151222;29.51;29.70;29.15;29.58;3831347;112546976.00
20151223;29.38;29.77;28.80;28.80;4012367;117913152.00
20151224;28.50;28.70;27.56;28.06;4106783;114792704.00
20151225;28.15;28.69;27.93;28.33;3448088;97459656.00
20151228;28.65;28.98;27.90;27.92;4088447;116280408.00
20151229;28.05;28.20;27.66;28.10;3989700;111623008.00
20151230;28.28;29.05;28.10;28.88;4445610;127220848.00
20151231;28.88;28.88;27.80;27.96;3097421;87530520.00
20160104;27.65;27.82;25.16;25.18;3643888;95962304.00
20160105;23.80;25.23;23.21;24.01;4701589;114179288.00
20160106;24.13;24.55;23.08;24.40;4713222;112901264.00
20160107;23.84;23.96;21.96;21.96;1223550;28238938.00
20160108;22.60;22.87;21.01;22.09;6354878;141112208.00
20160111;21.60;21.88;20.10;20.10;5204978;110227672.00
20160112;20.28;21.27;20.08;20.93;4580194;94913944.00
20160113;21.00;21.55;20.56;20.81;4292784;90568832.00
20160114;20.00;22.30;19.73;22.24;5898918;125837584.00
20160115;21.79;22.11;20.70;21.17;4753253;102278992.00
20160118;20.80;22.58;20.51;22.08;5255879;115261352.00
20160119;21.96;23.08;21.64;22.87;5271111;118145992.00
20160120;22.56;23.23;22.41;22.81;4692386;107327648.00
20160121;22.49;23.55;22.18;22.22;4026388;92027248.00
20160122;22.42;22.95;22.02;22.60;2577824;58058820.00
20160125;22.91;22.91;22.36;22.51;2138610;48493112.00
20160126;22.35;22.75;20.51;20.85;3641310;80134680.00
20160127;21.20;21.85;19.88;21.65;3905054;81758328.00
20160128;21.18;22.06;20.89;21.00;3464050;74574416.00
20160129;21.03;22.27;20.55;21.97;2783698;60125824.00
20160201;21.80;22.00;21.42;21.86;2021981;43845388.00
20160202;21.82;22.80;21.03;22.49;4741365;104160808.00
20160203;22.00;22.30;21.60;22.12;2634986;57688956.00
20160204;22.26;22.69;22.16;22.54;2961146;66603944.00
20160205;22.50;22.57;22.09;22.09;1603649;35800756.00
20160215;21.30;21.92;21.05;21.78;1417761;30559630.00
20160216;21.93;22.66;21.79;22.62;3299753;74066776.00
20160217;22.50;23.50;22.41;23.40;4017394;91583216.00
20160218;23.38;23.59;23.02;23.13;3295815;76769272.00
20160219;23.00;23.48;22.92;23.21;2262935;52434132.00
20160222;23.50;23.89;23.31;23.52;3012877;71040136.00
20160223;23.53;23.69;22.50;22.97;3006303;69289632.00
20160224;22.94;23.30;22.70;23.29;3146309;72550496.00
20160225;23.30;23.30;20.96;20.96;3882341;84764736.00
20160226;20.69;21.24;20.53;20.89;2433826;50842780.00
20160229;20.79;20.80;18.93;19.15;2936625;56396800.00
20160301;19.20;19.78;19.00;19.56;2013423;38804808.00
20160302;19.80;20.55;19.56;20.49;2346027;47077724.00
20160303;20.45;21.32;20.19;20.50;2981071;62021352.00
20160304;20.40;20.62;19.51;19.76;1928284;38678760.00
20160307;19.94;20.47;19.80;20.05;2272307;45620408.00
20160308;20.00;20.00;18.68;19.84;3044080;58588712.00
20160309;19.21;19.83;19.04;19.17;3107312;60175028.00
20160310;19.18;19.46;18.90;18.96;1889207;36241904.00
20160311;18.76;19.15;18.61;18.91;1120353;21200276.00
20160314;19.28;19.94;19.18;19.60;2661837;52284316.00
20160315;19.58;19.82;19.39;19.82;2103867;41272104.00
20160316;19.92;20.12;19.28;19.40;1930806;37838836.00
20160317;19.67;20.20;19.40;20.15;2866194;57077148.00
20160318;20.20;21.15;20.09;21.08;4329200;89697272.00
20160321;21.34;22.13;21.13;21.72;5035573;108827088.00
20160322;21.40;22.02;21.30;21.33;4204414;90613552.00
20160323;21.30;21.59;20.80;21.33;4301992;90875032.00
20160324;21.15;21.54;20.86;21.12;3564984;75456192.00
20160325;21.09;21.37;20.85;21.14;1712087;36153348.00
20160328;21.28;21.62;21.00;21.17;3127754;66929564.00
20160329;21.17;21.25;20.30;20.48;2160036;44637980.00
20160330;20.55;21.49;20.55;21.38;2509658;52752004.00
20160331;21.44;21.93;21.29;21.34;2628180;56716764.00
20160401;21.34;21.41;20.85;21.24;2360151;49852492.00
20160405;21.24;22.30;21.14;22.20;4348651;95362832.00
20160406;22.04;22.50;21.90;22.20;2792206;61997596.00
20160407;22.48;22.59;21.86;21.93;3042312;67362184.00
20160408;21.61;21.85;21.33;21.63;2684301;58004732.00
20160411;23.79;23.79;23.79;23.79;1793501;42667388.00
20160412;25.16;26.17;25.02;25.84;19352380;494410976.00
20160413;25.30;28.11;25.10;27.12;17713190;461605120.00
20160414;27.37;28.06;26.50;27.23;15157705;414841728.00
20160415;27.13;27.38;26.68;26.76;7730681;207819872.00
20160418;26.80;26.80;25.45;26.00;7809020;202450928.00
20160419;26.02;26.29;25.69;26.17;5092758;132295288.00
20160420;26.13;26.16;23.68;24.23;8359025;207010464.00
20160421;24.20;24.79;24.00;24.26;5107273;124702488.00
20160422;24.03;24.98;23.81;24.98;4793947;117866024.00
20160425;24.60;24.67;23.92;24.35;3670892;89146696.00
20160426;24.39;24.80;24.08;24.78;3901776;95114752.00
20160427;24.65;24.96;24.52;24.68;4099798;101446112.00
20160428;24.78;24.91;24.17;24.80;4019842;98868352.00
20160429;24.61;24.96;24.56;24.92;3373005;83547072.00
20160503;24.78;25.85;24.70;25.85;5564165;141523440.00
20160504;25.60;25.93;25.45;25.59;4547853;116738920.00
20160505;25.66;25.99;25.41;25.92;4249239;109156352.00
20160506;26.02;26.10;24.60;24.63;5607819;142192112.00
20160509;24.50;24.50;23.28;23.43;4012714;95109136.00
20160510;23.90;24.19;23.50;23.78;3669490;87587280.00
20160511;23.98;24.10;23.54;23.54;2480398;59125644.00
20160512;23.00;23.50;22.66;23.50;2581278;59532572.00
20160513;23.42;23.99;23.42;23.64;2572632;61060656.00
20160516;23.88;23.94;23.31;23.89;3159979;74921800.00
20160517;11.58;12.18;11.30;11.88;11699544;137000432.00
20160518;11.60;11.60;10.90;11.05;7624217;85769312.00
20160519;11.12;11.29;10.81;10.89;4828272;53551800.00
20160520;10.70;10.84;10.50;10.83;5320903;56863768.00
20160523;10.80;11.09;10.78;11.08;5857246;64163488.00
20160524;11.05;11.05;10.76;10.79;3081525;33488538.00
20160525;10.92;11.07;10.81;10.86;3195638;34916420.00
20160526;10.75;10.91;10.53;10.84;3248974;34700476.00
20160527;10.85;10.93;10.72;10.79;2472948;26770644.00
20160530;10.65;10.84;10.61;10.67;2086662;22390412.00
20160531;10.67;11.28;10.67;11.22;7958810;88541904.00
20160601;11.29;11.50;11.21;11.36;7010582;79613248.00
20160602;11.35;11.52;11.26;11.50;6568260;74906184.00
20160603;11.49;11.50;11.29;11.40;6280623;71556688.00
20160606;11.44;11.54;11.35;11.39;4425000;50534480.00
20160607;11.42;11.44;11.26;11.34;3838726;43486504.00
20160608;11.32;11.32;11.15;11.28;3910810;43932116.00
20160613;11.10;11.15;10.53;10.53;5018337;54835396.00
20160614;10.40;10.65;10.36;10.50;2815680;29526336.00
20160615;10.35;10.85;10.30;10.77;4520578;48251692.00
20160616;10.71;10.75;10.55;10.58;5516012;58589540.00
20160617;10.63;10.96;10.59;10.76;5040391;54476740.00
20160620;10.61;10.85;10.60;10.79;3410765;36431972.00
20160621;10.83;10.92;10.60;10.64;3568804;38438024.00
20160622;10.64;10.83;10.58;10.80;3510762;37666240.00
20160623;10.74;10.95;10.72;10.84;4161992;45111428.00
20160624;10.84;10.94;10.33;10.64;4288371;45995744.00
20160627;10.52;10.90;10.52;10.90;4281453;46248004.00
20160628;11.00;11.28;10.90;11.25;6554522;73165072.00
20160629;11.25;11.33;11.12;11.25;5118870;57476232.00
20160630;11.26;11.30;11.15;11.24;3592689;40321824.00
