20100210;16.98;19.45;16.80;18.07;13107053;234520480.00
20100211;17.22;17.69;17.08;17.35;5803326;100552080.00
20100212;17.33;18.50;17.31;18.08;5263919;93998584.00
20100222;18.11;18.45;17.61;18.19;4513147;81306496.00
20100223;18.05;18.60;17.71;18.52;5158297;94125496.00
20100224;18.39;19.40;18.30;19.19;6095316;115543104.00
20100225;18.98;19.68;18.84;19.34;6120877;117776680.00
20100226;19.21;19.97;19.12;19.20;4199508;81816016.00
20100301;19.20;20.10;19.20;20.00;4613204;91162808.00
20100302;20.05;20.16;19.60;20.06;4701207;93651592.00
20100303;20.00;20.42;19.80;20.07;4319831;87030680.00
20100304;20.05;20.10;19.21;19.29;4415929;86694872.00
20100305;19.55;19.96;19.42;19.88;3400549;67047076.00
20100308;19.72;20.20;19.70;20.14;2636768;52759080.00
20100309;20.17;20.17;19.70;19.98;1993490;39775968.00
20100310;20.00;20.27;19.85;20.15;2246145;45067300.00
20100311;19.99;19.99;19.33;19.60;3075242;60298460.00
20100312;19.58;20.94;19.50;20.27;4973872;101044096.00
20100315;20.26;20.47;19.83;20.15;2363885;47440552.00
20100316;20.00;20.00;19.60;19.95;1788245;35415424.00
20100317;19.98;20.18;19.68;20.14;2439769;48780520.00
20100318;20.05;20.53;20.05;20.44;2900435;59020068.00
20100319;20.44;20.60;20.28;20.39;1954589;39891736.00
20100322;20.39;20.48;19.88;19.95;2537325;50788404.00
20100323;19.95;20.15;19.90;19.96;1648235;32958886.00
20100324;20.05;20.86;19.96;20.50;4203652;86127624.00
20100325;20.55;22.32;20.33;21.67;5923413;126946504.00
20100326;21.22;22.10;20.90;21.80;3419063;73727256.00
20100329;21.88;22.10;21.32;21.95;2906345;63118680.00
20100330;22.00;24.15;21.82;24.15;5649664;132676032.00
20100401;24.66;24.95;23.42;24.19;6760006;163148064.00
20100402;23.95;23.95;23.37;23.54;3619311;85320592.00
20100406;23.52;24.18;23.52;24.00;2609882;62323380.00
20100407;23.85;24.88;23.65;24.67;3214817;77998432.00
20100408;24.66;24.66;23.66;23.66;3185781;77173000.00
20100409;23.65;24.28;23.46;24.04;1989818;47444636.00
20100412;24.30;24.80;24.15;24.77;3301567;80999056.00
20100413;24.70;25.49;22.50;23.31;4512442;108024928.00
20100414;23.00;23.43;22.67;23.38;1571368;36442412.00
20100415;23.20;24.10;22.76;22.99;1890892;44390136.00
20100416;22.78;23.49;22.55;23.01;1147716;26486260.00
20100419;22.89;23.56;22.66;23.30;2170751;50576444.00
20100420;23.10;23.41;22.60;23.39;1684755;38725644.00
20100421;23.20;24.44;23.12;24.33;3118988;74675824.00
20100422;24.05;24.67;23.85;24.19;2414673;58533468.00
20100423;24.05;25.02;24.05;24.91;3138394;77090408.00
20100426;24.93;25.31;24.51;24.60;2541036;63275624.00
20100427;24.25;24.42;22.65;22.99;2452721;57056976.00
20100428;22.55;22.88;21.09;21.23;2438498;53125892.00
20100429;21.71;22.03;21.06;21.06;1797985;38842080.00
20100430;20.89;21.25;20.02;20.35;1518020;31143596.00
20100504;19.99;20.80;19.62;20.60;897574;18430084.00
20100505;20.22;21.64;20.20;21.50;1240775;26249656.00
20100506;21.38;21.68;20.66;20.66;1573617;33328998.00
20100507;20.30;21.56;20.05;21.00;1287736;27193952.00
20100510;21.00;21.00;18.90;18.90;4432385;84654080.00
20100511;19.18;19.36;18.61;19.09;2963154;56233480.00
20100512;18.98;19.32;17.65;18.13;2251173;41438160.00
20100513;18.31;18.78;18.08;18.69;2845526;52222560.00
20100514;18.35;18.59;18.20;18.34;1963330;36119616.00
20100517;18.34;18.34;16.70;16.78;2063552;36105976.00
20100518;16.77;17.30;16.39;17.05;1818219;30682628.00
20100519;16.95;17.50;16.87;17.31;1820917;31397806.00
20100520;17.19;17.57;16.91;17.01;1443934;24940042.00
20100521;16.50;17.43;16.26;17.40;1699438;28827202.00
20100524;18.00;18.30;17.53;18.16;2644263;47691992.00
20100525;18.05;18.49;17.83;18.05;2429624;43914904.00
20100526;17.99;18.38;17.96;18.16;1664879;30222406.00
20100527;18.16;18.85;18.00;18.78;2906052;53730200.00
20100528;18.95;18.98;18.38;18.55;2352484;43813044.00
20100531;18.45;18.66;17.58;17.60;2015031;36549324.00
20100601;17.48;17.69;16.47;17.08;1661280;28366604.00
20100602;16.95;17.40;16.52;17.35;1295175;21933238.00
20100603;17.35;17.58;17.10;17.10;1519212;26440392.00
20100604;16.95;17.41;16.83;17.35;1028976;17665382.00
20100607;17.25;18.25;17.00;18.09;2743802;48957624.00
20100608;18.09;18.44;17.89;18.20;2134724;38854428.00
20100609;18.22;18.46;18.07;18.46;1879480;34447192.00
20100610;18.57;18.83;18.42;18.57;2095675;39021008.00
20100611;18.62;18.72;18.28;18.56;1850992;34202528.00
20100617;18.60;18.75;18.00;18.01;1514434;27858198.00
20100618;18.00;18.09;17.01;17.14;1393226;24444392.00
20100621;17.13;17.62;16.80;17.59;1099331;19081794.00
20100622;17.57;17.83;17.50;17.64;947934;16755259.00
20100624;17.64;17.79;17.41;17.58;869300;15312548.00
20100625;17.37;17.65;17.12;17.20;680822;11772494.00
20100628;17.04;17.48;17.04;17.28;584066;10094315.00
20100629;17.27;17.37;16.33;16.33;1266229;21124366.00
20100630;16.26;16.26;15.81;16.06;696582;11152052.00
20100701;16.02;16.40;15.92;16.07;515391;8311082.00
20100702;16.08;16.16;15.33;15.92;711216;11242160.00
20100705;15.80;16.70;15.55;16.40;1480607;24010798.00
20100706;16.34;16.67;16.18;16.64;1087982;17986996.00
20100707;16.65;16.75;16.35;16.65;708065;11701578.00
20100708;16.65;16.85;16.36;16.50;716379;11885974.00
20100709;17.00;18.10;16.90;17.72;3610231;63731320.00
20100712;17.42;17.92;17.21;17.74;1914636;33840544.00
20100713;17.73;18.45;17.40;18.27;3398804;61234284.00
20100714;18.34;18.42;17.97;18.24;2487905;45271140.00
20100715;18.00;18.27;17.29;17.29;1970902;34979828.00
20100716;17.08;17.27;16.68;17.13;1248958;21213122.00
20100719;16.80;17.90;16.72;17.90;1561981;27350840.00
20100720;17.85;18.39;17.80;18.38;2601963;47211968.00
20100721;18.38;18.74;18.13;18.62;2646742;49006660.00
20100722;18.62;19.56;18.38;19.36;3353087;63903388.00
20100723;19.32;19.55;19.02;19.55;2692313;51957476.00
20100726;19.64;19.74;19.30;19.46;2065014;40199668.00
20100727;19.47;20.46;19.15;20.41;3169833;63299456.00
20100728;20.35;21.37;20.03;21.12;2540101;52926004.00
20100729;20.98;21.38;20.80;20.87;2225634;46834380.00
20100730;20.88;21.04;20.50;20.68;1480908;30719302.00
20100802;20.71;20.88;20.30;20.81;2208985;45611152.00
20100803;20.88;20.88;20.20;20.20;1814446;37063124.00
20100804;20.19;20.48;19.74;20.26;1461815;29317476.00
20100805;20.25;22.16;20.08;21.51;3428593;72578920.00
20100806;21.22;21.70;21.00;21.60;1767995;37979740.00
20100809;21.60;21.99;21.23;21.65;1435260;31031156.00
20100810;21.80;22.50;21.11;21.18;2469549;53959816.00
20100811;21.05;22.48;21.05;22.36;3061615;67121544.00
20100812;22.10;22.45;21.88;21.99;1952389;43178700.00
20100813;21.82;22.18;21.30;22.04;1218194;26488460.00
20100816;22.04;22.42;21.93;22.06;1663832;36887600.00
20100817;22.02;22.15;21.52;21.65;2113140;45937184.00
20100818;21.69;21.80;21.11;21.41;1897923;40666556.00
20100819;21.44;22.36;21.25;22.19;2212739;48629992.00
20100820;22.17;22.17;21.40;21.74;1360161;29430024.00
20100823;21.60;21.69;21.30;21.68;1111947;23892162.00
20100824;21.59;22.96;21.30;22.49;2231838;49833492.00
20100825;22.50;22.77;21.58;21.59;1218717;26773402.00
20100826;21.60;21.78;21.30;21.50;794332;17090426.00
20100827;21.50;22.05;21.43;21.93;810716;17693680.00
20100830;21.97;22.30;21.86;22.28;933174;20684726.00
20100831;22.00;22.55;21.97;22.53;1217042;27115706.00
20100901;22.70;22.87;21.75;22.03;1454092;32366094.00
20100902;22.04;22.63;22.04;22.16;1174513;26227166.00
20100903;22.15;22.57;22.10;22.21;1180610;26327056.00
20100906;22.30;22.87;22.15;22.21;1552520;34928664.00
20100907;22.21;22.30;21.30;21.60;1776005;38371804.00
20100908;21.50;21.65;21.32;21.60;802877;17227514.00
20100909;21.75;21.76;20.50;20.84;1248588;26538034.00
20100910;20.84;21.42;20.84;21.26;747007;15815903.00
20100913;21.19;21.49;21.19;21.43;783887;16750770.00
20100914;22.39;22.39;21.52;21.68;1062507;23259566.00
20100915;21.58;21.65;20.90;20.92;842547;17925122.00
20100916;20.79;21.12;19.97;20.28;747932;15291849.00
20100917;20.28;20.44;20.16;20.22;475970;9635499.00
20100920;20.22;20.53;19.80;20.38;409390;8321546.00
20100921;20.40;20.45;20.14;20.33;210449;4261839.00
20100927;20.33;20.96;20.33;20.82;598341;12407876.00
20100928;20.82;21.02;20.70;21.02;409766;8545150.00
20100929;21.02;21.06;20.47;20.47;311249;6459487.50
20100930;20.27;20.74;20.10;20.50;317041;6508870.00
20101008;20.66;21.07;20.66;20.95;601922;12547356.00
20101011;20.95;21.07;20.73;20.83;683695;14266657.00
20101012;20.73;20.98;20.29;20.60;909072;18695362.00
20101013;20.50;20.56;20.13;20.42;681970;13831056.00
20101014;20.42;20.48;19.58;19.59;778020;15529994.00
20101015;19.35;19.49;18.55;18.66;1661968;31441728.00
20101018;18.60;19.00;18.01;18.87;892250;16503101.00
20101019;18.88;19.44;18.49;19.38;769151;14785823.00
20101020;19.09;19.75;18.90;19.19;610559;11817825.00
20101021;19.19;19.95;19.19;19.95;1039070;20468708.00
20101022;19.98;20.38;19.74;20.11;900633;18120300.00
20101025;20.11;20.60;20.10;20.47;853515;17434280.00
20101026;20.50;20.60;20.02;20.20;997113;20184748.00
20101027;20.35;20.40;19.85;19.90;735162;14809924.00
20101028;19.90;20.68;19.70;20.58;1501368;30476402.00
20101029;20.65;21.10;20.35;20.49;1430380;29796676.00
20101101;20.45;21.27;20.35;21.19;1423616;29708744.00
20101102;21.39;21.45;21.03;21.30;1271009;27064164.00
20101103;21.18;21.47;20.91;21.41;1293458;27518516.00
20101104;21.39;21.68;21.15;21.60;1224809;26305976.00
20101105;21.50;21.76;21.14;21.28;1130966;24067604.00
20101108;21.33;21.87;21.22;21.78;1988443;42948288.00
20101109;21.81;21.90;21.38;21.61;950519;20468088.00
20101110;21.55;22.19;21.30;22.07;2207940;48204624.00
20101111;22.65;24.10;22.60;22.70;4101390;94491568.00
20101112;22.20;23.00;20.63;20.70;1849721;40161360.00
20101115;20.74;22.14;20.68;22.00;1246647;26827910.00
20101116;22.00;22.80;22.00;22.25;2113713;47097732.00
20101117;22.19;22.19;20.50;20.67;1222013;26225150.00
20101118;20.80;21.40;20.80;21.31;661604;13983194.00
20101119;21.28;21.71;21.11;21.62;903411;19328644.00
20101122;21.55;22.62;21.39;22.02;1168918;25916682.00
20101123;21.81;22.24;21.00;22.16;885248;19154240.00
20101124;21.84;22.86;21.27;22.71;1620696;36620240.00
20101125;22.62;22.83;22.28;22.52;1003222;22587168.00
20101126;22.45;22.90;22.18;22.85;1441236;32550638.00
20101129;22.85;22.90;22.36;22.39;996197;22603216.00
20101130;22.39;22.46;21.41;22.16;1048396;23017966.00
20101201;22.20;22.46;21.73;22.43;683371;15181333.00
20101202;22.44;23.50;22.44;22.93;1867090;42982504.00
20101203;22.78;23.38;22.70;23.31;1859582;42992116.00
20101206;23.26;23.65;22.50;23.04;992790;22764536.00
20101207;22.63;23.47;22.35;23.40;1454859;33541380.00
20101208;23.39;23.78;22.78;22.81;1592587;36951320.00
20101209;22.71;22.78;22.36;22.42;711855;16025439.00
20101210;22.30;22.69;22.10;22.41;401187;8985417.00
20101213;22.80;23.05;22.51;22.82;773373;17665504.00
20101214;22.93;23.07;22.54;23.03;968173;22065284.00
20101215;23.05;23.38;23.05;23.26;1163269;26972472.00
20101216;23.49;23.73;23.00;23.00;1022126;23828034.00
20101217;22.92;23.20;22.30;23.20;663633;15224225.00
20101220;23.20;23.27;22.00;22.64;665608;15098398.00
20101221;22.60;22.75;22.20;22.54;492255;11085994.00
20101222;22.51;22.73;22.00;22.00;586532;13043318.00
20101223;21.88;22.14;21.75;21.81;354193;7779358.00
20101224;21.61;21.91;21.32;21.42;297941;6432515.50
20101227;21.45;21.75;20.68;20.69;408800;8718089.00
20101228;20.51;20.70;20.21;20.41;270758;5540644.50
20101229;20.66;20.71;20.40;20.71;192084;3954691.25
20101230;20.75;20.84;20.50;20.64;228962;4735413.00
20101231;20.84;21.15;20.64;21.01;258035;5384082.00
20110104;21.30;21.40;21.05;21.35;295963;6281683.50
20110105;21.17;21.99;21.17;21.81;880868;19163612.00
20110106;22.23;22.30;21.53;21.80;519351;11377300.00
20110107;21.80;22.09;21.25;21.46;352331;7628144.00
20110110;21.26;21.48;20.01;20.39;302988;6326020.50
20110111;20.39;20.56;20.18;20.50;145851;2963527.25
20110112;20.50;20.70;20.31;20.61;139906;2865112.50
20110113;20.55;20.69;20.12;20.50;150900;3096165.00
20110114;20.38;20.40;19.82;19.90;252000;5052906.00
20110117;19.90;19.90;19.05;19.12;218450;4222948.00
20110118;19.10;19.11;18.89;18.95;193768;3675779.25
20110119;18.68;19.50;18.68;19.46;247812;4778234.00
20110120;19.50;19.52;18.60;18.90;159232;3016078.00
20110121;18.90;19.18;18.58;18.95;185235;3517478.75
20110124;19.48;19.48;18.68;18.68;160100;3026020.00
20110125;18.52;18.70;18.03;18.20;247209;4523347.50
20110126;18.49;18.95;18.36;18.43;139708;2582563.50
20110127;18.43;18.66;18.18;18.66;443671;8199168.50
20110128;18.53;19.90;18.50;19.40;548971;10457197.00
20110131;19.12;19.39;18.73;19.01;528065;10033537.00
20110201;20.91;20.91;19.45;19.50;583710;11687506.00
20110209;19.19;19.96;18.91;19.67;482549;9435735.00
20110210;19.67;19.83;19.34;19.83;394649;7761121.50
20110211;19.60;20.12;19.60;19.91;324167;6460459.50
20110214;20.01;20.18;19.80;19.95;1022000;20352634.00
20110215;19.95;21.50;19.75;21.46;1771733;36439928.00
20110216;21.13;22.55;20.95;21.56;3671057;79703800.00
20110217;21.21;21.35;20.88;21.16;1459477;30783182.00
20110218;21.17;21.17;20.45;20.54;865709;17860538.00
20110221;20.21;20.76;20.21;20.57;545677;11246438.00
20110222;20.60;20.80;19.86;19.90;593039;12043729.00
20110223;19.85;20.20;19.85;20.08;379859;7623551.50
20110224;19.92;20.33;19.91;20.33;319518;6455188.50
20110225;20.35;20.40;20.12;20.16;372041;7515239.50
20110228;19.88;20.33;19.71;20.23;579515;11573676.00
20110301;20.25;20.40;20.15;20.40;584896;11853156.00
20110302;20.38;20.59;20.09;20.25;549758;11136862.00
20110303;20.26;20.45;19.70;19.75;672540;13480644.00
20110304;19.73;19.78;19.50;19.77;441722;8666870.00
20110307;19.77;21.56;19.76;21.50;2633921;54839488.00
20110308;21.10;21.67;20.88;21.12;3301683;70514544.00
20110309;21.00;21.18;20.71;20.90;1146706;23966620.00
20110310;20.99;20.99;20.45;20.51;727926;15005393.00
20110311;20.26;20.58;20.26;20.48;617299;12604638.00
20110314;20.15;21.10;20.15;20.88;819149;17075478.00
20110315;20.72;20.99;20.15;20.48;667174;13572480.00
20110316;20.25;20.80;20.25;20.80;473393;9788211.00
20110317;20.70;20.75;20.47;20.49;423261;8705393.00
20110318;20.68;20.99;20.65;20.90;745875;15571406.00
20110321;20.87;21.39;20.80;21.20;1719207;36404716.00
20110322;21.26;21.39;20.91;21.13;1118602;23639880.00
20110323;21.13;21.20;21.00;21.17;976895;20622766.00
20110324;21.18;21.20;20.75;20.79;1052925;22040452.00
20110325;20.70;21.65;20.70;21.51;3410856;72480352.00
20110328;21.41;21.54;21.00;21.23;2470559;52634816.00
20110329;21.12;21.34;20.28;20.29;1575919;32607668.00
20110330;20.29;20.57;19.72;19.92;895279;17846772.00
20110331;20.08;20.28;19.92;20.16;543005;10913291.00
20110401;20.22;20.48;19.92;20.25;401400;8098647.00
20110406;20.20;20.42;20.02;20.07;445224;8971300.00
20110407;20.02;20.35;20.00;20.22;366386;7409338.50
20110408;20.25;20.43;20.25;20.36;338007;6883616.50
20110411;20.42;20.43;20.11;20.12;382233;7735742.00
20110412;20.05;20.25;20.00;20.05;298394;5992596.00
20110413;19.94;20.18;19.90;20.18;276860;5559996.00
20110414;20.08;20.34;20.08;20.18;316654;6403363.50
20110415;20.20;20.55;20.19;20.46;594517;12132655.00
20110418;20.25;20.44;20.25;20.29;359940;7326403.50
20110419;20.20;20.20;19.68;19.79;560940;11112129.00
20110420;19.81;20.10;19.81;20.00;253219;5063344.50
20110422;20.27;20.51;20.10;20.10;433255;8769463.00
20110425;20.10;20.45;19.61;20.28;473800;9470165.00
20110426;20.00;20.26;19.78;19.85;247864;4940361.00
20110427;19.80;19.98;18.92;19.18;383431;7445674.00
20110428;19.18;19.24;18.67;18.71;307307;5792804.00
20110429;18.70;19.00;18.68;19.00;101298;1917627.88
20110503;19.17;19.17;18.82;19.10;117610;2231947.75
20110504;19.00;19.07;18.80;18.81;153021;2890264.00
20110505;18.61;18.91;18.60;18.83;74257;1397252.50
20110506;18.97;19.14;18.84;19.03;248427;4720784.50
20110509;19.11;19.34;19.11;19.12;209000;4017484.50
20110511;19.50;19.50;19.20;19.35;210629;4077076.50
20110512;19.49;19.49;19.10;19.18;250300;4826929.50
20110513;12.59;12.70;12.40;12.70;420860;5280800.00
20110516;12.75;12.84;12.62;12.70;318255;4058307.00
20110517;12.72;12.95;12.58;12.80;395062;5062738.00
20110518;12.78;12.88;12.64;12.79;361411;4623548.50
20110519;12.75;12.84;12.60;12.61;269451;3421986.25
20110520;12.62;12.70;12.50;12.53;209802;2630876.25
20110523;12.58;12.65;12.02;12.11;298779;3637397.75
20110524;12.11;12.11;11.15;11.88;508832;5922377.50
20110525;11.75;11.78;11.45;11.46;277400;3221976.50
20110526;11.50;11.65;11.21;11.28;170249;1948067.13
20110527;11.21;11.35;11.01;11.01;354662;3970995.50
20110530;11.00;11.24;10.82;11.00;244241;2702999.00
20110531;11.01;11.80;11.01;11.61;896567;10308592.00
20110601;11.66;12.18;11.48;12.05;1503666;17953476.00
20110602;11.95;11.95;11.62;11.80;396414;4659916.00
20110603;11.66;11.92;11.65;11.86;295400;3480351.00
20110607;11.87;12.49;11.71;12.33;912023;11102485.00
20110608;12.31;12.38;12.05;12.14;490941;5958928.00
20110609;11.98;12.10;11.70;11.70;315300;3735743.50
20110610;11.80;11.95;11.58;11.86;186150;2186017.50
20110613;11.63;12.14;11.63;12.06;411541;4940021.00
20110614;12.06;12.49;12.06;12.41;1140897;14051313.00
20110615;12.46;12.90;12.26;12.82;1586984;20158344.00
20110616;12.74;13.10;12.52;12.54;1610627;20752740.00
20110617;12.26;12.65;12.24;12.40;524092;6524638.50
20110620;12.40;12.43;11.82;11.92;255609;3084609.00
20110621;12.00;13.03;12.00;12.98;2410301;30788928.00
20110622;12.90;13.16;12.72;12.79;2267495;29424592.00
20110623;12.65;12.95;12.35;12.87;918565;11616412.00
20110624;12.85;13.10;12.68;12.84;1630065;21074298.00
20110627;12.81;13.24;12.77;12.91;1202519;15602973.00
20110628;13.00;13.00;12.69;12.82;684994;8784977.00
20110629;12.78;12.96;12.55;12.58;634800;8091527.00
20110630;13.10;13.47;13.03;13.07;3114205;41181072.00
20110701;13.00;13.00;12.67;12.75;1578814;20210922.00
20110704;12.74;13.05;12.71;12.88;1496867;19235834.00
20110705;12.88;13.03;12.82;12.86;1405303;18125488.00
20110706;12.73;12.87;12.68;12.83;951747;12145945.00
20110707;12.74;13.09;12.74;12.87;1755877;22609514.00
20110708;12.87;12.89;12.66;12.80;840700;10728596.00
20110711;12.71;12.91;12.71;12.81;586110;7512783.50
20110712;12.81;12.81;12.37;12.38;831531;10434841.00
20110713;12.27;12.60;12.27;12.53;904839;11271546.00
20110714;12.59;12.62;12.46;12.58;666424;8360141.00
20110715;12.60;12.73;12.53;12.68;730060;9234736.00
20110718;12.73;12.86;12.65;12.80;774900;9910100.00
20110719;12.71;12.87;12.69;12.80;712750;9122819.00
20110720;12.90;12.96;12.61;12.72;493044;6287109.00
20110721;12.72;13.20;12.47;12.86;1930093;24918360.00
20110722;12.81;13.00;12.57;12.67;785569;9976805.00
20110725;12.60;12.60;11.76;11.81;844433;10258181.00
20110726;11.99;11.99;11.78;11.90;359044;4262800.50
20110727;11.90;12.13;11.71;12.05;399662;4797828.00
20110728;12.00;12.25;11.80;12.18;780806;9466919.00
20110729;12.24;12.24;11.96;12.06;320999;3892230.50
20110801;11.77;12.22;11.77;12.10;380462;4599720.00
20110802;12.01;12.08;11.81;12.05;287831;3442723.25
20110803;11.90;12.28;11.86;12.19;277667;3383284.25
20110804;12.24;12.39;12.18;12.33;423824;5212111.00
20110805;12.06;12.16;11.96;12.01;415851;5011037.00
20110808;11.74;12.00;11.01;11.16;584995;6726841.00
20110809;11.00;11.55;10.53;11.39;504613;5617015.50
20110810;11.49;11.99;11.41;11.76;554901;6489174.00
20110811;11.73;11.82;11.30;11.81;409070;4791937.00
20110812;11.80;11.95;11.70;11.93;666615;7913244.00
20110815;11.93;12.49;11.75;12.23;1926183;23657144.00
20110816;12.25;12.25;11.90;11.91;754431;9075489.00
20110817;11.87;12.01;11.60;11.89;363239;4315069.50
20110818;11.80;11.99;11.71;11.73;305305;3604817.25
20110819;11.49;11.75;11.32;11.63;160402;1855737.13
20110822;11.52;11.96;11.50;11.77;536983;6346249.00
20110823;11.70;12.08;11.70;12.06;403191;4809877.00
20110824;12.08;13.00;12.08;12.19;963060;11903205.00
20110825;12.21;12.22;11.94;12.21;1475470;17774042.00
20110826;11.98;12.25;11.98;12.17;679240;8214926.00
20110829;12.12;12.16;11.95;11.99;330434;3987523.75
20110830;12.08;12.19;11.82;11.95;355944;4295419.50
20110831;12.14;12.60;12.03;12.30;2619579;32418094.00
20110901;12.17;12.29;11.90;11.99;1465554;17729300.00
20110902;11.88;12.08;11.65;11.75;552997;6501071.00
20110905;11.57;11.65;11.45;11.53;435550;5023497.00
20110906;11.53;11.58;11.36;11.55;224952;2592265.25
20110907;11.65;11.85;11.57;11.81;445380;5234100.50
20110908;11.82;11.90;11.63;11.66;358436;4229983.00
20110909;11.63;11.82;11.63;11.69;215139;2519801.00
20110913;11.40;11.69;11.40;11.60;144263;1668851.75
20110914;11.63;11.79;11.63;11.76;171653;2007938.88
20110915;11.79;12.11;11.76;11.88;581291;6948907.50
20110916;11.86;11.99;11.81;11.81;165850;1967310.00
20110919;11.78;11.83;11.65;11.67;125400;1469051.38
20110920;11.65;11.94;11.61;11.81;269450;3178120.75
20110921;11.85;12.04;11.76;11.99;641227;7686681.50
20110922;11.88;11.97;11.67;11.68;365910;4331428.50
20110923;11.50;11.68;11.43;11.48;200111;2317762.00
20110926;11.51;11.65;11.31;11.38;280775;3208577.50
20110927;11.57;11.75;11.45;11.66;433868;5051476.00
20110928;11.66;11.78;11.58;11.58;314800;3671549.50
20110929;11.77;11.77;11.25;11.28;347450;3977776.75
20110930;11.88;11.88;11.36;11.50;220563;2530666.25
20111010;11.50;11.93;11.50;11.89;1008317;11943496.00
20111011;12.15;12.27;11.75;12.04;2663293;32209590.00
20111012;12.05;12.60;11.90;12.52;5449142;67173376.00
20111013;12.40;12.58;12.26;12.38;2312207;28634778.00
20111014;12.30;12.39;11.91;12.09;1560435;18874174.00
20111017;12.09;12.47;12.00;12.46;1515157;18555836.00
20111018;12.30;12.38;12.00;12.00;1065865;13017193.00
20111019;12.10;12.19;11.43;11.44;1184310;13851128.00
20111021;11.00;11.21;10.30;10.30;2612959;27119006.00
20111024;10.29;10.29;9.30;9.78;1938262;18656472.00
20111025;9.68;9.99;9.57;9.94;1824270;17776156.00
20111026;9.84;10.04;9.77;9.90;1362413;13538348.00
20111027;9.90;10.08;9.82;9.89;956747;9518880.00
20111028;9.98;10.15;9.93;10.11;1073455;10773842.00
20111031;10.12;10.39;10.05;10.38;1197629;12223367.00
20111101;10.20;10.47;10.15;10.38;1244367;12820005.00
20111102;10.20;10.49;10.01;10.45;1465086;15125580.00
20111103;10.50;11.50;10.45;11.50;5808970;64147564.00
20111104;11.70;11.79;11.18;11.50;5257536;60132448.00
20111107;11.44;11.44;11.13;11.15;1710779;19245088.00
20111108;11.16;11.41;10.99;11.15;1754400;19701370.00
20111109;11.07;11.72;11.02;11.72;1730968;19567710.00
20111110;11.40;11.60;11.31;11.32;1474755;16855716.00
20111111;11.40;11.40;11.16;11.18;764511;8613221.00
20111114;11.22;11.49;11.22;11.39;1158512;13185067.00
20111115;11.38;12.09;11.31;11.62;2770698;32645632.00
20111116;11.59;11.76;11.05;11.09;1449095;16485632.00
20111117;11.07;11.66;11.07;11.40;1331270;15157645.00
20111118;11.21;11.40;11.02;11.07;723987;8075156.50
20111121;11.07;11.24;11.05;11.23;328880;3662074.00
20111122;11.13;11.18;11.02;11.11;328535;3645162.75
20111123;11.04;11.28;11.04;11.20;446309;4993544.00
20111124;11.10;11.23;11.00;11.16;486589;5397822.00
20111125;11.19;11.19;10.99;11.03;364756;4030897.50
20111128;10.93;11.09;10.93;10.95;393912;4325810.00
20111129;11.00;11.15;10.93;11.10;618654;6819119.50
20111130;11.10;11.10;10.02;10.31;704155;7476892.00
20111201;10.56;11.34;10.45;11.32;3596193;40320948.00
20111202;10.95;11.20;10.68;10.69;1405507;15270126.00
20111205;10.50;10.59;10.00;10.29;861192;8895740.00
20111206;10.10;10.30;10.05;10.12;556041;5651489.00
20111207;10.16;10.27;9.95;10.20;731158;7372527.00
20111208;10.02;10.30;9.97;10.19;455831;4632330.00
20111209;10.18;10.29;10.10;10.17;339509;3459150.25
20111212;10.20;10.28;9.96;10.01;361604;3642879.75
20111213;9.91;9.91;9.61;9.68;304938;2968068.25
20111214;9.68;9.82;9.54;9.64;404901;3921544.50
20111215;9.55;9.78;9.50;9.73;774189;7466575.50
20111216;9.73;10.28;9.45;10.25;1073678;10427227.00
20111219;9.92;10.30;9.92;10.23;1171989;11866270.00
20111220;10.33;10.33;10.02;10.02;802911;8115817.50
20111221;10.02;10.16;9.56;9.56;591603;5865422.00
20111222;9.53;9.53;8.60;8.87;844018;7529497.00
20111223;8.78;9.04;8.72;8.89;430030;3830990.00
20111226;8.96;9.01;8.73;8.73;264655;2351516.25
20111227;8.67;8.86;8.49;8.49;316101;2745594.50
20111228;8.48;8.48;8.08;8.32;311307;2572793.50
20111229;8.14;8.53;8.14;8.48;314978;2645798.00
20111230;8.58;8.71;8.42;8.63;269201;2313392.50
20120104;8.67;8.79;8.64;8.74;500111;4360515.00
20120105;8.70;8.90;8.35;8.55;491842;4206067.00
20120106;8.40;8.70;8.40;8.68;212958;1821810.63
20120109;8.66;9.15;8.51;9.05;583859;5151644.50
20120110;9.04;9.42;8.92;9.31;929465;8580314.00
20120111;9.31;9.42;9.07;9.30;936567;8659020.00
20120112;9.27;9.35;9.06;9.06;552812;5056473.50
20120113;9.06;9.17;8.61;8.61;506317;4455369.50
20120116;8.61;8.61;8.21;8.25;240658;2026167.63
20120117;8.34;8.75;8.18;8.64;408367;3484334.50
20120118;8.64;8.95;8.49;8.63;530811;4618624.50
20120119;8.63;8.64;8.30;8.50;344577;2920458.75
20120120;8.46;8.76;8.45;8.75;415172;3590738.00
20120130;8.75;8.93;8.68;8.84;316411;2782161.00
20120131;8.72;8.95;8.69;8.93;350439;3089890.75
20120201;8.99;9.17;8.90;8.93;862293;7807330.00
20120202;8.86;9.18;8.70;9.17;649879;5815529.00
20120203;9.11;9.18;9.00;9.12;642749;5843751.50
20120206;9.11;9.25;9.03;9.25;700894;6400909.00
20120207;9.11;9.25;9.02;9.25;517342;4728656.00
20120208;9.18;10.03;9.12;9.91;2487837;23814492.00
20120213;9.85;10.27;9.48;9.99;4178309;41369368.00
20120214;9.70;9.85;9.66;9.69;1307872;12701202.00
20120215;9.66;9.76;9.53;9.73;1146892;11081413.00
20120216;9.74;9.82;9.53;9.64;905973;8773669.00
20120217;9.57;9.69;9.52;9.57;627123;6010970.50
20120220;9.75;9.77;9.54;9.56;961014;9278710.00
20120221;9.56;9.62;9.35;9.56;624672;5934964.00
20120222;9.59;9.75;9.56;9.75;1158983;11198427.00
20120223;9.79;9.88;9.66;9.75;1174825;11467933.00
20120224;9.75;9.95;9.71;9.94;1284869;12628199.00
20120227;9.89;10.07;9.82;9.85;1596696;15868736.00
20120228;9.80;9.83;9.55;9.67;832493;8054958.50
20120229;9.63;9.75;9.51;9.53;420635;4041671.50
20120301;9.48;9.73;9.48;9.63;905259;8691407.00
20120302;9.65;9.73;9.59;9.72;719772;6965502.50
20120305;9.75;9.83;9.66;9.75;825905;8052402.00
20120307;9.55;10.10;9.40;9.92;1824750;17995734.00
20120308;9.93;10.15;9.81;10.11;1838635;18384136.00
20120309;10.13;10.20;9.92;10.18;1442954;14500762.00
20120312;10.19;10.28;10.05;10.10;1436843;14548935.00
20120313;10.10;10.15;9.96;10.15;940414;9460276.00
20120314;10.20;10.88;10.00;10.20;3647673;37869304.00
20120315;10.02;10.10;9.60;9.84;1343254;13226281.00
20120316;9.71;9.95;9.69;9.95;1344806;13245279.00
20120319;9.95;10.42;9.86;10.32;1828913;18575522.00
20120320;10.32;10.32;10.02;10.07;986595;9995096.00
20120321;10.07;10.37;9.90;10.29;1203281;12227451.00
20120322;10.16;10.42;10.08;10.26;894186;9139451.00
20120323;10.24;10.24;10.00;10.04;604200;6095148.50
20120326;9.95;10.29;9.95;10.13;482032;4872531.00
20120327;10.16;10.22;10.10;10.15;622005;6327708.50
20120328;10.15;10.15;9.48;9.88;1004845;9810836.00
20120329;9.85;9.85;9.51;9.51;489782;4749813.00
20120330;9.32;9.65;9.32;9.60;301111;2857657.75
20120405;9.58;9.79;9.45;9.75;554660;5373123.00
20120406;9.81;9.81;9.57;9.71;381976;3689508.25
20120409;9.58;9.71;9.58;9.60;135300;1303762.00
20120410;9.56;9.65;9.36;9.57;410800;3918207.25
20120411;9.57;9.73;9.54;9.69;993966;9587905.00
20120412;9.79;10.07;9.61;9.91;1319627;12946979.00
20120413;9.91;9.98;9.80;9.89;567658;5603599.50
20120416;9.83;9.91;9.81;9.86;382316;3769895.25
20120417;9.81;9.92;9.76;9.87;353002;3473136.50
20120418;9.80;10.07;9.80;10.06;811754;8089800.00
20120419;10.00;10.09;9.90;9.95;545313;5448483.00
20120420;10.04;10.28;9.88;10.15;1407227;14227509.00
20120423;10.02;10.04;9.76;9.77;841394;8332979.50
20120424;9.70;9.86;9.33;9.69;615958;5902700.00
20120425;9.63;9.76;9.56;9.69;486511;4693734.00
20120426;9.70;9.83;9.61;9.71;338381;3291830.25
20120427;9.80;9.82;9.65;9.73;357722;3485005.75
20120502;9.75;9.99;9.71;9.94;381115;3755151.00
20120503;9.96;10.27;9.87;10.14;1599659;16169728.00
20120504;10.10;10.18;9.70;10.18;1238102;12344161.00
20120507;10.00;10.08;9.88;9.99;772583;7693757.00
20120508;10.45;10.75;10.09;10.09;2560655;26345270.00
20120509;9.98;9.98;9.72;9.74;1035949;10155217.00
20120510;9.74;9.94;9.63;9.87;743429;7270230.50
20120511;9.85;9.90;9.65;9.68;708931;6897332.00
20120514;9.67;9.79;9.67;9.70;357368;3477448.00
20120515;9.65;9.78;9.58;9.77;365136;3524383.00
20120516;9.71;9.71;9.57;9.57;376133;3620315.25
20120517;9.57;9.72;9.57;9.68;466147;4495879.50
20120518;9.66;9.71;9.56;9.60;308414;2968128.75
20120521;9.54;9.80;9.50;9.66;430097;4148507.25
20120522;9.65;9.70;9.61;9.70;286151;2763941.00
20120523;9.71;9.71;9.46;9.53;206977;1981324.75
20120524;9.47;9.57;9.43;9.47;216875;2060565.50
20120525;9.55;9.55;9.30;9.38;250913;2356984.25
20120528;9.38;9.75;9.07;9.58;583641;5484024.00
20120529;9.58;9.70;9.42;9.58;688477;6564748.00
20120530;9.58;9.66;9.56;9.61;281001;2699605.25
20120531;9.46;9.59;9.44;9.50;281117;2671680.00
20120601;9.46;9.58;9.45;9.53;186894;1779052.38
20120604;9.44;9.51;9.16;9.39;299400;2814332.00
20120605;9.37;9.49;9.25;9.36;199550;1866231.00
20120606;9.50;9.85;9.50;9.58;1416337;13692898.00
20120607;9.61;9.61;9.19;9.21;631981;5910570.00
20120608;9.32;9.32;8.90;8.92;413598;3732737.25
20120611;8.99;8.99;8.73;8.98;289015;2561599.25
20120612;8.88;8.95;8.82;8.87;130939;1162410.00
20120613;8.89;9.08;8.89;9.00;268170;2415038.00
20120614;9.17;9.17;9.00;9.00;262179;2368120.50
20120615;9.00;9.07;8.89;9.04;119580;1078573.75
20120618;9.11;9.17;9.00;9.14;614924;5579553.50
20120619;9.09;9.25;9.05;9.21;741170;6785912.00
20120620;9.14;9.36;9.14;9.35;620036;5738964.00
20120621;9.34;9.34;9.13;9.22;540539;4986079.00
20120625;9.20;9.20;8.88;9.05;335780;3039189.25
20120626;9.05;9.14;8.66;8.71;528650;4633903.00
20120628;8.71;8.94;8.45;8.65;369373;3179410.25
20120629;8.73;8.73;8.54;8.70;151469;1307583.13
20120702;8.65;8.80;8.65;8.70;129360;1126114.38
20120703;8.88;9.10;8.77;8.82;506240;4517671.50
20120704;8.85;8.88;8.77;8.80;270958;2388559.25
20120705;8.77;8.82;8.58;8.77;240554;2088569.25
20120706;8.67;8.85;8.65;8.83;188200;1650221.38
20120709;8.78;8.78;8.51;8.69;237076;2053763.88
20120710;8.57;8.68;8.46;8.52;137802;1179469.13
20120711;8.50;8.73;8.50;8.61;163614;1405244.00
20120712;8.69;8.81;8.45;8.75;426101;3683623.25
20120713;8.88;8.88;8.55;8.70;290004;2513290.50
20120716;8.81;8.81;8.26;8.27;198750;1688373.00
20120717;8.40;8.40;8.24;8.29;228858;1898103.75
20120718;8.21;8.32;8.08;8.28;189434;1555540.13
20120719;8.28;8.80;8.05;8.58;638608;5415284.00
20120720;8.49;8.60;8.33;8.47;246346;2089728.75
20120723;8.59;8.78;8.50;8.51;302399;2594126.50
20120724;8.35;8.58;8.35;8.48;172036;1462062.38
20120725;8.47;8.70;8.40;8.48;162789;1380206.88
20120726;8.38;8.58;8.35;8.39;155800;1319712.13
20120727;8.39;8.53;8.21;8.43;87604;733431.94
20120730;8.50;8.50;8.25;8.32;132100;1102395.00
20120731;8.15;8.33;8.06;8.20;165700;1354693.25
20120801;8.30;8.35;8.18;8.30;117791;973625.25
20120802;8.36;8.36;8.11;8.23;98846;811332.75
20120803;8.28;8.36;8.14;8.31;172592;1420584.63
20120806;8.31;8.47;8.20;8.47;290217;2425867.00
20120807;8.47;8.52;8.37;8.52;264005;2232749.25
20120808;8.52;8.55;8.40;8.52;356759;3024522.50
20120809;8.51;8.66;8.32;8.66;391162;3341997.00
20120810;8.61;8.67;8.46;8.62;356059;3048946.50
20120813;8.49;8.80;8.20;8.55;558064;4805650.50
20120814;8.43;8.55;8.30;8.53;258349;2178833.00
20120815;8.45;8.51;8.37;8.41;153158;1291385.50
20120816;8.47;8.47;8.31;8.38;169894;1422522.00
20120817;8.32;8.44;8.32;8.38;117255;981713.19
20120820;8.40;8.43;8.35;8.37;102644;860116.38
20120821;8.34;8.55;8.33;8.51;283424;2405473.25
20120822;8.45;8.55;8.44;8.50;169099;1433541.50
20120823;8.59;9.20;8.59;8.77;2858340;25241548.00
20120824;8.60;8.63;8.30;8.36;1017731;8628263.00
20120827;8.30;8.33;8.10;8.20;524741;4292241.50
20120828;8.06;8.88;7.50;8.66;2764549;23895868.00
20120829;8.70;8.74;8.51;8.51;1171733;10082826.00
20120830;8.42;8.51;7.95;7.99;1981146;16062268.00
20120831;7.93;8.04;7.67;7.95;359466;2866421.25
20120903;7.89;8.12;7.88;8.06;757711;6100493.50
20120904;8.10;8.15;7.99;8.03;362850;2921730.00
20120905;8.08;8.08;7.95;8.08;333320;2673856.00
20120906;8.04;8.41;8.04;8.32;886498;7324065.50
20120907;8.44;8.67;8.27;8.55;1595319;13598848.00
20120910;8.54;8.68;8.42;8.57;752599;6422260.00
20120911;8.57;8.57;8.40;8.56;299381;2547672.75
20120912;8.49;8.70;8.44;8.52;509465;4333747.50
20120913;8.55;8.55;8.21;8.27;842041;7073191.50
20120914;8.24;8.38;8.20;8.28;651448;5381269.50
20120917;8.21;8.26;8.02;8.07;333350;2709956.50
20120918;8.04;8.15;7.97;8.11;191977;1550384.75
20120919;8.11;8.20;7.81;8.20;177558;1443596.38
20120920;8.20;8.30;7.98;8.08;304911;2460971.25
20120921;8.05;8.13;7.96;8.08;156603;1263208.63
20120924;8.11;8.29;8.01;8.17;222250;1809597.50
20120925;8.11;8.16;8.00;8.09;216459;1744446.75
20120926;8.14;8.14;7.90;7.90;263650;2105401.75
20120927;8.08;8.08;7.90;8.05;225689;1805926.25
20120928;8.06;8.14;8.00;8.14;343695;2780909.50
20121008;8.14;8.14;8.03;8.10;198800;1603941.13
20121009;8.05;8.40;7.97;8.29;1328326;10963699.00
20121010;8.30;8.39;8.17;8.32;558865;4633791.50
20121011;8.26;8.32;8.16;8.17;401122;3293731.25
20121012;8.23;8.29;8.11;8.21;262884;2151746.75
20121015;8.21;8.21;8.05;8.07;250800;2029526.38
20121016;8.08;8.20;8.08;8.13;177872;1445298.75
20121017;8.12;8.17;8.08;8.16;208872;1697038.13
20121018;8.18;8.41;8.18;8.28;389230;3225846.25
20121019;8.27;8.40;8.20;8.38;498100;4125437.50
20121022;8.30;8.69;8.28;8.52;1375512;11714167.00
20121023;8.52;9.01;8.50;8.61;3984717;34797572.00
20121024;8.58;8.58;8.37;8.43;2056287;17361660.00
20121025;8.45;8.49;8.22;8.32;1110141;9242504.00
20121026;8.36;8.36;8.03;8.16;591900;4832497.00
20121029;8.04;8.20;8.04;8.17;321873;2619673.25
20121030;8.25;8.38;8.17;8.27;493540;4070250.00
20121031;8.20;8.38;8.15;8.37;570521;4724287.50
20121101;8.35;8.50;8.30;8.46;613011;5172633.00
20121102;8.43;8.56;8.36;8.52;649656;5509424.00
20121105;8.52;8.60;8.43;8.49;564090;4799456.50
20121106;8.48;8.48;8.28;8.40;416439;3486169.25
20121107;8.40;8.98;8.37;8.57;2306983;20088504.00
20121108;8.38;8.45;8.23;8.26;914117;7577782.50
20121109;8.14;8.73;8.14;8.41;913664;7732139.50
20121112;8.31;8.54;8.30;8.54;644159;5445761.00
20121113;8.57;8.62;8.37;8.39;475927;4009258.50
20121114;8.46;8.75;8.39;8.70;1596283;13768400.00
20121115;8.72;8.87;8.51;8.60;2138405;18620128.00
20121116;8.58;8.59;8.30;8.38;999098;8425224.00
20121119;8.40;8.58;8.31;8.56;701369;5926840.00
20121120;8.64;8.71;8.54;8.66;780685;6730586.00
20121121;8.60;8.72;8.38;8.65;816895;6987980.00
20121122;8.58;8.70;8.50;8.59;459888;3941736.75
20121123;8.51;8.76;8.51;8.74;2201881;19137228.00
20121126;8.75;8.82;8.54;8.55;2182900;19011460.00
20121127;8.50;8.54;7.70;7.70;1765950;14335618.00
20121128;7.63;7.63;7.03;7.22;953803;6910226.00
20121129;7.10;7.34;7.08;7.15;551906;3966864.25
20121130;7.12;7.25;7.11;7.21;303112;2176538.00
20121203;7.16;7.23;6.69;6.73;836030;5759614.50
20121204;6.62;6.78;6.51;6.77;497175;3295024.00
20121205;6.80;7.08;6.71;7.05;782642;5434362.00
20121206;7.00;7.27;7.00;7.25;1099264;7848373.00
20121207;7.16;7.38;7.14;7.38;1180867;8586344.00
20121210;7.30;7.68;7.21;7.57;1648046;12312824.00
20121211;7.40;8.33;7.40;7.79;3218229;25365922.00
20121212;7.52;7.75;7.51;7.65;1630758;12386295.00
20121213;7.68;7.68;7.33;7.33;855411;6379620.00
20121214;7.25;7.69;7.25;7.62;1210109;9142926.00
20121217;7.65;7.72;7.51;7.63;701223;5349460.00
20121218;7.60;7.72;7.51;7.56;966037;7361082.00
20121219;7.55;7.65;7.50;7.60;568353;4309294.00
20121220;7.67;8.30;7.63;8.05;3513616;28178936.00
20121221;7.85;8.25;7.83;8.12;2444598;19698466.00
20121224;8.16;8.93;8.00;8.85;7333839;63262748.00
20121225;8.75;8.85;8.55;8.77;5393592;47072980.00
20121226;8.73;8.88;8.62;8.86;2867815;25163652.00
20121227;8.89;9.25;8.78;8.83;3376672;30390400.00
20121228;8.82;8.96;8.66;8.84;1501160;13191872.00
20121231;9.07;9.28;8.84;9.27;3203629;29033800.00
20130104;9.67;9.80;9.35;9.57;4859182;46378264.00
20130107;9.48;9.97;9.25;9.83;3280972;31890896.00
20130108;9.86;10.81;9.83;10.40;4500569;46617960.00
20130109;10.20;10.50;9.99;10.13;1897608;19419230.00
20130110;10.03;10.19;9.94;10.03;1285747;12920496.00
20130111;10.09;10.10;9.60;9.70;2166904;21206084.00
20130114;9.80;10.20;9.71;10.09;3316591;33064794.00
20130115;10.08;10.46;9.91;10.31;2703330;27492416.00
20130116;10.19;10.78;10.07;10.35;2863116;29684420.00
20130117;10.34;10.55;10.20;10.35;1290350;13419050.00
20130118;10.33;10.83;10.10;10.71;3350305;35617716.00
20130121;10.73;10.84;10.54;10.70;1152299;12308641.00
20130122;10.78;11.17;10.45;10.79;1956904;21182236.00
20130123;10.55;10.76;9.98;10.09;2051883;21053116.00
20130124;10.11;10.55;9.91;10.05;1580474;16077764.00
20130125;10.03;10.10;9.80;10.10;595255;5951782.50
20130128;10.25;10.67;10.20;10.35;1280938;13257953.00
20130129;10.46;10.55;10.22;10.35;1504999;15683557.00
20130130;10.40;10.45;9.91;10.34;1305195;13222158.00
20130131;9.65;10.78;9.37;10.75;7855025;79963344.00
20130201;10.90;10.90;10.12;10.47;6203422;65738216.00
20130204;10.39;10.60;9.95;10.00;2273654;22950490.00
20130205;9.71;10.34;9.71;9.96;1783388;18055036.00
20130206;9.87;10.19;9.87;10.12;1183713;11907140.00
20130207;9.95;10.10;9.80;9.96;919153;9148269.00
20130208;9.96;10.06;9.84;9.88;822482;8194847.00
20130218;9.88;10.19;9.88;10.19;1150863;11580541.00
20130219;10.10;10.49;9.86;9.90;2120772;21246070.00
20130220;9.83;10.01;9.61;9.83;919604;8963297.00
20130221;9.82;9.82;9.65;9.75;690137;6695122.00
20130222;9.81;9.84;9.72;9.76;520676;5089528.00
20130225;9.87;10.20;9.86;10.17;1919519;19409128.00
20130226;10.17;10.23;9.84;9.90;2837797;28306730.00
20130227;9.85;9.99;9.85;9.90;771425;7649149.00
20130228;9.94;10.06;9.93;10.02;726323;7257783.00
20130301;10.08;10.40;9.97;10.29;1612888;16410917.00
20130304;10.20;10.23;9.86;9.92;1798050;17919084.00
20130305;9.85;10.05;9.80;9.91;1068987;10589649.00
20130306;9.92;10.08;9.83;10.00;760222;7569896.50
20130307;10.04;10.18;9.90;10.18;1084653;10895473.00
20130308;10.17;10.17;9.88;9.93;1253190;12492136.00
20130311;9.93;10.04;9.84;10.00;408676;4063821.75
20130312;10.00;10.17;9.87;9.90;821222;8209365.00
20130313;9.86;10.06;9.81;10.02;462300;4584971.50
20130314;9.85;10.20;9.85;10.20;1366842;13861626.00
20130315;10.15;10.17;9.81;9.95;1411939;14025495.00
20130318;9.99;10.51;9.92;10.51;3240834;33384834.00
20130319;10.44;10.60;9.99;10.12;3594421;36808180.00
20130320;10.05;10.35;9.96;10.33;1798079;18330086.00
20130321;10.35;10.38;10.08;10.29;2311627;23513276.00
20130322;10.27;10.58;10.12;10.48;3015002;31502944.00
20130325;10.38;11.53;10.20;11.53;6453127;71855336.00
20130507;12.68;12.68;12.68;12.68;561892;7124790.50
20130508;13.95;13.95;13.11;13.95;9039021;123843840.00
20130509;13.95;14.12;13.44;13.70;7417616;101989144.00
20130510;14.12;15.05;14.10;14.50;9052219;132706616.00
20130513;14.08;14.28;13.23;14.00;5585802;76490832.00
20130514;13.77;13.80;13.41;13.54;3942736;53470252.00
20130515;13.30;14.09;13.30;13.89;4496814;62287444.00
20130516;13.80;13.83;13.36;13.55;3854909;52159828.00
20130517;13.50;13.50;13.05;13.40;3634425;48194896.00
20130520;13.24;13.62;13.21;13.62;3300422;44283440.00
20130521;13.62;14.07;13.62;13.70;4620103;63720284.00
20130522;13.73;13.84;13.33;13.35;2608929;35238360.00
20130523;13.35;13.50;12.95;13.22;2238296;29538928.00
20130524;13.19;13.33;13.05;13.23;1656689;21860272.00
20130527;13.18;13.48;13.10;13.42;1899858;25361756.00
20130528;13.35;13.52;13.08;13.48;2387807;31734182.00
20130529;13.48;13.88;13.40;13.62;2672464;36507136.00
20130530;13.52;13.73;13.14;13.21;2957101;39308028.00
20130531;13.22;13.38;13.10;13.18;1251486;16533341.00
20130603;13.15;13.20;12.50;12.68;1752966;22578564.00
20130604;12.56;12.80;12.15;12.79;1825730;22854030.00
20130605;12.60;12.85;12.60;12.83;646039;8240986.50
20130606;12.75;13.18;12.75;12.82;949955;12306070.00
20130607;12.85;13.00;12.54;12.95;922022;11818118.00
20130613;12.78;12.78;11.94;12.32;1418823;17345060.00
20130614;12.36;12.68;12.23;12.43;451209;5616573.50
20130617;12.43;12.43;11.85;12.12;771145;9349829.00
20130618;12.12;13.33;12.10;13.33;2385488;30377538.00
20130619;13.01;13.63;12.97;13.52;3651734;48930264.00
20130620;13.52;13.79;13.02;13.30;2877425;38367180.00
20130621;12.95;13.58;12.36;13.30;2578073;33789500.00
20130624;13.31;13.51;12.37;13.05;1715789;22083994.00
20130625;13.13;13.33;12.01;12.97;3686447;47666220.00
20130626;12.20;12.81;12.10;12.71;1964819;24593672.00
20130627;12.43;12.94;12.34;12.55;1852522;23371298.00
20130628;12.32;12.56;12.10;12.14;944088;11620136.00
20130701;12.20;12.77;11.96;12.52;1111586;13851457.00
20130702;12.63;12.85;12.21;12.65;2374735;29783106.00
20130703;12.65;12.73;12.21;12.47;1868005;23259632.00
20130704;12.33;13.55;12.33;13.47;3882280;50717340.00
20130705;13.35;13.45;13.01;13.14;3005367;39595256.00
20130708;13.02;13.02;11.83;11.83;3199301;39100756.00
20130709;11.58;11.67;11.17;11.36;2318257;26301110.00
20130710;11.18;12.50;11.18;12.19;1810013;21225890.00
20130711;12.06;12.87;11.87;12.21;2134207;26324238.00
20130712;12.23;12.72;12.03;12.30;2130943;26446438.00
20130715;12.40;12.90;12.40;12.90;3162667;40011332.00
20130716;12.87;13.46;12.85;13.33;3558190;46857624.00
20130717;13.26;13.60;12.90;13.38;2806587;37151064.00
20130718;13.34;13.35;12.91;13.16;1977554;25939244.00
20130719;13.16;13.86;13.00;13.37;3530483;47300576.00
20130722;13.27;13.79;12.87;13.63;2197498;29608176.00
20130723;13.40;13.86;13.30;13.68;3084684;41942092.00
20130724;13.55;13.85;13.44;13.63;2408134;32992428.00
20130725;13.51;13.78;13.00;13.24;2054887;27302586.00
20130726;13.24;13.50;13.03;13.47;2035929;27186276.00
20130729;13.34;14.10;13.20;13.81;2840503;39140592.00
20130730;13.81;13.97;13.35;13.65;1603516;21992556.00
20130731;13.85;14.86;13.65;14.54;3358557;48028872.00
20130801;14.69;14.84;14.33;14.63;2574705;37420184.00
20130802;14.45;14.97;14.45;14.75;2394355;35379704.00
20130805;14.75;15.22;14.62;15.17;2288291;34400016.00
20130806;15.17;15.32;15.01;15.14;2709650;40903536.00
20130807;15.18;15.29;14.61;14.79;1777560;26329388.00
20130808;14.61;14.88;14.40;14.83;1300556;19067712.00
20130809;14.51;15.10;14.50;15.03;2016117;29702970.00
20130812;15.02;15.50;14.95;15.40;2735973;41674692.00
20130813;15.50;16.18;15.26;15.88;4275968;67605480.00
20130814;15.90;15.90;15.19;15.37;4588382;70852016.00
20130815;15.28;15.45;14.83;15.18;1745092;26303728.00
20130816;15.00;15.50;14.91;14.97;1267540;19231028.00
20130819;14.90;15.45;14.80;15.32;1266470;19242236.00
20130820;15.32;15.63;15.20;15.40;1842602;28381216.00
20130821;15.31;15.50;15.08;15.31;962305;14654461.00
20130822;15.19;15.50;15.19;15.31;710388;10899424.00
20130823;15.44;15.48;15.11;15.12;1353505;20635562.00
20130826;15.11;15.50;15.07;15.37;1266544;19323848.00
20130827;15.40;15.40;15.14;15.30;579114;8843905.00
20130828;15.30;15.58;15.11;15.39;2139507;33096456.00
20130829;15.33;15.50;14.53;14.70;1730132;26017450.00
20130830;14.60;15.17;14.57;14.76;1090052;16282546.00
20130902;14.64;14.99;14.64;14.91;623979;9244362.00
20130903;14.85;15.58;14.85;15.46;2086281;31974938.00
20130904;15.52;15.93;15.26;15.60;1636667;25475274.00
20130905;15.77;15.87;15.45;15.69;1556215;24450514.00
20130906;15.77;16.09;15.46;15.79;1588172;25045724.00
20130909;15.80;16.08;15.49;15.83;1691313;26642000.00
20130910;16.00;16.00;15.61;15.90;587644;9279284.00
20130911;15.95;15.95;15.46;15.79;1018920;15944522.00
20130912;15.79;15.89;15.53;15.71;711988;11187938.00
20130913;15.57;15.81;15.55;15.77;528214;8283075.00
20130916;15.80;16.08;15.55;15.63;1471522;23151842.00
20130917;15.65;16.50;15.28;15.76;1850755;28751270.00
20130918;7.80;7.83;7.50;7.77;1826935;13911429.00
20130923;7.78;7.78;7.51;7.69;2680656;20395824.00
20130924;7.66;8.05;7.59;7.81;5804378;45295484.00
20130925;7.75;7.77;7.60;7.73;1923682;14780686.00
20130926;7.60;7.69;7.40;7.54;2432371;18303224.00
20130927;7.51;7.51;7.12;7.32;2972295;21679372.00
20130930;7.24;7.39;7.15;7.32;3541701;25670928.00
20131008;7.32;7.67;7.23;7.54;3483786;26081536.00
20131009;7.49;7.75;7.45;7.65;2979327;22689600.00
20131010;7.65;7.98;7.60;7.92;6739640;53030596.00
20131011;7.99;8.03;7.80;7.95;4323390;34322368.00
20131014;7.95;8.00;7.86;7.90;4114900;32590428.00
20131015;7.85;8.40;7.70;8.30;10034551;82474712.00
20131017;8.99;8.99;7.88;7.97;9937137;82500424.00
20131018;7.76;7.95;7.56;7.90;6961289;53964816.00
20131021;7.88;8.16;7.75;8.13;3917900;31611438.00
20131022;8.13;8.50;8.04;8.21;4009579;33103034.00
20131023;8.21;8.23;7.85;8.12;2644252;21248546.00
20131024;8.11;8.29;7.99;8.14;4604253;37487924.00
20131025;8.17;8.75;8.17;8.67;11943503;101654088.00
20131028;8.70;9.49;8.60;9.25;12334272;112337936.00
20131029;9.05;9.30;8.50;8.99;9928116;88804304.00
20131030;8.92;9.30;8.81;9.30;9945144;90857840.00
20131031;9.28;9.28;9.06;9.11;6980013;63782560.00
20131101;9.11;9.30;8.71;9.23;6543857;59297112.00
20131104;9.26;9.42;9.05;9.28;6025011;55712840.00
20131105;9.28;9.30;8.80;8.83;8894147;80062808.00
20131106;8.89;9.10;8.66;8.94;5532865;49052964.00
20131107;8.85;9.04;8.70;8.80;2689805;23709160.00
20131108;8.71;8.75;8.11;8.23;3983810;33299002.00
20131111;8.18;8.50;8.05;8.32;2421637;19943648.00
20131112;8.32;8.57;8.17;8.36;1989545;16626793.00
20131113;8.36;8.40;8.00;8.05;1985678;16278157.00
20131114;8.05;8.12;7.82;8.06;2188003;17422746.00
20131115;8.05;8.59;8.04;8.28;3509243;29181752.00
20131118;8.31;8.53;8.28;8.47;3097571;26090752.00
20131119;8.48;8.82;8.44;8.75;3088494;26728834.00
20131120;8.74;8.88;8.55;8.85;2709179;23494676.00
20131121;8.76;9.09;8.75;8.90;6289405;56272688.00
20131125;8.93;9.03;8.45;8.67;3371112;29252004.00
20131126;8.55;8.65;8.29;8.33;2791594;23415638.00
20131127;8.24;8.50;8.22;8.37;1422425;11902567.00
20131128;8.37;8.45;8.28;8.31;1908368;15968409.00
20131129;8.31;8.38;8.18;8.21;2842687;23438764.00
20131202;8.09;8.09;7.43;7.55;5268812;40723852.00
20131203;7.59;7.63;7.49;7.57;3605206;27220136.00
20131204;7.57;7.76;7.57;7.59;3636469;27790372.00
20131205;7.58;7.70;7.54;7.60;2639451;20043060.00
20131206;7.60;7.69;7.47;7.56;2519441;19012392.00
20131209;7.53;7.60;7.52;7.60;1863206;14078315.00
20131210;7.62;7.69;7.55;7.57;2387016;18130112.00
20131211;7.57;7.57;7.27;7.32;3639730;26854118.00
20131212;7.38;7.46;7.32;7.42;1552409;11503826.00
20131213;7.42;7.55;7.36;7.49;1736698;12994676.00
20131216;7.50;7.64;7.38;7.43;2612089;19576064.00
20131217;7.44;7.44;7.25;7.35;1561158;11420481.00
20131218;7.29;7.40;7.19;7.22;1480782;10763654.00
20131219;7.30;7.32;6.74;6.83;3918131;27390066.00
20131220;6.81;6.86;6.56;6.66;2554604;17180908.00
20131223;6.75;6.86;6.58;6.71;1383820;9236653.00
20131224;6.71;6.77;6.66;6.72;1329200;8916962.00
20131225;6.68;6.75;6.62;6.68;1810102;12099533.00
20131226;6.70;6.70;6.33;6.37;2564956;16576463.00
20131227;6.35;6.51;6.34;6.45;2083327;13404725.00
20131230;6.51;6.51;6.38;6.45;1451154;9352209.00
20131231;6.46;6.46;6.32;6.44;2173594;13897411.00
20140102;6.39;6.62;6.39;6.61;2235055;14586530.00
20140103;6.63;6.69;6.55;6.68;1945116;12877826.00
20140106;6.68;6.89;6.65;6.83;4480180;30393896.00
20140107;6.82;6.83;6.73;6.82;1744659;11851882.00
20140108;6.79;6.88;6.58;6.65;2207330;14808488.00
20140109;6.66;6.83;6.60;6.68;1372041;9222968.00
20140110;6.68;6.77;6.33;6.38;1727833;11194290.00
20140113;6.40;6.44;6.24;6.25;1128898;7128717.50
20140114;6.24;6.36;6.20;6.30;1208699;7564455.50
20140115;6.29;6.34;6.17;6.30;1575088;9850084.00
20140116;6.30;6.42;6.25;6.41;1587075;10097336.00
20140117;6.44;6.44;6.28;6.37;1041375;6595392.50
20140120;6.32;6.99;6.27;6.80;4679486;31499780.00
20140121;6.73;7.27;6.62;7.16;6279780;44341280.00
20140122;7.10;7.29;6.96;7.14;4750628;33834040.00
20140123;7.15;7.27;7.06;7.06;4282870;30644152.00
20140124;6.99;7.14;6.92;7.06;3726723;26267036.00
20140127;7.07;7.07;6.88;6.94;2838425;19728750.00
20140128;6.92;6.98;6.86;6.92;1632217;11278259.00
20140129;6.83;7.21;6.83;7.16;4262872;30331462.00
20140130;7.00;7.01;6.79;6.90;3073854;21212280.00
20140207;6.86;6.97;6.82;6.97;1669275;11545519.00
20140210;6.98;7.16;6.95;7.14;4292626;30405022.00
20140211;7.15;7.20;7.06;7.11;3394915;24174916.00
20140212;7.15;7.19;7.08;7.15;3809196;27168158.00
20140213;7.19;7.87;7.18;7.73;16703132;129317464.00
20140214;7.63;7.79;7.42;7.78;10115601;76997856.00
20140217;7.70;7.87;7.68;7.79;9074391;70468880.00
20140218;7.80;8.29;7.73;8.25;13911014;112419376.00
20140219;8.25;8.65;8.10;8.44;13281838;112061040.00
20140220;8.44;8.49;8.03;8.04;8437937;69032680.00
20140221;8.02;8.02;7.70;7.80;6075637;47371344.00
20140224;7.79;8.02;7.53;8.00;4834056;37514020.00
20140225;7.96;8.17;7.63;7.65;6053428;48047636.00
20140226;7.65;7.93;7.50;7.93;3573422;27525592.00
20140227;7.91;8.17;7.69;7.73;5005799;39755340.00
20140228;7.63;7.85;7.21;7.59;4038567;30354764.00
20140303;7.46;7.68;7.32;7.62;2697145;20233300.00
20140304;7.56;7.63;7.40;7.59;2690422;20227876.00
20140305;7.60;7.96;7.54;7.93;5868214;46138744.00
20140306;7.93;7.94;7.66;7.78;3288099;25644956.00
20140307;7.78;7.92;7.72;7.83;2656969;20776866.00
20140310;7.87;7.87;7.40;7.45;3402988;25685550.00
20140311;7.45;7.45;7.14;7.17;3323977;24107912.00
20140312;7.17;7.30;7.11;7.22;2099082;15086935.00
20140313;7.23;7.33;7.16;7.29;1785166;12965738.00
20140314;7.20;7.36;7.20;7.31;1188335;8670299.00
20140317;7.35;7.47;7.28;7.45;1538125;11352952.00
20140318;7.53;7.54;7.38;7.40;1495267;11164683.00
20140319;7.42;7.52;7.36;7.48;1783509;13225305.00
20140320;7.43;7.47;7.19;7.19;2077300;15282808.00
20140321;7.19;7.34;7.14;7.28;1758381;12684342.00
20140324;7.29;7.49;7.24;7.47;2291167;16923744.00
20140325;7.45;7.57;7.38;7.39;2426238;18113266.00
20140326;7.37;7.60;7.37;7.59;2838835;21338650.00
20140327;7.55;7.66;7.37;7.42;2170080;16220795.00
20140328;7.50;7.50;7.05;7.05;2176712;15754588.00
20140331;7.03;7.16;6.92;6.96;1444010;10101850.00
20140401;6.97;7.15;6.96;7.13;1040332;7335036.50
20140402;7.10;7.14;7.04;7.09;988415;6997095.00
20140403;7.10;7.37;7.04;7.23;1837045;13336290.00
20140404;7.20;7.50;7.20;7.43;1580043;11592159.00
20140408;7.42;7.56;7.32;7.45;2314317;17205000.00
20140409;7.40;7.50;7.36;7.43;1327610;9864048.00
20140410;7.43;7.63;7.41;7.50;3933821;29545200.00
20140411;7.50;7.56;7.29;7.30;1590387;11741635.00
20140414;7.31;7.50;7.29;7.48;1937039;14280878.00
20140415;7.45;7.52;7.36;7.43;1184165;8807392.00
20140416;7.46;7.48;7.36;7.38;857691;6356040.50
20140417;7.37;7.43;7.28;7.28;942680;6932780.00
20140418;7.22;7.30;7.19;7.24;978141;7068849.00
20140421;7.20;7.22;6.96;6.99;1883232;13323145.00
20140422;6.99;7.09;6.76;6.88;1819540;12552210.00
20140423;6.91;6.95;6.76;6.80;798821;5457096.00
20140424;6.81;7.16;6.36;7.06;1994528;14004818.00
20140425;7.07;7.10;6.72;6.72;1396441;9549040.00
20140428;6.70;6.70;6.20;6.20;1965208;12547193.00
20140429;6.20;6.33;6.19;6.26;897186;5627894.00
20140430;6.26;6.30;6.18;6.27;1274730;7936831.50
20140505;6.27;6.68;6.26;6.53;1709630;11167268.00
20140506;6.53;6.67;6.43;6.59;1084867;7152990.00
20140507;6.59;6.59;6.35;6.39;671267;4329612.00
20140508;6.39;6.51;6.32;6.39;546057;3511660.00
20140509;6.35;6.47;6.25;6.26;561290;3554735.00
20140512;6.28;6.49;6.28;6.40;973261;6197468.00
20140513;6.42;6.46;6.30;6.42;906997;5789177.00
20140514;6.41;6.45;6.30;6.33;716901;4554587.50
20140515;6.34;6.56;6.33;6.40;1219705;7864649.50
20140516;6.41;6.46;6.30;6.41;884149;5647829.00
20140519;6.44;6.44;6.24;6.36;997251;6277973.00
20140520;6.37;6.39;6.30;6.33;429948;2722983.75
20140521;6.31;6.65;6.26;6.55;978339;6232119.50
20140522;6.50;6.55;6.37;6.39;1637147;10527412.00
20140523;6.33;6.42;6.33;6.38;752083;4799588.00
20140526;6.49;6.49;6.37;6.43;883714;5664520.50
20140527;6.38;6.44;6.36;6.38;640532;4091950.75
20140528;6.33;6.45;6.33;6.42;905776;5794500.50
20140529;6.43;6.48;6.34;6.35;667870;4259913.00
20140530;6.41;6.42;6.31;6.34;772661;4899173.50
20140603;6.36;6.40;6.25;6.28;1315703;8278558.00
20140604;6.28;6.28;6.19;6.23;958164;5965709.50
20140605;6.23;6.33;6.21;6.27;938226;5860288.00
20140606;6.26;6.29;6.21;6.23;602040;3752899.50
20140609;6.23;6.40;6.23;6.28;1259019;7947907.00
20140610;6.28;6.35;6.24;6.34;704317;4436066.50
20140611;6.31;6.39;6.27;6.34;876551;5560894.00
20140612;6.34;6.40;6.32;6.37;923910;5876642.00
20140613;6.37;6.41;6.34;6.40;1216079;7760279.00
20140616;6.40;6.50;6.40;6.44;1713039;11069937.00
20140617;6.43;6.90;6.39;6.76;4039348;26807564.00
20140618;6.91;7.25;6.82;6.84;7642651;53618800.00
20140619;6.68;6.84;6.37;6.49;2946918;19473284.00
20140620;6.40;6.49;6.36;6.47;1416979;9099341.00
20140623;6.47;6.47;6.29;6.33;2499869;15893156.00
20140624;6.31;6.35;6.25;6.35;1354904;8551963.00
20140625;6.31;6.38;6.28;6.33;1346765;8515105.00
20140626;6.31;6.33;6.20;6.25;8991075;56028148.00
20140627;6.20;6.26;6.03;6.20;11639457;71132912.00
20140630;6.15;6.15;6.04;6.09;8775171;53391052.00
20140701;6.08;6.14;6.03;6.10;11271978;68452688.00
20140702;6.09;6.13;6.04;6.06;10528704;63843420.00
20140703;6.06;6.19;6.04;6.18;16476085;100639560.00
20140704;6.20;6.28;6.15;6.21;15698081;97718912.00
20140707;6.23;6.26;6.09;6.13;9027985;55639764.00
20140708;6.13;6.19;6.09;6.18;4695920;28842830.00
20140709;6.20;6.25;6.05;6.07;6673009;40986960.00
20140710;6.08;6.15;6.07;6.09;4001729;24472276.00
20140711;6.09;6.15;6.03;6.08;8707699;52976072.00
20140714;6.08;6.17;6.06;6.16;7352480;45058360.00
20140715;6.13;6.19;6.11;6.15;5483369;33669436.00
20140716;6.15;6.18;6.11;6.12;4665660;28665734.00
20140717;6.13;6.13;6.07;6.08;3475727;21162092.00
20140718;6.08;6.10;6.04;6.05;7093878;43040272.00
20140721;6.06;6.08;5.90;5.93;6621898;39390808.00
20140722;5.94;5.97;5.92;5.95;4423362;26317910.00
20140723;5.96;5.98;5.92;5.93;3537861;21014608.00
20140724;5.94;6.02;5.83;5.99;7621206;45294124.00
20140725;5.99;5.99;5.92;5.95;5964896;35514344.00
20140728;5.97;6.09;5.94;6.00;14307044;85843976.00
20140729;6.00;6.11;5.99;6.09;10586376;64221272.00
20140730;6.10;6.58;6.08;6.43;25399876;160369888.00
20140731;6.40;6.50;6.31;6.43;14040386;89738936.00
20140801;6.48;6.61;6.38;6.41;19413165;125825592.00
20140804;6.35;6.48;6.34;6.44;10866262;69472016.00
20140805;6.41;6.45;6.36;6.44;6618771;42389756.00
20140806;6.44;6.45;6.36;6.42;6506856;41742356.00
20140807;6.43;6.57;6.42;6.44;10566867;68565328.00
20140808;6.43;6.48;6.38;6.47;6751130;43388236.00
20140811;6.47;6.64;6.46;6.56;13533888;88783128.00
20140812;6.58;6.58;6.45;6.52;9043483;58801408.00
20140813;6.53;6.53;6.38;6.46;8000962;51562996.00
20140814;6.46;6.49;6.39;6.48;8566943;55191652.00
20140815;6.48;6.52;6.44;6.51;7936070;51426168.00
20140818;6.51;6.64;6.49;6.63;14339962;93948400.00
20140819;6.80;6.88;6.64;6.72;15649592;105740976.00
20140820;6.69;6.82;6.66;6.69;7378971;49684204.00
20140821;6.69;6.95;6.65;6.93;15072260;102356224.00
20140822;6.86;6.98;6.80;6.90;9988175;68795520.00
20140825;6.90;6.93;6.73;6.74;8079255;55046740.00
20140826;6.71;6.96;6.68;6.77;11882277;80940400.00
20140827;6.99;7.16;6.79;6.88;11468021;79206496.00
20140828;6.80;6.87;6.64;6.69;8190226;55311528.00
20140829;6.68;6.79;6.66;6.74;3286499;22105844.00
20140901;6.74;6.95;6.74;6.90;6988084;47978472.00
20140902;6.90;7.00;6.84;6.94;9004861;62138104.00
20140903;6.93;7.03;6.89;6.93;7856176;54516644.00
20140904;6.93;7.28;6.92;7.24;16487958;116887360.00
20140905;7.24;7.27;7.08;7.15;18915996;134975744.00
20140909;7.14;7.14;7.02;7.10;8478941;60018912.00
20140910;7.05;7.16;6.97;7.11;13290067;93446464.00
20140911;7.08;7.13;6.99;7.01;13983421;98711744.00
20140912;7.02;7.09;7.00;7.08;6719927;47379140.00
20140915;7.08;7.34;7.06;7.22;14649620;105079120.00
20140916;7.25;7.25;6.90;6.91;11985255;84865416.00
20140917;6.92;6.98;6.73;6.91;7300627;50042812.00
20140918;6.85;7.00;6.85;6.94;7219505;50053336.00
20140919;6.91;6.99;6.88;6.97;4986210;34641012.00
20140922;6.96;7.10;6.90;7.04;8677303;60922432.00
20140923;7.00;7.10;6.96;7.06;7265494;51099248.00
20140924;7.06;7.17;7.03;7.13;7858000;55948572.00
20140925;7.13;7.17;7.03;7.05;7940171;56533912.00
20140926;7.04;7.10;6.99;7.07;6666708;46981616.00
20140929;7.07;7.14;7.05;7.12;6665865;47350220.00
20140930;7.12;7.19;7.10;7.15;7403936;52899060.00
20141008;7.14;7.31;7.11;7.30;12293566;89081192.00
20141009;7.34;7.44;7.15;7.42;16454742;120256232.00
20141010;7.34;7.49;7.29;7.48;16214216;120625584.00
20141013;7.47;7.49;7.35;7.46;13894057;103225808.00
20141014;7.46;7.53;7.28;7.36;11184733;83175624.00
20141015;7.38;7.42;7.21;7.35;7367181;54035688.00
20141016;7.34;7.42;7.25;7.28;7338552;53778280.00
20141017;7.21;7.32;7.01;7.07;10029512;71586408.00
20141020;7.07;7.17;7.05;7.16;5372462;38295808.00
20141021;7.15;7.15;6.98;7.04;7269992;51306656.00
20141022;7.03;7.07;6.88;6.90;6096801;42480412.00
20141023;6.89;6.98;6.84;6.92;5120858;35363816.00
20141024;6.93;6.97;6.81;6.87;7145025;49160328.00
20141027;6.90;6.90;6.73;6.80;5276121;35917832.00
20141028;6.75;6.96;6.75;6.93;6541109;45079216.00
20141029;6.98;7.06;6.91;6.97;11507673;80224072.00
20141030;6.96;6.98;6.91;6.96;9319637;64757320.00
20141031;6.97;7.10;6.81;7.04;14169686;98718712.00
20141103;7.00;7.14;7.00;7.10;9898329;70111480.00
20141104;7.10;7.10;6.81;6.87;13574079;94370528.00
20141105;6.86;6.87;6.77;6.82;7422198;50540200.00
20141106;6.83;6.96;6.78;6.89;7204302;49522132.00
20141107;6.88;6.90;6.76;6.78;6634170;45416840.00
20141110;6.78;6.81;6.69;6.72;10364021;69694600.00
20141111;6.73;6.77;6.24;6.37;17172873;111426424.00
20141112;6.27;6.40;6.26;6.36;11743763;74307448.00
20141113;6.36;6.44;6.34;6.38;6849449;43721240.00
20150703;7.02;7.02;7.02;7.02;820115;5757207.50
20150706;7.72;7.72;7.72;7.72;1327811;10250701.00
20150707;8.49;8.49;8.49;8.49;2768173;23501788.00
20150708;8.99;8.99;7.64;8.60;108182277;886275456.00
20150709;8.40;9.46;8.39;9.46;35744071;320400576.00
20150710;10.41;10.41;10.41;10.41;1110120;11556349.00
20150713;11.45;11.45;11.45;11.45;1935126;22157192.00
20150714;12.60;12.60;12.60;12.60;1082676;13641718.00
20150715;13.86;13.86;13.00;13.86;80224698;1109040640.00
20150716;12.47;15.25;12.47;14.70;87614036;1188743552.00
20150717;14.25;16.12;14.05;15.82;44648465;674256448.00
20150720;15.25;16.61;14.30;16.29;52919689;820422464.00
20150721;15.60;16.89;15.43;15.59;34755615;555582784.00
20150722;15.10;15.75;14.50;14.92;32747494;491702464.00
20150723;14.90;16.41;14.81;16.41;32668960;511466080.00
20150724;16.45;17.41;15.10;15.51;42509684;692391104.00
20150727;14.77;15.30;13.96;14.37;32296612;471888288.00
20150728;13.50;14.77;13.07;13.88;24922616;347272864.00
20150729;14.37;15.27;13.88;15.27;25039073;362544832.00
20150730;15.42;16.24;14.40;14.51;27807295;425907200.00
20150731;14.00;14.88;13.90;14.21;14164585;202470400.00
20150803;14.00;14.60;13.53;13.76;13106460;184553264.00
20150804;13.75;15.14;13.75;15.02;21329908;312589216.00
20150805;14.77;15.16;14.40;14.44;17486839;256852640.00
20150806;14.46;15.25;14.12;14.92;20359258;302021120.00
20150807;14.90;16.07;14.84;16.02;31473047;487239392.00
20150810;16.03;17.62;15.79;17.62;37114380;629511872.00
20150811;17.89;18.78;17.30;17.78;42020809;757941504.00
20150812;17.20;18.41;17.11;17.16;29538272;525868832.00
20150813;16.70;18.50;16.41;18.23;28488415;497416928.00
20150814;18.28;19.59;17.90;18.62;27069942;512396128.00
20150817;18.54;19.21;18.16;18.67;19630837;368261664.00
20150818;18.40;18.71;16.80;16.80;27068072;471220224.00
20150819;15.79;17.29;15.21;16.92;24877056;400735968.00
20150820;16.58;16.84;15.52;15.54;10794971;176116048.00
20150821;15.47;16.05;14.80;15.40;15612362;241773184.00
20150824;14.43;15.60;13.86;15.50;30770558;451437824.00
20150825;14.99;16.96;14.45;15.55;23178829;368214176.00
20150826;16.00;17.11;15.60;17.11;33377549;556826688.00
20150827;17.30;18.82;16.97;18.82;35604362;635819008.00
20150828;19.32;20.70;18.92;20.70;39732885;804243264.00
20150831;21.10;21.30;18.63;18.63;40048488;801245184.00
20150901;17.00;17.70;16.77;16.77;22949293;390254144.00
20150902;15.68;17.90;15.20;15.60;22482660;370956576.00
20150907;15.99;16.80;14.40;15.75;29443468;460341216.00
20150908;15.33;16.98;15.33;16.80;19131519;309786720.00
20150909;16.86;17.70;16.58;17.08;23040241;394722592.00
20150910;16.68;17.05;16.20;16.29;14027904;233489904.00
20150911;16.35;16.80;15.80;16.13;9176600;149477440.00
20150914;16.19;16.45;14.60;14.67;14593366;223461936.00
20150915;14.66;16.00;14.40;15.72;17310946;266518768.00
20150916;15.71;17.29;15.40;17.29;22146501;363313792.00
20150917;17.29;17.37;16.00;16.01;20569611;347845728.00
20150918;16.52;16.80;15.50;16.80;12025649;192392944.00
20150921;16.30;17.32;16.00;17.19;13090259;221219328.00
20150922;17.30;18.69;17.05;18.10;20716241;374814688.00
20150923;17.44;17.96;17.08;17.40;16568546;290058592.00
20150924;18.38;19.00;18.00;18.50;18009311;331838112.00
20150925;18.00;19.00;17.30;18.08;18047258;326714848.00
20150928;18.11;18.38;17.56;17.83;8584663;154305616.00
20150929;17.50;18.30;17.30;18.00;16386769;294321600.00
20150930;17.90;18.20;17.60;17.76;6400714;113984744.00
20151008;18.12;18.79;18.12;18.19;8682619;158835360.00
20151009;18.05;18.35;17.76;17.99;8568045;154411584.00
20151012;18.15;19.79;18.06;19.79;20276266;393583456.00
20151013;19.90;20.49;19.60;20.00;18955328;378883808.00
20151014;19.88;20.68;19.71;19.87;15745573;317878848.00
20151015;19.59;21.86;19.52;21.86;24541669;520294752.00
20151016;22.25;24.00;21.61;23.50;25325437;570757824.00
20151019;23.50;23.56;22.30;22.60;20230027;460075328.00
20151020;22.35;23.50;22.14;23.01;16829666;384086592.00
20151021;23.03;24.40;20.75;22.55;26055098;593573760.00
20151022;22.00;24.81;22.00;24.80;21445190;499532256.00
20151023;25.05;27.17;24.42;25.60;23394843;609172416.00
20151026;26.01;26.04;24.20;25.28;20856787;526576064.00
20151027;25.01;27.50;24.44;26.89;18513782;481681856.00
20151028;26.30;28.02;26.21;26.66;16775282;457424928.00
20151029;26.40;27.30;25.31;26.18;15166599;397177280.00
20151030;26.05;26.80;25.62;25.73;10033891;262178368.00
20151102;23.80;25.86;23.80;24.68;11797408;293036384.00
20151103;25.61;26.85;25.61;26.54;11832146;308894784.00
20151104;26.49;29.19;26.34;29.19;21957820;616893440.00
20151105;29.18;29.50;28.20;28.35;17142136;493471968.00
20151106;28.03;29.29;28.02;28.33;9506441;272656576.00
20151109;28.32;29.62;27.83;28.73;11874992;343028960.00
20151110;28.60;28.98;27.80;28.55;11418593;323192416.00
20151111;28.55;29.36;28.22;28.70;9133501;263121984.00
20151112;28.60;28.70;27.75;28.05;9198720;258468800.00
20151113;27.78;27.99;26.50;26.90;9760139;264537696.00
20151116;26.50;28.50;26.30;28.45;8951066;248769472.00
20151117;28.56;28.85;27.70;27.76;8527103;239956352.00
20151118;27.38;27.88;26.50;26.51;6942753;188176672.00
20151119;26.64;27.47;26.62;27.30;5839197;158235072.00
20151120;27.15;28.60;27.14;28.50;11450052;322908832.00
20151123;28.53;31.35;28.53;31.35;23546657;724325184.00
20151124;31.36;31.90;30.30;31.01;11088707;342805024.00
20151125;31.00;31.80;30.70;31.50;8778468;274168448.00
20151126;31.77;31.77;30.63;30.76;7342264;227470832.00
20151127;31.30;33.18;30.00;30.75;15137169;480317024.00
20151130;30.22;33.55;30.22;33.19;12257688;386597664.00
20151201;33.11;34.38;31.00;31.73;11090110;364266720.00
20151202;31.34;32.50;28.60;31.38;8388939;258440016.00
20151203;31.50;32.81;31.31;32.27;6274783;202513312.00
20151204;32.45;33.80;31.91;33.00;9156958;302816448.00
20151207;32.76;33.80;32.16;32.75;7592916;248598224.00
20151208;32.30;32.69;31.37;32.10;5454920;175129952.00
20151209;32.10;32.45;31.08;31.29;5044698;158785136.00
20151210;31.23;32.50;31.00;31.20;4885047;153855696.00
20151211;31.19;31.64;30.86;31.32;3347211;104500688.00
20151214;30.93;32.00;30.88;31.89;3636906;113925992.00
20151215;32.10;32.58;31.30;31.35;4332583;137766272.00
20151216;31.50;31.80;30.96;31.29;3897500;122176120.00
20151217;31.29;33.30;31.29;32.52;9201224;297886240.00
20151218;32.79;32.79;31.60;31.62;6415908;205488400.00
20151221;31.50;32.00;30.55;31.17;5936184;184241040.00
20151222;31.25;31.30;30.70;30.98;3327521;102944408.00
20151223;31.30;31.67;30.70;31.04;4657379;145799152.00
20151224;30.90;30.98;29.50;29.89;5646388;168646368.00
20151225;30.40;30.40;28.50;29.10;6099628;177722528.00
20151228;29.30;30.20;29.02;29.43;6286999;186578384.00
20151229;29.40;30.00;29.02;29.63;3235936;95531456.00
20151230;29.92;30.00;29.11;29.72;3557398;105003696.00
20151231;29.51;29.90;29.39;29.70;2518492;74633064.00
20160104;29.75;29.90;27.00;27.14;3568985;99827944.00
20160105;26.10;29.00;25.00;28.94;8328923;229014032.00
20160106;28.94;30.85;28.94;30.32;9261988;279973920.00
20160107;29.50;29.92;27.30;27.33;1821678;52164164.00
20160108;28.56;29.88;25.14;29.00;7907214;223823744.00
20160111;28.60;29.48;27.30;28.00;6895741;194494208.00
20160112;27.83;28.45;27.02;27.45;4688812;129227928.00
20160113;27.46;27.64;26.17;26.25;4510159;121636688.00
20160114;25.19;26.93;25.08;26.77;7110629;184601968.00
20160115;26.90;26.90;24.09;24.09;5447031;137601456.00
20160118;23.50;24.88;23.00;24.73;6058617;147284320.00
20160119;24.53;27.19;24.53;26.98;6294279;165098928.00
20160120;27.28;27.69;26.61;27.11;6000502;162723248.00
20160121;27.02;27.97;26.49;27.18;6294067;172748432.00
20160122;27.40;28.96;27.40;28.65;7811570;220400784.00
20160125;28.50;29.15;28.23;28.51;4463303;127789520.00
20160126;28.40;28.80;26.80;28.21;6397277;178500176.00
20160127;28.21;28.50;26.55;27.88;4978773;137440448.00
20160128;27.68;28.25;27.12;27.19;3180102;88358152.00
20160129;26.86;27.50;25.66;26.70;5865954;155744752.00
20160201;26.05;27.77;26.05;27.65;5517611;149976784.00
20160202;28.31;29.78;28.31;29.41;6038237;175531776.00
20160203;29.70;29.83;29.00;29.43;4132900;121516560.00
20160204;29.43;30.00;29.23;29.59;4061141;120461040.00
20160205;29.59;29.86;29.37;29.42;2171612;64066996.00
20160215;28.50;28.95;27.67;28.49;2956780;83743160.00
20160216;28.83;29.47;28.51;28.98;4020290;116942464.00
20160217;28.98;29.18;28.10;28.73;3185316;91311224.00
20160218;28.73;29.16;28.41;28.83;4002867;114896480.00
20160219;28.82;28.83;28.10;28.20;2436859;69050296.00
20160222;28.50;28.77;28.00;28.19;3275191;92624560.00
20160223;28.30;28.48;27.00;27.44;4151194;115565936.00
20160224;27.48;28.22;27.45;28.10;3083348;86086496.00
20160225;28.20;28.24;26.01;26.08;4472851;120229208.00
20160226;26.11;26.78;25.90;26.32;2506510;65906516.00
20160229;26.30;26.58;24.68;25.04;2872238;73267976.00
20160301;25.01;25.35;24.77;25.18;1893944;47552936.00
20160302;25.18;26.19;25.05;25.95;2923543;74609240.00
20160303;25.96;26.36;25.61;25.62;2250855;58611464.00
20160304;25.89;26.33;24.01;26.16;3853547;96611216.00
20160307;26.57;26.85;26.02;26.17;2309875;60872608.00
20160308;26.34;26.34;25.00;25.76;2038426;52048348.00
20160309;25.50;26.39;25.01;26.28;2882543;74207320.00
20160310;26.60;26.80;25.90;25.99;2142800;56340416.00
20160311;25.95;25.95;25.11;25.28;1571937;39822872.00
20160314;25.40;26.29;25.29;25.85;2556342;65879672.00
20160315;25.45;25.98;25.10;25.24;1935440;49394872.00
20160316;25.28;25.90;25.00;25.36;2228615;56633676.00
20160317;25.38;25.88;25.24;25.64;3463040;88691152.00
20160318;25.64;26.37;25.51;26.14;4114982;107051672.00
20160321;26.60;26.66;26.00;26.29;4208711;110474136.00
20160322;26.26;26.48;25.90;26.42;3238648;84667840.00
20160323;26.33;26.38;25.75;26.00;3004241;78160120.00
20160324;25.56;25.80;25.30;25.36;2697228;68800520.00
20160325;25.15;26.06;25.15;25.92;3078025;78971320.00
20160328;26.37;26.38;25.47;25.50;2650620;68358168.00
20160329;25.50;25.70;24.86;25.07;1902252;47995128.00
20160330;25.18;25.56;25.15;25.38;1953010;49509836.00
20160331;25.40;25.53;25.15;25.26;1953461;49463068.00
20160401;25.22;25.48;24.90;24.93;3287992;82469744.00
20160405;25.00;25.26;24.80;25.10;3431559;85910920.00
20160406;25.20;27.61;25.17;27.61;9169755;251214944.00
20160407;28.42;29.17;27.51;27.60;9534375;269979616.00
20160408;27.62;27.95;25.70;26.13;8263053;218276192.00
20160411;26.28;27.05;26.26;26.70;3487188;93081400.00
20160412;26.70;27.11;26.50;26.90;2697629;72301024.00
20160413;27.07;27.35;26.66;26.72;3283109;88575776.00
20160414;26.98;27.24;26.62;26.78;2249940;60390188.00
20160415;27.00;27.08;26.60;26.72;2793683;74803000.00
20160418;26.62;26.96;26.35;26.70;2632246;70375816.00
20160419;26.78;26.92;26.54;26.64;2109424;56319416.00
20160420;26.94;26.95;24.44;26.82;4374490;114227480.00
20160421;26.80;26.90;26.41;26.42;2189398;58516652.00
20160422;26.33;28.18;26.02;27.35;5257727;144059200.00
20160425;28.06;28.15;27.32;27.83;4397254;122099560.00
20160426;27.51;27.96;27.39;27.71;2327491;64428224.00
20160427;27.98;28.46;27.60;28.29;4530762;127837576.00
20160428;28.30;28.45;28.00;28.30;3273671;92349224.00
20160429;28.10;29.08;28.10;28.72;3121032;89910016.00
20160503;28.93;29.18;28.72;28.78;2959758;85631392.00
20160504;28.70;29.06;28.58;28.71;2091862;60153048.00
20160505;28.60;28.89;27.71;28.33;3101813;87535352.00
20160506;28.25;28.52;27.64;27.64;2741983;76845224.00
20160509;27.63;27.63;26.55;26.65;2327444;62727380.00
20160510;26.62;27.00;26.51;26.91;1549726;41565184.00
20160511;27.50;28.55;27.02;27.70;4053308;113687952.00
20160512;27.02;27.37;26.80;27.13;2037290;55044920.00
20160513;27.49;27.49;26.52;26.58;2082691;55872364.00
20160516;26.41;26.98;26.41;26.80;1027800;27491060.00
20160517;26.99;27.08;26.55;26.76;901913;24138506.00
20160518;26.51;26.79;25.70;25.91;1495541;39052328.00
20160519;25.91;26.50;25.41;25.59;2042150;52802640.00
20160520;25.60;25.80;24.65;25.66;6347668;159213760.00
20160523;26.45;26.45;25.28;25.75;5052434;130007432.00
20160524;25.60;25.60;24.50;24.81;7421260;184398912.00
20160525;24.75;25.36;24.62;25.13;4524031;113240344.00
20160526;25.20;25.30;24.82;25.05;2627295;65661956.00
20160527;25.54;25.90;25.01;25.02;3535705;89667760.00
20160530;24.68;25.13;24.41;24.83;2706191;67140464.00
20160531;24.83;25.52;24.80;25.32;7114069;179363744.00
20160601;25.32;25.45;25.10;25.10;3943655;99414008.00
20160602;25.13;25.23;24.80;24.95;2979822;74304512.00
20160603;25.14;25.14;24.91;25.10;2872319;71899544.00
20160606;25.11;25.21;24.87;24.96;3537708;88310192.00
20160607;25.15;25.15;24.90;25.01;2679161;66932268.00
20160608;25.09;25.09;24.68;24.83;3544673;87997240.00
20160613;24.54;25.12;24.42;24.60;5162540;128525824.00
20160614;24.62;25.30;23.01;24.95;8270666;202420928.00
20160615;24.58;25.47;24.58;25.41;6132795;154284960.00
20160616;25.45;25.55;24.60;24.87;4157825;104077928.00
20160617;24.75;26.21;24.75;25.70;7127239;182012480.00
20160620;25.70;25.70;25.10;25.23;3060928;77377864.00
20160621;25.23;25.53;24.90;24.94;3355191;84590248.00
20160622;24.65;25.00;24.61;24.83;2636519;65368752.00
20160623;24.97;25.56;24.83;25.00;3235667;81582104.00
20160624;25.08;25.60;24.00;25.16;5333486;134280608.00
20160627;24.88;25.30;24.87;25.24;3169899;79747976.00
20160628;25.24;25.24;24.86;25.03;3037382;75866208.00
20160629;25.06;25.20;24.83;24.87;3018499;75331400.00
20160630;24.99;25.00;24.79;24.85;2171521;54029124.00
