20101021;39.99;41.50;39.20;40.11;31751294;1272464768.00
20101022;40.45;44.11;39.46;43.31;22915129;961201280.00
20101025;42.50;42.93;41.51;41.89;16445044;693030016.00
20101026;41.50;42.28;40.06;40.72;11580052;474742688.00
20101027;39.77;40.92;39.50;40.88;8855857;354802944.00
20101028;40.30;40.40;39.77;39.95;5535984;221653328.00
20101029;39.85;40.38;39.57;40.07;5187405;207703936.00
20101101;40.02;41.18;39.86;40.70;6589861;267828304.00
20101102;40.49;41.08;39.70;39.80;6885604;277046848.00
20101103;39.70;39.75;38.70;38.70;4804029;187542048.00
20101104;38.67;39.29;38.67;39.05;2974456;116003592.00
20101105;39.34;40.19;39.05;39.73;4468137;177454832.00
20101108;39.62;40.12;39.54;40.03;3635493;144971024.00
20101109;40.09;40.75;39.80;40.71;4997813;201623488.00
20101110;40.58;40.65;40.10;40.44;4311561;174124880.00
20101111;40.33;40.70;39.81;39.84;5176545;209034544.00
20101112;39.65;39.79;38.00;38.02;5484392;212425360.00
20101115;37.75;38.66;37.75;38.65;2681797;102572400.00
20101116;38.77;39.25;37.82;38.10;2590378;99668328.00
20101117;37.82;38.48;37.76;37.86;1634534;62287020.00
20101118;38.03;38.58;37.90;38.48;1620075;61883404.00
20101119;38.68;38.78;38.18;38.70;2029700;78144584.00
20101122;38.32;39.20;38.32;38.82;2600477;101097376.00
20101123;38.56;38.94;38.30;38.55;1775612;68382536.00
20101124;38.59;39.32;38.56;39.22;2264331;88479312.00
20101125;39.20;39.34;38.83;39.09;2152873;84027728.00
20101126;39.09;39.09;38.70;38.93;1648250;64103392.00
20101129;38.90;39.30;38.83;39.06;1836601;71809272.00
20101130;39.00;39.18;37.76;38.23;2671604;102222616.00
20101201;38.10;38.66;38.10;38.40;1175833;45135192.00
20101203;38.50;39.98;38.50;39.68;4475036;175834784.00
20101206;39.70;39.75;38.18;38.62;2550561;99423080.00
20101207;38.24;39.10;38.21;38.90;1364294;52793272.00
20101208;38.85;38.88;38.31;38.41;1130881;43635968.00
20101209;38.33;38.59;38.00;38.00;1306348;49997028.00
20101210;38.03;38.50;38.00;38.50;766118;29296066.00
20101213;38.55;39.33;38.55;39.10;2117052;82573192.00
20101214;39.11;40.67;38.93;40.37;6526309;261821424.00
20101215;40.20;40.30;39.50;39.64;3017713;120195392.00
20101216;39.62;40.25;39.51;39.76;2056679;82025072.00
20101217;39.85;40.38;39.60;40.18;1748114;70063136.00
20101220;40.25;40.39;38.60;39.14;2678852;105734320.00
20101221;39.38;40.19;39.26;39.92;2054512;81921760.00
20101222;40.04;40.59;39.82;39.98;2757082;111022016.00
20101223;39.72;40.75;39.71;40.06;2979836;120189288.00
20101224;39.69;39.84;38.29;38.56;2422949;93953904.00
20101227;38.80;38.99;37.60;37.73;2172742;83090016.00
20101228;37.70;37.89;36.50;37.85;1721262;64250248.00
20101229;37.70;38.00;37.60;37.91;706936;26765314.00
20101230;37.82;37.90;37.00;37.31;1119081;41916500.00
20101231;37.50;37.99;37.32;37.91;920120;34791480.00
20110104;38.07;38.47;38.02;38.32;1135658;43456352.00
20110105;38.38;38.57;38.15;38.22;988815;37891264.00
20110106;38.23;38.45;37.70;37.75;911010;34676736.00
20110107;37.60;38.05;37.50;37.70;791524;29926410.00
20110110;37.71;38.09;37.18;37.23;697671;26253502.00
20110111;37.25;37.49;36.49;36.80;990871;36459156.00
20110112;37.05;37.17;36.18;36.49;923092;33753660.00
20110113;36.38;36.78;36.38;36.54;472639;17279914.00
20110114;36.30;36.52;35.51;35.55;974649;34993236.00
20110117;35.50;35.50;33.69;33.82;1339225;45848244.00
20110118;33.82;33.94;33.51;33.85;476426;16091475.00
20110119;33.88;34.32;33.72;34.29;540373;18448814.00
20110120;34.02;34.29;33.00;33.00;898095;30159322.00
20110121;33.00;33.80;32.40;33.69;2009312;66025716.00
20110124;33.30;33.64;32.46;32.48;868206;28665174.00
20110125;32.51;32.84;31.50;31.86;1403934;44856200.00
20110126;31.90;32.47;31.86;32.00;1264912;40598452.00
20110127;31.70;32.49;31.63;32.32;1675124;53945016.00
20110128;32.21;32.48;32.01;32.40;1024531;33033072.00
20110131;32.37;33.96;32.20;33.90;3040255;100562640.00
20110201;33.90;34.52;33.57;34.05;1949049;66398476.00
20110209;33.70;33.90;33.20;33.46;1739979;58352568.00
20110210;33.45;34.19;33.13;34.13;2633533;88876344.00
20110211;34.15;35.94;34.00;35.40;2945752;103383400.00
20110214;35.45;36.09;34.97;35.81;2017884;71640488.00
20110215;35.65;35.93;35.14;35.30;1633050;58005792.00
20110216;35.30;35.77;35.19;35.70;1169898;41624696.00
20110217;35.70;36.19;35.60;35.92;1450320;52036108.00
20110218;35.81;35.85;34.71;34.81;2639996;92480128.00
20110221;34.85;35.40;34.75;35.21;1313102;46066872.00
20110222;35.91;36.00;34.12;34.12;2147102;75168064.00
20110223;34.02;34.45;34.02;34.28;1273846;43598584.00
20110224;34.28;34.63;34.10;34.31;1621806;55574916.00
20110225;34.38;35.07;34.20;35.01;1632982;56678076.00
20110228;35.07;35.55;34.90;35.48;1337378;47084988.00
20110301;35.47;35.47;34.90;35.01;1230322;43188332.00
20110302;35.10;35.27;34.43;34.84;921464;32064908.00
20110303;34.98;34.98;33.84;33.86;1184946;40714948.00
20110304;33.64;34.18;33.64;34.10;547571;18571498.00
20110307;34.15;34.69;34.15;34.64;845976;29025748.00
20110308;34.63;35.46;34.17;35.43;2237450;78092536.00
20110309;35.40;35.47;34.81;34.99;1417981;49722996.00
20110310;34.98;35.28;34.60;34.99;886940;30955902.00
20110311;34.99;35.35;34.72;35.16;1232002;43247600.00
20110314;35.31;36.00;35.31;35.97;2049186;73358088.00
20110315;36.00;36.05;34.80;35.29;1840325;64843184.00
20110316;35.45;36.76;35.01;36.72;2145862;77188384.00
20110317;36.32;36.92;35.81;35.99;1913054;69523928.00
20110318;36.30;36.50;35.55;35.55;1837733;65905868.00
20110321;35.18;35.46;34.20;34.44;2315863;80424960.00
20110322;34.38;34.61;34.10;34.40;753881;25920246.00
20110323;34.60;34.64;34.20;34.39;1215126;41753892.00
20110324;34.48;34.52;34.14;34.17;1269364;43540184.00
20110325;34.32;34.55;34.15;34.40;1270664;43681664.00
20110328;34.49;34.61;33.70;33.74;1807329;61756784.00
20110329;33.70;33.95;33.26;33.27;1163032;38917968.00
20110330;33.30;33.53;32.91;32.94;925869;30679386.00
20110331;32.95;33.19;32.30;32.58;1196711;39126176.00
20110401;32.69;33.17;32.69;33.17;706303;23262466.00
20110406;33.16;33.16;32.76;32.98;825320;27212046.00
20110407;33.10;33.48;33.00;33.41;596388;19891040.00
20110408;33.41;34.67;33.30;34.40;2160443;73529808.00
20110411;34.08;34.35;33.53;33.57;1524335;51662372.00
20110412;33.46;33.80;32.92;33.10;1045555;34760896.00
20110413;33.11;33.50;33.00;33.40;1358176;45197608.00
20110414;33.22;33.50;33.01;33.13;810878;26961360.00
20110418;33.12;34.00;32.61;33.17;799964;26505100.00
20110419;33.08;33.08;32.30;32.40;1012774;32941396.00
20110420;32.54;32.95;32.40;32.78;558403;18205886.00
20110421;33.10;33.53;33.00;33.41;1070908;35751400.00
20110422;33.55;33.86;33.43;33.61;1116212;37520856.00
20110425;33.79;33.79;32.85;33.06;699961;23267940.00
20110426;33.25;33.25;32.50;32.68;821639;26929134.00
20110427;33.52;35.28;33.52;34.75;5152019;177922032.00
20110428;33.38;33.38;31.50;31.62;3115246;100950208.00
20110429;31.58;32.42;31.58;32.05;1260689;40494860.00
20110503;32.30;32.40;31.81;32.25;1008361;32431544.00
20110504;32.14;32.14;31.53;31.58;1124128;35674048.00
20110505;31.60;31.99;31.60;31.89;594740;18941840.00
20110506;31.67;32.85;31.60;32.50;1557831;50752608.00
20110509;32.69;32.92;32.45;32.57;931189;30387174.00
20110510;32.60;32.76;32.32;32.67;819387;26624420.00
20110511;32.67;33.40;32.60;33.02;1768994;58471116.00
20110512;32.80;32.99;32.10;32.12;1209225;39357572.00
20110513;32.13;32.60;32.01;32.49;734713;23769594.00
20110516;32.49;33.17;32.32;32.90;1142969;37604428.00
20110517;32.75;33.59;32.75;33.39;1867381;62220456.00
20110518;33.22;33.40;33.00;33.32;1009005;33501324.00
20110519;33.32;33.68;32.94;32.98;1218459;40567528.00
20110520;32.91;33.15;32.71;32.97;778580;25604526.00
20110523;32.97;32.97;31.52;31.55;1405767;44921288.00
20110524;31.57;31.78;30.75;31.59;924231;28898222.00
20110525;31.48;31.74;30.80;30.83;647028;20153180.00
20110526;30.95;31.24;30.68;30.69;578202;17897466.00
20110527;30.71;30.90;30.13;30.18;585042;17826682.00
20110530;30.13;30.45;29.81;29.90;520469;15660973.00
20110531;30.01;30.54;29.90;30.44;587412;17765576.00
20110601;30.44;30.80;30.30;30.70;507407;15506622.00
20110602;30.35;30.35;29.81;30.16;614982;18497030.00
20110603;30.11;30.84;30.11;30.62;678770;20760020.00
20110607;30.61;30.85;30.42;30.65;487929;14955811.00
20110608;30.47;30.80;30.33;30.73;382166;11675300.00
20110609;30.73;30.73;29.90;29.93;549362;16602092.00
20110610;29.97;29.99;29.22;29.73;535798;15877207.00
20110613;29.50;29.56;29.10;29.41;400134;11727658.00
20110614;29.41;29.92;29.34;29.81;501855;14935287.00
20110615;29.81;29.85;29.45;29.74;516804;15342500.00
20110616;29.45;29.47;29.20;29.25;403480;11830163.00
20110617;29.25;29.48;28.92;29.00;414835;12110087.00
20110620;28.95;29.22;27.85;27.96;939699;26639502.00
20110621;27.91;28.31;27.72;28.05;945799;26485414.00
20110622;28.18;28.20;27.45;27.45;1425381;39403756.00
20110623;27.50;28.38;27.10;28.35;1834277;51205552.00
20110624;28.06;29.40;28.03;29.15;2128958;61454072.00
20110627;29.60;30.60;29.60;29.78;2186674;65584116.00
20110628;29.77;30.30;29.58;29.96;1314843;39406544.00
20110629;30.00;30.11;29.38;29.38;1016228;30207438.00
20110630;29.33;30.29;29.33;29.99;1043042;31204766.00
20110701;30.02;30.24;29.87;30.00;1012663;30454596.00
20110704;30.20;30.68;30.13;30.54;1224606;37369448.00
20110705;30.55;31.17;30.42;30.99;1629110;50324864.00
20110706;31.01;32.35;30.81;31.81;2968370;94049392.00
20110707;31.76;32.66;31.71;31.97;3022014;97296544.00
20110708;31.90;32.13;31.37;31.71;1799099;56931684.00
20110711;31.40;32.10;31.20;31.90;1444382;45848424.00
20110712;31.68;31.78;31.20;31.20;1694605;53256808.00
20110713;31.05;32.05;31.05;31.90;1556835;49310404.00
20110714;31.58;31.58;30.73;31.23;4901403;152167024.00
20110715;31.22;31.85;30.99;31.38;2343389;73726056.00
20110718;31.65;32.63;31.62;32.30;3016195;97164560.00
20110719;32.00;32.16;31.55;31.64;1313974;41767620.00
20110720;31.90;32.12;31.08;31.39;1330520;41924296.00
20110721;31.25;31.39;30.84;31.00;1148455;35686320.00
20110722;31.06;31.39;30.96;31.14;959464;29913462.00
20110725;31.08;31.08;29.30;29.57;1508795;45494684.00
20110726;29.56;29.82;29.31;29.54;666771;19693666.00
20110727;29.56;30.52;29.54;30.38;1160656;35011156.00
20110728;30.06;30.37;29.69;30.00;967218;28971438.00
20110729;29.87;30.20;29.73;30.13;919437;27552862.00
20110801;30.19;31.30;30.01;31.18;2347629;72569736.00
20110802;30.38;30.38;28.55;29.40;2999822;87655640.00
20110803;29.10;29.33;28.83;29.09;1180843;34351284.00
20110804;29.09;29.45;29.09;29.25;884859;25865636.00
20110805;28.50;28.50;28.10;28.29;1496193;42339900.00
20110808;27.80;27.85;26.30;26.62;1606147;43478992.00
20110809;26.00;26.75;25.55;26.47;1372811;35858460.00
20110810;26.80;27.30;26.65;26.83;1308352;35325332.00
20110811;26.02;27.28;25.20;27.21;1272835;33988172.00
20110812;27.34;27.64;27.25;27.32;1085206;29769190.00
20110815;27.33;27.68;27.20;27.68;1129463;31044420.00
20110816;27.58;27.91;27.30;27.34;814419;22446870.00
20110817;27.35;27.68;27.31;27.45;720018;19811682.00
20110818;27.42;27.42;26.60;26.60;934538;25164978.00
20110819;26.00;26.27;25.82;26.19;759633;19777924.00
20110822;26.21;26.70;26.19;26.28;720296;19018162.00
20110823;26.48;27.44;26.31;27.33;987960;26547474.00
20110824;27.38;27.88;27.13;27.18;880727;24185154.00
20110825;27.18;27.80;27.16;27.64;1508582;41449544.00
20110826;27.64;28.15;27.48;28.09;1516204;42385504.00
20110829;28.01;28.35;27.80;27.90;1135980;31832418.00
20110830;27.89;28.40;27.52;27.58;1211075;33986692.00
20110831;27.52;27.72;27.22;27.45;672697;18503460.00
20110901;27.44;27.74;27.15;27.27;445131;12208262.00
20110902;27.28;27.36;26.73;26.83;372587;10052354.00
20110905;26.55;26.60;26.05;26.06;530488;13930532.00
20110906;26.00;26.06;25.43;25.78;594266;15347966.00
20110907;25.90;26.40;25.90;26.30;566743;14823330.00
20110908;26.45;26.72;26.12;26.16;446461;11804549.00
20110909;26.16;26.50;25.92;26.05;272440;7134133.00
20110913;25.85;25.98;25.55;25.79;306455;7891705.50
20110914;26.00;26.19;25.52;26.19;680284;17656914.00
20110915;26.38;26.86;26.16;26.61;1475651;39161952.00
20110916;26.65;26.90;26.45;26.50;515605;13752275.00
20110919;26.31;26.31;25.58;25.62;460764;11883744.00
20110920;25.58;25.93;25.57;25.80;290761;7482452.50
20110921;25.68;26.60;25.68;26.54;625396;16505903.00
20110922;26.40;26.48;25.70;25.71;499379;13025839.00
20110923;25.20;25.60;25.01;25.34;556836;14071452.00
20110926;25.22;25.67;25.20;25.35;356960;9052444.00
20110927;25.50;25.59;25.28;25.48;409699;10431343.00
20110928;25.55;25.83;25.26;25.58;551767;14131911.00
20110929;25.53;25.65;25.28;25.39;669208;17069654.00
20110930;25.50;25.54;24.80;24.95;406590;10187572.00
20111010;25.00;25.25;24.48;24.48;283824;7059489.00
20111011;24.88;25.22;23.66;23.79;935493;22701282.00
20111012;23.71;24.50;23.52;24.42;758807;18342486.00
20111013;24.42;24.74;24.21;24.58;657274;16152823.00
20111014;24.54;24.75;24.30;24.50;414780;10157115.00
20111017;24.59;24.68;24.33;24.51;469338;11489913.00
20111018;24.47;24.56;23.50;23.56;607870;14605157.00
20111019;23.70;23.87;23.48;23.51;389662;9204672.00
20111020;23.51;23.64;21.16;22.43;465702;10623182.00
20111021;22.40;22.59;21.85;21.98;442962;9843014.00
20111024;22.00;22.47;21.71;22.36;512705;11378227.00
20111025;22.25;22.95;22.04;22.88;725422;16429772.00
20111027;23.46;23.46;22.77;22.85;972111;22418376.00
20111028;23.00;23.20;22.82;23.14;914563;21043654.00
20111031;23.18;23.26;23.01;23.26;684901;15848987.00
20111101;23.06;23.35;22.86;23.02;660030;15240674.00
20111102;22.85;23.29;22.40;23.29;1079945;24582148.00
20111103;23.50;24.31;23.50;23.90;1752171;42025932.00
20111104;23.90;24.00;23.55;23.80;1106683;26346426.00
20111107;23.70;23.99;23.61;23.73;609935;14504836.00
20111108;23.85;23.85;23.50;23.50;1120045;26505302.00
20111109;23.50;24.25;23.50;24.17;2391243;57097680.00
20111110;23.83;24.15;23.76;23.89;1266941;30300140.00
20111111;23.95;24.56;23.80;24.25;2189281;53089604.00
20111115;24.78;25.00;24.38;24.81;3493856;86447432.00
20111116;24.81;24.81;24.00;24.08;1409591;34365372.00
20111117;24.11;24.28;23.56;23.85;971566;23197484.00
20111118;23.80;23.80;22.90;22.92;878969;20511550.00
20111121;22.86;23.43;22.77;23.43;834142;19244362.00
20111122;23.10;23.78;23.01;23.75;1121790;26283464.00
20111123;23.75;24.27;23.65;23.87;1419291;34069508.00
20111124;23.60;23.60;23.07;23.28;709020;16509429.00
20111125;23.20;23.42;23.02;23.06;441836;10257007.00
20111128;23.13;23.20;22.61;22.79;485094;11092434.00
20111129;23.01;23.98;22.90;23.92;1700636;40007036.00
20111130;23.90;23.90;22.62;22.92;858333;19966946.00
20111201;23.50;24.15;23.49;23.57;1213652;28841802.00
20111202;23.50;23.67;22.93;22.99;523910;12180213.00
20111205;22.87;23.18;22.01;22.02;526232;11775118.00
20111206;22.05;22.55;22.05;22.28;350427;7812529.50
20111207;22.59;22.65;22.00;22.28;274674;6126201.00
20111208;22.39;22.40;21.76;22.15;446852;9890601.00
20111209;21.99;22.20;21.88;21.92;321997;7078098.50
20111212;21.99;21.99;21.40;21.45;352227;7618968.50
20111213;21.30;21.45;20.56;20.58;423987;8822728.00
20111214;20.50;20.77;20.20;20.25;209230;4286642.50
20111215;20.25;20.25;19.52;19.52;426017;8477483.00
20111216;19.60;20.32;19.48;20.27;453307;8995594.00
20111219;20.08;20.18;19.62;20.01;485494;9634060.00
20111220;19.95;20.49;19.81;20.26;1054595;21433730.00
20111221;20.40;21.90;20.40;20.75;1990800;42271188.00
20111222;20.59;20.59;18.71;19.74;881282;17295702.00
20111223;19.48;20.08;19.37;19.73;498262;9877727.00
20111226;19.70;19.88;19.28;19.68;507002;9974205.00
20111227;19.70;19.75;18.88;18.90;477131;9122511.00
20111228;18.52;19.00;18.22;18.47;462675;8578597.00
20111229;18.47;18.67;18.40;18.52;525257;9740636.00
20111230;18.65;18.85;18.55;18.76;431659;8097347.00
20120104;18.99;19.13;18.26;18.26;303037;5676688.00
20120105;18.20;18.26;17.58;17.58;485373;8675695.00
20120106;17.68;17.75;16.88;17.25;646682;11096851.00
20120109;17.17;17.89;16.95;17.89;1145908;20142986.00
20120110;17.80;18.80;17.66;18.67;1638604;30165704.00
20120111;18.64;18.85;18.45;18.72;1670301;31233002.00
20120112;18.60;19.00;18.60;18.73;1152224;21768988.00
20120113;18.78;18.78;17.47;17.60;1109084;19963794.00
20120116;17.39;17.58;17.01;17.04;405685;7024101.50
20120117;17.05;17.99;17.03;17.99;930623;16388990.00
20120119;17.55;17.72;17.28;17.69;1068510;18749700.00
20120120;17.63;17.96;17.62;17.87;563175;10051649.00
20120130;17.99;18.23;17.74;17.75;807342;14562228.00
20120131;17.75;17.79;17.51;17.61;339285;5982605.50
20120201;17.65;17.89;17.61;17.69;483080;8576949.00
20120202;17.68;17.93;17.68;17.91;527717;9412559.00
20120203;17.90;18.29;17.90;18.22;872847;15812554.00
20120206;18.29;18.49;18.08;18.45;1250083;22876750.00
20120207;18.30;18.30;18.01;18.17;1028055;18624318.00
20120208;18.13;18.74;18.07;18.69;1412839;26055606.00
20120209;18.58;18.94;18.57;18.75;1325747;24966898.00
20120210;18.70;19.15;18.55;19.09;1923294;36481304.00
20120213;18.89;19.30;18.81;19.22;1774914;33953220.00
20120214;19.21;19.26;19.00;19.17;1361712;26050390.00
20120215;19.19;20.19;19.01;19.89;3559414;70152704.00
20120216;19.87;19.89;19.57;19.71;1187538;23419698.00
20120217;19.71;20.20;19.31;20.10;1911014;38010900.00
20120220;20.40;20.50;20.03;20.06;1991370;40332488.00
20120221;20.06;20.50;19.61;20.49;2455015;49598896.00
20120222;20.49;21.06;20.49;20.88;2527689;52778872.00
20120223;21.00;21.74;20.88;20.98;2831037;60166276.00
20120224;20.91;21.09;20.83;21.02;1751756;36721624.00
20120227;21.00;21.20;20.80;20.80;1695901;35682376.00
20120228;20.63;21.02;20.47;20.70;2048139;42360856.00
20120229;20.61;21.08;20.61;20.67;1230136;25611872.00
20120301;20.67;20.99;20.40;20.72;933557;19312666.00
20120302;20.73;21.17;20.73;21.12;1216508;25535946.00
20120305;21.19;21.35;21.03;21.27;1981842;42021796.00
20120306;21.20;21.68;20.87;21.57;2543871;54116744.00
20120307;21.35;21.82;21.16;21.46;1758820;37801020.00
20120308;21.49;21.79;21.42;21.63;1338749;28907302.00
20120309;21.78;22.65;21.60;22.65;3234963;71762968.00
20120312;22.82;23.98;22.82;23.28;4239734;99230128.00
20120313;23.32;25.18;23.31;24.99;5555567;136028576.00
20120314;24.82;25.03;23.07;23.38;5152347;125338760.00
20120315;23.40;25.11;23.40;25.09;5933007;145067104.00
20120316;25.00;25.93;24.65;25.67;6139231;154852592.00
20120319;27.58;27.68;25.99;26.12;11843436;315237056.00
20120320;25.86;26.58;25.50;25.50;4859394;126054232.00
20120321;25.45;25.80;24.32;24.98;5277343;131579256.00
20120322;25.00;25.60;24.59;25.27;3289185;82898960.00
20120323;25.37;25.60;24.51;25.30;2732691;68711496.00
20120326;25.24;25.40;24.21;24.64;2206677;54454700.00
20120327;24.84;24.90;24.35;24.35;1538192;37845924.00
20120328;24.16;24.20;22.99;23.12;2275276;53351464.00
20120329;23.11;23.32;22.72;23.08;1755605;40395696.00
20120330;23.20;23.27;22.88;23.08;1263784;29156274.00
20120405;23.12;24.98;23.12;24.90;3162357;77561024.00
20120406;24.91;24.91;24.51;24.83;1870235;46272588.00
20120410;24.91;25.60;24.52;25.45;3474883;87460848.00
20120411;25.00;25.38;24.81;25.17;1708997;42938516.00
20120412;25.22;26.36;25.22;26.22;4505374;116534568.00
20120413;26.38;26.46;25.58;25.76;3491714;90098096.00
20120416;25.54;25.74;25.15;25.25;1931967;49104948.00
20120417;25.20;25.54;25.09;25.29;1426244;36061864.00
20120418;25.39;25.87;25.10;25.75;2330634;59573716.00
20120419;25.62;25.69;25.27;25.44;1526503;38828424.00
20120420;25.45;25.50;25.03;25.48;1610845;40844060.00
20120423;25.48;25.78;24.93;25.40;1840879;46815832.00
20120424;25.50;25.68;24.58;25.25;2194397;55078496.00
20120425;25.20;25.20;24.90;25.06;1572585;39372616.00
20120426;25.38;27.46;25.38;25.99;6249268;164840080.00
20120427;25.87;25.87;25.09;25.52;2906723;74250368.00
20120502;25.90;26.85;25.85;26.84;5562777;147539616.00
20120503;27.00;27.10;26.24;26.69;4071620;108588360.00
20120504;12.51;12.70;12.39;12.61;5313965;66941056.00
20120507;12.57;13.00;12.47;12.88;5871698;75414240.00
20120508;12.79;12.97;12.58;12.61;5936632;75372232.00
20120509;12.48;12.48;12.05;12.13;5421165;66209956.00
20120510;12.09;12.28;12.01;12.17;2921683;35476876.00
20120511;12.21;12.26;12.02;12.03;2879056;34857860.00
20120514;12.10;12.43;11.85;12.18;5538332;67570808.00
20120515;12.06;12.08;11.75;11.90;3436720;40818264.00
20120516;11.91;11.91;11.52;11.52;3217857;37710028.00
20120517;11.52;11.69;11.49;11.58;2745463;31819948.00
20120518;11.41;11.44;11.14;11.14;3948600;44499764.00
20120521;11.17;11.45;11.08;11.25;3109851;35064788.00
20120522;11.65;12.30;11.65;11.79;7597032;90625520.00
20120523;11.62;11.98;11.53;11.87;5589390;66025948.00
20120524;11.68;11.87;11.64;11.67;3078419;36182312.00
20120525;11.61;11.69;11.20;11.24;4003552;45532896.00
20120528;11.19;11.30;10.83;11.27;3135581;34717384.00
20120529;11.28;11.55;11.16;11.46;2984242;33960312.00
20120530;11.41;11.54;11.32;11.43;2164989;24760322.00
20120531;11.66;12.52;11.65;12.24;15123907;184564432.00
20120601;12.01;12.16;11.89;12.07;7137566;85853688.00
20120604;11.79;11.96;11.36;11.38;5283035;61746368.00
20120605;11.48;11.54;11.18;11.27;3297331;37289192.00
20120606;11.30;11.44;11.23;11.39;1961895;22255624.00
20120607;11.48;11.74;11.35;11.39;3318171;38312256.00
20120608;11.58;11.58;11.23;11.24;1902367;21662184.00
20120611;11.25;11.47;11.18;11.39;1944598;22082098.00
20120612;11.34;11.37;11.22;11.27;1436914;16205266.00
20120613;11.27;11.48;11.20;11.42;2905555;32980190.00
20120614;11.42;11.54;11.33;11.37;2429966;27763178.00
20120615;11.44;11.51;11.25;11.36;2117382;24093698.00
20120618;11.40;11.48;11.36;11.41;2184727;24963338.00
20120619;11.41;11.41;11.24;11.26;2210307;24966426.00
20120620;11.32;11.40;11.25;11.29;1564746;17703216.00
20120621;11.30;11.30;11.13;11.19;1806218;20193510.00
20120625;11.14;11.16;10.60;10.60;2683389;29112428.00
20120626;10.59;10.59;10.30;10.43;2082463;21730854.00
20120627;10.43;10.62;10.35;10.37;1417226;14892187.00
20120628;10.41;10.49;10.22;10.23;1404935;14623966.00
20120629;10.20;10.42;10.10;10.36;1358496;13945504.00
20120702;10.43;10.56;10.36;10.51;1555175;16290466.00
20120703;10.52;10.90;10.43;10.84;3245619;34523672.00
20120704;10.87;10.87;10.60;10.65;1599743;17104874.00
20120705;10.60;10.64;10.25;10.25;1635836;16907066.00
20120706;10.34;10.64;10.25;10.57;1522622;15921507.00
20120709;10.52;10.52;10.20;10.22;1533809;15916584.00
20120710;10.25;10.29;10.12;10.20;791814;8081947.00
20120711;10.22;10.35;10.17;10.30;1054510;10851997.00
20120712;10.30;10.46;10.10;10.40;1393863;14362093.00
20120713;10.40;10.46;10.30;10.30;1235612;12823098.00
20120716;10.27;10.35;9.60;9.61;2353980;23435314.00
20120717;9.63;9.75;9.53;9.70;1431434;13797367.00
20120718;9.71;9.73;9.18;9.47;2637409;24761618.00
20120719;9.48;10.18;9.35;9.94;3908928;38528024.00
20120720;9.85;9.98;9.73;9.82;2092342;20565688.00
20120723;9.75;9.76;9.60;9.61;1022419;9858503.00
20120724;9.58;9.84;9.52;9.71;1145963;11105864.00
20120725;9.56;9.75;9.50;9.57;1236606;11914217.00
20120726;9.57;9.67;9.46;9.46;1136378;10867178.00
20120727;9.50;9.60;9.38;9.45;911470;8636958.00
20120730;9.45;9.55;9.24;9.29;979669;9190771.00
20120731;9.24;9.39;9.05;9.12;1011301;9280043.00
20120801;9.12;9.48;9.09;9.42;1557877;14624804.00
20120802;9.36;9.51;9.35;9.45;1157493;10920890.00
20120803;9.50;9.77;9.48;9.74;1860116;17967412.00
20120806;9.73;9.95;9.61;9.91;2281203;22331496.00
20120807;9.91;10.57;9.86;10.23;3579627;36902480.00
20120808;10.27;10.35;10.02;10.16;1941567;19803760.00
20120809;10.30;10.44;10.20;10.40;2774124;28730994.00
20120810;10.39;10.53;10.34;10.36;2071684;21596810.00
20120813;10.36;10.43;9.94;9.98;2166106;22150284.00
20120814;9.97;10.23;9.83;10.23;1760307;17711580.00
20120815;10.23;10.23;9.98;9.98;1277628;12865932.00
20120816;9.98;10.10;9.93;10.00;794185;7937105.50
20120817;10.08;10.09;9.93;10.00;650793;6494876.50
20120820;10.00;10.33;9.90;10.21;1407680;14240032.00
20120821;10.25;10.37;10.16;10.31;1974512;20321188.00
20120822;10.37;10.37;10.05;10.13;1442726;14696909.00
20120823;10.15;10.32;10.11;10.28;1156619;11828190.00
20120824;10.21;10.48;10.16;10.33;2681212;27818694.00
20120827;10.27;10.40;10.03;10.03;1927661;19581654.00
20120828;10.03;10.15;9.89;10.00;1568415;15702591.00
20120829;9.96;10.18;9.92;9.97;1346062;13517544.00
20120830;10.05;10.07;9.28;9.42;2483252;23728164.00
20120831;9.40;9.48;9.20;9.36;1388495;12960176.00
20120903;9.28;9.51;9.28;9.45;1617667;15264913.00
20120904;9.48;9.51;9.32;9.35;1430861;13438440.00
20120905;9.34;9.40;9.21;9.36;1404381;13068687.00
20120906;9.37;9.46;9.30;9.44;1453676;13654589.00
20120907;9.50;9.95;9.50;9.84;3845881;37560196.00
20120910;9.83;10.18;9.77;10.13;4466811;44497348.00
20120911;10.10;10.22;9.90;10.20;3530160;35339832.00
20120912;10.22;10.34;10.01;10.16;3175110;32277188.00
20120913;10.18;10.26;10.01;10.01;2333751;23704370.00
20120914;10.01;10.14;9.85;9.92;2930092;29186374.00
20120917;9.92;10.00;9.50;9.52;1644046;15984076.00
20120918;9.50;9.59;9.43;9.51;1191143;11346757.00
20120919;9.58;9.60;9.48;9.54;936870;8941689.00
20120920;9.65;9.65;9.14;9.20;1185978;11080118.00
20120921;9.20;9.27;9.06;9.07;975765;8952761.00
20120924;8.91;9.18;8.85;9.05;803629;7223565.00
20120925;9.05;9.09;8.90;8.92;844065;7581858.50
20120926;8.95;9.00;8.67;8.70;1053980;9228225.00
20120927;8.71;8.98;8.68;8.90;1347385;11927036.00
20120928;8.91;9.05;8.80;9.02;1029456;9233890.00
20121008;9.05;9.11;9.00;9.03;891205;8064530.00
20121009;9.14;9.27;9.05;9.25;1568943;14450629.00
20121010;9.18;9.35;9.15;9.33;1313314;12196581.00
20121011;9.33;9.33;9.10;9.11;1238316;11398155.00
20121012;9.16;9.22;9.05;9.14;964552;8814171.00
20121015;9.16;9.17;8.89;8.94;960757;8634441.00
20121016;8.93;9.00;8.82;8.92;1097351;9791867.00
20121017;8.92;8.99;8.87;8.94;726623;6486025.50
20121018;9.05;9.14;8.93;9.10;1218502;11048235.00
20121019;9.10;9.10;9.01;9.06;1036217;9385272.00
20121022;9.02;9.15;9.02;9.14;883448;8039780.50
20121023;9.14;9.19;9.03;9.05;1017098;9264345.00
20121024;9.01;9.09;9.01;9.01;744841;6732784.50
20121025;9.06;9.08;8.90;8.92;771649;6934582.00
20121026;8.90;8.93;8.68;8.70;962266;8422986.00
20121029;8.71;8.71;8.10;8.18;2519002;20950754.00
20121030;8.20;8.20;8.03;8.12;1424753;11549334.00
20121031;8.11;8.21;8.07;8.21;867188;7039937.50
20121101;8.18;8.42;8.15;8.38;2018643;16795182.00
20121102;8.40;8.40;8.23;8.31;1201116;9969553.00
20121105;8.30;8.52;8.30;8.47;1806255;15227017.00
20121106;8.64;8.72;8.48;8.56;1987940;17063602.00
20121107;8.65;8.75;8.20;8.61;1608277;13882473.00
20121108;8.41;8.58;8.36;8.43;1385280;11686822.00
20121109;8.42;8.77;8.34;8.50;1968822;16940114.00
20121112;8.50;8.78;8.50;8.67;1287526;11109526.00
20121113;8.70;8.74;8.48;8.59;1507703;12950950.00
20121114;8.56;8.59;8.43;8.54;1127281;9583806.00
20121115;8.46;8.75;8.43;8.55;1729813;14889625.00
20121116;8.53;8.70;8.41;8.50;1009983;8606020.00
20121119;8.53;8.53;8.31;8.41;808366;6761330.00
20121120;8.41;8.48;8.33;8.34;448017;3763986.50
20121121;8.38;8.67;8.30;8.52;997548;8433219.00
20121122;8.45;8.63;8.45;8.54;1040899;8891584.00
20121123;8.58;8.64;8.51;8.60;866468;7427992.00
20121126;8.59;8.64;8.40;8.42;531164;4530885.00
20121127;8.36;8.43;8.05;8.05;963372;7910194.00
20121128;8.05;8.13;7.81;7.82;876230;6954094.50
20121129;7.80;7.93;7.65;7.74;580408;4524333.00
20121130;7.70;7.85;7.70;7.77;525951;4094267.50
20121203;7.78;8.00;7.60;7.82;1710390;13358008.00
20121204;7.75;7.90;7.56;7.84;929126;7203758.50
20121205;7.77;8.14;7.76;8.06;1574208;12638567.00
20121206;8.03;8.20;8.03;8.06;1161721;9410858.00
20121207;7.98;8.27;7.98;8.27;1860880;15244192.00
20121210;8.25;8.34;8.17;8.33;1547611;12803589.00
20121211;8.30;8.32;8.20;8.29;1373129;11354290.00
20121212;8.29;8.31;8.11;8.16;1024840;8377739.00
20121213;8.15;8.21;8.07;8.14;928123;7561360.50
20121214;8.14;8.44;8.14;8.41;2248385;18739914.00
20121217;8.44;8.48;8.34;8.41;1726860;14511888.00
20121218;8.42;8.45;8.32;8.36;1675943;14070640.00
20121219;8.35;8.81;8.28;8.63;3341531;28688734.00
20121220;8.56;8.62;8.45;8.60;2361509;20117550.00
20121221;8.57;8.84;8.52;8.81;3715137;32535194.00
20121224;8.81;9.09;8.81;8.86;3523874;31447640.00
20121225;8.82;9.05;8.73;8.99;2815746;25089928.00
20121226;8.99;9.06;8.88;9.01;2445410;21918514.00
20121227;9.03;9.08;8.86;8.95;2700393;24160926.00
20121228;8.99;8.99;8.82;8.87;2120536;18823044.00
20121231;8.88;8.92;8.80;8.91;1754802;15563628.00
20130104;8.95;9.03;8.75;8.78;1750883;15492689.00
20130107;8.77;8.82;8.68;8.81;1549435;13577362.00
20130108;8.89;8.99;8.78;8.92;2233233;19856184.00
20130109;8.91;9.12;8.91;8.99;3599660;32476982.00
20130110;9.00;9.11;8.95;8.99;2019355;18239300.00
20130111;9.00;9.06;8.68;8.70;2057611;18237904.00
20130114;8.66;8.93;8.65;8.93;2659330;23506432.00
20130115;8.95;9.21;8.93;9.18;4040921;36767400.00
20130116;9.15;9.30;8.98;9.17;3247489;29628102.00
20130117;9.14;9.14;8.98;9.02;1812437;16383586.00
20130118;9.03;9.17;9.03;9.13;2209834;20125512.00
20130121;9.18;9.41;9.12;9.40;4423369;41206008.00
20130122;9.41;9.54;9.23;9.24;3751555;35043772.00
20130123;9.20;9.76;9.15;9.59;5582382;53210000.00
20130124;9.70;9.94;9.32;9.50;8090988;78591008.00
20130125;9.54;9.77;9.25;9.34;4011045;38062792.00
20130128;9.31;9.45;9.20;9.44;2940913;27357536.00
20130129;9.44;9.44;9.28;9.34;3081295;28847838.00
20130130;9.27;9.28;9.01;9.10;4867699;44444360.00
20130131;9.10;9.26;9.09;9.25;2720261;24953044.00
20130201;9.20;9.27;9.13;9.25;2370354;21857478.00
20130204;9.31;9.45;9.22;9.41;3022352;28322090.00
20130205;9.38;9.49;9.25;9.43;1904206;17841294.00
20130206;9.40;9.48;9.33;9.35;1551505;14602287.00
20130207;9.30;9.37;9.23;9.30;1534780;14243857.00
20130208;9.34;9.47;9.30;9.43;1610394;15144076.00
20130218;9.46;9.48;9.36;9.41;1807756;17045376.00
20130219;9.42;9.49;9.25;9.25;1786387;16670884.00
20130220;9.23;9.40;9.21;9.39;1364118;12736562.00
20130221;9.39;9.39;9.11;9.16;1646969;15234381.00
20130222;9.16;9.40;9.16;9.25;2963577;27518382.00
20130225;9.18;9.32;9.15;9.25;1250886;11536241.00
20130226;9.20;9.24;8.93;8.97;2013827;18326626.00
20130227;8.99;9.06;8.87;8.87;1111016;9939672.00
20130228;8.86;9.05;8.86;9.01;1167832;10503620.00
20130301;9.09;9.15;9.00;9.13;1503288;13657862.00
20130304;9.05;9.12;8.70;8.74;1798028;15964294.00
20130305;8.84;8.98;8.72;8.95;1176859;10405924.00
20130306;9.00;9.08;8.91;9.05;1506751;13596357.00
20130307;9.06;9.13;8.91;8.99;1597835;14397876.00
20130308;8.94;9.06;8.94;8.97;1003541;9037433.00
20130311;9.00;9.13;8.96;9.08;1265995;11462787.00
20130312;9.08;9.15;8.76;8.80;1766032;15800211.00
20130313;8.80;8.80;8.67;8.72;961383;8393480.00
20130314;8.77;8.88;8.67;8.73;918883;8087108.50
20130315;8.75;8.87;8.70;8.78;995416;8766491.00
20130318;8.77;8.77;8.61;8.63;889323;7724691.00
20130319;8.57;8.70;8.47;8.52;983889;8407774.00
20130320;8.55;8.76;8.53;8.76;1370343;11888638.00
20130321;8.82;9.16;8.80;9.02;3159737;28510572.00
20130322;9.17;9.53;9.15;9.25;5016949;46863264.00
20130325;9.25;9.30;9.04;9.05;2382644;21704544.00
20130326;8.99;9.06;8.83;8.94;1459483;13025510.00
20130327;8.89;9.12;8.89;8.99;950187;8562733.00
20130328;8.99;8.99;8.60;8.71;1288160;11246879.00
20130329;8.73;8.76;8.62;8.71;561104;4881859.50
20130401;8.70;8.78;8.62;8.71;731715;6351516.00
20130402;8.71;8.75;8.58;8.63;918816;7952245.00
20130403;8.63;8.68;8.53;8.53;533085;4576257.00
20130408;8.45;8.45;8.26;8.39;865328;7232355.00
20130409;8.44;8.52;8.39;8.46;951536;8037947.50
20130410;8.45;8.59;8.42;8.48;740537;6285698.50
20130411;8.48;8.57;8.43;8.45;651152;5519509.00
20130412;8.45;8.50;8.35;8.38;610833;5138090.50
20130415;8.50;8.50;8.25;8.27;493166;4092096.00
20130416;8.24;8.31;8.11;8.28;715953;5877551.00
20130417;8.30;8.42;8.27;8.38;528996;4418853.50
20130418;8.32;8.40;8.30;8.38;476680;3985524.75
20130419;8.38;8.53;8.38;8.49;1075280;9096646.00
20130422;9.20;9.20;8.72;8.81;3352265;29723916.00
20130423;8.75;8.82;8.46;8.47;1456473;12539281.00
20130424;8.49;8.68;8.46;8.60;1149000;9833535.00
20130425;8.58;8.66;8.38;8.42;1114974;9504418.00
20130426;8.64;8.89;8.58;8.87;3813670;33476516.00
20130502;8.97;9.59;8.90;9.35;7889738;73641560.00
20130503;9.33;9.50;9.12;9.47;5453089;51013052.00
20130506;9.45;9.50;9.35;9.49;4342303;40983380.00
20130507;9.49;9.57;9.35;9.40;3243504;30588116.00
20130508;9.39;9.55;9.35;9.39;3377646;31902090.00
20130509;9.40;9.41;9.21;9.29;2897153;26851012.00
20130510;9.30;10.18;9.27;10.04;10684796;104792752.00
20130513;10.00;10.54;9.88;10.11;10679043;109133824.00
20130514;10.10;10.37;9.93;10.26;6012656;61202360.00
20130515;10.31;10.40;10.05;10.27;4783144;48784988.00
20130516;10.24;10.38;10.20;10.34;5653030;58165216.00
20130517;10.04;10.13;9.83;9.91;6739767;67017324.00
20130520;9.91;10.10;9.83;10.03;5993094;59768764.00
20130521;10.03;10.10;9.88;10.03;4612479;45917168.00
20130522;10.06;10.06;9.89;9.92;3983207;39684640.00
20130523;9.92;9.93;9.67;9.68;4489714;43897956.00
20130524;9.71;9.88;9.71;9.87;2834901;27840514.00
20130527;9.86;10.51;9.81;10.47;8887958;91446440.00
20130528;10.50;10.55;10.21;10.33;5145764;53310072.00
20130529;10.33;10.46;10.28;10.39;3657975;37863408.00
20130530;10.35;10.43;10.12;10.30;3677772;37747712.00
20130531;10.28;10.32;10.10;10.15;3179017;32455816.00
20130603;10.08;10.18;10.05;10.10;2641888;26671030.00
20130604;10.05;10.12;9.65;9.70;3795035;37195584.00
20130605;9.72;9.87;9.66;9.73;1693528;16510450.00
20130606;9.69;9.69;9.48;9.51;2486931;23782568.00
20130607;9.52;9.60;9.33;9.36;1740745;16455313.00
20130613;9.33;9.34;8.84;9.03;2302720;20759364.00
20130614;9.04;9.28;9.04;9.23;1692327;15515858.00
20130617;9.28;9.38;9.06;9.19;1587066;14604592.00
20130618;9.19;9.48;9.19;9.29;2061745;19245020.00
20130619;9.27;9.42;9.04;9.42;1702546;15678145.00
20130620;9.35;9.56;9.13;9.18;2159620;20229976.00
20130621;9.05;9.41;8.89;9.40;2085472;19152978.00
20130624;9.35;9.43;8.82;8.88;2459028;22426212.00
20130625;8.75;9.09;8.15;9.02;2556690;22470922.00
20130626;9.03;9.20;8.90;9.04;1923319;17418294.00
20130627;9.04;9.09;8.54;8.55;2836670;25138316.00
20130628;8.50;9.04;8.40;8.74;1729349;15064476.00
20130701;8.65;8.79;8.51;8.74;1488037;12910789.00
20130702;8.80;8.87;8.73;8.83;1781002;15682008.00
20130703;8.71;8.75;8.45;8.64;1770423;15224901.00
20130704;8.50;8.82;8.47;8.70;2046908;17793196.00
20130705;8.67;8.87;8.66;8.71;1875994;16460249.00
20130708;8.59;8.59;8.22;8.32;1557267;13057167.00
20130709;8.26;8.45;8.23;8.36;799691;6677196.50
20130710;8.31;8.74;8.31;8.71;1611173;13788184.00
20130711;8.65;8.98;8.61;8.90;3365236;29834670.00
20130712;8.90;8.91;8.70;8.71;2081731;18339728.00
20130715;8.71;8.92;8.70;8.90;1769678;15680841.00
20130716;8.91;9.08;8.85;9.07;3080283;27776224.00
20130717;9.05;9.07;8.81;8.86;2298067;20540210.00
20130718;8.82;9.50;8.74;9.24;6199395;57052392.00
20130719;9.20;9.31;8.97;9.00;3257902;29772970.00
20130722;8.94;9.85;8.94;9.67;6520210;62436636.00
20130723;9.67;9.82;9.53;9.75;4779230;46273112.00
20130724;9.76;10.05;9.63;9.84;5482740;54018616.00
20130725;9.79;9.79;9.50;9.52;3228802;31091842.00
20130726;9.48;9.62;9.41;9.59;2425084;23110578.00
20130729;9.49;9.53;9.21;9.28;1821281;16976974.00
20130730;9.28;9.37;8.92;9.11;2248268;20575984.00
20130731;9.18;9.25;9.11;9.19;1687521;15489137.00
20130801;9.18;9.51;9.15;9.47;2476442;23229192.00
20130802;9.47;9.87;9.42;9.63;3578787;34597044.00
20130805;9.60;9.85;9.59;9.84;3181823;30996466.00
20130806;9.90;10.16;9.76;10.02;4829320;48180396.00
20130807;10.00;10.05;9.80;9.82;3414082;33726568.00
20130808;9.78;9.95;9.62;9.83;2833633;27747632.00
20130809;9.85;10.16;9.81;10.10;4302210;43197244.00
20130812;10.11;10.20;9.96;10.10;3197290;32168802.00
20130813;10.09;10.13;9.97;10.01;2630150;26353574.00
20130814;10.01;10.03;9.84;9.85;2558100;25361962.00
20130815;9.86;9.95;9.79;9.81;1817748;17908908.00
20130816;9.77;10.06;9.71;9.84;2804246;27716748.00
20130819;9.83;10.52;9.75;10.41;7721048;79285200.00
20130820;10.30;10.39;9.90;10.04;8129474;82568784.00
20130821;10.03;10.23;9.95;10.12;3862360;38976072.00
20130822;10.08;10.16;9.92;9.92;2713999;27270826.00
20130823;9.96;10.03;9.70;9.88;3497056;34619464.00
20130826;9.92;10.12;9.85;10.09;2640556;26416994.00
20130827;10.10;10.19;10.01;10.11;2329902;23526942.00
20130828;10.02;10.05;9.83;9.83;3308265;32860608.00
20130829;9.83;9.93;9.74;9.76;1939019;18989140.00
20130830;9.71;9.83;9.45;9.56;2862541;27671786.00
20130902;9.57;9.90;9.57;9.89;2226463;21743734.00
20130903;9.85;10.02;9.84;9.98;2019572;20045344.00
20130904;9.98;10.02;9.80;9.84;1793946;17766322.00
20130905;9.83;10.07;9.81;9.99;2024363;20143704.00
20130906;9.94;10.31;9.91;10.16;5887057;60071416.00
20130909;10.16;10.33;10.08;10.20;3645370;37226760.00
20130910;10.20;10.29;10.11;10.20;2629664;26782146.00
20130911;10.20;10.45;9.99;10.42;5545197;56670180.00
20130912;10.48;11.46;10.35;11.05;14836866;160822976.00
20130913;11.01;11.18;10.76;11.06;8029598;87948840.00
20130916;11.10;11.90;11.01;11.34;9591183;110385872.00
20130917;11.30;11.87;11.22;11.32;7173854;82641344.00
20130918;11.29;11.45;10.88;11.30;5934455;65929104.00
20130923;11.26;11.88;11.20;11.76;7657033;88963744.00
20130924;11.76;11.77;11.46;11.57;4663693;54207684.00
20130925;11.56;11.56;11.32;11.45;4133735;47213500.00
20130926;11.35;11.70;11.03;11.10;4068803;45930244.00
20130927;11.20;11.20;10.80;10.90;3439569;37744960.00
20130930;10.90;11.18;10.82;11.11;2722929;30013018.00
20131008;11.00;11.27;10.96;11.22;3184825;35595952.00
20131009;11.22;11.22;10.91;11.14;3454749;38184604.00
20131010;11.14;11.50;11.03;11.39;5054868;57432536.00
20131011;11.34;11.58;11.32;11.50;4445395;50866304.00
20131014;11.48;11.68;11.41;11.46;4109503;47261572.00
20131015;11.46;11.46;10.97;11.01;5502674;61283000.00
20131016;10.96;10.96;10.35;10.55;5220142;55420280.00
20131017;10.62;10.77;10.49;10.58;3164318;33711060.00
20131018;10.52;10.61;10.28;10.38;4404274;45818620.00
20131021;10.43;10.77;10.39;10.71;4643740;49120340.00
20131022;10.71;10.88;10.66;10.75;3441444;37134920.00
20131023;10.67;10.83;10.39;10.46;2888499;30545996.00
20131024;10.48;10.55;10.35;10.42;1614776;16867836.00
20131025;10.48;10.53;10.30;10.37;1729853;18027488.00
20131028;10.41;10.68;10.40;10.67;1951510;20549076.00
20131029;10.59;10.75;9.95;10.13;3610367;37194036.00
20131030;10.13;10.22;9.97;10.21;1387262;13991158.00
20131031;10.19;10.22;9.96;9.98;1693177;17037586.00
20131101;9.93;10.09;9.91;10.01;1282776;12835434.00
20131104;10.05;10.15;9.99;10.12;1006349;10162899.00
20131105;10.12;10.16;9.94;10.15;1222865;12289123.00
20131106;10.14;10.14;9.98;9.99;1571068;15791875.00
20131107;9.97;10.11;9.73;9.73;1912146;18889998.00
20131108;9.73;9.75;9.46;9.50;1620280;15524570.00
20131111;9.49;9.64;9.42;9.60;902401;8621584.00
20131112;9.60;9.79;9.58;9.75;1086975;10526726.00
20131113;9.79;9.79;9.51;9.51;1100488;10562083.00
20131114;9.51;9.72;9.44;9.70;1260996;12112837.00
20131115;9.70;10.05;9.70;9.93;2383212;23674846.00
20131118;10.00;10.15;9.97;10.12;1949572;19675294.00
20131119;10.12;10.27;10.04;10.24;2632295;26778762.00
20131120;10.21;10.25;10.10;10.17;1326829;13483281.00
20131121;10.17;10.21;10.03;10.15;1408220;14248448.00
20131122;10.14;10.21;10.04;10.07;1295660;13115963.00
20131125;10.06;10.32;10.03;10.18;2482158;25339898.00
20131126;10.18;10.22;10.05;10.15;2800119;28310258.00
20131127;10.16;10.33;10.10;10.22;2849889;29060868.00
20131128;10.22;10.44;10.14;10.36;3190377;32908988.00
20131129;10.32;10.37;10.20;10.23;5000476;51254236.00
20131202;9.95;10.13;9.45;9.57;4290666;42186968.00
20131203;9.56;9.85;9.52;9.79;1951704;18948444.00
20131204;9.75;10.09;9.71;9.99;2637519;26336644.00
20131205;10.01;10.16;9.98;10.13;2119741;21428396.00
20131206;10.13;10.27;10.06;10.13;2396518;24283164.00
20131209;10.18;10.29;10.13;10.25;2903321;29670918.00
20131210;10.25;10.35;10.20;10.28;2512297;25879566.00
20131211;10.28;10.28;9.96;10.05;2316210;23363916.00
20131212;10.00;10.09;9.97;10.05;2441593;24501964.00
20131213;10.02;10.13;9.96;10.09;2176338;21878854.00
20131216;10.07;10.35;9.94;10.32;4185272;42502924.00
20131217;10.25;10.34;10.12;10.17;2631126;26879808.00
20131218;10.16;10.20;9.99;10.09;2004817;20200370.00
20131219;10.10;10.45;10.10;10.30;6145728;63241076.00
20131220;10.31;10.43;10.16;10.29;4639153;47842636.00
20131223;10.35;10.40;9.75;9.90;3630870;36097556.00
20131224;9.83;10.05;9.78;9.95;2020088;20051978.00
20131225;9.91;10.20;9.85;10.20;2440930;24449924.00
20131226;10.27;10.30;9.90;9.90;3218758;32524300.00
20131227;9.91;10.15;9.85;10.09;3227223;32529646.00
20131230;10.16;10.28;10.09;10.22;3122828;31872540.00
20131231;10.20;10.28;10.06;10.20;2306111;23449280.00
20140102;10.18;10.32;10.05;10.31;3077087;31372964.00
20140103;10.27;11.11;10.24;10.97;14789433;159517760.00
20140106;10.80;10.96;10.71;10.82;7689715;83407312.00
20140107;10.80;11.10;10.60;11.10;7248875;79049560.00
20140108;11.18;11.40;11.06;11.09;8848265;99354352.00
20140109;11.00;11.04;10.76;10.79;5065374;55153492.00
20140110;10.70;10.96;10.61;10.69;2789038;30047392.00
20140113;10.62;10.80;10.30;10.47;4538324;47702220.00
20140114;10.45;11.02;10.41;10.97;5931822;63819572.00
20140115;10.86;11.09;10.75;11.00;6131805;67116448.00
20140116;11.00;11.25;10.76;10.76;5638264;62059144.00
20140117;10.70;11.36;10.57;11.30;7879011;87205288.00
20140120;11.25;11.85;11.18;11.68;13959694;162808848.00
20140121;11.65;11.91;11.48;11.81;8432422;98829496.00
20140122;11.78;12.07;11.66;12.03;10205851;121827448.00
20140123;12.02;13.08;12.01;12.51;13202985;166605760.00
20140124;12.51;13.51;12.44;13.24;15413306;202208736.00
20140127;13.11;13.22;12.75;12.80;8274860;106890216.00
20140128;12.77;13.07;12.40;13.07;9139781;117008128.00
20140129;13.01;13.58;13.01;13.27;8152214;108251640.00
20140130;13.16;13.31;12.88;13.10;4357985;57237156.00
20140207;13.00;13.25;12.73;13.21;5290913;68891896.00
20140210;13.29;13.72;13.02;13.23;9330439;123743312.00
20140211;13.15;13.20;12.44;12.49;13640217;173575424.00
20140212;12.52;12.72;12.41;12.71;6213102;78246440.00
20140213;12.77;12.83;12.46;12.48;5923715;74478512.00
20140214;12.46;13.09;12.41;12.97;7058765;90958672.00
20140217;13.02;13.54;12.88;13.47;8419780;111439440.00
20140218;13.51;14.13;13.27;13.90;11541533;159432672.00
20140219;13.84;14.30;13.67;13.78;6978464;96948464.00
20140220;13.78;13.88;13.00;13.09;5941199;79437288.00
20140221;13.16;13.20;12.53;12.70;5726726;73328192.00
20140224;12.70;13.03;12.49;13.00;3666769;46951220.00
20140225;13.04;13.45;12.10;12.30;8776978;112442600.00
20140226;12.29;12.48;11.75;12.27;5107710;61866568.00
20140227;12.30;12.56;12.02;12.06;4106776;50434752.00
20140228;12.01;12.33;11.62;12.22;4073429;48666456.00
20140303;12.13;12.45;12.07;12.34;3247395;39856156.00
20140304;12.10;12.40;11.93;12.12;3520498;42556024.00
20140305;12.09;12.19;11.70;11.75;4338312;51715440.00
20140306;11.76;12.38;11.68;12.31;5777244;69987408.00
20140307;12.24;12.58;12.02;12.29;5387715;66454316.00
20140310;12.18;12.18;11.60;11.70;6165403;72483488.00
20140311;11.61;11.85;11.60;11.73;3232863;37984896.00
20140312;11.73;11.75;11.45;11.67;2706151;31406046.00
20140313;11.67;11.85;11.61;11.74;2641862;31080680.00
20140314;11.74;11.83;11.18;11.30;4251660;48411012.00
20140317;11.22;11.82;11.22;11.78;2702637;31302134.00
20140318;11.81;12.35;11.71;12.20;5412069;65843812.00
20140319;12.10;12.35;12.00;12.14;2544838;30869898.00
20140320;12.19;12.20;11.88;11.88;2988864;35906352.00
20140321;11.90;12.58;11.90;12.30;7815041;96181304.00
20140324;12.30;12.85;12.22;12.83;5934381;75096840.00
20140325;12.72;13.16;12.62;12.68;5788810;74415344.00
20140326;12.67;12.95;12.50;12.60;3219749;40720960.00
20140327;12.60;12.75;12.44;12.61;2449466;30764076.00
20140328;12.58;12.67;12.07;12.13;3682440;45347684.00
20140331;12.13;12.50;12.13;12.18;2295268;28174104.00
20140401;12.25;12.99;12.19;12.99;4896502;62401020.00
20140402;13.00;13.05;12.70;13.00;3995271;51462008.00
20140403;12.96;13.23;12.81;12.93;3761980;48962024.00
20140404;12.80;13.32;12.80;13.29;6268262;82479000.00
20140408;13.15;13.15;12.41;12.59;10344424;131065800.00
20140409;12.58;12.80;12.49;12.70;6191887;78230592.00
20140410;12.65;12.69;12.42;12.54;4004545;50296156.00
20140411;12.51;12.64;12.46;12.55;2746121;34482892.00
20140414;12.59;12.62;12.25;12.31;4374988;54121176.00
20140415;12.32;12.32;11.99;12.04;3682001;44516520.00
20140416;12.06;12.16;12.03;12.09;2266499;27428526.00
20140417;12.10;12.18;12.02;12.03;2017496;24381870.00
20140418;12.03;12.13;11.99;12.13;1847675;22288770.00
20140421;11.26;11.56;11.20;11.38;6292357;71959680.00
20140422;11.32;11.43;10.96;11.07;5006986;55688524.00
20140423;11.02;11.15;10.95;11.05;1992915;22009064.00
20140424;11.02;11.02;10.53;10.66;3820015;41015684.00
20140425;10.67;10.86;10.58;10.82;2827441;30440840.00
20140428;10.86;10.86;10.55;10.77;1605603;17148702.00
20140429;10.80;10.97;10.60;10.78;2458519;26434174.00
20140430;10.84;10.85;10.73;10.79;1487869;16049240.00
20140505;10.80;10.81;10.56;10.70;2506720;26638520.00
20140506;10.68;10.78;10.57;10.66;2846286;30366640.00
20140507;10.63;10.65;10.30;10.31;3363983;34996644.00
20140508;10.30;10.37;10.15;10.22;2278368;23354646.00
20140509;10.25;10.43;10.25;10.31;1611419;16644494.00
20140512;10.32;10.67;10.32;10.67;2325750;24487770.00
20140513;10.64;10.71;10.52;10.52;2131097;22552716.00
20140514;10.53;10.84;10.53;10.73;2232951;23939400.00
20140515;10.73;10.80;10.55;10.68;2463536;26260300.00
20140516;10.18;10.18;9.89;9.93;1832938;18257812.00
20140519;9.93;9.98;9.57;9.60;1638341;15942106.00
20140520;9.63;9.83;9.63;9.69;1485328;14430837.00
20140521;9.68;9.90;9.54;9.87;1127845;11005163.00
20140522;9.87;9.98;9.82;9.82;1517328;15054762.00
20140523;9.81;9.88;9.77;9.81;888768;8730344.00
20140526;9.81;10.13;9.81;10.13;2149828;21570154.00
20140527;10.10;10.18;10.02;10.03;1399077;14107818.00
20140528;10.05;10.13;9.97;10.08;1114110;11216185.00
20140529;10.08;10.20;9.91;9.97;1609715;16059926.00
20140530;9.94;10.06;9.86;9.89;1031848;10231474.00
20140603;9.87;9.99;9.79;9.80;1069009;10552273.00
20140604;9.80;9.80;9.57;9.62;1491603;14365339.00
20140605;9.64;9.83;9.57;9.81;1096853;10652590.00
20140606;9.81;9.84;9.62;9.72;1057109;10286834.00
20140609;9.64;9.78;9.58;9.59;1066717;10317750.00
20140610;9.60;9.75;9.60;9.70;1149398;11147245.00
20140611;9.70;9.79;9.66;9.78;1238511;12042095.00
20140612;9.72;9.76;9.66;9.73;920664;8934549.00
20140613;9.73;9.93;9.71;9.90;1665590;16400126.00
20140616;9.94;9.98;9.84;9.97;1724603;17133744.00
20140617;10.00;10.04;9.88;9.88;1910379;19013894.00
20140618;9.97;9.97;9.66;9.67;1813626;17671874.00
20140619;9.67;9.74;9.35;9.37;1693858;16171548.00
20140620;9.40;9.42;9.25;9.38;1368674;12804436.00
20140623;9.20;9.30;9.10;9.18;3069038;28253820.00
20140624;9.21;9.45;9.18;9.43;2198277;20564006.00
20140625;9.43;9.43;9.32;9.37;1047560;9805056.00
20140626;9.39;9.55;9.36;9.55;1999158;18980130.00
20140627;9.54;9.84;9.49;9.74;2660459;25780284.00
20140630;9.72;10.67;9.62;10.42;8828941;90077096.00
20140701;10.33;10.54;10.32;10.37;4039009;42053868.00
20140702;10.42;11.20;10.17;10.80;11381626;121140560.00
20140703;10.84;11.05;10.49;10.61;8393632;89889184.00
20140704;10.58;10.65;10.43;10.55;3686746;38773072.00
20140707;10.58;10.69;10.45;10.63;3170009;33459284.00
20140708;10.60;10.67;10.49;10.59;1798655;19036320.00
20140709;10.57;10.76;10.52;10.61;2789309;29664538.00
20140710;10.61;10.70;10.46;10.60;2012585;21262092.00
20140711;10.56;11.10;10.56;11.08;6026547;66021316.00
20140714;10.95;11.38;10.90;11.37;5998873;67777008.00
20140715;11.37;11.46;11.11;11.18;3634980;40964144.00
20140716;11.19;11.43;11.00;11.12;2673041;29957416.00
20140717;11.12;11.13;10.90;11.01;2138031;23456462.00
20140718;10.94;11.15;10.94;11.02;1392673;15360428.00
20140721;10.96;11.09;10.84;10.98;1237280;13535109.00
20140722;10.96;11.35;10.89;11.24;2753435;30803096.00
20140723;11.35;11.35;10.88;10.88;4195600;46279556.00
20140724;10.81;11.02;10.56;10.67;4249301;45649796.00
20140725;10.61;10.70;10.45;10.52;4361449;45830584.00
20140728;10.50;11.00;10.50;10.86;4264394;45625972.00
20140729;10.78;10.92;10.74;10.78;2890318;31280108.00
20140730;10.75;10.90;10.70;10.79;1958450;21145572.00
20140731;10.84;11.15;10.76;11.08;3384195;37218380.00
20140801;11.08;11.18;10.92;10.95;3494265;38632856.00
20140804;10.97;11.43;10.95;11.33;4462887;50371120.00
20140805;11.36;11.68;11.35;11.56;4985435;57461940.00
20140806;11.70;11.88;11.61;11.73;5014149;58959180.00
20140807;11.71;11.81;11.51;11.56;3908461;45491388.00
20140808;11.57;11.72;11.53;11.64;1769610;20556520.00
20140811;11.61;11.79;11.61;11.70;2559937;30017890.00
20140812;11.68;11.77;11.45;11.57;2976921;34657388.00
20140813;11.53;11.83;11.52;11.82;3624601;42216816.00
20140814;11.82;12.16;11.75;11.88;5455581;65441640.00
20140815;11.98;12.35;11.90;12.27;5433440;66199104.00
20140818;12.28;12.59;12.25;12.26;4185256;52022556.00
20140819;12.24;12.35;12.10;12.32;3314132;40531260.00
20140820;12.35;12.48;12.19;12.43;2359786;29208616.00
20140821;12.47;12.47;11.99;12.17;4723863;57351852.00
20140822;12.10;12.25;12.10;12.19;2967776;36158632.00
20140825;12.23;12.38;12.06;12.20;3488346;42586840.00
20140826;12.10;12.60;11.75;11.91;7169396;87067040.00
20140827;11.81;12.06;11.81;11.97;2395817;28709954.00
20140828;11.97;11.97;11.61;11.71;3519517;41421344.00
20140829;11.65;12.31;11.65;12.23;2817861;33882924.00
20140901;12.23;12.54;12.20;12.45;3821319;47619304.00
20140902;12.45;12.60;12.33;12.51;3098000;38642596.00
20140903;12.54;12.54;12.30;12.44;3080962;38228136.00
20140904;12.41;12.85;12.41;12.81;5483867;69528696.00
20140905;12.86;12.93;12.70;12.82;3157636;40406312.00
20140909;12.82;12.93;12.62;12.68;3288471;41856696.00
20140910;12.68;13.06;12.59;12.92;4300326;55204548.00
20140911;12.92;12.98;12.60;12.72;3885655;49713284.00
20140912;12.72;12.84;12.56;12.80;4124545;52548760.00
20140915;12.80;13.32;12.71;13.21;6027423;78383456.00
20140916;13.17;13.47;12.60;12.63;5966496;78190968.00
20140917;12.62;13.21;12.37;12.97;6463899;82712328.00
20140918;12.97;13.49;12.91;13.48;6208342;81838472.00
20140919;13.51;13.99;13.36;13.75;7449251;102339776.00
20140922;13.68;13.81;13.43;13.58;3662139;49732976.00
20140923;13.54;13.77;13.48;13.60;2201759;29956338.00
20140924;13.61;13.86;13.55;13.84;4230681;57936212.00
20140925;13.85;13.88;13.50;13.51;3506909;48043240.00
20140926;13.50;13.65;13.35;13.40;3751544;50487088.00
20140929;13.41;13.79;13.41;13.68;2766775;37682576.00
20140930;13.68;13.97;13.61;13.85;4233574;58372004.00
20141008;13.83;14.15;13.83;14.01;3366798;47134784.00
20141009;14.10;14.17;13.71;13.96;3765514;52266196.00
20141010;13.91;14.55;13.68;14.42;8375626;118208408.00
20141013;14.34;14.50;14.09;14.39;4590613;65588564.00
20141014;14.40;14.69;14.21;14.45;5936511;85858000.00
20141015;14.41;14.70;14.16;14.60;4688343;67987360.00
20141016;14.64;14.78;14.15;14.25;4831519;69964176.00
20141017;14.29;14.38;13.78;14.26;4850158;68354384.00
20141020;14.25;14.66;14.20;14.60;4902686;71118304.00
20141021;14.60;14.79;14.40;14.58;3497719;51079000.00
20141022;14.46;14.76;14.17;14.40;3976722;57738660.00
20141023;14.34;14.62;13.90;14.18;9475110;134878624.00
20141024;14.26;14.39;13.89;14.16;10133418;143573696.00
20141027;14.16;14.23;13.80;14.03;9006973;126512848.00
20141028;14.11;14.70;13.31;13.78;27180583;378254432.00
20141029;13.65;13.76;13.42;13.68;9704889;131976072.00
20141030;13.69;13.79;13.50;13.64;5755285;78587264.00
20141031;13.64;13.80;13.21;13.60;8181201;110718480.00
20141103;13.57;13.77;13.52;13.72;4652593;63570172.00
20141104;13.71;13.92;13.61;13.78;5136624;70871432.00
20141105;13.77;13.77;13.36;13.42;4431541;59893480.00
20141106;13.42;13.44;13.16;13.30;4231153;56136656.00
20141107;13.30;13.74;13.30;13.45;4619062;62368436.00
20141110;13.46;13.87;13.42;13.71;5416356;74020224.00
20141111;13.75;13.79;13.18;13.20;4120302;55316588.00
20141112;13.21;13.57;13.20;13.50;3295511;44327500.00
20141113;13.55;13.70;13.37;13.67;4464591;60709676.00
20141114;13.51;13.73;13.51;13.69;4055735;55435272.00
20141117;13.69;14.00;13.58;13.94;5562763;76976696.00
20141118;13.90;13.99;13.83;13.92;3028049;42116260.00
20141119;13.94;14.02;13.84;13.94;3462810;48212544.00
20141120;13.85;13.95;13.68;13.68;2880717;39712456.00
20141121;13.69;13.78;13.49;13.60;2173131;29540146.00
20141124;13.62;13.85;13.47;13.81;3874733;52849100.00
20141125;13.87;14.44;13.75;14.30;8848054;125772808.00
20141126;14.40;14.40;14.00;14.19;3431968;48650216.00
20141127;14.21;15.13;14.21;14.76;9635229;141654368.00
20141128;14.80;15.08;14.64;14.90;5648671;83903656.00
20141201;15.14;15.64;14.60;14.86;7560081;113311032.00
20141202;14.94;15.65;14.65;15.13;8049387;122358216.00
20141203;15.13;15.30;14.85;15.06;4773187;71864912.00
20141204;15.19;15.39;15.01;15.36;4887343;74428560.00
20141205;15.35;15.65;14.00;15.40;11256362;170754608.00
20141208;15.23;15.68;15.10;15.33;6510294;100216048.00
20141209;15.20;15.20;14.38;14.40;10991159;161567200.00
20141210;14.40;14.85;14.40;14.68;2660018;39081636.00
20141211;14.41;14.80;14.39;14.68;3622016;52755748.00
20141212;14.68;15.11;14.51;14.97;5313634;79249008.00
20141215;14.98;15.35;14.83;15.33;4117867;62647840.00
20141216;15.33;15.51;15.15;15.43;4085353;62913488.00
20141217;15.42;15.46;14.98;14.99;3296874;50175888.00
20141218;14.96;15.25;14.94;15.13;5812098;88099032.00
20141219;15.02;15.12;14.41;14.85;4553810;67035124.00
20141222;14.60;14.83;13.37;13.41;8480784;117224408.00
20141223;13.50;13.68;13.30;13.55;3213126;43205864.00
20141224;13.58;13.64;13.40;13.53;1466824;19803716.00
20141225;13.57;13.74;13.15;13.48;3378292;45410844.00
20141226;13.45;13.60;13.28;13.57;1848827;24898106.00
20141229;13.57;13.57;13.11;13.56;2624904;35016340.00
20141230;13.50;13.67;13.28;13.59;1472127;19878126.00
20141231;13.51;13.70;13.30;13.59;1743651;23581880.00
20150105;13.45;13.83;13.28;13.70;1737182;23444402.00
20150106;13.65;13.98;13.55;13.95;1859936;25553112.00
20150107;13.96;13.96;13.76;13.80;1325540;18342576.00
20150108;13.80;14.00;13.76;13.80;1450881;20110710.00
20150109;13.76;14.06;13.75;13.85;1685391;23425198.00
20150112;13.80;14.05;13.79;13.87;1546979;21543698.00
20150113;13.98;14.35;13.88;14.33;2887569;40994808.00
20150114;14.33;14.77;14.29;14.60;3195683;46652636.00
20150115;14.60;15.02;14.52;14.84;3890690;57778136.00
20150116;14.75;14.87;14.46;14.80;6140830;90132944.00
20150119;14.40;14.84;14.19;14.31;4227373;61497508.00
20150120;14.31;14.75;14.31;14.68;1682220;24546348.00
20150121;14.70;14.85;14.65;14.80;2707114;39928288.00
20150122;14.80;14.89;14.55;14.89;2127818;31363296.00
20150123;14.88;15.03;14.71;14.78;1889480;28160974.00
20150126;14.70;15.12;14.67;14.98;2044781;30517310.00
20150127;14.98;15.53;14.91;15.35;2791475;42620704.00
20150128;15.30;16.00;15.22;15.88;4485455;70354584.00
20150129;15.70;16.00;15.61;15.64;3061095;48320836.00
20150130;15.40;15.79;15.00;15.60;5404510;83316296.00
20150202;15.37;15.55;15.29;15.34;2118997;32625398.00
20150203;15.30;15.54;15.28;15.50;1608022;24813408.00
20150204;15.50;15.55;15.29;15.34;1825928;28105846.00
20150205;15.39;15.70;15.31;15.70;2297904;35845720.00
20150206;15.69;15.78;15.11;15.25;1955245;30013166.00
20150209;15.23;15.36;15.05;15.11;1512368;23000968.00
20150210;15.26;15.68;15.05;15.29;962882;14740492.00
20150211;15.30;15.45;15.17;15.40;685718;10509205.00
20150212;15.30;15.70;15.18;15.69;3718697;57719712.00
20150213;15.69;16.25;15.61;16.04;3071628;49274636.00
20150216;16.04;16.43;15.86;16.37;2872058;46557136.00
20150217;16.32;16.40;16.14;16.22;1334433;21634334.00
20150225;16.22;16.34;15.92;16.07;2089172;33729936.00
20150226;16.07;16.26;15.85;16.17;1297088;20892810.00
20150227;16.10;16.57;16.10;16.37;1494489;24497054.00
20150302;16.38;16.60;16.30;16.47;1400649;23017780.00
20150303;16.35;16.49;16.05;16.37;2194126;35650244.00
20150304;16.37;16.37;16.08;16.27;2393479;38755856.00
20150305;16.27;16.33;16.12;16.25;1582929;25638372.00
20150306;16.25;16.54;16.11;16.47;2685498;43649200.00
20150309;16.38;17.46;16.31;17.05;4080365;69407744.00
20150310;16.93;17.45;16.93;17.07;2495594;42995964.00
20150311;17.02;17.46;16.90;17.44;2594898;44870180.00
20150312;17.44;17.66;17.12;17.23;1948156;33657784.00
20150313;17.27;17.55;17.11;17.45;1606854;27871748.00
20150316;17.49;18.08;17.40;17.93;5305087;94929464.00
20150317;17.94;18.88;17.94;18.78;4921645;90840736.00
20150318;18.86;18.97;18.50;18.78;4401583;82491680.00
20150319;18.78;18.78;18.16;18.31;3721626;68444408.00
20150320;18.28;18.48;18.15;18.35;2196511;40237088.00
20150323;18.35;18.79;18.22;18.71;2864996;53331560.00
20150324;18.70;19.25;18.35;19.20;3409098;64456576.00
20150325;19.20;19.35;18.70;18.94;4374568;82516112.00
20150326;18.94;19.00;18.50;18.65;2920681;54826284.00
20150327;18.66;19.55;18.66;19.38;3325829;63715612.00
20150330;21.17;21.18;19.82;20.12;10871672;222648864.00
20150331;20.14;21.00;19.51;21.00;8865901;180689360.00
20150401;20.70;23.10;20.56;23.10;10314339;233768048.00
20150402;23.50;25.41;23.10;25.41;7034162;174396816.00
20150403;27.00;27.95;26.00;27.95;4806260;132092520.00
20150407;30.70;30.70;28.30;29.85;12962298;377917184.00
20150408;29.59;29.75;27.70;27.96;9708680;275569472.00
20150409;28.08;28.37;25.31;27.20;9405636;251541136.00
20150410;26.51;28.90;26.51;28.54;13711446;384405600.00
20150413;29.00;31.39;28.54;31.00;13208110;405034144.00
20150414;30.40;30.45;28.79;28.90;7472726;220091840.00
20150415;28.81;30.50;27.81;28.84;7357000;213326944.00
20150416;27.99;29.97;27.18;28.35;5485231;157212752.00
20150417;28.30;28.94;27.22;27.60;5589672;155183584.00
20150420;27.28;28.50;25.00;27.55;5414044;148995904.00
20150421;27.30;28.20;26.61;28.07;4553953;126247104.00
20150422;28.15;29.99;28.15;29.07;6119467;178761824.00
20150423;29.11;31.98;29.11;31.98;6998549;215694752.00
20150424;33.95;35.18;31.45;34.83;12970961;437104288.00
20150427;34.83;37.40;34.01;35.25;9179499;329479072.00
20150428;35.90;36.96;33.57;33.91;7243975;252486608.00
20150429;33.70;35.87;33.09;35.03;6160299;216682480.00
20150430;35.00;35.84;34.50;35.50;3446988;121899952.00
20150504;35.60;38.50;35.40;37.26;6094262;224716800.00
20150505;36.90;39.05;36.35;37.68;6484946;243304000.00
20150506;37.58;38.80;36.82;38.31;5535403;210542944.00
20150507;37.80;38.38;35.70;37.44;5157691;192088208.00
20150508;38.28;40.08;37.50;39.96;6194568;240451168.00
20150511;41.02;43.77;40.90;43.76;7565874;320969952.00
20150512;43.80;46.00;42.00;43.85;6051720;262313728.00
20150513;43.80;46.29;42.00;44.00;8608517;382388128.00
20150514;43.80;43.80;41.00;41.70;6199994;261268816.00
20150515;41.17;41.17;39.27;40.26;6578203;262490080.00
20150518;39.95;43.05;38.50;42.35;6095452;255186176.00
20150519;42.34;45.20;41.90;45.00;5689182;250272672.00
20150520;45.35;49.50;45.35;49.50;6491919;317770752.00
20150521;37.69;41.46;37.48;41.46;8826203;353028960.00
20150522;42.04;45.61;42.04;45.01;10970854;484085024.00
20150525;44.00;44.88;41.00;44.00;10873386;469738368.00
20150526;43.48;46.70;42.50;44.65;8230157;365132032.00
20150527;44.81;45.49;42.46;43.44;7167761;311171200.00
20150528;43.42;44.13;39.10;40.00;6304216;268058240.00
20150529;41.00;42.60;38.30;41.90;7203056;298976224.00
20150601;41.95;46.09;41.90;46.04;7118066;320099616.00
20150602;46.88;50.59;45.65;50.50;6903633;332425792.00
20150603;51.00;51.98;47.75;50.30;7261686;363056480.00
20150604;49.50;50.50;45.80;49.60;5599727;271351872.00
20150605;49.51;51.73;49.30;49.99;6124578;309043744.00
20150608;49.00;49.11;45.00;46.00;7069663;332260800.00
20150609;45.15;47.00;43.36;45.44;6221312;280967104.00
20150610;45.43;49.75;44.05;48.47;5257084;248873696.00
20150611;48.00;49.60;47.50;48.20;3640842;176242208.00
20150612;47.75;48.77;46.00;47.30;4718790;222660288.00
20150615;47.50;47.72;44.80;45.03;4625558;212110816.00
20150616;44.91;44.98;42.01;43.09;4641003;200870080.00
20150617;44.20;47.25;43.40;46.99;5967640;271117920.00
20150618;47.10;47.47;43.80;44.48;4615565;210549648.00
20150619;43.00;46.05;40.10;41.80;4839621;211415824.00
20150623;42.23;43.27;37.95;40.30;6794932;270395616.00
20150624;41.48;41.50;38.90;39.50;5303660;211628672.00
20150625;40.50;43.45;40.50;42.31;13694378;583318272.00
20150626;40.00;41.18;38.08;38.08;4995107;195338832.00
20150629;39.80;39.90;34.27;34.27;5629747;201923392.00
20150630;33.00;37.70;30.84;37.70;8394257;287727392.00
20150817;41.47;41.47;37.51;41.40;81534434;3368280320.00
20150818;38.99;40.16;37.26;37.26;54078079;2058162304.00
20150819;33.69;35.13;33.53;33.76;57476079;1945266560.00
20150820;33.00;34.66;32.01;32.08;52639157;1769413888.00
20150821;31.55;31.74;28.87;28.87;39906383;1184916992.00
20150824;26.50;27.08;25.98;25.98;17885763;468389536.00
20150825;23.58;26.71;23.38;23.38;66385361;1633328384.00
20150826;23.98;25.72;22.81;24.31;83415136;2066615808.00
20150827;25.38;25.72;22.95;25.08;62083798;1532157440.00
20150828;25.49;26.90;24.22;26.41;76715971;1951697664.00
20150831;25.78;25.79;23.77;23.77;47045713;1166468096.00
20150901;22.81;22.81;21.39;21.39;36593110;794385024.00
20150902;19.89;22.03;19.40;20.78;38702848;800388096.00
20150907;21.30;22.86;21.25;22.84;50736474;1144581376.00
20150908;22.45;23.97;21.56;23.75;48943330;1098455680.00
20150909;23.59;24.85;23.25;24.68;48837228;1187883136.00
20150910;24.16;25.66;24.00;24.90;40170111;1008081600.00
20150911;24.89;25.35;24.29;24.89;29642973;734219648.00
20150914;25.10;25.18;22.40;22.40;31701339;743525184.00
20150915;21.60;21.85;20.16;20.16;29325900;612211712.00
20150916;20.69;22.18;20.20;22.18;30326008;643119360.00
20150917;22.30;24.40;22.02;23.65;69097654;1657147776.00
20150918;24.17;24.79;23.68;24.30;57470179;1389341440.00
20150921;24.00;26.67;23.80;26.62;51142254;1286311168.00
20150922;26.78;26.79;25.55;26.10;49726915;1300464128.00
20150923;25.35;28.71;25.17;28.71;74924763;2065581056.00
20150924;8.35;8.52;7.32;7.46;260526731;2027842560.00
20150925;7.10;7.32;6.71;6.73;163474626;1137735936.00
20150928;6.69;6.98;6.69;6.87;90632084;621125312.00
20150929;6.65;6.79;6.51;6.56;78406866;520939648.00
20150930;6.67;6.71;6.53;6.59;50577382;334240992.00
20151008;6.89;7.07;6.73;6.87;93811243;645802560.00
20151009;6.81;6.95;6.72;6.88;89213805;609797952.00
20151012;6.93;7.57;6.93;7.46;155819426;1132650496.00
20151013;7.36;8.06;7.27;7.83;175131760;1336185856.00
20151014;7.70;7.81;7.50;7.51;135963389;1036434240.00
20151015;7.45;7.75;7.42;7.69;108158898;824398016.00
20151016;7.74;7.87;7.45;7.66;125436378;959539008.00
20151019;7.66;7.72;7.31;7.39;122610904;916907648.00
20151020;7.37;7.93;7.35;7.88;176618732;1353491712.00
20151021;7.86;7.86;7.09;7.09;169790255;1268591616.00
20151022;7.02;7.32;6.90;7.30;104316302;747633280.00
20151023;7.30;7.45;7.15;7.38;104010300;757848960.00
20151026;7.50;7.96;7.33;7.72;158736335;1218285696.00
20151027;7.71;7.78;7.23;7.64;122563448;921214464.00
20151028;7.57;7.97;7.48;7.78;159851637;1241293056.00
20151029;7.68;7.79;7.46;7.62;123310131;940359552.00
20151030;7.55;7.66;7.33;7.41;82747785;617846976.00
20151102;7.20;7.41;7.01;7.08;82383023;592832384.00
20151103;7.08;7.24;7.00;7.12;52406685;372465696.00
20151104;7.14;7.46;7.10;7.44;86580538;632168832.00
20151105;7.48;7.52;7.29;7.34;93559608;691066944.00
20151106;7.30;7.67;7.30;7.53;110798927;834452352.00
20151109;7.49;7.63;7.35;7.55;113693979;854018560.00
20151110;7.61;7.94;7.56;7.72;160979142;1250516096.00
20151111;7.80;7.87;7.59;7.71;119197517;918260160.00
20151112;7.75;8.48;7.66;8.48;213455197;1782666880.00
20151113;8.68;9.18;8.58;8.79;326899843;2908401920.00
20151116;8.50;9.67;8.45;9.67;186749957;1740744192.00
20151117;10.01;10.48;9.69;10.21;304465705;3081361152.00
20151118;10.08;11.23;9.99;11.23;324912873;3548712448.00
20151119;11.33;12.35;10.58;12.35;340905722;3956237824.00
20151120;12.69;13.59;12.35;13.59;261729447;3456863488.00
20151123;14.26;14.45;12.23;12.38;459709425;6062239744.00
20151124;12.01;12.88;11.68;12.40;283900174;3489597440.00
20151125;12.12;12.77;11.89;12.44;236156138;2885841920.00
20151126;12.40;12.50;12.03;12.10;192481980;2349580288.00
20151127;11.90;11.96;10.89;10.89;191698286;2194884608.00
20151130;10.85;11.98;10.85;11.98;230306765;2639309568.00
20151201;12.20;13.10;12.10;12.75;316745174;4018260992.00
20151202;12.00;12.35;11.50;11.61;185736208;2198429952.00
20151203;11.55;12.17;11.55;11.75;114436812;1351563648.00
20151204;11.72;12.75;11.37;12.30;236487032;2881951488.00
20151207;12.31;12.80;12.05;12.55;195956895;2439356672.00
20151208;12.33;12.46;11.85;12.02;128399166;1555156864.00
20151209;11.85;12.03;11.60;11.67;94141276;1106226816.00
20151210;11.70;12.10;11.50;11.59;94867588;1116839296.00
20151211;11.30;11.47;11.01;11.12;91885324;1026917760.00
20151214;11.00;11.50;10.80;11.40;88381653;985356480.00
20151215;11.41;11.58;11.25;11.30;72057133;819199872.00
20151216;11.39;11.78;11.22;11.58;104472994;1209779328.00
20151217;11.59;12.49;11.58;12.22;157708855;1892067200.00
20151218;12.32;12.48;11.81;11.90;122642692;1485132544.00
20151221;11.69;11.84;11.60;11.69;73962970;864668032.00
20151222;11.71;11.96;11.62;11.73;65568512;771207296.00
20151223;11.72;11.72;11.30;11.34;87419528;1000467072.00
20151224;11.27;11.28;10.90;11.21;57026774;632963520.00
20151225;11.30;11.34;11.10;11.29;40699747;456919296.00
20151228;11.34;11.65;11.22;11.31;82096736;938580992.00
20151229;11.25;11.50;11.13;11.32;52894737;598347776.00
20151230;11.32;11.48;11.15;11.21;53019147;597224320.00
20151231;11.15;11.25;10.80;10.84;62021102;683509696.00
20160104;10.80;10.80;9.76;9.76;55784020;567027200.00
20160105;9.00;9.67;8.78;9.15;87542472;802921792.00
20160106;9.45;10.07;9.35;10.06;104777033;1029651712.00
20160107;9.64;9.83;9.05;9.06;24859476;234142656.00
20160108;9.50;9.71;8.41;9.24;71917974;667637056.00
20160111;9.00;9.14;8.32;8.32;66174714;576038848.00
20160112;8.20;8.56;8.00;8.40;51355958;427675264.00
20160113;8.50;8.60;7.88;7.94;45286339;374190176.00
20160114;7.61;8.27;7.51;8.22;54682821;434809888.00
20160115;8.17;8.20;7.61;7.77;48246922;382920032.00
20160118;7.68;8.10;7.55;7.97;47868775;379289248.00
20160119;7.98;8.69;7.90;8.53;76011327;632349568.00
20160120;8.42;8.63;8.21;8.30;61917476;520499168.00
20160121;8.18;8.45;7.90;7.90;46995552;383776032.00
20160122;8.00;8.15;7.80;8.08;37548228;300997888.00
20160125;8.20;8.25;8.02;8.12;31750268;258390032.00
20160126;8.00;8.03;7.31;7.34;47991697;368672704.00
20160127;7.38;7.50;6.69;7.15;44794000;315955520.00
20160128;7.03;7.17;6.60;6.70;31888077;220851392.00
20160129;6.66;7.20;6.66;7.04;40416568;280977888.00
20160201;7.00;7.17;6.90;7.01;32721396;230724416.00
20160202;7.15;7.50;7.08;7.38;41113966;300554496.00
20160203;7.24;7.43;7.10;7.35;31304881;226605136.00
20160204;7.35;7.55;7.35;7.46;34240945;256206816.00
20160205;7.52;8.21;7.44;7.96;68237072;545878848.00
20160215;7.56;8.15;7.48;8.01;54288535;422173984.00
20160216;7.99;8.78;7.96;8.49;71154565;594452288.00
20160217;8.38;8.55;8.18;8.40;66263084;553405824.00
20160218;8.68;9.10;8.40;8.46;79882182;697697472.00
20160219;8.27;8.58;8.21;8.42;52205057;437075712.00
20160222;8.60;8.70;8.41;8.50;49906714;424605120.00
20160223;8.54;8.55;8.17;8.30;43461649;361830784.00
20160224;8.25;8.58;8.19;8.43;45647818;383940064.00
20160225;8.42;8.47;7.59;7.59;58425201;464515296.00
20160226;7.55;7.78;7.21;7.52;40041898;301680576.00
20160229;7.46;7.53;6.85;7.13;38246337;270625792.00
20160301;7.18;7.31;7.02;7.25;32942384;236844832.00
20160302;7.25;7.69;7.23;7.62;48976592;365851392.00
20160303;7.62;7.85;7.51;7.67;53708062;413649888.00
20160304;7.68;7.68;7.11;7.29;48942508;362820640.00
20160307;7.39;7.57;7.31;7.41;30065600;223693248.00
20160308;7.37;7.38;7.03;7.36;31844949;229383552.00
20160309;7.20;7.29;7.10;7.15;23125455;166102128.00
20160310;7.19;7.29;7.05;7.09;20861649;149450352.00
20160311;7.02;7.23;6.91;7.11;24293721;171694624.00
20160314;7.22;7.49;7.20;7.41;41654206;307620544.00
20160315;7.39;7.40;7.21;7.25;28134894;204989088.00
20160316;7.30;7.35;7.12;7.14;23450268;169136320.00
20160317;7.20;7.35;7.14;7.31;39398584;286468224.00
20160318;7.32;8.04;7.32;8.04;82364785;644651392.00
20160321;8.30;8.50;8.10;8.37;129488355;1074422784.00
20160322;8.20;9.18;8.11;8.59;120530899;1048264896.00
20160323;8.59;8.77;8.37;8.63;82257649;706287424.00
20160324;8.48;8.57;8.25;8.26;79241668;665915200.00
20160325;8.22;8.36;8.12;8.26;44008113;362297152.00
20160328;8.34;8.47;8.11;8.16;49767683;413288544.00
20160329;8.15;8.25;8.03;8.10;43047281;349625408.00
20160330;8.20;8.38;8.17;8.38;51684773;428081984.00
20160331;8.47;8.50;8.27;8.30;46226879;386530976.00
20160401;8.24;8.85;8.05;8.67;84512039;713411072.00
20160405;8.70;8.89;8.52;8.78;85173773;742898176.00
20160406;8.63;8.75;8.50;8.64;56841911;491243648.00
20160407;8.70;9.50;8.54;8.96;159368126;1459516928.00
20160408;8.75;8.86;8.50;8.64;83442637;721634624.00
20160411;8.70;8.90;8.68;8.79;68303286;600736320.00
20160412;8.72;9.15;8.55;8.91;80697898;711126848.00
20160413;8.88;9.15;8.86;8.91;92585825;837435648.00
20160414;8.99;9.03;8.85;8.94;46865560;417929888.00
20160415;8.93;9.18;8.89;8.97;58781762;531436544.00
20160418;8.89;8.89;8.65;8.68;50383720;439211936.00
20160419;8.70;8.78;8.60;8.69;33044382;286798528.00
20160420;8.75;8.75;7.88;8.09;72786162;600318016.00
20160421;8.07;8.22;7.90;7.94;42080652;338724608.00
20160422;7.90;8.03;7.81;8.00;27042062;214446624.00
20160425;8.01;8.01;7.75;7.93;21811585;172054640.00
20160426;7.92;8.25;7.88;8.15;36490546;294065824.00
20160427;8.12;8.17;8.01;8.03;28333896;229158432.00
20160428;8.05;8.09;7.80;7.97;27428121;217543328.00
20160429;7.92;8.03;7.86;7.89;17272884;137011344.00
20160503;7.78;8.12;7.78;8.10;33437558;267720528.00
20160504;8.08;8.26;8.02;8.09;36557485;297497760.00
20160505;8.04;8.13;8.03;8.10;22918891;185268560.00
20160506;8.12;8.17;7.80;7.80;38426034;305194784.00
20160509;7.72;7.72;7.35;7.35;33552048;250639392.00
20160510;7.37;7.58;7.37;7.47;24358775;182172288.00
20160511;7.58;7.58;7.41;7.43;19951302;149552416.00
20160512;7.37;7.40;7.16;7.34;19267906;140357584.00
20160513;7.46;7.60;7.40;7.45;25561989;192057088.00
20160516;7.45;7.57;7.41;7.57;19133463;143947280.00
20160517;7.57;7.61;7.45;7.49;19514538;146570128.00
20160518;7.43;7.43;7.19;7.26;21659973;157828816.00
20160519;7.26;7.40;7.26;7.29;15203816;111561704.00
20160520;7.25;7.37;7.20;7.34;13564926;99021872.00
20160523;7.36;7.64;7.36;7.52;24357041;181843008.00
20160524;7.48;7.49;7.30;7.35;17222429;126968096.00
20160525;7.41;7.46;7.30;7.33;14835525;109383600.00
20160526;7.33;7.37;7.16;7.34;17281578;125410592.00
20160527;7.36;7.39;7.27;7.33;13819676;101473472.00
20160530;7.30;7.32;7.20;7.25;10661533;77466760.00
20160531;7.22;7.56;7.22;7.54;35373231;263921840.00
20160601;7.51;7.65;7.50;7.54;36720406;278024672.00
20160602;7.50;7.67;7.50;7.62;28674921;217541904.00
20160603;7.62;7.73;7.51;7.65;32861900;249811648.00
20160606;7.66;7.72;7.55;7.60;27134854;207058880.00
20160607;7.58;7.61;7.49;7.54;22741791;171329552.00
20160608;7.51;7.57;7.38;7.48;22184730;165668752.00
20160613;7.34;7.55;7.20;7.21;31755650;234095616.00
20160614;7.19;7.26;7.16;7.23;17558856;126616040.00
20160615;7.15;7.40;7.12;7.37;24616086;180334208.00
20160616;7.37;7.39;7.25;7.26;19970387;145795392.00
20160617;7.27;7.40;7.25;7.29;18139976;132814056.00
20160620;7.32;7.33;7.20;7.25;13996229;101335840.00
20160621;7.30;7.43;7.26;7.31;27751647;203630480.00
20160622;7.36;7.38;7.25;7.35;19565295;143149264.00
20160623;7.36;7.37;7.26;7.29;18160105;132468800.00
20160624;7.29;7.77;7.26;7.54;79686373;600011648.00
20160627;7.44;7.68;7.39;7.62;49656749;375834688.00
20160628;7.56;8.38;7.52;8.18;136861972;1125201536.00
20160629;7.97;8.19;7.93;7.95;83047475;665966976.00
20160630;8.03;8.08;7.86;7.92;41139365;326842944.00
