20100706;21.69;22.65;21.01;21.96;10525540;230949520.00
20100707;21.61;22.60;21.25;22.28;8973174;198685024.00
20100708;22.12;22.27;21.33;21.41;6582631;142439056.00
20100709;21.38;21.75;20.83;21.48;5007671;106450984.00
20100712;21.40;21.69;21.25;21.47;2656623;57198088.00
20100713;21.28;21.30;20.88;21.00;2195386;46227700.00
20100714;21.09;21.45;21.00;21.13;2135331;45298880.00
20100715;21.07;21.16;20.25;20.28;2603635;54019716.00
20100716;20.10;20.46;20.00;20.37;1435296;28966608.00
20100719;20.24;20.66;20.08;20.61;1287870;26403432.00
20100720;20.60;21.05;20.57;21.01;2122614;44313472.00
20100721;21.00;21.26;20.96;21.03;2258509;47713048.00
20100722;20.91;21.32;20.88;21.20;1624324;34338376.00
20100723;21.20;21.27;21.00;21.19;1664011;35185752.00
20100726;21.21;21.35;21.06;21.32;1443663;30646420.00
20100727;21.27;21.31;21.10;21.14;994488;21089276.00
20100728;21.22;21.95;21.14;21.86;3785160;81884432.00
20100729;22.12;22.37;21.96;22.08;4926796;109332592.00
20100730;22.15;23.05;21.95;22.92;4697157;105743872.00
20100802;22.90;24.98;22.80;24.20;6588067;158526336.00
20100803;24.00;24.16;23.35;23.57;4343249;103438264.00
20100804;23.45;24.06;23.37;24.00;3322873;79042800.00
20100805;24.16;24.16;23.12;23.20;4071772;95876032.00
20100809;23.55;23.67;23.33;23.42;3045830;71569376.00
20100810;23.47;23.86;22.91;22.91;2920793;68117856.00
20100811;22.80;23.09;22.48;22.85;2389838;54391248.00
20100812;22.60;22.84;22.30;22.47;2353468;53052952.00
20100813;22.46;23.25;22.46;23.06;2783600;63810080.00
20100816;23.00;23.47;22.76;23.39;2620517;60761836.00
20100817;23.39;23.40;23.13;23.30;1839253;42790692.00
20100818;23.24;23.68;23.14;23.22;2061546;48147420.00
20100819;23.18;23.28;22.79;23.07;2213201;50951088.00
20100820;23.00;23.00;22.45;22.50;1848064;41892800.00
20100823;22.38;22.70;22.32;22.45;1157067;25970012.00
20100824;22.46;22.92;22.45;22.76;1143048;25953218.00
20100825;22.68;22.68;22.03;22.10;1520252;33920832.00
20100826;22.17;22.40;22.10;22.29;868201;19301160.00
20100827;22.45;22.82;22.21;22.81;1504312;34059404.00
20100830;22.90;23.37;22.85;23.22;2314400;53618320.00
20100831;23.14;23.42;23.02;23.27;1834891;42592180.00
20100901;23.27;24.29;23.05;23.39;4188517;98972816.00
20100902;23.44;24.10;23.08;23.92;4622164;109714160.00
20100903;24.17;24.17;23.50;23.58;3156847;74875760.00
20100906;23.74;23.81;23.09;23.18;2112524;49194860.00
20100907;23.28;23.43;23.15;23.40;1405136;32793594.00
20100908;23.30;23.59;23.16;23.57;1679239;39398592.00
20100909;23.56;23.75;22.91;23.00;2143880;50050384.00
20100910;23.00;23.10;22.51;22.89;1559195;35509580.00
20100913;22.89;23.33;22.81;23.22;1280070;29661698.00
20100914;23.33;23.38;23.01;23.16;1030441;23875970.00
20100915;23.13;23.13;22.50;22.53;1299385;29516134.00
20100916;22.47;22.65;22.01;22.20;1144705;25435622.00
20100917;22.28;22.54;22.06;22.31;706440;15765297.00
20100920;22.40;22.50;22.02;22.11;542055;11999595.00
20100921;22.15;22.20;22.02;22.08;313210;6918514.00
20100927;22.12;22.39;22.12;22.37;429391;9571801.00
20100928;22.71;23.69;22.71;23.08;3051559;70907232.00
20100929;22.92;23.12;22.45;22.68;1383246;31408112.00
20100930;22.63;22.90;22.42;22.78;649855;14768269.00
20101008;22.68;23.12;22.18;22.97;3155292;71507776.00
20101011;22.90;22.98;22.62;22.81;2031748;46223296.00
20101012;22.81;23.05;22.50;22.70;1820491;41360172.00
20101013;22.65;22.77;22.33;22.54;1816851;40942844.00
20101014;22.55;22.63;22.08;22.08;1571650;35061932.00
20101015;22.08;22.39;22.01;22.16;1255787;27830528.00
20101018;22.14;22.29;21.50;21.77;1339102;29158420.00
20101019;21.80;22.38;21.61;22.38;1141788;25361494.00
20101020;22.00;22.48;21.83;22.07;1363626;30281448.00
20101021;22.05;22.37;22.00;22.29;1055187;23405770.00
20101022;22.29;22.51;22.20;22.37;1554589;34834324.00
20101025;22.40;22.77;22.38;22.67;1985802;44908512.00
20101026;22.69;22.80;22.53;22.66;1437666;32576352.00
20101027;22.70;22.70;22.50;22.62;1411592;31907860.00
20101028;22.54;22.77;22.44;22.54;1069001;24125880.00
20101029;22.59;22.99;22.55;22.80;1974685;45079848.00
20101101;22.93;23.25;22.75;23.25;2563166;59049016.00
20101102;23.25;23.35;22.81;22.81;2147209;49316008.00
20101103;22.81;22.81;22.25;22.42;1500631;33746044.00
20101104;22.35;23.87;22.25;23.80;4322339;99786992.00
20101105;23.79;24.25;23.50;23.86;6350274;151795712.00
20101108;23.87;24.05;23.55;23.93;3065592;73170880.00
20101109;24.06;24.37;23.68;23.83;2815776;67455712.00
20101110;23.83;24.31;23.72;24.14;2720111;65446924.00
20101111;24.02;24.40;23.78;23.80;3160766;76307304.00
20101112;23.58;23.78;22.11;22.28;3073348;70632192.00
20101115;22.42;22.80;22.32;22.78;1507125;34002976.00
20101116;22.78;23.36;22.25;22.55;1700333;38661972.00
20101117;22.55;22.93;22.22;22.45;1169538;26480632.00
20101118;22.59;22.75;22.41;22.70;767413;17336834.00
20101119;22.75;23.05;22.50;23.00;1687233;38433520.00
20101122;22.80;23.58;22.80;23.22;2240393;52183528.00
20101123;23.30;23.56;22.90;23.39;1850375;43011708.00
20101124;23.30;23.95;23.23;23.88;2191553;51852348.00
20101125;23.98;24.10;23.29;23.47;2427885;57404024.00
20101126;23.49;24.38;23.36;24.20;3711889;88826640.00
20101129;24.22;24.34;23.90;24.28;2786548;67259192.00
20101130;24.18;24.28;22.76;23.96;3395470;80024488.00
20101201;23.96;26.09;23.77;25.23;7684622;191712064.00
20101202;25.30;26.39;24.93;25.95;8104978;208618560.00
20101203;25.87;25.87;24.83;25.07;4055731;102328408.00
20101206;25.50;25.80;24.45;24.66;2615861;65303464.00
20101207;24.56;24.97;23.81;24.82;1958532;47970972.00
20101208;24.35;24.82;24.33;24.33;1641848;40260376.00
20101209;24.33;24.68;23.98;24.06;1498589;36311872.00
20101210;23.88;24.43;23.80;24.28;1218511;29402806.00
20101213;24.39;25.27;24.37;24.99;2051997;51172496.00
20101214;25.00;25.84;24.88;25.49;2791348;70925904.00
20101215;25.30;25.58;24.90;25.11;2131314;53847052.00
20101216;25.00;26.00;25.00;25.72;3153437;81085424.00
20101217;25.76;25.92;25.50;25.87;1753692;45188624.00
20101220;25.86;26.20;24.97;25.77;2826987;72543152.00
20101221;25.78;26.37;25.78;26.22;2595032;67952048.00
20101222;26.28;26.34;25.36;25.36;2065702;53285504.00
20101223;25.75;25.90;24.60;24.68;2386665;60134552.00
20101224;24.67;24.89;24.00;24.13;1323782;32215932.00
20101227;24.34;24.88;23.80;23.88;1635349;40000088.00
20101228;23.90;24.48;23.68;24.17;1427307;34376496.00
20101229;24.25;24.59;24.16;24.59;927234;22589774.00
20101230;24.59;24.68;24.33;24.44;827369;20280072.00
20101231;24.45;24.88;24.45;24.81;966670;23859546.00
20110104;24.89;25.10;24.64;25.10;1552150;38555944.00
20110105;24.95;25.24;24.76;25.00;1128502;28254190.00
20110106;24.97;25.09;24.36;24.39;1096816;27037284.00
20110107;24.38;24.67;24.21;24.36;734764;17989598.00
20110110;24.41;24.74;24.00;24.11;866441;21159432.00
20110111;24.29;24.31;23.20;23.60;1261515;29878480.00
20110112;23.65;23.77;23.23;23.57;836879;19645052.00
20110113;23.60;23.77;23.52;23.68;549168;12977737.00
20110114;23.71;23.71;23.26;23.28;567679;13274478.00
20110117;22.95;23.27;22.50;22.52;757628;17258896.00
20110118;22.41;22.64;22.38;22.56;285556;6436500.00
20110119;22.92;23.36;22.84;23.31;745493;17252950.00
20110120;23.20;23.20;22.48;22.48;646491;14699773.00
20110124;22.75;23.25;22.38;22.38;525849;11898152.00
20110125;22.15;22.45;22.00;22.04;502263;11135210.00
20110126;22.08;22.48;22.08;22.40;279282;6231198.50
20110127;22.30;22.80;21.95;22.65;858370;19305658.00
20110128;22.59;22.86;22.42;22.76;463706;10534933.00
20110131;22.89;23.65;22.72;23.38;897442;20928734.00
20110201;23.43;23.43;22.97;23.10;593596;13714872.00
20110209;23.00;23.21;22.70;22.77;665855;15186233.00
20110210;22.77;23.34;22.60;23.30;668658;15383717.00
20110211;23.27;23.42;23.12;23.40;748743;17460378.00
20110214;23.25;23.88;23.25;23.74;1286603;30434784.00
20110215;23.74;23.85;23.50;23.53;976334;23148040.00
20110216;23.54;24.06;23.31;23.99;923727;22037388.00
20110217;23.99;23.99;23.71;23.89;779046;18561994.00
20110218;23.89;23.89;23.42;23.56;786098;18542462.00
20110221;23.37;23.85;23.24;23.84;751655;17757838.00
20110222;23.86;24.37;23.61;23.61;1598191;38352144.00
20110223;23.52;23.87;23.52;23.66;682151;16146744.00
20110224;23.67;24.07;23.66;23.96;772041;18453670.00
20110225;23.96;23.96;23.47;23.66;561547;13260189.00
20110228;23.55;23.63;23.21;23.57;993631;23308474.00
20110301;23.52;23.79;23.48;23.52;806536;19069916.00
20110302;23.50;23.71;23.31;23.69;628269;14784487.00
20110303;23.73;23.73;22.92;22.92;1798272;41589888.00
20110304;22.92;23.19;22.81;23.02;940197;21582550.00
20110307;23.00;23.34;22.96;23.29;870700;20180650.00
20110308;23.27;23.50;23.20;23.28;742872;17291348.00
20110309;23.32;23.38;23.16;23.27;743002;17266720.00
20110310;23.35;23.67;23.35;23.53;1500782;35302216.00
20110311;23.25;23.64;23.21;23.40;839653;19708366.00
20110314;23.40;23.76;23.32;23.73;1140607;26977922.00
20110315;23.73;23.73;23.00;23.36;1064511;24765704.00
20110316;23.35;23.44;23.20;23.38;761127;17745548.00
20110317;23.32;23.32;22.80;22.89;1054927;24283404.00
20110318;23.00;23.24;22.98;23.21;540744;12522103.00
20110321;23.05;23.18;22.85;22.94;582566;13376375.00
20110322;22.94;22.99;22.60;22.84;544682;12394640.00
20110323;22.79;23.05;22.70;22.98;417833;9577518.00
20110324;23.07;23.47;23.07;23.22;914603;21329066.00
20110325;23.40;23.79;23.20;23.75;1824697;43036156.00
20110329;23.55;23.60;22.83;22.90;1058239;24538098.00
20110330;22.90;22.96;22.43;22.91;1184242;26772130.00
20110331;22.93;22.96;22.50;22.54;555802;12627845.00
20110401;22.34;22.80;22.34;22.76;269496;6104895.50
20110406;22.65;22.80;22.47;22.56;595283;13418276.00
20110407;22.56;22.65;22.42;22.54;575163;12944431.00
20110408;22.58;22.81;22.46;22.79;525426;11924853.00
20110411;22.81;22.81;22.47;22.48;634003;14314701.00
20110412;22.48;22.89;22.48;22.65;531011;12050904.00
20110413;22.57;22.81;22.52;22.80;350649;7962731.00
20110414;22.90;22.92;22.60;22.70;331336;7523759.00
20110415;22.58;22.80;22.46;22.68;337705;7635155.50
20110418;22.60;22.70;22.49;22.55;549399;12400361.00
20110419;22.50;22.50;22.11;22.36;597352;13279302.00
20110420;22.19;22.33;21.58;21.86;1308641;28514424.00
20110421;21.90;22.08;21.60;21.95;741023;16216886.00
20110422;21.96;22.00;21.65;21.72;723450;15713618.00
20110425;21.80;21.80;21.00;21.10;659211;14056548.00
20110426;21.11;22.89;20.44;22.60;2360638;51472552.00
20110427;22.20;22.43;21.29;21.29;1357085;29531292.00
20110428;21.29;21.49;20.55;20.55;551558;11530533.00
20110429;20.55;20.77;20.51;20.60;471682;9723944.00
20110503;20.66;20.90;20.60;20.76;350168;7272051.00
20110504;20.71;20.71;20.05;20.13;550505;11212901.00
20110505;20.10;20.35;20.08;20.13;281389;5677040.00
20110506;20.12;20.34;20.01;20.29;279553;5648797.00
20110509;20.34;20.78;20.30;20.55;426633;8782319.00
20110510;20.66;20.66;20.38;20.56;158981;3257473.75
20110511;20.58;20.88;20.55;20.68;277194;5737593.00
20110512;20.66;21.99;20.48;21.94;2102693;44919000.00
20110516;21.50;22.02;21.32;21.60;2460975;53633964.00
20110517;21.45;21.68;20.70;20.93;895351;18770230.00
20110518;20.87;21.25;20.71;21.05;331363;6953910.50
20110519;21.12;21.12;20.70;20.71;327401;6846163.50
20110520;20.65;20.84;20.53;20.57;317623;6553971.00
20110523;20.75;20.84;20.10;20.10;407100;8291187.00
20110524;19.93;20.20;19.67;20.02;296471;5898673.50
20110525;19.99;20.20;19.75;19.76;180399;3594841.25
20110526;19.76;19.94;19.33;19.34;184856;3644656.75
20110527;19.35;19.77;19.05;19.25;316925;6151837.50
20110530;19.15;19.80;18.60;18.63;425837;8204479.00
20110531;18.62;18.99;18.07;18.88;404221;7507698.00
20110601;18.74;19.03;18.74;18.90;327141;6183905.50
20110602;14.22;14.22;13.83;13.98;410069;5723812.00
20110603;13.94;14.13;13.94;14.06;307741;4321332.50
20110607;14.10;14.10;13.87;14.10;220974;3102677.00
20110608;14.22;14.22;13.90;14.09;233240;3267761.75
20110609;14.13;14.17;13.70;13.72;349091;4849095.00
20110610;13.70;13.80;13.30;13.59;278924;3768026.25
20110613;13.45;13.50;13.18;13.41;316656;4209550.00
20110614;13.38;13.63;13.30;13.58;351315;4761693.00
20110615;13.59;13.67;13.35;13.38;240164;3244605.25
20110616;13.23;13.36;13.03;13.09;322635;4247062.00
20110617;13.07;13.15;12.63;12.70;480974;6184544.50
20110620;12.49;12.78;12.45;12.47;240323;3015582.25
20110621;12.47;12.70;12.47;12.70;498429;6275063.50
20110622;12.74;12.75;12.50;12.61;324864;4098759.00
20110623;12.61;13.40;12.54;13.19;997421;13093443.00
20110624;13.19;13.46;13.07;13.35;939696;12510659.00
20110627;13.35;13.66;13.25;13.42;730700;9826222.00
20110628;13.42;13.95;13.42;13.68;1042009;14358971.00
20110629;13.70;13.86;13.54;13.55;506053;6921085.50
20110630;13.55;13.73;13.34;13.57;649897;8852469.00
20110701;13.84;13.84;13.60;13.65;620244;8521156.00
20110704;13.66;14.09;13.51;14.01;920951;12735223.00
20110705;13.91;14.07;13.81;13.92;813293;11316716.00
20110706;13.88;13.89;13.72;13.84;1047697;14461403.00
20110707;13.83;14.04;13.76;13.79;2053297;28474110.00
20110708;13.80;13.82;13.58;13.76;760514;10430598.00
20110711;13.82;14.25;13.82;14.13;1893112;26693036.00
20110712;14.06;14.06;13.65;13.66;984826;13587621.00
20110713;13.66;13.94;13.66;13.92;975599;13487688.00
20110714;13.86;14.05;13.80;14.05;1102693;15356204.00
20110715;14.00;14.28;13.95;14.19;1928413;27362580.00
20110718;14.21;14.38;14.08;14.27;1352025;19278356.00
20110719;14.18;14.23;13.82;13.84;822943;11494769.00
20110720;13.91;14.27;13.91;14.13;1049222;14813642.00
20110721;14.09;14.24;13.87;13.88;771874;10855748.00
20110722;13.89;13.97;13.61;13.63;917155;12638776.00
20110725;13.56;13.64;12.80;12.81;1000742;13148752.00
20110726;12.82;12.99;12.77;12.89;323326;4159446.50
20110727;12.89;13.08;12.80;13.08;509891;6608754.50
20110728;12.99;13.04;12.85;13.01;337521;4362216.50
20110729;13.01;13.01;12.82;12.88;428124;5525084.00
20110801;12.83;12.96;12.79;12.95;311566;4022182.50
20110802;12.93;12.93;12.50;12.76;736382;9321200.00
20110803;12.68;13.18;12.61;13.07;795109;10353128.00
20110804;13.10;13.25;13.10;13.20;659350;8684168.00
20110805;12.89;12.93;12.63;12.83;687310;8810872.00
20110808;12.70;12.71;11.66;11.97;1079543;13150261.00
20110809;11.68;11.83;11.28;11.80;715427;8293078.00
20110810;11.93;12.08;11.86;11.89;570162;6827497.00
20110811;11.54;12.08;11.54;12.06;604755;7154329.50
20110812;12.07;12.29;12.07;12.18;616830;7523024.50
20110815;12.18;12.39;12.16;12.36;446476;5495438.50
20110816;12.37;12.51;12.26;12.26;566266;7013699.50
20110817;12.37;12.38;12.12;12.19;446992;5458057.00
20110818;12.25;12.26;11.86;11.90;634438;7625387.50
20110819;11.70;11.78;11.50;11.74;587493;6863309.00
20110822;11.74;11.97;11.71;11.84;448254;5306163.00
20110823;11.84;12.13;11.82;12.10;688408;8252160.00
20110824;12.52;13.31;12.52;13.31;4372100;57956336.00
20110825;13.33;13.94;13.28;13.92;8470952;116179232.00
20110826;13.80;13.80;13.56;13.64;3456099;47258052.00
20110829;13.61;13.94;13.55;13.61;2359939;32396360.00
20110830;13.92;14.86;13.71;13.78;5160309;73422432.00
20110831;13.55;13.63;13.08;13.42;2676833;35693196.00
20110901;13.31;13.72;13.31;13.44;1817962;24577722.00
20110902;13.16;13.36;12.87;12.97;1438919;18799988.00
20110905;12.90;12.90;12.35;12.45;1129211;14170093.00
20110906;12.55;13.70;12.55;13.70;9168968;125125904.00
20110907;13.73;14.28;13.54;14.22;10202367;141590320.00
20110908;14.00;14.19;13.75;14.09;6031461;84305512.00
20110913;13.31;13.77;12.79;13.74;3755943;50115260.00
20110914;13.60;14.27;13.50;14.27;5224175;72739960.00
20110915;14.24;14.45;13.95;14.00;4694753;66552032.00
20110916;13.96;14.20;13.82;13.93;3194913;44798168.00
20110919;13.80;14.35;13.44;14.30;4733659;66357904.00
20110920;14.17;14.88;14.00;14.79;8284411;120458456.00
20110921;14.65;15.10;14.42;15.05;7232573;107283936.00
20110922;14.85;14.98;14.26;14.27;4489216;65604292.00
20110923;13.80;14.33;13.61;14.03;3241330;45291772.00
20110926;13.90;14.30;13.65;13.76;2286388;31940154.00
20110927;13.80;14.18;13.45;13.76;2400058;33158964.00
20110928;13.76;14.09;13.60;13.80;2219970;30759746.00
20110929;13.71;13.77;12.42;12.43;3575016;45449408.00
20110930;12.51;12.55;11.80;11.93;2032422;24532356.00
20111010;11.94;12.28;11.79;12.26;1535004;18564532.00
20111011;12.56;12.66;11.95;12.15;2113030;26082526.00
20111012;11.95;12.80;11.71;12.68;2860296;35421456.00
20111013;12.68;13.13;12.57;12.98;3400624;43837052.00
20111014;12.93;12.97;12.65;12.90;1846276;23656934.00
20111018;12.78;12.80;12.15;12.18;1766237;21936872.00
20111019;12.18;12.30;11.85;12.07;1293817;15582958.00
20111020;12.06;12.06;11.51;11.55;1151127;13429665.00
20111021;11.57;11.79;11.47;11.66;828047;9649186.00
20111024;11.66;11.80;10.81;11.80;1557358;17795980.00
20111025;11.76;12.28;11.67;12.21;1955592;23536820.00
20111026;12.06;12.51;11.91;12.27;2578492;31396272.00
20111027;12.25;12.53;12.09;12.28;1994988;24634218.00
20111028;12.42;12.52;12.20;12.49;1857048;22944452.00
20111031;12.53;12.65;12.40;12.53;1530985;19149156.00
20111101;12.39;12.60;12.15;12.51;1890626;23412378.00
20111102;12.30;12.71;12.18;12.71;2067821;25746206.00
20111103;12.79;13.20;12.68;12.69;3142868;40742376.00
20111104;12.85;13.40;12.65;13.34;4380025;57266028.00
20111107;13.33;13.33;13.01;13.05;2252337;29624726.00
20111108;13.10;13.10;12.53;12.58;1876442;24027936.00
20111109;12.60;12.85;12.50;12.85;1428771;18158828.00
20111110;12.68;13.09;12.55;12.99;2212392;28567734.00
20111111;12.98;13.05;12.63;12.76;1417332;18238738.00
20111114;12.80;13.18;12.76;13.18;2339286;30432152.00
20111115;13.00;13.33;13.00;13.26;2091457;27594656.00
20111116;13.26;13.26;12.59;12.70;1799278;23186418.00
20111117;12.73;12.83;12.33;12.45;1616902;20242432.00
20111118;12.38;12.48;11.97;12.00;1409651;17099298.00
20111121;11.99;12.13;11.91;12.13;625243;7514904.50
20111122;12.06;12.08;11.81;12.01;652437;7787819.00
20111123;12.07;12.12;11.90;12.00;557714;6706524.00
20111124;11.87;12.01;11.72;11.87;518551;6142589.00
20111125;11.82;11.95;11.75;11.80;536714;6350601.00
20111128;11.90;12.02;11.81;11.98;560107;6673250.00
20111129;12.03;12.25;12.03;12.22;872151;10612832.00
20111130;12.28;12.29;11.18;11.43;1282472;15053219.00
20111201;11.82;11.92;11.44;11.48;1159292;13526805.00
20111205;11.41;11.41;10.67;10.67;1066429;11653737.00
20111206;10.62;10.65;10.43;10.65;775923;8190275.00
20111207;10.68;10.70;10.45;10.56;508969;5381449.50
20111208;10.56;10.65;10.24;10.54;703542;7359844.00
20111209;10.45;10.53;10.26;10.30;520126;5386675.50
20111212;10.31;10.45;10.15;10.18;536570;5526229.00
20111213;10.10;10.10;9.65;9.68;1010750;9909160.00
20111214;9.71;9.79;9.51;9.64;591034;5707904.00
20111215;9.53;9.62;9.23;9.23;877561;8284501.50
20111216;9.29;9.58;9.19;9.54;838407;7859600.50
20111219;9.50;9.65;9.30;9.65;841741;7943264.00
20111220;9.63;9.79;9.49;9.56;714883;6901126.50
20111221;9.68;9.72;9.21;9.21;583162;5527611.50
20111222;9.01;9.20;8.72;9.08;714974;6425834.50
20111223;8.82;9.28;8.82;9.16;510246;4674038.50
20111226;9.15;9.25;9.05;9.05;319945;2927714.50
20111227;8.98;9.10;8.81;8.89;435348;3886308.50
20111228;8.89;8.89;8.58;8.76;481083;4182209.50
20111229;8.70;8.88;8.70;8.77;403190;3554654.75
20111230;8.87;9.04;8.77;8.94;501724;4457120.50
20120104;9.03;9.07;8.79;8.79;532700;4767528.00
20120105;8.66;8.84;8.34;8.34;407177;3488043.75
20120106;8.34;8.40;8.10;8.35;632616;5229729.50
20120109;8.40;8.76;8.30;8.71;772851;6630988.50
20120110;8.65;9.25;8.65;9.17;1303584;11756623.00
20120111;9.13;9.42;9.03;9.31;1398509;12926447.00
20120112;9.21;9.71;9.21;9.26;943744;8854875.00
20120113;9.15;9.25;8.72;8.76;810381;7227336.50
20120116;8.70;8.75;8.53;8.53;318891;2759307.00
20120117;8.58;9.15;8.53;9.11;786392;7015776.50
20120118;9.15;9.30;8.90;8.95;982370;8994024.00
20120119;8.92;9.19;8.92;9.15;547200;4990405.50
20120120;9.27;9.30;9.11;9.22;615839;5671641.00
20120130;9.29;9.35;9.18;9.20;481010;4460240.50
20120131;9.17;9.28;9.08;9.21;292255;2677114.75
20120201;9.19;9.28;9.10;9.16;398634;3659630.25
20120202;9.16;9.28;9.13;9.28;524398;4827105.50
20120203;9.29;9.50;9.23;9.45;960564;8991645.00
20120206;9.50;9.53;9.36;9.43;686416;6479941.00
20120207;9.42;9.49;9.21;9.28;678807;6322252.50
20120208;9.21;9.50;9.17;9.50;860135;8032790.00
20120209;9.52;9.72;9.46;9.56;1308570;12618725.00
20120210;9.55;9.80;9.50;9.63;1036154;10023982.00
20120213;9.58;9.77;9.41;9.67;808500;7802718.50
20120214;9.68;9.91;9.67;9.82;830466;8120112.50
20120215;9.77;10.04;9.71;10.02;1223820;12143324.00
20120216;10.00;10.09;9.82;10.00;1026520;10222982.00
20120217;9.98;10.22;9.93;10.19;1519118;15323477.00
20120220;10.29;10.37;10.07;10.07;1489972;15194995.00
20120221;10.06;10.08;9.77;10.01;1346607;13365469.00
20120222;10.05;10.19;9.96;10.15;1641636;16567338.00
20120223;10.10;10.80;10.06;10.70;3967773;41194132.00
20120224;10.60;10.65;10.40;10.53;2861003;30074956.00
20120227;10.55;10.64;10.45;10.46;2280349;24025610.00
20120228;10.42;10.46;10.23;10.39;1518829;15697156.00
20120229;10.34;10.39;10.23;10.24;937105;9641880.00
20120301;10.19;10.33;10.10;10.28;743577;7620844.00
20120302;10.34;10.45;10.26;10.42;1215476;12621108.00
20120305;10.45;10.46;10.31;10.40;1079523;11233118.00
20120306;10.40;10.43;10.11;10.14;1055459;10773149.00
20120307;10.04;10.23;9.97;10.05;1325148;13375961.00
20120308;10.10;10.25;10.08;10.13;867282;8806009.00
20120309;10.18;10.50;10.15;10.50;1812607;18802742.00
20120312;10.49;10.72;10.41;10.61;2183926;23150228.00
20120313;10.62;10.71;10.52;10.66;1378439;14634225.00
20120314;10.65;10.79;10.00;10.08;2189423;23010764.00
20120315;10.08;10.18;9.66;9.84;1265279;12517936.00
20120316;9.82;10.12;9.82;10.10;992776;9945186.00
20120319;10.07;10.34;10.07;10.34;1059659;10841616.00
20120320;10.40;10.77;10.32;10.49;3906074;41297972.00
20120321;10.55;10.93;10.40;10.92;3263605;34820068.00
20120322;10.93;11.49;10.93;10.97;5453299;61177728.00
20120323;10.81;11.27;10.69;10.88;3158171;34653648.00
20120326;10.90;11.25;10.71;11.25;2741248;30542128.00
20120327;11.30;11.43;10.80;10.97;2154073;23875780.00
20120328;10.85;10.98;10.13;10.19;2096773;21833794.00
20120329;10.00;10.49;9.75;10.33;1564912;15734163.00
20120330;10.13;10.25;9.31;10.04;5271275;50908412.00
20120405;9.85;10.08;9.61;10.00;2338625;23092954.00
20120406;10.03;10.33;9.90;10.33;2574958;26298620.00
20120409;10.25;10.45;10.08;10.10;1331514;13647303.00
20120410;10.00;10.02;9.51;9.92;1920393;18781614.00
20120411;9.82;9.95;9.68;9.82;1129675;11058748.00
20120412;9.78;10.09;9.78;10.09;1426759;14206202.00
20120413;10.15;10.40;10.05;10.25;1831530;18705984.00
20120416;10.21;10.28;10.02;10.19;1211562;12293035.00
20120417;10.30;10.30;9.92;9.92;983469;9897272.00
20120418;9.94;10.25;9.93;10.23;1113453;11282108.00
20120419;10.23;10.40;10.19;10.40;1819544;18774908.00
20120420;10.99;11.39;10.76;11.03;6384573;70160360.00
20120423;10.96;11.99;10.93;11.58;6379113;73559616.00
20120424;11.43;11.75;11.04;11.69;4837334;54890236.00
20120425;11.58;12.26;11.50;11.92;5335153;63073844.00
20120426;11.95;11.96;11.58;11.62;2874682;33684020.00
20120427;11.62;11.62;11.38;11.48;1852574;21267806.00
20120502;11.63;11.79;11.43;11.68;2217302;25796852.00
20120503;11.69;11.74;11.52;11.73;1644545;19137292.00
20120504;11.73;11.87;11.61;11.77;1990931;23446434.00
20120507;11.70;12.31;11.66;12.20;3665407;44385612.00
20120508;12.20;12.20;11.90;12.09;2223136;26815450.00
20120509;12.00;12.00;11.60;11.60;1985020;23426620.00
20120510;11.60;11.93;11.59;11.83;1526181;17977350.00
20120511;11.83;11.93;11.68;11.68;966355;11402310.00
20120514;11.83;11.85;11.45;11.47;1174819;13680183.00
20120516;11.61;11.99;11.61;11.68;1790651;21123706.00
20120517;11.56;11.78;11.51;11.77;1236494;14430722.00
20120518;11.62;11.84;11.62;11.64;1143285;13394989.00
20120521;11.62;11.72;11.25;11.36;1156259;13188473.00
20120522;11.36;11.51;11.36;11.48;692405;7925855.50
20120523;11.45;11.61;11.32;11.56;957595;11006170.00
20120524;11.77;12.29;11.77;11.92;3904746;46803384.00
20120525;11.84;12.10;11.64;11.77;2061372;24460030.00
20120528;11.76;11.77;11.08;11.77;2141116;24475266.00
20120529;11.78;12.40;11.77;12.39;4055575;49016604.00
20120530;12.30;13.20;12.28;12.81;6115986;77832840.00
20120531;12.63;12.95;12.46;12.70;2585324;32769556.00
20120601;12.68;12.90;12.48;12.63;2119284;26893044.00
20120604;12.38;12.43;11.96;11.99;2161927;26379466.00
20120605;7.01;7.05;6.65;6.68;2402242;16182904.00
20120606;6.70;6.81;6.50;6.59;2015263;13375630.00
20120607;6.70;6.72;6.47;6.51;1882104;12381560.00
20120608;6.62;6.64;6.25;6.37;2216161;14173162.00
20120611;6.30;6.49;6.28;6.45;1533569;9826141.00
20120612;6.40;6.42;6.30;6.31;1269969;8044526.50
20120613;6.40;6.55;6.33;6.54;2182550;14103984.00
20120614;6.52;6.59;6.45;6.45;1685422;10964244.00
20120615;6.45;6.55;6.36;6.52;1400826;9078636.00
20120618;6.54;6.74;6.53;6.64;2208592;14711298.00
20120619;6.65;6.65;6.48;6.49;1553783;10172524.00
20120620;6.49;6.59;6.41;6.45;1497752;9701063.00
20120621;6.46;6.73;6.46;6.64;3815702;25217012.00
20120625;6.56;6.94;6.49;6.87;5471892;37082848.00
20120626;6.78;7.07;6.65;7.01;5373431;36899832.00
20120627;6.97;7.18;6.82;6.82;5554806;38786284.00
20120628;6.75;6.84;6.42;6.42;3556092;23742662.00
20120629;6.37;6.52;6.13;6.42;2543477;16113135.00
20120702;6.50;6.62;6.35;6.41;1883765;12246220.00
20120703;6.45;6.98;6.38;6.91;4934875;33213924.00
20120704;6.83;6.98;6.80;6.91;3694387;25455346.00
20120705;6.97;7.05;6.79;6.85;3543634;24464002.00
20120706;6.85;7.04;6.60;7.00;4694603;32153618.00
20120709;6.91;6.95;6.70;6.70;2614002;17889220.00
20120710;6.66;6.70;6.39;6.40;2610544;16904344.00
20120711;6.64;6.88;6.56;6.70;3085334;20701310.00
20120712;6.70;6.90;6.55;6.86;3307233;22362152.00
20120713;6.83;6.89;6.74;6.79;1764186;12012676.00
20120716;6.91;7.09;6.73;6.74;5001129;34730408.00
20120717;6.38;6.83;6.38;6.79;2010158;13294031.00
20120718;6.80;7.18;6.73;7.16;8024449;56410764.00
20120719;7.11;7.21;7.05;7.09;5687059;40475812.00
20120720;7.10;7.44;7.05;7.21;6763921;49196792.00
20120723;7.15;7.42;7.10;7.15;5598450;40702852.00
20120724;7.00;7.34;6.98;7.34;4792986;34691468.00
20120725;7.25;7.60;7.24;7.35;6683100;49712376.00
20120726;7.25;7.32;7.01;7.05;4796754;34232440.00
20120727;7.03;7.11;6.88;6.98;2592967;18117160.00
20120730;6.98;7.08;6.78;6.94;2108831;14648589.00
20120731;6.85;6.94;6.63;6.72;1683030;11387478.00
20120801;6.80;7.05;6.80;7.01;2863230;19847756.00
20120802;7.00;7.16;6.87;7.03;2496225;17555976.00
20120803;7.03;7.19;6.97;7.18;2792537;19832594.00
20120806;7.18;7.44;7.13;7.36;4459230;32582164.00
20120807;7.32;7.49;7.24;7.43;4461773;32773296.00
20120808;7.41;7.45;7.21;7.36;4218543;30977004.00
20120809;7.39;7.58;7.27;7.52;5885814;43924888.00
20120810;7.50;8.27;7.45;7.97;16259840;130714600.00
20120813;7.96;8.55;7.91;8.09;15569119;127649480.00
20120814;7.94;8.90;7.85;8.90;21330897;182584800.00
20120815;9.09;9.47;8.58;8.65;27732303;250938128.00
20120816;8.41;8.59;8.10;8.25;14232904;118455128.00
20120817;8.18;8.54;8.16;8.29;9855309;82387848.00
20120820;8.10;8.76;7.82;8.65;12337650;102000232.00
20120821;8.51;8.80;8.41;8.52;11353864;97268568.00
20120822;8.44;9.05;8.39;8.79;14316247;125512848.00
20120823;8.72;9.42;8.67;9.19;18796351;171617552.00
20120831;8.65;9.69;8.35;9.35;22202332;201190704.00
20120903;9.02;9.32;8.71;9.04;16096547;145222080.00
20120904;8.90;9.33;8.81;8.93;15137533;137162336.00
20120905;8.73;8.79;8.34;8.41;13795485;117542456.00
20120906;8.43;8.57;8.35;8.57;8851408;74920824.00
20120907;8.61;8.98;8.54;8.78;12353381;108253352.00
20120910;8.80;9.10;8.59;9.07;15181356;133860688.00
20120911;8.90;9.01;8.75;8.82;9339126;82960960.00
20120912;8.94;9.70;8.83;9.70;18835858;177909792.00
20120913;10.10;10.66;9.95;10.15;43057791;441189280.00
20120914;10.00;10.32;9.69;9.69;20946589;207489184.00
20120917;9.64;9.65;9.07;9.21;15485992;143585984.00
20120918;9.25;9.56;9.08;9.35;14105907;131072848.00
20120919;9.31;9.33;9.01;9.14;8326584;76331208.00
20120920;9.12;9.32;8.23;8.23;13559533;118503464.00
20120921;8.18;8.36;7.88;7.94;10306688;83457320.00
20120924;7.83;8.24;7.80;8.19;7180725;58322404.00
20120925;8.17;8.33;8.04;8.19;9142620;75180464.00
20120926;8.11;8.20;7.80;7.95;6426915;51290656.00
20120927;7.95;8.38;7.95;8.23;7456000;60942724.00
20120928;8.23;8.37;8.15;8.34;6391549;52873336.00
20121008;8.33;8.64;8.24;8.45;6832125;57795036.00
20121009;8.51;8.95;8.46;8.89;10345886;90337216.00
20121010;8.79;8.99;8.77;8.87;9570928;85130296.00
20121011;8.88;8.93;8.47;8.50;8194001;71312184.00
20121012;8.54;8.72;8.33;8.61;5015793;43027204.00
20121015;8.68;8.68;8.31;8.56;4395773;37219508.00
20121016;8.57;9.06;8.51;8.94;11130536;98535272.00
20121017;9.14;9.43;8.92;8.95;14708382;134557376.00
20121018;8.96;9.50;8.93;9.35;13527331;125295208.00
20121019;9.32;9.32;9.14;9.16;8162812;75121056.00
20121022;9.03;9.29;8.95;9.24;6728473;61434504.00
20121023;9.24;9.27;8.86;8.88;5690283;51592260.00
20121024;8.73;8.94;8.69;8.73;3970489;35002864.00
20121025;8.75;9.03;8.70;8.80;5573857;49476864.00
20121026;8.80;8.80;8.45;8.50;4573549;39199532.00
20121029;8.58;8.73;8.54;8.62;3184627;27487830.00
20121030;8.61;8.86;8.54;8.77;3917148;34125328.00
20121031;8.71;8.78;8.58;8.78;3004386;26106160.00
20121101;8.79;9.05;8.73;9.04;6484362;58199916.00
20121102;9.06;9.12;8.94;9.00;5128211;46314020.00
20121105;9.02;9.07;8.73;8.86;3750090;33247308.00
20121106;8.90;8.97;8.62;8.75;3005962;26310528.00
20121107;8.73;8.78;8.63;8.67;2397948;20852046.00
20121108;8.56;8.56;7.96;7.98;6749100;55289424.00
20121109;7.93;8.16;7.93;8.01;2582267;20763134.00
20121112;8.04;8.15;7.96;8.05;1821844;14683308.00
20121113;8.08;8.12;7.80;7.82;2426351;19119482.00
20121114;7.82;7.87;7.62;7.74;2285028;17642390.00
20121115;7.73;7.83;7.59;7.61;2219724;17136896.00
20121116;7.59;7.64;7.46;7.58;1481027;11166006.00
20121119;7.58;7.84;7.55;7.80;1913778;14709450.00
20121120;7.83;7.92;7.75;7.76;1841049;14435726.00
20121121;7.74;7.91;7.71;7.91;2079310;16251071.00
20121122;7.88;7.98;7.82;7.89;2330696;18429998.00
20121123;7.87;7.96;7.68;7.68;2310391;18064860.00
20121126;7.60;7.68;7.25;7.25;2535105;18942494.00
20121127;7.20;7.30;6.90;6.90;2780512;19489586.00
20121128;6.90;6.90;6.66;6.75;1955318;13194613.00
20121129;6.78;6.86;6.63;6.68;1411996;9538756.00
20121130;6.72;6.98;6.66;6.87;2220398;15192182.00
20121203;6.87;6.95;6.60;6.72;1952429;13301822.00
20121204;6.72;6.99;6.60;6.95;2735469;18620430.00
20121205;6.86;7.42;6.86;7.32;4821425;34882428.00
20121206;7.24;7.65;7.21;7.54;5268168;39476580.00
20121207;7.54;7.66;7.41;7.66;6147808;46470688.00
20121210;7.65;7.76;7.55;7.68;4831572;37082688.00
20121211;7.60;7.74;7.41;7.54;5502170;41535640.00
20121212;7.49;7.64;7.47;7.62;3383680;25555310.00
20121213;7.62;7.68;7.41;7.42;3308558;24951630.00
20121214;7.45;7.95;7.45;7.77;7330529;56634032.00
20121217;7.86;8.11;7.86;7.89;7529614;59880340.00
20121218;7.87;8.22;7.82;7.98;6436517;51837676.00
20121219;8.01;8.37;8.01;8.16;5525760;45341976.00
20121220;8.19;8.25;8.01;8.24;5121200;41541200.00
20121221;8.16;8.32;8.09;8.11;5142428;42087400.00
20121224;8.10;8.15;7.93;8.10;3725283;29969966.00
20121225;8.12;8.48;8.02;8.38;6887633;57045352.00
20121226;8.45;8.70;8.38;8.67;7341866;62527924.00
20121227;8.49;8.56;8.20;8.21;14820464;123912152.00
20121228;8.15;8.27;8.05;8.26;6036944;49278428.00
20121231;8.25;8.39;8.16;8.35;5509904;45545220.00
20130104;8.35;8.44;8.06;8.12;11024134;90057168.00
20130107;8.08;8.24;8.05;8.20;5269054;43034000.00
20130108;8.19;8.40;8.14;8.35;8386289;69566032.00
20130109;8.32;8.50;8.22;8.32;7988115;66964164.00
20130110;8.28;8.37;8.21;8.30;5609537;46515132.00
20130111;8.31;8.36;8.09;8.14;5408637;44565916.00
20130114;8.11;8.48;8.01;8.43;10026346;83117848.00
20130115;8.39;8.66;8.38;8.59;12091573;103114144.00
20130116;8.52;8.66;8.31;8.45;7347792;62221152.00
20130117;8.44;8.82;8.38;8.74;14414478;124928200.00
20130118;8.78;8.80;8.58;8.79;9687102;84466976.00
20130121;8.79;8.84;8.65;8.70;7310126;63781712.00
20130122;8.66;8.70;8.32;8.40;8018972;68218520.00
20130123;8.29;8.57;8.28;8.48;4796432;40344096.00
20130124;8.43;8.62;8.06;8.16;7655512;64320112.00
20130125;8.11;8.21;8.05;8.09;3384291;27484230.00
20130128;8.04;8.28;8.04;8.26;3668707;30092664.00
20130129;8.28;8.55;8.23;8.51;6365237;53421880.00
20130130;8.50;8.52;8.30;8.41;4233520;35513172.00
20130131;8.45;8.63;8.39;8.52;7118605;60703000.00
20130201;8.59;8.75;8.53;8.55;8373887;72270368.00
20130204;8.52;8.68;8.31;8.58;7599265;64473380.00
20130205;8.44;8.64;8.36;8.55;4705091;39974672.00
20130206;8.58;8.68;8.56;8.65;4877251;42060828.00
20130207;8.64;8.79;8.61;8.76;6648606;58039640.00
20130208;8.82;8.82;8.67;8.71;5658305;49443540.00
20130218;8.76;8.80;8.63;8.67;4979150;43330784.00
20130219;8.70;8.70;8.40;8.43;5132271;43563160.00
20130220;8.37;8.67;8.37;8.63;4725429;40356032.00
20130221;8.56;8.56;8.34;8.37;4844720;40881196.00
20130222;8.38;8.48;8.32;8.33;3417896;28741724.00
20130225;8.31;8.51;8.31;8.49;3126016;26335934.00
20130226;8.44;8.79;8.43;8.61;10771849;93571336.00
20130227;8.70;8.86;8.59;8.86;10304724;90026984.00
20130228;8.97;8.99;8.60;8.92;10952058;96509456.00
20130301;8.85;9.07;8.75;9.02;9709338;86340408.00
20130304;9.07;9.09;8.67;8.77;9371135;83587648.00
20130305;8.74;9.03;8.72;8.98;6192426;54964304.00
20130306;8.95;9.28;8.95;9.14;9454770;86452376.00
20130307;9.10;9.25;8.76;8.93;7324438;66258056.00
20130308;8.93;9.10;8.79;8.83;5095703;45308076.00
20130311;8.80;8.90;8.76;8.82;2803949;24782592.00
20130312;8.82;8.89;8.21;8.36;7323325;62186652.00
20130313;8.34;8.34;8.06;8.15;4338830;35399716.00
20130314;8.13;8.23;8.10;8.14;2363185;19293600.00
20130315;8.15;8.29;8.07;8.14;4003084;32769822.00
20130318;8.10;8.16;7.97;8.06;3483756;28071096.00
20130319;8.05;8.34;8.02;8.29;5582697;45747288.00
20130320;8.25;8.64;8.25;8.64;8645690;73300760.00
20130321;9.50;9.50;9.50;9.50;9674887;91911424.00
20130322;9.59;10.28;9.42;9.86;43307905;426066528.00
20130325;9.95;10.35;9.62;9.70;29461832;294755744.00
20130326;9.51;9.58;9.26;9.41;18009367;169231504.00
20130327;9.38;9.49;9.20;9.44;12521683;117099664.00
20130328;9.34;10.26;9.10;9.90;27214906;265279424.00
20130329;9.74;10.10;9.60;9.69;18166609;178833920.00
20130401;9.67;10.05;9.50;9.83;12007284;118133832.00
20130402;9.99;10.57;9.86;9.96;22820291;232336720.00
20130403;9.93;9.93;9.28;9.30;19125712;182382208.00
20130408;8.99;9.20;8.70;9.15;10486702;94023432.00
20130409;9.35;9.51;9.22;9.33;10141056;94874248.00
20130410;9.32;9.45;9.00;9.21;7784910;72239096.00
20130411;9.25;9.48;9.25;9.31;8255055;77404272.00
20130412;9.33;9.36;8.95;9.02;6759304;61773148.00
20130415;8.93;9.00;8.81;8.91;4850120;43136644.00
20130416;8.80;9.22;8.76;9.20;6579305;59570864.00
20130417;9.22;9.29;9.08;9.25;6181950;56822072.00
20130418;9.20;9.55;9.13;9.51;10356790;97004112.00
20130419;9.42;9.71;9.40;9.57;13099612;125113368.00
20130422;9.39;9.52;9.16;9.33;11091395;103494792.00
20130423;9.18;9.28;8.82;8.84;10898026;98226480.00
20130424;8.80;9.03;8.67;8.90;8959727;79214248.00
20130425;8.82;8.88;8.58;8.58;8084232;70444576.00
20130426;8.69;8.70;8.54;8.56;3482185;29969544.00
20130502;8.50;8.66;8.48;8.59;2224332;19101268.00
20130503;8.61;8.92;8.61;8.86;5880957;51957576.00
20130506;8.91;9.02;8.85;8.97;4723389;42218792.00
20130507;8.97;8.98;8.76;8.82;4883359;43194572.00
20130508;8.90;9.08;8.80;9.08;8575073;76888848.00
20130509;9.06;9.06;8.86;8.96;6172650;55255648.00
20130510;8.93;9.05;8.77;9.03;8528007;75983072.00
20130513;9.09;9.09;8.87;8.93;4822139;43117228.00
20130514;8.92;8.99;8.66;8.72;4914743;43239208.00
20130515;8.67;8.79;8.65;8.76;3359050;29340986.00
20130516;8.73;8.98;8.70;8.97;6888033;61237188.00
20130517;8.97;9.31;8.93;9.22;10232823;93254720.00
20130520;9.18;9.40;9.10;9.40;12281223;113982032.00
20130521;9.39;9.46;9.20;9.41;9542216;88898744.00
20130522;9.42;9.53;9.21;9.33;8257380;77427528.00
20130523;9.49;9.88;9.49;9.61;18747763;181814784.00
20130524;9.52;9.74;9.51;9.70;11155137;107732360.00
20130527;9.60;10.05;9.56;10.05;13810549;134780752.00
20130528;9.99;10.25;9.86;9.91;15277519;153293440.00
20130529;9.86;9.87;9.66;9.78;9843413;95976920.00
20130530;9.70;9.85;9.67;9.78;5733418;55961528.00
20130531;9.79;9.86;9.64;9.64;7091571;69020072.00
20130603;9.60;9.64;9.38;9.42;7031981;66659228.00
20130604;9.47;9.63;9.38;9.48;6599046;62698192.00
20130605;9.50;9.85;9.49;9.84;10155759;98927616.00
20130606;9.80;9.84;9.47;9.48;6916309;66579224.00
20130607;9.47;9.52;9.02;9.09;7276158;67228808.00
20130613;8.95;8.95;8.50;8.68;4965008;42899140.00
20130614;8.68;8.84;8.62;8.79;3893941;34070528.00
20130617;8.80;8.93;8.72;8.73;5335592;46970700.00
20130618;8.72;8.83;8.53;8.66;3540445;30692578.00
20130619;8.64;8.64;8.32;8.57;4569137;38571620.00
20130620;8.50;8.75;8.40;8.40;4194806;35914804.00
20130621;8.25;8.54;8.21;8.42;3507132;29480474.00
20130624;8.60;8.89;8.12;8.45;8665525;74746944.00
20130625;8.13;8.45;7.61;8.18;8496569;67823576.00
20130626;8.21;8.38;8.10;8.35;5355114;44342764.00
20130627;8.40;8.56;8.08;8.09;5157844;43094856.00
20130628;8.05;8.21;7.82;7.97;3409036;27319616.00
20130701;8.00;8.10;7.86;8.08;2708775;21675064.00
20130702;8.08;8.23;8.03;8.22;3291348;26780760.00
20130703;8.18;8.18;7.84;7.99;4225239;33683152.00
20130704;7.90;8.20;7.78;8.15;5264799;42380392.00
20130705;8.03;8.16;7.99;7.99;4471830;36101968.00
20130708;7.78;7.79;7.34;7.34;4329571;32851446.00
20130709;7.40;7.56;7.32;7.46;2727843;20296818.00
20130710;7.40;7.71;7.40;7.68;3651217;27740134.00
20130711;7.70;7.95;7.63;7.86;5310947;41609400.00
20130712;7.80;7.98;7.71;7.72;3980003;31231134.00
20130715;7.77;7.96;7.73;7.93;3867926;30420922.00
20130716;7.91;8.04;7.88;8.04;4266295;34023712.00
20130717;8.02;8.06;7.78;7.81;4285526;33885972.00
20130718;7.78;7.86;7.75;7.77;2505754;19546012.00
20130719;7.77;7.85;7.45;7.46;3326813;25596798.00
20130722;7.46;7.70;7.46;7.62;2801364;21289016.00
20130723;7.66;7.88;7.60;7.86;3926660;30536322.00
20130724;7.86;7.95;7.68;7.90;4064244;31749324.00
20130725;7.91;7.93;7.70;7.78;3285961;25621012.00
20130726;7.79;7.96;7.75;7.95;3617011;28431342.00
20130729;7.90;7.95;7.74;7.78;3017870;23627394.00
20130730;7.80;8.11;7.68;8.04;6185418;49212624.00
20130731;8.05;8.17;7.97;8.10;5767369;46579900.00
20130801;8.50;8.68;8.28;8.36;11817734;99278952.00
20130802;8.38;8.68;8.32;8.49;10753429;91718920.00
20130805;8.39;8.60;8.35;8.47;6535570;55442668.00
20130806;8.49;8.49;8.28;8.40;6243225;52306992.00
20130807;8.36;8.43;8.23;8.28;5310210;44253292.00
20130808;8.23;8.35;8.20;8.24;3178304;26283534.00
20130809;8.27;8.36;8.17;8.35;4083562;33804772.00
20130812;8.35;8.47;8.30;8.47;5070461;42628772.00
20130813;8.49;8.53;8.43;8.47;3763085;31897372.00
20130814;8.46;8.49;8.25;8.27;4737178;39603900.00
20130815;8.28;8.32;8.20;8.21;2682618;22148026.00
20130816;8.16;8.34;8.05;8.05;3582591;29321308.00
20130819;8.00;8.16;7.96;8.16;2245995;18124626.00
20130820;8.11;8.20;8.01;8.12;2871968;23308414.00
20130821;8.10;8.24;8.03;8.21;2674120;21771064.00
20130822;8.20;8.24;8.14;8.16;2022783;16555112.00
20130823;8.22;8.30;8.06;8.28;3904029;32069222.00
20130826;8.31;8.39;8.27;8.38;4058317;33901252.00
20130827;8.39;8.46;8.30;8.41;4424373;37096484.00
20130828;8.38;8.44;8.27;8.35;3599931;30079966.00
20130829;8.47;8.52;8.35;8.44;4362298;36756524.00
20130830;8.43;8.55;8.36;8.45;5633216;47713728.00
20130902;8.48;8.88;8.42;8.80;11265369;98674960.00
20130903;8.73;9.20;8.73;9.20;17102814;153913984.00
20130904;9.18;9.65;8.96;9.30;20843897;193982368.00
20130905;9.50;9.55;9.01;9.06;13767307;127548832.00
20130906;9.02;9.30;8.80;9.10;10423721;93871944.00
20130909;9.16;9.19;8.90;9.05;8349270;75277584.00
20130910;9.05;9.16;8.96;9.10;7505520;68027264.00
20130911;9.05;9.45;9.04;9.22;10040453;92878672.00
20130912;9.18;9.18;8.93;9.02;5671948;51306512.00
20130913;9.00;9.04;8.84;8.90;4116203;36725924.00
20130916;8.90;9.17;8.88;9.08;4039763;36482228.00
20130917;9.21;9.24;8.91;8.92;5132822;46522120.00
20130918;8.90;9.10;8.82;9.07;3735063;33440020.00
20130923;9.05;9.22;9.00;9.17;6147549;56157540.00
20130924;9.17;9.18;9.03;9.09;4314798;39167576.00
20130925;9.09;9.09;8.87;8.89;4746201;42494252.00
20130926;8.89;9.10;8.88;8.96;4242139;38249560.00
20130927;8.96;9.09;8.85;9.06;2942052;26445768.00
20130930;9.09;9.11;8.92;9.04;2963287;26744298.00
20131008;9.03;9.20;8.85;9.15;5530208;50234272.00
20131009;9.16;9.28;9.11;9.16;5213666;47870288.00
20131010;7.55;7.57;7.28;7.29;5779128;42691628.00
20131011;7.31;7.55;7.31;7.50;5372450;40079748.00
20131014;7.49;7.96;7.42;7.89;14467376;111724024.00
20131015;7.80;7.91;7.69;7.80;9166376;71266600.00
20131016;7.74;8.30;7.56;8.17;23143431;185853664.00
20131017;8.15;8.41;8.02;8.08;15837193;130520288.00
20131018;8.10;8.19;7.92;7.94;7111361;57157432.00
20131021;8.06;8.34;8.01;8.29;12342071;101164432.00
20131022;8.40;8.45;8.10;8.32;13887808;114802392.00
20131023;8.41;8.41;8.02;8.04;11159091;91736928.00
20131024;8.00;8.16;7.80;7.87;5622272;44613012.00
20131025;7.82;7.92;7.50;7.62;5842016;45000968.00
20131028;7.62;7.86;7.62;7.79;5845029;45521756.00
20131029;7.88;7.92;7.28;7.57;6254206;47166744.00
20131030;7.64;8.15;7.60;8.13;10067991;79666240.00
20131031;8.03;8.23;7.89;8.01;6657160;53470764.00
20131101;7.87;8.09;7.65;7.71;7113913;55174716.00
20131104;7.72;7.96;7.71;7.81;4020302;31450594.00
20131105;7.81;8.32;7.70;8.17;15728896;127796680.00
20131106;8.10;8.86;8.03;8.33;24818929;208445280.00
20131107;8.20;8.32;7.98;8.03;12233744;99563344.00
20131108;7.99;8.03;7.75;7.85;7247447;56989044.00
20131111;7.85;8.14;7.73;8.10;5843231;46620788.00
20131112;8.10;8.24;7.96;8.15;7800022;63182732.00
20131113;8.06;8.07;7.65;7.68;7571748;59298904.00
20131114;7.66;7.81;7.61;7.78;4549871;35138864.00
20131115;7.78;7.97;7.73;7.83;6440122;50692848.00
20131118;7.86;8.07;7.86;8.03;6927119;55377052.00
20131119;8.08;8.13;7.98;8.05;6090273;49123292.00
20131120;8.04;8.80;8.01;8.40;17511705;145463568.00
20131121;8.25;8.69;8.07;8.49;26017939;216923776.00
20131122;8.40;8.42;8.13;8.16;19242255;159029760.00
20131125;8.98;8.98;8.50;8.85;61536754;541515840.00
20131126;8.64;8.77;8.46;8.59;32109675;276048576.00
20131127;8.57;8.72;8.46;8.65;28645476;246309728.00
20131128;8.62;8.69;8.48;8.52;17495719;149952912.00
20131129;8.56;8.75;8.49;8.65;18951475;163667072.00
20131202;8.39;8.48;7.81;7.90;18183029;148261680.00
20131203;7.85;8.10;7.80;8.01;8746126;69806216.00
20131204;8.01;8.19;8.00;8.10;11906122;96671024.00
20131205;8.10;8.13;8.05;8.10;6335968;51247112.00
20131206;8.10;8.16;8.02;8.07;6267853;50619748.00
20131209;8.20;8.31;8.16;8.20;7754403;63724880.00
20131210;8.21;8.26;8.09;8.12;6177083;50396720.00
20131211;8.12;8.15;7.88;7.99;7550784;60245236.00
20131212;7.96;8.05;7.93;8.00;4778116;38239640.00
20131213;7.94;8.07;7.89;8.04;4352809;34836708.00
20131216;8.06;8.10;7.85;7.85;5558873;44179112.00
20131217;7.82;7.85;7.74;7.74;4588671;35728928.00
20131218;7.75;7.84;7.71;7.77;3955380;30768922.00
20131219;7.78;7.86;7.68;7.70;3389075;26348342.00
20131220;7.69;7.76;7.49;7.55;4341080;32987616.00
20131223;7.58;7.77;7.39;7.73;4451509;33666100.00
20131224;7.65;7.75;7.60;7.68;4313591;33117932.00
20131225;7.73;7.84;7.71;7.76;4819716;37443416.00
20131226;7.78;7.79;7.50;7.51;4344272;32991044.00
20131227;7.53;7.67;7.46;7.64;3460348;26265458.00
20131230;7.71;7.73;7.63;7.65;2345011;17975456.00
20131231;7.65;7.67;7.55;7.58;3067384;23316500.00
20140102;7.59;7.68;7.56;7.68;3395173;25934422.00
20140103;7.64;7.74;7.63;7.74;4502809;34683476.00
20140106;7.72;7.73;7.51;7.52;3373266;25587580.00
20140107;7.46;7.58;7.45;7.48;2574850;19332154.00
20140108;7.48;7.58;7.42;7.43;2882020;21547208.00
20140109;7.43;7.45;7.16;7.18;5136259;37683268.00
20140110;7.20;7.28;7.12;7.15;3942128;28406692.00
20140113;7.14;7.25;7.12;7.17;2762857;19810976.00
20140114;7.36;7.36;7.18;7.30;2274872;16495482.00
20140115;7.30;7.31;7.18;7.26;2737511;19804608.00
20140116;7.24;7.34;7.23;7.30;2622233;19119892.00
20140117;7.27;7.27;7.13;7.13;2553884;18316982.00
20140120;7.16;7.17;7.02;7.05;2542177;18011712.00
20140121;7.03;7.15;7.03;7.11;2009875;14281729.00
20140122;7.12;7.34;7.07;7.34;4439327;32226736.00
20140123;7.35;7.42;7.30;7.34;4027519;29597480.00
20140124;7.30;7.45;7.25;7.40;3680176;27149414.00
20140127;7.38;7.38;7.30;7.30;3005378;22043576.00
20140128;7.34;7.41;7.27;7.34;2441622;17903548.00
20140129;7.27;7.33;7.24;7.26;3347638;24310286.00
20140130;7.26;7.34;7.24;7.26;2302486;16772939.00
20140207;7.23;7.38;7.15;7.37;2466174;17982104.00
20140210;7.37;7.59;7.35;7.56;6547879;49137144.00
20140211;7.56;7.60;7.45;7.54;5866324;44188568.00
20140212;7.54;7.65;7.48;7.64;5816700;44083520.00
20140213;7.62;7.82;7.55;7.56;7972103;61267792.00
20140214;7.53;7.74;7.51;7.69;6060739;46383312.00
20140217;7.83;7.95;7.73;7.84;9334544;72979400.00
20140218;7.84;7.84;7.71;7.74;6455919;50107668.00
20140219;7.71;7.88;7.71;7.86;8013771;62654200.00
20140220;7.98;8.25;7.93;7.94;18232799;147011888.00
20140221;7.95;8.08;7.61;7.75;10396898;81211096.00
20140224;7.68;8.04;7.52;8.02;10526466;82281048.00
20140225;8.00;8.26;7.73;7.85;24616378;199486208.00
20140226;7.68;7.87;7.43;7.85;9186908;70403784.00
20140227;7.84;8.10;7.66;7.91;12457980;98315448.00
20140228;7.88;7.88;7.59;7.79;8469575;65538156.00
20140303;7.76;7.93;7.66;7.90;10017873;78252344.00
20140304;7.80;7.92;7.70;7.90;7095831;55428776.00
20140305;7.88;8.03;7.85;8.01;9593929;76455648.00
20140306;8.00;8.00;7.80;7.86;5774613;45507832.00
20140307;7.87;7.92;7.60;7.67;7553977;58471280.00
20140310;7.56;7.59;7.26;7.28;5732521;42502932.00
20140311;7.28;7.37;7.21;7.30;3511558;25574462.00
20140312;7.28;7.32;7.11;7.22;4864246;35184064.00
20140313;7.20;7.30;7.19;7.29;3094737;22444126.00
20140314;7.28;7.28;7.11;7.16;3066298;22049832.00
20140317;7.21;7.47;7.21;7.39;5001605;36743348.00
20140318;7.38;7.41;7.30;7.32;3821763;28037756.00
20140319;7.32;7.33;7.20;7.29;2778897;20136388.00
20140320;7.27;7.32;7.16;7.17;4068015;29487368.00
20140321;7.27;7.40;7.20;7.36;5732231;41856536.00
20140324;7.33;7.42;7.30;7.37;4469812;32944276.00
20140325;7.38;7.41;7.34;7.38;3791025;27961086.00
20140326;7.40;7.40;7.28;7.31;3664241;26848234.00
20140327;7.31;7.31;7.21;7.21;2844731;20627098.00
20140328;7.21;7.25;7.11;7.13;2898834;20780120.00
20140331;7.16;7.16;7.04;7.11;2054293;14558386.00
20140401;7.10;7.20;7.10;7.20;1812490;12994240.00
20140402;7.20;7.25;7.17;7.19;1855632;13359285.00
20140403;7.19;7.23;7.15;7.17;1668995;11984074.00
20140404;7.17;7.26;7.16;7.25;2383061;17193716.00
20140408;7.20;7.31;7.19;7.29;3378148;24558238.00
20140409;7.27;7.32;7.26;7.31;2692029;19623690.00
20140410;7.34;7.37;7.28;7.33;4146629;30364250.00
20140411;7.34;7.34;7.22;7.24;3739949;27155566.00
20140414;7.28;7.36;7.27;7.35;3476948;25444100.00
20140415;7.36;7.36;7.26;7.27;2557435;18680380.00
20140416;7.26;7.38;7.23;7.34;3845049;28105768.00
20140417;7.35;7.65;7.28;7.57;11460176;85486880.00
20140418;7.48;7.58;7.41;7.52;9839944;73498424.00
20140421;7.45;7.45;7.18;7.20;7636491;55891036.00
20140422;7.16;7.21;7.09;7.16;3767596;26893594.00
20140423;7.13;7.16;7.04;7.07;4752042;33707544.00
20140424;7.09;7.09;6.94;6.95;4469377;31438980.00
20140425;6.99;7.00;6.68;6.75;6736225;45849524.00
20140428;6.76;6.78;6.62;6.71;2858164;19111282.00
20140429;6.60;6.82;6.57;6.81;3476784;23289688.00
20140430;6.78;6.83;6.73;6.83;2895655;19605892.00
20140505;6.83;6.85;6.74;6.82;1826056;12405420.00
20140506;6.78;6.92;6.78;6.81;3637393;24864906.00
20140507;6.80;6.80;6.64;6.67;2359521;15817966.00
20140508;6.67;6.85;6.63;6.75;3230627;21932046.00
20140509;6.78;7.43;6.76;7.14;21390500;151241312.00
20140617;7.16;7.58;7.06;7.31;32006884;233809952.00
20140618;7.27;7.28;6.96;7.10;13188384;93321496.00
20140619;7.03;7.08;6.71;6.85;6850596;47440088.00
20140620;5.62;5.67;5.50;5.60;4223038;23640228.00
20140623;5.60;5.61;5.49;5.51;6830289;37775304.00
20140624;5.51;5.57;5.47;5.53;4024365;22239780.00
20140625;5.52;5.62;5.40;5.60;8457604;46429852.00
20140626;5.74;5.86;5.65;5.66;12669086;72934512.00
20140627;5.61;5.72;5.57;5.68;7285915;41147948.00
20140630;5.69;5.74;5.65;5.69;6361486;36196572.00
20140701;5.76;5.78;5.68;5.72;5909141;33777676.00
20140702;5.72;5.72;5.59;5.67;9721054;54870932.00
20140703;5.66;5.78;5.61;5.76;11237763;64477164.00
20140704;5.76;5.77;5.67;5.73;6922712;39517724.00
20140707;5.72;5.72;5.61;5.63;5974104;33770292.00
20140708;5.61;5.71;5.60;5.71;8135611;45923584.00
20140709;5.68;5.71;5.60;5.63;6549864;36910608.00
20140710;5.62;5.79;5.54;5.79;15603080;89034392.00
20140711;5.80;5.97;5.74;5.80;20399317;118903368.00
20140714;5.75;5.84;5.69;5.84;10566762;60874360.00
20140715;5.84;5.84;5.75;5.79;6130535;35471356.00
20140716;5.79;5.99;5.75;5.83;12372743;72779608.00
20140717;5.80;5.82;5.69;5.77;4785792;27528454.00
20140718;5.73;5.79;5.70;5.71;5606263;32194712.00
20140721;5.71;5.74;5.63;5.64;4198622;23770244.00
20140722;5.63;5.75;5.59;5.74;5648278;32135906.00
20140723;5.72;5.73;5.56;5.61;5742581;32429230.00
20140724;5.61;5.67;5.60;5.63;5063106;28507720.00
20140725;5.63;5.72;5.61;5.70;4885292;27743056.00
20140728;5.70;5.81;5.69;5.80;8549384;49301076.00
20140729;5.80;5.84;5.76;5.82;8344329;48474492.00
20140730;5.85;5.93;5.83;5.87;13873400;81544288.00
20140731;5.90;5.92;5.83;5.88;7203595;42237708.00
20140801;5.88;6.02;5.86;5.89;15432371;91649816.00
20140804;5.92;5.99;5.87;5.96;8335168;49546468.00
20140805;5.98;6.01;5.91;6.01;11354759;67668376.00
20140806;6.02;6.11;6.00;6.07;12928619;78345952.00
20140807;6.08;6.09;5.90;5.93;10691427;64193376.00
20140808;5.89;5.97;5.87;5.95;7100166;42070436.00
20140811;5.97;6.03;5.93;6.01;8460284;50612660.00
20140812;5.99;6.08;5.98;6.07;11866382;71596408.00
20140813;6.08;6.12;6.03;6.11;14779471;89831944.00
20140814;6.11;6.35;6.09;6.20;24107395;150397184.00
20140815;6.30;6.40;6.23;6.32;26896003;169672464.00
20141110;6.95;6.95;6.71;6.95;30310071;209441824.00
20141111;7.20;7.44;6.82;6.99;72063257;515143072.00
20141112;6.95;6.95;6.68;6.85;27171449;184601024.00
20141113;6.82;6.83;6.55;6.60;21722425;144409552.00
20141114;6.55;6.66;6.52;6.60;13082098;86279208.00
20141117;6.65;6.89;6.56;6.83;22615507;152703200.00
20141118;6.76;6.94;6.68;6.83;15687988;106651248.00
20141119;6.84;6.93;6.74;6.87;13037826;89405528.00
20141120;6.85;7.08;6.78;7.02;21424415;148820064.00
20141121;6.97;7.05;6.92;6.96;13604447;94962496.00
20141124;7.03;7.05;6.84;6.87;19078530;131788360.00
20141125;6.88;7.13;6.72;7.01;28458461;198436656.00
20141126;6.96;7.16;6.89;7.00;22886594;160829952.00
20141127;7.06;7.19;7.00;7.07;19572898;138928592.00
20141128;7.05;7.13;6.96;7.10;16303029;114775512.00
20141201;7.07;7.09;6.84;6.84;14997412;104322344.00
20141202;6.80;7.09;6.79;6.91;16403005;113638088.00
20141203;6.91;6.99;6.86;6.97;14063511;97261008.00
20141204;6.98;7.10;6.92;7.05;21006239;147244432.00
20141205;7.11;7.14;6.67;6.83;22528814;154855264.00
20141208;6.80;6.85;6.70;6.79;13109964;88822032.00
20141209;6.64;6.70;6.41;6.41;23794786;156031424.00
20141210;6.39;6.67;6.36;6.67;11937920;78016072.00
20141211;6.60;6.87;6.57;6.80;15559810;104051504.00
20141212;6.80;7.10;6.68;7.00;23938531;164997728.00
20141215;6.96;7.05;6.92;6.96;12467670;87110752.00
20141216;6.99;7.06;6.90;6.99;12092120;84412320.00
20141217;7.02;7.03;6.70;6.73;13801725;94144432.00
20141218;6.76;6.90;6.69;6.70;8316158;56239464.00
20141219;6.70;6.76;6.53;6.64;7957291;52841324.00
20141222;6.61;6.65;6.38;6.42;10047221;64934732.00
20141223;6.40;6.62;6.38;6.43;6466511;42138684.00
20141224;6.50;6.81;6.45;6.81;13787965;92057328.00
20141225;6.76;6.87;6.70;6.83;11808121;79834256.00
20141226;6.79;6.82;6.60;6.65;14058152;93919328.00
20141229;6.60;6.64;6.42;6.42;14225643;92388824.00
20141230;6.48;6.54;6.28;6.31;9176925;58494896.00
20141231;6.31;6.52;6.31;6.44;6846361;44005684.00
20150105;6.45;6.71;6.42;6.59;12499164;82664128.00
20150106;6.60;6.64;6.50;6.60;12014193;78773512.00
20150107;6.58;6.64;6.52;6.61;8654502;56860632.00
20150108;6.61;6.81;6.57;6.77;18526815;124624592.00
20150109;6.75;6.80;6.60;6.61;8792117;59108876.00
20150112;6.61;6.61;6.28;6.30;15247923;97553016.00
20150113;6.32;6.43;6.32;6.42;4687399;29922654.00
20150114;6.46;6.51;6.32;6.43;4927684;31574410.00
20150115;6.42;6.47;6.36;6.43;4748022;30408152.00
20150116;6.46;6.69;6.40;6.54;9601662;62744516.00
20150119;6.44;6.74;6.31;6.52;10929732;71131352.00
20150120;6.48;6.84;6.48;6.78;20768094;139544512.00
20150121;6.77;6.83;6.68;6.81;20156868;136271728.00
20150122;6.78;7.08;6.73;6.99;26061647;180858720.00
20150123;6.95;7.17;6.90;6.97;20138051;141577328.00
20150126;6.97;7.19;6.93;7.12;19094415;135881328.00
20150127;7.09;7.09;6.93;7.00;14515569;101641848.00
20150128;6.97;7.10;6.90;7.03;14631911;102317824.00
20150129;6.95;7.29;6.91;7.15;24808769;177852784.00
20150130;7.22;7.35;7.03;7.05;20748508;150007632.00
20150202;6.98;7.18;6.89;7.00;12150034;85647120.00
20150203;7.01;7.11;6.92;7.03;9711306;68104824.00
20150204;7.04;7.13;6.97;7.05;7512482;52942012.00
20150205;7.06;7.15;6.81;6.88;21274090;147385648.00
20150206;6.84;6.87;6.55;6.58;12600154;83947592.00
20150209;6.52;6.66;6.45;6.54;5999312;39426452.00
20150210;6.54;6.61;6.53;6.60;5942422;39045480.00
20150211;6.63;6.71;6.57;6.65;5343553;35560912.00
20150212;6.65;6.76;6.62;6.64;7805299;52184544.00
20150213;6.67;6.88;6.64;6.79;13330491;90046416.00
20150216;6.81;7.05;6.81;7.00;15302407;106963816.00
20150217;7.01;7.15;7.01;7.10;12198130;86497320.00
20150225;7.14;7.27;6.98;7.06;13596053;96534920.00
20150226;7.00;7.18;6.99;7.13;11228716;79903032.00
20150227;7.19;7.82;7.13;7.67;41333232;309935424.00
20150302;7.65;7.88;7.58;7.73;28401073;219973056.00
20150303;7.73;7.95;7.66;7.71;21701012;168563936.00
20150304;7.70;7.98;7.68;7.95;18311453;143896544.00
20150305;7.90;8.47;7.86;8.22;27564913;227277936.00
20150306;8.25;8.35;8.01;8.11;17056838;138157216.00
20150309;8.05;8.40;8.03;8.16;16456119;135360784.00
20150310;8.18;8.27;8.11;8.20;9889770;81049568.00
20150311;8.20;8.66;8.20;8.43;16019361;135538640.00
20150312;8.43;8.77;8.11;8.70;24248089;205139184.00
20150313;8.80;9.53;8.80;9.46;35037427;322542560.00
20150316;9.46;9.70;9.20;9.56;30545350;289645632.00
20150317;9.56;9.59;9.30;9.41;24077403;226185232.00
20150318;9.38;9.87;9.31;9.50;18866234;180503200.00
20150319;9.56;9.69;9.35;9.69;16112096;153118304.00
20150320;9.70;9.88;9.56;9.71;13281316;129492208.00
20150323;9.73;9.94;9.65;9.80;15930760;155596144.00
20150324;9.75;9.77;9.10;9.41;23224279;220206112.00
20150325;9.42;9.48;9.10;9.33;18878407;174420032.00
20150326;9.27;9.46;9.13;9.22;14677143;135704560.00
20150327;9.30;10.10;9.23;9.90;23183641;225237968.00
20150330;10.06;10.62;10.06;10.36;23042344;240427344.00
20150331;10.40;10.54;10.19;10.34;17075161;176149776.00
20150401;10.39;10.65;10.29;10.55;13348988;140468976.00
20150402;10.62;11.20;10.62;10.97;18698176;205004352.00
20150403;10.97;11.35;10.77;11.15;14077206;157148560.00
20150407;11.14;11.40;10.92;11.30;20636881;228962240.00
20150408;11.15;11.25;10.70;10.85;19518393;213515184.00
20150409;10.90;10.91;9.80;10.63;26508184;275965920.00
20150410;10.55;10.88;10.38;10.81;16621493;178751584.00
20150413;10.81;11.33;10.58;11.14;25023580;273674144.00
20150414;11.10;11.83;11.07;11.68;27896275;323015968.00
20150415;11.68;12.54;11.50;12.03;33034273;398407296.00
20150416;11.80;12.59;11.60;12.54;24423458;299687072.00
20150417;12.45;13.79;12.44;13.49;39882529;530566176.00
20150420;13.47;14.55;13.10;14.20;46755734;647619008.00
20150421;14.06;15.21;13.60;13.89;46654757;663405696.00
20150422;13.90;15.28;13.90;15.28;58062318;838905536.00
20150423;15.20;16.81;14.51;16.70;54077786;844240896.00
20150424;16.18;17.66;15.84;17.40;48232461;825934400.00
20150427;17.30;18.00;16.31;17.04;43968971;745542336.00
20150428;17.02;17.02;15.34;15.34;55050220;869196224.00
20150429;15.03;15.99;14.64;15.71;38615422;590765184.00
20150430;15.63;15.71;15.01;15.06;26356155;401200928.00
20150504;15.21;15.66;15.06;15.20;30464084;470030624.00
20150505;15.66;16.45;15.50;15.51;51497643;813283456.00
20150506;15.71;15.99;14.92;15.58;32758116;510681728.00
20150507;15.05;15.48;14.06;14.10;25442825;373995968.00
20150508;14.08;14.55;14.00;14.39;27869918;398337344.00
20150511;14.83;15.55;14.56;15.29;32390585;488839200.00
20150512;15.29;15.68;14.90;15.42;37586500;576718464.00
20150513;15.43;15.43;14.89;15.07;23822055;361508128.00
20150514;15.06;16.55;14.47;16.19;56105167;865886528.00
20150515;16.00;16.49;15.48;15.95;37158927;593555520.00
20150713;14.27;16.70;14.27;15.74;137313660;2102096384.00
20150714;14.65;15.49;14.17;14.17;77884214;1140132736.00
20150715;12.75;13.33;12.75;12.75;12960712;165687680.00
20150716;11.48;12.50;11.48;11.48;72417578;846228608.00
20150717;11.60;12.54;11.60;12.19;46381924;558575296.00
20150720;12.31;13.32;11.50;13.15;59813648;739145408.00
20150721;13.10;14.13;12.69;13.86;51341333;701040576.00
20150722;13.66;14.37;13.51;14.01;44955275;626738240.00
20150723;13.75;14.44;13.72;14.15;36086287;508776416.00
20150724;14.25;15.37;14.25;14.65;52603405;781789440.00
20150727;14.25;15.75;13.35;13.70;56223526;838192320.00
20150728;13.11;14.33;12.33;13.40;45518054;601616256.00
20150729;13.20;14.19;12.78;13.93;40860985;551637312.00
20150730;14.53;14.90;13.80;14.02;43457254;632526912.00
20150731;13.80;14.19;12.62;12.99;36185257;484116032.00
20150803;12.80;12.80;11.69;11.69;27751351;333859232.00
20150804;11.48;12.59;10.56;12.58;40546002;472171872.00
20150805;12.28;13.30;12.11;12.81;37146370;476140896.00
20150806;12.52;13.02;12.28;12.40;21136438;267782752.00
20150807;12.57;13.64;12.57;13.61;41374784;547806272.00
20150810;13.75;14.97;13.75;14.97;42622472;622842432.00
20150811;15.50;16.15;15.02;15.29;46668234;726401280.00
20150812;15.00;15.85;14.75;14.75;35114764;531978752.00
20150813;14.59;15.72;14.55;15.70;39110649;596446464.00
20150814;16.01;16.46;15.60;15.72;36583191;584131200.00
20150817;15.73;16.55;15.48;16.09;28002300;450828672.00
20150818;16.36;17.20;14.48;14.48;57271560;913097152.00
20150819;13.80;15.93;13.80;15.93;57055832;856138880.00
20150820;15.98;16.73;15.30;15.57;47531755;772510848.00
20150821;15.18;15.48;14.10;14.13;32158172;471488736.00
20150824;12.76;13.45;12.72;12.72;12669600;162711280.00
20150825;11.45;11.45;11.45;11.45;3759100;43041696.00
20151125;12.60;12.60;12.60;12.60;1855904;23384390.00
20151126;13.86;13.86;13.86;13.86;542076;7513173.50
20151127;14.80;14.80;12.47;13.12;69316053;967101888.00
20151130;13.30;14.43;12.00;14.08;55487801;734634688.00
20151201;15.49;15.49;15.01;15.49;33818357;522902208.00
20151202;15.90;16.34;14.50;15.80;62481174;981949632.00
20151203;15.79;17.38;15.79;17.38;48327222;821530496.00
20151204;18.15;18.15;16.86;17.54;51754453;908463424.00
20151207;17.01;18.58;16.80;18.50;46773429;821820160.00
20151208;18.10;18.78;17.43;17.60;28390098;511955808.00
20151209;17.30;17.89;16.78;17.08;25473670;438884096.00
20151210;17.15;18.70;17.00;17.18;39365681;701342592.00
20151211;16.98;17.39;16.70;16.86;18899941;321351296.00
20151214;16.60;16.94;15.85;16.68;19897181;325497216.00
20151215;16.96;17.48;16.71;16.86;21393575;366257568.00
20151216;17.09;17.85;16.76;16.98;23189696;397930688.00
20151217;17.07;18.68;17.00;18.68;36857859;653309440.00
20151218;19.00;19.45;18.30;18.59;32570979;615542720.00
20151221;18.39;19.24;17.98;18.86;28488602;531466304.00
20151222;19.00;20.35;18.64;19.86;30500281;596044480.00
20151223;19.93;20.16;19.21;19.29;21331989;418589536.00
20151224;19.20;19.25;18.29;18.48;22794696;425779072.00
20151225;18.51;19.01;18.12;18.97;21517069;399680256.00
20151228;18.90;19.40;17.85;17.94;25665693;477498784.00
20151229;17.96;18.19;17.10;17.42;21562747;376867360.00
20151230;17.59;17.98;17.18;17.82;18082303;316873856.00
20151231;17.80;18.69;17.76;17.78;17300058;314034976.00
20160104;17.80;18.35;16.00;16.13;16245125;276741760.00
20160105;15.08;16.69;15.00;15.94;23783048;378661664.00
20160106;16.10;16.70;16.02;16.40;16154129;264316432.00
20160107;16.00;16.17;14.76;14.76;4052600;62163508.00
20160108;15.50;15.99;13.36;15.59;26365480;398861184.00
20160111;14.95;15.84;14.03;14.03;27687247;409409344.00
20160112;15.10;15.10;12.75;13.60;29784081;407834496.00
20160113;13.64;13.78;12.38;12.41;20468734;267516656.00
20160114;11.80;13.06;11.60;12.93;18140632;224503024.00
20160115;12.73;13.05;11.64;11.70;17070103;209143520.00
20160127;10.62;11.30;10.53;10.53;19024541;202091536.00
20160128;10.35;10.47;9.48;9.48;22339847;221220144.00
20160129;9.18;10.09;8.78;9.85;25318807;240395904.00
20160201;9.68;9.96;9.20;9.34;13615889;131409312.00
20160202;9.36;10.27;9.36;10.27;19998064;200392528.00
20160203;10.09;11.04;10.03;10.75;25713566;271706080.00
20160204;10.75;11.83;10.65;11.83;23303197;264057024.00
20160205;12.00;12.36;11.51;11.52;18655050;222800272.00
20160215;11.03;11.39;10.60;11.15;14321196;157899104.00
20160216;11.20;11.90;11.20;11.79;15397047;178970320.00
20160217;11.70;11.79;11.09;11.60;19900699;228335376.00
20160218;11.65;12.30;11.58;11.76;21346035;254037552.00
20160219;11.64;11.81;11.42;11.64;10604756;122928768.00
20160222;11.87;12.27;11.81;12.14;17915444;215536064.00
20160223;12.22;12.22;11.60;11.82;11474734;136541840.00
20160224;11.74;12.05;11.35;11.60;14443820;167783072.00
20160225;11.60;11.60;10.44;10.44;19239537;206927120.00
20160226;10.48;10.60;9.51;9.86;26657177;265769808.00
20160229;9.79;9.79;8.87;8.88;21285346;192692672.00
20160301;8.99;9.10;8.43;8.94;22538299;199775456.00
20160302;8.89;9.70;8.88;9.57;20377538;189966208.00
20160303;9.70;10.19;9.61;9.65;21657006;213070544.00
20160304;9.69;9.69;8.90;9.05;19028421;176274016.00
20160307;9.15;9.54;9.15;9.27;13097265;122101040.00
20160308;9.39;10.20;9.30;10.20;42026047;418752800.00
20160309;9.90;10.15;9.64;9.82;34881729;345516384.00
20160310;9.85;10.14;9.36;9.49;20855917;204969552.00
20160311;9.18;9.44;9.08;9.24;14031677;129804544.00
20160314;9.48;9.86;9.39;9.70;16901892;164014080.00
20160315;9.68;9.79;9.44;9.52;13986889;134274544.00
20160316;9.66;9.74;9.17;9.30;12785141;120455328.00
20160317;9.40;9.76;9.23;9.66;18624637;177653424.00
20160318;9.80;10.30;9.72;10.22;27803496;279650016.00
20160321;10.56;10.83;10.34;10.70;28516132;303017408.00
20160322;10.52;10.65;10.40;10.50;20593521;216912144.00
20160323;10.40;10.66;10.35;10.61;18196301;191899968.00
20160324;10.50;10.52;10.25;10.25;17759315;184896416.00
20160325;10.20;10.75;10.15;10.58;17757275;185347520.00
20160328;10.55;11.06;10.41;10.50;20151093;216660848.00
20160329;10.46;10.47;9.98;10.10;16814070;170737984.00
20160330;10.25;10.49;10.10;10.45;17860654;183367136.00
20160331;10.50;10.53;10.31;10.39;15639937;162986784.00
20160401;10.35;10.37;10.01;10.26;13499511;137309776.00
20160405;10.28;10.72;10.20;10.65;17002152;178044992.00
20160406;10.66;11.50;10.50;11.14;34787378;385336704.00
20160407;11.04;11.14;10.73;10.82;22259136;243253360.00
20160408;10.72;11.28;10.60;11.20;28906913;319243712.00
20160411;11.08;12.17;11.02;11.75;35692885;413821312.00
20160412;11.76;12.08;11.56;11.86;27050475;318187200.00
20160413;11.93;12.10;11.73;11.85;27931774;333525088.00
20160414;11.95;11.97;11.50;11.77;20628763;241295536.00
20160415;11.77;11.82;11.59;11.66;13772671;160611600.00
20160418;11.53;11.53;11.32;11.49;13039232;148966784.00
20160419;11.58;11.95;11.58;11.70;16115859;189374144.00
20160420;11.83;11.90;10.60;10.89;22643853;252612384.00
20160421;10.99;11.41;10.83;11.12;20392804;227958032.00
20160422;10.88;11.18;10.70;11.13;13076414;143797088.00
20160425;11.03;11.42;10.75;11.33;15147732;168364800.00
20160426;11.33;11.69;11.23;11.64;17102874;197133120.00
20160427;11.70;11.97;11.51;11.72;18527922;217985312.00
20160428;11.78;11.82;11.39;11.58;12308489;143303648.00
20160429;11.58;12.22;11.45;12.20;25260445;300482592.00
20160503;12.10;12.77;12.02;12.63;26642804;333390336.00
20160504;12.48;12.74;12.39;12.42;16873896;211227936.00
20160505;12.49;12.65;12.41;12.49;11429595;143035920.00
20160506;12.48;12.60;11.54;11.62;23403180;280393536.00
20160509;11.60;11.60;10.78;10.99;19758254;217868000.00
20160510;11.11;11.29;10.86;10.90;7839248;86372192.00
20160511;11.08;11.09;10.24;10.25;19907927;209432288.00
20160512;10.10;10.40;9.91;10.36;10154521;103539128.00
20160513;10.40;10.58;10.26;10.43;9773134;101924816.00
20160516;10.68;10.98;10.60;10.96;12275358;132371432.00
20160517;11.00;11.10;10.62;10.79;11409889;123679480.00
20160518;10.65;10.70;10.01;10.23;11215888;115915880.00
20160519;10.23;10.47;10.19;10.23;6866169;70964024.00
20160520;10.23;10.72;10.02;10.63;15060864;158769632.00
20160523;10.70;10.87;10.61;10.67;9587653;102727672.00
20160524;10.65;10.88;10.55;10.80;12454200;134006568.00
20160525;10.92;11.88;10.88;11.68;32994663;381240960.00
20160526;11.40;11.84;11.26;11.72;22827098;264271424.00
20160527;11.80;11.96;11.52;11.58;17124765;201766512.00
20160530;11.50;11.87;11.41;11.56;10052769;117462880.00
20160531;11.60;12.15;11.53;12.06;19070086;227019552.00
20160601;12.06;12.32;11.90;12.03;18699355;226071328.00
20160602;12.00;12.15;11.82;12.05;14097844;168811072.00
20160603;12.03;12.37;11.73;12.25;19693170;239979904.00
20160606;12.36;13.05;12.20;12.97;26371668;333503488.00
20160607;12.99;13.59;12.80;13.25;29819471;394128576.00
20160608;13.03;13.26;12.81;13.20;17872686;233060176.00
20160613;13.05;13.05;12.20;12.25;20761064;264999680.00
20160614;12.25;12.73;11.91;12.49;13510981;166470544.00
20160615;12.40;13.74;12.22;13.69;31622228;421852864.00
20160616;13.74;15.06;13.70;15.00;53318461;776935424.00
20160617;15.20;15.45;14.55;15.06;34581329;518326560.00
20160620;14.92;15.36;14.75;15.17;16849396;253315360.00
20160621;15.45;16.05;15.17;15.34;22239869;347200192.00
20160622;15.00;15.27;14.65;14.93;27445055;411096352.00
20160623;14.87;15.18;14.40;15.10;17061277;254550336.00
20160624;15.08;15.64;14.00;15.19;22928205;345954848.00
20160627;15.00;15.58;14.67;14.92;24283737;364293728.00
20160628;15.29;15.33;13.95;14.00;48608652;699858368.00
20160629;14.18;14.28;13.65;14.03;33579147;465786496.00
20160630;14.05;14.48;13.82;14.35;27545850;391014784.00
