20110422;33.30;38.38;33.06;35.78;35765101;1270138752.00
20110425;35.69;39.36;34.50;39.15;28231071;1046261952.00
20110426;37.47;37.97;35.24;35.46;18184815;665011904.00
20110427;34.81;38.50;34.81;37.07;14984471;553589568.00
20110428;37.19;38.45;35.72;37.30;14775901;552688256.00
20110429;36.61;36.90;34.37;35.15;11668386;413023200.00
20110503;34.40;34.89;32.18;32.89;10144041;335912512.00
20110504;32.50;32.60;31.46;32.25;7057395;225787536.00
20110505;31.80;32.45;31.60;31.79;4453845;142509728.00
20110506;30.50;30.75;29.31;29.70;8569323;255822960.00
20110509;29.70;30.40;29.52;29.79;4197076;125799728.00
20110510;30.00;30.86;29.76;30.85;5677532;172343072.00
20110511;30.70;30.87;29.87;30.21;4892421;148047424.00
20110512;29.74;31.10;29.10;30.57;9083856;273255680.00
20110513;30.09;30.38;29.70;30.13;4324962;129972488.00
20110516;30.16;30.20;29.26;29.28;3606744;106813560.00
20110517;29.11;30.22;28.23;30.07;6376521;186383280.00
20110518;29.59;29.99;29.25;29.85;4202463;124400352.00
20110519;29.95;30.05;29.41;29.78;3224563;96038408.00
20110520;29.38;29.50;29.06;29.35;2707291;79220840.00
20110523;29.27;29.27;27.01;27.43;4715223;131762784.00
20110524;27.25;27.27;25.80;26.48;4755788;125720880.00
20110525;26.39;26.68;25.38;25.38;3183871;82803992.00
20110526;25.57;26.18;25.37;25.43;2230600;57432512.00
20110527;25.34;25.46;24.47;24.59;2702388;67047976.00
20110530;24.41;25.07;24.40;24.40;1953984;48446412.00
20110531;24.60;25.40;24.51;25.15;2177779;54536476.00
20110601;25.02;25.68;24.90;25.48;2449192;62267368.00
20110602;25.03;25.20;24.55;24.71;2191223;54468068.00
20110603;24.83;25.29;24.65;25.22;1900554;47667020.00
20110607;25.01;25.45;25.00;25.38;1777114;44903596.00
20110608;25.19;25.32;24.71;25.19;1795003;44895356.00
20110609;25.15;26.40;25.01;25.20;3431552;88248672.00
20110610;24.96;25.17;24.20;24.85;2096985;51855536.00
20110613;24.60;24.83;24.20;24.68;1272805;31157020.00
20110614;24.60;25.07;24.54;24.96;1278696;31842894.00
20110615;24.99;25.44;24.78;24.80;1712605;43019068.00
20110616;24.70;24.74;24.32;24.41;1253553;30690038.00
20110617;24.52;26.60;24.50;25.84;6403070;165780352.00
20110620;25.81;26.38;25.63;25.97;4065497;105758200.00
20110621;26.10;26.19;25.38;25.92;3050026;78681520.00
20110622;25.98;26.35;25.58;25.66;2573449;66621944.00
20110623;25.48;26.99;25.25;26.84;5459389;145128192.00
20110624;26.48;27.36;26.40;26.90;5064089;135898640.00
20110627;26.77;27.19;26.70;26.89;3149841;84627576.00
20110628;26.95;27.93;26.90;27.34;5032229;138600480.00
20110629;27.12;27.44;26.56;26.56;2766468;74577336.00
20110630;26.55;27.08;26.55;26.77;1901531;51001892.00
20110701;27.00;27.70;26.55;27.52;5030065;136863248.00
20110704;27.68;28.98;27.63;28.55;4862404;138846192.00
20110705;28.50;28.77;28.16;28.58;2864805;81368944.00
20110706;28.65;28.71;28.30;28.62;2214855;63107552.00
20110707;28.62;29.97;28.50;29.51;5066673;149199632.00
20110708;29.38;29.87;29.05;29.28;2782566;81738320.00
20110711;29.04;29.56;28.79;29.21;2048310;59843816.00
20110712;29.10;29.43;28.34;28.35;2596547;74854256.00
20110713;28.50;30.97;28.50;30.06;4969243;148270752.00
20110714;30.43;30.90;29.82;30.34;4388425;133033552.00
20110715;30.05;30.93;29.76;30.72;3658840;111588656.00
20110718;30.72;31.40;30.30;30.73;2923891;90501848.00
20110719;30.95;31.40;30.32;30.69;2872844;88560896.00
20110720;30.40;30.95;30.05;30.69;2552903;77833720.00
20110721;30.58;30.68;30.00;30.08;1887578;57212372.00
20110722;30.00;31.30;30.00;31.00;4005513;123641456.00
20110725;30.97;31.48;29.22;29.32;4038713;121984136.00
20110726;29.33;29.90;28.35;29.86;2949113;85647256.00
20110727;29.80;31.80;29.40;31.58;4394024;135866976.00
20110728;31.10;31.97;31.00;31.38;3699809;116384232.00
20110729;31.57;31.57;30.11;30.32;2561017;78877256.00
20110801;30.36;30.90;30.03;30.21;2132492;64943856.00
20110802;30.08;30.19;29.20;30.19;2766611;82007176.00
20110803;30.00;31.25;30.00;31.02;3287700;101332448.00
20110804;31.03;31.50;30.03;30.18;2795803;85681328.00
20110805;28.90;30.08;28.40;29.51;2615471;77408504.00
20110808;29.72;31.09;28.28;30.37;5731478;172040448.00
20110809;29.77;30.33;28.68;29.41;3492686;103351552.00
20110810;29.72;30.12;29.30;29.95;3141584;93758800.00
20110811;30.00;30.89;30.00;30.50;4478618;136883440.00
20110812;30.34;32.67;30.03;32.33;7765189;244281632.00
20110815;32.10;32.49;31.57;31.82;4871582;155120816.00
20110816;31.87;32.90;31.52;32.88;6084219;196461824.00
20110817;32.70;33.39;32.34;32.45;4073963;133411744.00
20110818;32.12;32.52;31.49;31.49;2959805;94555576.00
20110819;31.78;32.17;31.22;31.69;2781792;88347912.00
20110822;32.00;32.59;31.51;32.18;2668552;85382864.00
20110823;32.29;32.34;31.66;31.99;2479305;79148320.00
20110824;31.80;31.80;30.38;30.48;4453112;138766720.00
20110825;29.80;30.75;29.60;30.60;3414123;103441552.00
20110826;30.59;30.69;30.16;30.19;2373539;72023592.00
20110829;30.20;30.51;29.94;29.98;1919273;58040748.00
20110830;30.15;30.29;29.70;29.72;2260157;67793816.00
20110901;29.76;30.19;28.74;28.93;2501385;73516592.00
20110902;29.00;29.00;27.56;28.13;2453004;69068024.00
20110905;28.15;28.69;27.40;27.41;2268969;63758828.00
20110906;27.58;27.70;26.43;27.23;2360592;63892792.00
20110907;27.00;27.70;26.89;27.57;2131652;58154504.00
20110908;27.50;27.50;26.66;26.73;1850461;50242656.00
20110909;26.88;27.08;26.70;26.93;1107197;29804336.00
20110913;26.68;26.68;25.80;25.82;1456771;37846580.00
20110914;26.05;26.17;25.50;26.17;1146746;29733286.00
20110915;26.28;26.60;26.10;26.40;1526638;40277136.00
20110916;26.50;26.50;26.22;26.24;990143;26062170.00
20110919;26.17;26.20;25.31;25.33;1165561;29975054.00
20110920;25.30;25.48;24.90;25.26;875104;22023930.00
20110921;25.45;26.58;25.31;26.45;2044200;53341600.00
20110922;26.10;26.30;25.29;25.31;1985568;51204936.00
20110923;24.73;24.95;24.00;24.85;1687908;41599924.00
20110926;24.40;24.77;24.01;24.16;1213396;29584450.00
20110927;24.56;25.54;24.25;24.82;1528275;37862180.00
20110928;25.00;25.36;24.50;24.65;1342990;33626056.00
20110929;24.33;24.59;24.05;24.30;1114965;27086246.00
20110930;24.31;24.75;24.08;24.59;1400099;34392300.00
20111010;24.69;25.27;24.68;24.93;1243650;31005118.00
20111011;25.51;25.61;24.80;25.20;1578811;39877320.00
20111012;24.88;26.00;24.70;25.91;2069828;53059100.00
20111013;25.80;26.32;25.70;26.01;1914438;49894048.00
20111014;25.85;26.07;25.52;25.86;1087374;28022712.00
20111017;25.84;26.29;25.58;26.02;1189554;31007744.00
20111018;25.89;25.89;25.02;25.06;1469041;37320796.00
20111019;25.10;25.31;24.56;24.58;1092735;27147830.00
20111020;24.55;24.60;24.02;24.15;1194599;28968656.00
20111021;24.09;24.15;23.40;23.40;1154797;27477030.00
20111024;23.69;23.88;22.84;23.79;1351599;31653926.00
20111025;23.60;24.60;23.60;24.49;1324621;32189522.00
20111026;24.70;25.59;24.50;25.18;2359469;59334272.00
20111027;25.17;25.38;24.94;25.05;1379634;34639068.00
20111028;25.88;26.80;25.88;26.10;3778510;99154560.00
20111031;26.30;26.87;26.10;26.46;2684093;71303080.00
20111101;26.09;27.25;25.88;26.77;3263233;87597616.00
20111102;26.31;27.36;26.18;27.15;2196027;58859748.00
20111103;27.28;27.75;26.91;26.94;2946842;80553552.00
20111104;27.10;27.68;26.70;26.96;2708285;73726040.00
20111107;26.95;27.16;26.60;26.84;1508495;40609148.00
20111108;27.06;27.97;27.06;27.34;3099073;85385704.00
20111109;27.30;28.07;27.30;27.75;2049640;56682064.00
20111110;27.45;27.62;27.06;27.15;1729147;47277664.00
20111111;27.00;27.38;26.63;26.88;1594950;42964248.00
20111114;27.15;27.97;27.15;27.94;1991581;55186276.00
20111115;27.97;28.22;27.72;27.99;1782505;49849516.00
20111116;28.15;28.15;26.90;27.13;2010496;55529244.00
20111117;27.34;27.93;26.86;27.66;1781564;48728700.00
20111118;27.15;27.38;26.88;26.98;1425459;38640120.00
20111121;27.01;27.59;26.73;27.59;1017668;27553558.00
20111122;27.24;28.91;27.13;28.42;3990545;112885024.00
20111123;28.54;28.88;28.15;28.38;2229586;63533776.00
20111124;28.28;28.81;27.88;28.50;1981023;56263632.00
20111125;28.30;29.68;28.30;28.97;3059688;89477224.00
20111128;28.96;29.78;28.96;29.67;2898557;85236936.00
20111129;29.98;30.05;29.17;29.35;2544408;74841608.00
20111130;29.35;30.00;28.15;28.58;3659711;106537144.00
20111201;29.30;29.97;29.30;29.40;4279253;126645008.00
20111202;29.08;29.75;28.40;28.53;2394272;69605920.00
20111205;28.49;28.49;26.70;26.81;2588574;70635360.00
20111206;26.75;26.98;26.18;26.50;1651361;43932256.00
20111207;26.51;26.88;26.39;26.82;1188323;31734850.00
20111208;26.83;27.20;26.18;26.90;1385439;37101068.00
20111209;26.63;27.28;26.50;26.71;1440109;38665580.00
20111212;26.88;26.89;25.81;25.85;1175864;31018194.00
20111213;25.45;25.45;24.52;24.78;2021760;50313492.00
20111214;24.62;25.25;24.25;24.42;1474318;36665416.00
20111215;24.19;24.25;23.58;23.88;1676534;40012612.00
20111219;24.35;24.77;23.76;24.72;1764957;42682604.00
20111220;24.60;25.26;24.41;25.12;1708033;42702216.00
20111221;25.35;25.49;24.66;24.69;1417531;35512096.00
20111222;24.42;24.92;23.75;24.63;903888;21929934.00
20111223;24.55;25.30;24.30;25.09;1074575;26901162.00
20111226;25.20;25.38;24.80;24.80;803487;20175568.00
20111227;24.70;24.73;23.86;23.86;755519;18368842.00
20111228;23.78;23.78;21.80;22.90;1900358;42992476.00
20111229;22.59;23.15;22.08;22.58;1384274;31376954.00
20111230;22.64;23.19;22.61;23.13;1910135;44033044.00
20120104;23.50;23.79;22.81;22.81;930135;21712494.00
20120105;22.62;23.00;21.98;22.05;988947;22206006.00
20120106;22.07;22.75;21.70;22.44;1039768;23099842.00
20120109;22.35;23.47;22.31;23.36;1886282;43492844.00
20120110;23.58;24.30;23.12;24.25;2212913;52875676.00
20120111;24.15;24.48;23.60;24.00;2000723;48042952.00
20120112;23.96;24.30;23.70;23.86;1697299;40802168.00
20120113;23.90;24.09;22.60;22.90;1782002;41267944.00
20120116;22.68;22.68;22.00;22.03;852571;19049294.00
20120117;22.30;24.09;22.06;24.00;1715324;39581312.00
20120118;23.95;24.10;22.58;22.65;2060543;48194012.00
20120119;22.50;24.37;22.50;23.69;2135094;50364756.00
20120120;23.99;23.99;23.36;23.64;1179704;27882184.00
20120130;24.20;24.88;23.88;24.01;3123520;76133592.00
20120131;23.93;24.24;23.54;24.18;1380805;33025904.00
20120201;24.10;24.50;23.87;23.94;1135357;27462102.00
20120202;24.20;24.32;23.80;24.25;1024546;24652670.00
20120203;24.26;24.78;24.05;24.58;1656977;40664600.00
20120206;24.49;24.60;24.35;24.55;1349273;32971144.00
20120207;24.40;24.40;23.80;24.00;1027134;24612490.00
20120208;24.06;24.78;23.93;24.69;2142018;52349668.00
20120209;24.57;24.89;24.41;24.60;1554759;38320420.00
20120210;24.60;24.95;24.41;24.73;1540574;38115908.00
20120213;24.59;25.11;24.38;24.90;1210270;30050646.00
20120214;24.81;25.08;24.64;24.80;1530160;38098576.00
20120215;24.64;25.07;24.37;24.92;1952657;48274356.00
20120216;24.88;24.95;24.36;24.56;1733664;42721900.00
20120217;24.77;25.16;24.63;25.15;2553208;63705040.00
20120220;25.38;25.48;24.86;24.88;1921819;48365124.00
20120221;24.81;25.15;24.51;25.13;1477111;36685504.00
20120222;25.16;25.54;25.12;25.44;2221168;56310276.00
20120223;25.53;26.70;25.48;26.65;3992210;104284952.00
20120224;26.32;26.50;25.97;26.28;2870917;75223176.00
20120227;26.36;26.49;25.97;25.97;2547901;66823676.00
20120228;25.82;25.95;25.42;25.75;1828975;46956156.00
20120229;25.70;26.47;25.70;25.81;1798676;46835100.00
20120301;25.30;25.48;24.97;25.36;2418532;60987108.00
20120302;25.45;25.79;25.36;25.70;1628283;41619388.00
20120305;25.79;25.79;25.40;25.44;1627476;41591636.00
20120306;25.38;25.43;24.92;25.08;1880785;47248752.00
20120307;24.68;25.26;24.66;25.17;1949425;48789352.00
20120308;25.28;25.42;25.09;25.30;1660532;41922060.00
20120309;25.33;25.60;25.33;25.59;1499636;38222616.00
20120312;25.73;26.10;25.60;25.82;2249053;58117740.00
20120313;25.80;26.12;25.55;26.02;1926906;49719664.00
20120314;26.03;26.20;24.80;24.81;3143118;80749424.00
20120315;24.80;24.99;23.88;24.17;2452604;59534332.00
20120316;24.30;24.75;24.22;24.72;1456781;35701032.00
20120319;24.61;25.37;24.60;25.25;2051039;51563088.00
20120320;25.16;25.23;24.40;24.47;1189292;29364316.00
20120321;24.48;24.87;24.01;24.49;1155589;28300222.00
20120322;24.40;24.80;24.26;24.80;767716;18783346.00
20120323;24.50;24.88;24.28;24.65;1203344;29536736.00
20120326;24.64;25.05;24.60;25.00;1894975;47109656.00
20120327;25.24;25.35;24.80;24.87;1264983;31751590.00
20120328;24.78;24.78;23.76;23.81;1336166;32199808.00
20120329;23.39;23.64;22.90;23.21;970322;22587714.00
20120330;23.20;23.36;22.55;22.70;702444;16096922.00
20120405;22.78;23.85;22.51;23.73;1217262;28386026.00
20120406;23.73;23.96;23.50;23.78;845487;20090726.00
20120409;23.66;23.70;23.15;23.15;445776;10480911.00
20120410;23.11;23.57;22.85;23.54;581295;13445368.00
20120411;23.03;23.79;23.03;23.69;648350;15278589.00
20120412;23.17;23.17;22.09;23.06;4209197;95833632.00
20120413;22.98;23.24;22.83;23.02;1618906;37290200.00
20120416;22.85;23.14;22.42;22.90;1280649;29259842.00
20120417;22.60;23.15;22.60;22.80;878309;20116450.00
20120418;22.45;22.92;21.98;22.69;3452424;77544744.00
20120419;22.45;22.70;22.33;22.37;1449141;32636254.00
20120420;22.28;22.67;22.12;22.58;1445170;32539838.00
20120423;22.62;22.78;22.18;22.20;1486317;33492048.00
20120424;22.22;22.22;20.53;21.65;2897618;61588568.00
20120425;21.54;21.61;20.95;21.30;1429447;30417674.00
20120426;21.31;21.49;21.22;21.31;1128482;24082412.00
20120427;21.47;21.48;20.97;20.98;800450;16910950.00
20120502;21.27;21.28;21.03;21.11;1194625;25269484.00
20120503;21.15;21.58;20.98;21.40;1674650;35727084.00
20120504;21.41;21.50;21.29;21.41;1124623;24089016.00
20120507;21.42;21.98;21.33;21.98;2031645;44291568.00
20120508;21.99;22.13;21.82;21.92;1120729;24592996.00
20120509;21.70;21.74;21.26;21.27;968382;20733098.00
20120510;21.11;21.59;21.11;21.33;695333;14889585.00
20120511;21.30;21.50;21.16;21.18;711335;15163957.00
20120515;20.86;20.86;20.40;20.62;1198916;24699848.00
20120516;20.59;20.59;20.28;20.30;875730;17840100.00
20120517;20.31;20.87;20.31;20.77;1345301;27819628.00
20120518;20.77;20.77;20.05;20.29;1528249;31146386.00
20120521;20.25;20.36;20.05;20.10;1804981;36307468.00
20120522;20.16;21.69;20.07;21.30;4669112;97982576.00
20120523;20.87;20.97;20.38;20.46;2762224;57204420.00
20120524;20.46;20.69;20.13;20.19;1670722;34034384.00
20120525;20.20;20.45;19.78;19.89;1645212;32995508.00
20120528;19.89;19.89;19.18;19.70;1540864;30091838.00
20120529;19.72;20.39;19.58;19.98;1556504;31287808.00
20120530;19.83;19.96;19.70;19.76;1840331;36432760.00
20120531;19.76;20.16;19.72;19.81;2121553;42407188.00
20120601;19.75;20.09;19.70;19.90;2037777;40453444.00
20120604;20.20;20.52;19.91;20.00;4679618;94705616.00
20120605;19.61;19.79;19.30;19.39;2948694;57433084.00
20120606;19.25;19.79;19.14;19.37;1887862;36805136.00
20120607;19.50;19.55;18.81;18.87;2913654;55714460.00
20120608;19.00;19.06;18.39;18.44;1880656;35050980.00
20120611;18.45;18.69;18.43;18.64;1127298;20938238.00
20120612;18.56;18.65;18.30;18.42;1017686;18775626.00
20120613;18.58;18.85;18.51;18.75;1536869;28769336.00
20120614;18.75;19.12;18.65;18.88;1878666;35562976.00
20120615;18.95;19.18;18.70;18.93;1170809;22176296.00
20120618;19.00;19.09;18.86;18.94;1112763;21112882.00
20120619;18.96;18.96;18.70;18.71;979131;18408126.00
20120620;18.73;18.87;18.68;18.75;780056;14645808.00
20120621;18.75;18.75;18.15;18.25;1207287;22114190.00
20120625;18.10;18.20;17.61;17.70;977126;17501402.00
20120626;17.70;18.12;17.70;17.87;1030145;18431686.00
20120627;17.88;17.96;17.64;17.74;726192;12926053.00
20120628;17.77;17.87;17.17;17.17;1142074;19950480.00
20120629;17.10;17.57;17.00;17.57;1370325;23813146.00
20120702;17.70;17.87;17.57;17.63;812454;14371955.00
20120703;17.65;17.90;17.57;17.75;935698;16643618.00
20120704;17.88;17.95;17.61;17.70;845770;15061455.00
20120705;17.40;17.40;16.57;16.69;1820304;30501800.00
20120706;16.70;17.15;16.52;17.07;1228983;20634622.00
20120709;16.91;16.92;16.30;16.31;1457654;24146956.00
20120710;16.25;16.41;16.15;16.24;672051;10926867.00
20120711;16.20;16.50;16.11;16.47;680313;11120946.00
20120712;16.47;16.83;16.26;16.70;1112070;18475060.00
20120713;16.58;17.10;16.58;16.93;1506376;25491902.00
20120716;17.38;17.38;16.54;16.55;1126847;18960190.00
20120717;16.43;17.50;16.35;17.16;1782135;30461504.00
20120718;17.08;17.46;16.90;17.32;1607599;27649602.00
20120719;17.28;17.58;17.11;17.39;1681535;29265636.00
20120720;17.49;17.49;17.10;17.10;859042;14791207.00
20120723;17.08;17.10;16.65;16.81;808472;13577352.00
20120724;16.80;17.20;16.80;17.04;619168;10532707.00
20120725;17.04;17.10;16.79;16.80;512832;8671809.00
20120726;16.92;17.94;16.81;17.44;2552963;44796368.00
20120727;17.35;17.69;17.24;17.33;1357249;23655806.00
20120730;17.32;17.67;17.15;17.31;986375;17117468.00
20120731;17.30;17.31;16.27;16.40;1509121;24997444.00
20120801;16.43;16.82;16.33;16.55;797575;13233986.00
20120802;16.60;16.60;16.18;16.29;637566;10421578.00
20120803;16.37;16.72;16.22;16.65;706060;11623595.00
20120806;16.50;17.20;16.50;17.08;1044404;17669490.00
20120807;17.09;17.58;17.01;17.36;1368551;23719518.00
20120808;17.36;17.52;17.13;17.36;984739;17078948.00
20120809;17.28;17.70;17.28;17.60;1387075;24358922.00
20120810;17.64;17.66;17.28;17.37;1092765;19062216.00
20120813;17.39;17.88;17.30;17.48;1874172;33093522.00
20120814;17.48;17.48;16.81;17.28;1262591;21634332.00
20120815;17.19;17.33;17.06;17.15;604766;10382191.00
20120816;16.95;17.04;16.50;16.70;1081779;18174114.00
20120817;16.73;16.94;16.55;16.80;479162;8027777.00
20120820;16.79;16.81;16.53;16.70;671112;11156710.00
20120821;16.70;17.18;16.64;17.05;1034118;17530544.00
20120822;17.65;17.89;17.21;17.28;2621582;46052448.00
20120823;17.44;18.35;17.26;18.12;2868588;50945908.00
20120824;18.11;18.57;17.93;18.00;4233664;77305416.00
20120827;17.92;18.28;17.72;17.83;2125352;38346484.00
20120828;17.61;18.00;17.40;17.71;1500680;26516798.00
20120829;17.70;17.87;17.52;17.64;933515;16490530.00
20120830;17.52;17.80;17.00;17.28;1131775;19737212.00
20120831;17.40;17.40;16.69;16.85;1183731;20024110.00
20120903;17.00;17.95;16.99;17.80;1915916;33644996.00
20120904;17.85;17.95;17.47;17.58;1310388;23188616.00
20120905;17.58;18.02;17.42;17.81;1618395;28820468.00
20120906;17.80;18.05;17.61;18.00;1505214;26853036.00
20120907;18.05;18.80;18.04;18.42;3180994;58543524.00
20120910;18.81;19.00;18.37;18.42;2987468;55836420.00
20120911;18.35;18.44;18.08;18.31;1743955;31877050.00
20120912;18.40;18.80;18.30;18.54;1873477;34681092.00
20120913;18.54;18.54;17.95;17.96;1405609;25626528.00
20120914;18.70;18.95;18.32;18.50;3622908;67513480.00
20120917;18.37;18.50;17.45;17.45;3744747;67564624.00
20120918;17.39;17.68;17.28;17.51;1380803;24194972.00
20120919;17.58;18.36;17.42;18.29;2543447;45740588.00
20120920;18.13;18.24;17.18;17.20;3152097;56072912.00
20120921;17.18;18.92;17.11;18.92;11247891;210583024.00
20120924;18.78;18.92;18.35;18.84;8604067;160462736.00
20120925;18.62;19.50;18.50;18.64;8014138;153123504.00
20120926;18.49;18.51;17.37;17.55;5498370;98263984.00
20120927;17.41;19.30;17.41;18.80;6997658;129074728.00
20120928;18.71;19.75;18.62;19.60;8979999;173441280.00
20121008;19.40;19.58;18.89;19.24;4786590;91631272.00
20121009;19.30;19.97;19.20;19.97;6908711;134737712.00
20121010;19.59;19.90;19.44;19.75;5538323;108711544.00
20121011;19.57;19.75;19.11;19.16;4128610;79779456.00
20121012;19.24;19.43;18.68;18.83;3467363;65593124.00
20121015;18.60;18.76;18.19;18.50;2862574;52771556.00
20121016;18.35;18.77;18.31;18.50;2625091;48726976.00
20121017;18.58;18.83;18.48;18.59;2107196;39377228.00
20121018;18.61;18.91;18.60;18.78;2100998;39428012.00
20121019;18.79;18.79;18.20;18.32;2605630;47977584.00
20121022;18.05;18.56;18.00;18.42;1776057;32577206.00
20121023;18.42;18.48;18.09;18.12;2024746;36952428.00
20121024;18.00;18.26;17.90;18.19;1393808;25226808.00
20121025;18.26;18.48;18.07;18.45;1915245;35114516.00
20121026;18.44;18.44;17.44;17.46;2965721;52794312.00
20121029;17.30;17.42;16.20;16.35;3614738;60479920.00
20121030;16.35;16.57;16.25;16.42;1405042;23077734.00
20121031;16.43;16.47;15.79;15.90;2938865;47121928.00
20121101;15.90;16.28;15.89;16.19;1791270;28923142.00
20121102;16.20;16.22;15.88;16.07;1906168;30597706.00
20121105;15.80;15.82;15.31;15.51;4048865;62675692.00
20121106;15.51;15.85;15.41;15.84;2727057;42665184.00
20121107;15.85;16.35;15.85;16.16;3276200;52743164.00
20121108;16.00;16.00;15.46;15.48;1983143;31056432.00
20121109;15.51;15.70;15.50;15.55;1093554;17065234.00
20121112;15.58;15.76;15.57;15.74;934914;14664301.00
20121113;15.65;15.65;15.22;15.23;1335945;20551038.00
20121114;15.21;15.26;14.93;15.16;1090120;16480498.00
20121115;15.10;15.25;14.96;15.04;856840;12947068.00
20121116;15.05;15.08;14.39;14.56;1783430;26003196.00
20121119;14.56;14.65;14.35;14.56;653696;9488732.00
20121120;14.71;14.77;14.50;14.50;842206;12328433.00
20121121;14.59;14.77;14.29;14.77;899923;13110376.00
20121122;14.74;14.79;14.50;14.50;848584;12415592.00
20121123;14.55;14.72;14.54;14.57;509906;7462723.50
20121126;14.73;14.95;14.66;14.75;1429331;21164996.00
20121127;14.80;14.88;14.20;14.36;1825297;26432924.00
20121128;14.00;14.22;13.53;13.58;1342671;18489838.00
20121129;13.47;13.66;13.09;13.15;938843;12553168.00
20121130;13.14;13.95;13.11;13.66;1465106;19823644.00
20121203;13.52;13.66;13.16;13.16;786455;10535147.00
20121204;13.20;13.45;12.80;13.35;1005842;13183157.00
20121205;13.32;13.90;13.20;13.73;1468472;20159040.00
20121206;13.73;13.83;13.54;13.66;1004986;13737035.00
20121207;13.66;14.00;13.55;13.94;1461934;20286844.00
20121210;13.90;14.56;13.86;14.34;2182479;31279704.00
20121211;14.24;14.38;14.12;14.14;1476855;21026484.00
20121212;14.12;14.58;14.07;14.47;2418207;34725224.00
20121213;14.34;14.34;13.88;13.90;2069378;29102326.00
20121214;13.80;14.42;13.75;14.38;2514411;35755480.00
20121217;14.35;14.65;14.28;14.44;1810836;26170974.00
20121218;14.48;14.91;14.45;14.56;3045086;44740204.00
20121219;14.38;14.46;14.25;14.38;1801753;25869452.00
20121220;14.34;14.35;14.10;14.35;1766297;25121488.00
20121221;14.25;15.28;14.16;14.80;4626480;67991696.00
20121224;14.78;14.94;14.66;14.81;2596773;38410928.00
20121225;14.75;15.12;14.72;15.07;2602608;38977144.00
20121226;15.10;15.60;15.01;15.51;3524109;54132008.00
20121227;15.50;15.59;15.08;15.10;3386839;51674852.00
20121228;15.06;15.47;14.90;15.26;2415645;36730380.00
20121231;15.20;15.64;15.20;15.41;2210290;34026856.00
20130104;15.55;15.55;14.92;15.14;2114751;32178948.00
20130107;15.09;15.25;14.85;15.20;1992271;29918280.00
20130108;15.15;15.38;14.98;15.32;2236378;34004092.00
20130109;15.32;15.52;15.17;15.35;2155021;33132090.00
20130110;15.35;15.80;15.28;15.57;3169827;49262556.00
20130111;15.60;15.96;15.31;15.31;3377369;52815968.00
20130114;15.21;15.75;15.11;15.69;2921007;45259728.00
20130115;15.69;16.11;15.65;15.97;3552821;56450812.00
20130116;16.20;16.33;15.75;16.09;3857068;61801604.00
20130117;16.02;16.60;15.88;16.14;4718674;77077392.00
20130118;16.23;16.46;16.06;16.22;3078146;50050960.00
20130121;16.22;16.28;15.87;16.12;2866651;45895060.00
20130122;16.01;16.11;15.54;15.71;2155168;34082180.00
20130123;15.64;15.77;15.32;15.56;1515142;23542958.00
20130124;15.51;15.79;15.00;15.06;2518172;38744456.00
20130125;15.03;15.24;15.00;15.09;1108206;16728512.00
20130128;15.15;15.68;15.00;15.64;1664751;25608746.00
20130129;15.83;15.99;15.53;15.87;2057556;32413900.00
20130130;15.87;15.87;15.54;15.63;1443430;22592454.00
20130131;15.70;15.98;15.65;15.89;2075827;32836224.00
20130201;15.75;15.90;15.60;15.88;1487131;23404374.00
20130204;15.94;16.16;15.74;16.00;2209689;35300300.00
20130205;15.85;16.14;15.79;16.08;1949148;31217426.00
20130206;16.08;16.17;15.96;15.99;1469247;23599948.00
20130207;16.00;16.16;15.92;16.10;1247756;20059716.00
20130208;16.05;16.16;16.03;16.12;1649895;26595030.00
20130218;15.94;15.94;15.55;15.55;2960556;46377092.00
20130219;15.51;15.61;15.39;15.41;1469012;22736100.00
20130220;15.45;15.63;15.38;15.62;1194896;18548764.00
20130221;15.47;15.47;15.09;15.17;2037559;31005298.00
20130222;15.23;15.34;15.18;15.24;984075;15027316.00
20130225;15.24;15.40;15.22;15.31;795784;12207184.00
20130226;15.35;15.46;15.14;15.14;1298067;19927076.00
20130227;15.20;15.35;15.11;15.15;963669;14650215.00
20130228;15.16;15.34;15.02;15.34;1433519;21809534.00
20130301;15.28;15.39;15.15;15.35;1592427;24290124.00
20130304;15.25;15.30;14.92;14.99;2056669;31135500.00
20130305;15.05;15.25;15.00;15.22;1028020;15589786.00
20130306;15.24;15.54;15.20;15.51;1713346;26411954.00
20130307;15.44;15.99;15.36;15.99;4296242;67933536.00
20130308;16.09;16.92;16.08;16.14;5222942;85996016.00
20130311;16.08;16.53;16.01;16.13;2256062;36749008.00
20130312;16.10;16.28;15.27;15.58;2479205;39125368.00
20130313;15.55;15.70;15.33;15.49;1169880;18164140.00
20130314;15.45;15.58;15.28;15.33;717968;11042704.00
20130315;15.33;15.46;14.91;14.99;1449761;21983680.00
20130318;15.03;15.18;14.65;14.66;1106032;16336690.00
20130319;14.70;14.94;14.65;14.86;753716;11132967.00
20130320;14.95;15.24;14.82;15.24;1185039;17881086.00
20130321;15.20;15.34;15.10;15.24;1437288;21916850.00
20130322;15.24;15.74;15.20;15.56;2057134;31955794.00
20130325;15.29;15.29;14.85;14.91;2936200;44076028.00
20130326;14.88;14.94;14.70;14.75;1220735;18079378.00
20130327;14.75;15.00;14.68;14.88;1024470;15227851.00
20130328;14.78;14.78;14.49;14.49;1016047;14859015.00
20130329;14.53;14.58;14.27;14.35;949472;13696712.00
20130401;14.32;14.46;14.25;14.38;983790;14116306.00
20130402;14.39;14.57;14.31;14.55;862223;12482705.00
20130403;14.41;14.49;14.18;14.21;798177;11435549.00
20130408;14.19;14.19;13.81;14.06;641470;8975138.00
20130409;14.10;14.30;14.07;14.24;550998;7817755.00
20130410;14.24;14.44;14.19;14.28;567493;8114705.50
20130411;14.27;14.29;14.11;14.12;657968;9316785.00
20130412;14.21;14.21;14.07;14.10;317633;4485512.00
20130415;13.76;13.76;13.22;13.27;1250109;16736604.00
20130416;12.88;13.18;12.60;13.08;1215490;15625026.00
20130417;13.08;13.18;12.96;13.14;578284;7565473.00
20130418;13.08;13.32;12.93;13.29;708342;9307485.00
20130419;13.25;13.64;13.21;13.54;1191230;16070904.00
20130422;13.42;13.46;13.33;13.46;698465;9348821.00
20130423;13.52;13.53;13.10;13.12;628975;8369431.50
20130424;13.14;13.44;13.14;13.33;774349;10280594.00
20130425;13.34;13.36;13.14;13.17;886932;11735772.00
20130426;13.30;13.63;13.22;13.27;985378;13211522.00
20130502;13.28;13.48;12.92;12.99;837814;10961729.00
20130503;13.02;13.28;13.02;13.26;695004;9183096.00
20130506;13.28;13.54;13.20;13.48;807124;10812378.00
20130507;13.47;13.64;13.33;13.59;986980;13365415.00
20130508;13.50;13.63;13.37;13.53;962611;12980919.00
20130509;13.54;13.75;13.50;13.75;1650177;22508086.00
20130510;13.73;13.80;13.59;13.76;1247661;17074748.00
20130513;13.68;13.68;13.46;13.58;999078;13531534.00
20130514;13.57;13.61;13.36;13.40;997792;13447065.00
20130515;13.35;13.52;13.33;13.52;874878;11737180.00
20130516;13.42;13.57;13.22;13.56;1127430;15156780.00
20130517;13.50;14.89;13.46;14.82;3788069;53551712.00
20130520;14.51;14.69;14.25;14.39;5403494;78095736.00
20130521;14.47;14.56;14.33;14.53;2267966;32800760.00
20130522;14.50;14.52;14.21;14.29;1695145;24351494.00
20130523;14.27;14.36;14.06;14.33;1294741;18414476.00
20130524;14.32;14.43;14.26;14.40;1277257;18338782.00
20130527;14.46;14.58;14.35;14.49;1239922;17918874.00
20130528;14.49;15.08;14.49;14.96;3609864;53553900.00
20130529;14.94;14.94;14.70;14.80;1728366;25547952.00
20130530;14.72;14.84;14.61;14.80;1387295;20423010.00
20130531;14.85;15.07;14.72;14.90;2086228;31105826.00
20130603;14.78;14.89;14.46;14.49;1528213;22411362.00
20130604;14.50;14.55;14.02;14.11;1158098;16501932.00
20130605;14.11;14.19;14.05;14.15;581609;8219507.50
20130606;14.10;14.11;13.54;13.54;1137202;15696771.00
20130607;13.61;13.73;13.33;13.51;735837;9969902.00
20130613;13.52;13.52;12.94;13.17;851887;11194609.00
20130614;13.24;13.45;13.17;13.33;741248;9894285.00
20130617;13.33;13.69;13.31;13.50;701047;9452185.00
20130618;13.35;13.60;13.35;13.42;739994;9975289.00
20130619;13.40;13.40;13.08;13.30;662649;8770401.00
20130620;13.25;13.37;13.00;13.02;581721;7676979.50
20130621;12.78;12.97;12.32;12.88;895080;11354134.00
20130624;12.76;12.80;12.00;12.15;721847;8982226.00
20130625;12.12;12.32;11.38;11.98;844982;10020263.00
20130626;12.00;12.16;11.82;12.04;522730;6266062.00
20130627;12.01;12.12;11.73;11.80;676035;8113238.00
20130628;11.72;11.98;11.41;11.79;524599;6162182.50
20130701;11.89;12.22;11.84;12.06;836332;10101805.00
20130702;12.08;12.25;12.00;12.18;647942;7844617.50
20130703;12.08;12.55;11.97;12.37;1095511;13467306.00
20130704;12.30;12.49;12.10;12.40;1006588;12385214.00
20130705;12.28;12.60;12.22;12.35;793104;9876087.00
20130708;12.12;12.12;11.71;11.71;850095;10115488.00
20130709;11.81;12.17;11.61;12.17;712092;8551232.00
20130710;12.18;12.43;12.11;12.35;906108;11136179.00
20130711;12.57;12.88;12.54;12.63;1361892;17285568.00
20130712;12.50;12.73;12.35;12.37;958820;12028873.00
20130715;12.42;12.68;12.15;12.31;2225983;27548520.00
20130716;12.29;12.63;12.21;12.63;1480252;18416774.00
20130717;12.53;12.63;12.35;12.37;936245;11702648.00
20130718;12.33;12.37;12.21;12.21;746657;9166088.00
20130719;12.20;12.33;11.95;11.95;705400;8588788.00
20130722;12.00;12.37;11.95;12.33;857877;10457517.00
20130723;12.42;12.74;12.42;12.55;1314775;16547231.00
20130724;12.54;12.55;12.34;12.49;1043030;12971905.00
20130725;12.46;12.54;12.22;12.25;1037356;12835817.00
20130726;12.27;13.48;12.18;13.48;4739242;61816344.00
20130729;13.21;14.15;13.15;13.84;8865459;122158784.00
20130730;13.65;13.66;13.11;13.26;3401929;45345024.00
20130731;13.27;13.44;13.15;13.27;1811792;24072998.00
20130801;13.25;14.00;13.20;13.75;3711264;50751224.00
20130802;13.68;13.85;13.52;13.53;1974181;26932470.00
20130805;13.51;13.73;13.41;13.69;1613120;21874804.00
20130806;13.67;13.95;13.59;13.72;1886515;26052584.00
20130807;13.56;13.82;13.51;13.61;1714214;23387804.00
20130808;13.61;13.86;13.61;13.69;1143133;15717244.00
20130809;13.76;14.28;13.76;14.12;2560884;36023832.00
20130812;14.20;14.55;14.02;14.43;2908685;41775004.00
20130813;14.45;14.53;14.15;14.27;1501141;21466544.00
20130814;14.24;14.28;13.91;13.96;1523303;21462962.00
20130815;14.06;14.35;13.96;13.99;1462939;20725412.00
20130816;14.10;14.38;13.86;13.87;1437608;20372596.00
20130819;13.89;14.08;13.82;14.01;1019704;14221441.00
20130820;14.06;14.10;13.61;13.76;1070480;14873642.00
20130821;13.76;13.97;13.70;13.95;633586;8758083.00
20130822;13.92;13.99;13.81;13.84;669036;9291434.00
20130823;13.91;14.18;13.61;13.74;1305943;18165998.00
20130826;13.85;14.30;13.85;14.20;2280951;32288030.00
20130827;14.23;14.25;14.03;14.10;1020230;14383700.00
20130828;14.23;15.00;14.22;14.86;6105670;89717392.00
20130829;14.70;14.70;14.14;14.15;3539652;50757712.00
20130830;14.15;14.15;13.65;13.70;2681330;37174464.00
20130902;13.66;13.94;13.56;13.88;1238368;17023424.00
20130903;13.87;13.97;13.72;13.91;815629;11300609.00
20130904;14.00;14.23;13.90;14.07;2152702;30306182.00
20130905;13.90;14.14;13.70;13.84;1852764;25734016.00
20130906;13.79;13.96;13.70;13.82;1402246;19401094.00
20130909;13.85;14.13;13.80;14.02;1069613;14949527.00
20130910;14.02;14.18;13.91;14.12;1147752;16092482.00
20130911;14.05;14.05;13.85;13.86;1418585;19770206.00
20130912;13.86;13.93;13.82;13.84;944746;13110033.00
20130913;13.68;13.98;13.68;13.98;982652;13581525.00
20130916;13.98;14.05;13.87;13.96;711009;9916448.00
20130917;14.00;14.02;13.64;13.65;811923;11185785.00
20130918;13.65;13.70;13.50;13.62;922152;12518241.00
20130923;13.62;13.84;13.61;13.78;1282832;17631852.00
20130924;13.73;13.94;13.71;13.89;1127304;15591126.00
20130925;13.80;13.99;13.79;13.88;949185;13204448.00
20130926;13.95;13.96;13.58;13.66;1001017;13814642.00
20130927;13.57;14.46;13.57;14.02;1946690;27337414.00
20130930;14.01;14.26;13.92;13.96;923744;12972535.00
20131008;14.01;14.12;13.81;14.09;1107756;15541171.00
20131009;14.60;15.50;14.50;15.17;7533465;113439120.00
20131010;15.04;15.04;14.74;14.83;3620214;53859060.00
20131011;14.83;16.06;14.78;15.63;7169930;112166648.00
20131014;15.60;15.96;15.50;15.61;3841396;60125084.00
20131015;15.53;15.61;15.14;15.33;2922400;44818160.00
20131016;15.27;16.17;14.88;15.65;4737338;73463608.00
20131017;15.59;15.89;15.32;15.39;2765141;43162844.00
20131018;15.63;15.93;15.51;15.56;2903401;45656968.00
20131021;15.63;16.03;15.29;15.99;4387906;69007240.00
20131022;15.82;16.16;15.73;15.83;2473769;39409448.00
20131023;15.96;16.09;15.22;15.35;3315384;51502416.00
20131024;15.50;15.67;15.27;15.59;2142300;33229832.00
20131025;15.73;15.82;15.46;15.67;1798786;28072594.00
20131028;15.75;16.10;15.50;15.77;3421049;54078048.00
20131029;15.81;16.09;15.30;16.07;5695581;89024312.00
20131030;16.10;16.92;16.01;16.63;5306216;88246792.00
20131031;16.64;16.83;16.32;16.42;2610989;43126948.00
20131101;16.34;16.79;16.28;16.30;3380776;56041944.00
20131104;16.12;16.12;15.31;15.71;3249659;50951524.00
20131105;15.70;15.95;15.60;15.71;1688432;26633610.00
20131106;15.50;15.72;15.01;15.33;2458679;37976660.00
20131107;15.21;15.49;15.20;15.29;1328450;20391856.00
20131108;15.29;15.29;14.62;14.74;1656457;24691290.00
20131111;14.70;15.08;14.66;14.92;1211246;17986762.00
20131112;15.00;15.15;14.89;15.15;2307510;34691868.00
20131113;15.13;15.26;14.97;14.98;1019790;15385172.00
20131114;14.93;15.59;14.93;15.54;2067180;31851958.00
20131115;15.59;15.98;15.57;15.78;2024378;32058598.00
20131118;15.92;15.98;15.69;15.92;1763881;27957976.00
20131119;15.97;17.38;15.86;16.74;4234202;70792544.00
20131120;16.70;17.07;16.52;16.80;2601484;43595228.00
20131121;16.59;17.00;16.52;17.00;3223420;54007728.00
20131122;16.85;17.20;16.83;17.10;3007424;51213960.00
20131125;17.01;17.15;16.70;16.90;2028117;34398868.00
20131126;16.90;17.19;16.71;17.00;2097305;35471536.00
20131127;17.03;17.63;16.88;17.63;3664452;63626432.00
20131128;17.60;18.14;17.52;17.84;3172895;56718840.00
20131129;17.95;19.60;17.92;18.62;4279317;80944248.00
20131202;17.98;18.77;17.68;18.10;4690583;85054544.00
20131203;17.71;19.77;17.71;19.53;4055264;77777736.00
20131204;19.54;20.29;19.10;19.42;4078513;80195304.00
20131205;19.40;20.08;19.03;19.59;2578855;50590668.00
20131206;19.33;19.66;18.50;18.63;2889738;54894976.00
20131209;18.74;19.10;18.60;18.89;2062506;38982436.00
20131210;18.85;19.18;18.45;18.60;2625482;49187904.00
20131211;18.68;19.01;18.53;18.89;1846396;34713112.00
20131212;18.71;18.97;18.70;18.82;1297766;24458426.00
20131213;18.62;19.68;18.54;19.60;2631029;50926428.00
20131216;19.83;19.83;19.36;19.61;2282907;44631956.00
20131217;19.68;19.88;19.36;19.75;1938506;37990956.00
20131218;19.63;20.76;19.62;20.55;3053070;62073856.00
20131219;20.42;20.66;19.50;19.90;2521353;50518884.00
20131220;19.63;19.89;19.53;19.76;1536367;30255848.00
20131223;19.70;19.95;19.51;19.92;1382025;27237674.00
20131224;19.75;20.89;19.75;20.18;1598878;32565656.00
20131225;20.30;20.69;20.00;20.58;1561984;31936458.00
20131226;20.58;20.65;20.13;20.16;1562314;31730390.00
20131227;20.20;20.58;20.07;20.35;1119586;22803368.00
20131230;20.50;20.50;19.16;19.41;2662815;52619664.00
20131231;19.30;19.90;19.28;19.63;1536714;30055948.00
20140102;19.51;19.77;19.35;19.74;752504;14704108.00
20140103;19.86;20.54;19.77;20.52;2655465;54079316.00
20140106;20.48;20.89;20.30;20.66;2505587;51613628.00
20140107;20.67;21.80;20.51;21.49;2944189;62593212.00
20140108;21.50;21.70;21.28;21.52;1668673;35812668.00
20140109;21.29;21.80;21.29;21.40;1655333;35796116.00
20140110;21.37;21.59;20.70;20.89;1522239;32036480.00
20140113;20.71;21.28;20.71;20.97;905334;18998914.00
20140114;20.90;22.13;20.81;21.99;1456873;31575028.00
20140115;22.00;22.24;21.81;21.99;843126;18551920.00
20140116;21.97;23.16;21.90;22.86;1958144;44590520.00
20140117;22.80;23.86;22.70;23.80;2409091;56801188.00
20140120;23.80;24.10;23.50;23.85;1530824;36338008.00
20140121;23.85;23.93;23.50;23.78;1276994;30302972.00
20140122;23.62;24.80;23.62;24.28;1740787;42186444.00
20140123;24.17;25.04;24.10;24.99;1708549;42073548.00
20140124;25.11;25.39;24.38;24.45;1638115;40598424.00
20140127;24.45;25.00;24.35;24.40;1283946;31675542.00
20140128;24.46;24.70;23.17;23.66;1686404;40336800.00
20140129;23.69;24.70;23.67;24.50;1099290;26776598.00
20140130;24.40;24.58;23.68;23.91;754436;18112824.00
20140207;23.60;24.53;23.43;24.25;681989;16443137.00
20140210;24.28;24.98;24.28;24.98;1033206;25392090.00
20140211;24.99;25.72;24.99;25.55;1458899;37209848.00
20140212;25.30;25.53;24.78;25.21;1110822;27894066.00
20140213;25.21;26.03;25.02;25.09;1640305;42071780.00
20140214;25.20;25.70;25.02;25.40;1018596;25822706.00
20140217;25.30;25.87;24.76;25.26;1291097;32613558.00
20140218;25.25;25.31;24.79;25.10;1400473;34960148.00
20140219;25.10;25.29;24.58;24.70;1169951;29030190.00
20140220;24.87;25.25;24.67;24.81;801391;19976342.00
20140221;24.71;25.08;23.69;23.98;1525724;36814536.00
20140224;23.76;24.35;23.50;24.30;887205;21207900.00
20140225;24.30;24.65;23.31;23.40;959084;23007134.00
20140226;23.10;24.29;23.08;23.82;729424;17142886.00
20140227;23.90;24.05;22.82;23.01;2160085;50012356.00
20140228;22.90;23.33;22.01;23.24;742519;17047708.00
20140303;23.30;23.89;23.15;23.89;673469;15853083.00
20140304;24.30;24.30;23.60;23.68;710350;16991698.00
20140305;23.70;23.90;23.23;23.29;440098;10342207.00
20140306;23.23;23.45;22.76;23.10;842078;19405240.00
20140307;23.09;23.25;22.90;22.95;797608;18366880.00
20140310;22.95;23.69;22.30;22.65;841591;19464080.00
20140311;22.34;22.85;21.90;22.25;1420097;31654232.00
20140312;22.10;22.44;21.94;22.29;728395;16127623.00
20140313;22.30;22.68;22.06;22.30;274936;6140250.00
20140314;22.23;22.48;22.13;22.25;335597;7486144.50
20140317;22.24;24.00;22.24;22.75;652962;15121459.00
20140318;22.87;23.98;22.68;23.80;627673;14758501.00
20140319;23.78;23.80;23.02;23.23;587103;13732324.00
20140320;23.40;23.91;23.02;23.12;674533;15900371.00
20140321;23.13;23.46;22.56;23.16;830265;19053908.00
20140324;23.38;24.50;23.38;24.10;1298990;31312434.00
20140325;24.11;24.40;23.24;23.65;1304985;30978786.00
20140326;23.51;23.89;23.31;23.60;710903;16755126.00
20140327;23.50;23.72;22.63;22.80;1267607;29216796.00
20140328;22.28;23.98;22.28;22.58;2494892;57586620.00
20140331;22.61;23.16;22.52;22.77;1168416;26757552.00
20140401;22.76;23.29;22.58;23.25;591629;13631232.00
20140402;23.48;23.48;22.72;22.79;709999;16266958.00
20140403;23.00;23.07;22.79;22.98;387678;8891467.00
20140404;22.80;23.15;22.80;22.88;722926;16618108.00
20140408;22.88;22.99;22.55;22.72;754855;17244406.00
20140409;22.77;23.64;22.77;23.58;963039;22509212.00
20140410;23.80;23.84;23.20;23.37;880612;20626974.00
20140411;23.40;23.66;23.28;23.39;352147;8271793.50
20140414;23.51;23.55;23.21;23.35;402304;9379683.00
20140415;23.35;23.48;23.12;23.18;317575;7382729.00
20140416;22.97;23.28;22.63;23.00;595336;13648897.00
20140417;22.88;23.23;22.76;23.10;267363;6170961.50
20140418;22.90;23.28;22.90;23.16;462611;10688343.00
20140421;23.01;23.30;22.70;23.19;708377;16406174.00
20140422;22.91;23.28;22.91;23.21;699269;16155482.00
20140423;23.13;23.95;23.13;23.63;730408;17297060.00
20140424;23.54;23.84;23.38;23.68;529240;12513124.00
20140425;23.38;23.73;23.08;23.29;913271;21296692.00
20140428;23.18;23.47;22.52;22.70;736977;16827736.00
20140429;22.70;23.07;22.52;23.05;530752;12175004.00
20140430;22.96;23.98;22.96;23.98;965288;22828370.00
20140505;23.98;26.35;23.98;25.90;2912610;74243176.00
20140506;25.90;26.28;25.43;26.10;1605935;41431048.00
20140507;25.98;26.00;24.98;24.98;1151551;29272706.00
20140508;24.62;25.50;24.60;24.86;927939;23182172.00
20140509;24.80;25.38;24.63;24.96;611253;15305442.00
20140512;25.18;25.50;24.63;25.23;804863;20215702.00
20140513;25.20;25.76;24.85;25.15;666296;16835804.00
20140514;25.10;25.28;24.71;24.85;377205;9393265.00
20140515;24.84;24.97;22.86;23.10;1493616;35623708.00
20140516;23.03;23.88;22.60;23.80;934535;21817488.00
20140519;23.87;23.87;23.01;23.68;300171;7038678.50
20140520;23.71;23.98;23.09;23.30;602572;14035581.00
20140521;23.01;23.47;23.01;23.25;343057;7969739.50
20140522;23.01;23.49;23.01;23.25;345546;8055950.00
20140523;23.20;23.42;23.15;23.36;333298;7757272.00
20140526;23.45;23.58;23.32;23.50;319018;7487499.00
20140527;23.50;23.51;23.30;23.47;318421;7463181.00
20140528;23.46;23.56;23.21;23.48;173593;4065595.00
20140529;23.53;23.61;23.22;23.41;432186;10142002.00
20140530;23.33;23.62;23.25;23.45;284699;6688855.00
20140603;23.45;23.99;23.40;23.90;541293;12874694.00
20140604;23.90;23.95;23.60;23.60;182425;4331976.50
20140605;23.56;23.82;23.21;23.38;496768;11629925.00
20140606;23.32;23.45;23.20;23.38;451423;10521526.00
20140609;23.00;23.73;22.90;23.62;345254;8121520.00
20140610;23.68;23.79;23.34;23.62;374904;8842012.00
20140611;23.62;25.11;23.62;25.02;1258219;31200108.00
20140612;24.90;24.95;24.30;24.47;475364;11714589.00
20140613;24.67;24.91;24.32;24.84;497055;12292320.00
20140616;24.85;26.10;24.73;25.44;1139787;29455620.00
20140617;25.02;25.60;24.40;24.59;815826;20319664.00
20140618;24.59;24.77;24.50;24.70;301583;7432662.50
20140619;24.01;24.80;23.98;24.00;383010;9330987.00
20140620;24.50;25.68;24.08;25.60;761834;19112976.00
20140624;28.16;28.16;28.16;28.16;644385;18145882.00
20140625;29.16;29.19;25.80;26.25;15298252;415263648.00
20140626;25.82;26.45;25.50;25.88;9608154;249442080.00
20140627;25.75;26.22;25.63;25.69;5862334;151702928.00
20140630;25.71;25.80;25.13;25.49;4598903;117045272.00
20140701;25.52;25.85;25.38;25.59;4782022;122402088.00
20140702;25.70;26.30;25.62;25.89;9043047;234539200.00
20140703;26.09;26.77;25.89;26.03;13071957;342607776.00
20140704;26.39;26.74;26.08;26.54;8802827;232305936.00
20140707;26.65;26.97;26.26;26.46;6035505;160497968.00
20140708;26.38;26.48;25.91;26.22;5019581;131144744.00
20140709;26.24;26.24;25.65;25.68;3875417;100574616.00
20140710;25.80;25.96;25.58;25.83;2301150;59317452.00
20140711;25.85;25.96;25.71;25.84;2220442;57379844.00
20140714;25.80;26.36;25.71;26.34;3650556;95409312.00
20140715;26.30;26.30;25.72;25.87;2868679;74426968.00
20140716;25.74;25.86;25.10;25.32;3222790;81839544.00
20140717;25.21;25.49;25.13;25.28;1200786;30329188.00
20140718;25.38;25.58;25.30;25.37;1195158;30412942.00
20140721;25.38;25.49;24.61;24.63;2196266;54619308.00
20140722;24.43;24.88;24.43;24.81;1407032;34799724.00
20140723;24.76;24.78;24.01;24.08;2359233;57442292.00
20140724;24.08;24.28;23.63;24.00;1827480;43760444.00
20140725;24.10;24.65;24.02;24.64;1710951;41778532.00
20140728;24.72;25.15;24.66;25.01;2589939;64346312.00
20140729;25.08;25.47;25.05;25.30;2181324;55230368.00
20140730;25.26;25.48;25.11;25.27;1889695;47744920.00
20140731;25.31;26.42;25.27;26.18;4574886;118818584.00
20140801;26.01;26.33;25.85;26.26;3871880;101046056.00
20140804;26.27;26.57;25.98;26.17;6029027;158270560.00
20140805;26.25;26.69;25.70;26.49;6854842;179703792.00
20140806;26.30;26.40;25.81;25.81;5265228;137425856.00
20140807;25.81;25.81;24.35;24.39;20312940;506819936.00
20140808;24.60;24.80;24.31;24.46;8405836;205685664.00
20140811;24.52;24.77;24.38;24.76;5690875;140064800.00
20140812;24.72;25.09;24.69;25.01;5133958;127976776.00
20140813;25.09;25.22;24.82;25.16;4420828;110500440.00
20140814;24.93;25.08;24.20;24.32;16337473;400930368.00
20140815;24.26;24.53;24.18;24.52;5028664;122697160.00
20140818;24.70;24.96;24.62;24.95;6076662;150955408.00
20140819;25.09;25.09;24.82;24.97;5123386;127828352.00
20140820;24.78;24.79;24.53;24.59;7670123;188723520.00
20140821;24.89;26.09;24.71;25.97;16402477;414745664.00
20140822;25.90;26.19;25.68;25.81;9226515;238543648.00
20140825;25.86;26.45;25.76;25.90;8623804;224968032.00
20140826;25.85;25.90;24.87;25.36;13070226;329542048.00
20140827;25.15;25.22;24.71;24.80;9583356;238603216.00
20140828;11.11;11.37;10.60;10.74;19924455;216458192.00
20140829;10.60;10.84;10.44;10.70;10165494;108097504.00
20140901;10.69;11.35;10.66;11.33;18514928;206139664.00
20140902;11.43;11.43;11.24;11.35;17603756;199288688.00
20140903;11.36;11.48;11.26;11.37;16178255;183838688.00
20140904;11.37;11.87;11.30;11.69;29146785;340522560.00
20140905;11.69;11.82;11.60;11.74;18154422;212579056.00
20140909;11.80;11.84;11.62;11.78;17297471;202511856.00
20140910;11.75;11.75;11.56;11.69;15189043;177102848.00
20140911;11.63;11.79;11.53;11.56;20012883;233395632.00
20140912;11.54;11.65;11.46;11.63;11302323;130915208.00
20140915;11.63;11.66;11.52;11.63;14004381;162319712.00
20140916;11.65;11.94;11.57;11.66;28428539;333482560.00
20140917;11.67;12.57;11.62;12.23;42694575;518442208.00
20140918;12.20;12.22;11.91;12.00;21071197;252905360.00
20140919;12.05;12.09;11.70;11.88;17348880;205597648.00
20140922;11.85;11.85;11.50;11.56;14130691;164085936.00
20140923;11.55;11.66;11.51;11.66;8981324;104315744.00
20140924;11.66;11.74;11.58;11.72;12993080;151785568.00
20140925;11.76;11.83;11.63;11.64;13733307;160692064.00
20140926;11.60;11.63;11.45;11.53;12111412;139443904.00
20140929;11.56;11.86;11.56;11.83;16392577;192837440.00
20140930;11.83;11.87;11.71;11.79;12531211;147579824.00
20141008;11.78;11.90;11.68;11.90;16775711;197516048.00
20141009;11.93;11.99;11.73;11.93;20256589;240915152.00
20141010;11.97;11.97;11.78;11.82;13745363;163159840.00
20141013;11.76;11.76;11.55;11.71;9644256;112295040.00
20141014;11.71;11.75;11.57;11.61;8891025;103672240.00
20141015;11.62;11.74;11.58;11.71;9039720;105617176.00
20141016;11.65;11.77;11.53;11.54;11379573;132911608.00
20141017;11.56;11.62;11.01;11.22;12019436;135639840.00
20141020;11.24;11.29;11.16;11.25;7658111;86036984.00
20141021;11.27;11.38;11.23;11.30;6609469;74646192.00
20141022;11.35;11.35;10.92;10.94;9978300;110861200.00
20141023;10.89;10.97;10.58;10.60;7911354;84873864.00
20141024;10.60;10.72;10.60;10.68;4188078;44699872.00
20141027;10.69;10.74;10.63;10.72;3773155;40357432.00
20141028;10.72;11.07;10.71;11.07;7497326;82130640.00
20141029;11.01;11.11;10.93;11.07;13507554;148829520.00
20141030;11.05;11.15;10.96;11.07;10117716;112046712.00
20141031;11.03;11.06;10.85;10.96;10544815;115300320.00
20141103;10.96;11.01;10.86;10.98;8140144;89112600.00
20141104;11.00;11.03;10.68;10.71;10651661;115391424.00
20141105;10.67;10.75;10.60;10.74;6993519;74748568.00
20141106;10.72;10.75;10.65;10.75;4816538;51556672.00
20141107;10.77;10.80;10.50;10.55;9691552;103260200.00
20141110;10.60;10.75;10.57;10.74;6767029;72280304.00
20141111;10.72;10.73;10.24;10.30;11057744;115989496.00
20141112;10.28;10.45;10.25;10.41;4919342;51058040.00
20141113;10.41;10.45;10.25;10.40;5695779;58766760.00
20141114;10.35;10.38;10.27;10.34;4133837;42638864.00
20141117;10.38;10.51;10.32;10.47;4893992;51136544.00
20141118;10.48;10.51;10.39;10.41;3402042;35470784.00
20141119;10.40;10.47;10.38;10.42;4027377;41948652.00
20141120;10.43;10.54;10.39;10.48;5003230;52453412.00
20141121;10.48;10.52;10.42;10.49;5491669;57440504.00
20141124;10.54;10.63;10.49;10.59;9257441;97751368.00
20141125;10.59;11.08;10.55;11.00;20833054;225807376.00
20141126;11.00;11.00;10.77;10.86;11099252;120749568.00
20141127;10.87;11.06;10.86;11.01;10895394;119543656.00
20141128;11.09;11.09;10.88;10.92;9371898;102570312.00
20141201;10.88;10.88;10.61;10.63;11268249;120515912.00
20141202;10.68;10.87;10.68;10.78;8603939;92851768.00
20141203;10.72;11.13;10.71;11.00;18078138;197866816.00
20141204;11.01;11.10;10.93;11.05;14844391;163773456.00
20141205;11.09;11.10;10.54;10.72;15458625;166849856.00
20141208;10.76;10.76;10.56;10.68;9970198;106361848.00
20141209;10.64;10.65;10.26;10.26;15813074;165365632.00
20141210;10.50;10.54;10.28;10.54;9105548;95228200.00
20141211;10.50;10.78;10.42;10.66;10206308;108509968.00
20141212;10.60;10.75;10.59;10.73;8921428;95292864.00
20141215;10.71;11.05;10.66;11.00;14737614;160879840.00
20141216;11.00;11.15;10.87;10.89;12258946;134587136.00
20141217;10.90;10.90;10.57;10.70;9742664;104415112.00
20141218;10.69;10.77;10.55;10.60;7249935;77199160.00
20141219;10.55;10.66;10.35;10.47;8513486;89230376.00
20141222;10.48;10.53;10.11;10.15;10880474;111147880.00
20141223;10.17;10.32;10.13;10.17;5886657;60038648.00
20141224;10.20;10.37;10.20;10.36;5832898;59981752.00
20141225;10.37;10.50;10.32;10.43;5844770;60830416.00
20141226;10.43;10.48;10.28;10.38;6010464;62115016.00
20141229;10.32;10.32;10.14;10.16;6767745;69000504.00
20141230;10.16;10.25;10.14;10.18;4642177;47274692.00
20141231;10.21;10.26;10.16;10.24;4371267;44562384.00
20150105;10.20;10.48;10.15;10.42;9752626;100608168.00
20150106;10.35;10.47;10.25;10.43;9842418;102147336.00
20150107;10.44;11.26;10.44;10.98;30784260;336078784.00
20150108;10.88;11.04;10.82;10.86;13603074;148261072.00
20150109;10.86;11.00;10.73;10.74;10222658;111282472.00
20150112;10.80;10.89;10.52;10.59;7843119;83665240.00
20150113;10.64;10.75;10.61;10.72;6068086;64857780.00
20150114;10.68;10.79;10.57;10.79;7270339;77502264.00
20150115;10.82;11.09;10.82;11.01;13932721;152950432.00
20150116;11.20;11.35;11.03;11.09;16075593;179550736.00
20150119;10.94;11.26;10.61;10.80;16267842;178187280.00
20150120;10.80;11.15;10.73;11.14;16163386;177296944.00
20150121;11.34;11.94;11.30;11.89;46256540;540842240.00
20150122;11.79;12.49;11.70;12.24;45462269;551637568.00
20150123;12.31;12.41;11.88;11.90;28308982;341140256.00
20150126;11.90;12.25;11.90;12.06;18255381;220296304.00
20150127;11.99;11.99;11.66;11.90;19573172;231510768.00
20150128;11.85;11.96;11.70;11.82;11906890;141280544.00
20150129;11.72;11.77;11.55;11.62;12079084;141017104.00
20150130;11.55;11.69;11.30;11.30;14611132;167253376.00
20150202;11.29;11.54;11.25;11.38;8742636;99786024.00
20150203;11.36;11.57;11.36;11.57;8121546;93367592.00
20150204;11.52;11.62;11.28;11.29;8895665;101907776.00
20150205;11.47;11.54;11.29;11.34;9105409;103692248.00
20150206;11.28;11.43;11.05;11.09;9271448;104037248.00
20150209;11.05;11.05;10.88;10.91;7742770;84588592.00
20150210;10.95;11.02;10.86;11.00;5970582;65389032.00
20150211;11.00;11.24;11.00;11.20;5992606;66680108.00
20150212;11.20;11.23;11.10;11.21;6330772;70600552.00
20150213;11.30;11.42;11.25;11.33;8065725;91602472.00
20150216;11.35;11.45;11.28;11.45;7622372;86844656.00
20150217;11.45;11.51;11.32;11.34;7970460;90795800.00
20150225;11.34;11.37;11.16;11.22;9425224;105991504.00
20150226;11.23;11.87;11.20;11.83;23772862;276618784.00
20150227;11.80;11.93;11.66;11.84;17867507;210576016.00
20150302;11.90;11.99;11.81;11.91;17423847;206979904.00
20150303;11.91;12.47;11.82;12.14;37914592;463064512.00
20150304;12.12;13.30;12.02;13.12;48168561;621530624.00
20150305;13.15;13.15;12.68;12.97;28596285;368819232.00
20150306;13.00;13.96;13.00;13.22;35546175;479543776.00
20150309;13.16;13.83;12.70;13.54;30181609;407949920.00
20150310;13.50;13.89;13.35;13.55;20342086;277259328.00
20150311;13.60;13.83;13.20;13.28;23377198;313108032.00
20150312;13.25;13.27;12.73;12.84;20541586;265765632.00
20150313;12.88;13.08;12.80;12.91;11567197;149364016.00
20150316;12.96;13.48;12.96;13.44;19381351;257664480.00
20150317;13.46;13.87;13.29;13.66;25929810;351425216.00
20150318;13.68;14.68;13.50;14.42;33582691;473649760.00
20150319;14.29;14.92;14.01;14.60;31040499;452030528.00
20150320;14.61;15.00;14.37;14.63;24832888;363465696.00
20150323;14.65;15.22;14.49;15.15;35488847;529180544.00
20150324;15.08;15.25;14.38;14.86;32488055;482455776.00
20150325;14.85;14.85;14.50;14.69;23592522;345330048.00
20150326;14.98;15.20;14.56;15.08;28077671;419777440.00
20150327;15.08;15.30;14.80;15.15;22348379;336562560.00
20150330;15.11;15.29;14.95;14.99;19340096;291220992.00
20150331;15.01;15.05;14.47;14.50;25402374;373549184.00
20150401;14.50;15.13;14.41;14.92;23606771;348916608.00
20150402;14.88;15.23;14.80;15.04;23879802;358382240.00
20150403;15.02;15.20;14.84;15.03;23061290;346563488.00
20150407;15.09;15.96;15.09;15.75;36075849;563162496.00
20150408;15.68;16.34;15.56;16.27;40025137;640643968.00
20150409;16.37;16.59;15.25;15.45;30637623;481100480.00
20150410;15.32;15.93;15.10;15.75;20751764;323695488.00
20150413;15.70;16.18;15.60;16.04;24314788;387019648.00
20150414;16.08;16.08;15.45;15.55;22348257;351303616.00
20150415;15.53;15.53;14.53;14.53;23456124;352022048.00
20150416;14.50;14.95;14.01;14.86;16599467;242555152.00
20150417;14.88;15.09;14.66;14.71;18716791;276624640.00
20150420;14.65;14.65;14.00;14.06;21903627;313353024.00
20150421;14.06;14.75;14.00;14.71;15484272;224039232.00
20150422;14.83;15.33;14.83;15.08;20253190;306155552.00
20150423;15.09;15.29;14.76;15.24;26386793;396747200.00
20150424;15.00;15.70;14.85;15.50;29331574;451459424.00
20150427;15.45;15.59;15.20;15.33;25802744;396216224.00
20150428;15.31;15.44;14.40;14.46;20967187;309936800.00
20150429;14.37;15.14;14.24;14.88;17318150;257763568.00
20150430;14.88;14.90;14.51;14.51;11988591;175702816.00
20150504;14.40;14.50;14.25;14.43;9888843;142345840.00
20150505;14.50;14.68;13.91;14.05;12446329;178217968.00
20150506;14.04;14.25;13.71;13.81;10833378;151950240.00
20150507;13.85;13.90;13.21;13.25;11654783;157090192.00
20150508;13.33;13.72;13.31;13.68;10373562;139910496.00
20150511;13.88;14.17;13.74;14.17;13693510;192371936.00
20150512;14.18;14.27;14.07;14.20;12084031;171055600.00
20150513;14.15;14.43;14.05;14.38;15912920;227436032.00
20150514;14.44;14.78;14.23;14.67;20029018;290835040.00
20150515;14.67;14.83;14.28;14.38;16364875;237791456.00
20150518;14.23;15.27;14.22;14.99;30384831;449545344.00
20150519;15.00;15.19;14.85;15.09;23456337;352752320.00
20150520;15.10;15.43;14.93;14.98;23182214;352439168.00
20150521;14.90;15.55;14.80;15.50;29586534;451293504.00
20150522;15.60;15.95;15.51;15.71;28537586;448109952.00
20150525;15.71;16.44;15.41;16.28;37685102;605574976.00
20150526;16.50;17.91;16.30;17.91;34662970;601893376.00
20150527;18.60;19.50;17.77;19.25;43457814;814056832.00
20150528;18.90;19.48;17.33;17.34;40266469;743646656.00
20150529;17.33;18.19;16.12;17.75;30499543;533055488.00
20150601;17.78;19.53;17.78;19.53;32755125;619904768.00
20150602;20.16;21.48;19.96;21.07;34973784;730166464.00
20150603;21.33;23.00;20.51;23.00;30830130;674737088.00
20151021;20.61;20.61;20.61;20.61;310600;6401466.00
20151022;18.55;18.55;18.55;18.55;437300;8111915.00
20151023;16.70;18.55;16.70;17.33;96343329;1644669696.00
20151026;16.79;17.17;16.10;16.89;52681675;875877056.00
20151027;16.51;16.80;16.19;16.67;27187941;450183392.00
20151028;16.36;16.59;16.00;16.10;25924062;422783136.00
20151029;16.29;16.36;15.45;15.57;25224771;397891488.00
20151030;15.48;15.50;14.90;15.07;20256225;306420096.00
20151102;14.85;15.66;14.70;15.10;17291989;264149504.00
20151103;14.99;15.33;14.88;15.09;14437896;218389856.00
20151104;15.29;15.73;15.17;15.56;20166346;310985824.00
20151105;15.49;15.54;15.00;15.08;23056040;350760288.00
20151106;15.08;15.48;15.00;15.40;17551981;268227952.00
20151109;15.26;15.39;15.02;15.30;17980412;273782720.00
20151110;15.19;15.75;15.08;15.62;20286831;314544352.00
20151111;15.65;16.25;15.48;16.03;28152273;448557696.00
20151112;16.12;16.77;15.81;16.53;34078128;555926144.00
20151113;16.35;16.85;15.92;16.02;21834129;356188640.00
20151116;15.56;15.90;15.50;15.90;17293236;271220928.00
20151117;16.03;16.09;15.61;15.66;20466880;325150112.00
20151118;15.54;15.70;15.01;15.10;14566565;223912976.00
20151119;15.10;15.66;15.10;15.64;10861495;166866912.00
20151120;15.63;15.73;15.27;15.48;12569178;193840944.00
20151123;15.48;16.47;15.48;16.47;26994195;434600384.00
20151124;16.60;18.00;16.60;17.31;44477113;770129280.00
20151125;17.40;18.12;16.86;17.78;32374812;568255232.00
20151126;17.70;18.25;17.18;17.63;33833941;603290176.00
20151127;17.50;18.48;17.20;18.10;49182482;890071104.00
20151130;18.15;18.36;16.70;18.20;29701005;529540160.00
20151201;17.78;17.98;16.85;16.87;24003404;418086016.00
20151202;16.73;17.23;15.31;16.37;21112126;340981568.00
20151203;16.19;17.99;15.95;17.20;25511029;433407936.00
20151204;17.14;17.87;16.88;17.00;25354860;440120224.00
20151207;16.80;17.59;16.77;17.29;21574670;373202720.00
20151208;17.00;18.20;16.84;17.76;36999171;656172800.00
20151209;17.91;17.92;17.11;17.21;18977512;329464800.00
20151210;17.03;17.70;16.75;17.70;19514858;337814240.00
20151211;17.59;17.95;17.26;17.45;14018763;245606992.00
20151214;17.00;17.50;16.68;17.08;17564513;299999808.00
20151215;17.00;17.48;16.91;17.29;15017823;256915344.00
20151216;17.21;18.28;17.15;18.12;32535319;581516416.00
20151222;18.79;19.90;18.33;19.10;44523995;853275648.00
20151223;18.99;20.60;18.80;20.35;36875633;719504256.00
20151224;20.05;21.19;19.90;20.50;31503849;645474624.00
20151225;20.83;21.23;19.56;20.96;40302760;825612032.00
20151228;20.60;22.01;20.55;20.95;32979294;702384128.00
20151229;20.80;21.20;19.80;20.20;18880538;382943168.00
20151230;20.50;21.38;20.16;21.15;17421425;360458176.00
20151231;21.46;21.98;20.94;21.24;31877166;683706368.00
20160104;20.88;21.25;19.12;19.12;14128146;280802080.00
20160105;17.45;19.26;17.21;17.81;40122210;716416768.00
20160106;17.81;19.44;17.78;19.22;23456635;435009024.00
20160107;18.70;19.09;17.30;17.30;3986980;72431392.00
20160108;17.70;18.68;16.68;17.88;24570621;439226624.00
20160111;17.40;18.17;16.09;16.09;17269345;291341344.00
20160112;14.50;15.60;14.48;14.48;18720272;272075712.00
20160113;13.03;15.52;13.03;14.45;39606844;552621696.00
20160114;13.52;14.99;13.25;14.56;14192300;202421744.00
20160115;14.51;14.51;13.11;14.10;21009752;288033184.00
20160118;13.79;15.50;13.52;15.07;22515165;334303296.00
20160119;14.80;16.26;14.65;15.89;14308122;226698272.00
20160120;16.00;16.79;15.45;15.64;14711409;238229264.00
20160121;15.25;15.87;15.17;15.17;8042670;124885640.00
20160122;14.90;15.83;14.76;15.70;13753020;212597792.00
20160125;15.90;16.38;15.43;15.80;5165357;81985160.00
20160126;15.78;16.31;14.22;14.22;14206137;218878608.00
20160127;14.22;14.40;12.80;12.80;27751860;358517984.00
20160128;12.60;12.78;11.52;11.52;14723276;175635488.00
20160129;11.10;12.31;10.54;12.09;17858313;209047952.00
20160201;11.79;12.56;10.88;11.25;13978696;163681696.00
20160202;11.35;11.89;11.31;11.73;8569198;100017472.00
20160203;11.49;11.70;11.06;11.52;9165036;104058408.00
20160204;11.63;12.14;11.63;11.95;9345376;111575344.00
20160205;11.99;12.24;11.80;11.93;7249181;87043328.00
20160215;11.98;13.00;11.98;12.43;20708854;257813040.00
20160216;12.20;12.88;12.01;12.72;20061163;249865584.00
20160217;12.70;12.80;12.26;12.52;15920849;198880112.00
20160218;12.55;12.90;12.40;12.77;18992977;239550208.00
20160219;12.50;12.67;12.20;12.42;13790420;171642432.00
20160222;12.57;12.74;12.38;12.51;14543076;182268128.00
20160223;12.54;12.57;12.22;12.33;9141507;113089672.00
20160224;12.26;12.80;12.16;12.75;18747450;235803792.00
20160225;12.61;13.01;11.48;11.48;14963215;182455600.00
20160226;11.47;11.55;10.66;11.20;13362890;147507520.00
20160229;11.02;11.08;10.08;10.10;14041516;143385088.00
20160301;10.10;10.39;9.73;10.29;12804796;129488960.00
20160302;10.13;11.32;10.11;11.32;13634975;145543984.00
20160303;11.65;12.45;11.65;12.05;30938181;376054592.00
20160304;11.72;12.38;11.25;11.38;20536072;242686960.00
20160307;11.30;11.87;11.18;11.81;21078406;242594432.00
20160308;11.60;11.70;10.80;11.30;17574927;197100688.00
20160309;10.86;11.09;10.40;10.49;17525244;186716432.00
20160310;10.57;10.65;10.10;10.19;13562325;140290352.00
20160311;10.27;10.44;10.10;10.20;10185959;104515752.00
20160314;10.34;10.70;10.28;10.61;16599758;174888768.00
20160315;10.40;10.56;10.30;10.40;11692472;121867736.00
20160316;10.45;10.62;10.26;10.40;12587205;131416048.00
20160317;10.59;10.98;10.38;10.80;19505224;208242960.00
20160318;10.90;11.28;10.82;11.13;17694175;196596864.00
20160321;11.22;11.54;11.13;11.45;23741430;269168288.00
20160322;11.22;11.32;10.93;11.12;31253176;347951904.00
20160323;11.15;11.36;11.05;11.32;22110747;247737424.00
20160324;11.17;11.18;10.93;10.95;20225858;223500000.00
20160325;10.86;11.15;10.85;11.13;14100616;155162560.00
20160328;11.14;11.99;11.14;11.72;29587472;336987872.00
20160329;11.53;11.92;11.28;11.68;30163781;350890464.00
20160330;11.95;12.08;11.39;11.83;33582873;392443648.00
20160331;11.72;11.77;11.43;11.50;23208036;268669920.00
20160401;11.44;11.51;10.98;11.13;22911799;256114272.00
20160405;11.16;11.66;11.10;11.66;26438396;300966368.00
20160406;11.60;11.95;11.48;11.54;27970223;326422752.00
20160407;11.64;11.65;11.20;11.22;18887341;214875712.00
20160408;11.11;11.20;10.83;11.03;20566170;226007808.00
20160411;11.10;11.35;11.09;11.34;16845528;189446064.00
20160412;11.33;11.68;11.29;11.54;31427608;362111552.00
20160413;11.55;11.83;11.52;11.56;30672645;358159136.00
20160414;11.61;12.14;11.50;12.13;37620795;444470784.00
20160415;12.10;12.35;11.82;12.29;36692125;445364864.00
20160418;12.15;12.45;11.90;12.36;21883725;266065216.00
20160419;12.36;12.43;12.05;12.21;19290367;235315616.00
20160420;12.30;12.35;11.01;11.45;32003286;374162144.00
20160421;11.25;11.48;11.17;11.28;15432813;175353264.00
20160422;11.19;11.46;11.06;11.44;13889794;157645936.00
20160425;11.38;11.38;11.00;11.10;12920019;144156160.00
20160426;11.18;11.30;10.90;11.14;16602859;183843504.00
20160427;11.17;11.57;11.07;11.43;26012549;295270336.00
20160428;11.35;11.50;11.00;11.19;15155768;170432288.00
20160429;11.21;11.48;11.15;11.31;13441519;152533744.00
20160503;11.44;11.94;11.35;11.85;19718891;230941536.00
20160504;11.80;11.95;11.60;11.75;17050724;200701408.00
20160505;11.70;11.84;11.62;11.79;10608170;124491584.00
20160506;11.78;11.92;11.21;11.21;20022144;231950144.00
20160509;11.00;11.10;10.30;10.49;14190436;151582576.00
20160510;10.40;10.58;10.11;10.42;7843461;81439672.00
20160511;10.47;10.52;10.25;10.25;5935316;61748808.00
20160512;10.11;10.11;9.87;10.06;9338828;93417680.00
20160513;10.02;10.25;9.87;10.12;6377222;64422992.00
20160516;10.12;10.34;9.96;10.30;6762623;68666336.00
20160517;10.31;10.37;10.18;10.20;6496395;66615260.00
20160518;10.17;10.17;9.80;9.99;8676397;86413368.00
20160519;10.02;10.26;9.98;10.10;8446062;85701200.00
20160520;10.09;10.21;9.96;10.17;4787366;48484700.00
20160523;10.18;10.31;10.10;10.24;6389562;65460988.00
20160524;10.23;10.45;10.16;10.27;7199025;74018448.00
20160525;10.34;10.43;10.23;10.38;7868304;81321536.00
20160526;10.44;10.98;10.38;10.83;20126524;215843952.00
20160527;10.72;10.76;10.58;10.63;9230030;98431416.00
20160530;10.53;10.73;10.37;10.61;6544970;69015304.00
20160531;10.61;11.02;10.59;10.96;15491554;168571104.00
20160601;11.07;11.07;10.80;10.87;10963227;119967320.00
20160602;11.00;11.02;10.80;10.88;9045597;98500400.00
20160603;10.89;10.91;10.69;10.87;11938462;129090472.00
20160606;11.05;11.28;10.95;11.14;15189851;168677344.00
20160607;11.05;11.46;11.05;11.40;15932632;180590944.00
20160608;11.28;11.53;11.22;11.46;11248462;128333320.00
20160613;11.37;11.83;11.26;11.35;19156814;222122512.00
20160614;11.19;11.24;10.85;10.93;11452056;126354752.00
20160615;10.95;11.56;10.85;11.48;12554858;141446640.00
20160616;11.51;12.04;11.18;11.84;20309611;236541760.00
20160617;11.56;12.60;11.38;12.36;37267995;451198944.00
20160620;12.21;12.88;12.16;12.46;30013157;379740352.00
20160621;12.47;12.55;12.06;12.12;18001389;220662592.00
20160622;12.02;12.95;12.02;12.87;23488866;295654784.00
20160623;12.80;12.80;12.50;12.60;13561204;171294736.00
20160624;12.52;13.66;12.41;13.04;24247824;311777728.00
