20110302;38.47;40.80;38.02;38.13;9432453;369605600.00
20110303;37.45;40.98;37.01;39.71;6382202;251208640.00
20110304;38.00;38.31;36.88;37.65;3801463;142969872.00
20110307;37.03;38.17;37.03;37.35;2753678;103227904.00
20110308;37.10;37.38;36.01;36.31;2791537;101731800.00
20110309;36.40;36.87;36.15;36.51;1510928;55230552.00
20110310;36.55;36.89;36.19;36.60;1522724;55663532.00
20110311;36.55;36.85;36.07;36.22;1436260;52249056.00
20110314;36.00;36.52;35.10;36.50;1905759;68047720.00
20110315;36.15;39.50;36.13;38.04;4263794;161405584.00
20110316;37.55;38.86;37.02;37.73;1899259;71506752.00
20110317;37.53;37.53;36.14;36.27;1301983;47811052.00
20110318;36.41;36.88;36.25;36.37;658886;24046520.00
20110321;36.31;36.98;36.10;36.60;602517;21975908.00
20110322;36.79;37.65;36.21;37.23;1369796;50812304.00
20110323;37.01;37.24;36.63;36.90;906594;33412078.00
20110324;36.90;37.75;36.90;37.45;1321108;49492160.00
20110325;37.25;37.25;36.48;36.68;1264179;46356192.00
20110328;36.68;37.29;36.38;36.63;1058628;38979608.00
20110329;36.35;36.88;35.15;35.19;1259535;44917196.00
20110330;35.20;35.33;34.03;34.10;793933;27384486.00
20110331;34.19;34.58;34.15;34.44;475832;16331327.00
20110401;34.45;34.99;34.30;34.69;481869;16698518.00
20110406;34.58;34.99;34.25;34.38;443989;15315528.00
20110407;34.39;34.60;34.19;34.49;413824;14212876.00
20110408;34.59;34.77;34.30;34.66;433977;14991697.00
20110411;34.67;34.80;33.75;33.80;627671;21478246.00
20110412;33.50;33.77;33.40;33.45;541890;18174656.00
20110413;33.47;35.69;33.47;35.16;1345248;46767224.00
20110414;35.00;35.00;34.35;34.42;586333;20285586.00
20110415;34.40;34.42;33.81;34.00;354951;12084278.00
20110418;34.10;34.95;34.02;34.35;429211;14792547.00
20110419;34.20;34.30;33.80;33.95;344765;11713269.00
20110420;33.96;34.47;33.96;34.31;269735;9242756.00
20110421;34.45;34.54;34.25;34.32;307396;10575388.00
20110425;33.98;33.98;32.01;32.02;950843;31195956.00
20110426;32.07;32.44;31.06;31.23;492435;15435527.00
20110427;31.32;31.35;30.17;30.48;447213;13681259.00
20110428;30.46;30.77;29.70;29.71;372489;11292183.00
20110429;29.83;29.96;29.12;29.94;225108;6666546.50
20110503;29.77;30.30;29.66;30.30;297046;8943583.00
20110504;30.08;30.20;29.13;29.16;305318;9019103.00
20110505;28.99;29.17;28.73;29.16;261189;7557648.00
20110506;29.05;29.07;28.62;28.87;219149;6320826.50
20110509;28.91;29.48;28.91;29.01;270584;7873084.00
20110510;29.20;29.20;28.82;29.02;158974;4599967.50
20110511;29.11;31.90;29.00;30.06;517364;15625926.00
20110512;29.88;30.22;29.40;29.41;299425;8867446.00
20110513;29.31;30.89;29.00;30.82;494440;14819445.00
20110516;30.90;30.95;29.96;30.80;423593;12963763.00
20110517;30.80;30.80;30.20;30.30;298827;9091111.00
20110518;30.30;30.40;30.00;30.12;163765;4930168.50
20110519;30.02;30.34;29.98;30.07;122106;3675202.00
20110520;30.00;30.18;29.51;29.54;108101;3215351.50
20110523;29.50;29.50;28.01;28.03;333406;9488466.00
20110524;28.02;28.03;27.11;27.84;225696;6232001.00
20110525;27.52;27.80;27.50;27.50;90566;2499545.75
20110526;27.99;27.99;27.37;27.37;116491;3201440.75
20110527;28.88;28.88;27.25;27.42;189507;5244370.50
20110530;27.43;27.43;26.76;26.85;164845;4442798.50
20110531;26.90;27.35;26.90;27.22;125896;3419889.00
20110601;27.22;27.50;27.10;27.40;90385;2473819.25
20110602;27.18;27.39;26.77;26.93;199118;5369744.50
20110603;26.94;27.49;26.94;27.40;522116;14215846.00
20110607;27.40;27.40;27.06;27.27;334552;9118716.00
20110608;27.40;27.52;26.83;27.05;256181;6917020.50
20110609;26.90;26.90;26.03;26.03;320353;8477276.00
20110610;26.03;26.28;25.00;25.53;289945;7394150.50
20110613;25.30;25.48;25.05;25.31;110740;2797161.00
20110614;25.20;25.64;25.10;25.63;230738;5887805.50
20110615;25.60;25.79;25.30;25.36;200600;5126336.00
20110616;25.23;25.35;24.70;24.71;245539;6161253.50
20110617;24.71;24.91;24.40;24.43;216982;5349034.50
20110620;24.18;25.15;24.18;24.90;392710;9712357.00
20110621;24.96;25.27;24.89;25.27;287707;7208797.00
20110622;25.26;25.27;24.86;25.20;248750;6242071.00
20110623;25.20;27.00;24.86;26.63;509330;13296024.00
20110624;26.49;26.78;26.12;26.60;987904;26204972.00
20110627;26.56;26.99;26.56;26.73;459766;12315087.00
20110628;26.65;26.73;26.20;26.55;276707;7320792.50
20110629;26.55;26.94;26.25;26.25;206548;5496337.50
20110630;26.47;27.08;26.30;26.74;379992;10180772.00
20110701;26.89;26.89;26.62;26.72;316532;8464001.00
20110704;26.71;27.38;26.71;27.25;376141;10224008.00
20110705;27.26;27.40;27.04;27.19;333384;9069208.00
20110706;27.05;27.25;26.72;27.25;315765;8513308.00
20110707;27.19;27.99;27.18;27.60;637795;17643870.00
20110708;27.63;27.63;27.14;27.46;305277;8354533.00
20110711;27.48;27.94;27.18;27.92;325737;9026023.00
20110712;27.67;27.80;27.00;27.10;303396;8336681.00
20110713;27.02;27.68;27.02;27.59;305720;8402179.00
20110714;27.59;28.45;27.59;28.12;594247;16669619.00
20110715;28.10;28.96;27.82;28.92;630604;17971998.00
20110718;28.80;28.93;28.42;28.48;335665;9597244.00
20110719;28.48;28.48;27.85;27.94;301553;8454933.00
20110720;28.00;28.28;27.79;28.10;225768;6335555.50
20110721;28.11;28.24;27.54;27.60;259252;7196327.50
20110722;27.43;27.99;27.43;27.61;215249;5985504.00
20110725;27.61;28.27;26.79;26.83;375820;10377927.00
20110726;26.88;27.35;26.87;27.10;161152;4373044.00
20110727;26.90;27.90;26.71;27.86;218225;6010234.00
20110728;27.62;28.81;27.61;28.77;727829;20695250.00
20110729;28.82;29.15;28.10;29.10;766313;22006468.00
20110801;29.00;29.98;28.92;29.78;1012931;30086812.00
20110802;29.70;29.70;28.71;29.50;624785;18252342.00
20110803;29.01;29.60;28.90;29.48;523836;15341690.00
20110804;29.40;29.57;28.50;28.70;714955;20644728.00
20110805;26.99;27.59;26.50;27.12;729844;19813534.00
20110808;26.80;26.93;24.60;25.16;619221;15971691.00
20110809;24.58;25.60;24.25;25.24;392038;9793868.00
20110810;25.64;26.22;25.55;25.62;443324;11505483.00
20110811;25.11;26.36;25.01;26.30;459251;11825165.00
20110812;26.30;26.88;26.26;26.58;631139;16732151.00
20110815;26.53;27.48;26.30;27.11;796429;21468030.00
20110816;27.13;27.28;26.80;26.98;357213;9644094.00
20110817;27.05;27.17;26.67;26.90;256045;6911049.00
20110818;26.93;27.37;26.91;27.18;418164;11355448.00
20110819;26.55;27.18;26.52;26.92;367944;9905042.00
20110822;26.92;28.41;26.83;27.73;558832;15510725.00
20110823;27.78;28.89;27.31;28.73;1170455;33105306.00
20110824;28.75;29.39;28.30;28.49;1037916;29953086.00
20110825;28.40;28.89;27.90;28.48;918266;25977462.00
20110826;28.49;29.48;28.31;29.18;968974;28143784.00
20110829;29.20;29.90;28.61;29.41;1156917;34114736.00
20110830;29.38;30.20;28.61;28.80;961984;28345534.00
20110831;28.71;29.29;28.40;28.75;465942;13394581.00
20110901;28.75;29.22;28.68;29.15;663458;19224238.00
20110902;29.05;29.16;27.02;28.28;553095;15689852.00
20110905;27.97;28.40;27.50;27.98;232803;6512453.00
20110906;27.68;28.08;27.61;27.75;224381;6240985.50
20110907;27.95;28.95;27.81;28.70;612523;17462918.00
20110908;28.70;28.94;28.11;28.24;419017;11973231.00
20110909;28.23;29.24;28.11;28.73;559389;16100255.00
20110913;28.70;28.73;27.72;28.08;381527;10751623.00
20110914;28.13;28.30;27.00;27.70;542609;14944127.00
20110915;27.90;28.03;27.45;27.45;265747;7372633.00
20110916;27.85;27.88;27.30;27.37;239696;6597251.00
20110919;27.15;27.40;26.55;26.62;195764;5256990.00
20110920;26.53;27.50;26.05;26.96;257318;6891901.00
20110921;27.01;27.68;26.70;27.50;386055;10581011.00
20110922;27.55;27.56;26.31;26.72;218190;5914081.00
20110923;26.22;26.65;26.10;26.37;198862;5242601.00
20110926;26.37;26.97;26.10;26.35;252260;6683384.50
20110927;26.65;26.65;26.02;26.45;215418;5662815.50
20110928;26.46;26.53;25.50;25.72;178343;4657717.00
20110929;25.72;25.72;24.70;24.85;246272;6189782.50
20110930;24.69;25.35;24.69;25.15;121549;3048183.75
20111010;25.20;25.92;24.96;25.15;123729;3116031.00
20111011;25.80;25.88;24.88;25.07;225561;5726748.50
20111012;25.01;25.78;24.58;25.68;256802;6563534.50
20111013;25.51;26.30;25.50;26.03;316189;8216809.00
20111014;25.87;26.08;25.53;25.78;153823;3958676.25
20111017;25.78;25.95;25.55;25.81;309953;7981081.00
20111018;25.70;26.44;25.53;25.79;339099;8765623.00
20111019;25.59;25.91;25.25;25.30;216761;5548431.50
20111020;25.21;25.21;23.15;23.30;539569;13103587.00
20111021;23.54;23.54;23.13;23.23;171644;4008592.75
20111024;23.52;24.24;22.40;23.61;254922;5991311.00
20111025;23.87;24.44;23.23;24.37;407020;9751872.00
20111026;24.10;24.95;23.91;24.54;426135;10458428.00
20111027;24.54;25.16;24.41;24.54;357900;8857727.00
20111028;24.65;25.59;24.65;24.97;344130;8591687.00
20111031;25.46;25.49;24.72;25.05;273055;6828280.00
20111101;24.99;25.69;24.83;25.41;383756;9713033.00
20111102;25.01;26.07;24.90;26.07;522033;13360969.00
20111103;26.07;27.47;25.86;26.50;852903;22844136.00
20111104;26.79;27.00;26.50;26.78;319230;8554425.00
20111107;26.80;27.05;26.21;26.79;349683;9320932.00
20111108;26.66;26.82;26.21;26.59;211400;5627753.00
20111109;26.58;27.80;26.57;27.07;347279;9400798.00
20111110;26.81;27.28;26.66;26.77;219073;5882113.00
20111111;26.86;27.23;26.71;26.85;307352;8284639.50
20111114;27.03;28.45;26.90;27.91;819900;22774820.00
20111115;27.92;27.92;27.51;27.68;290487;8040564.00
20111116;27.78;27.85;26.10;26.79;376400;10214975.00
20111117;26.60;27.49;26.60;26.94;253612;6861445.50
20111118;27.00;27.00;26.29;26.50;235873;6260551.00
20111121;26.48;27.50;26.40;26.85;236205;6363753.00
20111122;26.38;27.05;26.31;26.87;170398;4564044.50
20111123;27.27;27.77;26.96;27.01;481827;13146399.00
20111124;26.70;27.06;26.40;26.94;244886;6557507.00
20111125;26.93;27.33;26.80;27.15;360152;9771802.00
20111128;27.24;27.68;27.10;27.63;589683;16167137.00
20111129;27.89;28.10;27.41;27.69;568980;15771142.00
20111130;27.67;27.87;26.20;26.47;515906;13898598.00
20111201;27.01;27.35;26.70;26.74;414749;11238857.00
20111202;26.60;26.61;25.80;25.98;351980;9220225.00
20111205;25.61;25.98;24.50;25.00;191876;4836385.00
20111206;24.81;25.08;24.63;24.83;178400;4426624.00
20111207;24.80;25.45;24.69;24.98;125380;3144595.75
20111208;25.20;25.31;24.60;25.03;204521;5103230.00
20111209;24.96;25.10;24.71;24.80;126428;3145286.00
20111212;24.65;24.93;24.08;24.13;185497;4555249.50
20111213;24.05;24.05;23.28;23.50;232612;5483007.00
20111214;23.50;23.67;23.20;23.22;115168;2702393.50
20111215;23.11;23.48;23.04;23.08;174026;4057490.75
20111216;23.08;23.87;23.05;23.85;211689;4973545.50
20111219;23.80;24.44;23.43;24.28;168671;4028039.00
20111220;24.18;24.46;24.10;24.12;165681;4029839.75
20111221;24.55;24.55;23.51;23.60;115480;2798005.75
20111222;23.76;23.77;22.35;23.25;172528;3983481.50
20111223;23.08;23.65;23.08;23.43;101261;2377147.50
20111226;23.45;23.94;23.40;23.55;80510;1909247.25
20111227;23.38;23.41;22.55;22.80;108900;2512122.50
20111228;22.50;22.98;21.88;22.45;130606;2930614.50
20111229;22.21;22.90;22.20;22.49;69500;1572698.00
20111230;22.54;23.30;22.54;23.14;130388;2989512.75
20120104;23.20;23.48;22.59;22.60;114000;2635805.00
20120105;23.02;23.09;20.35;21.86;211856;4742062.50
20120106;21.60;21.69;20.80;21.65;154168;3273790.00
20120109;21.65;22.34;21.50;22.30;139307;3070044.75
20120110;22.25;24.03;22.06;23.26;160446;3675363.75
20120111;23.26;23.39;23.01;23.32;105089;2443664.25
20120112;23.08;23.44;23.08;23.17;87979;2042442.63
20120113;23.08;23.25;22.22;22.31;154327;3506169.25
20120116;21.99;22.20;21.31;21.66;61086;1332203.38
20120117;21.60;22.99;21.60;22.70;174206;3885997.00
20120118;22.75;22.95;22.30;22.30;128757;2918515.00
20120119;22.29;22.71;22.15;22.39;71358;1594056.75
20120120;22.38;22.66;22.31;22.50;72905;1640766.25
20120130;22.69;22.69;22.40;22.52;80519;1815767.75
20120131;22.58;22.58;22.26;22.38;51785;1157990.75
20120201;22.56;22.73;22.31;22.70;125225;2829842.25
20120202;22.69;23.39;22.69;23.17;163197;3771906.25
20120203;23.19;23.35;23.10;23.32;144003;3346660.75
20120206;23.32;23.94;23.11;23.56;174669;4093000.00
20120207;23.27;23.52;22.96;23.00;105875;2454360.75
20120208;23.08;23.65;22.90;23.60;150140;3510472.25
20120209;23.59;24.20;23.53;23.66;357826;8503737.00
20120210;23.68;23.92;23.45;23.60;163788;3875712.25
20120213;23.31;24.08;23.31;24.00;270628;6454437.00
20120214;23.92;24.00;23.60;23.84;126228;2998301.75
20120215;23.70;24.35;23.60;24.15;309143;7419964.00
20120216;24.12;24.22;23.82;23.96;166535;3999864.25
20120217;24.19;24.65;23.97;24.37;334400;8120257.00
20120220;24.74;24.74;24.19;24.26;204881;4981685.50
20120221;24.26;24.45;23.96;24.35;185066;4479244.50
20120222;24.23;25.37;24.22;24.93;329844;8166433.00
20120223;24.93;25.49;24.81;24.90;285254;7150420.00
20120224;25.25;25.27;24.88;25.00;279704;6985698.50
20120227;25.00;25.50;24.91;25.13;357470;9005042.00
20120228;25.11;25.17;24.63;24.89;300275;7468265.50
20120229;24.74;24.91;24.60;24.72;212678;5271962.50
20120301;24.93;25.04;24.61;24.95;156222;3886115.25
20120302;25.10;25.80;24.97;25.43;379015;9568062.00
20120305;25.43;25.50;25.10;25.14;230982;5842036.00
20120306;25.08;25.18;24.73;24.90;191335;4774758.00
20120307;24.62;25.25;24.62;24.86;215708;5383720.50
20120308;25.15;25.53;24.88;25.17;279615;7066421.50
20120309;25.42;25.68;25.22;25.66;371133;9462620.00
20120312;25.69;28.00;25.69;27.15;1294886;35060956.00
20120313;26.90;28.74;26.89;28.43;1812325;50967352.00
20120314;28.69;28.81;27.20;27.64;1344984;38017656.00
20120315;27.21;27.80;26.26;27.19;827089;22411884.00
20120316;27.19;27.99;27.02;27.99;814209;22466434.00
20120319;28.00;29.80;27.99;28.40;1121637;32140402.00
20120320;28.37;28.37;27.30;28.07;792901;21993206.00
20120321;28.00;28.22;26.56;27.27;795114;21826324.00
20120322;27.18;27.46;26.81;27.00;462078;12489571.00
20120323;25.33;25.69;24.65;24.70;1600890;40230204.00
20120326;24.50;24.88;24.30;24.66;450391;11045899.00
20120327;24.85;24.96;24.32;24.40;457972;11269790.00
20120328;24.47;24.47;23.40;23.67;535076;12755330.00
20120329;23.56;23.92;23.30;23.38;363884;8598003.00
20120330;23.38;23.62;23.35;23.49;232168;5447427.00
20120405;23.61;24.03;23.16;23.90;417903;9903097.00
20120406;23.91;24.17;23.77;23.96;389102;9313083.00
20120409;23.81;24.13;23.68;23.69;226440;5418293.50
20120410;23.53;23.89;23.32;23.81;234196;5534842.50
20120411;23.70;23.91;23.46;23.82;345067;8205448.00
20120412;23.78;24.34;23.70;24.29;565700;13663469.00
20120413;24.29;24.98;24.13;24.85;787571;19364112.00
20120417;24.52;24.52;24.11;24.20;456155;11090745.00
20120418;24.35;24.88;24.22;24.71;494907;12189077.00
20120419;24.80;24.84;24.53;24.81;341613;8439266.00
20120420;24.92;25.48;24.81;24.90;568407;14251327.00
20120423;24.86;25.25;24.20;24.25;442768;10816004.00
20120424;24.33;24.34;23.11;23.50;333561;7900807.50
20120425;23.21;23.70;23.21;23.55;239880;5631671.00
20120426;23.55;23.86;22.78;23.20;305301;7153410.00
20120427;21.70;23.30;21.70;22.84;174859;3998642.50
20120502;23.00;23.40;22.86;23.05;241939;5581632.50
20120503;22.92;23.13;22.80;23.01;199796;4575237.50
20120504;23.01;23.68;22.92;23.26;312712;7247802.50
20120507;23.28;24.00;23.26;23.75;312379;7356183.00
20120508;23.75;24.29;23.51;24.15;461105;11040459.00
20120509;24.02;24.08;23.60;23.64;223796;5324613.00
20120510;23.82;23.98;23.57;23.75;198748;4713067.00
20120511;23.62;23.62;22.80;22.92;151538;3516390.00
20120514;23.05;23.45;23.03;23.09;149201;3459625.75
20120515;22.83;23.28;22.26;22.86;126576;2895241.75
20120516;22.99;23.03;22.53;22.53;119319;2711418.50
20120517;22.70;23.00;22.53;22.82;127401;2899713.50
20120518;22.61;22.85;22.46;22.51;138251;3132999.00
20120521;22.51;22.70;22.31;22.47;109716;2469945.00
20120522;22.45;22.80;22.45;22.70;174036;3939665.75
20120523;22.62;22.72;21.74;22.25;180360;4034478.00
20120524;22.11;22.29;21.79;21.81;352222;7736946.00
20120525;21.78;21.93;21.58;21.64;126903;2760237.00
20120528;21.55;22.49;21.15;21.69;288460;6233922.50
20120529;21.85;22.00;21.71;21.90;281886;6151658.50
20120530;21.90;22.98;21.80;22.71;596018;13316785.00
20120531;22.46;22.95;22.26;22.53;256833;5778673.50
20120601;22.55;22.65;22.25;22.30;203044;4557062.50
20120604;22.11;22.20;21.64;21.76;206303;4504152.00
20120605;21.88;22.55;21.80;22.02;233628;5142548.00
20120606;22.18;22.28;21.80;21.94;66730;1463745.63
20120607;22.29;22.30;21.77;21.85;114083;2505321.00
20120608;21.88;22.47;21.81;22.19;177403;3913275.50
20120611;22.03;22.42;22.01;22.40;138200;3078454.75
20120612;22.40;23.00;22.05;22.42;183284;4115963.25
20120613;22.45;22.98;22.40;22.78;246652;5598465.50
20120614;22.70;22.86;22.56;22.59;151639;3441755.25
20120615;22.59;23.38;22.59;22.98;462616;10606254.00
20120618;22.97;23.14;22.90;22.98;250767;5770897.50
20120619;22.88;23.10;22.81;22.85;161948;3713315.00
20120620;22.99;23.75;22.92;23.15;334249;7786860.50
20120621;23.12;23.14;22.73;22.91;212076;4853227.50
20120625;22.74;22.91;22.50;22.54;155228;3516995.50
20120626;22.50;22.50;22.00;22.23;136441;3025405.50
20120627;22.34;22.45;22.18;22.33;93284;2084088.50
20120628;22.41;22.73;22.35;22.35;217952;4915789.00
20120629;22.05;22.66;22.05;22.66;73023;1633408.75
20120702;22.70;23.48;22.60;23.20;409619;9440402.00
20120703;23.42;23.64;23.10;23.40;534747;12545254.00
20120704;23.56;23.66;23.15;23.25;245451;5734234.00
20120705;23.18;23.18;22.72;22.75;212586;4855855.50
20120706;22.95;23.35;22.75;23.35;229389;5285105.50
20120709;23.29;24.16;23.18;23.48;830408;19746066.00
20120710;23.35;23.52;22.79;23.41;397112;9196527.00
20120711;23.29;23.51;22.82;23.22;289089;6688136.50
20120712;23.09;23.95;23.01;23.78;624855;14790438.00
20120713;23.66;23.90;23.40;23.45;302324;7136734.00
20120716;23.38;23.60;22.55;22.56;455761;10495247.00
20120717;22.42;22.80;21.84;22.50;291045;6457421.50
20120718;22.31;22.48;22.00;22.40;240729;5341706.00
20120719;22.25;22.84;22.22;22.55;208051;4704454.50
20120720;22.41;24.00;22.40;23.31;641233;14996437.00
20120723;23.23;23.25;22.80;23.02;249129;5728378.00
20120724;22.99;23.72;22.86;23.24;325559;7611455.00
20120725;23.25;23.38;22.80;22.84;276270;6366282.00
20120726;22.88;23.05;22.39;22.50;180011;4073632.00
20120727;22.50;22.75;22.26;22.75;156547;3520539.50
20120730;22.67;22.79;22.20;22.46;144049;3235104.75
20120731;22.38;22.38;21.89;22.03;102458;2262208.25
20120801;21.95;22.31;21.81;22.10;95049;2105934.75
20120802;22.04;22.15;21.82;21.89;166778;3663100.25
20120803;21.81;22.34;21.81;22.31;182940;4060727.75
20120806;22.12;22.65;22.12;22.57;171659;3850160.50
20120807;22.49;23.57;22.48;22.99;276901;6359722.00
20120808;22.94;23.14;22.73;23.00;172449;3956833.00
20120809;23.08;23.20;22.84;23.18;177979;4109968.00
20120810;23.10;23.34;23.01;23.23;220007;5105500.00
20120813;23.25;23.45;23.03;23.23;384805;8965374.00
20120814;23.11;23.67;23.03;23.58;452570;10607169.00
20120815;23.55;23.59;23.15;23.25;378835;8848006.00
20120816;23.29;23.30;22.93;23.24;433077;10011706.00
20120817;23.12;23.29;22.90;22.96;180788;4162804.25
20120820;22.91;23.37;22.90;23.26;160535;3722354.00
20120821;23.25;23.80;23.25;23.68;318321;7504775.50
20120822;23.77;23.77;23.50;23.62;200934;4748731.00
20120823;23.50;24.09;23.45;23.90;365455;8725928.00
20120824;23.90;24.00;23.39;23.41;297350;7023756.50
20120827;23.68;23.68;23.12;23.13;112749;2619960.25
20120828;23.06;23.35;23.00;23.15;161674;3743499.75
20120829;23.11;23.33;22.97;23.28;112281;2606454.75
20120830;23.29;23.30;22.62;22.77;127201;2917290.25
20120831;22.61;23.98;22.50;23.93;449770;10607345.00
20120903;24.08;25.13;23.82;24.70;1183298;29173986.00
20120904;24.50;24.92;24.31;24.58;538073;13234496.00
20120905;24.58;24.78;24.34;24.45;409086;10035913.00
20120906;24.46;24.80;24.46;24.70;302206;7448502.50
20120907;25.06;25.15;24.68;24.72;787667;19596408.00
20120910;24.60;24.98;24.50;24.64;430064;10592459.00
20120911;24.65;25.80;24.57;24.84;1007230;25204376.00
20120912;24.73;25.30;24.62;25.03;539345;13456529.00
20120913;25.05;25.50;24.75;24.75;675615;17070448.00
20120914;24.78;25.17;24.12;24.42;476307;11691799.00
20120917;24.60;24.86;24.10;24.18;237720;5790097.00
20120918;24.21;24.50;24.00;24.19;238020;5752357.50
20120919;24.44;24.49;24.10;24.37;239363;5821023.50
20120920;24.30;24.36;23.51;23.51;328503;7827348.50
20120921;23.36;23.47;22.92;23.21;250222;5807337.00
20120924;23.18;23.29;22.80;23.25;116465;2687387.25
20120925;23.16;23.35;22.86;22.86;113001;2600985.25
20120926;22.85;22.90;22.30;22.61;98851;2239387.00
20120927;22.40;22.93;22.26;22.80;227194;5162557.00
20120928;22.78;23.05;22.64;22.96;175666;4011141.75
20121008;23.08;23.27;22.84;22.91;280295;6456906.00
20121009;22.91;23.25;22.84;23.25;442314;10209744.00
20121010;23.22;23.24;22.90;23.16;466529;10753080.00
20121011;23.00;23.10;22.55;22.58;318714;7270764.50
20121012;22.81;22.81;22.33;22.54;243209;5479323.50
20121015;22.50;22.67;22.37;22.67;189004;4249983.00
20121016;22.71;22.92;22.62;22.66;209187;4766205.50
20121017;22.68;22.82;22.46;22.69;178696;4039000.00
20121018;22.71;23.00;22.70;22.95;284508;6512365.50
20121019;22.93;23.01;22.83;22.92;217851;4994848.00
20121022;22.86;23.55;22.80;23.16;162577;3757481.00
20121023;23.10;23.68;23.10;23.48;461140;10794397.00
20121024;23.36;23.60;23.36;23.58;248642;5840846.50
20121025;23.58;23.65;23.41;23.46;292450;6892890.00
20121026;23.25;23.40;22.95;23.08;246380;5703807.00
20121029;23.00;23.28;22.89;23.10;165599;3807067.00
20121030;23.01;23.18;22.99;23.09;35209;811228.94
20121031;23.10;23.20;22.95;23.18;90017;2075909.75
20121101;23.05;23.65;23.05;23.49;301001;7029006.00
20121102;23.49;24.40;23.40;23.90;1619675;38761264.00
20121105;23.80;24.26;23.79;24.18;1916605;46072580.00
20121106;24.12;24.46;23.60;24.31;1674176;40375172.00
20121107;24.15;24.57;23.78;23.92;1023179;24774230.00
20121108;23.90;23.90;23.14;23.14;610256;14317031.00
20121109;23.10;23.23;22.73;22.79;382125;8751796.00
20121112;22.70;23.12;22.70;22.85;245735;5615668.50
20121113;22.85;22.85;22.36;22.41;278339;6270587.50
20121114;22.31;22.51;22.11;22.43;134258;2990950.75
20121115;22.41;22.41;21.80;21.90;242429;5333567.00
20121116;21.88;22.06;21.38;21.83;196350;4240142.00
20121119;21.85;21.98;21.61;21.98;142873;3109829.00
20121120;22.20;22.20;21.51;21.52;273401;5952629.00
20121121;21.58;21.64;20.90;21.40;358011;7596343.50
20121122;21.40;21.40;20.93;21.02;200020;4215682.00
20121123;21.01;21.25;21.01;21.13;166719;3525932.25
20121126;20.96;21.19;20.78;21.01;194339;4066378.50
20121127;20.92;20.92;20.33;20.74;328422;6735718.00
20121128;20.50;20.94;20.45;20.60;134144;2761676.50
20121129;20.38;20.80;20.20;20.23;107109;2184962.50
20121130;20.30;20.49;20.17;20.43;93909;1912905.25
20121203;20.35;20.50;19.92;19.92;143610;2907661.25
20121204;19.85;19.98;18.60;19.93;302000;5841874.00
20121205;19.60;20.77;19.60;20.76;357649;7302868.50
20121206;20.95;20.95;20.41;20.59;155907;3214264.50
20121207;20.74;20.88;20.50;20.75;247286;5125164.00
20121210;20.88;20.99;20.71;20.90;214941;4486869.50
20121211;20.86;21.49;20.84;20.93;381680;8061061.00
20121212;21.09;21.17;20.55;20.98;315506;6575037.50
20121213;21.07;21.18;20.65;20.85;107271;2241518.00
20121214;20.95;21.42;20.72;21.40;765079;16244802.00
20121217;21.36;21.44;21.23;21.31;332252;7084378.50
20121218;21.36;21.57;21.31;21.31;352750;7560545.50
20121219;21.31;21.49;21.27;21.38;167082;3567988.75
20121220;21.38;21.94;21.26;21.50;522907;11325756.00
20121221;21.56;22.19;21.46;22.11;782506;17182264.00
20121224;21.95;22.40;21.90;22.24;441693;9767970.00
20121225;22.20;22.77;22.00;22.70;632773;14243232.00
20121226;22.70;23.63;22.70;23.50;982250;22878454.00
20121227;23.58;23.74;22.71;22.77;682573;15765779.00
20121228;22.78;24.22;22.51;24.01;984484;23241864.00
20121231;24.01;24.37;23.52;23.98;544668;12983803.00
20130104;24.07;24.10;23.16;23.60;641463;15098666.00
20130107;23.50;23.70;23.21;23.70;387683;9102215.00
20130108;23.51;24.18;23.48;23.95;527990;12607279.00
20130109;23.88;23.88;23.20;23.34;517433;12155941.00
20130110;23.50;23.73;23.01;23.59;407821;9584431.00
20130111;23.70;24.57;23.70;23.98;1072193;26016360.00
20130114;24.22;24.75;23.82;24.58;894739;21800650.00
20130115;24.59;24.88;24.45;24.60;755558;18633942.00
20130116;24.48;24.65;23.89;24.25;687815;16630914.00
20130117;24.25;24.25;23.59;23.70;408046;9710603.00
20130118;23.67;24.11;23.62;24.07;308730;7384000.00
20130121;24.12;24.70;24.12;24.47;535912;13118137.00
20130122;24.58;24.78;23.70;23.75;521486;12650301.00
20130123;23.60;24.33;23.40;23.86;360369;8561804.00
20130124;23.84;24.19;22.55;22.90;549884;12867851.00
20130125;22.98;23.35;22.73;23.10;189292;4367376.50
20130128;23.20;23.97;23.20;23.84;362138;8558904.00
20130129;23.85;24.10;23.73;24.02;291768;6993573.00
20130130;24.03;24.18;23.55;23.81;264611;6317622.00
20130131;23.55;23.90;23.33;23.77;250819;5919979.50
20130201;23.50;26.10;23.50;25.18;1430736;36066732.00
20130204;25.00;25.60;24.70;25.41;766441;19261986.00
20130205;25.00;25.57;24.99;25.38;432552;10928661.00
20130206;25.40;25.41;25.06;25.20;262875;6622137.50
20130207;24.78;25.18;24.55;24.80;474764;11767242.00
20130208;24.98;25.28;24.70;25.19;452640;11319006.00
20130218;25.20;25.46;25.00;25.40;474831;12000730.00
20130219;25.40;26.03;25.13;25.13;905288;23217714.00
20130220;25.08;25.43;24.81;25.29;536438;13488282.00
20130221;25.25;25.39;24.72;25.29;641693;16036560.00
20130222;25.15;25.85;25.13;25.80;716234;18341378.00
20130225;25.80;26.88;25.80;26.17;1005267;26325568.00
20130226;26.17;26.17;24.90;25.00;862784;21769780.00
20130227;25.01;25.18;24.25;24.55;578060;14232622.00
20130228;24.52;25.10;24.02;25.10;598930;14664936.00
20130301;25.09;25.21;24.61;24.89;450941;11187545.00
20130304;24.85;24.85;23.80;23.85;609046;14714982.00
20130305;23.71;24.38;23.71;24.33;234805;5678276.00
20130306;24.59;24.88;24.40;24.66;282085;6957573.00
20130307;24.58;24.94;24.50;24.74;362308;8967401.00
20130308;24.82;24.89;24.61;24.61;294978;7309111.00
20130311;24.50;24.79;24.45;24.65;115923;2855942.75
20130312;24.61;24.93;23.71;23.95;410648;9996802.00
20130313;24.19;24.19;23.25;23.59;167196;3940739.50
20130314;23.55;23.71;23.30;23.44;142545;3350486.25
20130315;23.37;23.75;23.00;23.32;189438;4437704.00
20130318;23.30;23.63;23.16;23.44;79445;1862181.75
20130319;23.63;23.91;23.50;23.66;213701;5071085.50
20130320;23.66;24.60;23.66;24.56;402451;9819581.00
20130321;24.78;24.79;24.40;24.60;238162;5850611.50
20130322;24.60;25.09;24.59;24.83;297096;7392442.00
20130325;24.83;25.08;24.73;24.75;175286;4356226.00
20130326;24.81;24.82;24.18;24.46;242699;5921278.00
20130327;24.46;24.97;24.46;24.81;284817;7049592.00
20130328;24.70;24.70;24.00;24.00;229399;5564762.00
20130329;24.20;24.37;24.03;24.37;122213;2958918.00
20130401;24.30;24.80;24.30;24.65;216433;5334629.50
20130402;24.70;25.25;24.70;25.10;502824;12558337.00
20130403;25.16;25.20;24.60;24.93;413778;10261884.00
20130408;24.30;24.84;24.05;24.65;317185;7806294.00
20130409;23.75;23.79;22.57;22.81;1099933;25260566.00
20130410;22.85;23.04;22.31;22.55;419353;9486050.00
20130411;22.65;22.78;22.45;22.54;193941;4380106.00
20130412;22.54;22.60;22.40;22.50;188224;4239537.50
20130415;22.30;22.41;21.85;21.90;283847;6246899.50
20130416;21.92;22.60;21.70;22.26;181870;4009889.00
20130417;22.27;22.30;22.00;22.11;162580;3593686.00
20130418;21.98;22.23;21.90;22.12;93691;2072145.75
20130419;22.20;22.68;22.09;22.57;402410;9053473.00
20130422;22.25;22.60;21.92;22.27;405656;8993359.00
20130423;22.25;22.25;21.80;21.80;198748;4361885.50
20130424;21.80;22.19;21.67;22.10;329290;7238830.50
20130425;22.08;22.09;21.81;21.81;178029;3905279.50
20130426;21.70;21.86;21.50;21.51;127820;2776101.00
20130502;21.86;21.86;21.39;21.50;97576;2097794.75
20130503;21.50;21.93;21.49;21.85;126491;2756312.50
20130506;21.99;22.10;21.86;22.09;236155;5195673.00
20130507;22.16;22.80;21.99;22.60;378892;8533740.00
20130508;22.54;22.88;22.42;22.88;323850;7346139.00
20130509;22.87;23.61;22.61;23.36;830965;19331860.00
20130510;23.30;23.30;23.00;23.15;243640;5627291.00
20130513;23.15;23.16;22.93;23.00;180250;4153032.25
20130514;22.95;23.07;22.60;22.73;189599;4334874.50
20130515;22.72;23.97;22.60;23.32;292574;6776919.50
20130516;23.32;23.88;23.06;23.50;287170;6745757.50
20130517;23.63;23.73;23.23;23.32;398810;9356216.00
20130520;23.50;23.84;23.30;23.70;410978;9707083.00
20130521;23.70;23.83;23.55;23.76;296310;7016888.50
20130522;23.76;24.30;23.50;23.52;396662;9426491.00
20130523;23.36;24.00;23.36;23.55;277935;6573448.00
20130524;23.45;23.88;23.42;23.81;291726;6916529.50
20130527;23.87;24.40;23.87;24.40;525849;12716309.00
20130528;24.40;24.43;24.01;24.15;334485;8070320.00
20130529;24.14;24.90;24.11;24.44;404123;9888209.00
20130530;24.37;24.58;24.35;24.47;286175;7001811.00
20130531;24.53;24.79;24.36;24.36;356152;8742751.00
20130603;24.35;24.60;24.00;24.47;412664;10035451.00
20130604;24.36;24.51;24.09;24.24;366865;8907595.00
20130605;24.23;24.78;24.04;24.66;448095;10979570.00
20130606;24.63;25.14;24.60;24.65;473974;11773494.00
20130607;24.70;25.49;24.35;25.46;2107542;53096468.00
20130613;24.96;24.98;23.00;23.45;694749;16535907.00
20130614;23.40;24.28;23.27;24.15;520681;12359532.00
20130617;24.24;24.66;23.80;24.62;448548;10872526.00
20130618;24.53;25.08;24.20;24.81;431070;10646748.00
20130619;24.79;26.90;24.36;26.19;1100261;28389670.00
20130620;26.26;26.50;25.40;25.82;713530;18486450.00
20130621;25.50;26.56;25.10;26.12;786350;20477888.00
20130624;25.99;26.10;24.67;25.15;568882;14460784.00
20130625;24.70;25.01;23.00;24.30;637766;15386674.00
20130626;24.00;24.98;23.62;24.94;472371;11611791.00
20130627;24.98;25.10;23.66;23.68;608138;14755966.00
20130628;23.19;23.81;22.52;22.97;414111;9564327.00
20130701;22.80;23.43;22.79;23.34;231356;5332024.50
20130702;23.35;23.75;23.13;23.65;296973;6964000.00
20130703;23.50;24.25;23.29;24.15;305986;7280978.00
20130704;24.00;24.44;23.80;24.03;244308;5922388.50
20130705;24.10;24.31;23.64;23.72;174200;4174937.50
20130708;23.52;23.54;22.80;22.98;224034;5167863.00
20130709;23.03;23.26;22.88;23.10;113111;2601907.00
20130710;22.94;23.48;22.94;23.48;280478;6498240.50
20130711;23.51;24.13;23.19;23.97;376319;8951123.00
20130712;23.93;24.39;23.70;23.98;279758;6725882.50
20130715;22.21;23.88;22.20;23.28;798527;18346476.00
20130716;23.15;23.35;22.90;23.27;408209;9437597.00
20130717;23.19;23.33;22.93;22.99;248641;5739461.00
20130718;22.75;23.07;22.75;22.83;199185;4561948.50
20130719;22.83;23.25;22.81;22.83;210982;4845996.50
20130722;22.68;23.13;22.68;22.99;166447;3811613.50
20130723;23.00;23.58;22.99;23.48;265599;6190711.50
20130724;23.22;23.72;23.22;23.64;321823;7588581.00
20130725;23.64;23.79;22.92;23.06;281042;6512783.50
20130726;23.06;23.13;22.83;22.97;103295;2374429.50
20130729;22.84;23.10;22.81;23.00;167624;3857803.00
20130730;23.09;23.23;22.78;23.01;163242;3752354.25
20130731;22.83;23.18;22.81;23.15;140470;3245731.25
20130801;22.95;23.47;22.95;23.45;198438;4634289.50
20130802;23.38;23.73;23.35;23.41;205930;4845677.00
20130805;23.30;23.63;23.30;23.58;256533;6024018.00
20130806;23.38;24.44;23.38;24.09;468635;11224938.00
20130807;24.01;24.39;23.67;23.80;367823;8814506.00
20130808;23.72;23.95;23.42;23.62;329158;7807039.50
20130809;23.62;23.92;23.40;23.76;229700;5440068.00
20130812;23.78;24.00;23.59;23.90;323383;7700690.00
20130813;23.97;23.97;23.68;23.83;361260;8600570.00
20130814;23.82;23.92;23.55;23.75;254040;6036710.00
20130815;23.59;23.79;23.44;23.53;186821;4407772.00
20130816;23.51;23.63;22.68;22.71;361617;8459070.00
20130819;22.60;22.95;22.52;22.86;167479;3816417.00
20130820;22.80;23.08;22.61;22.65;249987;5706321.50
20130821;22.54;22.80;22.46;22.80;183169;4142720.25
20130822;22.80;22.94;22.67;22.92;221485;5062136.50
20130823;22.92;23.07;22.55;22.60;308991;7053686.00
20130826;22.70;23.05;22.59;23.05;229478;5253745.50
20130827;23.05;23.19;22.79;23.08;338174;7767513.00
20130828;23.02;23.08;22.70;22.85;163717;3744412.00
20130829;23.07;23.94;23.06;23.40;672600;15873373.00
20130830;23.23;23.23;22.76;22.92;444289;10210396.00
20130902;22.92;22.98;22.26;22.64;270525;6088876.00
20130903;22.52;22.89;22.51;22.87;206103;4685813.50
20130904;22.88;22.91;22.74;22.86;167221;3818390.00
20130905;22.87;22.95;22.75;22.91;171939;3928235.00
20130906;22.92;23.20;22.77;23.17;230838;5321726.00
20130909;23.30;23.38;23.05;23.24;314844;7322422.50
20130910;23.30;23.35;23.01;23.26;197044;4579839.00
20130911;23.27;23.40;23.02;23.23;317951;7364639.00
20130912;23.26;23.32;23.15;23.20;265969;6182173.00
20130913;23.24;23.69;23.17;23.51;339891;7953247.00
20130916;23.48;23.96;23.40;23.77;503659;11974130.00
20130917;23.80;23.88;23.12;23.20;293161;6882644.00
20130918;23.10;23.44;22.90;23.44;293575;6804333.00
20130923;23.49;23.54;23.20;23.54;335587;7851804.00
20130924;23.55;23.94;23.54;23.73;630731;14989980.00
20130925;23.73;23.73;23.28;23.28;382155;8964075.00
20130926;23.21;24.38;23.13;23.83;1105798;26454968.00
20130927;23.83;24.04;23.40;23.87;537194;12685639.00
20130930;23.90;25.40;23.71;24.40;1002778;24741894.00
20131008;24.28;24.28;23.80;24.12;797749;19103464.00
20131009;24.05;24.19;23.81;23.99;509141;12193744.00
20131010;24.01;24.13;23.64;23.75;444295;10602976.00
20131011;23.82;24.08;23.75;23.98;366400;8761631.00
20131014;24.10;24.47;23.90;24.31;477619;11549928.00
20131015;24.48;24.86;24.16;24.86;821020;20192180.00
20131016;24.86;25.27;24.02;24.70;782364;19309310.00
20131017;24.56;24.80;24.28;24.69;495108;12115568.00
20131018;24.89;24.89;24.46;24.51;425504;10470882.00
20131021;24.52;24.75;24.32;24.73;451926;11075877.00
20131022;24.75;24.85;24.48;24.48;353601;8713477.00
20131023;24.48;24.98;23.96;24.20;436546;10673959.00
20131024;24.21;24.26;23.73;23.95;317242;7608529.00
20131025;23.80;24.10;23.49;23.71;283560;6748003.00
20131028;23.72;23.93;23.60;23.79;176596;4190577.25
20131029;23.68;23.87;22.50;22.90;356452;8221023.50
20131030;22.91;23.25;22.66;23.23;190962;4387607.50
20131031;23.23;24.50;23.18;24.28;978557;23632122.00
20131101;24.01;24.18;23.58;23.80;365928;8732962.00
20131104;23.82;24.98;23.76;24.82;823435;20271214.00
20131105;24.70;25.10;24.30;24.82;514151;12687387.00
20131106;24.79;24.80;24.20;24.35;572077;14031537.00
20131107;24.20;24.57;24.12;24.17;327107;7963642.50
20131108;24.18;24.32;23.48;23.60;316128;7524461.00
20131111;23.61;25.96;23.33;25.96;2177538;55432672.00
20131112;25.93;26.48;25.70;25.80;2161337;56283680.00
20131113;25.63;26.35;25.13;25.82;1574693;40548944.00
20131114;25.40;27.72;25.31;26.80;2314139;61472560.00
20131115;26.55;27.60;26.45;26.90;1909622;51563088.00
20131118;27.10;27.49;26.38;26.65;1570560;42208780.00
20131119;26.46;27.04;26.12;26.80;1308976;34730452.00
20131120;26.65;26.80;26.15;26.74;907729;24043542.00
20131121;26.75;27.11;26.36;26.84;1160844;31099182.00
20131122;27.13;29.52;27.12;27.65;2699685;76242248.00
20131125;27.46;28.60;27.20;28.60;1791313;50410556.00
20131126;28.18;29.27;27.82;28.30;1588770;45520092.00
20131127;28.38;28.59;27.60;27.80;1538359;43130164.00
20131128;27.88;28.89;27.66;28.60;1195992;33895972.00
20131129;28.60;31.28;28.51;30.32;2943491;88399448.00
20131202;28.00;28.95;27.29;27.29;2278745;63379092.00
20131203;26.88;27.45;24.56;26.41;1589746;41675488.00
20131204;26.20;27.40;25.78;27.01;1072668;28946144.00
20131205;26.85;27.26;26.58;26.93;677796;18201392.00
20131206;26.92;29.46;26.92;28.33;1892168;53684348.00
20131209;28.38;31.05;28.11;30.09;1840506;53882568.00
20131210;29.99;30.88;29.43;29.60;1486587;44594568.00
20131211;29.20;31.00;29.20;29.90;1385934;41745840.00
20131212;29.96;30.70;29.24;29.45;1071264;31863196.00
20131213;29.45;29.59;28.60;28.84;990296;28744058.00
20131216;28.82;29.00;27.21;27.73;1028499;28898830.00
20131217;27.80;28.26;27.44;27.90;577547;16104014.00
20131218;27.99;27.99;27.52;27.60;330331;9153818.00
20131219;27.37;27.78;26.94;27.26;685800;18689042.00
20131220;27.07;27.43;26.81;26.82;385989;10479933.00
20131223;26.90;27.50;26.01;27.40;521091;13924189.00
20131224;27.40;28.20;27.20;28.03;715339;19986316.00
20131225;28.59;29.20;28.23;28.96;1055741;30451748.00
20131226;28.76;28.95;27.62;27.68;811477;22909734.00
20131227;27.50;28.29;27.01;28.01;653194;18258642.00
20131230;27.88;28.80;27.88;28.34;514860;14623332.00
20131231;28.15;28.60;27.62;27.62;580478;16213257.00
20140102;27.68;28.37;27.24;28.37;554144;15506287.00
20140103;28.30;28.34;27.76;27.99;534715;14949585.00
20140106;27.87;27.87;26.70;26.75;598729;16163744.00
20140107;26.71;27.20;26.50;26.60;417261;11158863.00
20140108;26.90;27.05;26.57;26.83;483782;12970480.00
20140109;26.90;27.10;25.10;25.43;970271;25309572.00
20140110;25.21;25.64;24.51;24.68;638711;15898625.00
20140113;24.87;24.88;24.07;24.35;380860;9363664.00
20140114;24.35;25.15;24.35;25.15;480295;11925147.00
20140115;25.28;25.30;24.80;25.17;358464;8985686.00
20140116;25.29;25.55;25.05;25.10;300718;7611595.50
20140117;25.20;25.20;24.55;24.71;321481;7946553.50
20140120;24.73;24.98;24.51;24.80;290062;7190812.00
20140121;24.83;25.62;24.80;25.45;487945;12316678.00
20140122;25.39;25.99;25.34;25.86;532430;13688594.00
20140123;25.72;26.19;25.58;26.10;642280;16568656.00
20140124;25.90;26.15;25.83;25.93;454942;11815816.00
20140127;25.93;25.95;25.00;25.79;457488;11692763.00
20140128;25.62;25.98;25.59;25.98;444577;11466352.00
20140129;25.99;26.35;25.98;26.03;379213;9898637.00
20140130;26.13;26.16;25.30;25.76;278020;7131900.50
20140207;25.65;26.00;25.36;25.98;349016;8981561.00
20140210;25.99;26.77;25.81;26.66;826626;21840736.00
20140211;26.66;26.94;25.98;26.38;994706;26387076.00
20140212;26.38;28.88;26.30;28.20;1550550;42709244.00
20140213;27.74;28.11;27.31;27.42;1165238;32267658.00
20140214;27.44;28.20;27.37;27.90;706474;19682634.00
20140217;28.10;28.54;27.86;27.99;710218;19930636.00
20140218;27.95;28.12;27.37;27.39;868778;23976804.00
20140219;27.43;28.08;27.43;27.97;1007398;28102150.00
20140220;28.06;28.26;27.27;27.33;582481;16055690.00
20140221;27.22;27.60;26.61;27.07;415272;11214189.00
20140224;26.90;27.45;26.73;27.39;418552;11355615.00
20140225;27.72;28.36;26.38;26.48;1159145;32227850.00
20140226;26.31;26.40;24.90;25.96;779114;19858460.00
20140227;25.80;26.20;25.40;25.45;528462;13672457.00
20140228;25.24;26.14;25.10;25.83;462614;11877248.00
20140303;26.00;26.25;25.75;26.15;390106;10135366.00
20140304;26.22;26.22;25.58;25.80;346753;8981316.00
20140305;26.00;26.25;25.87;25.94;283837;7396026.00
20140306;25.90;26.11;25.40;26.02;363092;9371826.00
20140307;25.84;26.20;25.71;25.88;247208;6425003.50
20140310;25.88;25.88;24.91;25.10;340443;8625644.00
20140311;24.99;25.25;24.70;25.18;189463;4737782.00
20140312;25.02;25.28;24.60;25.15;285374;7128439.50
20140313;25.00;25.40;24.97;25.23;151944;3838869.25
20140314;25.24;25.59;25.18;25.41;171611;4362232.00
20140317;25.30;25.76;25.30;25.76;241463;6172229.50
20140318;25.69;26.01;25.69;25.83;211847;5469203.00
20140319;25.65;26.23;25.60;26.17;328964;8575940.00
20140320;26.25;26.26;25.02;25.23;359308;9261659.00
20140321;25.30;26.15;25.00;25.80;247888;6342280.00
20140324;25.69;26.47;25.66;26.38;352061;9220719.00
20140325;26.20;26.36;25.80;25.92;272826;7103745.00
20140326;26.09;26.17;25.81;25.96;184424;4783626.50
20140327;25.98;26.78;25.72;26.10;733114;19171940.00
20140328;26.13;26.50;25.11;25.19;390048;10037700.00
20140331;25.20;25.32;24.91;25.00;230629;5795060.50
20140401;24.95;25.49;24.95;25.45;150487;3806512.50
20140402;25.40;25.40;25.06;25.11;154684;3895901.75
20140403;25.28;25.28;25.06;25.24;123981;3119302.75
20140404;25.25;25.48;25.18;25.44;119472;3023112.25
20140408;25.40;25.65;25.14;25.55;221553;5626196.00
20140409;25.55;26.06;25.46;25.87;366481;9437758.00
20140410;25.76;26.03;25.64;25.75;280694;7247356.00
20140411;25.66;25.86;25.56;25.61;108668;2790464.50
20140414;25.61;25.90;25.61;25.88;149175;3848920.50
20140415;25.90;25.90;25.61;25.69;137266;3531392.75
20140416;25.66;25.74;25.31;25.61;80732;2068488.25
20140417;25.70;25.82;25.63;25.73;131222;3380397.50
20140418;25.68;25.95;25.61;25.89;151388;3907617.50
20140421;25.76;26.10;25.47;25.94;306700;7954369.50
20140422;25.90;25.90;25.12;25.36;264238;6722406.50
20140423;25.30;27.76;25.27;26.88;566156;15143367.00
20140424;26.20;26.80;25.81;25.90;530771;13863567.00
20140425;25.87;26.22;25.10;25.10;259078;6637305.00
20140428;24.98;25.29;23.56;23.80;351216;8704866.00
20140429;23.04;23.96;23.01;23.57;323403;7621497.50
20140430;23.46;24.60;23.43;24.14;270726;6548577.00
20140505;24.17;24.48;23.56;24.41;179422;4352324.00
20140506;24.41;24.52;24.11;24.26;137450;3344871.75
20140507;24.18;24.47;23.37;24.23;239681;5818168.50
20140508;24.06;24.63;24.06;24.36;177082;4338401.50
20140509;24.35;24.50;23.90;24.17;106210;2567091.75
20140512;24.44;24.74;23.80;24.58;189724;4597275.50
20140513;24.59;24.73;24.40;24.58;134267;3303874.50
20140514;24.42;24.84;24.41;24.79;152459;3758152.00
20140515;24.60;24.84;24.21;24.28;121274;2970104.25
20140516;24.28;24.45;23.60;23.94;180947;4337434.50
20140519;23.81;23.94;21.55;23.78;188800;4475514.50
20140520;23.63;24.14;23.53;23.68;115639;2751048.00
20140521;23.55;23.84;22.86;23.70;122987;2891293.00
20140522;23.64;23.80;23.50;23.50;86602;2050031.00
20140523;23.30;23.88;23.30;23.71;115780;2736456.75
20140526;23.64;24.09;23.64;24.06;228890;5477244.00
20140527;24.06;24.35;23.91;23.99;99101;2387715.00
20140528;23.99;24.20;23.96;24.18;115521;2786448.00
20140529;24.34;24.34;23.95;23.97;140408;3380405.25
20140530;24.00;24.18;23.88;24.08;192876;4627590.00
20140603;24.08;24.12;23.94;23.99;194301;4660905.50
20140604;23.82;24.01;23.18;23.50;169015;3990719.25
20140605;23.50;24.00;23.50;24.00;162775;3876899.50
20140606;23.83;24.10;23.81;24.02;184662;4432341.50
20140609;23.98;24.36;23.86;24.08;347892;8424457.00
20140610;24.08;24.34;23.92;24.31;186611;4507657.00
20140611;24.40;24.59;24.15;24.48;221710;5420836.50
20140612;24.47;24.70;24.08;24.45;220566;5406696.50
20140613;24.27;24.69;24.26;24.60;205843;5047555.00
20140616;24.61;25.11;24.61;24.98;515735;12846591.00
20140617;24.82;25.03;24.70;25.00;351039;8746003.00
20140618;24.85;25.10;24.83;25.07;242006;6052227.00
20140619;25.07;25.20;24.00;24.20;339324;8346133.00
20140620;24.24;24.64;24.21;24.47;268086;6555860.50
20140623;24.55;25.98;24.47;25.50;561195;14265574.00
20140624;25.44;25.48;24.97;25.20;620196;15590515.00
20140625;25.25;25.26;24.89;25.02;436426;10939876.00
20140626;25.04;25.42;25.02;25.32;466734;11778256.00
20140627;25.28;25.70;25.14;25.61;431083;11011595.00
20140630;25.55;25.89;25.02;25.62;507525;12967472.00
20140701;25.70;26.70;25.47;26.23;879607;22971490.00
20140702;26.23;26.40;26.01;26.39;432798;11336162.00
20140703;26.45;26.99;26.24;26.40;808946;21546138.00
20140704;26.40;26.78;25.90;26.70;621999;16326510.00
20140707;26.99;27.29;26.43;26.50;582482;15585301.00
20140708;26.35;26.66;25.91;26.49;332185;8752077.00
20140709;26.39;26.44;25.80;26.05;410538;10730253.00
20140710;26.00;27.27;26.00;27.10;533587;14217835.00
20140711;26.98;28.20;26.75;27.62;831465;22912200.00
20140714;27.72;27.80;27.01;27.39;392579;10744850.00
20140715;27.40;27.51;27.00;27.18;278032;7563861.50
20140716;24.80;24.80;23.98;23.99;609550;14747576.00
20140717;23.80;24.46;23.71;24.20;242784;5801859.00
20140718;24.20;24.30;23.86;24.20;338073;8128154.50
20140721;24.00;24.09;23.61;23.77;214982;5118008.00
20140722;23.60;23.94;23.30;23.93;403384;9575623.00
20140723;23.90;23.90;23.60;23.65;220678;5237230.00
20140724;23.79;23.95;23.49;23.94;212069;5043732.00
20140725;23.85;24.25;23.85;24.07;211205;5076913.50
20140728;24.13;24.48;23.96;24.36;386529;9363817.00
20140729;24.24;24.70;24.13;24.53;314490;7682088.50
20140730;24.60;24.99;24.45;24.77;337937;8337060.00
20140731;24.76;24.87;24.50;24.75;311055;7645200.00
20140801;24.64;24.92;24.58;24.73;721518;17856254.00
20140804;24.80;24.89;24.70;24.76;392251;9716386.00
20140805;24.75;25.25;24.68;25.12;649975;16279930.00
20140806;25.04;25.07;24.82;24.94;377009;9398272.00
20140807;24.93;25.00;24.51;24.51;421742;10447075.00
20140808;24.43;24.68;24.40;24.59;391588;9607345.00
20140811;24.56;24.76;24.46;24.68;305655;7540836.50
20140812;24.68;24.93;24.68;24.83;317933;7881743.50
20140813;24.83;24.86;24.60;24.83;411848;10174392.00
20140814;24.80;24.87;24.66;24.80;302417;7490220.00
20140815;24.73;25.54;24.65;25.23;787774;19799478.00
20140818;25.28;26.21;25.14;26.17;1289119;33104106.00
20140819;26.10;26.17;25.60;25.84;1106223;28552826.00
20140820;25.80;25.96;25.65;25.70;445004;11480932.00
20140821;25.88;25.92;25.56;25.78;441944;11356404.00
20140822;26.50;26.75;26.18;26.26;1107395;29247298.00
20140825;26.23;26.24;25.65;25.90;582545;15083109.00
20140826;25.94;25.94;25.45;25.54;443037;11382057.00
20140827;25.52;25.99;25.42;25.75;531508;13698797.00
20140828;25.78;25.80;25.20;25.25;419555;10674530.00
20140829;25.06;25.69;25.06;25.61;280566;7146302.50
20140901;25.75;27.22;25.36;26.94;1878192;50441408.00
20140902;26.97;27.15;26.64;27.05;1303971;35065596.00
20140903;27.04;27.40;26.90;27.27;944310;25660120.00
20140904;27.37;27.59;27.06;27.24;788258;21536250.00
20140905;27.17;27.70;27.00;27.35;893248;24520912.00
20140909;27.38;27.69;26.93;27.59;924751;25300132.00
20140910;27.50;28.15;27.28;27.87;699448;19392170.00
20140911;27.90;29.60;27.71;28.40;1123420;32207526.00
20140912;28.40;29.18;27.98;29.05;871615;25090240.00
20140915;28.90;30.30;28.88;29.78;723135;21340650.00
20140916;29.79;30.43;29.36;29.65;1065476;31678194.00
20140917;29.47;30.09;28.52;29.95;647227;19021082.00
20140918;29.81;30.60;29.57;30.46;511953;15461522.00
20140919;30.31;30.86;29.92;30.18;324970;9822471.00
20140922;30.18;30.18;28.80;29.22;450710;13235381.00
20140923;29.37;29.99;29.23;29.73;279108;8263222.50
20140924;29.72;30.78;29.56;30.45;590087;17851170.00
20140925;30.85;31.97;30.40;31.37;734599;22813370.00
20140926;31.25;32.08;31.23;31.99;426052;13502029.00
20140929;32.00;32.52;31.85;32.38;519500;16679063.00
20140930;32.18;34.38;32.18;34.04;585325;19542322.00
20141008;34.04;34.04;32.10;33.83;813436;27026912.00
20141009;33.44;33.60;32.70;33.00;545688;18069672.00
20141010;32.82;33.13;32.52;33.12;407232;13364587.00
20141013;33.00;34.25;33.00;34.24;674114;22769630.00
20141014;34.01;34.66;32.93;33.22;586191;19805050.00
20141015;33.22;33.87;33.04;33.70;463761;15538193.00
20141016;33.98;35.97;33.80;33.87;989103;34557272.00
20141017;33.55;34.39;32.38;34.31;1011374;34110300.00
20141020;34.45;35.40;34.07;34.58;944102;32677588.00
20141021;34.35;34.69;32.95;33.00;1033902;34696708.00
20141022;32.98;32.98;31.91;31.91;779567;25375878.00
20141023;32.00;32.00;31.13;31.52;447806;14137026.00
20141024;31.69;31.95;31.22;31.65;281586;8884757.00
20151111;34.82;34.82;34.82;34.82;45942;1599700.50
20151112;38.30;38.30;38.30;38.30;14832;568065.63
20151113;42.13;42.13;42.13;42.13;8420;354734.59
20151116;46.34;46.34;46.34;46.34;6131;284110.53
20151117;50.97;50.97;50.97;50.97;59260;3020482.25
20151118;56.07;56.07;56.07;56.07;8931;500761.16
20151119;61.68;61.68;61.68;61.68;3404;209958.72
20151120;67.85;67.85;67.85;67.85;23820;1616187.00
20151123;74.64;74.64;74.64;74.64;7060;526958.38
20151124;82.10;82.10;82.10;82.10;10896;894561.63
20151125;90.31;90.31;90.31;90.31;14395;1300012.50
20151126;99.34;99.34;99.34;99.34;106166;10546530.00
20151127;109.27;109.27;109.27;109.27;75069;8202789.50
20151130;120.20;120.20;120.20;120.20;43388;5215237.50
20151201;132.22;132.22;132.22;132.22;33392;4415090.00
20151202;145.44;145.44;145.44;145.44;127167;18495168.00
20151203;159.98;159.98;159.98;159.98;172233;27553836.00
20151204;175.98;175.98;175.98;175.98;245567;43214880.00
20151207;193.58;193.58;193.58;193.58;4897737;948103936.00
20151208;212.94;212.94;207.41;212.94;6759502;1437833728.00
20151214;211.00;228.14;203.00;207.18;7364954;1580179328.00
20151215;196.00;227.90;192.00;227.30;7309589;1503071360.00
20151216;220.00;231.10;208.00;212.73;6318982;1375406464.00
20151217;210.00;218.37;209.61;213.01;4263788;910643904.00
20151218;209.00;219.51;208.11;209.86;4681360;999889408.00
20151221;205.91;207.87;189.35;195.91;4565778;901125824.00
20151222;194.99;200.79;189.97;196.55;2864594;559728128.00
20151223;195.99;197.67;182.24;185.10;3787422;721433280.00
20151224;184.50;190.00;183.30;185.30;2954532;551125440.00
20151225;184.00;189.00;181.03;184.55;2772450;511779040.00
20151228;187.00;193.19;183.80;184.38;3445028;646280320.00
20151229;185.76;185.76;169.50;172.69;3781560;658850432.00
20151230;172.00;174.65;167.21;172.62;2467061;421880384.00
20151231;172.00;174.49;161.51;162.09;2731852;454566944.00
20160104;162.00;162.00;145.88;145.88;2215289;337933408.00
20160105;135.88;149.93;135.88;149.29;3302291;473036608.00
20160106;148.77;164.22;145.03;159.28;4193215;649562624.00
20160107;153.50;153.58;143.35;143.35;901480;132212432.00
20160108;145.93;151.93;131.88;143.00;3281946;475644320.00
20160111;138.00;148.80;136.00;138.55;2531846;358215744.00
20160112;139.00;147.00;138.01;141.65;2680887;382892352.00
20160113;141.00;141.00;127.49;127.49;3205949;425346176.00
20160114;119.00;134.00;118.00;130.80;3195319;404994592.00
20160115;127.70;129.98;118.00;119.11;3184123;397408704.00
20160118;118.00;131.00;115.55;126.25;3033471;380511264.00
20160119;124.80;130.00;122.60;129.41;2760647;349814720.00
20160120;129.00;138.00;126.10;132.05;3764684;496338112.00
20160121;128.00;132.30;120.00;120.00;2960893;375613344.00
20160122;121.40;132.00;118.10;132.00;3304228;417065760.00
20160125;134.77;137.50;128.98;132.30;3605163;480247296.00
20160126;129.55;130.16;119.88;120.00;2977128;374283744.00
20160127;118.01;132.00;117.03;132.00;3562331;445358400.00
20160128;128.00;130.99;120.00;121.18;3141086;391154272.00
20160129;118.90;127.40;115.60;123.42;2678380;328768928.00
20160201;122.88;126.50;118.52;122.10;2257352;275141024.00
20160202;121.00;134.31;121.00;134.31;2202082;287418240.00
20160203;135.66;142.60;135.00;138.20;4224512;583207808.00
20160204;137.55;146.00;136.13;139.55;3102859;437483488.00
20160205;138.11;143.94;135.14;137.50;2667487;372188832.00
20160215;129.92;136.13;129.00;133.95;1936943;257417504.00
20160216;135.96;142.39;135.90;139.05;2480285;344163808.00
20160217;137.10;152.30;137.10;147.20;3448065;501501248.00
20160218;147.00;150.69;142.20;143.50;2805323;410136544.00
20160219;141.02;143.49;138.50;142.01;2084824;293954304.00
20160222;144.88;144.90;140.45;142.91;1737731;247251440.00
20160223;142.83;142.83;135.50;137.52;1886177;261240592.00
20160224;137.56;140.45;136.03;139.96;1762142;245040640.00
20160303;134.00;143.00;132.50;133.05;2936525;402784608.00
20160304;128.50;140.00;121.00;127.00;2494336;315748800.00
20160307;127.87;131.97;125.07;131.00;1778241;229383920.00
20160308;128.20;129.20;119.30;128.00;1654136;206056416.00
20160309;126.88;128.50;123.23;123.50;1051986;131671904.00
20160310;124.01;124.97;117.20;118.31;1295698;155971040.00
20160311;117.36;117.99;112.39;113.15;1429854;164710208.00
20160314;115.20;119.13;113.60;116.32;1704021;199280576.00
20160315;117.40;119.95;115.15;115.48;1361659;159765168.00
20160316;117.00;117.79;110.00;112.17;1396479;158442912.00
20160317;112.95;117.98;112.05;116.86;1895183;219126688.00
20160318;117.50;125.99;117.50;123.05;2119434;257873760.00
20160321;124.20;128.85;123.00;126.88;2156210;270155360.00
20160322;124.39;130.50;123.15;129.94;2074183;263395872.00
20160323;127.86;129.77;125.10;127.20;1878614;238988656.00
20160324;125.29;129.30;123.02;125.12;1690965;212963088.00
20160325;124.84;126.99;123.40;124.69;1088434;135839488.00
20160328;126.50;128.19;122.51;123.00;1135430;142247488.00
20160329;120.65;122.59;115.70;117.00;1338701;158005824.00
20160330;117.97;120.60;117.16;120.55;1178692;140547328.00
20160331;121.80;131.00;120.03;125.88;2788028;351479744.00
20160401;124.80;125.01;120.01;121.52;1637037;200009744.00
20160405;121.90;126.98;120.17;126.98;1436198;178361248.00
20160406;125.11;129.90;124.50;128.63;1582668;200218768.00
20160407;135.03;137.49;127.40;131.00;3117176;412007136.00
20160408;128.98;128.98;122.60;127.00;1605565;201952368.00
20160411;128.00;129.00;125.00;127.50;1462283;186382560.00
20160412;126.94;126.95;122.39;122.39;1364058;169169744.00
20160413;123.50;127.00;123.30;123.30;1458747;183468000.00
20160414;124.22;127.58;123.80;126.25;1597507;201561152.00
20160415;126.40;127.47;124.80;126.30;1001306;126126160.00
20160418;128.97;131.97;126.60;130.30;1992617;256275120.00
20160419;132.50;132.55;127.01;127.90;1474492;189739696.00
20160420;126.04;127.36;115.11;117.00;2248979;271635744.00
20160421;116.40;117.00;114.00;114.02;1283119;148011952.00
20160422;110.50;116.00;110.18;115.51;647053;74073104.00
20160425;115.88;117.00;112.06;116.20;637026;73156792.00
20160426;116.00;117.20;115.02;116.87;626909;72857528.00
20160427;116.99;123.00;116.01;119.89;1188399;142764368.00
20160428;119.60;120.07;114.11;117.40;880695;103178488.00
20160429;120.00;120.00;116.00;117.01;877959;103589648.00
20160503;115.20;119.95;110.00;119.10;1031674;120661144.00
20160504;118.00;121.00;117.12;119.11;1017477;121374144.00
20160505;119.12;131.02;119.00;130.00;3183212;409269344.00
20160506;128.97;129.00;124.28;125.96;2151084;272823328.00
20160509;123.79;132.77;123.00;128.89;3034469;393906272.00
20160510;128.64;130.50;123.30;125.36;1446393;181919456.00
20160511;127.10;127.80;114.01;116.98;2062422;244941808.00
20160512;113.50;115.29;111.12;114.69;1035863;117817408.00
20160513;114.68;117.10;113.00;113.90;840054;96226632.00
20160516;114.01;115.96;113.82;115.46;607913;69884168.00
20160517;115.46;118.97;114.00;116.20;1043397;121170944.00
20160518;114.58;115.00;111.50;112.83;887873;100180768.00
20160519;113.18;115.17;112.10;113.25;685393;78168984.00
20160520;112.28;114.00;111.83;113.90;601788;68142960.00
20160523;116.71;121.87;116.70;117.95;1180918;139919664.00
20160524;117.59;120.77;114.00;118.15;1171336;139041648.00
20160525;118.53;119.60;116.51;116.80;824968;97030256.00
20160526;114.00;118.00;113.00;117.20;686317;79293904.00
20160527;117.50;118.45;116.44;117.20;643226;75660504.00
20160530;117.20;117.20;114.40;114.99;541102;62466844.00
20160531;115.80;119.69;115.00;119.32;1109451;131451992.00
20160601;119.51;123.30;119.00;122.79;1465941;177840304.00
20160602;122.60;124.80;120.31;123.98;1217222;148675568.00
20160603;123.98;123.98;121.00;121.91;933971;114141224.00
20160606;122.20;127.76;121.93;126.00;1429180;178971744.00
20160607;125.97;125.97;123.04;123.71;845517;104823936.00
20160608;123.90;124.89;120.30;121.25;842328;102563784.00
20160613;119.26;123.00;116.05;120.40;1028944;121833896.00
20160614;118.00;119.97;117.05;118.44;430770;50948916.00
20160615;117.12;122.55;116.53;121.80;903519;109301112.00
20160616;121.00;124.88;119.24;120.00;1010070;123522680.00
20160617;119.80;122.69;118.48;119.80;723043;87048008.00
20160620;120.31;128.90;119.10;126.93;2119725;265208064.00
20160621;126.00;129.60;122.70;123.10;1577231;198555312.00
20160622;121.30;126.58;121.30;125.99;1121806;139459632.00
20160623;125.41;136.58;125.10;132.36;3019454;402047040.00
20160624;130.95;137.50;123.30;134.99;3089663;407915392.00
20160627;133.00;148.49;132.20;148.49;3729411;538243648.00
20160628;148.00;163.29;145.01;157.00;4196505;647378176.00
20160629;155.30;166.80;153.00;162.02;3546497;564351552.00
20160630;158.50;163.99;157.16;157.21;2067126;330260704.00
