20110218;37.90;41.80;36.11;39.22;25756951;977990272.00
20110221;38.50;41.50;38.08;40.80;13519565;542270848.00
20110222;40.09;40.36;38.00;38.19;9041242;353520512.00
20110223;38.13;39.47;38.11;39.00;5107099;198867200.00
20110224;38.77;39.16;38.12;38.89;4201898;162449440.00
20110225;38.60;38.60;37.50;37.96;3907736;148513184.00
20110228;37.92;39.09;37.75;38.83;3123321;120257872.00
20110301;38.98;40.00;38.71;39.13;3562830;140442320.00
20110302;38.86;41.50;38.73;40.71;5636437;227020496.00
20110303;41.00;41.00;39.53;39.90;3466122;139350464.00
20110304;39.96;42.48;39.32;41.60;5032836;208031360.00
20110307;41.34;42.44;41.20;41.73;3868891;161578624.00
20110308;41.40;41.60;40.50;41.28;3123047;127898160.00
20110309;41.10;41.40;40.38;40.41;2822023;114982880.00
20110310;40.37;41.16;40.24;40.42;2037124;83035280.00
20110311;40.30;40.97;40.12;40.21;2242181;90737488.00
20110314;40.21;41.27;40.21;40.92;2121232;86541312.00
20110315;40.85;40.87;38.80;39.85;3193350;126698544.00
20110316;39.70;40.29;39.51;39.82;2286794;91299384.00
20110317;39.50;39.50;38.65;38.94;2087315;81533528.00
20110318;39.21;39.67;38.99;39.29;1229241;48256680.00
20110321;39.01;39.53;38.60;39.45;1848656;72246424.00
20110322;39.45;39.78;38.87;39.73;1571767;61941044.00
20110323;39.60;39.94;39.42;39.88;1360052;53949040.00
20110324;39.84;40.46;39.70;39.85;1575618;63078024.00
20110325;39.70;39.92;39.29;39.38;1617751;63967864.00
20110328;39.35;39.70;38.38;38.53;2008815;78328048.00
20110329;38.40;38.83;38.05;38.68;1601849;61428172.00
20110330;38.48;38.68;37.77;37.85;1143899;43501740.00
20110331;37.88;38.40;37.40;37.42;856479;32308178.00
20110401;37.42;37.87;37.13;37.80;908837;34053812.00
20110406;37.40;37.88;36.88;36.95;1396184;51929268.00
20110407;36.99;37.45;36.80;37.42;782539;29075454.00
20110408;37.39;37.74;37.19;37.58;712133;26730518.00
20110411;37.59;37.89;36.99;37.05;1079228;40393156.00
20110412;36.95;37.39;36.95;37.20;677958;25149792.00
20110413;37.26;38.33;37.10;38.00;1050954;39792404.00
20110414;38.00;38.12;37.60;38.00;622969;23575034.00
20110415;38.02;38.06;37.22;37.69;688719;25884748.00
20110418;37.00;37.00;35.70;35.81;2540475;91951304.00
20110419;35.50;35.50;34.15;34.45;1946294;67566680.00
20110420;34.46;35.28;34.20;34.93;1028271;35685652.00
20110421;34.95;34.96;34.47;34.70;1026016;35561956.00
20110422;34.70;35.25;34.53;34.84;1049269;36726580.00
20110425;34.85;34.99;33.25;33.40;1093579;37261404.00
20110426;33.45;34.19;32.52;34.11;1067525;35552924.00
20110427;34.18;34.18;33.01;33.36;541763;18190566.00
20110428;33.38;33.75;32.35;32.42;611551;20118844.00
20110429;31.40;32.20;30.87;31.81;1064683;33523854.00
20110503;31.63;32.11;31.34;32.05;465494;14780167.00
20110504;32.05;32.05;31.36;31.37;481583;15161693.00
20110505;31.30;31.74;31.00;31.50;404347;12668475.00
20110506;31.20;31.98;31.06;31.78;406578;12886157.00
20110510;31.85;32.29;31.60;32.10;346769;11093165.00
20110511;32.16;33.66;31.90;32.98;859951;28396966.00
20110512;32.90;32.90;32.18;32.23;449771;14616818.00
20110513;32.05;32.58;32.05;32.53;259732;8400793.00
20110516;32.37;32.53;32.02;32.02;328183;10582793.00
20110517;31.97;32.40;31.97;32.08;261930;8430135.00
20110518;32.15;32.60;31.62;31.73;514373;16495414.00
20110519;31.75;32.28;31.06;31.24;624986;19687792.00
20110520;31.45;31.48;30.85;30.90;602925;18709934.00
20110523;30.90;31.20;28.69;28.86;1063783;31446652.00
20110524;28.50;28.99;27.20;28.45;1735662;48594972.00
20110525;28.20;28.20;26.88;27.00;1269181;34824964.00
20110526;27.20;27.45;26.88;26.91;943343;25548810.00
20110527;27.00;27.00;26.02;26.30;926778;24516598.00
20110530;26.20;26.75;26.19;26.39;1102141;29228312.00
20110531;26.39;26.96;26.16;26.80;1193833;31699492.00
20110601;26.79;27.66;26.60;27.40;1257158;33972932.00
20110602;27.00;27.06;26.17;26.58;844317;22477836.00
20110603;26.58;27.20;26.53;27.00;798619;21521434.00
20110607;26.81;27.30;26.77;27.16;634613;17204552.00
20110608;27.25;27.25;26.45;26.90;627518;16761095.00
20110609;26.85;26.85;26.14;26.17;714184;18873714.00
20110610;26.15;26.34;25.33;25.72;733393;18898978.00
20110613;25.69;26.98;25.07;26.59;1379834;36510152.00
20110614;26.50;27.16;26.20;26.99;1116614;29859704.00
20110615;26.80;27.13;26.60;26.73;588997;15826407.00
20110616;26.80;28.30;26.80;27.42;2859825;78850616.00
20110617;27.75;29.49;27.73;29.14;3613078;103830416.00
20110620;28.66;29.00;27.80;28.30;1979073;56089076.00
20110621;28.28;28.95;27.40;28.57;1934323;54524656.00
20110622;28.50;28.50;27.50;27.87;1225257;34182564.00
20110623;27.70;28.49;27.53;28.35;1183889;33335828.00
20110624;28.30;29.10;28.02;28.78;1867992;53591172.00
20110627;28.60;29.28;28.60;28.95;1393470;40327740.00
20110628;28.83;29.50;28.70;29.34;1350849;39460612.00
20110629;29.34;29.50;28.66;28.70;916541;26584376.00
20110630;28.62;29.27;28.48;28.58;979369;28247648.00
20110701;28.70;28.95;28.50;28.78;889937;25566580.00
20110704;28.77;29.44;28.77;29.26;1315306;38339484.00
20110705;29.40;29.87;29.04;29.59;1200086;35329744.00
20110706;29.46;29.98;29.23;29.85;1011666;30035786.00
20110707;29.81;30.80;29.69;30.12;1689392;51073324.00
20110708;29.98;30.11;29.50;29.55;998442;29676510.00
20110711;29.54;29.60;28.94;29.41;939210;27529062.00
20110712;29.11;29.26;28.81;28.89;870135;25214662.00
20110713;28.82;29.53;28.82;29.45;797284;23379322.00
20110714;29.46;30.51;29.46;30.45;1388968;41690624.00
20110715;30.39;30.94;29.91;30.86;1576118;48154484.00
20110718;30.85;31.88;30.30;30.39;1839038;57092756.00
20110719;30.16;30.35;29.80;29.88;853101;25587586.00
20110720;29.88;30.20;29.61;30.19;816522;24458754.00
20110721;30.20;30.39;29.72;29.77;530562;15853941.00
20110722;29.91;30.07;29.73;29.83;460807;13771770.00
20110725;29.80;29.80;28.28;28.33;986430;28359840.00
20110726;31.10;31.16;31.00;31.16;1300198;40505168.00
20110727;32.18;34.28;32.09;34.28;8624052;288206816.00
20110728;33.58;33.70;32.75;32.92;5191990;172367296.00
20110801;32.46;33.60;32.30;33.00;2608211;86471200.00
20110802;32.60;32.60;31.19;32.15;2528492;80413848.00
20110803;31.45;32.80;31.40;31.79;1826342;58322984.00
20110804;31.72;33.18;31.39;32.94;2466214;79610336.00
20110805;31.90;34.44;31.50;33.22;4186357;140001408.00
20110808;32.62;35.97;32.00;34.98;6509200;223218208.00
20110809;33.76;34.98;32.70;34.70;3835216;130818064.00
20110810;34.88;35.98;34.35;35.00;4001234;140899408.00
20110811;34.00;35.70;33.65;35.48;3130500;108474624.00
20110812;35.62;35.97;34.80;34.80;3030902;106999760.00
20110815;34.79;35.41;34.12;34.88;1943176;67650520.00
20110816;34.63;34.98;33.51;33.59;2567498;87594408.00
20110817;33.28;34.17;33.28;33.73;1242571;42038216.00
20110818;33.80;35.25;33.80;34.60;2424296;83928720.00
20110819;33.81;34.35;33.27;33.60;1641143;55340040.00
20110822;33.55;33.90;32.34;32.37;1812949;60068616.00
20110823;32.53;35.61;32.50;35.61;4344809;150229696.00
20110824;36.68;36.90;35.71;35.94;4382431;158762016.00
20110825;35.95;36.26;35.15;35.72;2278177;81187600.00
20110826;35.62;37.07;35.60;36.57;2680957;98064128.00
20110829;36.34;36.36;35.18;35.40;2150172;76529928.00
20110830;35.65;35.79;35.00;35.45;1217727;43095408.00
20110831;35.44;35.45;34.25;34.79;989723;34421376.00
20110901;34.75;35.47;34.60;34.79;792266;27786878.00
20110902;34.50;35.33;33.91;35.18;1094587;37811464.00
20110905;34.69;35.98;34.50;35.05;1795246;63653372.00
20110906;34.60;34.90;33.12;33.30;1518276;51237268.00
20110907;33.50;34.20;33.50;34.18;1073574;36411736.00
20110908;34.19;34.31;33.65;33.71;871492;29586322.00
20110909;33.85;34.20;32.66;32.80;928861;30782266.00
20110913;32.30;32.49;31.85;32.12;614992;19766006.00
20110914;32.30;32.41;31.22;32.36;795848;25332472.00
20110915;32.20;32.69;32.20;32.39;606972;19675648.00
20110916;32.40;33.08;32.30;32.45;484496;15790081.00
20110919;32.30;32.30;31.00;31.06;799777;25090356.00
20110920;31.06;31.40;30.00;30.60;788447;24370900.00
20110921;30.57;31.56;30.13;31.49;1021681;31613978.00
20110922;31.15;31.16;29.98;30.08;914368;27940258.00
20110923;29.71;29.90;29.20;29.53;579722;17120796.00
20110926;29.09;29.95;29.05;29.27;365994;10795124.00
20110927;29.70;29.80;28.80;29.20;443532;12962313.00
20110928;29.55;29.78;29.06;29.20;355730;10471922.00
20110929;29.10;29.20;28.41;28.63;378221;10903263.00
20110930;28.63;28.88;28.25;28.65;303327;8661215.00
20111010;28.65;29.05;28.43;28.70;272041;7827928.00
20111011;29.80;29.83;28.76;29.00;447745;13074533.00
20111012;28.98;29.88;28.51;29.85;656493;19414670.00
20111013;29.66;30.25;29.66;29.99;701654;21051760.00
20111014;29.99;30.13;29.46;29.83;369399;10981778.00
20111017;29.90;29.98;29.57;29.66;633438;18837338.00
20111018;29.40;29.53;27.71;27.71;1390844;39637004.00
20111019;27.87;27.98;27.35;27.48;392296;10832285.00
20111020;27.30;27.52;26.08;26.26;767416;20414978.00
20111021;26.30;26.57;26.13;26.30;405633;10697541.00
20111024;26.50;27.10;26.12;26.80;590734;15731512.00
20111025;26.80;27.56;26.80;27.50;731147;19909162.00
20111026;27.15;27.92;27.15;27.65;857776;23759910.00
20111027;27.65;28.65;27.65;27.99;866318;24458572.00
20111028;28.18;28.45;27.90;28.32;777760;21911126.00
20111031;28.34;28.45;28.05;28.10;889808;25115274.00
20111101;27.90;28.27;27.66;28.04;1130497;31584982.00
20111102;27.78;28.57;27.38;28.50;997407;27881610.00
20111103;28.51;29.59;28.50;28.89;1619731;47188948.00
20111104;29.12;29.40;28.81;28.94;992234;28825886.00
20111107;28.89;29.35;28.82;28.91;663693;19324794.00
20111108;28.62;29.11;28.62;28.90;589708;17038674.00
20111109;28.90;29.74;28.66;29.60;963360;28113204.00
20111110;29.20;29.68;29.10;29.21;987645;28986940.00
20111111;29.21;29.98;29.01;29.44;1042574;30811808.00
20111114;29.80;30.13;29.60;30.03;1321169;39504860.00
20111115;30.03;31.18;29.64;30.80;2103750;64196740.00
20111116;30.70;30.80;29.58;29.61;1485973;44795056.00
20111117;29.77;30.27;29.50;29.84;1043850;31156168.00
20111118;29.58;29.78;28.83;28.88;1092149;31950378.00
20111121;28.83;29.27;28.51;29.08;642900;18600684.00
20111122;28.80;29.09;28.45;28.77;668251;19240764.00
20111123;28.86;29.03;28.58;28.61;545007;15695005.00
20111124;28.45;28.98;28.12;28.80;640076;18223456.00
20111125;28.75;29.10;28.62;28.80;595345;17192592.00
20111128;28.81;29.10;28.62;28.92;422985;12205241.00
20111129;29.20;29.80;29.02;29.80;1170959;34633096.00
20111130;29.95;31.00;29.20;30.05;3821297;115961560.00
20111201;31.18;31.80;30.41;31.22;4264070;132804160.00
20111202;31.00;32.20;30.75;31.61;3655994;116055296.00
20111205;31.45;31.45;29.80;29.90;2001283;61057900.00
20111206;29.93;32.89;29.91;32.60;3914900;124159880.00
20111207;32.03;32.87;31.63;32.35;3976716;127814584.00
20111208;31.75;32.50;31.11;31.88;2897998;92318240.00
20111209;31.47;32.45;31.21;32.15;2029882;64955332.00
20111212;31.90;33.02;31.72;31.80;2104189;68191376.00
20111213;31.22;31.49;30.02;30.09;2064233;63057692.00
20111214;30.01;30.30;28.60;28.67;1672823;49307368.00
20111215;28.45;29.20;28.21;28.41;1320038;37877828.00
20111216;28.56;29.20;27.29;29.17;2192224;61578896.00
20111219;28.60;28.79;27.67;28.58;1630807;46191716.00
20111220;28.29;29.25;28.29;28.70;1242969;35832068.00
20111221;29.01;29.17;27.45;27.45;1245038;35177544.00
20111222;26.95;27.30;26.01;26.51;1246972;33201854.00
20111223;26.53;27.30;26.53;26.88;795340;21421072.00
20111226;26.76;27.10;26.11;26.13;668104;17820674.00
20111227;26.06;26.26;24.97;25.00;937057;23921914.00
20111228;25.17;25.40;24.11;24.88;749793;18644696.00
20111229;24.68;25.20;24.38;24.81;534331;13333042.00
20111230;24.80;25.38;24.80;25.22;496245;12508931.00
20120104;25.40;25.86;25.13;25.23;891327;22755082.00
20120105;25.14;25.14;23.40;23.53;869115;20957324.00
20120106;23.50;23.66;22.16;22.74;1332614;30144716.00
20120109;22.98;23.90;22.51;23.90;860115;20098772.00
20120110;23.93;25.00;23.90;24.92;1231414;30314526.00
20120111;24.95;25.39;24.58;24.80;1098966;27421192.00
20120112;24.61;25.14;24.50;24.65;776895;19213014.00
20120113;24.85;24.97;23.20;23.22;944541;22580038.00
20120116;23.22;23.30;22.01;22.20;498686;11338459.00
20120117;22.10;23.70;22.10;23.61;754276;17310168.00
20120118;23.61;24.09;22.58;22.66;756306;17682164.00
20120119;22.66;23.40;22.45;22.98;695405;15999155.00
20120120;23.10;23.81;23.05;23.70;908598;21289494.00
20120130;23.70;24.09;23.06;23.80;803211;19072552.00
20120131;23.81;23.98;23.43;23.69;408180;9651016.00
20120201;23.68;24.22;23.50;23.90;816755;19485308.00
20120202;23.84;24.18;23.68;24.15;621043;14872830.00
20120203;24.02;24.60;23.93;24.55;1010365;24535454.00
20120206;24.60;24.60;24.13;24.32;1059046;25701850.00
20120207;24.20;24.20;23.40;23.63;1006721;23850990.00
20120208;23.46;24.26;23.46;24.24;777274;18612490.00
20120209;24.04;24.88;23.90;24.68;1396035;34156160.00
20120210;24.52;24.90;24.45;24.70;1036826;25546744.00
20120213;24.52;25.78;24.29;25.35;1371191;34499788.00
20120214;25.35;25.55;25.04;25.37;930024;23514826.00
20120215;25.37;25.52;25.02;25.48;1124879;28516674.00
20120216;25.27;25.58;24.60;24.78;1862289;46658380.00
20120217;24.76;24.94;24.42;24.93;1001249;24737684.00
20120220;24.97;25.60;24.96;25.12;1665676;42023512.00
20120221;25.08;25.17;24.68;25.13;1171256;29248098.00
20120222;25.18;25.94;25.10;25.90;2145514;54902808.00
20120223;25.95;26.36;25.67;25.90;1693086;44040268.00
20120224;25.88;26.26;25.55;26.22;2035846;52698252.00
20120227;26.22;26.46;25.90;26.00;2041525;53356276.00
20120228;25.87;25.88;25.28;25.59;1439246;36812140.00
20120229;25.70;25.93;25.32;25.58;769590;19712270.00
20120301;25.36;25.63;25.36;25.44;781521;19920268.00
20120302;25.45;26.04;25.45;26.00;1198033;30848652.00
20120305;26.00;26.48;25.90;26.38;1915656;50088988.00
20120306;26.30;26.30;25.84;26.00;1339256;34875988.00
20120307;25.79;26.09;25.66;25.68;1030427;26639500.00
20120308;25.70;25.97;25.70;25.90;949863;24565200.00
20120309;25.93;26.45;25.93;26.39;1410918;37056172.00
20120312;26.46;26.79;26.21;26.73;1964108;52137960.00
20120313;26.70;27.16;26.60;26.84;1662347;44659004.00
20120314;26.94;27.14;25.10;25.20;2022803;53246260.00
20120315;25.35;27.72;25.01;27.72;5222274;141320384.00
20120316;28.45;28.90;27.75;28.28;6466063;182739264.00
20120319;28.07;28.48;27.85;28.13;2797566;78829312.00
20120320;28.10;28.10;27.06;27.10;2418199;66535892.00
20120321;27.10;27.43;26.46;26.78;1558409;41908320.00
20120322;26.68;27.04;26.68;26.89;1285790;34572388.00
20120323;26.86;26.86;25.66;25.92;1991153;52032936.00
20120326;26.16;28.18;26.15;27.09;3140864;85560920.00
20120327;26.90;27.27;26.09;26.16;1874900;49842136.00
20120328;25.80;25.80;25.01;25.01;1810611;45780932.00
20120329;25.01;25.01;23.66;24.11;1477221;35806136.00
20120330;24.16;24.35;23.78;23.99;714808;17220140.00
20120405;24.18;24.76;24.03;24.73;951918;23302004.00
20120406;24.74;24.79;24.30;24.49;957818;23480758.00
20120409;24.46;24.48;24.02;24.08;658724;15962656.00
20120410;23.98;24.29;23.55;24.27;693914;16571686.00
20120411;23.88;24.48;23.70;24.37;584622;14155169.00
20120412;24.40;25.20;24.30;25.15;1041010;25865066.00
20120413;25.14;25.18;24.70;24.99;1024704;25552084.00
20120416;25.00;25.00;24.70;24.75;931814;23112718.00
20120417;24.69;25.16;24.58;24.66;745938;18569528.00
20120418;24.69;25.16;24.59;25.08;1034789;25746464.00
20120419;25.00;25.84;25.00;25.52;1538533;39253484.00
20120420;25.26;25.49;24.88;25.34;1153246;29075732.00
20120423;25.34;25.52;24.70;24.95;1217490;30527162.00
20120424;22.55;23.44;22.46;22.63;3541805;80513440.00
20120425;22.59;22.59;21.75;22.23;1959792;43380916.00
20120426;22.26;22.43;22.10;22.31;813763;18115400.00
20120427;22.31;22.31;21.92;22.17;838025;18499408.00
20120502;22.43;22.48;22.18;22.42;997617;22280824.00
20120503;22.42;22.72;22.31;22.69;853828;19283516.00
20120504;22.70;22.75;22.45;22.73;994835;22513074.00
20120507;22.72;23.14;22.55;23.07;1060206;24317706.00
20120508;23.00;23.35;22.93;23.09;912231;21122876.00
20120509;23.00;23.00;22.46;22.64;952348;21528192.00
20120510;22.60;23.09;22.60;22.67;975330;22195582.00
20120511;22.70;23.03;22.69;22.92;833271;19091134.00
20120515;22.79;22.79;22.01;22.15;1220094;27034404.00
20120516;22.15;22.19;21.97;21.99;657402;14514744.00
20120517;21.98;22.21;21.87;22.18;641800;14185431.00
20120518;22.01;22.01;21.75;21.79;761210;16626499.00
20120521;21.82;21.98;21.66;21.94;615081;13440502.00
20120522;22.00;22.24;21.90;22.13;642660;14204370.00
20120523;22.06;22.17;21.88;22.07;616518;13592206.00
20120524;22.07;22.23;22.00;22.23;649268;14361417.00
20120525;22.28;22.28;21.93;21.97;696468;15355937.00
20120528;21.10;21.70;20.90;21.63;870125;18511726.00
20120529;21.50;21.88;21.41;21.80;729186;15815955.00
20120530;21.50;21.95;21.42;21.64;694012;15092578.00
20120531;21.54;21.83;21.48;21.57;640143;13884180.00
20120601;21.68;21.68;21.45;21.48;511176;11008074.00
20120604;20.91;21.14;20.78;20.81;762591;15992889.00
20120605;20.80;21.13;20.76;21.05;762030;15975548.00
20120606;21.10;21.17;20.60;20.77;628215;13083993.00
20120607;20.88;21.00;20.47;20.74;552223;11444155.00
20120608;20.80;20.94;20.40;20.54;670462;13787800.00
20120611;20.43;20.63;20.11;20.56;573376;11710684.00
20120612;20.48;20.80;20.31;20.78;778195;16044092.00
20120613;20.84;21.17;20.80;21.13;862979;18141528.00
20120614;21.15;21.23;20.91;20.93;635678;13409473.00
20120615;21.04;21.60;20.77;21.43;1857056;39489196.00
20120618;21.43;22.49;21.27;22.11;2918751;64038244.00
20120619;21.99;22.87;21.77;22.38;3077536;69117848.00
20120620;22.48;22.48;21.70;21.80;1790525;39286324.00
20120621;21.82;21.82;21.23;21.37;1035868;22188540.00
20120625;21.43;21.60;21.19;21.25;877864;18733906.00
20120626;21.21;21.21;20.32;20.73;950034;19682370.00
20120627;20.73;21.10;20.46;20.56;853590;17764092.00
20120628;20.51;21.10;20.51;20.68;713499;14856332.00
20120629;20.61;22.07;20.61;21.73;1652079;35541112.00
20120702;21.88;22.47;21.73;22.03;1909489;42299204.00
20120703;22.02;22.34;21.65;21.83;1617306;35616692.00
20120704;21.83;22.14;21.66;21.81;888741;19428616.00
20120705;21.81;21.81;20.98;21.14;1053125;22374912.00
20120706;21.07;21.70;20.50;21.58;1137882;24039008.00
20120709;21.41;21.98;21.40;21.49;1499548;32624024.00
20120710;21.40;21.49;20.71;20.94;1115484;23339310.00
20120711;20.94;21.25;20.60;21.24;834357;17460578.00
20120712;21.03;22.05;20.91;21.91;2105155;45769452.00
20120713;21.81;21.95;21.35;21.53;1344164;28990794.00
20120716;21.39;21.60;20.50;20.52;1428278;29897392.00
20120717;20.30;20.49;19.70;19.85;1437262;28562650.00
20120718;19.75;19.89;19.50;19.86;796283;15661490.00
20120719;19.85;20.17;19.72;19.99;910679;18193592.00
20120720;20.00;20.15;19.88;19.92;449658;8978464.00
20120723;19.99;19.99;19.35;19.40;770650;15014386.00
20120724;19.38;19.69;19.35;19.57;399631;7808651.50
20120725;19.42;19.88;19.42;19.54;451896;8854483.00
20120726;19.54;19.79;19.45;19.65;524960;10287524.00
20120727;19.73;19.80;19.50;19.62;354167;6952678.50
20120730;19.66;19.74;19.09;19.10;544449;10538451.00
20120731;19.11;19.49;18.44;18.44;676843;12712782.00
20120801;18.50;18.75;18.40;18.57;371560;6910369.50
20120802;18.51;18.75;18.38;18.50;392305;7286135.00
20120803;18.42;18.81;18.42;18.79;725018;13527669.00
20120806;18.68;19.18;18.60;19.16;999984;18906662.00
20120807;19.20;19.24;18.95;19.14;780700;14890824.00
20120808;19.04;19.17;18.85;19.02;534360;10170782.00
20120809;19.10;19.36;19.00;19.29;1257411;24181322.00
20120810;19.29;19.48;19.22;19.40;1010534;19568262.00
20120813;19.75;20.55;19.62;19.66;2046123;41017368.00
20120814;19.48;19.66;19.03;19.53;1023357;19778712.00
20120815;19.45;19.45;19.00;19.09;630899;12142238.00
20120816;19.09;19.24;18.90;19.03;473642;9044283.00
20120817;18.96;19.14;18.86;18.95;394996;7490018.00
20120820;19.00;19.24;18.80;19.22;324830;6160981.00
20120821;19.02;19.60;19.02;19.45;617366;11995576.00
20120822;19.48;19.49;19.17;19.32;537654;10382220.00
20120823;19.26;19.47;19.20;19.47;451819;8751899.00
20120824;19.43;19.87;19.25;19.59;858984;16799960.00
20120827;19.68;19.68;18.87;18.90;601663;11572479.00
20120828;18.91;19.50;18.80;19.44;941944;18131024.00
20120829;19.35;19.75;19.20;19.45;811762;15857270.00
20120830;19.45;19.74;18.80;19.26;919937;17828634.00
20120831;19.20;19.34;18.67;18.80;898950;16941482.00
20120903;18.79;19.18;18.60;19.10;692245;13162493.00
20120904;19.15;19.27;18.93;19.01;546364;10451144.00
20120905;18.99;19.21;18.81;19.15;499295;9515691.00
20120906;19.06;19.44;19.06;19.44;730228;14097338.00
20120907;19.61;20.45;19.50;20.16;2193429;43940008.00
20120910;20.22;20.28;19.95;20.12;1087995;21893194.00
20120911;20.08;20.10;19.86;19.96;777180;15492560.00
20120912;20.00;20.22;19.95;20.15;1020955;20485456.00
20120913;20.16;20.25;19.80;19.80;801521;16045079.00
20120914;19.88;20.16;19.69;19.97;739648;14726500.00
20120917;19.98;20.10;19.48;19.50;728810;14406665.00
20120918;19.37;19.50;19.13;19.17;495421;9546173.00
20120919;19.28;19.37;19.13;19.35;266803;5146273.50
20120920;19.35;19.38;18.83;18.86;528214;10074697.00
20120921;18.86;19.00;18.60;18.71;323935;6083119.00
20120924;18.60;18.92;18.39;18.81;301177;5644045.50
20120925;18.75;18.95;18.71;18.79;113968;2145964.25
20120926;18.79;18.87;18.41;18.41;350928;6525192.00
20120927;18.57;18.96;18.42;18.81;382772;7161532.00
20120928;18.62;19.18;18.62;19.10;359023;6825646.50
20121008;19.20;19.44;19.13;19.25;510696;9854887.00
20121009;19.18;19.93;19.18;19.75;944675;18581992.00
20121010;19.76;19.96;19.65;19.96;952981;18918016.00
20121011;19.97;19.99;19.60;19.60;557729;11036155.00
20121012;19.65;19.88;19.44;19.68;370033;7264646.50
20121015;19.68;20.10;19.55;20.06;1250557;24921846.00
20121016;20.11;20.13;19.81;19.86;1133259;22627000.00
20121017;19.85;19.96;19.70;19.81;426719;8452950.00
20121018;19.89;20.09;19.82;20.01;611322;12231998.00
20121019;20.09;20.09;19.90;19.93;334726;6687787.50
20121022;19.89;20.15;19.80;20.08;394627;7887959.00
20121023;20.08;20.15;19.70;19.70;515500;10277754.00
20121024;19.72;19.89;19.61;19.71;361268;7136101.50
20121025;19.68;20.15;19.68;19.80;509582;10157330.00
20121026;19.90;20.34;19.74;19.78;1537476;30803026.00
20121029;19.71;19.85;19.41;19.50;800420;15659049.00
20121030;19.45;20.23;19.43;20.22;1314434;26251544.00
20121031;20.22;20.90;20.10;20.52;2094883;43216428.00
20121101;20.55;20.78;20.30;20.67;1603258;33021636.00
20121102;20.63;20.84;20.48;20.75;828861;17111662.00
20121105;20.63;21.64;20.62;21.42;2830280;60510100.00
20121106;21.35;21.47;20.95;21.34;1480422;31381060.00
20121107;21.37;21.45;21.10;21.24;1134246;24048690.00
20121108;20.99;21.05;20.60;20.72;1406755;29203650.00
20121109;20.70;20.92;20.40;20.60;815573;16877442.00
20121112;20.60;20.71;20.42;20.67;821093;16895768.00
20121113;20.68;20.70;20.17;20.38;978388;19903862.00
20121114;20.23;20.80;20.23;20.70;516655;10592476.00
20121115;20.64;20.96;20.42;20.43;857819;17745058.00
20121116;20.36;20.46;19.80;19.93;878380;17648654.00
20121119;19.84;20.20;19.81;20.18;505981;10110589.00
20121120;20.12;20.27;19.86;20.10;318935;6403915.00
20121121;20.20;20.80;20.02;20.78;786716;16043761.00
20121122;20.75;21.00;20.54;20.68;620124;12873814.00
20121123;20.70;20.88;20.33;20.38;542234;11189638.00
20121126;20.38;20.38;19.95;19.98;599083;12017505.00
20121127;19.90;19.95;18.85;18.86;928433;17812978.00
20121128;18.80;18.96;18.33;18.40;675677;12530482.00
20121129;18.40;18.64;18.02;18.08;652426;11907841.00
20121130;18.08;18.28;18.00;18.18;472241;8558012.00
20121203;18.12;18.12;17.21;17.21;790830;13999876.00
20121204;17.28;17.48;16.92;17.35;588155;10077084.00
20121205;17.35;18.18;17.28;18.02;908384;16253859.00
20121206;18.00;18.09;17.78;18.00;369526;6619919.50
20121207;18.00;18.36;17.85;18.32;597233;10880238.00
20121210;18.22;18.66;18.20;18.60;743279;13734690.00
20121211;18.56;18.58;18.30;18.31;529566;9743114.00
20121212;18.31;18.47;18.10;18.25;413776;7540242.50
20121213;18.25;18.38;17.90;17.92;303869;5500652.00
20121214;17.81;19.01;17.81;18.85;1219543;22779206.00
20121217;18.85;19.10;18.78;18.99;894093;16916392.00
20121218;18.90;19.10;18.77;18.89;765811;14482669.00
20121219;18.88;19.18;18.80;18.94;593862;11270969.00
20121220;18.81;19.29;18.50;19.02;865083;16446930.00
20121221;19.03;19.55;18.86;19.47;1203466;23234806.00
20121224;19.47;19.79;19.40;19.44;735910;14387671.00
20121225;19.44;20.06;19.35;19.92;1286766;25518308.00
20121226;19.90;20.48;19.82;20.45;1390889;28135536.00
20121227;20.54;20.75;20.18;20.23;1569563;32086298.00
20121228;20.24;21.06;19.89;20.79;2172741;44528204.00
20121231;20.63;20.95;20.55;20.80;1116297;23137418.00
20130104;20.81;20.98;20.39;20.65;1191430;24576706.00
20130107;20.97;21.27;20.80;20.90;1241198;26039392.00
20130108;20.82;21.37;20.70;21.10;1415417;29803392.00
20130109;21.00;21.15;20.53;20.90;1273930;26588754.00
20130110;20.80;21.05;20.66;20.79;1036342;21594644.00
20130111;20.85;21.05;20.41;20.60;1375229;28601146.00
20130114;20.75;22.17;20.70;22.07;3893459;84776096.00
20130115;22.10;23.68;22.10;23.33;4323573;99717040.00
20130116;23.34;23.66;23.02;23.55;3337960;77823176.00
20130117;23.55;24.63;23.50;23.65;4140307;100320992.00
20130118;23.85;24.58;23.85;24.43;2844721;69277736.00
20130121;24.42;25.35;24.23;25.05;2919845;72736056.00
20130122;24.90;24.90;23.76;24.08;2904769;70632584.00
20130123;23.93;25.70;23.81;24.80;3791182;94493168.00
20130124;25.05;26.11;24.30;25.38;4673356;118147160.00
20130125;25.30;25.39;24.55;25.28;1904084;47842924.00
20130128;25.20;26.48;24.85;26.21;3278428;84557688.00
20130129;26.21;27.27;26.01;26.58;2647123;71103032.00
20130130;26.50;27.07;26.06;26.65;2639418;70292704.00
20130131;26.41;26.78;26.09;26.35;1764608;46607276.00
20130201;26.57;27.01;26.13;26.90;1552146;41502360.00
20130204;27.13;27.80;26.01;26.14;3013654;80907888.00
20130205;25.86;27.06;25.70;26.82;1364739;36304284.00
20130206;26.99;27.75;26.83;27.50;3239465;88926008.00
20130207;27.53;28.08;27.10;27.90;1707876;47174932.00
20130208;28.04;29.49;27.88;29.09;2367939;68302496.00
20130218;29.55;29.67;28.86;29.10;2800072;81696432.00
20130219;28.73;29.00;28.46;28.55;1707141;48844096.00
20130220;28.74;29.30;28.03;29.20;1550864;44806848.00
20130221;28.88;29.30;28.01;28.70;1741846;49833804.00
20130222;28.75;28.80;27.50;27.70;1612882;45340952.00
20130225;27.33;29.48;27.33;29.48;2731963;77815496.00
20130226;29.47;30.78;29.20;29.75;3682226;111333592.00
20130227;29.90;30.50;29.25;29.89;1390664;41399948.00
20130228;29.80;29.83;28.70;29.28;2429144;70548232.00
20130301;28.96;29.81;28.91;29.69;1574108;46220416.00
20130304;29.58;30.05;28.91;29.10;2134301;63004236.00
20130305;28.99;30.74;28.99;30.66;2703275;80772072.00
20130306;30.99;32.10;30.99;31.95;3838446;121531568.00
20130307;31.84;32.10;30.45;31.09;1922710;60163068.00
20130308;31.29;32.20;30.73;31.38;1728652;54296092.00
20130311;31.60;32.80;30.85;32.30;3561378;114103856.00
20130312;32.48;32.60;29.07;29.89;4049607;125002752.00
20130313;30.07;30.70;29.55;29.60;2606727;78499696.00
20130314;29.48;31.32;29.30;29.90;1961477;59195968.00
20130315;29.99;31.18;29.99;30.90;2464778;76045920.00
20130318;31.00;31.00;29.97;30.38;2330427;70875520.00
20130319;30.03;30.60;28.09;28.99;3921744;114148016.00
20130320;28.99;30.25;28.80;30.15;2613861;77097104.00
20130321;30.15;31.40;30.15;31.26;2507036;77664984.00
20130322;31.06;31.58;30.93;31.09;1454070;45531292.00
20130325;31.00;32.17;30.80;31.60;2512642;79095712.00
20130326;31.56;32.34;30.99;32.32;1736249;55090132.00
20130327;32.19;32.80;32.02;32.30;1193406;38724776.00
20130328;31.97;31.97;31.10;31.20;1984919;62662152.00
20130329;31.40;31.45;30.35;30.73;1526445;47051040.00
20130401;30.75;31.47;30.71;30.99;1785517;55312452.00
20130402;31.00;31.40;29.30;29.56;3521206;106685496.00
20130403;29.66;30.00;28.82;29.08;1461830;42931064.00
20130408;28.70;30.08;28.18;29.77;2101636;61681572.00
20130409;29.93;30.47;29.71;30.45;1203520;36198948.00
20130410;30.22;30.46;29.25;30.05;1112924;33264588.00
20130411;29.90;30.15;29.03;29.20;1090827;32165260.00
20130412;29.11;29.77;29.01;29.48;540595;15868605.00
20130415;29.83;31.18;29.59;30.16;3915133;118919232.00
20130416;29.78;31.18;29.78;31.18;2028920;61804932.00
20130417;31.27;34.26;31.27;34.06;5325253;175627440.00
20130418;33.80;34.28;33.33;34.01;2768220;93971904.00
20130419;34.30;35.70;34.08;34.30;5533578;192448768.00
20130422;34.42;35.08;33.85;35.00;2682297;92945520.00
20130423;35.05;35.50;33.58;33.81;3182309;109481336.00
20130424;33.50;35.19;33.50;34.83;2562018;88601096.00
20130425;34.80;35.15;33.37;33.52;2658456;91311456.00
20130426;33.50;34.18;32.83;33.00;1879971;62995720.00
20130502;32.90;33.39;32.51;33.28;1715476;56692332.00
20130503;33.32;34.80;33.00;34.31;3144264;106540568.00
20130506;34.40;34.99;33.63;34.85;2729153;93653632.00
20130507;34.72;34.72;34.00;34.30;1276273;43765456.00
20130508;34.30;36.50;34.20;36.20;3141755;111750688.00
20130509;35.93;36.44;35.09;35.49;2349070;84181144.00
20130510;35.30;35.69;34.13;34.52;1954279;68134120.00
20130513;34.52;35.29;34.02;35.18;1582911;54754140.00
20130514;35.30;35.68;34.38;34.67;1769416;61666044.00
20130515;34.60;35.20;34.30;34.89;1437972;49924060.00
20130516;34.85;35.46;33.40;33.88;2470695;85175632.00
20130517;33.68;33.96;33.31;33.54;1734001;58454740.00
20130520;33.58;33.74;31.50;33.13;4688240;151885168.00
20130521;32.70;33.38;32.42;33.35;2172978;71728432.00
20130522;33.53;34.94;33.36;34.00;3068419;104892264.00
20130523;33.69;34.79;33.50;33.95;1726020;59207280.00
20130524;33.90;34.27;33.69;34.05;1078722;36657380.00
20130527;34.20;35.33;33.90;35.11;2259385;78779040.00
20130528;35.20;35.87;34.06;34.42;2271274;78457448.00
20130529;34.33;35.30;33.20;35.00;2131055;72856336.00
20130530;34.58;37.20;34.58;36.66;4408576;160475680.00
20130531;36.75;37.25;36.22;36.57;2311291;85132912.00
20130603;36.50;36.95;34.95;35.10;2593295;92915208.00
20130604;35.10;35.83;34.58;34.80;2058335;72140728.00
20130605;34.93;36.45;34.65;35.90;2011769;72090392.00
20130606;35.90;36.46;35.50;36.03;1606103;57784712.00
20130607;36.29;37.27;35.80;36.25;2753441;101091472.00
20130613;35.60;36.25;34.00;35.90;2619102;92079760.00
20130614;35.78;37.68;35.75;37.42;3414912;126952528.00
20130617;37.31;39.40;37.13;38.88;4198095;161146352.00
20130618;38.78;39.12;37.60;39.00;2807910;108156480.00
20130619;38.60;39.70;38.30;39.39;2137975;83674048.00
20130620;39.11;39.55;37.30;37.50;2095793;80370960.00
20130621;36.73;39.00;36.08;39.00;2743794;103601016.00
20130624;38.90;39.69;35.81;36.79;4339630;164721376.00
20130625;36.02;37.34;33.30;36.89;4687447;166892112.00
20130626;36.80;38.61;36.01;38.43;3775833;141007744.00
20130627;38.25;38.80;34.95;35.01;5481128;202047840.00
20130628;34.70;35.32;33.00;33.73;3001661;102690312.00
20130701;33.00;35.24;32.34;35.10;3561661;119050408.00
20130702;34.85;37.00;34.45;36.46;3212993;116025136.00
20130703;36.25;37.63;36.25;37.29;3252907;120933536.00
20130704;37.10;37.78;36.71;37.21;1555210;57942068.00
20130705;37.20;37.38;35.61;36.13;1494984;54625692.00
20130708;35.80;35.80;33.45;33.98;4294149;147017104.00
20130709;33.89;34.97;33.50;34.90;3088368;105305760.00
20130710;34.90;35.38;33.95;34.45;2190942;75330760.00
20130711;34.41;34.88;33.22;34.08;4933600;167772848.00
20130712;34.08;35.78;33.80;35.00;4702821;164744880.00
20130715;35.11;36.59;34.82;36.59;3505435;125780528.00
20130716;36.70;37.25;36.15;36.85;2680689;98540912.00
20130717;36.73;37.35;34.85;35.36;3213770;115509080.00
20130718;35.35;36.08;34.60;35.35;1742195;61604404.00
20130719;35.46;35.62;34.70;34.75;1657412;58134260.00
20130722;34.19;35.38;34.03;35.25;1763188;61580832.00
20130723;35.08;36.10;34.52;35.99;2826253;100557208.00
20130724;35.93;36.94;35.71;36.51;2642342;96000336.00
20130725;36.53;37.68;35.68;35.75;2735410;100174912.00
20130726;35.63;36.01;35.56;35.77;1569109;56087476.00
20130729;35.65;35.68;34.00;34.40;1901831;66326316.00
20130730;34.42;34.71;33.26;34.26;1366149;46366660.00
20130731;34.03;34.77;33.95;34.21;973374;33404888.00
20130801;34.08;34.90;34.08;34.80;1326026;45928536.00
20130802;34.80;35.30;34.20;34.32;1202400;41777176.00
20130805;34.15;35.30;34.15;35.24;1733433;60376016.00
20130806;35.25;35.29;34.85;35.18;1733069;60828180.00
20130807;35.20;35.85;33.95;34.00;2872377;99737512.00
20130808;34.00;34.80;33.69;34.40;1769058;60351900.00
20130809;34.45;34.88;33.50;34.16;1850739;63313616.00
20130812;34.21;34.30;33.71;34.07;1775246;60248988.00
20130813;34.00;34.38;33.73;34.28;1318406;44996024.00
20130814;34.27;35.79;34.12;35.74;3833978;134780992.00
20130815;35.74;35.74;33.70;33.92;3277554;113216920.00
20130816;33.60;33.60;30.53;30.73;7408901;235819584.00
20130819;30.69;31.73;30.52;31.40;2367129;73871824.00
20130820;31.40;31.73;30.80;30.97;1751109;54542356.00
20130821;30.98;31.61;30.91;31.50;1162983;36419644.00
20130822;31.47;31.95;31.20;31.48;934849;29541268.00
20130823;31.49;31.78;30.39;30.81;3468998;106871504.00
20130826;30.80;31.56;30.71;31.17;1884239;58777792.00
20130827;31.10;31.21;30.37;30.74;2821762;86353264.00
20130828;30.73;30.73;29.72;29.79;3231506;97003936.00
20130829;29.89;30.09;29.48;29.85;1628065;48379124.00
20130830;29.86;30.25;29.30;29.41;2429905;72395440.00
20130902;29.57;29.89;29.20;29.88;1262440;37296836.00
20130903;29.81;30.42;29.81;30.38;1920478;58018188.00
20130904;30.50;30.55;29.95;30.33;1330840;40209776.00
20130905;30.33;30.81;30.05;30.67;1631000;49621344.00
20130906;30.50;30.77;30.41;30.52;1194765;36521156.00
20130909;30.56;30.69;29.90;30.00;1897388;57141904.00
20130910;29.98;30.25;29.60;29.79;1396538;41735004.00
20130911;29.79;29.91;28.56;28.89;2264113;65531956.00
20130912;28.72;29.38;28.71;28.98;1274707;37015528.00
20130913;29.00;29.29;28.74;29.18;1306812;37983216.00
20130916;29.29;30.48;29.20;30.21;3040393;91388872.00
20130917;30.18;30.62;30.13;30.36;1973690;59946780.00
20130918;30.36;30.50;30.10;30.37;1185987;35943908.00
20130923;30.37;31.83;30.37;31.80;3681081;115409528.00
20130924;31.78;32.38;31.68;32.14;3146346;101045368.00
20130925;31.91;32.19;31.70;31.92;1969700;62941204.00
20130926;31.92;33.26;31.82;32.26;3322411;109086536.00
20130927;32.33;33.50;32.30;33.00;2546631;84526080.00
20130930;33.31;33.75;32.69;33.15;2181814;72475736.00
20131008;33.19;34.24;33.02;34.05;2230866;75108016.00
20131009;34.08;34.85;33.82;34.65;1919339;66124056.00
20131010;34.71;35.67;34.41;34.65;2066004;72525088.00
20131011;34.61;35.16;33.54;33.99;3042791;103428840.00
20131014;33.97;34.57;33.56;34.10;1444080;49208144.00
20131015;34.00;34.75;33.50;33.80;1411359;48255320.00
20131016;33.50;33.50;31.72;31.95;3300912;106421344.00
20131017;32.00;32.37;31.00;31.46;2249607;71437416.00
20131018;31.20;31.68;31.18;31.51;1320156;41580160.00
20131021;31.51;32.98;31.51;32.89;1881621;61348760.00
20131022;32.89;33.20;31.95;32.10;2442295;79266672.00
20131023;32.02;32.41;31.40;31.63;1308854;41687480.00
20131024;31.67;32.94;31.50;32.37;2206921;71436632.00
20131025;32.13;32.47;31.25;31.30;1361531;43137932.00
20131028;30.92;30.92;29.68;30.12;1522654;46032356.00
20131029;30.02;30.48;28.55;29.35;1602399;46923468.00
20131030;29.46;30.08;29.08;29.95;1009426;29928934.00
20131031;29.89;29.89;29.20;29.25;1023577;30090998.00
20131101;29.25;29.93;29.00;29.61;1143464;33777908.00
20131104;29.62;29.93;29.59;29.65;698216;20754682.00
20131105;29.61;29.68;28.76;29.34;1603168;46671916.00
20131106;29.18;29.23;28.80;28.86;1202534;34862248.00
20131107;28.38;28.71;28.20;28.28;1471924;41884848.00
20131108;28.01;28.45;27.19;27.28;2195187;60454356.00
20131111;27.28;28.03;26.83;27.95;1161584;31973496.00
20131112;27.97;28.50;27.80;28.29;1453157;41140464.00
20131113;28.31;28.50;28.00;28.01;571390;16122810.00
20131114;28.00;29.62;27.82;29.45;1706235;49662564.00
20131115;29.28;30.10;29.22;29.74;1479800;44099768.00
20131118;29.93;30.38;29.70;30.13;1225665;36761916.00
20131119;30.10;30.20;29.80;30.00;831398;24937812.00
20131120;30.00;30.10;29.38;29.75;962945;28594932.00
20131121;29.51;29.84;29.30;29.60;956537;28237446.00
20131122;29.60;30.15;29.55;30.02;949789;28430490.00
20131125;30.00;31.60;29.82;31.15;2007231;62382012.00
20131126;31.13;31.96;31.00;31.15;2058733;64807924.00
20131127;31.21;31.79;31.00;31.70;1499661;47292936.00
20131128;31.75;32.50;31.53;32.06;1602261;51457856.00
20131129;32.00;33.60;31.93;33.50;2991060;99295296.00
20131202;32.00;32.86;30.66;30.90;2829414;89906752.00
20131203;30.89;33.90;30.70;33.72;3175417;103422496.00
20131204;33.71;34.80;33.41;33.45;4430179;151466560.00
20131205;33.45;33.94;33.32;33.50;2205758;73939720.00
20131206;33.40;33.49;32.11;32.15;2978803;96955600.00
20131209;32.16;33.52;32.16;33.52;2072216;68191320.00
20131210;33.60;33.80;32.82;33.00;1415560;46789956.00
20131211;32.85;33.55;32.53;32.95;1532903;50611672.00
20131212;32.81;33.50;32.81;33.11;1167035;38736992.00
20131213;33.15;33.70;32.88;33.53;1604083;53559992.00
20131216;33.61;33.86;32.51;32.51;2033556;67287472.00
20131217;32.55;32.90;32.32;32.58;1082990;35310280.00
20131218;32.58;32.87;32.33;32.63;953786;31135102.00
20131219;32.79;33.08;32.55;32.67;847863;27803106.00
20131220;32.62;33.50;32.60;32.90;1558990;51502472.00
20131223;32.90;34.14;32.69;33.90;2732895;92047152.00
20131224;33.88;33.90;33.36;33.65;1623039;54527716.00
20131225;34.43;36.63;34.36;35.70;5364580;190332864.00
20131226;35.50;36.43;35.03;35.07;4247056;152108720.00
20131227;35.00;36.49;34.83;36.30;3854367;138669728.00
20131230;36.18;36.77;35.75;36.05;2594944;93892632.00
20131231;36.04;36.04;35.00;35.32;2356479;83230296.00
20140102;35.20;36.54;35.12;36.26;2804868;101189952.00
20140103;36.29;36.30;35.30;35.70;2308222;82219616.00
20140106;35.36;35.36;33.45;33.70;3120971;107054512.00
20140107;33.28;34.20;33.16;33.45;2037069;68487992.00
20140108;33.60;34.12;33.42;34.12;1883885;63656164.00
20140109;34.10;34.40;31.95;32.02;2732071;90635248.00
20140110;32.19;32.45;30.87;31.30;2228103;70645016.00
20140113;31.80;31.85;30.88;31.61;1297747;40658928.00
20140114;31.56;33.13;31.30;33.09;2007360;64683940.00
20140115;32.90;33.58;32.56;33.25;1355475;44884692.00
20140116;33.47;33.47;32.70;33.20;1136934;37677452.00
20140117;33.30;33.30;32.71;32.88;699568;23064040.00
20140120;32.80;32.89;32.20;32.40;856432;27823308.00
20140121;32.39;32.88;32.39;32.66;587342;19215968.00
20140122;32.70;33.50;32.60;33.45;963932;31999058.00
20140123;33.59;33.79;32.97;33.79;1438586;48063928.00
20140124;33.61;34.77;33.50;34.77;1374127;47012124.00
20140127;34.73;34.89;34.30;34.38;1639374;56617084.00
20140128;34.58;34.86;34.20;34.73;1041845;35969668.00
20140129;34.89;35.70;34.56;35.56;1751277;62016380.00
20140130;35.51;35.74;35.30;35.39;1119010;39713440.00
20140207;35.27;35.27;34.30;35.00;1411886;49186812.00
20140210;34.89;35.69;34.72;35.50;2472517;87014528.00
20140211;35.48;35.55;34.60;34.93;2357037;82413504.00
20140212;35.00;35.00;33.95;34.82;3125108;107278600.00
20140213;34.79;35.98;34.20;35.80;3453013;122068904.00
20140214;35.56;36.28;35.36;35.92;2249669;80696992.00
20140217;35.95;39.51;35.95;39.51;7812059;298910144.00
20140218;40.00;41.80;39.65;40.70;7586480;308277440.00
20140219;40.51;40.85;39.00;40.27;4526318;180670656.00
20140220;40.63;41.40;39.47;40.37;4626767;187472640.00
20140221;40.66;44.36;40.65;42.40;6180522;262540704.00
20140224;42.60;43.75;41.40;43.30;4183106;178285056.00
20140225;43.29;43.70;39.20;39.78;5530602;230306624.00
20140226;39.97;42.78;39.90;42.78;4517602;185868752.00
20140227;42.77;44.70;41.03;41.70;5697061;245021360.00
20140228;39.92;40.58;37.53;38.57;8089934;310272800.00
20140303;38.39;39.45;37.32;39.14;4914911;188676512.00
20140304;38.85;39.09;37.88;38.47;2626364;101000688.00
20140305;38.61;38.96;37.68;38.00;2077601;79129336.00
20140306;37.99;38.95;37.60;38.30;2150893;82521040.00
20140307;38.10;39.08;38.10;39.04;2461333;94773240.00
20140310;38.80;39.46;37.80;37.99;2108324;81183856.00
20140311;37.86;38.45;34.71;35.55;4645651;168489680.00
20140312;35.40;35.71;34.68;35.48;1619794;57029012.00
20140313;35.65;36.70;35.45;36.48;1363853;49329480.00
20140314;36.50;37.76;36.48;37.69;2520195;93770656.00
20140317;39.00;40.50;37.88;39.50;5741142;224149968.00
20140318;39.03;39.78;38.98;39.19;2275571;89487952.00
20140319;39.19;39.30;38.28;39.08;1883553;73065584.00
20140320;38.95;39.78;37.82;37.82;1372612;53190224.00
20140321;37.38;38.90;36.90;38.70;1736654;65774856.00
20140324;38.58;38.97;38.00;38.38;1363865;52479272.00
20140325;38.50;39.68;38.03;38.79;1670390;65256652.00
20140326;38.83;39.55;37.47;37.49;3456223;132362968.00
20140327;37.55;37.62;35.70;35.78;2890991;105151184.00
20140328;35.76;36.18;33.91;34.08;2670277;92929416.00
20140331;34.10;34.55;33.95;34.35;1816032;62095680.00
20140401;34.33;34.85;34.08;34.85;1645582;56700968.00
20140402;34.83;35.08;33.86;34.00;1689787;57804252.00
20140403;34.19;34.37;33.85;34.31;870842;29783788.00
20140404;34.12;35.10;34.10;35.05;921771;31822644.00
20140408;34.75;35.59;34.56;35.30;1460328;51386516.00
20140409;35.30;36.21;35.15;36.20;1762570;63034228.00
20140410;37.29;37.79;36.30;36.35;3019453;111879696.00
20140411;35.95;37.20;35.63;37.01;1529077;56149036.00
20140414;37.02;37.43;36.78;37.00;1092434;40499404.00
20140415;36.90;37.15;36.00;36.25;1421479;51850928.00
20140416;36.44;37.08;36.23;36.77;1244361;45579008.00
20140417;36.99;37.10;36.52;36.86;1790227;66023940.00
20140418;18.00;18.24;17.56;17.76;2526917;45168864.00
20140421;17.65;18.17;17.41;17.92;2584965;46012208.00
20140422;17.70;17.90;16.68;16.97;3882515;66432372.00
20140423;17.00;17.13;16.50;16.78;1831826;30879032.00
20140424;16.78;16.85;16.19;16.53;1785491;29469220.00
20140425;16.53;16.71;16.21;16.35;1496297;24669698.00
20140428;16.08;16.36;15.32;15.34;3095428;48852292.00
20140429;15.35;15.64;15.10;15.63;2055235;31577842.00
20140430;15.60;15.72;15.27;15.57;2228609;34599712.00
20140505;15.56;15.86;15.47;15.86;1399370;21966884.00
20140506;15.94;16.30;15.85;16.12;2357259;38005248.00
20140507;16.08;16.08;15.66;15.71;1861202;29448048.00
20140508;15.63;15.86;15.48;15.48;1905610;29758360.00
20140509;15.50;15.60;15.16;15.18;1504798;22979066.00
20140512;15.31;15.87;15.30;15.76;2386543;37300664.00
20140513;15.80;16.17;15.71;15.95;1966641;31396984.00
20140514;15.82;16.14;15.82;15.96;1690666;27046224.00
20140515;16.53;17.56;16.34;17.26;12969842;225128144.00
20140516;17.00;17.00;16.37;16.61;7299696;121836904.00
20140519;16.60;17.34;16.50;16.84;4317825;73127568.00
20140520;16.80;17.25;16.80;17.03;3122279;52991392.00
20140521;17.03;17.23;16.91;17.07;3706079;63280948.00
20140522;17.01;17.07;16.66;16.80;3422010;57469000.00
20140523;16.74;17.05;16.52;16.99;2325643;39043232.00
20140526;17.15;17.57;17.08;17.50;4592495;79541000.00
20140527;17.45;18.38;17.31;18.08;6845696;123081512.00
20140528;18.32;18.32;17.80;18.08;4576704;82971336.00
20140529;18.15;19.15;18.10;18.84;9184576;172836944.00
20140530;18.98;18.98;18.32;18.72;4432891;82837184.00
20140603;18.81;19.18;18.42;18.46;3974893;74951792.00
20140604;18.47;18.55;17.60;17.82;4815915;86183776.00
20140605;17.83;18.64;17.72;18.60;3859120;70487592.00
20140606;18.59;19.08;18.40;18.68;3776991;71073576.00
20140609;18.60;19.08;18.45;18.87;2887737;54632908.00
20140610;18.90;19.04;18.51;18.81;2631845;49342240.00
20140611;18.78;19.02;18.63;18.93;2804188;52854428.00
20140612;18.85;18.93;18.50;18.61;2586113;48298348.00
20140613;18.61;19.10;18.48;18.88;2738395;51539896.00
20140616;18.81;19.74;18.81;19.61;5430764;105962344.00
20140617;19.60;20.15;19.43;19.70;5417535;107843720.00
20140618;19.69;20.02;19.35;19.74;2948296;57898052.00
20140619;19.80;19.80;18.80;19.23;3927995;75386160.00
20140620;19.33;19.50;19.10;19.32;1599460;30896050.00
20140623;19.32;20.08;19.32;20.01;4312055;85765624.00
20140624;20.01;20.08;19.85;19.99;1940940;38738772.00
20140625;19.99;19.99;19.32;19.63;3024379;59269036.00
20140626;19.63;20.15;19.63;19.81;3943436;78621760.00
20140627;19.79;19.79;19.35;19.65;4469195;86985448.00
20140630;19.60;19.62;18.91;19.35;6199999;119759608.00
20140701;19.38;19.47;19.17;19.37;2313810;44737684.00
20140702;19.55;19.85;19.45;19.52;3879284;76067344.00
20140703;19.54;20.26;19.30;19.87;5325409;105913800.00
20140704;19.85;20.12;19.70;19.93;3606843;71707784.00
20140707;20.56;20.78;20.02;20.38;5444863;110928992.00
20140708;20.21;20.66;20.02;20.59;4373335;89217368.00
20140709;20.66;20.78;20.18;20.20;4288816;87670232.00
20140710;20.10;20.20;19.75;19.80;4089264;81448224.00
20140711;19.82;19.93;19.60;19.86;2491615;49298856.00
20140714;19.86;19.98;19.51;19.86;3472238;68668760.00
20140715;19.84;19.84;19.28;19.51;3742284;73127176.00
20140716;19.50;19.50;18.82;19.00;4547511;86672640.00
20140717;18.95;19.12;18.66;19.00;2685983;50731092.00
20140718;18.96;19.44;18.82;19.25;2345930;45245732.00
20140721;19.27;19.45;19.00;19.34;1860699;35766640.00
20140722;19.40;20.15;19.26;19.98;5427768;107914720.00
20140723;19.90;20.10;19.37;19.68;2792992;55174520.00
20140724;19.67;19.74;19.19;19.50;2046669;39640224.00
20140725;19.45;19.46;18.99;19.34;2566511;49076192.00
20140728;19.35;19.59;19.10;19.52;2239428;43406440.00
20140729;19.50;19.88;19.49;19.80;2927750;57624740.00
20140730;19.79;19.85;19.53;19.70;2823641;55570156.00
20140731;19.55;19.70;19.26;19.50;4103996;79707424.00
20140801;19.46;20.08;19.26;19.79;6493134;128318880.00
20140804;19.78;20.05;19.70;19.94;3365529;67100524.00
20140805;19.96;20.34;19.73;20.29;4504257;90258656.00
20140806;20.23;20.40;20.03;20.26;2327047;47071552.00
20140807;20.27;20.30;19.82;19.88;2557419;51220272.00
20140808;19.90;20.05;19.86;19.90;2002709;40013676.00
20140811;19.95;20.26;19.93;20.22;3004771;60484164.00
20140812;20.28;21.12;20.22;20.87;5479011;114202384.00
20140813;20.88;20.90;20.31;20.79;2231657;46048224.00
20140814;20.78;20.95;20.56;20.68;2065216;42878520.00
20140815;20.61;20.85;20.51;20.78;1840952;38093228.00
20140818;21.16;21.17;20.71;20.87;2879174;60047828.00
20140819;20.88;21.00;20.56;20.73;2314463;47903328.00
20140820;20.70;20.96;20.50;20.95;2484110;51379752.00
20140821;21.44;23.05;21.44;23.05;21440398;486687616.00
20140822;22.22;23.10;22.22;22.89;11950309;271307392.00
20140825;22.80;23.30;22.32;23.05;7836243;179105600.00
20140826;23.05;24.50;22.80;23.51;13732864;328285888.00
20140827;23.30;24.30;23.18;23.19;8553042;201877792.00
20140828;23.25;23.25;22.39;22.42;4969033;112697600.00
20140829;22.36;23.00;22.36;22.66;3825407;86952440.00
20140901;22.86;22.86;21.98;22.65;8910257;198788256.00
20140902;22.74;23.65;22.74;23.63;8508360;199481648.00
20140903;24.00;24.10;23.40;23.77;7035697;167565952.00
20140904;23.75;23.86;23.48;23.61;4570794;107996384.00
20140905;23.63;24.96;23.60;24.73;10455148;255646320.00
20140909;24.74;25.06;24.51;24.70;6129882;151898384.00
20140910;24.69;24.83;24.10;24.69;4186324;102499184.00
20140911;24.75;25.00;24.03;24.69;5529274;135990864.00
20140912;24.58;24.75;24.22;24.72;3518246;86410328.00
20140915;24.66;25.70;24.36;25.54;8409038;212448864.00
20140916;25.53;25.80;23.96;24.20;8640410;214002544.00
20140917;24.02;24.33;23.30;24.32;6122854;145693984.00
20140918;24.33;25.25;24.10;24.79;5498773;136011568.00
20140919;24.79;25.07;24.55;24.79;3754996;93044480.00
20140922;24.79;24.79;24.11;24.31;2712728;66010012.00
20140923;24.12;24.65;24.12;24.49;3582196;87158856.00
20140924;24.70;25.58;24.70;25.21;8531486;215703040.00
20140925;25.30;26.57;25.30;26.01;9225667;240011104.00
20140926;25.93;27.00;25.60;26.34;5885921;156378992.00
20140929;26.68;27.22;26.30;26.75;4591562;122554424.00
20140930;26.75;26.99;26.31;26.62;4115637;109539960.00
20141008;26.65;26.94;26.00;26.93;5822508;154041664.00
20141009;26.90;26.96;26.43;26.81;3815411;101836152.00
20141010;26.52;26.74;26.15;26.17;3944508;103735240.00
20141013;26.09;26.09;25.11;25.86;6395933;163006288.00
20141014;25.72;26.10;25.46;25.96;4005965;103256328.00
20141015;25.81;26.86;25.57;26.70;5639180;148113184.00
20141016;26.50;27.19;25.97;25.97;5756881;152840272.00
20141017;25.80;25.96;24.68;24.99;5118140;128542936.00
20141020;25.00;25.73;25.00;25.73;3077163;78237584.00
20141021;25.73;26.19;25.40;25.56;3806902;98203776.00
20141022;25.59;25.80;25.00;25.08;3321837;83977808.00
20141023;25.20;25.44;24.30;24.60;5865384;144675728.00
20141024;24.57;24.80;24.35;24.59;2214928;54440272.00
20141027;24.75;25.74;24.63;25.39;3927248;98965536.00
20141028;25.44;26.23;25.40;26.18;5312899;137113696.00
20141029;26.33;26.62;26.00;26.24;6080970;160278000.00
20141030;26.30;26.80;26.30;26.60;6404249;169966048.00
20141031;26.70;26.85;26.00;26.39;3804123;100084528.00
20141103;26.39;26.47;25.71;26.28;4067137;105964264.00
20141104;26.20;26.31;25.56;25.81;3131735;81186656.00
20141105;25.61;25.88;25.40;25.68;3025974;77380096.00
20141106;25.52;25.76;25.43;25.67;1770173;45306076.00
20141107;25.70;25.71;25.08;25.53;4230204;107553064.00
20141110;25.48;25.85;25.10;25.52;3924751;99803128.00
20141111;25.49;25.49;23.90;24.56;5979041;147461696.00
20141112;24.30;24.89;24.20;24.67;2027245;49968236.00
20141113;24.66;24.71;24.01;24.13;3116614;75467240.00
20141114;24.00;24.35;23.80;23.99;3031517;72894304.00
20141117;24.19;24.46;23.67;24.43;2489430;60185164.00
20141118;24.36;24.44;24.05;24.35;1789217;43300992.00
20141119;24.09;24.32;23.98;24.19;1388710;33577940.00
20141120;24.10;24.57;23.98;24.39;2422319;58887384.00
20141121;24.42;24.94;24.39;24.53;1943505;47908232.00
20141124;24.51;24.74;23.81;24.15;4249289;102457440.00
20141125;24.10;24.25;23.80;24.11;3042677;73136856.00
20141126;24.15;24.20;23.53;24.04;5741195;136691712.00
20141127;24.10;24.80;24.01;24.40;4641606;113421112.00
20141128;24.40;24.65;24.29;24.51;5143920;125911440.00
20141201;24.48;24.54;23.90;24.06;3580949;86744576.00
20141202;23.95;24.49;23.95;24.43;2514998;61049360.00
20141203;24.40;24.40;23.88;24.06;5376462;129230976.00
20141204;24.06;24.48;24.00;24.33;5115260;124093264.00
20141205;24.50;24.55;23.66;24.10;5757933;138314224.00
20141208;24.10;24.19;23.55;23.65;5072657;120293568.00
20141209;23.50;23.50;22.50;22.51;6644581;152755920.00
20141210;22.45;23.40;22.15;23.16;3281694;74866600.00
20141211;23.10;23.28;22.89;23.15;2390642;55142116.00
20141212;23.18;23.30;22.94;23.27;1938759;44800776.00
20141215;23.21;23.98;23.05;23.94;4263634;100856360.00
20141216;23.94;24.03;23.68;23.83;2403147;57253540.00
20141217;23.84;23.85;23.00;23.19;3995191;92660872.00
20141218;23.00;23.18;22.49;22.62;4186460;95399176.00
20141219;22.62;22.65;21.99;22.54;3448418;76663256.00
20141222;22.54;22.54;21.31;21.55;3297692;71473920.00
20141223;21.36;21.80;20.35;20.65;5098363;107415080.00
20141224;20.75;21.28;20.75;21.15;4181285;88025032.00
20141225;21.30;21.95;21.27;21.68;2641845;57199360.00
20141226;21.65;21.78;21.22;21.34;1907290;40822884.00
20141229;21.00;21.30;20.61;20.89;2253504;47072048.00
20141230;20.90;20.95;19.96;20.05;5219191;106079512.00
20141231;20.06;20.41;19.83;20.34;4036073;81079032.00
20150105;20.34;20.53;19.70;20.45;4524853;91207296.00
20150106;20.39;22.40;20.11;22.12;7350040;157501904.00
20150107;21.97;22.02;21.45;21.73;3062084;66366528.00
20150108;21.74;22.08;21.66;21.95;2795146;61152928.00
20150109;21.80;22.11;21.73;21.80;2529610;55438200.00
20150112;21.60;22.00;21.33;21.85;2652044;57227724.00
20150113;21.70;22.29;21.70;22.09;2642848;58241028.00
20150114;22.11;22.20;21.88;22.08;2358618;51972632.00
20150115;22.09;22.89;22.00;22.43;3918950;88330624.00
20150116;22.28;22.76;22.28;22.58;2622421;59258492.00
20150119;22.30;23.57;21.96;22.91;7439896;171993888.00
20150120;23.11;23.94;23.11;23.80;6049076;143273952.00
20150121;23.90;23.98;23.50;23.96;6798175;161848896.00
20150122;24.30;24.85;23.97;24.03;6802715;165276096.00
20150123;23.90;24.05;23.60;24.02;4949249;117902120.00
20150126;24.10;24.19;23.70;24.06;2931278;70129576.00
20150127;24.06;24.32;23.81;24.12;4243680;102307472.00
20150128;24.12;24.45;24.00;24.13;3165163;76924296.00
20150129;24.11;24.11;23.65;23.92;2791566;66554956.00
20150130;23.90;24.03;23.15;23.49;5758625;134701328.00
20150202;23.40;23.89;23.28;23.75;4073613;96356592.00
20150203;23.90;24.57;23.76;24.41;6861487;166717840.00
20150204;24.37;24.49;24.15;24.36;2676920;64943440.00
20150205;24.37;24.54;24.05;24.30;3584774;87297736.00
20150206;24.28;24.28;23.65;23.99;2075841;49551656.00
20150209;23.71;23.85;23.30;23.30;1320072;31135080.00
20150210;23.29;23.45;22.70;22.86;3075424;71102928.00
20150211;22.86;23.33;22.78;23.11;1699602;39289232.00
20150212;23.00;23.30;22.62;22.90;3225561;73845448.00
20150213;22.99;23.46;22.99;23.39;3794482;88530600.00
20150216;23.50;23.78;23.41;23.63;3039682;71791464.00
20150217;23.74;23.98;23.58;23.87;2909982;69177768.00
20150225;23.99;24.35;23.65;23.99;2877461;69183992.00
20150226;23.97;24.20;23.80;24.00;2371577;56828404.00
20150227;24.00;24.26;23.88;24.23;3222224;77775656.00
20150302;24.50;25.24;24.26;25.19;7333414;182569104.00
20150303;25.09;25.53;24.75;24.88;5633576;141867104.00
20150304;24.88;27.37;24.75;27.37;18222924;482654688.00
20150305;27.40;28.00;27.00;27.66;10338770;284453888.00
20150306;28.40;29.08;27.30;27.38;14606279;409572032.00
20150309;27.03;27.60;26.80;27.48;5827805;158271664.00
20150310;27.50;28.38;27.38;27.82;5722752;159569488.00
20150311;27.70;27.70;26.80;27.04;6704494;181343488.00
20150312;27.00;27.00;26.19;26.39;5582515;148186160.00
20150313;26.48;26.93;26.27;26.84;3877184;103180856.00
20150316;27.05;27.77;27.05;27.70;5563071;153017360.00
20150317;27.76;27.87;27.39;27.60;6089281;167859856.00
20150318;27.60;28.84;27.57;28.54;7755645;220215360.00
20150319;28.59;28.80;28.28;28.68;6775033;193139680.00
20150320;28.60;29.68;28.43;29.63;7914558;230427488.00
20150323;29.94;30.75;29.47;30.20;8064532;243030912.00
20150324;30.06;30.40;28.50;29.57;7871955;233115408.00
20150325;29.56;30.18;28.73;29.92;7850303;232677216.00
20150326;29.64;30.49;29.05;29.98;7951737;236501728.00
20150327;29.90;31.00;29.50;31.00;7092007;215630224.00
20150330;31.17;31.38;30.43;30.76;6664997;205187488.00
20150331;30.80;32.96;30.50;31.92;9476402;301039872.00
20150401;31.77;34.16;31.58;33.48;9851009;326159968.00
20150402;34.00;35.30;32.90;33.61;8911863;301585920.00
20150403;33.40;33.92;32.86;33.80;8216748;275099520.00
20150407;34.02;35.26;34.01;35.05;8217266;285409792.00
20150408;35.31;36.25;34.22;35.18;10160488;359605088.00
20150409;35.47;35.48;32.51;34.20;7441904;252989424.00
20150410;34.00;37.35;33.70;36.81;10815676;382140256.00
20150413;37.00;39.99;36.88;39.85;10374503;402311872.00
20150414;39.77;39.90;38.60;39.09;7837241;306935840.00
20150415;39.30;39.30;35.50;36.88;10830892;401538176.00
20150416;35.85;38.90;35.00;38.53;9263661;345574720.00
20150417;39.79;39.79;37.16;37.45;8720235;330173984.00
20150420;36.12;36.50;34.01;34.90;13181840;463441120.00
20150421;34.83;36.13;34.00;36.07;6323623;224315424.00
20150422;36.35;36.94;35.89;36.74;5074923;185131456.00
20150423;36.56;36.70;35.61;36.42;6285727;227184784.00
20150424;36.29;37.26;35.60;36.87;7347268;268537792.00
20150427;36.86;39.00;36.80;37.85;10114706;383382944.00
20150428;38.20;38.58;35.40;36.38;7009228;256558320.00
20150429;36.40;36.79;36.03;36.48;5128663;187100752.00
20150430;36.67;36.84;36.20;36.44;4717443;172139152.00
20150504;36.40;36.40;35.19;35.55;3903662;139096800.00
20150505;35.79;35.89;33.96;34.39;5753467;200046944.00
20150506;34.46;34.98;33.40;34.40;5033757;172640880.00
20150507;34.53;34.65;33.80;33.97;2739327;93815120.00
20150508;34.31;35.51;34.30;35.49;4275023;148498368.00
20150511;36.02;36.50;35.75;36.48;6613157;239187584.00
20150512;36.62;39.98;36.45;38.71;10571293;405851616.00
20150513;38.65;39.00;37.86;38.50;5592593;214439792.00
20150514;38.58;39.89;38.20;39.40;5732072;225036128.00
20150515;39.00;41.50;38.50;41.00;7999097;320294144.00
20150518;41.50;45.00;41.42;43.85;8565857;371343968.00
20150519;44.23;45.58;42.72;44.29;7437659;331455584.00
20150520;45.08;46.29;45.08;45.75;5929892;271042944.00
20150521;46.80;49.40;46.00;49.30;7958480;382850368.00
20150522;50.89;51.96;47.50;49.80;9320366;460380608.00
20150525;49.80;54.75;49.06;54.64;10778661;562946176.00
20150526;27.54;29.60;26.49;28.94;33856732;946891968.00
20150527;28.90;29.99;28.20;29.75;26946193;785409984.00
20150528;29.82;31.55;27.90;28.13;32404023;970373888.00
20150529;27.95;29.30;25.80;28.30;19740112;554514944.00
20150601;28.80;29.30;28.30;29.20;17761053;514637472.00
20150602;29.70;30.72;28.92;29.89;18383225;546612224.00
20150603;30.00;30.35;28.58;29.40;16349101;481100896.00
20150604;29.00;29.10;26.66;27.98;14513717;408735456.00
20150605;28.90;29.73;28.50;29.32;19948476;581484736.00
20150608;29.33;29.50;28.25;28.91;17255631;497420032.00
20150609;29.09;31.80;28.81;31.57;27097605;812394368.00
20150610;31.00;32.86;30.20;31.93;22639965;726195008.00
20150611;31.71;33.98;31.48;33.61;19564243;636371904.00
20150612;33.62;34.11;32.65;33.14;16528914;551657344.00
20150615;33.10;33.10;30.40;30.89;21829521;686363072.00
20150616;31.03;31.79;30.07;30.22;14773406;455514496.00
20150617;30.30;30.75;27.58;30.18;18091201;524531104.00
20150618;29.30;29.88;28.00;28.26;11761898;341691168.00
20150619;27.68;27.75;25.43;25.43;13732515;361528448.00
20150623;25.21;26.58;23.00;26.00;14647624;365004672.00
20150624;26.75;26.75;25.00;25.76;13815175;356418656.00
20150625;25.83;25.98;23.20;23.58;16265629;398457024.00
20150626;22.90;22.90;21.22;21.22;11472414;247549936.00
20150629;21.53;21.70;19.10;19.10;17679960;347177120.00
20150630;18.63;21.01;17.19;21.01;25711239;482860032.00
20150701;21.05;22.80;19.38;19.94;24720877;532053280.00
20150702;20.10;20.65;17.95;17.95;25121091;480755392.00
20150703;16.80;19.11;16.16;17.00;24808789;425333088.00
20150706;18.70;18.70;15.50;16.89;29588413;515461536.00
20150707;16.21;16.78;15.20;15.20;16495686;256369872.00
20150713;16.72;16.72;16.72;16.72;446944;7472903.50
20150714;18.39;18.39;18.39;18.39;565334;10396492.00
20150715;20.23;20.23;16.89;18.31;39095496;734833792.00
20150716;18.28;19.55;17.02;18.97;24936637;466379520.00
20150717;19.01;20.86;19.01;20.65;24342703;488148704.00
20150720;20.74;22.28;20.40;21.36;23719816;502858464.00
20150721;20.82;21.45;20.51;21.10;16815346;354094080.00
20150722;21.03;21.50;20.10;20.83;19777942;411711488.00
20150723;20.80;21.70;20.51;21.53;19987384;424025632.00
20150724;21.62;22.22;20.87;20.94;24177299;523598112.00
20150727;20.01;20.70;18.85;18.85;21450861;426346624.00
20150728;17.28;18.91;16.97;17.25;21275539;373159072.00
20150729;17.71;18.50;16.93;18.44;13473238;235834224.00
20150730;18.35;18.49;17.40;17.45;12289491;223118256.00
20150731;16.91;17.69;16.72;16.98;9748717;167227104.00
20150803;16.50;16.90;15.70;15.92;10764769;174316320.00
20150804;16.00;17.51;16.00;17.49;15141336;253386832.00
20150805;17.45;18.28;17.10;17.45;17072649;301201536.00
20150806;17.01;17.64;16.80;17.25;7939290;137473328.00
20150807;17.52;18.40;17.52;18.38;16188493;290852576.00
20150810;18.50;19.64;18.26;19.40;18293163;345383872.00
20150811;19.33;20.23;19.11;19.97;22228392;436131616.00
20150812;19.80;19.97;19.20;19.28;15137779;295466304.00
20150813;19.01;19.58;18.80;19.57;12580444;241811040.00
20150814;19.65;19.82;19.35;19.54;12026636;235460880.00
20150817;19.35;19.75;18.88;19.45;12568861;241827104.00
20150818;19.51;19.52;17.51;17.51;15110084;278545760.00
20150819;16.80;18.00;16.38;17.81;11852129;202981744.00
20150820;17.51;17.70;16.83;17.09;8506603;147245184.00
20150821;17.37;17.79;16.50;16.99;15621844;270120256.00
20150824;15.92;16.29;15.29;15.29;11872953;183435344.00
20150825;13.76;14.40;13.76;13.76;13380878;184945680.00
20150826;13.89;14.21;12.40;12.78;19438745;259116352.00
20150827;13.20;13.48;12.45;13.28;12738563;166453680.00
20150828;13.48;14.38;13.38;14.27;14924412;205127600.00
20150831;14.30;14.30;13.47;13.48;10256298;141232384.00
20150901;13.16;13.18;12.18;12.22;11138321;139783712.00
20150902;11.60;12.75;11.46;11.81;10299449;123828600.00
20150907;12.01;12.87;12.01;12.36;10611620;132184224.00
20150908;12.38;13.60;12.26;13.60;13934622;179659536.00
20150909;13.90;14.80;13.66;14.29;19285492;273967136.00
20150910;14.05;14.15;13.80;13.84;10008532;139734992.00
20150911;13.83;14.03;13.58;13.85;8382589;115776296.00
20150914;13.93;13.99;12.47;12.47;11519857;150279712.00
20150915;12.24;12.59;11.66;11.76;8034613;97303328.00
20150916;12.01;12.94;11.82;12.94;9591934;118060400.00
20150917;13.10;13.63;12.90;12.91;13107205;174103792.00
20150918;13.10;13.45;13.00;13.20;7598085;100322128.00
20150921;13.00;14.00;12.83;14.00;12783864;173337776.00
20150922;13.91;14.66;13.62;14.18;16151166;227623696.00
20150923;13.85;14.15;13.55;13.71;11288914;156295520.00
20150924;13.76;14.10;13.58;13.90;7377177;102411200.00
20150925;13.77;13.91;13.11;13.27;7902716;106447744.00
20150928;13.26;13.57;13.00;13.57;5883465;78566144.00
20150929;13.30;13.43;12.91;13.09;8696191;114647000.00
20150930;13.18;13.28;12.98;13.15;5347421;70371992.00
20151008;13.70;14.07;13.58;13.98;13655959;189242384.00
20151009;13.89;14.46;13.81;14.37;14479480;205910256.00
20151012;14.48;15.47;14.48;15.15;16328233;245014816.00
20151013;15.01;15.39;14.87;15.35;12830752;194577920.00
20151014;15.20;15.30;14.78;14.80;10758513;161242560.00
20151015;14.72;15.48;14.72;15.45;14001775;211894048.00
20151016;15.57;15.70;15.11;15.64;15718024;243190016.00
20151019;15.75;16.78;15.53;16.46;22137592;355895232.00
20151020;16.31;16.56;16.10;16.50;12643826;205712928.00
20151021;16.41;16.77;14.90;14.96;17468863;278556640.00
20151022;15.00;16.46;15.00;16.46;36495604;591823936.00
20151023;17.50;17.88;16.98;17.84;41367765;720410944.00
20151026;17.90;17.90;16.86;17.46;25361060;440868256.00
20151027;17.28;18.30;16.90;18.17;25981116;456931232.00
20151028;17.82;18.25;17.05;17.19;18425295;325900128.00
20151029;17.37;17.50;16.80;17.22;12826523;219664192.00
20151030;17.28;17.28;16.58;16.80;9571310;162118256.00
20151102;16.40;17.39;16.14;16.85;10810398;183068768.00
20151103;16.76;16.98;16.38;16.68;7114627;118619160.00
20151104;16.79;17.59;16.75;17.56;17238882;298190784.00
20151105;17.55;17.65;17.05;17.25;14672342;254328464.00
20151106;17.30;17.75;17.21;17.54;16638276;290615584.00
20151109;17.39;17.54;16.96;17.37;23397612;404651936.00
20151110;17.20;17.95;17.16;17.64;19677695;346933568.00
20151111;17.68;18.90;17.61;18.88;29444119;542011968.00
20151112;19.04;19.30;18.46;18.83;23701170;446888992.00
20151113;18.58;19.74;18.40;19.39;30291258;583256704.00
20151116;18.80;21.33;18.80;21.33;38859526;805523904.00
20151117;21.94;23.05;21.34;22.34;39919038;886940864.00
20151118;22.40;23.67;22.40;22.75;33818442;773468032.00
20151119;22.52;25.03;22.52;25.03;33456970;802976640.00
20151120;25.88;26.20;24.15;24.98;36526851;917797568.00
20151123;24.57;24.85;23.20;23.40;28853105;697468480.00
20151124;23.38;23.98;22.90;23.30;23040868;537513536.00
20151125;23.34;24.13;22.90;24.07;21643740;511308640.00
20151126;24.20;24.20;23.19;23.38;17756210;418017248.00
20151127;23.23;23.67;21.50;22.55;19169635;436421664.00
20151130;22.57;23.65;21.43;23.57;21772556;494139776.00
20151201;23.66;23.86;22.64;23.27;15875344;370250848.00
20151202;23.10;23.27;21.78;23.19;11748498;265515936.00
20151203;23.09;23.92;22.93;23.67;12971336;305124288.00
20151204;23.50;23.90;22.60;22.98;15900048;367334784.00
20151207;22.88;23.13;22.49;22.94;12104429;275278592.00
20151208;22.90;22.90;21.83;21.89;10492307;232838368.00
20151209;21.80;21.89;21.20;21.73;9836670;212201216.00
20151210;21.56;22.17;21.55;21.77;5749124;125710264.00
20151211;21.71;22.10;21.61;21.97;5012542;109688888.00
20151214;21.80;22.69;21.70;22.67;7914652;176815184.00
20151215;22.75;23.00;22.23;22.50;8736336;197482960.00
20151216;22.68;23.05;22.52;22.52;7286307;165756912.00
20151217;22.60;22.88;22.43;22.80;11367080;258345584.00
20151218;22.83;22.85;22.00;22.11;11232538;250824544.00
20151221;21.79;22.50;21.77;22.11;8835005;195718448.00
20151222;22.15;22.19;21.77;22.08;6504509;142779104.00
20151223;22.45;24.00;22.18;23.40;22277195;515381440.00
20151224;23.00;23.37;22.18;22.67;11335834;257559232.00
20151225;22.79;23.79;22.21;23.65;16126883;369419520.00
20151228;23.68;24.50;23.01;23.18;28401396;673465920.00
20151229;22.97;22.97;22.00;22.40;16141135;361293376.00
20151230;22.40;22.58;22.00;22.25;9613818;213609552.00
20151231;22.20;22.80;22.09;22.10;9165273;205444208.00
20160104;22.00;22.00;19.89;19.89;12634267;259359216.00
20160105;18.20;19.40;17.90;18.09;17424792;322669376.00
20160106;18.21;19.19;17.82;18.89;13306170;245784416.00
20160107;18.34;18.34;17.00;17.03;3368652;58677836.00
20160108;17.50;17.77;15.71;17.15;12266849;208546208.00
20160111;16.58;16.99;15.44;15.44;12223010;198011664.00
20160112;15.50;15.79;14.99;15.53;9310171;143759648.00
20160113;15.65;15.91;14.99;15.00;7597054;117949816.00
20160114;14.40;15.90;14.18;15.90;10195786;153796272.00
20160115;15.80;15.90;15.00;15.09;6754156;104270712.00
20160118;14.80;15.54;14.60;14.94;11111459;169238224.00
20160119;15.00;15.75;14.89;15.59;9807067;150384000.00
20160120;15.45;16.15;15.40;15.81;10666141;169034864.00
20160121;15.53;16.03;15.01;15.06;9787451;152153952.00
20160122;15.25;15.45;14.77;15.18;6073292;91910936.00
20160125;15.40;15.75;15.28;15.47;5780903;89646120.00
20160126;15.33;15.40;14.00;14.08;9164479;136265104.00
20160127;14.50;14.50;13.18;13.96;7537397;103485792.00
20160128;13.90;14.03;13.13;13.25;4992110;68156472.00
20160129;13.40;14.08;13.13;13.93;6071935;83324352.00
20160201;14.00;14.20;13.55;13.83;4811355;66970440.00
20160202;13.90;14.49;13.89;14.32;4607305;65824296.00
20160203;14.06;14.75;14.05;14.72;6114994;88584592.00
20160204;14.80;15.13;14.66;14.97;5774957;86341352.00
20160205;15.00;15.48;14.95;15.04;6005213;91337480.00
20160215;14.38;15.22;14.38;15.11;5577156;83181240.00
20160216;15.22;15.95;15.22;15.73;6921512;108426304.00
20160217;15.70;15.86;15.33;15.75;6357774;99646200.00
20160218;15.86;15.93;15.50;15.52;5525110;86740136.00
20160219;15.44;15.64;15.28;15.43;4805132;74346088.00
20160222;15.78;16.21;15.59;16.15;9735422;155349872.00
20160223;16.22;17.77;16.20;17.68;26234766;456630912.00
20160224;17.30;17.67;16.79;17.27;12701200;218891216.00
20160225;17.22;17.45;15.54;15.56;12807681;209028496.00
20160226;15.80;16.15;15.56;15.77;8294474;131697376.00
20160229;15.68;15.68;14.38;14.70;6791953;100263032.00
20160301;14.73;14.89;13.90;14.75;10249367;148701888.00
20160302;14.68;15.53;14.58;15.49;10416776;156630608.00
20160303;15.53;15.86;15.25;15.70;13447409;209645296.00
20160304;15.64;15.73;14.48;14.73;10044708;151453056.00
20160307;14.70;15.15;14.67;14.86;6653463;99279560.00
20160308;14.76;14.90;14.01;14.83;6516623;93925080.00
20160309;14.49;14.91;14.28;14.49;4565279;66641396.00
20160310;14.50;14.79;14.32;14.42;3946289;57536636.00
20160311;14.36;14.36;14.00;14.18;5318087;75269272.00
20160314;14.40;15.00;14.34;14.88;7759200;115019232.00
20160315;14.90;14.97;14.68;14.76;4550442;67507984.00
20160316;14.98;15.09;14.50;14.62;3536481;52227072.00
20160317;14.71;15.31;14.64;15.17;8113435;121877064.00
20160318;15.18;15.87;15.18;15.76;9833969;153806736.00
20160321;16.00;16.40;15.90;16.25;13030303;210550224.00
20160322;16.09;16.25;15.96;16.03;7791744;125415336.00
20160323;16.09;16.58;16.03;16.27;9011384;146833568.00
20160324;16.10;16.12;15.80;16.04;7904230;126321736.00
20160325;16.04;16.12;15.90;16.06;4369717;69982600.00
20160328;16.13;16.78;16.04;16.10;8628438;141546704.00
20160329;16.11;16.29;15.59;15.90;6826856;108655624.00
20160330;16.02;16.43;15.95;16.37;7903298;128062200.00
20160331;16.37;16.81;16.30;16.37;8286978;136974512.00
20160401;16.30;16.60;15.98;16.58;7959219;129168840.00
20160405;16.62;17.33;16.62;17.20;10325258;175804000.00
20160406;17.07;17.22;16.82;17.05;6632328;112919896.00
20160407;17.22;17.25;16.63;16.63;6460171;108897784.00
20160408;16.49;16.50;16.21;16.50;4681644;76446064.00
20160411;16.84;17.08;16.55;16.88;10842248;181757664.00
20160412;16.87;17.20;16.68;16.96;8509491;144017680.00
20160413;17.19;17.28;17.06;17.15;8820431;151619424.00
20160414;17.18;17.33;17.03;17.18;5482577;94034856.00
20160415;17.21;17.22;16.81;17.03;5697731;96773752.00
20160418;16.90;16.90;16.30;16.60;6534770;108147072.00
20160419;16.60;16.89;16.40;16.74;5670349;94143832.00
20160420;16.74;16.81;15.41;15.90;8015063;128402832.00
20160421;15.75;16.16;15.60;15.77;4525231;72005712.00
20160422;15.82;16.14;15.63;15.95;6072144;96625048.00
20160425;15.95;16.70;15.70;16.57;7752484;126246056.00
20160426;16.60;16.95;16.49;16.74;8516288;142736144.00
20160427;16.87;17.90;15.07;17.48;15956155;277750016.00
20160428;17.55;17.65;16.86;17.27;10603504;182743712.00
20160429;17.26;17.48;17.10;17.23;5209718;90263848.00
20160503;17.21;17.88;17.03;17.79;9387622;164382160.00
20160504;17.62;17.77;17.33;17.54;7691553;135179152.00
20160505;17.46;17.64;17.20;17.40;5016893;87188888.00
20160506;17.42;17.56;16.80;16.80;7741798;132689808.00
20160509;16.62;16.74;16.21;16.36;5749726;94303168.00
20160510;16.40;16.49;16.15;16.29;3147996;51397164.00
20160511;16.37;16.72;16.20;16.48;6325195;104233256.00
20160512;16.20;16.46;15.88;16.42;4437386;71763936.00
20160513;16.42;16.74;16.31;16.39;3488777;57585280.00
20160516;16.26;16.71;16.20;16.69;3818919;62819812.00
20160517;16.82;16.88;16.50;16.86;4921790;82341416.00
20160518;16.71;16.71;16.21;16.31;4227114;69537880.00
20160519;16.31;16.63;16.29;16.29;3374692;55473412.00
20160520;16.50;16.50;16.23;16.46;2774075;45406556.00
20160523;16.55;16.97;16.42;16.97;5507232;91761120.00
20160524;17.00;17.09;16.68;16.82;5077694;85710800.00
20160525;17.00;17.09;16.64;16.70;3867845;65215252.00
20160526;16.66;16.85;16.25;16.68;3802079;62819124.00
20160527;16.71;16.96;16.69;16.86;4015353;67673848.00
20160530;16.65;16.86;16.46;16.50;3819043;63536536.00
20160531;8.21;8.44;8.09;8.40;16785463;140373168.00
20160601;8.42;8.48;8.27;8.39;14479680;121315136.00
20160602;8.37;9.18;8.35;9.02;38012769;336063616.00
20160603;9.00;9.00;8.71;8.88;28064861;248228864.00
20160606;8.85;9.07;8.73;8.88;16223144;144158944.00
20160607;8.88;8.98;8.80;8.86;9770127;86694168.00
20160608;8.88;8.95;8.68;8.86;11290756;99288536.00
20160613;8.78;8.78;8.28;8.30;15735300;134769552.00
20160614;8.30;8.40;8.16;8.32;7328154;60733000.00
20160615;8.20;8.58;8.15;8.54;11086195;93865288.00
20160616;8.57;8.60;8.33;8.38;11682235;98511088.00
20160617;8.49;8.59;8.35;8.39;8631603;73077592.00
20160620;8.40;8.50;8.20;8.33;9663468;80166216.00
20160621;8.42;8.45;8.20;8.26;9715049;80732704.00
20160622;8.22;8.34;8.21;8.34;6494578;53706148.00
20160623;8.34;8.35;8.21;8.34;6111980;50551024.00
20160624;8.32;8.38;7.90;8.19;10758795;88287184.00
20160627;8.12;8.35;8.08;8.28;16138864;132686392.00
20160628;8.26;8.41;8.16;8.41;14604917;121467848.00
20160629;8.43;8.46;8.30;8.35;10625031;88904176.00
20160630;8.36;8.40;8.27;8.34;7623266;63333648.00
