20110707;32.50;40.10;32.40;32.43;23271311;814289984.00
20110708;30.01;35.38;30.01;34.25;12448654;418658976.00
20110711;33.55;34.50;32.70;34.42;7317371;245722256.00
20110712;34.43;35.40;33.85;34.42;7017735;242701104.00
20110713;34.45;34.71;33.39;34.17;6136879;208459648.00
20110714;34.20;36.88;33.88;36.39;9308030;326814912.00
20110715;35.72;36.48;35.51;35.75;5862274;210688256.00
20110718;35.78;36.45;35.28;35.38;4753957;170284112.00
20110719;35.15;35.15;32.88;33.70;4194635;142241856.00
20110720;33.85;34.34;33.30;33.90;2859797;97000744.00
20110721;34.03;34.03;32.60;32.64;3035460;100332288.00
20110722;32.96;33.44;32.43;32.76;2303959;75832488.00
20110725;32.67;32.67;30.52;30.69;3110667;98317968.00
20110726;30.85;31.56;30.60;31.48;2098398;65522512.00
20110727;31.28;33.26;30.90;32.80;3260961;105727080.00
20110728;32.33;34.45;32.31;33.79;4696246;158558352.00
20110729;33.80;34.53;33.22;33.69;4243353;144157808.00
20110801;33.72;36.18;33.72;35.50;5162826;181587104.00
20110802;35.00;36.50;34.74;36.14;5472952;195660592.00
20110803;35.46;36.16;35.01;35.39;4177822;148250448.00
20110804;35.45;35.85;33.70;34.14;4119193;141919232.00
20110805;32.65;33.94;32.59;33.00;2941875;97801072.00
20110808;33.00;33.00;30.20;31.00;3207047;101225464.00
20110809;29.70;31.96;29.25;31.59;3064559;93935064.00
20110810;32.10;32.80;31.59;31.71;2681510;86471160.00
20110811;30.81;32.53;30.70;32.39;2403629;76656560.00
20110812;32.96;33.88;32.66;33.15;3073060;102628960.00
20110815;33.22;34.00;33.22;33.86;1994144;67173176.00
20110816;33.89;35.00;33.70;34.58;3127873;107834272.00
20110817;34.50;34.78;33.88;34.01;2240076;76523208.00
20110818;34.06;35.06;33.53;33.55;2735907;94090584.00
20110819;32.61;34.26;32.30;34.13;2553574;84255384.00
20110822;34.88;35.37;34.20;34.58;4846141;168170928.00
20110823;34.61;36.95;34.25;36.95;6380885;226361296.00
20110824;37.60;39.58;37.13;38.01;8335816;318164608.00
20110825;37.82;38.55;37.21;38.22;4742485;179480128.00
20110826;38.20;39.39;38.02;38.40;3994541;154452800.00
20110829;38.10;39.25;37.80;38.25;3238136;124828048.00
20110830;38.31;38.57;36.35;36.40;4824252;180166976.00
20110831;36.27;36.52;35.11;35.85;2811269;100662392.00
20110901;35.80;37.18;35.80;36.37;3043001;111173488.00
20110902;36.34;36.88;35.55;36.68;2174015;78757504.00
20110905;35.90;36.19;34.58;34.58;3130275;110057392.00
20110906;34.16;34.98;33.87;34.06;1858515;63958112.00
20110907;34.41;35.42;34.32;35.42;2440209;85211560.00
20110908;35.50;35.52;32.77;32.77;3473119;118676120.00
20110909;32.91;33.22;31.76;32.30;2219781;72243528.00
20110913;31.80;32.60;31.71;32.48;1350502;43401940.00
20110914;32.53;33.19;32.00;33.19;1776905;58135832.00
20110915;33.28;33.86;32.81;32.82;1624189;54063692.00
20110916;33.00;33.55;32.61;32.64;1184321;39165976.00
20110919;32.23;32.23;30.70;30.70;1880256;58896824.00
20110920;30.70;31.50;30.63;31.22;1141774;35530296.00
20110921;31.30;33.36;31.06;32.94;2599698;84297744.00
20110922;32.50;32.89;31.16;31.20;2207774;70848576.00
20110923;30.64;31.19;30.26;31.19;1437601;44157960.00
20110926;31.12;31.50;30.50;30.74;1106616;34255148.00
20110927;31.20;31.39;30.35;31.00;1156012;35723604.00
20110928;31.36;31.36;29.80;29.89;1243672;37928948.00
20110929;29.83;29.83;28.62;28.76;1476854;42941088.00
20110930;28.77;29.22;28.28;28.74;691586;19821642.00
20111010;28.99;29.13;27.26;27.30;2506055;70946648.00
20111011;28.10;28.17;25.73;26.02;5539706;150149824.00
20111012;25.81;27.45;25.24;27.34;4061828;107961384.00
20111013;27.20;28.30;26.90;27.80;3418259;94942472.00
20111014;27.55;28.35;27.35;28.27;2831222;79167824.00
20111017;28.31;29.19;28.25;28.91;2981343;85591952.00
20111018;28.51;29.10;27.51;27.55;2510287;71131952.00
20111019;27.77;29.39;27.77;28.54;4010386;114716480.00
20111020;28.48;28.48;26.91;27.73;3247192;89801400.00
20111021;27.55;28.58;27.51;27.74;3108525;87494440.00
20111024;27.99;29.35;26.58;29.28;4101417;115242480.00
20111025;29.05;30.50;28.90;30.10;5274982;157316640.00
20111026;29.89;30.29;29.64;29.69;4165510;124697152.00
20111027;29.88;30.44;29.62;29.88;3154794;94432760.00
20111028;30.29;30.90;29.90;30.58;3660157;111337896.00
20111031;30.56;30.67;29.86;30.30;2916796;88301504.00
20111101;29.80;30.74;29.70;30.40;2298530;69461896.00
20111102;29.80;31.26;29.75;31.26;3063363;93482496.00
20111103;31.28;31.76;30.52;30.70;3029829;94385744.00
20111104;30.89;31.08;30.35;30.78;2025422;62158848.00
20111107;30.55;30.99;30.42;30.51;1202038;36804672.00
20111108;30.52;30.66;29.64;29.76;1877677;56658592.00
20111109;30.12;30.80;29.76;30.80;2050194;62018860.00
20111110;30.49;31.18;30.20;30.64;2568473;78755112.00
20111111;30.79;30.80;30.08;30.20;1402955;42745520.00
20111114;30.76;31.71;30.76;31.38;2616094;81880264.00
20111115;31.22;31.78;31.22;31.56;1822176;57441564.00
20111116;31.57;31.72;30.22;30.50;2081914;64452700.00
20111117;30.55;32.65;30.40;31.80;4481360;141771680.00
20111118;31.51;32.64;31.41;32.22;5243759;168395504.00
20111121;32.05;32.66;31.60;32.45;3355499;107817664.00
20111122;32.19;32.39;31.20;32.00;2713337;86437248.00
20111123;32.03;33.45;31.87;32.90;4161654;136481840.00
20111124;32.50;33.47;32.21;33.30;3501369;115388288.00
20111125;33.10;34.26;32.61;32.84;3669824;123022360.00
20111128;32.95;33.38;32.48;33.08;2146108;70625152.00
20111129;33.45;33.55;32.32;32.82;2556004;83877960.00
20111130;32.76;33.20;30.21;30.73;3386638;106783344.00
20111201;31.68;32.66;31.27;31.28;3611473;115095408.00
20111202;30.88;31.39;30.09;30.25;2208271;67602464.00
20111205;30.04;30.40;29.04;29.15;1571545;46341544.00
20111206;29.04;29.89;29.00;29.67;1346459;39793096.00
20111208;29.50;30.63;29.11;29.99;2424856;72653120.00
20111209;29.60;29.99;29.00;29.18;1642234;48396656.00
20111212;29.28;29.53;28.81;29.12;1013729;29610698.00
20111213;28.90;29.08;28.32;28.72;1257521;36150244.00
20111214;28.73;29.14;28.52;28.67;998959;28802194.00
20111215;28.41;29.37;28.21;28.79;1539761;44539832.00
20111216;29.07;29.33;27.33;29.25;2879146;81479760.00
20111219;28.69;28.99;27.80;28.73;2113977;59898928.00
20111220;28.46;29.30;28.46;28.60;1531028;44286676.00
20111221;28.95;29.17;27.56;27.69;1382549;39453508.00
20111222;27.28;27.76;26.60;27.20;1515661;40994784.00
20111223;27.03;27.87;27.02;27.39;1014196;27839304.00
20111226;27.22;27.79;26.91;26.98;1086120;29651602.00
20111227;26.69;27.05;25.70;25.73;1206028;31678548.00
20111228;25.15;25.71;24.78;25.32;1054853;26593176.00
20111229;25.20;25.73;25.07;25.44;648181;16502049.00
20111230;25.74;26.13;25.46;25.99;1062134;27497552.00
20120104;26.37;26.47;24.65;24.67;1405240;36044184.00
20120105;24.32;24.57;23.01;23.23;1660349;39381332.00
20120106;23.40;24.32;23.00;24.15;1405807;33186358.00
20120109;24.05;25.62;23.80;25.60;1827192;45625936.00
20120110;25.49;26.35;25.33;26.26;2188914;56736568.00
20120111;26.05;26.50;25.81;26.16;1541937;40289420.00
20120112;25.84;26.49;25.80;25.86;1168944;30516054.00
20120113;25.75;25.95;24.18;24.53;1916075;47668388.00
20120116;24.01;24.49;23.80;23.80;1089536;26296170.00
20120117;24.00;25.71;23.80;25.71;1546381;38427656.00
20120118;25.96;26.03;24.25;24.30;1666612;41937148.00
20120119;24.20;25.20;24.19;24.96;988254;24506442.00
20120120;25.00;25.80;24.90;25.50;1100052;28067144.00
20120130;25.88;26.40;25.45;25.76;1737001;45157560.00
20120131;25.78;25.98;25.20;25.98;989927;25342456.00
20120201;25.89;26.44;25.50;25.80;1168145;30481082.00
20120202;25.86;26.68;25.82;26.68;1810220;47651180.00
20120203;26.55;26.97;26.31;26.92;1814912;48397076.00
20120206;26.96;26.99;26.57;26.75;1321167;35375172.00
20120207;26.54;26.60;25.70;25.86;1443665;37683332.00
20120208;25.93;26.75;25.72;26.75;1381165;36378796.00
20120209;26.60;27.19;26.50;26.63;1502269;40382728.00
20120210;26.60;27.13;26.52;27.09;1561090;42036480.00
20120213;26.90;27.74;26.67;27.57;1655859;45360336.00
20120214;27.44;27.94;27.31;27.57;1444831;39860752.00
20120215;27.47;27.85;27.28;27.71;1453866;40129032.00
20120216;27.65;27.82;26.88;27.18;1306450;35752628.00
20120217;27.20;27.40;26.66;27.03;1156762;31284368.00
20120220;27.32;27.45;27.03;27.30;1239473;33722016.00
20120221;27.30;28.13;26.85;28.12;1573420;43399224.00
20120222;28.79;29.35;28.50;29.00;5157243;149328896.00
20120223;28.81;29.05;28.60;28.86;2626401;75630352.00
20120224;28.78;29.25;28.71;29.18;2028714;58831308.00
20120227;29.18;29.92;29.10;29.16;2864702;84585208.00
20120228;28.93;28.93;28.46;28.73;2130891;61046052.00
20120229;28.60;28.79;28.33;28.51;1395119;39877004.00
20120301;28.50;28.70;28.26;28.37;953245;27138156.00
20120302;28.45;28.96;28.45;28.96;1502434;43225956.00
20120305;29.02;29.28;28.62;28.70;1513172;43742808.00
20120306;28.54;28.60;27.80;28.04;1455254;40878996.00
20120307;27.75;28.23;27.58;27.95;1192640;33318780.00
20120308;28.10;28.27;27.95;28.00;1393089;39166924.00
20120309;28.11;28.74;28.10;28.74;1653768;47106124.00
20120312;29.05;30.20;29.05;29.88;4467217;133395728.00
20120313;29.70;30.05;29.51;29.90;1977351;58909804.00
20120314;30.07;30.74;28.12;28.42;3898012;116640920.00
20120315;28.46;28.87;27.88;28.75;2279059;64886824.00
20120316;28.50;29.52;28.50;29.52;1518993;44203932.00
20120319;29.47;30.00;29.18;29.79;1256123;37222468.00
20120320;29.38;29.65;28.68;28.69;1165915;33906936.00
20120321;28.67;28.99;27.39;28.11;1666561;46761192.00
20120322;28.05;28.27;27.60;28.10;931521;26026240.00
20120323;27.99;27.99;27.00;27.25;1177382;32339434.00
20120326;27.30;27.46;27.02;27.39;566282;15441393.00
20120327;27.45;27.68;26.91;26.95;933426;25549158.00
20120328;26.89;26.89;24.91;24.98;1955615;49925488.00
20120329;24.86;25.17;24.52;24.80;1226528;30414914.00
20120330;24.94;24.95;24.25;24.54;1003844;24617376.00
20120405;24.50;25.52;24.38;25.49;1382311;34703344.00
20120406;25.47;25.58;25.12;25.49;755286;19186694.00
20120409;25.42;25.60;24.93;25.05;857449;21700470.00
20120410;24.88;25.38;24.36;25.38;1048067;25987958.00
20120411;25.05;25.32;24.81;25.09;886707;22205258.00
20120412;25.20;25.70;25.00;25.65;1252105;31801428.00
20120413;25.70;26.25;25.65;25.95;1180063;30661190.00
20120416;25.80;25.95;25.61;25.71;756959;19507558.00
20120417;25.85;25.97;25.43;25.70;693416;17844572.00
20120418;25.79;26.70;25.71;26.67;1359097;35815388.00
20120419;26.43;26.66;26.20;26.29;828448;21858882.00
20120420;26.24;26.52;26.23;26.42;888934;23468202.00
20120423;26.44;26.47;24.80;24.80;1709676;43481404.00
20120424;24.69;25.50;24.42;25.36;952410;23693668.00
20120425;24.91;25.10;23.94;24.59;1967612;48089108.00
20120426;24.31;24.58;23.98;24.12;1286916;31190014.00
20120427;24.12;24.50;23.98;24.47;892002;21625500.00
20120502;25.30;25.30;24.50;24.88;1036505;25795632.00
20120503;24.71;24.89;24.60;24.88;762257;18877104.00
20120504;24.87;25.35;24.78;25.33;1119545;28161890.00
20120507;25.15;25.75;25.00;25.68;1466053;37242812.00
20120508;25.61;25.88;25.43;25.60;1079099;27639618.00
20120509;25.44;25.44;24.92;24.93;958763;24107580.00
20120510;24.90;25.18;24.90;25.03;553822;13880270.00
20120511;25.09;25.41;25.02;25.05;787528;19827768.00
20120514;25.13;25.28;24.92;24.92;653368;16396538.00
20120515;24.92;24.92;24.33;24.68;625812;15346255.00
20120516;24.67;24.79;24.40;24.46;422947;10421479.00
20120517;24.50;25.17;24.50;24.96;727819;18085134.00
20120521;24.55;24.76;24.22;24.64;702327;17206752.00
20120522;24.75;25.18;24.57;25.11;685740;17076730.00
20120523;25.32;25.38;24.80;25.09;997995;24984548.00
20120524;24.94;25.20;24.80;24.97;636156;15900489.00
20120525;24.97;25.05;24.29;24.43;551615;13565040.00
20120528;24.30;24.57;23.80;24.54;645376;15648195.00
20120529;24.54;24.81;24.36;24.65;1077823;26573106.00
20120530;15.08;15.36;15.06;15.16;1027106;15594161.00
20120531;15.05;15.30;15.05;15.17;1225623;18639236.00
20120601;15.24;15.24;15.04;15.09;849528;12849226.00
20120604;14.78;14.78;14.15;14.18;1941618;27934242.00
20120605;14.08;14.19;13.81;13.92;1278856;17870068.00
20120606;13.86;14.08;13.79;13.90;619994;8622672.00
20120607;14.05;14.13;13.86;13.97;964990;13492673.00
20120608;14.08;14.29;14.01;14.15;1027537;14516640.00
20120611;14.22;14.34;13.96;14.26;881776;12493342.00
20120612;14.13;14.25;13.81;13.91;718602;10109478.00
20120613;13.97;14.21;13.86;14.19;1200946;16876534.00
20120614;14.12;14.28;14.09;14.18;1187140;16854510.00
20120615;14.16;14.27;14.01;14.19;856675;12124840.00
20120618;14.21;14.41;14.21;14.38;1534777;21980954.00
20120619;14.38;14.41;14.21;14.25;1062443;15209292.00
20120620;14.30;14.47;14.24;14.36;959982;13800962.00
20120621;14.38;14.38;14.05;14.16;851303;12059705.00
20120625;14.08;14.09;13.52;13.55;1004822;13881574.00
20120626;13.55;13.55;13.12;13.32;680217;9059845.00
20120627;13.42;13.56;13.25;13.39;823887;11050673.00
20120628;13.48;13.51;13.21;13.21;538250;7182621.00
20120629;13.25;13.52;13.12;13.47;866702;11569997.00
20120702;13.50;13.85;13.47;13.74;1139445;15573915.00
20120703;13.90;15.11;13.90;14.89;7002837;103600912.00
20120704;14.58;14.91;14.50;14.76;3314984;48734132.00
20120705;14.93;15.19;14.64;14.83;3347622;50058468.00
20120706;14.86;15.27;14.65;15.19;3943574;59312452.00
20120709;15.23;15.66;14.95;15.17;3687803;56356944.00
20120710;15.07;15.22;14.58;14.65;1942448;28977638.00
20120711;14.52;15.47;14.50;15.43;2531484;38247664.00
20120712;15.20;15.69;15.01;15.51;3014496;46450232.00
20120713;15.30;15.53;15.09;15.22;1691863;25874156.00
20120716;15.07;15.33;14.52;14.52;1598077;23726854.00
20120717;14.81;14.81;14.41;14.60;881664;12921223.00
20120718;14.35;15.55;14.32;15.51;2429990;36610608.00
20120719;15.37;15.72;15.30;15.41;2472497;38367032.00
20120720;15.28;15.57;15.09;15.18;1576496;24142228.00
20120723;14.97;15.35;14.90;15.13;972952;14766768.00
20120724;15.16;16.30;15.10;16.20;4391415;69613720.00
20120725;16.00;16.11;15.66;15.74;2520270;40068536.00
20120726;15.77;16.20;15.68;15.86;2007666;32081640.00
20120727;15.96;15.99;15.14;15.24;2417011;37138868.00
20120730;15.16;15.30;14.41;14.44;1706585;25376478.00
20120731;14.25;14.51;13.80;14.01;1200756;16906212.00
20120801;14.01;14.62;14.01;14.25;1309280;18766212.00
20120802;14.38;14.38;13.70;13.83;1296269;18134902.00
20120803;13.88;14.35;13.88;14.35;1083292;15297377.00
20120806;14.31;14.97;14.15;14.89;1472087;21674378.00
20120807;14.95;15.20;14.72;15.00;1503151;22540032.00
20120808;14.96;15.20;14.70;14.85;1405540;20993232.00
20120809;14.88;15.62;14.83;15.56;2958872;45394404.00
20120810;15.50;15.98;15.35;15.76;2846681;44615028.00
20120813;15.58;15.80;15.29;15.32;1780790;27596850.00
20120814;15.22;16.12;15.21;16.03;2587030;40661416.00
20120815;16.01;16.08;15.55;15.68;1706077;26957346.00
20120816;15.79;15.91;15.31;15.35;1843100;28850600.00
20120817;15.35;15.45;15.13;15.45;1056079;16155280.00
20120820;15.21;16.08;15.21;16.02;2541408;40223408.00
20120821;16.00;16.18;15.83;15.96;1925209;30763210.00
20120822;16.15;16.18;15.41;15.54;1699607;26804216.00
20120823;15.96;17.09;15.91;17.09;12519173;212667840.00
20120824;16.72;16.94;16.40;16.55;7280252;121508328.00
20120827;16.59;16.66;15.84;16.00;3562607;57550084.00
20120828;16.00;16.38;15.59;16.30;3226348;51530988.00
20120829;16.10;16.42;15.91;16.14;2122701;34313472.00
20120830;16.00;16.12;14.53;15.11;3437282;52708652.00
20120831;15.10;15.43;14.95;15.11;1467097;22311234.00
20120903;15.01;15.60;15.01;15.31;1475319;22724294.00
20120904;15.36;15.73;15.35;15.53;1466060;22760234.00
20120905;15.51;15.80;15.15;15.56;1136443;17610356.00
20120906;15.40;16.10;15.40;16.06;1969965;31222148.00
20120907;16.19;16.70;15.95;16.32;3433316;55994632.00
20120910;16.32;16.46;16.13;16.23;2015934;32784682.00
20120911;16.19;16.40;16.02;16.38;2012241;32706094.00
20120912;16.40;16.47;15.92;16.19;2139683;34576624.00
20120913;16.21;16.21;15.85;15.85;1388326;22271908.00
20120914;15.96;16.07;15.64;15.88;1443836;22925350.00
20120917;15.80;15.80;15.26;15.26;1014544;15721377.00
20120918;15.11;15.48;15.00;15.30;570188;8733753.00
20120919;15.39;15.44;15.18;15.30;603933;9242393.00
20120920;15.29;15.63;15.00;15.05;1501532;22868706.00
20120921;15.03;15.22;14.50;14.51;1109620;16509576.00
20120924;14.50;14.55;14.22;14.47;775378;11149874.00
20120925;14.42;14.60;14.18;14.20;738752;10608701.00
20120926;14.27;14.28;13.65;13.81;728234;10157081.00
20120927;13.72;14.35;13.72;14.23;991708;14027519.00
20120928;14.05;14.64;13.92;14.53;854467;12344952.00
20121008;14.99;15.38;14.65;14.90;2030463;30422282.00
20121009;14.83;15.24;14.81;15.10;1204701;18128044.00
20121010;15.07;15.33;14.91;15.23;917215;13911426.00
20121011;15.15;15.25;14.68;14.77;1302279;19395496.00
20121012;14.88;14.95;14.60;14.74;605886;8922197.00
20121015;14.78;14.78;14.00;14.16;1079046;15351223.00
20121016;13.47;13.77;13.21;13.57;2157891;29280432.00
20121017;13.58;13.64;13.41;13.55;914262;12373446.00
20121018;13.62;13.85;13.58;13.74;901116;12362863.00
20121019;13.79;13.84;13.56;13.66;796914;10878041.00
20121022;13.67;13.67;13.47;13.64;811856;11018633.00
20121023;13.61;13.73;13.56;13.62;770564;10525440.00
20121024;13.64;13.64;13.38;13.45;651503;8800553.00
20121025;13.50;13.54;13.27;13.34;595510;7991108.50
20121026;13.28;13.40;12.50;12.91;968432;12598017.00
20121029;12.94;12.94;12.48;12.54;951438;12034225.00
20121030;12.58;13.48;12.34;13.38;2412514;31098892.00
20121031;13.18;13.30;13.03;13.13;1151699;15133965.00
20121101;13.00;13.27;13.00;13.10;1141873;15017249.00
20121102;13.13;13.32;13.03;13.14;657959;8662078.00
20121105;13.40;13.75;13.28;13.63;2659521;36076972.00
20121106;13.51;13.64;13.18;13.39;1720949;23006858.00
20121107;13.53;13.70;13.13;13.69;2414088;32480008.00
20121108;13.42;13.50;13.25;13.38;1011922;13510494.00
20121109;13.21;13.44;12.85;12.94;1004206;13193808.00
20121112;12.80;13.08;12.65;12.86;912127;11765088.00
20121113;12.70;12.86;12.40;12.67;1066970;13375522.00
20121114;12.61;12.68;12.44;12.59;385879;4848521.50
20121115;12.47;12.53;12.21;12.21;640271;7917668.50
20121116;12.11;12.20;11.57;11.85;1878254;21992868.00
20121119;11.80;11.88;11.66;11.82;659137;7768510.50
20121120;11.83;12.04;11.80;11.89;525701;6262973.00
20121121;11.98;12.02;11.74;12.00;438300;5203834.50
20121122;12.00;12.01;11.82;11.85;328178;3908719.00
20121123;11.82;11.97;11.80;11.83;357596;4252972.50
20121126;11.78;11.90;11.61;11.71;373200;4382552.50
20121127;11.53;11.74;10.94;11.01;694541;7825791.50
20121128;10.91;11.12;10.71;10.78;469560;5088956.00
20121129;10.80;10.91;10.44;10.45;480905;5130334.50
20121130;10.33;10.98;10.33;10.98;1422753;15136496.00
20121203;10.80;10.88;10.51;10.51;898436;9611881.00
20121204;10.57;10.94;10.20;10.72;521906;5472587.00
20121205;10.67;11.18;10.62;11.05;1697731;18719422.00
20121206;11.00;11.27;10.90;11.00;1032219;11400173.00
20121207;11.01;11.30;10.95;11.30;948883;10594179.00
20121210;11.21;11.72;11.21;11.56;1559558;17896552.00
20121211;11.55;11.55;11.30;11.33;954002;10876237.00
20121212;11.30;11.39;11.19;11.32;567763;6408067.00
20121213;11.25;11.39;10.45;10.45;3269235;35157380.00
20121214;10.59;11.50;10.59;11.50;2966279;32695792.00
20121217;12.13;12.60;11.90;12.06;6170254;74791464.00
20121218;12.00;12.23;11.85;11.95;2704798;32528126.00
20121219;11.85;12.08;11.79;11.93;1474500;17597420.00
20121220;12.00;12.02;11.80;11.97;1677062;19985466.00
20121221;11.99;12.20;11.85;12.08;2603367;31328286.00
20121224;12.09;12.43;11.92;12.34;2222868;27053226.00
20121225;12.22;12.71;12.17;12.53;2918343;36408496.00
20121226;12.50;12.96;12.41;12.88;3035444;38647680.00
20121227;12.93;12.99;12.42;12.42;2575602;32578112.00
20121228;12.43;12.58;12.25;12.54;1729752;21525732.00
20121231;12.58;12.61;12.35;12.49;1351848;16871590.00
20130104;12.54;12.64;12.20;12.36;1542514;19147254.00
20130107;12.31;12.58;12.16;12.58;2071410;25571084.00
20130108;12.58;12.70;12.31;12.62;3132206;39293268.00
20130109;12.62;12.93;12.46;12.84;3568551;45294832.00
20130110;12.75;12.92;12.57;12.74;3163058;40203376.00
20130111;12.74;12.75;12.15;12.32;3079895;38563828.00
20130114;12.29;12.77;12.21;12.72;3850325;48402904.00
20130115;12.72;13.25;12.67;13.10;5109283;66366360.00
20130116;13.15;13.15;12.69;12.90;3525086;45459168.00
20130117;12.83;13.06;12.76;12.92;2479849;32032578.00
20130118;12.90;13.15;12.79;13.15;2864804;37274396.00
20130121;13.10;13.84;13.10;13.72;6136990;83078864.00
20130122;13.83;14.30;13.32;13.40;8915239;123153296.00
20130123;13.19;13.33;12.90;13.22;2998072;39340284.00
20130124;13.21;13.57;12.48;12.64;3260860;42640256.00
20130125;12.60;12.74;12.50;12.60;1198913;15126220.00
20130128;12.60;12.90;12.59;12.88;1187213;15174408.00
20130129;12.88;13.19;12.83;13.08;1632578;21322618.00
20130130;13.10;13.15;12.71;12.84;2002828;25798110.00
20130131;12.81;12.84;12.41;12.61;2256801;28400196.00
20130201;12.55;12.77;12.52;12.69;1440102;18248910.00
20130204;12.60;12.74;12.43;12.53;1583101;19879782.00
20130205;12.41;12.74;12.41;12.70;1196223;15095437.00
20130206;12.67;12.81;12.67;12.73;1317210;16803816.00
20130207;12.68;12.94;12.68;12.90;1355692;17383074.00
20130208;12.91;13.07;12.86;13.03;1375368;17869004.00
20130218;13.06;13.27;13.00;13.22;2403351;31627452.00
20130219;13.23;13.25;12.84;12.90;1931387;25152714.00
20130220;12.88;13.15;12.83;13.15;1324784;17282972.00
20130221;13.12;13.12;12.76;12.86;1620990;20903312.00
20130222;12.71;12.85;12.68;12.71;1452742;18524804.00
20130225;12.71;12.85;12.62;12.80;997432;12714482.00
20130226;12.70;12.78;12.55;12.56;1339935;16983986.00
20130227;12.52;12.78;12.52;12.58;959081;12128164.00
20130228;12.59;13.02;12.52;13.00;2518246;32284276.00
20130301;12.99;13.25;12.90;13.10;2311052;30197366.00
20130304;13.01;13.09;12.53;12.69;1975294;25259382.00
20130305;12.75;13.04;12.57;13.00;1343814;17282186.00
20130306;13.07;13.61;13.00;13.60;5335911;71386624.00
20130307;13.58;13.58;13.19;13.31;3055312;40840636.00
20130308;13.30;13.48;13.25;13.37;1435615;19207158.00
20130311;13.41;13.41;13.14;13.25;1206604;16023424.00
20130312;13.30;13.84;13.08;13.42;5410722;73061160.00
20130313;13.38;13.38;12.72;12.83;2218608;28606790.00
20130314;12.82;12.92;12.71;12.84;916177;11743873.00
20130315;12.70;13.00;12.53;12.73;1657120;21157650.00
20130318;12.70;12.70;12.02;12.04;1885320;23102642.00
20130319;12.05;12.13;11.53;11.86;1330739;15706935.00
20130320;11.61;12.20;11.61;12.19;964205;11600566.00
20130321;12.20;12.35;12.11;12.24;1094371;13396452.00
20130322;12.25;12.25;12.10;12.13;1012102;12299186.00
20130325;12.13;12.24;12.00;12.18;885289;10716400.00
20130326;12.17;12.20;11.86;11.94;972306;11607208.00
20130327;11.97;12.17;11.86;12.12;939079;11309261.00
20130328;11.91;12.20;11.60;12.10;1583558;18731640.00
20130329;12.13;12.28;11.86;11.87;1106691;13260883.00
20130401;11.66;11.99;11.66;11.75;1108124;13039857.00
20130402;11.75;11.86;11.55;11.58;767506;8972220.00
20130403;11.53;11.62;11.08;11.21;1117940;12604886.00
20130408;11.05;11.30;10.85;11.30;1021279;11237207.00
20130409;11.29;11.38;11.23;11.32;444058;5021885.00
20130410;11.30;11.35;11.06;11.19;676798;7558899.00
20130411;11.22;11.27;11.10;11.13;563734;6315877.00
20130412;11.22;11.24;11.09;11.21;463701;5182168.50
20130415;11.10;11.14;10.90;10.95;484888;5319758.50
20130416;10.82;11.09;10.80;11.08;340642;3729510.75
20130417;11.15;11.15;10.95;11.05;628841;6949960.00
20130418;10.95;11.11;10.93;11.07;546540;6031963.50
20130419;11.13;11.39;11.08;11.30;1186191;13378064.00
20130422;11.21;11.38;11.20;11.35;716886;8098610.50
20130423;11.77;12.19;11.56;11.63;4095281;48615888.00
20130424;11.50;11.88;11.50;11.82;1941250;22865186.00
20130425;11.87;11.88;11.64;11.64;1336087;15682189.00
20130426;11.65;11.71;11.26;11.28;1055617;12108525.00
20130502;11.29;11.29;11.00;11.28;606840;6773526.00
20130503;11.23;11.58;11.23;11.49;957434;10945737.00
20130506;11.49;11.73;11.42;11.70;830379;9660744.00
20130507;11.70;11.85;11.61;11.76;949344;11147566.00
20130508;11.77;11.85;11.66;11.80;955760;11225048.00
20130509;11.79;11.91;11.69;11.90;1124506;13275358.00
20130510;11.90;11.99;11.76;11.93;1148281;13633752.00
20130513;11.95;12.27;11.90;12.26;2177518;26389162.00
20130514;12.15;12.22;11.84;11.88;1678641;20125620.00
20130515;11.95;12.05;11.82;12.04;823444;9859299.00
20130516;12.05;12.44;11.98;12.24;2051506;25216258.00
20130517;12.15;12.49;12.10;12.40;2000564;24735488.00
20130520;12.48;12.59;12.40;12.48;2328973;29048436.00
20130521;12.48;12.68;12.42;12.66;2069524;25992700.00
20130522;12.68;12.74;12.41;12.47;1687036;21150902.00
20130523;12.40;12.52;12.26;12.29;1590907;19728536.00
20130524;12.37;12.96;12.37;12.92;3470179;44121816.00
20130527;12.92;13.05;12.82;12.98;2192073;28352814.00
20130528;12.99;13.06;12.76;12.91;1429820;18442914.00
20130529;12.85;13.03;12.83;12.89;1619603;20935174.00
20130530;12.87;12.95;12.83;12.89;1543042;19866286.00
20130531;9.76;9.97;9.70;9.70;2396564;23566156.00
20130603;9.66;9.73;9.31;9.39;2352838;22383494.00
20130604;9.36;9.44;9.20;9.21;1411223;13179057.00
20130605;9.26;9.31;9.15;9.24;1094499;10096977.00
20130606;9.19;9.30;9.15;9.24;1269114;11738742.00
20130607;9.17;9.28;8.90;8.93;1182394;10702504.00
20130613;8.84;8.84;8.28;8.46;1401707;11853079.00
20130614;8.44;8.65;8.44;8.62;901865;7723434.50
20130617;8.65;8.79;8.50;8.66;776123;6716136.50
20130618;8.73;8.73;8.45;8.60;819942;7029720.50
20130619;8.60;8.60;8.41;8.58;620913;5275547.50
20130620;8.56;8.61;8.31;8.37;1105970;9349759.00
20130621;8.29;8.33;8.11;8.27;1182774;9716489.00
20130624;8.30;8.30;7.76;7.88;1981178;16019859.00
20130625;7.80;7.97;7.09;7.69;2497639;18586480.00
20130626;7.69;7.75;7.58;7.69;1471622;11268215.00
20130627;7.72;7.85;7.50;7.53;1360280;10454853.00
20130628;7.39;7.62;7.15;7.55;1002269;7461119.00
20130701;7.41;8.04;7.41;7.98;2127002;16693174.00
20130702;7.92;7.97;7.71;7.86;1672948;13082454.00
20130703;7.73;7.94;7.71;7.80;1305686;10243721.00
20130704;7.87;7.98;7.66;7.92;2193322;17301900.00
20130705;7.88;8.09;7.80;8.07;2101469;16756120.00
20130708;8.05;8.59;7.81;8.42;7118981;59268352.00
20130709;8.20;8.39;8.08;8.09;2334187;19245498.00
20130710;8.07;8.18;7.86;8.09;2909726;23401190.00
20130711;8.09;8.43;8.04;8.30;3068009;25459314.00
20130712;8.34;8.44;8.20;8.35;3277108;27229830.00
20130715;8.34;8.78;8.29;8.66;4165531;35784092.00
20130716;8.64;8.92;8.55;8.81;3259945;28521394.00
20130717;8.81;9.25;8.73;8.96;3994217;36106904.00
20130718;8.99;9.35;8.90;9.33;4377458;40224448.00
20130719;9.28;9.44;9.09;9.09;3740122;34543256.00
20130722;8.98;9.20;8.98;9.19;2012322;18344020.00
20130723;9.19;9.33;9.12;9.26;2410167;22221492.00
20130724;9.18;9.55;9.13;9.49;3291408;31002884.00
20130725;9.60;9.67;9.13;9.15;3326737;31065494.00
20130726;9.14;9.35;9.12;9.16;2340888;21577214.00
20130729;9.12;9.25;8.86;8.90;2180395;19771624.00
20130730;9.01;9.30;8.91;9.19;2478907;22548726.00
20130731;9.18;9.98;9.10;9.91;5665898;54394076.00
20130801;9.80;9.97;9.51;9.92;4602425;45190580.00
20130802;9.80;10.26;9.80;10.05;4983528;50383056.00
20130805;10.10;10.47;9.92;10.29;3497415;35686744.00
20130806;10.27;10.39;10.20;10.28;2227788;22915676.00
20130807;10.25;10.35;9.79;9.94;2475687;25087122.00
20130808;9.90;10.40;9.90;10.40;3157050;32277450.00
20130809;10.45;10.60;10.12;10.58;3634787;37734272.00
20130812;10.56;10.78;10.38;10.53;2721982;28687944.00
20130813;10.49;10.72;10.45;10.50;2111776;22338070.00
20130814;10.48;10.58;10.28;10.36;2517016;26272778.00
20130815;10.38;10.44;10.01;10.04;1891538;19356280.00
20130816;10.04;10.72;10.04;10.40;3875377;40334208.00
20130819;10.26;10.52;10.25;10.43;2046315;21273804.00
20130820;10.43;10.74;10.38;10.63;2685937;28340314.00
20130821;10.66;10.68;10.25;10.34;2950487;30765886.00
20130822;10.33;10.47;10.17;10.31;1583452;16316482.00
20130823;10.28;10.30;9.91;10.25;4215157;42607716.00
20130826;10.13;10.26;10.10;10.21;1760630;17944720.00
20130827;10.21;10.25;9.89;9.95;2949176;29562584.00
20130828;9.90;10.04;9.64;9.95;2850735;28071412.00
20130829;9.95;10.06;9.88;9.92;1225023;12213017.00
20130830;9.86;9.95;9.47;9.69;1783864;17315000.00
20130902;9.68;9.72;9.40;9.69;1178453;11300343.00
20130903;9.65;9.89;9.65;9.83;1953912;19083906.00
20130904;9.90;9.92;9.56;9.63;1595806;15500770.00
20130905;9.62;9.85;9.58;9.84;1376235;13455245.00
20130906;9.84;10.21;9.60;9.82;5067713;50239260.00
20130909;9.91;10.06;9.73;9.87;3016767;29677392.00
20130910;9.88;9.91;9.65;9.83;2323237;22709018.00
20130911;9.79;9.94;9.77;9.85;2066655;20357652.00
20130912;9.82;9.89;9.60;9.62;2029773;19677300.00
20130913;9.66;9.66;9.41;9.45;2424045;22972662.00
20130916;9.46;9.48;9.29;9.35;2018053;18953348.00
20130917;9.31;9.45;9.24;9.29;1758659;16416986.00
20130918;9.34;9.44;9.24;9.39;1832283;17083998.00
20130923;9.41;9.52;9.36;9.51;1871618;17666490.00
20130924;9.50;9.57;9.40;9.54;2176068;20680288.00
20130925;9.50;9.79;9.50;9.67;2577525;24962442.00
20130926;9.65;9.71;9.51;9.67;1928112;18539038.00
20130927;9.62;9.65;9.35;9.38;2407182;22759026.00
20130930;9.27;9.45;9.26;9.34;2050303;19075638.00
20131008;9.29;9.50;9.29;9.36;2034926;19147946.00
20131009;9.39;9.98;9.37;9.96;6073522;59280068.00
20131010;9.94;10.08;9.71;9.75;6331940;62760860.00
20131011;9.83;9.87;9.67;9.86;4037542;39408260.00
20131014;9.90;10.18;9.81;10.08;4996722;50229496.00
20131015;10.08;10.18;9.91;10.15;2991745;30059488.00
20131016;10.12;10.12;9.43;9.50;5646872;54601972.00
20131017;9.51;9.61;9.20;9.35;2931008;27781258.00
20131018;9.38;9.48;9.30;9.41;1403176;13172366.00
20131021;9.43;9.66;9.34;9.60;2744479;26139246.00
20131022;9.60;9.72;9.52;9.60;2137532;20559546.00
20131023;9.71;9.94;9.50;9.53;3507688;34133500.00
20131024;9.48;9.48;9.25;9.30;1886304;17683394.00
20131025;9.36;9.40;9.11;9.15;1516418;14037081.00
20131028;9.16;9.23;8.86;8.90;2350607;21152200.00
20131029;8.88;9.07;8.40;8.55;2780023;24129870.00
20131030;8.56;8.82;8.54;8.80;1954780;16919792.00
20131031;8.76;8.80;8.66;8.69;948735;8275363.50
20131101;8.64;9.03;8.62;9.03;2252581;19962396.00
20131104;9.00;9.05;8.93;9.02;877235;7885682.00
20131105;8.98;9.20;8.87;9.13;1397455;12596522.00
20131106;9.13;9.19;8.97;8.98;2031037;18429542.00
20131107;8.93;9.04;8.79;8.82;1068981;9545349.00
20131108;8.82;8.82;8.58;8.62;922993;8021949.00
20131111;8.66;8.74;8.56;8.74;972068;8431769.00
20131112;8.88;9.30;8.87;9.26;3988850;36536476.00
20131113;9.17;9.26;9.00;9.00;1670298;15199404.00
20131114;8.94;9.17;8.79;9.15;2312150;20729546.00
20131115;9.11;9.33;9.08;9.23;2444385;22572570.00
20131118;9.25;9.42;9.22;9.41;2734236;25589070.00
20131119;9.40;9.41;9.28;9.34;1850978;17297134.00
20131120;9.35;9.62;9.35;9.60;2878730;27381980.00
20131121;9.57;9.58;9.38;9.50;1461375;13882378.00
20131122;9.52;9.74;9.43;9.61;2678138;25824216.00
20131125;9.62;9.71;9.47;9.61;1865106;17961342.00
20131126;9.60;9.67;9.47;9.52;1324362;12644898.00
20131127;9.57;9.75;9.53;9.65;2198668;21222806.00
20131128;9.67;9.86;9.63;9.74;2497531;24422506.00
20131129;9.82;10.00;9.80;9.87;2994883;29629546.00
20131202;9.80;9.80;9.18;9.28;4447948;42260356.00
20131203;9.30;9.60;9.23;9.59;1878814;17690742.00
20131204;9.60;9.98;9.55;9.84;3336554;32888284.00
20131205;9.87;10.82;9.87;10.82;13648481;144126976.00
20131206;11.15;11.26;10.40;10.54;16786944;182017584.00
20131209;10.60;11.59;10.40;11.39;18040109;201254672.00
20131210;11.11;11.26;10.91;11.17;13974009;154708064.00
20131211;11.07;11.48;10.95;11.20;10244715;114815224.00
20131212;11.07;11.11;10.78;10.82;8171315;89208848.00
20131213;10.84;10.98;10.72;10.79;6066084;65706968.00
20131216;10.79;11.35;10.70;10.82;10385809;114286528.00
20131217;10.78;10.78;10.31;10.36;6654347;69996256.00
20131218;10.43;10.50;10.23;10.35;3682565;38101604.00
20131219;10.34;10.48;9.98;10.04;5298649;54073316.00
20131220;10.09;10.12;9.94;9.98;3300034;33077016.00
20131223;10.01;10.15;9.82;10.10;2874637;28875028.00
20131224;10.09;10.30;9.98;10.07;3182932;32391602.00
20131225;10.08;10.43;10.03;10.40;4420013;45341692.00
20131226;10.40;10.40;9.99;9.99;3951297;40311096.00
20131227;9.93;10.32;9.91;10.28;3423903;34812244.00
20131230;10.34;10.55;10.25;10.45;3520647;36661644.00
20131231;10.40;10.45;10.21;10.35;2485081;25640490.00
20140102;10.35;10.44;10.25;10.40;2850459;29576082.00
20140103;10.45;10.45;10.04;10.12;3863517;39318352.00
20140106;10.04;10.06;9.66;9.76;3346469;32929046.00
20140107;9.74;9.84;9.70;9.80;1924538;18797434.00
20140108;9.79;10.07;9.79;10.03;3088254;30701684.00
20140109;10.05;10.05;9.58;9.60;2287360;22540254.00
20140110;9.62;9.71;9.41;9.42;1972837;18785312.00
20140113;9.40;9.42;8.96;9.10;3625924;32955670.00
20140114;9.10;9.33;9.03;9.32;1943566;17940494.00
20140115;9.32;9.33;9.20;9.33;1749474;16219253.00
20140116;9.29;9.55;9.27;9.38;2290866;21635958.00
20140117;9.38;9.39;9.16;9.24;1328661;12311274.00
20140120;9.24;9.35;9.10;9.16;1541357;14215132.00
20140121;9.16;9.48;9.12;9.39;1674931;15660906.00
20140122;9.39;9.67;9.36;9.64;2444998;23448594.00
20140123;9.64;9.74;9.62;9.67;2706257;26191710.00
20140124;9.66;9.85;9.61;9.70;3219080;31386606.00
20140127;9.69;9.85;9.60;9.76;2669325;25997768.00
20140128;9.77;9.87;9.65;9.82;2057276;20096030.00
20140129;9.82;10.05;9.76;10.00;2677001;26626340.00
20140130;9.93;9.97;9.81;9.85;1790228;17708272.00
20140207;9.83;10.10;9.66;10.10;2261110;22462574.00
20140210;10.13;10.35;10.13;10.30;4155115;42684488.00
20140211;10.30;10.45;10.17;10.28;4128812;42540112.00
20140212;10.26;10.44;10.21;10.42;3668010;37961832.00
20140213;10.42;10.43;10.10;10.13;4054161;41668652.00
20140214;10.13;10.46;10.11;10.46;3931402;40575116.00
20140217;10.50;10.70;10.48;10.66;5288038;56184488.00
20140218;10.68;10.81;10.50;10.80;5375711;56990408.00
20140219;10.72;10.87;10.60;10.66;3913080;41925912.00
20140220;10.66;10.73;10.39;10.40;3593921;37688496.00
20140221;10.35;10.49;10.15;10.27;3149002;32440100.00
20140224;10.24;10.70;10.13;10.69;4910636;51379332.00
20140225;10.65;10.78;10.20;10.36;4368916;46076252.00
20140226;10.26;10.99;10.01;10.98;7757474;82565248.00
20140227;10.95;11.08;10.69;10.96;7487510;81757984.00
20140228;10.92;11.24;10.70;11.15;8506256;94033560.00
20140303;11.10;11.23;10.92;11.10;5294812;58683168.00
20140304;11.08;11.08;10.66;10.82;5035880;54414824.00
20140305;10.84;10.92;10.57;10.59;4149710;44656688.00
20140306;10.52;10.73;10.30;10.69;3428530;36136164.00
20140307;10.68;10.74;10.41;10.42;3072446;32382768.00
20140310;10.34;10.34;9.86;9.86;4479488;45083964.00
20140311;9.82;9.99;9.74;9.90;2246820;22154552.00
20140312;9.89;10.04;9.74;9.98;2228604;22068694.00
20140313;9.98;10.07;9.89;10.02;1919533;19187052.00
20140314;9.99;10.05;9.70;9.97;1367757;13608617.00
20140317;10.04;10.27;9.95;10.24;2465884;25015070.00
20140318;10.24;10.29;10.10;10.20;2242427;22844202.00
20140319;10.18;10.19;10.01;10.19;2090948;21115032.00
20140320;10.17;10.32;10.07;10.07;2402960;24546338.00
20140321;10.00;10.28;9.85;10.25;2182949;22016538.00
20140324;10.21;10.32;10.20;10.25;2380974;24420532.00
20140325;10.26;10.64;10.20;10.49;3965306;41377552.00
20140326;10.44;10.52;10.33;10.46;1996944;20818024.00
20140327;10.41;10.46;10.22;10.22;1824966;18819736.00
20140328;10.25;10.25;9.93;9.93;2157041;21743608.00
20140331;9.91;10.60;9.91;10.56;5673564;58963128.00
20140401;10.46;10.67;10.44;10.63;4578686;48386972.00
20140402;10.57;10.68;10.46;10.55;3008299;31744276.00
20140403;10.54;10.71;10.44;10.69;3423006;36175860.00
20140404;10.68;10.97;10.60;10.89;5408950;58583816.00
20140408;10.83;10.92;10.64;10.84;3492690;37696608.00
20140409;10.81;10.95;10.75;10.81;3355337;36369036.00
20140410;10.78;10.84;10.52;10.59;5172237;55092996.00
20140411;10.59;10.73;10.46;10.72;3164961;33566208.00
20140414;10.71;11.05;10.67;10.95;4901676;53600960.00
20140415;10.93;11.20;10.76;10.86;4746457;51843968.00
20140416;10.79;11.40;10.79;11.30;8808839;98257872.00
20140417;11.24;11.60;11.16;11.59;10178916;116280440.00
20140418;11.50;11.53;11.15;11.24;7399251;83915944.00
20140421;11.05;11.22;10.86;10.91;6905192;76097416.00
20140422;10.73;10.87;10.51;10.82;5202498;55646692.00
20140423;10.76;10.86;10.35;10.42;4559409;48127812.00
20140424;10.40;10.48;10.22;10.26;2365492;24511712.00
20140425;10.26;10.38;10.10;10.33;2485448;25452022.00
20140428;10.23;10.28;9.68;9.70;3521024;34905984.00
20140429;9.72;9.95;9.72;9.87;1776589;17474264.00
20140430;9.94;10.07;9.81;10.03;1721677;17197598.00
20140505;10.03;10.17;9.93;10.12;1659612;16715934.00
20140506;10.12;10.20;10.03;10.08;1944376;19702166.00
20140507;10.07;10.18;10.00;10.00;1928952;19437454.00
20140508;9.93;10.16;9.80;9.92;2416079;24027008.00
20140509;9.88;10.04;9.55;9.58;2570907;24904342.00
20140512;9.71;9.90;9.55;9.87;2300384;22444300.00
20140513;9.83;10.08;9.83;9.92;2008485;20005116.00
20140514;9.90;10.05;9.82;9.97;1159884;11541122.00
20140515;9.97;10.05;9.69;9.76;1435116;14107326.00
20140516;9.71;9.79;9.64;9.74;1099517;10681255.00
20140519;9.74;9.74;9.49;9.60;1207938;11585152.00
20140520;9.65;9.75;9.62;9.70;1143166;11090556.00
20140521;9.70;9.87;9.55;9.86;1168082;11385697.00
20140522;9.86;9.94;9.72;9.73;1380808;13603811.00
20140523;9.72;9.85;9.70;9.85;872250;8536633.00
20140526;9.87;10.11;9.86;10.07;1999072;20024466.00
20140527;10.04;10.10;9.97;9.99;1615212;16208461.00
20140528;9.98;10.31;9.97;10.27;3696861;37646740.00
20140529;10.28;10.45;10.14;10.19;3331780;34243292.00
20140530;10.20;10.37;10.10;10.25;2228921;22852124.00
20140603;10.23;10.43;10.22;10.26;1704963;17596606.00
20140604;10.27;10.41;10.12;10.20;1685023;17256670.00
20140605;10.22;10.53;10.16;10.50;3007282;31261338.00
20140606;10.60;10.76;10.42;10.52;3845254;40691100.00
20140609;10.51;10.62;10.32;10.38;1724093;18057224.00
20140610;10.29;10.45;10.18;10.44;2264326;23422548.00
20140611;10.44;10.75;10.37;10.61;3428402;36451696.00
20140612;10.61;10.73;10.53;10.62;2510604;26687340.00
20140613;10.67;10.78;10.54;10.63;2464837;26294046.00
20140616;10.62;11.03;10.57;10.90;5469155;59531472.00
20140617;10.81;11.05;10.71;10.90;3243253;35246364.00
20140618;10.85;10.90;10.49;10.70;4634585;49522400.00
20140619;10.75;11.06;10.48;10.71;5780202;62509912.00
20140620;10.71;11.10;10.53;11.10;5055600;54921780.00
20140623;11.30;11.87;11.30;11.58;15329526;176938016.00
20140624;11.73;12.28;11.64;12.02;17403302;207587040.00
20140625;11.95;11.95;11.50;11.60;8966411;104878152.00
20140626;11.68;12.13;11.66;11.83;9343389;111100992.00
20140627;11.98;13.01;11.86;13.01;18965741;243358656.00
20140630;13.38;13.65;12.68;13.23;17226948;226025216.00
20140701;13.00;13.89;12.78;13.51;13645070;180458704.00
20140702;13.30;13.38;13.00;13.19;7650762;101020872.00
20140703;13.20;13.50;12.80;13.44;10315184;135593424.00
20140704;13.28;13.67;13.00;13.30;9284833;124192208.00
20140707;13.21;13.30;12.65;12.70;8617219;111429944.00
20140708;12.70;12.95;12.39;12.80;6548041;83101488.00
20140709;12.95;13.63;12.86;12.96;10733306;142258960.00
20140710;12.90;14.26;12.80;13.95;13189412;179696144.00
20140711;13.51;13.91;13.40;13.68;6388331;87271896.00
20140714;13.63;14.26;13.55;13.95;5073985;71097744.00
20140715;13.80;13.91;13.50;13.60;4098052;55910668.00
20140716;13.47;13.55;12.98;13.05;5324721;70029408.00
20140717;13.12;13.25;12.77;13.09;4427709;57356400.00
20140718;13.00;13.64;12.98;13.53;4885099;65565936.00
20140721;13.38;14.23;13.38;13.60;6408994;88494400.00
20140722;13.50;13.99;13.26;13.76;5867027;79849616.00
20140723;13.80;14.08;13.76;13.99;5021117;69877376.00
20140724;13.76;14.17;13.35;13.57;4298359;58789776.00
20140725;13.64;13.84;13.42;13.79;2152550;29352786.00
20140728;13.73;13.90;13.36;13.50;5306943;71855720.00
20140729;13.49;14.20;13.49;14.16;5650024;78213024.00
20140730;14.26;14.60;13.91;13.94;6160840;87442208.00
20140731;13.95;14.85;13.95;14.74;7373906;106966880.00
20140801;14.20;14.45;13.90;14.03;11145997;157741600.00
20140804;13.91;14.15;13.79;14.10;3893319;54476912.00
20140805;14.10;14.14;13.81;14.01;2680592;37559744.00
20140806;14.02;14.47;13.85;14.40;3802927;54175664.00
20140807;14.25;15.50;14.25;14.91;6143306;92181280.00
20140808;14.94;15.96;14.82;15.56;6513748;101168752.00
20140811;15.70;15.76;15.38;15.64;3454463;53731108.00
20140812;15.56;16.79;15.47;15.97;4949716;79522032.00
20140813;16.02;16.18;15.60;16.10;3870886;61512736.00
20140814;15.99;16.09;15.59;15.59;3044613;47832188.00
20140815;15.67;15.80;15.31;15.70;1872592;29163378.00
20140818;15.70;15.86;15.41;15.84;2743830;42815092.00
20140819;15.99;15.99;15.56;15.70;2132007;33527724.00
20140820;15.81;15.81;15.15;15.24;4359099;66740380.00
20140821;15.19;15.47;15.19;15.40;2094233;32090080.00
20140822;15.40;15.55;15.18;15.33;1446985;22164022.00
20140825;15.32;15.70;15.32;15.56;3108464;48225048.00
20140929;15.60;15.60;14.21;15.10;12212501;181175296.00
20141008;14.90;15.08;14.59;14.79;7232924;106791976.00
20141009;14.79;14.98;14.60;14.97;7159652;105763112.00
20141010;14.99;16.39;14.83;15.66;8868415;138459776.00
20141013;15.58;16.30;15.27;16.18;6751440;106764952.00
20141014;16.18;16.20;15.84;15.88;3504022;55910772.00
20141015;15.88;16.10;15.63;16.08;2920362;46479536.00
20141016;16.00;16.03;15.51;15.51;3348793;52769300.00
20141017;15.49;15.68;14.56;14.70;4758194;71055176.00
20141020;14.70;14.93;14.52;14.76;2148601;31582122.00
20141021;14.75;15.19;14.70;14.94;2874421;43188936.00
20141022;14.91;14.98;14.60;14.68;1727969;25517544.00
20141023;14.73;14.85;14.52;14.73;1621351;23835856.00
20141024;14.62;14.87;14.62;14.71;682897;10071016.00
20141027;14.71;14.78;14.30;14.57;1399721;20327650.00
20141028;15.00;15.08;14.81;14.95;1878002;28071344.00
20141029;14.99;15.65;14.99;15.55;3791336;58746628.00
20141030;15.60;15.90;15.40;15.44;2447673;38180392.00
20141031;15.47;15.74;15.20;15.60;2809571;43411072.00
20141103;15.67;16.13;15.66;16.03;3697708;58939688.00
20141104;16.09;16.09;15.60;15.72;2335236;36849240.00
20141105;15.72;15.80;15.36;15.58;2678902;41569024.00
20141106;15.56;15.85;15.44;15.85;1679482;26314150.00
20141107;15.95;16.80;15.94;16.42;5822672;95471576.00
20141110;16.26;16.80;16.26;16.49;4626093;76870904.00
20141111;16.42;16.59;15.40;15.80;3987764;63690740.00
20141112;15.88;17.38;15.60;17.37;8317995;140281440.00
20141113;17.38;17.79;16.69;17.70;6359968;108874016.00
20141114;17.65;17.65;16.77;16.95;5615487;95552960.00
20141117;16.97;17.20;16.50;16.86;2671917;44944624.00
20141118;16.76;17.08;16.57;16.90;3803037;63678244.00
20141119;16.74;17.05;16.71;16.89;1685163;28487810.00
20141120;16.84;16.99;16.58;16.60;1950231;32649548.00
20141121;16.60;16.71;16.33;16.50;2911798;47842552.00
20141124;16.60;17.19;16.45;17.09;4496123;76101680.00
20141125;17.09;17.17;16.90;17.00;2935990;49969820.00
20141126;17.05;17.28;16.81;17.25;3421988;58451984.00
20141127;17.26;17.30;16.95;17.28;2896373;49576012.00
20141128;17.16;17.20;16.70;16.78;3603138;60754540.00
20141201;16.77;16.77;15.73;16.20;6610675;106206152.00
20141202;16.03;16.26;15.90;16.15;3566367;57550432.00
20141203;16.20;16.20;15.85;16.08;2917778;46529028.00
20141204;15.93;16.17;15.80;16.07;4036226;64767992.00
20141205;16.01;16.06;14.60;15.48;4402230;68291280.00
20141208;15.40;15.40;14.70;14.79;5691792;84795360.00
20141209;14.75;14.95;13.31;13.31;5738922;82447832.00
20141210;13.31;14.50;13.28;14.18;8170062;112090040.00
20141211;13.97;14.28;13.79;14.20;4235156;59772216.00
20141212;14.23;15.09;14.23;14.76;4635499;68512032.00
20141215;14.85;15.45;14.68;15.29;4283519;64986820.00
20141216;15.29;15.29;14.82;15.02;3157741;47411972.00
20141217;14.99;15.59;14.64;15.43;3218239;48142848.00
20141218;15.36;15.60;14.78;14.97;7362420;111557056.00
20141219;14.96;14.99;14.21;14.99;3047553;44345560.00
20141222;14.80;15.20;14.19;14.30;6608112;96519912.00
20141223;14.08;14.66;14.08;14.20;1827455;26105618.00
20141224;14.20;14.54;14.11;14.48;1990001;28525090.00
20141225;14.50;14.87;14.33;14.64;1990664;29044752.00
20141226;14.60;14.81;14.46;14.70;1962079;28885368.00
20141229;14.72;14.79;14.11;14.22;2759291;39366272.00
20141230;14.15;14.29;13.84;13.89;1658872;23364644.00
20141231;13.90;13.94;13.28;13.69;5013691;67606632.00
20150105;13.54;13.73;13.37;13.67;3350683;45410176.00
20150106;13.55;13.98;13.45;13.89;3500995;48321644.00
20150107;13.89;14.78;13.80;14.54;3398183;48178148.00
20150108;14.37;14.57;14.27;14.50;3999214;57584688.00
20150109;14.32;14.60;14.27;14.48;2757575;39789304.00
20150112;14.46;14.60;13.98;14.49;2501024;35749416.00
20150113;14.41;14.53;14.10;14.33;2578251;36748368.00
20150114;14.29;14.63;14.02;14.56;2909397;41631864.00
20150115;14.56;15.85;14.45;15.46;10084198;154923392.00
20150116;15.25;15.60;15.03;15.37;4613424;70665680.00
20150119;15.01;15.30;14.22;14.42;4495984;67067320.00
20150120;14.53;14.88;14.34;14.83;8541572;124213208.00
20150121;14.99;15.87;14.86;15.78;13440098;207874896.00
20150122;15.80;16.87;15.80;16.76;12682390;208862576.00
20150123;17.60;18.20;16.99;17.37;36442803;640175296.00
20150126;17.40;17.50;16.90;17.26;9078665;155692912.00
20150127;17.33;17.61;17.05;17.48;9969915;172967696.00
20150128;17.30;17.50;16.96;17.10;6668799;114685360.00
20150129;16.90;16.90;16.36;16.43;7336315;121621784.00
20150130;16.45;16.60;16.06;16.11;4277442;69645744.00
20150202;15.86;16.47;15.75;16.05;4740039;76622168.00
20150203;16.13;16.30;15.97;16.17;4206053;67903840.00
20150204;16.16;16.50;16.12;16.20;3715406;60672668.00
20150205;16.40;16.47;16.10;16.11;2455837;39954096.00
20150206;16.10;16.19;15.46;15.53;5006651;78639872.00
20150209;15.54;15.67;15.30;15.40;1823403;28179808.00
20150210;15.32;15.65;15.32;15.65;1942124;30185506.00
20150211;15.65;16.11;15.60;15.92;2894685;45981884.00
20150212;15.93;16.09;15.89;15.94;2529831;40427348.00
20150213;16.01;16.49;16.01;16.34;3776268;61698752.00
20150216;16.41;16.98;16.40;16.90;5079093;85510872.00
20150217;16.90;16.95;16.59;16.82;4213259;70533352.00
20150225;16.82;16.86;16.60;16.70;2351973;39283152.00
20150226;16.61;16.81;16.55;16.81;3164399;52709100.00
20150227;16.80;16.80;16.55;16.73;4161969;69291664.00
20150302;16.76;17.15;16.66;17.08;6214367;105421560.00
20150303;17.06;17.06;16.75;16.75;5277129;89298112.00
20150304;16.76;16.96;16.74;16.90;3654679;61714616.00
20150305;16.95;17.39;16.85;17.31;6993794;120084320.00
20150306;17.35;17.37;16.88;17.08;5418917;92676280.00
20150309;17.09;17.17;16.91;17.12;3484017;59426116.00
20150310;17.11;17.37;17.05;17.30;4745733;82021456.00
20150311;17.31;17.94;17.31;17.80;8718502;154501568.00
20150312;17.81;17.96;16.56;17.42;5900939;103003232.00
20150313;17.42;17.58;17.26;17.42;3628351;63096028.00
20150316;17.95;19.16;17.91;18.95;14017858;263779472.00
20150317;18.85;19.19;18.60;18.85;10867519;204937824.00
20150318;18.94;19.88;18.90;19.77;10695247;208689104.00
20150319;19.78;20.06;19.50;20.00;7845501;155002800.00
20150320;21.00;21.50;20.30;20.32;18029253;374323904.00
20150323;20.34;21.17;20.00;21.00;12680659;263251744.00
20150324;21.00;21.00;19.88;20.74;12682967;261056928.00
20150325;20.50;21.59;20.38;21.37;12617251;266985808.00
20150326;21.37;21.49;20.61;20.70;9983622;208924160.00
20150327;20.63;20.88;20.58;20.73;4558885;94664592.00
20150330;20.80;21.35;20.78;20.94;5761009;120810144.00
20150331;21.00;21.11;20.70;20.84;5710039;119305528.00
20150401;20.81;22.26;20.80;22.11;11216002;243474320.00
20150402;22.08;23.00;22.00;22.93;9998957;225208352.00
20150403;22.88;24.31;22.60;24.09;10909264;257763200.00
20150407;24.32;26.50;24.32;26.50;13594316;343961088.00
20150408;26.50;26.90;25.00;25.80;15855259;411481664.00
20150409;25.80;25.95;23.25;25.53;12464143;310192928.00
20150410;25.49;27.59;25.00;27.18;10676633;283855008.00
20150413;27.60;29.48;26.82;28.78;13712674;387861248.00
20150414;29.80;30.60;27.63;27.68;19152845;556320832.00
20150415;27.00;27.00;25.43;25.44;11845367;308713760.00
20150416;24.77;26.19;23.60;25.30;9730590;242848560.00
20150417;25.42;26.15;24.51;24.79;9967117;249644784.00
20150420;24.90;25.25;24.11;24.29;10567726;259260624.00
20150421;12.00;12.41;11.70;12.28;18669809;224881696.00
20150422;12.30;12.52;12.10;12.42;23763535;293432672.00
20150423;12.46;12.50;12.00;12.18;25932287;316145664.00
20150424;11.97;11.98;11.42;11.69;28714127;336277056.00
20150427;11.78;12.28;11.76;12.16;25603596;306518848.00
20150428;12.35;12.45;11.75;11.89;24972766;302821120.00
20150429;11.67;11.96;11.61;11.86;12493018;147997104.00
20150430;11.90;11.93;11.56;11.56;15080637;176707232.00
20150504;11.60;11.65;11.40;11.46;12308387;141235632.00
20150505;11.46;11.53;10.89;10.95;14888676;166560320.00
20150506;10.89;11.20;10.73;10.80;11913450;130623040.00
20150507;10.73;10.85;10.23;10.34;11114211;116851064.00
20150508;10.52;10.82;10.46;10.81;13370830;141938624.00
20150511;10.91;11.46;10.85;11.43;18266856;204560720.00
20150512;11.52;11.90;11.43;11.89;23288082;271665728.00
20150513;11.89;11.89;11.51;11.64;14253320;165817984.00
20150514;11.66;11.92;11.50;11.91;17464497;205060960.00
20150515;11.91;11.94;11.47;11.53;12398948;144065696.00
20150518;11.43;11.90;11.29;11.61;13231446;154736912.00
20150519;11.74;11.90;11.53;11.86;16622301;195561696.00
20150520;11.91;12.66;11.90;12.31;32465844;401100576.00
20150521;12.31;13.37;12.22;13.33;34569475;446471744.00
20150522;13.48;13.99;13.00;13.29;35094525;469942272.00
20150525;13.30;14.00;13.01;13.92;30280340;411711552.00
20150526;13.92;14.35;13.63;14.20;29451587;414697728.00
20150527;14.19;14.20;13.70;13.95;25013415;346808384.00
20150528;13.95;14.20;12.80;12.80;29590716;402967712.00
20150529;12.40;12.96;11.70;12.47;20844063;258463232.00
20150601;12.44;13.31;12.38;13.30;17475779;225428816.00
20150602;13.29;14.63;13.20;14.63;34701115;486756576.00
20150603;14.80;15.50;14.21;15.30;40090732;604575808.00
20150604;15.28;15.40;14.01;15.01;26494297;394355200.00
20150605;15.30;16.51;15.00;16.51;35964401;560241344.00
20150608;16.51;16.51;15.51;15.62;34113282;542746112.00
20150609;15.48;15.48;15.00;15.16;21871712;332476032.00
20150610;15.36;16.50;15.34;16.13;33794747;543765120.00
20150611;16.15;17.70;16.15;17.63;32292359;554532096.00
20150612;17.64;19.00;17.15;18.06;31271332;563804416.00
20150615;18.10;18.86;17.24;17.97;27542547;495209728.00
20150616;17.60;18.58;17.12;17.90;25575884;461299584.00
20150617;17.95;18.46;17.00;18.26;25164878;448208480.00
20150618;18.25;18.50;17.59;17.63;19534536;353392192.00
20150619;17.00;17.45;15.87;15.87;17788431;290327872.00
20150623;15.50;15.87;14.28;14.90;21422653;315482880.00
20150624;14.90;15.59;14.83;15.15;15217679;231048112.00
20150625;15.25;15.40;13.64;13.98;15174342;221996944.00
20150626;13.41;13.41;12.58;12.58;14503244;185995904.00
20150629;12.98;13.13;11.32;11.32;18322456;215210736.00
20150630;10.92;12.32;10.19;12.23;24097702;265917216.00
20150701;12.15;12.95;11.48;11.65;22307332;274538176.00
20150702;11.81;11.99;10.49;10.49;21947482;240395984.00
20150714;11.54;11.54;11.54;11.54;359976;4154123.00
20150715;12.69;12.69;10.59;10.59;31029353;368396832.00
20150716;10.59;11.22;9.69;10.66;17896502;190905280.00
20150717;10.66;11.73;10.62;11.72;20344346;229706768.00
20150720;11.98;12.48;11.60;12.11;19879527;240443152.00
20150721;12.05;12.55;11.70;12.15;16349956;198944560.00
20150722;12.16;12.26;11.81;12.14;14802781;178661616.00
20150723;12.14;12.55;12.10;12.47;16990438;209862256.00
20150724;12.47;12.93;12.07;12.19;21127856;264916624.00
20150727;12.00;12.26;10.97;11.80;16354546;190864896.00
20150728;11.00;11.67;10.62;11.58;15266003;169302832.00
20150729;11.48;11.99;11.07;11.96;12977284;149898800.00
20150730;12.00;12.26;11.73;11.75;17453184;210189040.00
20150731;11.69;11.86;11.00;11.40;10533746;121812440.00
20150803;11.00;11.25;10.26;10.27;12644652;133517424.00
20150804;10.11;10.97;10.05;10.96;14668049;153814144.00
20150805;10.85;10.99;10.46;10.59;13421794;143931008.00
20150806;10.42;10.69;10.25;10.43;6986314;73219688.00
20150807;10.54;10.85;10.54;10.80;10629297;114045008.00
20150810;10.95;11.88;10.95;11.88;22817751;264609488.00
20150811;11.98;12.40;11.80;12.15;26355955;317218208.00
20150812;11.88;12.10;11.58;11.58;13177707;156888752.00
20150813;11.29;11.95;11.28;11.95;13628040;158587920.00
20150814;11.98;12.19;11.82;11.93;16284411;195229648.00
20150817;11.95;12.04;11.50;12.04;13438509;159482784.00
20150818;12.13;12.24;10.84;10.84;21731537;251323776.00
20150819;10.23;11.16;9.93;11.04;15364733;162508144.00
20150820;10.90;10.95;10.50;10.50;10562524;112959800.00
20150821;10.28;10.44;9.88;9.99;10797537;109788672.00
20150824;9.61;9.70;8.99;8.99;9448730;86220840.00
20150825;8.10;8.30;8.09;8.09;8845541;71826632.00
20150826;8.14;8.30;7.28;7.50;15992046;125307016.00
20150827;7.51;7.98;7.30;7.97;12197006;94397424.00
20150828;8.30;8.59;7.99;8.48;13876377;113985384.00
20150831;8.45;8.45;8.07;8.07;8568696;70176120.00
20150901;8.08;8.11;7.33;7.40;7983757;60732108.00
20150902;7.09;7.79;6.89;7.13;8211948;60502208.00
20150907;7.27;7.84;7.27;7.41;7149854;53633636.00
20150908;7.45;7.90;7.33;7.88;7397259;56437536.00
20150909;7.97;8.37;7.88;8.27;11541202;94342800.00
20150910;8.10;8.33;8.01;8.07;7216311;59045332.00
20150911;8.06;8.22;7.95;8.15;5666608;45861384.00
20150914;8.18;8.19;7.34;7.34;9132801;70188848.00
20150915;7.30;7.48;6.90;6.99;7135282;51060584.00
20150916;7.69;7.69;7.69;7.69;2866634;22044416.00
20150917;8.46;8.46;8.46;8.46;2919851;24701940.00
20150918;9.31;9.31;8.76;9.18;50482920;460415296.00
20150921;8.80;9.15;8.54;9.13;32483582;287353792.00
20150922;9.02;9.24;8.76;8.93;26409523;235685344.00
20150923;8.60;8.88;8.47;8.63;14076540;121946064.00
20150924;8.69;8.80;8.56;8.70;11458869;99432392.00
20150925;8.69;8.86;8.24;8.34;13184564;113163080.00
20150928;8.29;8.54;8.14;8.50;7651130;64112700.00
20150929;8.35;8.43;8.20;8.29;6192197;51546604.00
20150930;8.31;8.43;8.27;8.32;4675706;39032844.00
20151008;8.59;8.78;8.52;8.68;10121222;87548408.00
20151009;8.66;8.83;8.60;8.80;10480348;91372776.00
20151012;8.85;9.29;8.80;9.20;19063273;173362128.00
20151013;9.08;10.12;9.02;10.12;15342177;147091168.00
20151014;10.49;11.06;10.33;10.66;42421332;453197344.00
20151015;10.45;11.45;10.45;11.23;42378115;468881824.00
20151016;11.24;11.28;10.90;11.08;28912457;319007104.00
20151019;11.08;11.08;10.47;10.75;26309287;282546816.00
20151020;10.66;10.91;10.60;10.82;17961433;193645536.00
20151021;10.82;10.83;9.79;9.89;20680690;214002384.00
20151022;9.88;10.39;9.74;10.31;15945067;160599344.00
20151023;10.39;10.79;10.18;10.64;16750640;174592000.00
20151026;10.72;10.85;10.50;10.65;14977893;159587440.00
20151027;10.59;10.64;10.03;10.48;13494702;138952720.00
20151028;10.76;11.53;10.76;11.53;30617494;347659808.00
20151029;12.10;12.68;11.80;11.92;66094078;806576768.00
20151030;11.50;12.47;11.30;11.96;42163908;501399808.00
20151102;11.23;11.68;11.01;11.01;26218706;297141664.00
20151103;11.20;11.49;11.12;11.30;16962633;191565968.00
20151104;11.25;11.71;11.16;11.70;23440887;270002848.00
20151105;11.76;11.87;11.40;11.58;25239900;293482976.00
20151106;11.45;11.76;11.45;11.74;21024660;243921232.00
20151109;11.55;11.79;11.29;11.64;18961670;219242672.00
20151110;11.59;11.99;11.48;11.90;21312450;251542448.00
20151111;11.88;11.93;11.74;11.89;15210436;179920032.00
20151112;11.89;11.93;11.50;11.63;17953253;209245712.00
20151113;11.45;11.58;11.32;11.34;12814648;146299344.00
20151116;11.16;11.68;11.10;11.62;11117646;127984920.00
20151117;11.65;11.84;11.41;11.49;16042234;187004752.00
20151118;11.44;11.54;11.25;11.32;7588333;86731208.00
20151119;11.32;11.70;11.32;11.60;9763318;112742808.00
20151120;11.60;11.72;11.47;11.66;14059528;163143456.00
20151123;11.59;12.19;11.58;11.85;23947840;285675104.00
20151124;11.85;12.45;11.71;12.42;27414890;334283360.00
20151125;12.42;12.57;12.13;12.28;19392140;237823648.00
20151126;12.29;12.41;11.81;11.85;16990459;205202544.00
20151127;11.70;11.84;10.68;10.73;17240434;194707360.00
20151130;10.80;11.00;10.15;10.94;11901154;127223176.00
20151201;10.90;10.99;10.74;10.82;7290993;79104552.00
20151202;10.81;10.85;10.33;10.70;7272163;77285784.00
20151203;10.77;10.98;10.70;10.95;7646466;83229240.00
20151204;10.96;11.19;10.85;10.98;8183842;90235648.00
20151207;11.00;11.12;10.86;11.05;6275649;69137144.00
20151208;10.95;11.04;10.68;10.68;6149110;66614472.00
20151209;10.62;10.98;10.49;10.59;6064423;64778340.00
20151210;10.63;10.75;10.53;10.60;4299755;45711112.00
20151211;10.35;10.51;10.11;10.40;10010326;103326464.00
20151214;10.32;10.65;10.25;10.61;5666618;59100376.00
20151215;10.63;10.85;10.56;10.77;6270997;67112336.00
20151216;10.78;10.92;10.70;10.80;5117366;55297568.00
20151217;10.79;11.03;10.79;11.00;8938067;97877352.00
20151218;10.99;11.26;10.92;11.25;14387676;159974656.00
20151221;11.20;11.49;11.10;11.27;10508753;118917488.00
20151222;11.41;11.44;11.13;11.32;7574645;85202408.00
20151223;11.33;11.45;11.16;11.22;9555801;107986096.00
20151224;11.23;11.23;10.88;11.04;6935048;76406248.00
20151225;11.05;11.15;10.98;11.08;6105051;67478728.00
20151228;11.12;11.27;10.88;10.88;8587468;95348848.00
20151229;10.83;11.18;10.68;11.17;5607955;61154016.00
20151230;11.16;11.28;11.05;11.26;7012636;78309400.00
20151231;11.27;11.34;10.95;11.00;6397687;71726912.00
20160104;11.01;11.05;10.00;10.01;5934353;63067724.00
20160105;9.70;10.25;9.50;10.19;11388700;113035496.00
20160106;10.28;10.40;10.08;10.36;6941717;70970256.00
20160107;10.14;10.14;9.32;9.33;2102700;20540834.00
20160108;9.70;9.76;9.05;9.47;7987094;75861904.00
20160111;9.43;9.43;8.68;8.68;7542896;68613824.00
20160112;8.44;9.07;8.44;8.90;5832757;51460980.00
20160113;9.00;9.21;8.75;8.78;5311034;47709156.00
20160114;8.61;9.15;8.34;9.06;5573003;49669564.00
20160115;9.06;9.20;8.87;8.90;5709067;51508664.00
20160118;8.69;9.11;8.60;8.89;7017718;62566536.00
20160119;8.98;9.29;8.83;9.18;7722351;70201712.00
20160120;9.17;9.22;8.99;9.06;5249804;47828176.00
20160121;8.92;9.63;8.87;9.31;14616465;137164528.00
20160122;9.45;9.45;9.13;9.37;7755963;72262376.00
20160125;9.45;10.10;9.38;9.97;14899876;146846704.00
20160126;9.77;10.03;9.02;9.05;13606945;130480064.00
20160127;9.24;9.70;8.71;9.42;12207820;111329824.00
20160128;9.28;10.36;9.19;10.10;32535910;327471008.00
20160129;10.26;11.11;10.18;11.11;28789023;309098112.00
20160201;11.68;12.05;11.00;11.30;39353755;449959328.00
20160202;11.38;11.69;11.03;11.53;25718862;293643296.00
20160203;11.15;11.50;10.64;11.11;22261786;247427184.00
20160204;11.05;11.76;10.95;11.57;23017344;261884256.00
20160205;11.46;11.59;10.82;10.84;17955147;200405120.00
20160215;10.61;10.70;10.03;10.56;17488959;181792688.00
20160216;10.59;11.57;10.59;11.33;21655172;241797376.00
20160217;11.41;12.10;11.07;11.90;26865863;311243392.00
20160218;11.76;12.10;11.63;11.75;24357687;289854560.00
20160219;11.60;12.36;11.57;12.03;18103403;218193120.00
20160222;12.19;12.67;11.85;12.62;22945077;284693280.00
20160223;12.43;12.80;12.14;12.45;21145252;264226368.00
20160224;12.23;12.58;12.01;12.35;14256839;175700768.00
20160225;12.30;12.53;11.19;11.28;17855178;212872944.00
20160226;11.57;11.98;11.32;11.69;21545736;251887984.00
20160229;11.70;12.44;10.70;12.35;35721546;428015520.00
20160301;12.20;13.51;12.05;13.50;38797907;502252128.00
20160302;13.30;14.68;13.10;14.18;42540271;588217216.00
20160303;13.88;14.16;13.54;13.75;36966406;510864800.00
20160304;13.51;14.10;13.01;13.17;25873649;352398272.00
20160307;13.20;13.98;12.93;13.95;26487112;355190624.00
20160308;13.79;13.79;13.00;13.30;24029975;318848064.00
20160309;12.75;12.96;12.38;12.49;18206337;231159856.00
20160310;12.51;12.73;11.72;11.89;18992382;230618288.00
20160311;11.84;11.86;11.22;11.79;15640627;180797296.00
20160314;11.90;12.72;11.80;12.71;19631293;241340000.00
20160315;12.48;13.62;12.43;13.29;28769738;377195872.00
20160316;13.21;13.40;12.55;12.62;18642857;240852272.00
20160317;12.61;13.36;12.60;13.32;18539765;241269680.00
20160318;13.32;13.96;13.21;13.59;24275932;329856192.00
20160321;13.67;13.92;13.30;13.69;23409759;318130080.00
20160322;13.46;14.17;13.35;13.90;22301561;310464032.00
20160323;13.70;13.89;13.22;13.62;18067551;244150288.00
20160324;13.46;13.46;13.02;13.02;14386339;190683040.00
20160325;12.90;13.56;12.71;13.48;17427712;229391296.00
20160328;13.61;14.09;13.40;13.57;18953029;260495904.00
20160329;13.66;13.77;12.74;13.05;16328016;214448288.00
20160330;13.10;13.50;13.10;13.33;11447495;152071504.00
20160331;13.41;13.44;13.02;13.09;12510491;165353232.00
20160401;12.91;13.15;12.87;13.08;7839675;102070744.00
20160405;13.00;13.43;12.81;13.35;14280271;187765520.00
20160406;13.38;13.86;13.31;13.60;14842375;202805024.00
20160407;13.61;13.73;13.00;13.00;13756918;182043424.00
20160408;12.94;12.94;12.30;12.49;13134086;164705216.00
20160411;12.91;13.74;12.66;13.74;28610619;384887424.00
20160412;14.10;14.39;13.81;14.28;35320542;498837120.00
20160413;14.15;15.15;14.10;14.23;35339099;519429824.00
20160414;14.45;14.48;13.96;14.40;17624329;251284624.00
20160415;14.54;15.43;14.54;14.99;28104738;422323840.00
20160418;14.79;14.87;14.30;14.51;15966944;231610880.00
20160419;14.66;14.72;14.10;14.48;13407648;191904080.00
20160420;14.50;14.53;13.03;13.35;24898995;339934720.00
20160421;13.33;13.88;13.04;13.36;17536898;234157712.00
20160422;13.28;14.18;13.20;13.98;19690549;269739104.00
20160425;14.00;14.65;13.57;14.31;19313126;273441344.00
20160426;14.13;14.70;14.10;14.32;10886872;155510912.00
20160427;14.29;14.93;14.23;14.62;18541867;272118816.00
20160428;14.62;14.83;14.10;14.82;17222007;249764912.00
20160429;14.60;14.65;14.27;14.39;11388557;165004720.00
20160503;14.12;15.58;14.12;15.50;22501616;338774944.00
20160504;15.39;15.39;15.06;15.21;15421371;234772096.00
20160505;15.12;15.34;14.70;15.07;14900292;223103456.00
20160506;15.06;15.35;14.35;14.44;20319026;302174304.00
20160509;14.11;14.25;13.80;13.94;13015996;181776464.00
20160510;13.92;14.24;13.85;14.02;8931348;125322184.00
20160511;14.14;14.27;13.65;13.75;14249880;198787248.00
20160512;13.29;13.98;12.92;13.93;11930863;159190960.00
20160513;13.77;14.33;13.71;14.11;14201583;200792128.00
20160516;14.05;14.37;13.95;14.20;12832068;181503600.00
20160517;14.21;14.21;13.73;13.76;12046423;167417584.00
20160518;13.66;13.66;12.70;12.98;13932841;182940416.00
20160519;12.99;13.22;12.72;12.78;10648576;138112240.00
20160520;12.60;13.12;12.42;13.02;9993466;127655504.00
20160523;13.03;13.33;13.02;13.14;9341634;122971176.00
20160524;13.16;13.33;12.80;12.92;8705021;113867360.00
20160525;13.11;13.32;12.88;13.01;7287454;95631968.00
20160526;13.08;13.25;12.80;13.20;8084796;105581176.00
20160527;13.15;13.25;13.00;13.08;5462933;71562648.00
20160530;13.02;13.02;12.70;12.79;7268845;93217432.00
20160531;12.73;13.25;12.73;13.19;17538333;229045184.00
20160601;13.25;13.46;13.10;13.32;15115489;200389520.00
20160602;13.32;13.37;13.13;13.26;10972948;145119408.00
20160603;13.17;13.42;13.13;13.36;14080592;186856416.00
20160606;13.44;13.88;13.44;13.63;19321480;264371344.00
20160607;13.57;13.72;13.42;13.51;9573081;129580856.00
20160608;13.51;13.68;13.46;13.56;9328173;126823456.00
20160613;13.29;13.29;12.20;12.20;25330731;322399072.00
20160614;12.17;12.28;11.88;12.11;10521059;126864936.00
20160615;12.06;12.62;11.93;12.46;10087038;125183496.00
20160616;12.80;12.92;12.48;12.56;12780253;162425424.00
20160617;12.60;13.16;12.60;13.03;16105406;208887584.00
20160620;13.04;13.26;12.98;13.05;9703948;127223776.00
20160621;13.10;13.19;12.66;12.76;9199831;119180248.00
20160622;12.70;12.85;12.61;12.82;7381002;93841720.00
20160623;12.82;13.16;12.82;13.02;11507047;150256720.00
20160624;12.99;13.25;12.26;12.83;13371582;172372432.00
20160627;12.75;13.15;12.61;13.14;10061968;130756752.00
20160628;13.00;13.43;12.99;13.20;13879564;183456880.00
20160629;13.37;13.53;13.21;13.45;14403304;192904912.00
20160630;13.55;13.80;13.45;13.47;13957578;190208352.00
