20120503;14.46;14.68;13.50;14.50;112448745;1608625152.00
20120504;15.02;15.87;14.69;14.77;117091677;1774733056.00
20120507;14.64;15.44;14.60;15.26;70889971;1064902016.00
20120508;15.19;15.23;14.63;14.86;43629201;650030528.00
20120509;14.60;14.85;14.20;14.53;32286625;469402016.00
20120510;14.46;15.88;14.29;15.23;60859572;916231936.00
20120511;15.10;15.64;14.91;15.24;49059470;749783104.00
20120514;15.45;16.67;14.92;15.69;62747095;992346496.00
20120515;15.49;17.18;15.41;16.92;61722930;1004063296.00
20120516;16.75;17.56;16.65;16.67;56771403;967045824.00
20120517;17.00;18.34;16.81;18.34;55780879;980016576.00
20120518;18.00;19.15;17.91;19.12;56066117;1037145152.00
20120521;18.50;18.87;17.40;17.58;52033047;943545216.00
20120522;17.60;18.28;17.60;17.91;32736992;586661760.00
20120523;17.84;19.47;17.72;19.26;46364391;861727040.00
20120524;18.99;19.44;18.58;18.95;38591041;732336128.00
20120525;18.95;19.29;18.31;18.57;36076303;677789120.00
20120528;18.21;18.38;16.98;17.92;36678037;649985088.00
20120529;17.71;19.15;17.61;18.47;40507761;749364736.00
20120530;18.49;18.79;18.21;18.36;24043548;444920960.00
20120531;18.08;19.05;18.02;18.51;34921214;652888896.00
20120601;18.78;18.93;18.28;18.40;25280301;470230784.00
20120604;17.75;18.54;17.62;17.78;23970049;433430240.00
20120605;17.98;18.09;16.86;17.23;22605120;392565600.00
20120606;17.31;17.40;16.43;16.66;23236327;391625952.00
20120607;16.98;17.18;16.62;16.68;20562974;347221472.00
20120608;16.95;17.61;16.75;17.02;31785402;546602880.00
20120611;17.05;17.36;16.45;17.31;19380043;329642464.00
20120612;17.03;17.31;16.72;16.80;16090778;274908384.00
20120613;17.00;18.48;16.91;18.41;59866731;1081382016.00
20120614;18.15;18.35;17.88;18.03;32541193;590104576.00
20120615;18.28;18.55;17.88;18.39;35787898;655853184.00
20120618;18.60;18.77;18.22;18.31;24843988;458606592.00
20120619;18.18;18.29;17.65;17.81;19288914;346354816.00
20120620;17.97;18.55;17.65;18.14;24731796;450460960.00
20120621;17.91;17.98;17.55;17.62;15910718;282148960.00
20120625;17.31;17.33;16.50;16.60;17229655;290245664.00
20120626;16.40;17.06;16.30;16.80;16531050;277490624.00
20120627;16.71;16.94;16.32;16.33;14347804;238262544.00
20120629;15.91;16.91;15.75;16.80;19004679;313591680.00
20120702;16.80;16.99;16.56;16.83;16261179;272849376.00
20120703;16.89;17.20;16.65;16.79;14971560;253094688.00
20120704;16.78;16.94;16.34;16.62;13422649;222868416.00
20120705;16.39;16.40;15.81;15.87;16825414;270530400.00
20120706;16.03;16.82;15.86;16.63;17968773;292681248.00
20120709;16.50;16.59;15.75;15.85;14841168;240401424.00
20120710;15.95;16.00;15.70;15.80;9570234;151826128.00
20120711;15.82;16.35;15.78;16.11;12431559;199866512.00
20120712;16.02;16.85;15.31;16.55;25155671;406908416.00
20120713;16.20;16.52;15.90;16.02;17671886;285822528.00
20120716;15.93;15.93;15.05;15.16;15551186;239784384.00
20120717;15.01;15.86;14.95;15.32;19214767;294846528.00
20120718;15.09;15.58;14.67;15.39;20727184;313109984.00
20120719;15.19;16.40;15.11;15.77;34822167;552907520.00
20120720;15.55;15.93;15.32;15.36;18451470;287707808.00
20120723;15.11;15.45;14.80;15.20;11292840;170979024.00
20120724;15.01;15.86;14.98;15.47;16800998;260408864.00
20120725;15.33;15.50;15.16;15.20;10781789;164749568.00
20120726;15.19;15.80;15.16;15.33;16737971;259353072.00
20120727;15.45;15.49;15.00;15.08;13854576;210556080.00
20120730;15.00;15.15;14.38;14.47;14723173;216189104.00
20120731;14.18;14.34;13.61;13.66;18448935;258124544.00
20120801;13.55;14.05;13.30;13.77;18412364;252327696.00
20120802;13.50;13.66;13.00;13.10;17995878;239138960.00
20120803;13.21;13.84;12.94;13.82;58596354;780945216.00
20120806;13.56;14.30;13.52;14.12;46470658;644489024.00
20120807;14.02;14.17;13.84;13.98;29289723;409843776.00
20120808;14.15;14.45;14.06;14.07;29914706;426070944.00
20120809;13.95;14.38;13.75;14.30;28346616;398743712.00
20120810;14.21;14.29;13.98;14.07;16113988;227093024.00
20120813;13.92;13.99;13.20;13.30;23277899;315999872.00
20120814;13.26;13.39;12.90;13.35;20313180;266921600.00
20120815;13.20;13.35;13.04;13.04;11937116;157018000.00
20120816;13.01;13.26;13.00;13.09;13048075;171392784.00
20120817;13.00;13.14;12.85;13.11;11428177;148277904.00
20120820;12.93;13.29;12.74;13.17;12373949;160787104.00
20120821;13.21;13.59;13.13;13.31;19628903;262702608.00
20120822;13.31;13.44;13.15;13.18;12653581;167924000.00
20120823;13.40;13.64;13.22;13.35;16850001;226001920.00
20120824;13.24;13.55;13.17;13.21;12870506;171659120.00
20120827;13.00;13.00;12.20;12.23;18024673;226120080.00
20120828;12.27;12.87;12.20;12.52;18655152;233941408.00
20120829;12.40;12.51;12.27;12.29;11698739;144560704.00
20120830;12.25;13.44;12.22;13.01;35696044;458836000.00
20120831;12.82;13.06;12.67;12.93;19108006;245980288.00
20120903;12.80;13.55;12.76;13.29;27935276;371104992.00
20120904;13.21;13.36;13.03;13.06;17207991;226354960.00
20120905;13.01;13.59;13.00;13.25;20980027;280130528.00
20120906;13.27;13.49;13.10;13.41;15865510;211563872.00
20120907;13.65;14.72;13.55;14.50;48362161;689940160.00
20120910;14.31;14.74;14.28;14.42;33734100;488859808.00
20120911;14.25;14.35;14.04;14.30;20249942;287119040.00
20120912;14.50;14.58;14.10;14.28;15344363;219178992.00
20120913;14.26;14.45;13.80;13.80;15232262;215262352.00
20120914;14.00;14.33;13.80;14.02;20136300;282741664.00
20120917;13.95;14.03;13.49;13.50;14330693;195918272.00
20120918;13.40;13.62;13.25;13.31;8753045;117619464.00
20120919;13.39;13.64;13.37;13.53;13668084;184757472.00
20120920;13.40;13.42;13.01;13.02;12993821;170860832.00
20120921;12.94;13.25;12.61;12.85;14392148;186342928.00
20120924;12.63;13.29;12.55;12.99;13290036;172248272.00
20120925;12.90;13.28;12.85;13.01;13224004;173080992.00
20120926;13.18;13.58;12.83;12.87;15259878;200728816.00
20120927;12.78;14.16;12.73;13.99;53136581;732448960.00
20120928;13.60;14.28;13.53;14.15;43552260;606233472.00
20121008;14.06;14.17;13.79;13.87;20459953;285596448.00
20121009;13.96;15.26;13.95;14.76;51392555;758257088.00
20121010;14.60;14.88;14.50;14.79;25212984;370181856.00
20121011;14.67;15.20;14.45;14.47;30267407;448288320.00
20121012;14.60;14.89;14.18;14.60;22812739;331489920.00
20121015;14.66;14.95;14.43;14.81;22811749;335822400.00
20121016;14.81;14.91;14.50;14.55;19369009;284860384.00
20121017;14.71;15.18;14.35;14.76;28624332;423488256.00
20121018;14.80;15.46;14.63;15.20;36973252;556323008.00
20121019;15.17;15.29;14.93;15.11;20495697;309877088.00
20121022;14.97;15.12;14.82;15.00;22537868;337453632.00
20121023;14.93;14.99;14.17;14.23;36688914;530456352.00
20121024;14.14;14.31;13.85;14.01;18254773;257701648.00
20121025;13.95;14.10;13.63;13.87;16989847;235836640.00
20121026;13.88;13.94;13.60;13.75;14775186;204008272.00
20121029;13.75;13.83;13.58;13.70;9214929;126396024.00
20121030;13.76;14.14;13.68;13.84;14981683;208275632.00
20121031;13.83;14.01;13.71;13.98;11585178;160490192.00
20121101;14.20;14.97;14.14;14.53;37098738;540913408.00
20121102;14.53;14.69;14.35;14.62;20570555;298742112.00
20121105;14.48;14.64;14.28;14.53;12768242;184759696.00
20121106;14.51;15.13;14.10;14.82;29624183;431332992.00
20121107;14.58;14.67;14.31;14.34;18322629;264686192.00
20121108;14.08;14.22;13.69;13.73;15903195;221968224.00
20121109;13.50;13.70;13.48;13.57;10921452;148274496.00
20121112;13.61;13.72;13.37;13.65;11095809;150589120.00
20121113;13.63;13.65;13.04;13.07;11213428;149079056.00
20121114;13.10;13.28;12.92;13.20;10029282;131676664.00
20121115;13.08;13.24;12.86;12.88;8965172;116944840.00
20121116;12.88;13.21;12.86;13.07;11280492;147151376.00
20121119;13.12;13.38;13.00;13.33;13853247;183210112.00
20121120;13.35;13.38;13.07;13.07;8828930;116621672.00
20121121;13.11;13.63;13.07;13.50;16038747;214447872.00
20121122;13.38;13.42;13.19;13.28;9154724;121851752.00
20121123;13.33;13.45;13.20;13.27;9028030;120576048.00
20121126;13.18;13.19;12.87;12.87;8918375;116055640.00
20121127;12.86;13.05;12.51;12.54;10417792;133464680.00
20121128;12.41;12.61;12.33;12.52;8149676;101814104.00
20121129;12.52;12.65;11.27;11.27;20419793;239979792.00
20121130;11.27;11.27;10.50;11.02;17807853;194286784.00
20121203;10.91;11.10;10.36;10.42;12617631;135461840.00
20121204;10.39;10.98;10.35;10.89;15784495;168349616.00
20121205;10.81;11.98;10.75;11.68;37297197;437031456.00
20121206;11.60;11.67;11.41;11.48;19833511;228752256.00
20121207;11.50;11.95;11.45;11.83;22573212;264869104.00
20121210;11.83;12.08;11.75;12.00;19800136;236465296.00
20121211;11.59;11.61;11.39;11.44;12475987;143537472.00
20121212;11.41;11.64;11.26;11.57;13953639;159973712.00
20121213;11.45;11.48;11.25;11.26;9224477;104736504.00
20121214;11.23;12.33;11.21;12.21;31537221;376559136.00
20121217;12.23;12.75;12.07;12.43;29426621;363787584.00
20121218;12.30;13.15;12.19;12.61;32766590;418108480.00
20121219;12.45;12.92;12.41;12.56;17255350;219005632.00
20121220;12.45;13.46;12.31;13.18;32835018;422998272.00
20121221;13.05;13.32;12.85;12.98;26721619;349027744.00
20121224;12.92;13.75;12.90;13.33;23620680;316740800.00
20121225;13.21;14.66;13.05;14.45;55034798;784057664.00
20121226;14.30;14.55;14.14;14.45;27161992;390190048.00
20121227;14.45;14.67;14.01;14.09;30144181;432587968.00
20121228;14.34;14.80;14.10;14.71;36547621;531333312.00
20121231;14.87;14.99;14.50;14.65;27963101;411011968.00
20130104;14.81;14.94;14.08;14.30;27354159;393303008.00
20130107;14.17;14.44;14.02;14.29;16697024;237146224.00
20130108;14.21;14.28;13.92;14.17;17778592;250672576.00
20130109;14.10;14.56;13.85;14.19;19492607;277334720.00
20130110;14.18;14.50;13.93;14.09;23798711;337984384.00
20130111;14.01;14.09;13.47;13.55;21461797;295204192.00
20130114;13.42;14.34;13.40;14.25;29383607;412230368.00
20130115;14.23;14.44;14.11;14.36;22629765;322651328.00
20130116;14.50;14.53;13.86;14.02;16879528;238234976.00
20130117;13.95;14.53;13.72;14.17;27562007;391035136.00
20130118;14.19;14.53;13.87;14.30;24683899;352124192.00
20130121;14.30;14.35;14.06;14.17;15103274;214234304.00
20130122;14.18;14.50;14.01;14.09;23320247;332633248.00
20130123;13.94;14.07;13.61;13.86;18049020;248965456.00
20130124;13.86;14.60;13.60;13.80;38779011;551135296.00
20130125;13.66;13.75;13.38;13.39;16980298;229652752.00
20130128;13.41;13.97;13.41;13.94;17698169;244622128.00
20130129;13.98;14.50;13.83;14.23;28955927;412173792.00
20130130;14.33;15.50;14.32;14.70;46255180;691419520.00
20130131;14.70;15.28;14.42;15.05;35219865;524751392.00
20130201;14.85;15.92;14.75;15.63;41949408;641673152.00
20130204;15.90;16.36;15.30;15.65;40497445;638844160.00
20130205;15.31;15.85;15.31;15.53;17848161;276970432.00
20130206;15.59;16.10;15.50;15.68;21292310;336970656.00
20130207;15.70;15.99;15.15;15.72;23227488;363586944.00
20130208;15.60;15.75;15.41;15.55;14246751;222343552.00
20130218;15.55;15.60;14.99;15.00;14334302;218373552.00
20130219;14.93;15.18;14.80;14.97;13582057;203621712.00
20130220;14.98;15.20;14.80;15.16;12991909;195195696.00
20130221;14.95;15.08;14.58;14.60;15073842;223162480.00
20130222;14.51;14.72;14.18;14.24;12888448;186236064.00
20130225;14.35;14.74;14.35;14.53;11028472;160428176.00
20130226;14.20;14.76;14.11;14.26;13145176;190167680.00
20130227;14.37;14.84;14.37;14.58;12884062;188101472.00
20130228;14.71;15.18;14.37;15.06;27991380;416447296.00
20130301;15.10;15.14;14.77;14.93;18746489;280314688.00
20130304;14.68;14.68;13.75;13.94;18509325;263413888.00
20130305;13.85;14.54;13.85;14.49;15601787;222524048.00
20130306;14.56;14.70;14.30;14.50;12668749;183724544.00
20130307;14.60;14.87;14.32;14.46;18544787;271732992.00
20130308;14.50;14.59;14.19;14.20;9365108;134694624.00
20130311;14.20;14.58;14.11;14.33;7208772;103396656.00
20130312;14.33;15.72;14.33;14.92;37676892;566595776.00
20130313;14.77;15.24;14.69;15.08;29147474;437911072.00
20130314;14.99;15.28;14.91;14.93;20371398;307489120.00
20130315;14.98;16.16;14.48;15.45;53400140;827466048.00
20130318;15.25;15.73;15.03;15.32;24027979;369005152.00
20130319;15.21;15.47;14.61;15.20;31380173;474708416.00
20130320;15.17;16.10;15.09;15.96;42079704;660021952.00
20130321;15.93;16.08;15.70;15.96;28299555;449140640.00
20130322;16.00;16.73;15.85;16.22;36026187;588292032.00
20130325;16.27;16.36;15.70;15.77;21906434;350127360.00
20130326;15.78;15.78;15.32;15.43;18353854;284366528.00
20130327;15.50;15.86;15.29;15.53;17618700;274653184.00
20130328;15.09;15.10;14.21;14.22;23334114;341840800.00
20130329;14.30;14.47;14.14;14.17;11482883;164176928.00
20130401;14.18;14.60;14.16;14.39;9544873;137322224.00
20130402;14.40;14.88;14.27;14.69;15537825;226868016.00
20130403;14.63;14.78;14.25;14.30;10771740;155844864.00
20130408;13.71;14.06;13.59;13.98;10359383;142940368.00
20130409;14.12;14.46;14.12;14.25;9651469;137826192.00
20130410;14.23;14.35;13.78;14.02;9991271;139991936.00
20130411;14.16;14.24;13.78;13.81;7353423;102645960.00
20130412;13.75;13.88;13.12;13.22;11661926;157167568.00
20130415;13.00;13.50;12.96;13.16;7960891;104919208.00
20130416;13.00;13.69;12.90;13.58;10766978;144091696.00
20130417;13.53;13.76;13.32;13.56;9925157;134581776.00
20130418;13.45;13.80;13.37;13.63;9169628;125320688.00
20130419;13.68;14.19;13.65;14.07;15950257;223416160.00
20130422;14.12;14.28;13.98;14.11;12848344;181089952.00
20130423;14.16;14.17;13.50;13.50;11945882;164749184.00
20130424;13.42;14.05;13.11;13.82;17342353;236625728.00
20130425;13.69;14.07;13.40;13.55;14043022;192636976.00
20130426;13.60;14.06;13.52;13.62;11968580;165232048.00
20130502;13.46;13.88;13.31;13.66;9713363;132427928.00
20130503;13.80;14.46;13.80;14.20;26210616;373495744.00
20130506;14.32;14.72;14.12;14.68;25349437;367242656.00
20130507;14.53;14.53;14.27;14.46;16249301;233593424.00
20130508;14.36;14.58;14.02;14.28;15738697;224436992.00
20130509;14.23;15.20;14.01;15.04;32273278;472814304.00
20130510;14.81;15.23;14.72;14.89;23270373;347597248.00
20130513;14.81;14.94;14.43;14.63;16909739;247363008.00
20130514;14.60;15.25;14.51;14.84;26836369;400928864.00
20130515;14.90;15.06;14.62;14.95;21569970;321451712.00
20130516;14.81;15.86;14.70;15.30;51914205;799971392.00
20130517;15.29;15.44;15.02;15.36;35970470;548277376.00
20130520;15.39;15.80;15.25;15.45;31293130;485841376.00
20130521;15.37;15.50;15.25;15.44;21324526;327579488.00
20130522;15.50;15.85;15.20;15.33;25863634;401742464.00
20130523;15.25;15.75;15.20;15.29;24943813;386433600.00
20130524;15.35;15.56;14.95;15.17;20837326;316158816.00
20130527;15.38;15.62;15.15;15.47;22001119;340246464.00
20130528;15.48;15.95;15.41;15.88;35472171;557641152.00
20130529;15.88;16.02;15.67;15.68;25461808;401952064.00
20130530;15.68;15.94;15.61;15.69;19164106;302401728.00
20130531;15.74;15.83;15.18;15.21;20460427;316635296.00
20130603;15.21;15.40;14.95;15.03;14968104;226768400.00
20130604;15.04;15.10;14.78;14.89;11272128;167978416.00
20130605;15.04;15.22;14.88;15.06;13654366;205623920.00
20130606;14.94;15.19;14.90;14.92;11804828;177573312.00
20130607;15.15;15.48;14.81;14.88;28501354;433032352.00
20130613;14.35;14.35;13.41;13.60;22342179;306646080.00
20130614;13.68;13.79;13.40;13.70;15415477;209999824.00
20130617;13.76;13.80;13.40;13.42;12715756;172134416.00
20130618;13.53;13.67;13.30;13.47;11896343;160791120.00
20130619;13.45;13.45;12.90;13.37;16051377;211931968.00
20130620;13.21;13.36;12.94;12.96;11985531;157542464.00
20130621;12.57;13.19;12.34;12.98;12524348;161188096.00
20130624;12.98;12.98;11.68;11.68;16169350;197679040.00
20130625;11.50;11.83;10.55;11.35;19654597;220558720.00
20130626;11.36;11.89;11.11;11.64;16357856;188927760.00
20130627;11.65;11.87;11.13;11.23;15897098;183983792.00
20130628;11.15;11.94;10.94;11.59;17454858;201967488.00
20130701;11.50;11.68;11.28;11.67;10795606;124442304.00
20130702;11.69;11.97;11.46;11.84;15756727;184946400.00
20130703;11.70;11.77;11.35;11.52;12776122;147317024.00
20130704;11.29;11.77;11.15;11.59;14504959;166787856.00
20130705;11.62;11.92;11.58;11.67;14302490;167923072.00
20130708;11.30;11.47;10.98;11.00;14202135;159174608.00
20130709;11.00;11.13;10.83;10.83;8909154;97619376.00
20130710;10.86;11.50;10.82;11.40;14817931;166511024.00
20130711;11.42;12.54;11.31;12.50;42792147;519925088.00
20130712;12.27;12.54;12.06;12.06;27371775;336526080.00
20130715;12.31;12.92;12.17;12.45;32293853;405355488.00
20130716;12.38;12.67;12.28;12.57;16174757;201999408.00
20130717;12.48;12.70;12.20;12.21;16097811;200368256.00
20130718;12.12;12.70;12.10;12.30;17122338;212440256.00
20130719;12.49;12.78;12.07;12.11;25203207;315768384.00
20130722;11.77;12.11;11.62;12.10;17848143;211552752.00
20130723;12.08;12.82;12.01;12.58;26707207;334372864.00
20130724;12.40;12.55;12.17;12.47;19874298;246063008.00
20130725;12.49;12.84;12.37;12.44;20557784;258970016.00
20130726;12.23;12.40;12.12;12.25;11277613;138265696.00
20130729;12.17;12.30;11.98;12.00;10118683;122565648.00
20130730;12.16;12.66;12.00;12.32;16991539;209733248.00
20130731;12.52;12.68;12.24;12.24;13720961;170827456.00
20130801;12.28;12.67;12.28;12.60;18422874;230761888.00
20130802;12.68;12.75;12.46;12.48;13392081;168300576.00
20130805;12.48;12.77;12.45;12.71;15601869;197272320.00
20130806;12.74;13.13;12.56;13.04;27313716;351870944.00
20130807;13.03;13.19;12.77;12.82;23486360;305132672.00
20130808;12.70;12.91;12.52;12.65;14581404;184933440.00
20130809;12.78;12.96;12.61;12.83;14050684;179886128.00
20130812;12.88;13.40;12.82;13.32;28399232;373869792.00
20130813;13.32;13.36;13.06;13.23;17347126;229222848.00
20130814;13.23;13.47;13.02;13.09;17170033;226927984.00
20130815;13.08;13.23;12.85;12.88;12993003;169201184.00
20130816;12.83;14.09;12.74;12.91;40781711;543352192.00
20130819;12.45;12.67;12.23;12.54;24281100;302673984.00
20130820;12.46;12.72;12.38;12.45;14780874;185545840.00
20130821;12.51;12.60;12.40;12.53;8973799;112128520.00
20130822;12.46;12.61;12.30;12.32;12764583;159062576.00
20130823;12.44;12.45;11.90;12.10;11885628;144926736.00
20130826;12.45;12.88;12.41;12.82;26484767;334069728.00
20130827;12.75;12.85;12.66;12.82;14712545;187680496.00
20130828;12.68;12.75;12.50;12.56;15499847;195502432.00
20130829;12.80;12.89;12.57;12.66;12259003;156073520.00
20130830;12.60;13.10;12.52;12.84;23878572;307623392.00
20130902;12.84;13.41;12.66;13.31;26900195;354150528.00
20130903;13.47;13.48;12.95;13.25;22074294;290835456.00
20130904;13.20;13.28;13.06;13.13;11598962;152431744.00
20130905;13.17;13.22;12.92;13.13;12497909;163737552.00
20130906;13.14;13.34;13.07;13.22;17392430;230311872.00
20130909;13.28;14.19;13.24;13.80;34209014;470891264.00
20130910;13.70;14.14;13.68;14.10;27208477;379225728.00
20130911;14.14;14.40;13.86;13.91;27432693;388069312.00
20130912;13.81;14.38;13.80;14.05;22134294;313091136.00
20130913;14.04;14.10;13.71;13.84;15642933;216972336.00
20130916;13.89;13.95;13.59;13.64;10821316;148432448.00
20130917;13.70;13.83;13.41;13.42;9447873;128676176.00
20130918;13.40;13.95;13.21;13.71;15107415;205602064.00
20130923;13.78;13.98;13.52;13.85;13124433;180667472.00
20130924;13.81;13.98;13.39;13.85;17222040;235217232.00
20130925;13.78;13.95;13.60;13.85;15532038;214282064.00
20130926;13.73;13.82;13.13;13.13;14825052;199651840.00
20130927;13.18;13.38;13.04;13.32;10576993;139545456.00
20130930;13.35;13.37;13.05;13.16;7718800;101679656.00
20131008;13.08;13.36;12.93;13.30;9333784;123297512.00
20131009;13.21;13.45;13.17;13.36;7103643;94489376.00
20131010;13.35;13.37;12.88;12.93;12005362;157153088.00
20131011;13.07;13.27;13.05;13.17;10324097;135835600.00
20131014;13.17;13.30;13.01;13.20;8418729;110653008.00
20131015;13.33;13.39;13.14;13.26;10238495;135809200.00
20131016;13.17;13.18;12.53;12.66;12624557;161789040.00
20131017;12.83;12.99;12.60;12.73;9749632;124424840.00
20131018;12.68;13.15;12.61;12.89;11073966;143188416.00
20131021;12.90;13.12;12.74;13.06;10224220;132602200.00
20131022;13.06;13.18;12.89;12.94;10318378;134821744.00
20131023;13.00;13.48;12.93;13.06;20200373;267508048.00
20131024;13.08;13.08;12.64;12.66;11756656;150323856.00
20131025;12.70;12.88;12.43;12.48;8779528;111189952.00
20131028;12.50;12.57;12.26;12.41;5710256;70954384.00
20131029;12.44;12.74;11.98;12.31;11496802;142158912.00
20131030;12.33;12.45;12.18;12.43;7216478;88893224.00
20131031;12.47;12.60;12.30;12.44;7825833;97309608.00
20131101;12.46;12.62;12.36;12.52;7058215;88418224.00
20131104;12.52;12.65;12.40;12.43;5300522;66165568.00
20131105;12.37;12.38;12.06;12.36;7396124;90381992.00
20131106;12.29;12.38;12.15;12.18;5770662;70800112.00
20131107;12.07;12.25;11.96;11.96;6419335;77466168.00
20131108;11.91;12.04;11.55;11.60;7236917;85144440.00
20131111;11.50;11.76;11.45;11.63;4320645;50119444.00
20131112;11.69;11.83;11.62;11.72;3865683;45336644.00
20131113;11.67;11.67;11.19;11.20;7234599;82456448.00
20131114;11.20;11.34;11.09;11.30;5102181;57303956.00
20131115;11.40;12.32;11.40;11.95;21817269;261401072.00
20131118;12.08;12.59;11.90;12.58;22443423;276241696.00
20131119;12.50;12.50;12.25;12.35;13133945;162331680.00
20131120;12.43;12.53;12.25;12.48;10035104;124350480.00
20131121;12.38;13.20;12.16;12.84;22980595;292211520.00
20131122;12.82;13.11;12.72;12.78;19036040;245878864.00
20131125;12.70;12.95;12.40;12.54;12814697;162194368.00
20131126;12.52;12.95;12.50;12.68;12955417;165450176.00
20131127;12.67;13.18;12.60;13.12;21587900;281832224.00
20131128;13.05;13.25;12.98;12.99;16012235;209732976.00
20131129;13.01;13.20;12.94;13.12;10229968;133738312.00
20131202;13.66;14.10;13.30;13.51;43950583;602092864.00
20131203;13.31;13.46;13.02;13.37;16334290;216944416.00
20131204;13.37;13.68;13.27;13.42;15933272;215086672.00
20131205;13.36;13.59;13.27;13.41;13178903;177405872.00
20131206;13.36;13.42;13.04;13.09;11368923;150006816.00
20131209;13.09;13.30;12.99;13.03;11815782;154962112.00
20131210;13.04;13.23;13.02;13.11;7845277;102898976.00
20131211;13.07;13.11;12.64;12.75;9931716;127434272.00
20131212;12.72;13.11;12.71;12.95;10647469;137480224.00
20131213;13.11;13.57;13.00;13.50;25669148;342223424.00
20131216;13.65;13.68;13.12;13.13;18345247;243987792.00
20131217;13.15;13.35;12.98;13.14;12928300;170670432.00
20131218;13.13;13.57;13.10;13.45;18366221;246366576.00
20131219;13.57;13.75;13.30;13.44;18378404;248773600.00
20131220;13.41;13.69;13.26;13.42;18655535;252108896.00
20131223;13.49;13.52;12.80;12.88;16215194;211437552.00
20131224;12.90;13.06;12.40;12.51;15573715;198513296.00
20131225;12.58;12.86;12.46;12.76;11216608;142492736.00
20131226;12.67;12.74;12.26;12.34;10844567;135724848.00
20131227;12.30;12.71;12.28;12.61;9897847;124611336.00
20131230;12.87;12.88;12.67;12.73;8637566;110306312.00
20131231;12.77;13.26;12.66;13.20;16557388;217034816.00
20140102;13.20;13.20;12.98;13.13;10112905;132287776.00
20140103;13.07;13.29;13.04;13.16;14745778;193932240.00
20140106;13.10;13.39;12.76;13.37;19171533;252344480.00
20140107;13.11;13.31;12.76;12.96;15954528;207838272.00
20140108;12.91;13.50;12.87;13.08;15295423;201555984.00
20140109;12.98;13.23;12.52;12.66;17172583;220943184.00
20140110;12.49;12.60;11.87;12.05;16056836;194427248.00
20140113;12.05;12.09;11.76;11.83;7540993;89724288.00
20140114;11.80;12.10;11.80;12.02;6602633;79077512.00
20140115;12.01;12.07;11.80;12.04;6799813;81229112.00
20140116;12.00;12.24;11.93;12.06;7910718;95735944.00
20140117;12.00;12.18;11.81;11.95;5223900;62599208.00
20140120;11.86;12.13;11.85;12.00;5469079;65705580.00
20140121;12.03;12.33;12.03;12.20;7741008;94596144.00
20140122;12.20;12.48;12.17;12.45;9773722;120855912.00
20140123;12.37;12.49;12.30;12.38;7784603;96381696.00
20140124;12.36;12.65;12.30;12.51;9548218;119474360.00
20140127;12.41;12.46;12.14;12.15;8470001;104023200.00
20140128;12.20;12.41;12.18;12.24;5241412;64339440.00
20140129;12.25;12.43;12.25;12.34;6112687;75538208.00
20140130;12.32;12.48;12.25;12.27;6131420;75790328.00
20140207;12.26;12.37;12.01;12.34;8162718;99409544.00
20140210;12.34;12.68;12.33;12.63;11830865;148644128.00
20140211;12.55;12.96;12.54;12.64;14575378;185552704.00
20140212;12.72;12.86;12.53;12.64;10110957;128070720.00
20140213;12.59;12.85;12.54;12.63;12662020;160596128.00
20140214;12.63;12.75;12.53;12.71;8861794;112136160.00
20140217;12.78;12.84;12.69;12.76;13101027;166972640.00
20140218;12.73;12.79;12.32;12.37;14516434;181520560.00
20140219;12.32;12.57;12.16;12.43;11316832;139843456.00
20140220;12.51;12.73;12.20;12.22;13873611;173632384.00
20140221;12.20;12.27;11.85;11.88;11732074;141317680.00
20140224;11.80;11.81;11.59;11.75;10139176;118451424.00
20140225;11.78;11.85;11.25;11.29;9061946;105076480.00
20140226;11.29;11.48;11.23;11.46;6547498;74413976.00
20140227;11.51;11.58;11.28;11.28;7576922;86999456.00
20140228;11.29;11.92;11.25;11.76;12209575;141995456.00
20140303;11.72;11.80;11.60;11.72;7695854;90014944.00
20140304;11.88;11.96;11.65;11.79;7857470;92422144.00
20140305;11.79;11.83;11.50;11.52;6734800;78552632.00
20140306;11.50;11.71;11.33;11.59;7409953;85704208.00
20140307;11.59;11.82;11.48;11.51;6132299;71402576.00
20140310;11.44;11.47;11.10;11.12;6021197;67880392.00
20140311;11.11;11.32;11.08;11.22;3978456;44493240.00
20140312;11.20;11.31;10.95;11.14;5122492;57087696.00
20140313;11.19;11.45;11.13;11.29;6091743;68946344.00
20140314;11.20;11.45;11.16;11.23;5227458;58898404.00
20140317;11.22;11.37;11.17;11.36;3835781;43262120.00
20140318;11.36;11.50;11.32;11.41;5281382;60167128.00
20140319;11.35;11.36;11.23;11.29;3853496;43421036.00
20140320;11.24;11.38;10.95;10.96;5550500;61945192.00
20140321;10.92;11.52;10.91;11.45;11357584;128212064.00
20140324;11.41;11.76;11.33;11.60;11852981;136711520.00
20140325;11.51;11.69;11.48;11.54;6801507;78867328.00
20140326;11.67;11.75;11.45;11.48;5252504;60719308.00
20140327;11.47;11.59;11.27;11.36;7124217;81540472.00
20140328;11.35;11.43;11.14;11.18;5378509;60671448.00
20140331;11.24;11.27;11.04;11.16;3435230;38399088.00
20140401;11.17;11.45;11.17;11.40;5575028;63421032.00
20140402;11.46;11.50;11.33;11.42;4846012;55319772.00
20140403;11.49;11.71;11.37;11.40;7798342;89971792.00
20140404;11.33;11.52;11.25;11.51;5866873;66959880.00
20140408;11.45;11.79;11.42;11.69;10366116;120678000.00
20140409;11.70;11.73;11.56;11.63;6327981;73615784.00
20140410;11.68;12.08;11.60;11.90;17062044;202325424.00
20140411;11.89;11.97;11.74;11.79;8866377;104771776.00
20140414;11.71;11.83;11.67;11.75;4743265;55676408.00
20140415;11.72;11.74;11.53;11.57;5385695;62571956.00
20140416;11.53;11.85;11.53;11.66;4703983;54992668.00
20140417;11.69;11.83;11.58;11.68;4684300;54884684.00
20140418;11.63;11.84;11.58;11.80;6098419;71666792.00
20140421;11.74;11.95;11.59;11.59;7589252;89387216.00
20140422;11.55;11.63;11.38;11.61;5264922;60680216.00
20140423;11.55;11.74;11.52;11.68;5134011;59810852.00
20140424;11.66;11.77;11.52;11.56;5399931;62837892.00
20140425;11.45;11.53;11.13;11.16;9526290;107122016.00
20140428;11.16;11.20;10.96;10.99;4948385;54634780.00
20140429;11.00;11.22;10.97;11.16;4330586;47974140.00
20140430;11.16;11.17;11.09;11.15;2665817;29691518.00
20140505;11.11;11.28;11.00;11.25;3858884;42920636.00
20140506;11.18;11.31;11.17;11.22;3928728;44154456.00
20140507;11.18;11.29;11.14;11.14;3417915;38299388.00
20140508;11.11;11.43;11.07;11.23;5256233;59249140.00
20140509;11.27;11.32;11.13;11.30;4515634;50771620.00
20140512;11.58;11.94;11.35;11.70;12628994;147330528.00
20140513;11.64;11.75;11.52;11.57;6045978;70238624.00
20140514;11.63;11.68;11.53;11.55;4074751;47246568.00
20140515;11.59;11.59;11.26;11.27;4618601;52645492.00
20140516;11.25;11.33;11.11;11.14;4359698;48848236.00
20140519;11.17;11.18;10.99;11.05;3977651;43989656.00
20140520;11.13;11.19;11.03;11.07;3494430;38737760.00
20140521;11.05;11.22;10.96;11.20;3759630;41857888.00
20140522;11.22;11.31;11.10;11.12;3989278;44760564.00
20140523;11.11;11.21;11.06;11.19;2910804;32450364.00
20140526;11.25;11.28;11.15;11.22;3084816;34536484.00
20140527;11.22;11.24;11.10;11.10;2823930;31524344.00
20140528;11.14;11.31;11.07;11.28;6786500;76088104.00
20140529;11.27;11.27;11.07;11.08;5107812;56997216.00
20140530;11.09;11.18;11.06;11.10;3653807;40625836.00
20140603;11.11;11.21;11.08;11.10;2558670;28471392.00
20140604;11.08;11.10;10.96;11.00;3936339;43343640.00
20140605;11.03;11.10;10.96;11.10;4294955;47362720.00
20140606;11.11;11.12;10.91;10.96;4227359;46479892.00
20140609;10.91;11.05;10.91;10.92;2611043;28627120.00
20140610;10.99;11.11;10.94;11.09;4526106;50021980.00
20140611;11.04;11.07;10.97;11.02;2887385;31810296.00
20140612;10.97;11.04;10.94;10.95;3101116;34075312.00
20140613;10.92;11.10;10.84;11.02;5673912;62403692.00
20140616;11.02;11.09;11.00;11.07;4906403;54207700.00
20140617;11.04;11.05;10.92;10.93;3815419;41903424.00
20140618;10.93;10.99;10.82;10.83;4811379;52333012.00
20140619;10.85;10.91;10.50;10.56;4779770;51132676.00
20140627;10.74;10.80;10.55;10.70;6808592;72597424.00
20140630;10.68;10.87;10.67;10.80;6327885;68157984.00
20140701;10.79;10.84;10.73;10.80;4973647;53636008.00
20140702;10.80;10.91;10.77;10.88;4569287;49562848.00
20140703;10.88;10.92;10.80;10.88;4991233;54237836.00
20140704;10.90;10.92;10.77;10.77;3977420;43057616.00
20140707;10.78;10.86;10.70;10.76;3334085;35909364.00
20140708;10.78;10.87;10.74;10.85;5003676;54118476.00
20140709;10.83;10.86;10.63;10.64;5259060;56551172.00
20140710;10.69;10.70;10.63;10.66;3343896;35661488.00
20140711;10.68;10.81;10.61;10.67;7493075;80200328.00
20140714;10.66;10.85;10.64;10.84;7782769;83658976.00
20140715;10.84;11.05;10.76;11.04;11329008;123287528.00
20140716;11.05;11.27;10.90;11.03;14373373;158987760.00
20140717;10.98;11.10;10.87;11.04;8895989;97887072.00
20140718;11.04;11.27;10.91;11.20;17534687;195249376.00
20140721;11.18;11.18;10.98;11.12;8105194;89900368.00
20140722;11.14;11.26;11.07;11.16;17530945;195831408.00
20140723;11.14;11.28;11.05;11.08;13388850;149454544.00
20140724;11.08;11.49;11.07;11.36;19871958;225025344.00
20140725;11.31;11.48;11.23;11.41;12998924;147508656.00
20140728;11.58;12.26;11.45;11.83;36470734;432229088.00
20140729;11.70;11.90;11.65;11.69;20348182;238765856.00
20140730;11.70;11.88;11.63;11.72;15102369;177357264.00
20140731;11.74;11.84;11.67;11.84;11266809;132602888.00
20140801;11.78;11.87;11.54;11.56;13505637;158173472.00
20140804;11.66;11.97;11.58;11.95;19713425;233271424.00
20140805;11.93;12.04;11.81;11.90;14009752;166746864.00
20140806;11.86;12.02;11.77;11.91;15388455;183161824.00
20140807;12.00;12.18;11.82;11.82;18017173;216532368.00
20140808;11.85;11.95;11.69;11.75;11181627;132039584.00
20140811;11.78;12.04;11.78;11.94;10603852;126605112.00
20140812;11.98;11.99;11.81;11.93;10748918;127783680.00
20140813;11.94;12.10;11.88;11.99;11975233;143298272.00
20140814;11.96;12.15;11.88;11.91;14635886;176252080.00
20140815;11.92;12.39;11.90;12.33;25728183;314116032.00
20140818;12.36;12.44;12.15;12.24;16563294;203200128.00
20140819;12.25;12.30;12.00;12.15;14580303;177105728.00
20140820;12.14;12.30;12.07;12.18;11493741;140420672.00
20140821;12.18;12.24;11.90;11.99;10351984;124449912.00
20140822;11.99;12.18;11.95;12.12;9619772;115899592.00
20140825;12.16;12.18;11.83;11.85;9951525;119427704.00
20140826;11.82;11.92;11.54;11.61;9267848;108544920.00
20140827;11.61;11.73;11.56;11.62;6501716;75662960.00
20140828;11.61;11.72;11.44;11.53;7711829;89189032.00
20140829;11.56;11.66;11.51;11.65;5232195;60665880.00
20140901;11.66;11.79;11.63;11.74;7546252;88476184.00
20140902;11.75;11.97;11.70;11.96;13695845;162285776.00
20140903;11.95;12.05;11.91;11.95;11954087;143148128.00
20140904;11.98;12.17;11.94;12.15;12963209;156506624.00
20140905;12.25;12.36;12.08;12.24;17001244;207741392.00
20140909;12.28;12.29;12.10;12.19;9518323;115964832.00
20140910;12.15;12.17;12.03;12.10;8726205;105494088.00
20140911;12.08;12.40;12.05;12.08;16809433;204878608.00
20140912;12.07;12.18;11.98;12.18;7872643;95253952.00
20140915;12.17;12.30;12.09;12.23;12119296;147630640.00
20140916;12.23;12.28;11.85;11.85;16086446;194668112.00
20140917;11.88;12.00;11.77;11.87;8289939;98443976.00
20140918;11.85;12.15;11.80;12.08;11580574;138927088.00
20140919;12.15;12.17;12.00;12.12;9563129;115734848.00
20140922;12.14;12.38;12.13;12.17;23733813;290648960.00
20140923;12.18;13.35;12.15;12.80;44062921;561152000.00
20140924;12.67;14.08;12.60;14.08;60076934;812853632.00
20140925;14.84;15.49;14.77;15.15;109441657;1655330048.00
20140926;14.89;15.19;14.81;14.94;49319169;738089600.00
20140929;15.10;15.30;14.76;14.91;51000375;764036416.00
20140930;15.00;15.05;14.40;14.55;38488590;562009920.00
20141008;14.54;14.94;14.32;14.78;34593181;506069920.00
20141009;14.72;14.72;14.36;14.56;25962359;377203008.00
20141010;14.45;14.88;14.38;14.63;28216694;412770976.00
20141013;14.47;14.87;14.32;14.79;25462570;372680736.00
20141014;14.76;14.93;14.30;14.49;25212728;369590336.00
20141015;14.48;15.40;14.32;15.02;46811588;701604096.00
20141016;14.84;15.19;14.49;14.49;32194061;476972064.00
20141017;14.48;14.80;14.08;14.68;26779831;388324256.00
20141020;14.58;14.88;14.45;14.67;19010424;279016448.00
20141021;14.68;15.09;14.56;14.62;26293295;390174432.00
20141022;14.62;15.05;14.45;14.63;26828343;396543424.00
20141023;14.50;15.30;14.45;15.04;39153101;584430144.00
20141024;14.99;15.11;14.69;14.79;21607597;321666624.00
20141027;14.30;14.32;13.45;13.55;32419200;450426528.00
20141028;13.69;14.28;13.60;14.15;28957544;403512704.00
20141029;14.18;15.22;14.03;14.85;40205886;588619008.00
20141030;14.71;15.28;14.66;15.16;34717623;522567712.00
20141031;15.30;16.38;15.28;15.76;59511939;946329600.00
20141103;15.80;16.13;15.50;15.62;39791527;628846464.00
20141104;15.51;16.35;15.46;16.13;43218518;692860800.00
20141105;16.06;17.02;15.83;16.49;44165427;727445056.00
20141106;16.39;16.84;16.25;16.58;28542458;472714080.00
20141107;16.69;17.99;16.60;16.91;46645154;803579712.00
20141110;17.30;17.75;16.43;17.50;41589656;716384704.00
20141111;17.61;18.35;16.51;16.98;51568464;898947712.00
20141112;16.80;17.70;16.51;17.70;33460723;572364224.00
20141113;17.70;18.15;17.33;17.44;40070625;709720896.00
20141114;17.12;17.33;16.65;16.82;22039268;372917504.00
20141117;17.13;17.24;16.29;16.68;25949488;436000896.00
20141118;16.55;16.87;16.30;16.55;17063188;282961248.00
20141119;16.48;16.93;16.41;16.68;16640978;279071296.00
20141120;16.60;17.53;16.55;17.39;29417885;507253280.00
20141121;17.38;18.88;17.10;18.68;45040009;812213568.00
20141124;19.28;20.26;19.01;19.62;54651386;1073978880.00
20141125;19.60;20.03;19.31;19.52;28748612;563826688.00
20141126;19.80;20.98;19.70;20.15;36268658;734648320.00
20141127;20.35;21.49;19.73;21.11;51642230;1062271552.00
20141128;20.85;21.46;20.30;20.94;41235851;861538496.00
20141201;21.02;21.80;20.23;20.78;39244690;826540352.00
20141202;20.53;22.86;20.36;22.86;49144530;1085078272.00
20141203;23.60;25.15;23.02;24.69;71838145;1752136704.00
20141204;24.11;27.16;23.80;27.16;50167847;1291128576.00
20141205;28.58;29.88;27.06;29.88;72038244;2103933056.00
20141208;29.88;32.87;29.00;32.87;59217924;1874341248.00
20141209;33.00;36.16;29.58;30.82;81466623;2813656576.00
20141210;32.44;33.90;30.85;33.90;109683130;3630990336.00
20141211;33.00;33.50;30.51;30.51;101849666;3233376512.00
20141212;29.00;32.85;28.81;30.31;70019033;2155438848.00
20141215;30.00;31.16;28.88;30.67;42137290;1260347264.00
20141216;30.80;33.74;30.59;33.74;71876240;2326382336.00
20141217;34.70;35.90;32.15;34.86;79006487;2725340160.00
20141218;33.81;33.99;31.40;31.45;47173142;1541653248.00
20141219;31.41;32.10;28.96;30.15;41761260;1275675648.00
20141222;29.40;30.65;28.01;29.28;35574118;1044927808.00
20141223;29.10;30.18;28.72;29.01;24290994;717607360.00
20141224;29.40;29.87;26.50;27.21;38543367;1083733760.00
20141225;27.33;29.93;27.10;29.93;57783361;1684994176.00
20141226;29.89;32.92;29.65;32.92;71417993;2276851712.00
20141229;34.00;35.48;32.81;33.90;80643613;2743661824.00
20141230;33.90;37.29;33.50;37.29;89115367;3218068992.00
20141231;36.99;40.80;36.70;37.45;88970617;3425433088.00
20150105;37.00;39.41;36.20;37.71;76374660;2902939136.00
20150106;36.30;37.20;34.42;35.80;73107866;2627899136.00
20150107;35.60;38.00;35.35;35.80;60812940;2222879232.00
20150108;35.59;37.70;33.69;36.27;77357193;2767288320.00
20150109;35.55;37.98;35.00;35.01;76893987;2823690240.00
20150112;34.58;35.65;33.66;34.26;39221291;1356998528.00
20150113;34.00;35.28;33.70;35.15;40530306;1399120256.00
20150114;35.00;35.53;34.21;34.52;33993848;1185483136.00
20150115;34.30;35.88;33.40;35.30;45549722;1581706752.00
20150116;35.11;35.40;34.02;34.54;38620214;1339399552.00
20150119;31.09;31.44;31.09;31.09;13089224;407347584.00
20150120;28.40;29.89;28.30;28.94;60175886;1743814272.00
20150121;29.59;31.58;29.30;30.98;53787018;1621514880.00
20150122;30.72;31.00;29.94;30.75;31514674;962479168.00
20150123;30.80;32.90;30.80;31.67;44829021;1438349824.00
20150126;32.22;32.66;31.39;31.77;25845029;824136832.00
20150127;31.50;31.69;30.41;30.98;30159358;936072128.00
20150128;30.90;31.96;30.50;31.08;26213898;821382144.00
20150129;29.87;30.48;29.25;29.88;25664863;767395136.00
20150130;30.02;30.30;28.99;29.00;20015690;591711488.00
20150202;28.20;29.17;27.53;28.58;21001677;595076160.00
20150203;29.15;30.03;28.71;29.87;25076604;735415296.00
20150204;29.75;30.40;28.72;28.87;24858218;739713472.00
20150205;30.00;30.00;28.62;28.74;24307667;716053824.00
20150206;28.58;29.69;28.40;29.15;20809792;607024512.00
20150209;29.34;32.07;29.34;32.07;47963279;1498787328.00
20150210;33.00;34.99;32.62;34.48;76387758;2589524736.00
20150211;34.20;35.12;33.66;35.09;48449445;1658679296.00
20150212;34.88;34.99;34.00;34.42;33876398;1171089792.00
20150213;34.70;34.98;33.61;33.70;39149156;1341557248.00
20150216;33.42;36.00;33.42;35.20;49305654;1715420160.00
20150217;35.05;36.48;34.70;34.97;42538951;1512306816.00
20150225;34.88;34.95;33.45;33.76;22271125;757711872.00
20150226;33.62;37.14;33.33;37.14;65938433;2388497408.00
20150227;37.48;38.68;36.65;37.00;67226851;2534779648.00
20150302;38.25;39.50;37.20;37.45;57573365;2198755328.00
20150303;37.15;37.48;35.36;35.39;48129911;1739233280.00
20150304;34.99;35.89;34.66;35.10;36078006;1268879872.00
20150305;34.80;36.78;34.71;35.65;37905801;1358789248.00
20150306;35.00;36.38;34.70;34.75;27992846;989655872.00
20150309;33.33;34.74;32.09;34.21;35459291;1174384256.00
20150310;33.91;36.10;33.76;35.01;32263173;1124993536.00
20150311;35.01;36.70;34.90;35.66;36116901;1297905920.00
20150312;35.80;36.96;34.82;36.07;37761937;1357845888.00
20150313;36.60;37.20;35.42;35.77;32867455;1192817792.00
20150316;35.93;36.65;34.90;36.31;34577991;1241680640.00
20150317;36.75;37.50;36.01;37.04;48709484;1792966400.00
20150318;37.28;37.60;36.55;37.09;38867948;1440592256.00
20150319;36.87;37.15;36.35;36.41;30034175;1102945536.00
20150320;36.42;40.05;36.40;40.05;81723955;3175237888.00
20150323;40.88;44.06;40.07;44.06;85745340;3586277120.00
20150324;44.94;48.18;43.50;46.21;84515165;3851499776.00
20150325;46.20;48.32;44.40;44.50;70257796;3228577280.00
20150326;43.99;46.30;43.03;44.88;58071375;2607470848.00
20150327;44.10;45.58;43.45;44.16;34463183;1537812992.00
20150330;44.03;46.68;43.80;45.59;45913472;2087016320.00
20150331;46.00;48.88;43.88;44.90;55279850;2574282240.00
20150401;44.50;46.50;44.50;45.99;37345614;1695705600.00
20150402;46.00;46.46;44.61;45.49;30930867;1404963456.00
20150403;44.85;46.60;44.66;45.91;38938431;1785574016.00
20150407;46.00;46.91;45.31;46.56;42729774;1967275136.00
20150408;46.56;51.22;46.01;51.22;61884911;3073422080.00
20150409;54.29;56.34;51.22;51.81;87075072;4740048896.00
20150410;51.25;56.99;50.01;56.99;64089066;3455035904.00
20150413;60.10;62.69;58.15;62.69;64508033;3893520384.00
20150414;62.69;68.89;59.60;64.60;76444010;4925048832.00
20150415;63.00;66.80;59.80;59.80;51415957;3264354816.00
20150416;57.73;62.91;57.31;59.50;46224675;2773263616.00
20150417;59.35;60.98;58.11;59.10;41313089;2464985600.00
20150420;59.30;59.30;55.00;56.30;40106467;2306111744.00
20150421;57.00;61.93;57.00;61.93;37576567;2259322880.00
20150422;65.00;68.12;63.21;68.12;51279343;3374501888.00
20150423;70.80;74.50;66.10;67.69;78134173;5503874048.00
20150424;66.20;69.98;65.11;67.44;57435794;3866622720.00
20150427;66.98;68.85;65.42;66.06;39839927;2656126208.00
20150428;65.92;66.50;63.35;64.07;43223824;2801522432.00
20150429;63.00;68.50;60.00;66.54;49599025;3176024064.00
20150430;66.78;67.47;63.31;63.40;34063363;2229758976.00
20150504;62.30;65.53;61.60;63.42;23424834;1493233408.00
20150505;62.80;67.48;62.60;64.10;42541667;2782702080.00
20150506;64.17;67.42;63.23;65.23;39287464;2572311552.00
20150507;64.90;70.40;64.00;68.28;50138960;3369939712.00
20150508;68.00;68.65;64.16;66.52;44703761;2953710848.00
20150511;67.00;69.20;66.00;68.99;48199690;3271418112.00
20150512;68.32;73.60;67.00;70.05;56414658;3977534720.00
20150513;69.23;69.50;66.92;66.96;37605466;2555592448.00
20150514;67.00;68.85;65.58;66.08;27889927;1861340416.00
20150515;65.61;65.61;62.31;63.14;29434221;1883086464.00
20150518;62.01;65.40;61.51;63.14;24146172;1539463168.00
20150519;63.15;69.45;63.00;68.68;62955455;4251308800.00
20150520;67.67;67.96;65.56;66.30;45326594;3017535488.00
20150521;65.61;66.70;64.61;65.72;30016010;1969301120.00
20150522;66.71;69.45;65.94;67.51;52401126;3553166848.00
20150525;67.51;70.33;67.51;68.36;53441768;3677216256.00
20150526;68.37;69.77;66.45;68.94;49942364;3393961984.00
20150527;69.28;75.58;68.51;71.85;64924437;4698017280.00
20150528;70.99;72.35;64.67;64.67;49932808;3446210304.00
20150529;63.52;65.90;61.67;62.74;36989361;2364421376.00
20150601;62.70;66.78;62.51;65.90;32896220;2123212032.00
20150602;65.40;66.69;64.52;65.86;26460414;1727867904.00
20150603;66.48;69.47;66.00;67.32;31093485;2101843072.00
20150604;69.00;73.55;67.44;72.01;60657806;4270461696.00
20150605;74.90;75.26;69.41;70.84;46569594;3358418944.00
20150608;71.00;77.92;70.00;77.92;57553760;4323916800.00
20150609;80.60;82.97;77.08;79.50;61345868;4949343744.00
20150610;77.90;78.77;74.68;76.40;49248162;3764460544.00
20150611;75.50;76.40;72.76;74.22;40931766;3039794944.00
20150612;36.50;39.26;36.50;36.58;108093988;4081686528.00
20150615;37.20;38.15;34.31;34.39;96844354;3501306880.00
20150616;33.31;35.30;31.60;32.40;79856894;2674758912.00
20150617;32.40;32.90;30.50;32.34;72437689;2297283328.00
20150618;32.00;32.00;29.15;29.36;72802962;2240453888.00
20150619;28.53;31.26;28.01;28.55;84755999;2542721280.00
20150623;28.88;31.41;28.28;31.15;88062150;2633170432.00
20150624;31.42;31.43;30.10;31.22;80583996;2475720704.00
20150625;31.00;31.55;29.08;29.62;67302314;2061826048.00
20150626;28.65;30.52;26.66;26.66;79461828;2255927552.00
20150629;27.81;27.95;23.99;25.79;101017703;2649514496.00
20150630;26.00;28.37;24.70;28.37;95886006;2594141440.00
20150701;28.58;30.12;28.01;28.60;122936090;3588774656.00
20150702;29.90;30.79;28.30;29.90;134494461;4009130496.00
20150703;28.80;32.56;28.30;31.10;147175029;4495830528.00
20150706;34.21;34.21;31.10;33.37;142294790;4685763584.00
20150707;32.00;33.30;30.03;30.03;135023715;4143525120.00
20150708;27.03;27.50;27.03;27.03;170931857;4624057344.00
20150709;27.03;29.73;24.33;29.73;83845971;2369021440.00
20150710;30.01;32.70;29.75;32.70;96931090;3118355456.00
20150713;32.75;35.20;31.00;33.71;124648296;4125644032.00
20150714;32.12;33.98;31.01;31.33;90189442;2922585856.00
20150715;30.51;32.48;29.08;29.13;70683161;2182285824.00
20150716;27.00;30.35;27.00;28.90;51133673;1480338944.00
20150717;29.30;31.47;28.60;30.77;56985482;1701124224.00
20150720;30.78;31.47;29.50;30.00;56126849;1701846016.00
20150721;29.32;31.20;28.80;30.13;68082337;2043489024.00
20150722;29.55;30.14;28.90;29.09;45570333;1339176704.00
20150723;29.30;30.77;29.30;29.95;60239722;1815381888.00
20150724;29.96;30.27;28.60;28.80;55242166;1629540480.00
20150727;28.01;28.59;25.92;25.92;51111949;1401659008.00
20150728;25.04;27.59;23.33;26.96;74704514;1930659456.00
20150729;26.80;27.00;25.52;26.80;40510537;1067950208.00
20150730;26.38;27.30;24.75;25.35;35670061;940395648.00
20150731;24.90;25.75;23.80;24.37;32081356;801438464.00
20150803;23.85;24.72;22.93;23.11;28956952;683901376.00
20150804;23.42;24.40;23.01;24.31;32975929;785417664.00
20150805;24.20;24.44;23.46;23.59;28826889;690779328.00
20150806;23.10;23.40;22.60;22.63;26740227;613978688.00
20150807;23.01;23.37;22.71;23.12;30826026;711023616.00
20150810;23.30;25.43;22.98;25.43;70232681;1701894144.00
20150811;25.43;25.47;24.71;24.93;54964626;1382081408.00
20150812;24.45;26.15;24.21;24.99;51272500;1294330880.00
20150813;25.00;25.66;24.58;25.30;37107335;933992768.00
20150814;25.65;25.98;25.10;25.32;43589552;1107552512.00
20150817;25.00;25.10;24.47;24.68;32031248;791187968.00
20150818;25.15;26.65;22.81;23.48;72366278;1835952128.00
20150819;22.70;24.01;21.85;23.73;45326814;1050796800.00
20150820;23.12;23.59;22.41;22.48;28924493;664796160.00
20150821;22.25;23.20;21.51;21.70;36117085;813765056.00
20150824;20.30;21.45;19.53;19.53;30779850;609907648.00
20150825;17.58;18.09;17.58;17.58;30333841;535190816.00
20150826;17.11;18.30;15.82;15.82;62874859;1057588992.00
20150827;15.90;16.83;14.30;16.80;68050005;1078285568.00
20150828;16.64;17.95;16.19;17.42;71181274;1194006528.00
20150831;17.13;17.15;15.73;16.51;57499866;941376256.00
20150901;16.08;17.35;15.15;17.32;79996108;1338245632.00
20150902;16.20;17.85;16.00;17.58;68217887;1177930112.00
20150907;17.60;18.55;17.00;17.03;31711512;562341952.00
20150908;16.59;17.90;16.01;17.79;28807104;488013344.00
20150909;17.80;18.67;17.50;18.15;41064767;743371456.00
20150910;17.70;17.91;17.00;17.14;24942493;437824672.00
20150911;17.14;17.56;16.94;17.03;15429306;265495808.00
20150914;16.88;17.11;15.33;15.33;31677926;500367648.00
20150915;14.65;15.24;13.80;13.80;28049890;401152480.00
20150916;13.90;15.18;13.29;14.91;31057419;444324992.00
20150917;14.58;15.11;14.08;14.14;27480935;403777568.00
20150918;14.31;14.35;13.86;14.16;14747210;208553216.00
20150921;13.92;14.87;13.78;14.72;21194828;305720416.00
20150922;14.75;16.19;14.68;16.19;66748351;1064764416.00
20150923;15.45;15.98;15.40;15.60;40405420;633697088.00
20150924;15.77;16.09;15.49;15.75;26025411;410412160.00
20150925;15.61;15.94;14.71;14.92;23993728;367355104.00
20150928;15.15;15.33;14.70;15.26;15275742;230871952.00
20150929;14.93;16.75;14.60;15.93;38631657;609823936.00
20150930;15.70;16.70;15.61;16.19;45042447;732814272.00
20151008;17.26;17.26;16.57;16.70;41233495;696480064.00
20151009;16.51;17.20;16.40;16.99;33607081;567269312.00
20151012;16.99;18.48;16.81;18.05;48500119;859754240.00
20151013;17.65;18.26;17.57;17.81;32018852;571710336.00
20151014;17.65;18.10;17.21;17.23;36046545;634906496.00
20151015;17.05;17.74;17.02;17.72;35047893;612009728.00
20151016;18.00;18.66;17.90;18.33;56696060;1039722368.00
20151019;18.40;20.16;18.40;20.16;101147194;2013811712.00
20151020;20.16;21.38;19.76;21.20;89323218;1819652096.00
20151021;21.18;21.18;19.08;19.40;73139659;1487755392.00
20151022;19.15;20.41;19.01;20.22;48109356;950203328.00
20151023;20.13;20.53;19.55;20.19;58328122;1176859008.00
20151026;20.40;22.21;20.29;21.45;91981642;1989603840.00
20151027;20.82;21.44;19.37;21.10;61727824;1260630784.00
20151028;20.67;20.98;19.79;19.95;41084464;838126976.00
20151029;20.25;20.48;19.95;20.10;28457282;575588672.00
20151030;19.92;22.11;19.51;21.38;108460311;2336635136.00
20151102;20.10;21.40;19.48;20.30;59740964;1236122752.00
20151103;20.30;21.73;20.30;21.19;66096548;1394552320.00
20151104;21.53;23.31;21.31;23.31;95403028;2181321728.00
20151105;25.00;25.64;24.65;25.64;43152420;1095432448.00
20151106;26.50;28.20;26.01;28.20;138638906;3798069760.00
20151109;29.03;31.02;29.01;30.58;172741111;5262882816.00
20151110;29.50;33.64;29.42;33.18;169335029;5387402240.00
20151111;32.28;36.50;31.58;36.50;149664725;5019853312.00
20151112;35.73;40.00;35.70;37.60;182651133;6877317120.00
20151113;36.99;40.55;36.99;39.40;154279612;5996882944.00
20151116;38.09;40.49;37.70;39.40;109048196;4244044544.00
20151117;39.59;43.34;39.59;40.85;185692146;7792353280.00
20151118;40.70;40.70;36.77;37.11;168684248;6486050304.00
20151119;37.54;39.85;37.15;39.81;122962121;4730453504.00
20151120;39.38;39.50;37.58;38.46;108771858;4175470336.00
20151123;38.50;40.10;36.56;37.70;100104750;3825579520.00
20151124;37.30;39.80;36.91;38.63;100978371;3893435136.00
20151125;38.00;39.20;37.60;38.64;84480622;3235222272.00
20151126;39.05;40.20;37.49;37.75;105058680;4069498112.00
20151127;36.65;37.19;33.98;33.99;105735063;3758328064.00
20151130;34.33;36.54;33.20;35.84;104773891;3644906752.00
20151201;35.40;35.40;33.79;34.44;71060032;2455992576.00
20151202;34.44;36.84;33.81;36.43;101299765;3601368832.00
20151203;35.77;36.79;34.88;35.60;81619730;2915814144.00
20151204;35.01;35.43;34.15;34.43;59961807;2077619072.00
20151207;34.02;34.98;32.91;34.41;66271105;2246337536.00
20151208;34.00;35.55;33.71;34.15;69802058;2432263680.00
20151209;33.71;35.73;33.52;35.00;76464378;2677856512.00
20151210;35.30;38.00;35.20;35.63;116556602;4273962752.00
20151211;34.70;37.40;34.05;36.05;99062479;3526317312.00
20151214;35.09;39.66;34.90;39.66;140701104;5295587328.00
20151215;40.00;40.52;38.24;38.35;133027208;5223117312.00
20151216;38.43;39.35;37.51;37.87;86221070;3303827200.00
20151217;38.25;39.30;37.50;37.86;112221604;4288150784.00
20151218;37.66;38.18;37.00;37.35;74590586;2792719104.00
20151221;37.19;38.20;35.98;36.78;90241603;3374146816.00
20151222;36.80;37.29;36.35;37.05;58214125;2145127040.00
20151223;37.15;38.49;36.80;37.16;132272047;4978696704.00
20151224;36.20;36.52;34.23;34.63;93894534;3303520256.00
20151225;34.63;34.80;33.44;34.12;55861782;1909690496.00
20151228;34.72;35.21;33.83;34.01;54373618;1876779008.00
20151229;33.99;34.99;33.89;34.55;43905834;1518237696.00
20151230;34.56;34.64;33.89;34.10;44171634;1506243072.00
20151231;34.20;34.35;32.90;32.91;58817088;1969176576.00
20160104;32.00;32.39;29.62;29.62;46116397;1419522432.00
20160105;27.89;30.30;26.99;29.76;68918956;1974184704.00
20160106;29.40;30.48;28.80;29.81;56736321;1674400256.00
20160107;29.01;29.12;26.83;26.94;16875451;468966592.00
20160108;27.85;29.63;25.26;28.40;88514369;2485191424.00
20160111;26.98;27.49;25.56;25.56;62754645;1674802176.00
20160112;25.99;27.35;25.99;26.42;69486200;1855111040.00
20160113;26.72;28.45;26.01;27.29;98868439;2699714304.00
20160114;25.90;28.50;25.61;28.45;97823590;2725378816.00
20160115;27.98;28.39;26.88;27.41;77249829;2135168640.00
20160118;26.82;28.00;26.82;27.32;52964205;1455055488.00
20160119;27.36;29.95;27.18;29.19;102674462;2948043264.00
20160120;28.51;29.07;28.19;28.55;79206654;2270283776.00
20160121;27.20;28.24;25.70;25.71;91458452;2485639424.00
20160122;25.92;26.20;24.31;25.13;66604381;1677396352.00
20160125;25.06;25.49;24.70;25.01;42552922;1067224320.00
20160126;24.73;25.90;23.64;24.02;79752937;1993829760.00
20160127;24.05;24.56;22.60;24.17;69410972;1658728832.00
20160128;23.85;24.75;23.00;23.16;60055525;1442291200.00
20160129;23.18;24.58;22.98;24.15;70643395;1701754752.00
20160201;23.90;24.10;22.37;22.87;45450554;1057846144.00
20160202;22.94;23.68;22.94;23.38;41994965;982910336.00
20160203;22.50;22.84;22.01;22.71;49757347;1119457024.00
20160204;22.95;23.70;22.68;23.35;63121675;1458394624.00
20160205;23.19;23.22;22.35;22.38;41062549;937239680.00
20160215;21.21;22.09;21.11;21.89;29233484;632813056.00
20160216;22.45;23.85;22.30;23.43;67615309;1573381376.00
20160217;23.19;23.93;23.03;23.72;64007129;1506220800.00
20160218;24.01;24.51;23.11;23.20;74915366;1782368896.00
20160219;23.10;23.49;22.80;23.18;50644663;1171871232.00
20160222;23.55;24.99;23.20;24.41;93376772;2250002688.00
20160223;24.26;24.27;23.49;23.82;55618976;1328013568.00
20160224;23.62;24.10;23.11;23.99;52034911;1231601408.00
20160225;24.00;24.05;21.59;21.59;66028392;1497371392.00
20160226;21.65;21.87;20.00;20.74;56381255;1188104832.00
20160229;20.39;20.44;18.67;19.22;54689136;1047397248.00
20160301;19.22;21.00;18.53;20.26;64404587;1269590400.00
20160302;19.90;21.60;19.82;21.26;76770065;1591475840.00
20160303;21.08;21.58;20.78;20.81;63315836;1337211392.00
20160304;20.94;21.46;20.33;20.71;68964749;1449431680.00
20160307;20.90;21.55;20.81;21.00;48554063;1026166272.00
20160308;20.86;20.86;19.48;20.64;47441844;955634048.00
20160309;20.00;21.58;19.70;20.60;57764645;1201060224.00
20160310;20.40;20.85;19.80;19.88;41131477;834018752.00
20160311;19.50;20.68;19.50;20.13;46496046;937577536.00
20160314;20.65;21.21;20.26;20.50;83590964;1735509760.00
20160315;20.37;20.43;19.91;20.06;45202470;909608512.00
20160316;20.02;20.47;19.71;19.84;39418598;789713408.00
20160317;19.99;20.98;19.79;20.58;75312533;1537720960.00
20160318;20.76;22.64;20.56;22.64;142573725;3119949568.00
20160321;24.50;24.90;24.01;24.90;58289031;1438147584.00
20160322;26.90;27.39;26.04;26.60;282369726;7578234880.00
20160323;26.13;29.26;25.67;29.26;221903551;5973597184.00
20160324;27.93;30.37;27.76;28.37;236645388;6876386816.00
20160325;27.50;28.00;26.50;27.28;278923060;7635776512.00
20160328;26.98;27.50;26.49;26.58;171248742;4612884480.00
20160329;26.56;27.16;25.80;26.41;192053256;5102903296.00
20160330;26.88;27.56;26.63;27.23;221405070;5992677888.00
20160331;27.38;28.30;26.80;27.02;208461534;5703721984.00
20160401;26.60;26.75;25.38;25.80;157886880;4107065344.00
20160405;25.80;27.80;25.61;27.11;186091541;4963842560.00
20160406;26.88;27.02;26.21;26.55;128248424;3418875648.00
20160407;26.90;27.17;26.30;26.35;157142451;4212202496.00
20160408;25.66;25.81;24.90;25.58;157894518;4008588032.00
20160421;24.56;25.47;24.08;24.23;125843000;3093118720.00
20160422;23.90;24.60;23.73;24.44;98484400;2387597568.00
20160425;24.12;24.25;23.40;23.67;84031417;1999911040.00
20160426;24.05;24.86;23.90;24.45;122169037;2977530112.00
20160427;24.30;24.35;23.67;23.83;95484458;2292448768.00
20160428;23.83;24.19;23.26;24.07;117179405;2786520320.00
20160429;23.70;23.95;23.54;23.61;75273947;1785651840.00
20160503;23.80;24.84;23.52;24.69;133992292;3273611264.00
20160504;24.60;24.99;24.45;24.54;101868566;2514038272.00
20160505;24.40;24.80;24.38;24.71;77728405;1911891584.00
20160506;24.75;24.85;23.00;23.00;147897832;3532115200.00
20160509;22.40;22.60;21.59;21.73;106942579;2356440576.00
20160510;21.70;22.19;21.70;21.87;66770270;1465095808.00
20160511;22.15;22.24;21.43;21.64;63784003;1393306368.00
20160512;21.20;22.20;21.05;21.97;86303898;1881856512.00
20160513;21.90;22.03;21.53;21.66;62998085;1371774208.00
20160516;21.67;22.03;21.41;22.03;59409484;1292657792.00
20160517;22.12;22.95;21.73;22.25;103925124;2313752576.00
20160518;21.89;22.88;21.70;22.39;121244440;2693812992.00
20160519;22.30;22.75;22.12;22.25;90449369;2029082880.00
20160520;21.88;22.66;21.70;22.57;84221083;1877641216.00
20160523;22.68;22.90;22.24;22.42;91637988;2069930752.00
20160524;22.35;22.35;21.87;21.96;57133134;1260272640.00
20160525;22.21;22.60;21.93;21.98;69337919;1544739584.00
20160526;21.92;22.18;21.45;22.05;71303006;1553719296.00
20160527;22.00;22.13;21.79;21.84;51204767;1124706432.00
20160530;21.68;22.18;21.47;21.86;51076544;1116321280.00
20160531;21.95;24.05;21.94;24.05;196960089;4673907200.00
20160601;24.95;25.24;24.10;24.11;218782833;5387143168.00
20160602;23.85;24.98;23.85;24.80;162515188;3978395904.00
20160603;24.67;25.80;24.22;24.77;182776166;4550337024.00
20160606;24.69;25.17;24.38;24.55;100473016;2484866560.00
20160607;24.70;25.15;24.60;24.80;100610697;2499812096.00
20160608;24.66;25.15;24.31;24.73;108274566;2678138368.00
20160613;24.13;24.98;23.10;23.13;106748867;2595834624.00
20160614;22.97;23.49;22.50;23.29;91612938;2119080832.00
20160615;22.68;24.45;22.68;23.81;102174465;2416924416.00
20160616;23.77;23.83;23.30;23.44;67136349;1580408960.00
20160617;23.40;24.17;23.33;23.45;85315640;2028765568.00
20160620;23.45;23.58;22.80;23.30;61979439;1438788736.00
20160621;23.75;25.11;23.31;23.49;141264324;3405407232.00
20160622;23.19;24.20;23.19;24.10;90434856;2148652288.00
20160623;24.09;24.17;23.52;23.91;71667751;1711831424.00
20160624;23.80;24.29;22.58;23.73;112074661;2663831808.00
20160627;23.61;24.60;23.56;24.53;100898859;2442156800.00
20160628;24.38;26.51;24.28;26.00;189691248;4794833920.00
20160629;25.95;26.16;25.60;25.77;135140675;3493242880.00
20160630;25.82;26.30;25.51;25.86;102682733;2659877888.00
