20111103;19.02;20.88;17.75;17.81;22437894;427150848.00
20111104;18.12;18.63;17.78;18.01;11052773;200839440.00
20111107;17.70;18.44;17.38;18.40;9421969;168487232.00
20111108;18.20;18.93;17.78;18.49;9497402;174962160.00
20111109;18.55;19.21;18.36;19.06;10356561;195525856.00
20111110;18.80;19.44;18.70;18.86;8798572;167910448.00
20111111;18.77;18.94;17.65;17.88;7912829;144157488.00
20111114;17.99;18.41;17.83;18.24;5041647;91440280.00
20111115;18.20;18.30;17.92;18.20;3712768;67162056.00
20111116;18.23;18.67;18.07;18.25;5584289;102568952.00
20111117;18.14;18.44;17.93;18.24;3932182;71598688.00
20111118;18.18;19.20;18.03;18.78;7579736;140932944.00
20111121;18.60;19.18;18.09;18.33;5466499;101615400.00
20111122;17.99;18.00;16.90;17.21;5005740;86506688.00
20111123;17.10;17.48;17.08;17.18;2330819;40237756.00
20111124;16.83;17.04;16.52;16.80;2891134;48482028.00
20111125;16.78;16.94;16.60;16.63;1638658;27438316.00
20111128;16.66;16.83;16.55;16.78;1347506;22515768.00
20111129;16.99;17.04;16.71;17.02;1783169;30132142.00
20111130;16.96;16.96;15.45;15.63;3253009;52543252.00
20111201;16.01;16.47;15.90;16.04;2922620;47093244.00
20111202;15.98;15.98;15.30;15.39;1977948;30785076.00
20111205;15.30;15.36;14.96;14.99;1454548;21919780.00
20111206;14.90;15.30;14.88;15.20;1268312;19219540.00
20111207;15.14;15.50;15.11;15.28;1205777;18459516.00
20111208;15.18;15.56;14.66;15.44;2510122;38152580.00
20111209;15.29;15.34;15.06;15.09;1175020;17822722.00
20111212;15.00;15.20;14.76;14.76;824983;12330543.00
20111213;14.75;14.75;14.19;14.20;1246927;17920964.00
20111214;14.21;14.30;13.74;13.76;982707;13785359.00
20111215;13.75;14.05;13.63;13.65;1219726;16849226.00
20111216;13.70;14.19;13.66;14.18;1221422;17029174.00
20111219;14.17;14.40;13.71;14.35;1563718;22008762.00
20111220;14.18;14.42;14.15;14.18;1266720;18088106.00
20111221;14.40;14.41;13.77;13.77;949126;13431021.00
20111222;13.64;13.75;12.92;13.41;1394103;18566152.00
20111223;13.25;13.76;13.23;13.68;1148948;15582372.00
20111226;13.62;13.98;13.50;13.52;808041;11138182.00
20111227;13.33;13.66;13.10;13.15;676492;9021451.00
20111228;13.00;13.29;12.70;13.17;681976;8901860.00
20111229;13.10;13.33;13.01;13.20;541337;7160855.00
20111230;13.35;13.77;13.31;13.68;1136322;15440697.00
20120104;13.81;13.98;13.15;13.15;1017818;13803006.00
20120105;13.25;14.40;13.17;13.53;2681822;36826284.00
20120106;13.36;14.10;13.18;13.88;2833973;38954480.00
20120109;13.93;14.76;13.82;14.48;4029259;57868412.00
20120110;14.38;14.77;14.20;14.59;3923980;57043608.00
20120111;14.50;14.69;14.32;14.50;2391471;34620724.00
20120112;14.44;14.57;14.16;14.20;2098980;30114916.00
20120113;14.20;15.19;14.20;14.64;4913835;72243792.00
20120116;14.29;15.10;13.86;13.87;3354146;48743184.00
20120117;13.62;14.50;13.09;14.50;3549095;49076900.00
20120118;14.49;14.61;13.82;13.86;2202933;31357512.00
20120119;13.69;13.95;13.53;13.77;1464543;20198104.00
20120120;13.88;13.95;13.68;13.90;1286832;17775612.00
20120130;13.99;14.10;13.62;13.65;1207442;16656270.00
20120131;13.57;13.66;13.18;13.35;1323792;17636576.00
20120201;13.25;13.52;13.22;13.29;929462;12419585.00
20120202;13.35;13.75;13.30;13.69;1016088;13726249.00
20120203;13.62;13.95;13.40;13.79;3760568;51138296.00
20120206;13.77;14.08;13.67;13.90;3596271;49842492.00
20120207;13.82;13.85;13.38;13.46;2534814;34432508.00
20120208;13.41;13.82;13.32;13.77;2362782;32183028.00
20120209;13.70;14.06;13.67;13.88;3297353;45897344.00
20120210;13.90;14.18;13.85;14.09;3806950;53415112.00
20120213;14.01;14.35;13.91;14.30;3389345;48071388.00
20120214;14.28;14.28;14.03;14.16;2203167;31161162.00
20120215;14.14;14.47;14.14;14.31;4644246;66481364.00
20120216;14.28;14.40;14.08;14.25;3191449;45469188.00
20120217;14.25;14.33;14.06;14.18;1894195;26861286.00
20120220;14.32;14.38;14.05;14.10;2647572;37608280.00
20120221;14.17;14.27;13.88;14.27;2549936;35984924.00
20120222;14.29;14.74;14.22;14.70;5732824;83240144.00
20120223;14.61;14.93;14.55;14.89;4714490;69461608.00
20120224;14.92;15.09;14.72;14.90;5541104;82416248.00
20120227;14.95;15.35;14.83;14.88;4875758;73414200.00
20120228;14.87;15.42;14.85;15.33;5369230;81081480.00
20120229;15.30;15.30;14.79;14.79;3616490;54552492.00
20120301;14.79;15.05;14.73;14.85;2468634;36728500.00
20120302;14.82;15.14;14.82;15.13;2513922;37819856.00
20120305;15.12;15.28;14.99;15.05;2699147;40750920.00
20120306;15.03;15.38;14.65;15.35;4077580;61210168.00
20120307;15.17;15.75;15.10;15.14;4893590;75653248.00
20120308;15.08;15.34;15.08;15.31;2918387;44422812.00
20120309;15.31;15.65;15.21;15.64;3529035;54587904.00
20120312;15.69;15.84;15.51;15.84;3039481;47690532.00
20120313;15.74;15.93;15.65;15.86;2785919;43975332.00
20120314;15.90;16.14;14.88;14.98;4836591;75173168.00
20120315;14.90;15.25;14.45;14.99;3792953;56257156.00
20120316;14.99;15.22;14.76;15.16;2903532;43724608.00
20120319;15.25;15.52;15.12;15.52;2883663;44121108.00
20120320;15.36;15.51;14.80;14.94;2690990;40805976.00
20120321;15.05;15.11;14.60;15.00;1397148;20844682.00
20120322;15.10;15.30;14.96;15.19;1878236;28491158.00
20120323;15.14;15.15;14.71;14.88;1472165;21921304.00
20120326;14.75;15.00;14.65;14.82;1556787;23024992.00
20120327;14.89;14.98;14.65;14.66;2132739;31660514.00
20120328;14.55;14.66;13.57;13.63;2112219;29544552.00
20120329;13.65;13.69;13.21;13.40;1130967;15232947.00
20120330;13.55;13.57;13.10;13.25;963341;12874658.00
20120405;13.38;13.66;13.25;13.63;1054268;14236933.00
20120406;13.61;13.98;13.54;13.79;1350381;18613552.00
20120409;13.77;13.89;13.57;13.63;978641;13420612.00
20120410;13.64;13.82;13.24;13.82;1055465;14284850.00
20120411;13.68;14.14;13.50;14.07;1293483;17985576.00
20120412;14.05;14.28;13.90;14.27;1454104;20572874.00
20120413;14.32;14.59;14.17;14.54;1867274;26847254.00
20120416;14.46;14.70;14.40;14.46;1429605;20793848.00
20120417;14.00;14.23;13.70;13.90;2085307;29256222.00
20120418;13.93;14.16;13.93;14.14;1228914;17286388.00
20120419;14.08;14.24;13.86;13.96;1624223;22884594.00
20120420;13.90;14.16;13.88;14.12;1272169;17877772.00
20120423;14.10;14.10;13.40;13.42;1891649;25956166.00
20120424;13.31;13.62;13.10;13.55;1316318;17611772.00
20120425;13.48;13.70;13.35;13.66;1122736;15191640.00
20120426;13.67;13.90;13.51;13.64;679940;9304110.00
20120427;13.69;13.76;13.54;13.69;580212;7920248.50
20120502;13.88;14.57;13.75;14.40;3104749;43909484.00
20120503;14.41;14.64;14.10;14.25;2410025;34427656.00
20120504;14.20;14.30;14.09;14.22;1097113;15600525.00
20120507;14.22;14.45;14.17;14.41;1506357;21585080.00
20120508;14.40;14.44;14.09;14.23;1462869;20844194.00
20120509;14.17;14.30;14.02;14.03;1319387;18649612.00
20120511;14.09;14.12;13.74;13.77;1138661;15811287.00
20120514;13.90;14.06;13.73;13.92;1146396;15911227.00
20120515;13.79;13.94;13.60;13.94;711919;9859432.00
20120516;13.90;13.96;13.73;13.73;559856;7747925.00
20120517;13.73;14.00;13.68;13.91;752071;10435134.00
20120518;13.82;14.18;13.82;14.02;1595257;22350376.00
20120521;14.03;14.15;13.89;14.15;1182265;16619013.00
20120522;14.14;14.24;14.00;14.16;1020575;14418450.00
20120523;14.11;14.20;13.79;14.16;1300314;18275440.00
20120524;14.06;14.14;13.87;13.93;644399;9032220.00
20120525;13.94;13.98;13.48;13.50;787204;10743716.00
20120528;13.52;13.64;13.22;13.59;590335;7912971.50
20120529;13.59;13.78;13.53;13.73;724350;9922619.00
20120530;13.75;13.75;13.61;13.70;522799;7153959.50
20120531;13.67;13.85;13.57;13.80;622518;8560386.00
20120601;13.79;13.81;13.64;13.74;666971;9166193.00
20120604;13.50;13.50;13.24;13.26;627751;8389000.00
20120605;13.30;13.37;13.23;13.31;452280;6020299.00
20120606;13.34;13.45;13.27;13.45;449727;6012271.00
20120607;13.55;13.55;13.27;13.34;448190;6015464.50
20120608;13.49;13.49;13.26;13.35;530834;7094961.00
20120611;13.37;13.53;13.25;13.49;751179;10041249.00
20120612;13.45;13.45;13.24;13.32;510857;6810616.50
20120613;13.32;13.53;13.29;13.51;993131;13318702.00
20120614;13.51;13.62;13.43;13.51;963286;13026377.00
20120615;13.23;13.26;13.08;13.18;680286;8965198.00
20120618;13.17;13.29;13.17;13.25;592784;7849971.50
20120619;13.24;13.26;13.09;13.11;533530;7024886.50
20120620;13.12;13.19;13.08;13.16;537602;7066516.00
20120621;13.15;13.18;12.93;12.96;714349;9302041.00
20120625;12.95;12.95;12.43;12.43;686400;8689103.00
20120626;12.40;12.50;12.25;12.43;555829;6875347.00
20120627;12.42;12.58;12.36;12.37;488972;6093788.00
20120628;12.45;12.57;12.25;12.25;539681;6710973.00
20120629;12.25;12.42;12.11;12.40;735555;9041494.00
20120702;12.55;12.74;12.46;12.59;1072913;13497554.00
20120703;12.48;12.70;12.48;12.59;921117;11622141.00
20120704;12.58;13.19;12.49;13.08;2287366;29346988.00
20120705;12.83;12.88;12.62;12.70;996431;12710780.00
20120706;12.68;12.85;12.38;12.72;897035;11336683.00
20120709;12.63;12.79;12.35;12.40;581666;7305117.00
20120710;12.40;12.53;12.21;12.42;402275;4974162.50
20120711;12.70;12.92;12.50;12.54;896429;11385390.00
20120712;12.33;12.63;12.23;12.58;809416;10073914.00
20120713;12.52;12.52;12.15;12.15;757850;9331860.00
20120716;12.17;12.25;11.00;11.00;1304606;14889968.00
20120717;11.03;11.20;10.91;11.09;595995;6581718.50
20120718;11.01;11.12;10.68;11.05;662323;7196158.00
20120719;11.00;11.33;10.91;11.19;950736;10619335.00
20120720;11.19;11.35;11.00;11.07;571075;6395371.00
20120723;10.98;10.98;10.76;10.90;300108;3263214.75
20120724;10.86;11.23;10.83;11.19;381187;4219987.00
20120725;11.07;11.58;11.07;11.43;984500;11211331.00
20120726;11.55;11.55;11.09;11.09;1320883;14932074.00
20120727;11.15;11.23;11.03;11.11;443852;4934751.50
20120730;11.12;11.23;10.89;10.96;464926;5136599.50
20120731;10.91;10.91;10.38;10.40;1001597;10591897.00
20120801;10.40;10.66;10.38;10.53;518032;5467531.50
20120802;10.45;10.58;10.25;10.35;578874;6007460.00
20120803;10.40;10.56;10.23;10.56;683403;7118496.50
20120806;10.47;10.91;10.43;10.91;1312212;14010116.00
20120807;10.88;11.06;10.76;11.01;1911449;20827484.00
20120808;10.98;11.12;10.90;10.94;1220760;13422019.00
20120809;10.95;11.10;10.87;11.07;1303207;14332078.00
20120810;11.04;11.10;10.96;11.01;709262;7814823.00
20120813;11.00;11.00;10.71;10.71;834149;9030370.00
20120814;10.71;10.75;10.48;10.70;903198;9589389.00
20120815;10.67;10.69;10.52;10.56;443700;4698771.00
20120816;10.51;10.67;10.49;10.59;263899;2798389.00
20120817;10.65;10.68;10.54;10.65;317328;3366875.50
20120820;10.60;10.66;10.44;10.63;645399;6804281.50
20120821;10.63;10.87;10.58;10.81;1027614;11053559.00
20120822;10.81;10.89;10.75;10.77;842838;9109650.00
20120823;10.78;11.07;10.78;10.98;1442752;15805279.00
20120824;10.94;11.01;10.61;10.63;840214;9107797.00
20120827;10.63;10.63;10.37;10.40;549828;5737521.00
20120828;10.38;10.59;10.38;10.51;545320;5711166.50
20120829;10.49;10.60;10.40;10.42;548800;5750012.00
20120830;10.42;10.52;10.13;10.39;623318;6444610.50
20120831;10.42;10.42;10.26;10.36;365088;3774156.75
20120903;10.30;10.53;10.28;10.49;502981;5261952.50
20120904;10.49;10.59;10.43;10.49;624234;6562473.50
20120905;10.46;10.64;10.31;10.60;776290;8194847.50
20120906;10.67;10.80;10.58;10.78;942121;10098289.00
20120907;10.82;11.16;10.82;11.03;2250690;24789214.00
20120910;11.05;11.09;10.95;11.05;1606770;17690176.00
20120911;11.01;11.01;10.86;10.92;985320;10750945.00
20120912;10.99;11.03;10.88;11.01;959675;10519296.00
20120913;11.00;11.13;10.92;10.92;1036143;11433393.00
20120914;11.04;11.05;10.85;10.97;925082;10141123.00
20120917;10.93;11.00;10.55;10.55;891000;9577556.00
20120918;10.51;10.59;10.44;10.49;500436;5254600.00
20120919;10.55;10.60;10.47;10.58;310126;3265177.25
20120920;10.59;10.59;10.23;10.25;476452;4943527.00
20120921;10.30;10.35;10.20;10.21;367131;3764050.75
20120924;10.20;10.29;10.03;10.21;370639;3749318.25
20120925;10.19;10.27;10.09;10.17;218751;2227459.50
20120926;10.23;10.24;9.65;9.70;716331;7063495.50
20120927;9.70;9.94;9.60;9.91;755552;7386265.50
20120928;9.82;10.03;9.81;10.02;503270;5004047.00
20121008;10.00;10.04;9.89;9.96;422487;4207622.00
20121009;9.95;10.40;9.95;10.39;1066589;10928086.00
20121010;10.35;10.56;10.26;10.47;546687;5677520.00
20121011;10.52;10.95;10.32;10.40;1983716;20965994.00
20121012;10.36;10.60;10.33;10.38;647676;6740248.00
20121015;10.32;10.38;10.03;10.12;508642;5178345.00
20121016;10.11;10.25;10.07;10.13;552759;5617173.50
20121017;10.13;10.21;10.06;10.17;288792;2926066.50
20121018;10.14;10.45;10.13;10.37;997937;10346554.00
20121019;10.42;10.43;10.30;10.38;410500;4258522.00
20121022;10.26;10.39;10.23;10.34;492512;5070008.00
20121023;10.35;10.41;10.29;10.32;487899;5048442.00
20121024;10.26;10.37;10.25;10.32;397916;4099527.25
20121025;10.32;10.46;10.30;10.32;544860;5647988.00
20121026;10.29;10.29;9.87;9.94;639928;6402999.00
20121029;9.99;10.02;9.89;9.95;336639;3348062.00
20121030;10.01;10.05;9.91;9.98;319117;3184020.00
20121031;9.91;10.00;9.90;9.97;250693;2492999.25
20121101;9.99;10.14;9.99;10.10;585237;5897434.50
20121102;10.05;10.21;10.05;10.18;694504;7032674.50
20121105;10.10;10.10;9.87;9.95;1263744;12554925.00
20121106;9.92;9.92;9.75;9.83;634502;6234202.50
20121107;9.76;9.91;9.60;9.86;1277446;12511950.00
20121108;9.76;9.76;9.60;9.60;844901;8169487.50
20121109;9.57;9.62;9.54;9.57;339289;3252851.75
20121112;9.58;9.70;9.58;9.70;623482;6026800.50
20121113;9.71;9.75;9.48;9.49;570200;5459766.00
20121114;9.49;9.60;9.42;9.59;557009;5291690.50
20121115;9.53;9.60;9.36;9.37;474435;4483529.00
20121116;9.32;9.37;9.23;9.27;518215;4809212.00
20121119;9.24;9.29;9.16;9.26;377507;3488319.50
20121120;9.28;9.35;9.24;9.26;317897;2954161.25
20121121;9.29;9.37;9.17;9.36;443789;4120113.50
20121122;9.35;9.38;9.26;9.32;370686;3454134.00
20121123;9.35;9.36;9.28;9.30;363701;3389937.25
20121126;9.18;9.33;9.18;9.24;368190;3412237.50
20121127;9.24;9.24;8.81;8.82;542690;4882583.50
20121128;8.76;8.81;8.57;8.60;449998;3892334.75
20121129;8.65;8.70;8.44;8.44;222999;1913544.50
20121130;8.44;8.56;8.43;8.52;326870;2779645.00
20121203;8.52;8.58;8.26;8.27;314570;2641105.00
20121204;8.25;8.34;8.10;8.32;509971;4179488.50
20121205;8.34;8.73;8.30;8.60;763723;6541043.50
20121206;8.60;8.66;8.50;8.56;438080;3751389.50
20121207;8.50;8.76;8.48;8.73;750048;6508953.50
20121210;8.71;8.96;8.70;8.90;896534;7935141.00
20121211;8.88;8.90;8.78;8.82;544888;4816513.50
20121212;8.85;8.88;8.75;8.83;434523;3824206.50
20121213;8.76;8.86;8.75;8.76;617401;5438147.00
20121214;8.72;9.15;8.72;9.11;1490929;13439555.00
20121217;9.16;9.18;9.07;9.17;1006964;9194543.00
20121218;9.16;9.33;9.08;9.18;1079061;9940996.00
20121219;9.16;9.25;9.11;9.22;778702;7149678.50
20121220;9.16;9.32;9.16;9.29;720047;6650483.00
20121221;9.27;9.48;9.18;9.38;1216828;11351086.00
20121224;9.38;9.45;9.30;9.37;993237;9308574.00
20121225;9.35;9.77;9.33;9.73;2023756;19500776.00
20121226;9.75;10.18;9.67;10.12;2874571;28750268.00
20121227;10.18;10.60;9.95;9.95;3672031;37698604.00
20121228;9.91;10.16;9.80;10.12;1905729;19067716.00
20121231;10.16;10.19;10.06;10.12;1239073;12532965.00
20130104;10.20;10.20;9.80;9.98;1913920;19023100.00
20130107;9.94;10.08;9.84;10.08;1109783;11106402.00
20130108;10.10;10.28;10.03;10.23;1545048;15717032.00
20130109;10.17;10.46;10.16;10.26;2167442;22327566.00
20130110;10.20;10.39;10.12;10.23;1289274;13212663.00
20130111;10.23;10.26;9.89;9.93;1258272;12682815.00
20130114;9.98;10.43;9.90;10.40;2367996;24238574.00
20130115;10.42;10.67;10.41;10.58;2697025;28431058.00
20130116;10.58;10.67;10.35;10.45;1747720;18308904.00
20130117;10.58;10.72;10.44;10.53;2180659;23065132.00
20130118;10.52;10.94;10.52;10.74;2341986;25176032.00
20130121;10.77;10.94;10.73;10.79;1785256;19315946.00
20130122;10.79;10.85;10.40;10.46;1563020;16617677.00
20130123;10.46;10.57;10.25;10.57;1231315;12856993.00
20130124;10.56;10.63;10.18;10.21;1351519;14094298.00
20130125;10.21;10.46;10.12;10.40;1231098;12649155.00
20130128;10.39;10.70;10.32;10.70;2134562;22477524.00
20130129;10.80;11.11;10.72;10.85;3421152;37386828.00
20130130;10.83;11.00;10.80;10.95;2057833;22459910.00
20130131;10.95;11.03;10.73;10.87;1418016;15386087.00
20130201;10.86;11.06;10.73;10.87;1715186;18710442.00
20130204;10.95;10.96;10.66;10.74;1191950;12821442.00
20130205;10.65;10.83;10.58;10.78;1000206;10724231.00
20130206;10.75;10.75;10.46;10.54;1991356;21004330.00
20130207;10.59;10.60;10.45;10.57;933604;9814705.00
20130208;10.62;10.75;10.58;10.68;1032541;11020338.00
20130218;10.67;10.80;10.67;10.76;982364;10547079.00
20130219;10.77;10.77;10.48;10.48;968162;10231581.00
20130220;10.46;10.70;10.46;10.66;828628;8788227.00
20130221;10.58;10.71;10.33;10.50;1151813;12139829.00
20130222;10.51;10.54;10.30;10.30;613730;6394778.50
20130225;10.31;10.38;10.26;10.35;583552;6022034.50
20130226;10.30;10.32;10.14;10.16;815610;8351434.00
20130227;10.17;10.25;10.10;10.20;538936;5480948.50
20130228;10.20;10.45;10.17;10.38;836617;8650821.00
20130301;10.38;10.52;10.35;10.48;754830;7869199.50
20130304;10.46;10.46;10.05;10.09;703800;7202627.00
20130305;10.05;10.34;10.05;10.32;520387;5310643.00
20130306;10.39;10.51;10.26;10.50;850167;8865305.00
20130307;10.51;10.59;10.30;10.41;1029434;10755199.00
20130308;10.46;10.48;10.36;10.39;361441;3764281.25
20130311;10.46;10.56;10.33;10.54;611038;6396963.00
20130312;10.54;10.57;10.12;10.20;777342;8028172.50
20130313;10.21;10.28;9.98;10.11;454041;4580184.00
20130314;10.05;10.16;10.02;10.07;311019;3139344.25
20130315;10.05;10.19;9.98;10.05;463662;4666760.50
20130318;10.00;10.07;9.90;9.90;360257;3596969.25
20130319;9.92;9.99;9.76;9.90;371403;3669103.75
20130320;9.90;10.11;9.90;10.11;451914;4543659.00
20130321;10.13;10.17;10.05;10.12;506598;5128993.00
20130322;10.12;10.18;10.10;10.15;375841;3813894.50
20130325;10.14;10.20;10.10;10.19;436364;4432497.00
20130326;10.11;10.19;10.00;10.09;516440;5199363.50
20130327;10.06;10.24;10.06;10.12;527311;5347311.50
20130328;10.01;10.15;9.78;9.80;547224;5408904.50
20130329;9.87;9.87;9.72;9.72;276790;2706621.00
20130401;9.71;9.84;9.71;9.73;226805;2215538.50
20130402;9.79;10.38;9.79;10.03;1185857;12030271.00
20130403;10.00;10.00;9.73;9.82;532104;5240505.50
20130408;9.70;9.71;9.51;9.62;490649;4697758.50
20130409;9.62;9.74;9.62;9.70;308954;2994327.75
20130410;9.72;9.73;9.62;9.68;198951;1923602.13
20130411;9.70;9.73;9.52;9.65;284887;2751269.00
20130412;9.66;9.75;9.62;9.67;209462;2029502.63
20130415;9.61;9.69;9.53;9.60;195484;1875011.88
20130416;9.57;9.69;9.46;9.69;303465;2900843.50
20130417;9.60;9.60;9.41;9.55;725755;6869578.00
20130418;9.45;9.54;9.41;9.50;403854;3821192.25
20130419;9.50;9.65;9.48;9.64;748937;7181218.50
20130422;9.56;9.58;9.45;9.58;701500;6665550.50
20130423;9.55;9.58;9.35;9.41;468153;4417004.00
20130424;9.40;9.53;9.35;9.49;445260;4210404.00
20130425;9.51;9.52;9.35;9.35;399890;3772264.75
20130426;9.35;9.39;9.16;9.17;402845;3730613.50
20130502;9.10;9.15;9.00;9.10;368360;3351598.00
20130503;9.14;9.23;9.12;9.17;281729;2588321.00
20130506;9.21;9.31;9.20;9.28;406618;3763707.50
20130507;9.30;9.32;9.26;9.31;243787;2264434.75
20130508;9.30;9.41;9.26;9.39;487073;4552017.00
20130509;9.40;9.40;9.31;9.38;362815;3388899.25
20130510;9.36;9.45;9.36;9.44;477370;4488363.00
20130513;9.45;9.48;9.40;9.45;412664;3895825.75
20130514;9.45;9.48;9.25;9.32;446691;4177844.75
20130515;9.30;9.98;9.27;9.88;1621292;15682419.00
20130516;9.75;9.94;9.61;9.61;1248487;12117812.00
20130517;9.64;9.78;9.59;9.70;666677;6475730.50
20130520;9.70;9.94;9.70;9.88;923472;9110788.00
20130521;9.89;10.04;9.84;9.99;880945;8774705.00
20130522;10.28;10.28;9.85;9.87;887178;8889212.00
20130523;9.86;10.13;9.85;10.10;1308883;13076680.00
20130524;10.09;10.15;9.85;10.00;2436841;24148824.00
20130527;9.95;10.02;9.91;9.94;926930;9243056.00
20130528;9.99;10.08;9.88;10.08;1061007;10584920.00
20130529;10.08;10.10;10.01;10.03;520070;5226258.00
20130530;10.01;10.40;9.99;10.28;2487093;25491320.00
20130531;10.17;10.30;10.13;10.20;1120411;11426016.00
20130603;10.25;10.34;10.05;10.30;1669689;17093720.00
20130604;10.30;10.39;10.12;10.31;2073661;21312818.00
20130605;10.25;10.45;10.25;10.43;1707436;17705110.00
20130606;10.39;10.44;10.09;10.30;1709380;17441894.00
20130607;10.19;10.19;9.88;10.09;1584802;15857919.00
20130613;9.93;9.99;9.63;9.91;773295;7560703.50
20130614;9.85;10.00;9.82;10.00;653604;6476290.50
20130617;9.80;9.88;9.70;9.79;447632;4376946.50
20130618;9.79;9.91;9.72;9.88;644073;6321743.50
20130619;9.78;10.04;9.78;9.99;1051578;10430904.00
20130620;9.99;10.24;9.93;10.08;2357133;23877576.00
20130621;9.99;10.67;9.07;10.51;6506704;67204888.00
20130624;10.35;10.40;9.46;9.80;2771857;27780254.00
20130625;9.41;9.65;8.83;9.23;2210405;20257708.00
20130626;9.29;9.53;9.12;9.32;979971;9121247.00
20130627;9.32;9.38;8.90;9.19;1622941;14817571.00
20130628;9.11;9.29;8.96;9.23;935361;8535103.00
20130701;9.20;9.24;9.02;9.18;513708;4678379.00
20130702;9.14;9.26;9.11;9.23;532742;4892235.50
20130703;9.20;9.20;9.00;9.10;517893;4701128.50
20130704;9.02;9.20;9.02;9.12;585926;5347998.50
20130705;9.12;9.18;9.07;9.07;440009;4015198.00
20130708;8.98;8.98;8.52;8.65;1007060;8707651.00
20130709;8.66;8.70;8.55;8.64;253883;2188575.50
20130710;8.63;8.84;8.61;8.83;457022;3977897.75
20130711;8.83;9.08;8.80;9.00;602289;5395762.50
20130712;9.00;9.10;8.91;8.91;454479;4081867.00
20130715;8.91;9.17;8.90;9.16;516955;4690575.50
20130716;9.15;9.27;9.03;9.25;531428;4884976.50
20130717;9.12;9.28;9.09;9.15;613364;5630734.50
20130718;9.12;9.40;9.12;9.34;1336679;12441141.00
20130719;9.30;9.38;9.11;9.14;421837;3895615.25
20130722;9.16;9.35;9.13;9.23;236810;2178527.75
20130723;9.23;9.39;9.11;9.34;920610;8583837.00
20130724;9.34;9.43;9.26;9.37;554090;5185806.50
20130725;9.35;9.38;9.11;9.12;462000;4271683.00
20130726;9.12;9.30;9.01;9.13;484727;4450239.50
20130729;9.19;9.22;9.01;9.06;332889;3032851.50
20130730;9.02;9.35;9.02;9.30;652845;6029806.00
20130731;9.30;9.36;9.20;9.27;317223;2946637.75
20130801;9.33;9.42;9.27;9.39;462266;4326331.00
20130802;9.40;9.47;9.32;9.36;347300;3261964.00
20130805;9.44;9.52;9.33;9.50;548872;5190586.00
20130806;9.52;9.54;9.42;9.51;406613;3860399.50
20130807;9.53;9.56;9.34;9.35;574571;5439667.50
20130808;9.35;9.57;9.35;9.51;513622;4883703.50
20130809;9.56;9.59;9.41;9.55;319055;3039163.00
20130812;9.55;9.78;9.49;9.78;997927;9636448.00
20130813;9.72;9.88;9.70;9.84;849352;8327635.50
20130814;9.88;9.88;9.70;9.71;558999;5463416.50
20130815;9.69;9.80;9.64;9.70;513238;4988713.50
20130816;9.79;9.82;9.43;9.50;896361;8656350.00
20130819;9.42;9.56;9.40;9.54;418317;3970692.00
20130820;9.51;9.65;9.47;9.63;455624;4371947.50
20130821;9.59;9.68;9.50;9.67;315655;3029316.50
20130822;9.62;9.73;9.53;9.68;367333;3541857.00
20130823;9.68;9.82;9.57;9.75;556746;5407184.00
20130826;9.75;9.94;9.69;9.88;756978;7462252.00
20130827;9.88;9.95;9.78;9.90;640412;6306904.00
20130828;9.90;9.90;9.73;9.85;584841;5739048.00
20130829;9.85;9.96;9.73;9.77;514063;5054330.00
20130830;9.84;10.36;9.76;9.90;1714559;17235954.00
20130902;9.94;9.98;9.51;9.86;1024464;9993298.00
20130903;9.77;9.86;9.72;9.83;621168;6094898.50
20130904;9.78;9.88;9.74;9.81;392400;3850719.50
20130905;9.84;9.84;9.73;9.74;436129;4262213.50
20130906;9.79;10.10;9.72;10.03;1459324;14496382.00
20130909;10.01;10.16;9.91;10.01;727918;7280156.50
20130910;9.95;10.10;9.94;10.05;847288;8505504.00
20130911;10.04;10.10;9.96;10.03;616724;6175421.00
20130912;10.03;10.27;9.99;10.06;657872;6631255.00
20130913;10.06;10.06;9.91;10.00;397143;3960462.75
20130916;10.00;10.04;9.89;10.00;466200;4645391.00
20130917;10.05;10.25;9.85;9.88;570931;5732466.50
20130918;9.87;9.97;9.83;9.96;351438;3478177.00
20130923;9.96;10.02;9.89;10.01;677644;6732350.00
20130924;10.00;10.05;9.95;9.99;487372;4870633.00
20130925;9.99;10.00;9.88;9.90;714981;7107127.50
20130926;9.88;9.94;9.65;9.70;467033;4563361.00
20130927;9.70;9.74;9.60;9.70;413126;3996458.75
20130930;9.77;9.84;9.70;9.80;258688;2526743.00
20131008;9.83;10.01;9.74;9.97;378681;3759944.25
20131009;9.95;10.12;9.92;10.06;1171376;11741689.00
20131010;10.00;10.14;9.93;10.00;551928;5536090.50
20131011;10.08;10.36;10.08;10.27;1758282;18064682.00
20131014;10.38;10.39;10.21;10.25;1114373;11459363.00
20131015;10.25;10.28;10.11;10.23;778567;7932592.50
20131016;10.16;10.32;9.99;10.07;949008;9583946.00
20131017;10.10;10.22;10.00;10.01;572268;5789183.50
20131018;10.05;10.16;9.97;10.04;671783;6768264.00
20131021;10.05;10.25;10.04;10.18;912713;9254129.00
20131022;10.18;10.23;10.11;10.18;901960;9169929.00
20131023;10.18;10.22;9.95;9.98;782544;7885829.50
20131024;9.96;10.01;9.83;9.90;361590;3588106.50
20131025;9.95;10.00;9.72;9.78;711555;7016676.50
20131028;9.75;9.92;9.71;9.83;338940;3323221.75
20131029;9.80;9.89;9.35;9.46;905496;8647275.00
20131030;9.41;9.56;9.41;9.55;388798;3692718.00
20131031;9.53;9.62;9.51;9.59;424117;4062474.25
20131101;9.53;9.69;9.52;9.61;312909;2999816.00
20131104;9.58;9.68;9.58;9.61;258367;2488025.25
20131105;9.60;9.70;9.58;9.69;399381;3854974.75
20131106;9.69;9.72;9.58;9.60;383399;3700412.25
20131107;9.58;9.65;9.47;9.55;427962;4083616.25
20131108;9.45;9.55;9.36;9.42;322615;3042998.50
20131111;9.43;9.58;9.36;9.58;335788;3190924.75
20131112;9.58;9.70;9.55;9.70;580601;5594918.50
20131113;9.68;9.68;9.60;9.65;398544;3841834.25
20131114;9.57;9.91;9.56;9.90;998814;9798745.00
20131115;9.90;10.15;9.84;10.02;1576214;15863236.00
20131118;10.07;10.20;10.01;10.13;1276493;12928681.00
20131119;10.14;10.27;10.07;10.15;1128108;11492593.00
20131120;10.16;10.21;10.12;10.17;609637;6195182.00
20131121;10.17;10.20;10.00;10.16;1059731;10723680.00
20131122;10.11;10.22;10.08;10.18;854481;8685153.00
20131125;10.25;10.35;10.15;10.32;1099955;11303336.00
20131126;10.31;10.39;10.20;10.28;905880;9322414.00
20131127;10.21;10.50;10.20;10.41;1879187;19459534.00
20131128;10.46;10.50;10.39;10.41;1274667;13328929.00
20131129;10.41;10.75;10.41;10.69;2250253;23948486.00
20131202;10.30;10.55;9.99;10.05;2260058;23108606.00
20131203;10.00;10.31;9.91;10.28;969049;9872444.00
20131204;10.28;11.24;10.22;10.94;4672164;50845072.00
20131205;10.88;11.11;10.83;11.06;3177579;35003428.00
20131206;11.01;11.27;10.78;10.92;2282471;25176342.00
20131209;10.94;11.20;10.92;11.05;2142398;23699708.00
20131210;11.12;11.20;10.98;11.02;2941711;32626530.00
20131211;10.90;10.98;10.62;10.82;2038502;22023036.00
20131212;10.80;11.15;10.66;11.00;2197414;24179096.00
20131213;10.98;11.12;10.81;11.04;1336203;14712495.00
20131216;11.25;11.78;10.95;11.03;4320151;48668464.00
20131217;10.88;10.95;10.65;10.78;1801193;19361394.00
20131218;10.72;10.85;10.60;10.65;962072;10297012.00
20131219;10.72;10.72;10.55;10.63;963052;10264274.00
20131220;10.68;10.73;10.45;10.50;612459;6474495.00
20131223;10.51;10.55;10.20;10.46;555166;5797031.50
20131224;10.46;10.67;10.46;10.57;733591;7764302.50
20131225;10.67;10.94;10.52;10.91;1622636;17586804.00
20131226;10.85;10.99;10.73;10.82;1498424;16293836.00
20131227;10.86;11.12;10.81;10.91;2314871;25473026.00
20131230;11.00;11.14;10.90;11.05;1896626;20872112.00
20131231;11.02;11.04;10.80;10.80;1358450;14764423.00
20140102;10.76;10.95;10.75;10.91;904180;9831662.00
20140103;10.81;10.92;10.68;10.78;998247;10766845.00
20140106;10.60;10.68;10.32;10.38;1476468;15438232.00
20140107;10.31;10.52;10.31;10.45;746128;7787098.00
20140108;10.45;10.61;10.44;10.51;919047;9654872.00
20140109;10.45;10.62;10.17;10.17;1135088;11819830.00
20140110;10.10;10.19;9.94;9.97;902684;9060971.00
20140113;9.97;10.06;9.94;10.00;443750;4441921.50
20140114;9.90;10.28;9.90;10.28;773701;7856789.00
20140115;10.30;10.57;10.17;10.56;1076677;11183219.00
20140116;10.50;10.68;10.46;10.55;690556;7308579.00
20140117;10.53;10.65;10.37;10.49;484010;5087929.00
20140120;10.49;10.55;10.34;10.53;455172;4754363.00
20140121;10.53;10.68;10.47;10.66;629010;6669865.50
20140122;10.66;10.84;10.61;10.80;1247140;13410664.00
20140123;10.83;10.86;10.75;10.82;874417;9454749.00
20140124;10.79;10.94;10.76;10.81;1230222;13322079.00
20140127;10.80;10.88;10.71;10.75;1017858;10993631.00
20140128;10.75;10.85;10.57;10.62;958098;10206685.00
20140129;10.70;10.84;10.60;10.77;914836;9817478.00
20140130;10.78;10.78;10.57;10.59;1169568;12461178.00
20140207;10.48;10.82;10.46;10.79;968949;10354505.00
20140210;10.80;11.49;10.80;11.27;5496770;61339076.00
20140211;11.21;11.34;11.06;11.28;2765588;30993512.00
20140212;11.17;11.60;11.10;11.51;4219092;48121880.00
20140213;11.51;11.51;11.23;11.26;2205029;25100986.00
20140214;11.26;11.60;11.25;11.60;2532574;28998246.00
20140217;11.72;11.89;11.65;11.83;3271822;38576280.00
20140218;11.84;12.00;11.69;11.86;2507092;29718598.00
20140219;11.86;11.91;11.52;11.63;2656527;31072784.00
20140220;11.65;11.73;11.38;11.44;2276751;26347412.00
20140221;11.30;11.55;11.29;11.47;1355401;15444883.00
20140224;11.43;11.54;11.25;11.49;1380859;15737848.00
20140225;11.52;11.59;10.81;10.87;2799077;31306098.00
20140226;10.84;10.94;10.65;10.90;1144592;12395010.00
20140227;10.91;11.05;10.70;10.78;1221955;13328002.00
20140228;10.71;10.91;10.32;10.91;1056670;11330337.00
20140303;10.80;11.06;10.80;11.06;1294885;14195417.00
20140304;11.00;11.10;10.89;11.09;1126611;12380625.00
20140305;11.09;11.15;10.97;11.04;862816;9542723.00
20140306;11.00;11.13;10.82;11.11;728626;8002906.00
20140307;10.98;11.17;10.98;11.03;835997;9279282.00
20140310;10.93;10.93;10.50;10.56;933870;10007338.00
20140311;10.61;10.75;10.51;10.67;504247;5365427.50
20140312;10.67;10.74;10.27;10.43;1563990;16304942.00
20140313;10.44;10.54;10.41;10.52;839380;8798503.00
20140314;10.52;10.60;10.43;10.60;593258;6243141.00
20140317;10.70;10.86;10.62;10.83;777478;8376178.50
20140318;10.80;10.93;10.65;10.82;719568;7808062.50
20140319;10.75;10.98;10.73;10.97;907234;9833131.00
20140320;10.98;11.08;10.75;10.75;1279831;14001862.00
20140321;10.75;11.04;10.64;11.03;982316;10674715.00
20140324;11.05;11.24;10.95;11.12;1071383;11929370.00
20140325;11.06;11.22;11.00;11.18;1263820;14081595.00
20140326;11.24;11.24;11.09;11.24;751381;8394986.00
20140327;11.17;11.29;10.93;10.95;1928444;21262200.00
20140328;10.93;10.98;10.64;10.64;1050065;11330610.00
20140331;10.62;10.76;10.60;10.69;728336;7774034.50
20140401;10.65;10.93;10.61;10.88;718629;7752171.00
20140402;10.91;10.92;10.80;10.87;409730;4447488.50
20140403;10.83;10.90;10.70;10.88;317650;3447178.00
20140404;10.76;11.12;10.76;11.10;963500;10614700.00
20140408;11.10;11.30;11.00;11.22;1843443;20657350.00
20140409;11.25;11.30;11.15;11.24;791174;8873514.00
20140410;11.22;11.43;11.20;11.33;1980583;22452996.00
20140411;11.32;11.37;11.22;11.29;799646;9025376.00
20140414;11.32;11.45;11.24;11.32;1173514;13301379.00
20140415;11.32;11.38;11.21;11.28;670473;7568754.00
20140416;11.36;11.36;11.23;11.28;725939;8188540.50
20140417;11.31;11.43;11.28;11.36;1064900;12087019.00
20140418;11.39;11.42;11.27;11.38;1071555;12175982.00
20140421;11.31;11.48;11.14;11.17;1800318;20484940.00
20140422;11.13;11.23;10.87;11.00;1136017;12511153.00
20140423;11.00;11.12;10.95;11.05;766143;8456816.00
20140424;11.03;11.23;11.00;11.06;1334834;14867311.00
20140425;11.09;11.36;11.09;11.26;2430286;27326796.00
20140428;11.14;11.14;10.15;10.15;3046918;32007138.00
20140429;10.15;10.25;9.98;10.23;1577693;15936355.00
20140430;10.21;11.25;10.14;11.25;3000225;32935668.00
20140505;11.70;12.35;11.38;11.99;13321909;157096992.00
20140506;12.06;12.98;11.80;12.63;14032063;173162128.00
20140507;12.20;12.34;11.84;11.95;10982854;132808096.00
20140508;11.98;13.15;11.98;13.15;12723297;163532512.00
20140509;13.00;13.13;12.55;12.72;12679184;162091840.00
20140512;12.55;13.04;12.40;12.89;9860054;126099432.00
20140513;12.70;13.20;12.44;12.88;10028975;128121920.00
20140514;12.60;12.88;12.31;12.76;7307538;91892320.00
20140515;12.63;13.30;12.12;12.18;10589498;135636736.00
20140516;11.92;12.54;11.86;12.45;7795028;95599368.00
20140519;12.25;12.25;11.65;11.71;6857331;81663432.00
20140520;11.80;12.04;11.65;11.89;5012284;59278720.00
20140521;11.82;12.10;11.52;12.03;3913917;46448080.00
20140522;12.06;12.32;11.91;12.00;5602898;67673544.00
20140523;11.85;12.04;11.65;11.92;3608270;42718348.00
20140526;11.90;12.29;11.80;12.20;4750698;57369576.00
20140527;12.16;12.33;12.09;12.22;3823498;46641508.00
20140528;12.23;12.28;11.82;12.06;3918602;47271836.00
20140529;12.07;12.13;11.60;11.65;3584937;42426572.00
20140530;11.42;11.75;11.42;11.68;2113434;24530366.00
20140603;11.66;11.73;11.59;11.60;1817887;21206564.00
20140604;11.83;12.45;11.77;11.99;5708121;68658016.00
20140605;11.80;12.29;11.68;12.24;5548029;66892352.00
20140606;12.15;12.83;12.08;12.52;8994760;113034768.00
20140609;12.58;13.23;12.37;13.00;9026120;115592888.00
20140610;12.80;13.29;12.73;13.25;8471279;110737016.00
20140611;13.20;13.36;12.85;13.15;6915057;90492400.00
20140612;13.00;13.85;12.73;12.75;15333009;203570112.00
20140613;12.46;12.74;12.31;12.63;7671499;95981216.00
20140616;12.54;12.74;12.40;12.61;4011804;50494104.00
20140617;12.59;12.59;12.28;12.31;3020470;37522320.00
20140618;12.33;12.47;12.24;12.39;2651497;32836054.00
20140619;12.37;12.66;11.81;11.98;4037776;49724128.00
20140620;11.97;12.14;11.75;12.12;2553753;30496924.00
20140623;12.11;12.40;12.00;12.28;2385566;29228016.00
20140624;12.24;12.40;12.20;12.28;1901634;23359730.00
20140625;12.28;12.28;12.00;12.09;1852953;22453888.00
20140626;12.27;12.70;12.17;12.67;4822939;60528796.00
20140627;12.86;13.00;12.68;12.88;5462637;70111312.00
20140630;12.85;12.85;12.55;12.70;3388665;42882732.00
20140701;12.60;12.86;12.60;12.69;2668561;33917344.00
20140702;12.66;12.99;12.46;12.93;3691491;46767004.00
20140703;12.93;13.07;12.80;12.83;3530881;45640572.00
20140704;12.79;13.00;12.60;12.85;2471425;31637878.00
20140707;12.80;13.07;12.78;13.00;2929683;37902104.00
20140708;12.98;13.58;12.91;13.43;6373459;85066608.00
20140709;13.42;14.16;13.31;13.51;7885414;108874752.00
20140710;13.51;14.04;13.45;13.80;4754746;65716580.00
20140711;13.75;14.49;13.61;14.30;4656735;65847900.00
20140714;14.20;14.60;14.00;14.09;4017834;57199236.00
20140715;14.16;14.18;13.62;13.80;3086197;42636424.00
20140716;13.81;13.95;13.58;13.72;1984704;27315050.00
20140717;13.76;13.91;13.38;13.60;2112031;28785468.00
20140718;13.60;13.77;13.42;13.46;1690561;22938010.00
20140721;13.46;13.85;13.46;13.65;2028971;27764858.00
20140722;13.65;13.94;13.57;13.89;2277635;31355766.00
20140723;13.89;13.93;13.19;13.31;2527391;34113508.00
20140724;13.29;13.64;13.28;13.33;1943109;26111614.00
20140725;13.29;13.45;13.20;13.34;2149460;28660604.00
20140728;13.37;13.72;13.34;13.65;1492061;20258078.00
20140729;13.65;13.94;13.61;13.73;2195302;30318408.00
20140730;13.73;13.74;13.55;13.68;1823153;24886542.00
20140731;13.72;13.73;13.40;13.69;2262309;30732374.00
20140801;13.65;13.87;13.51;13.84;2732338;37483412.00
20140804;13.83;14.39;13.80;14.22;3857525;54818756.00
20140805;14.14;14.27;14.01;14.21;1739850;24547486.00
20140806;14.40;14.65;14.04;14.14;3124846;44642056.00
20140807;14.04;14.11;13.75;13.75;2357196;32808478.00
20140808;13.70;13.98;13.63;13.93;1939308;26824764.00
20140811;13.91;14.01;13.84;13.97;1828847;25514708.00
20140812;13.98;14.17;13.93;14.11;1734605;24395154.00
20140813;14.11;14.17;13.77;14.00;1443691;20142132.00
20140814;13.92;14.03;13.80;13.80;1279111;17802192.00
20140815;13.81;14.08;13.71;13.94;1621091;22601416.00
20140818;13.83;14.16;13.74;14.12;2891978;40234508.00
20140819;14.06;15.06;14.02;15.03;5634714;81558560.00
20140820;14.90;14.90;14.52;14.54;6249279;91709568.00
20140821;14.50;14.59;14.23;14.42;2532838;36357700.00
20140822;14.47;14.66;14.46;14.50;1753971;25547854.00
20140825;14.50;14.61;14.26;14.34;1579583;22741788.00
20140826;14.28;14.39;13.98;14.29;1894036;27003950.00
20140827;14.22;14.44;14.15;14.36;1650075;23656242.00
20140828;14.31;14.31;13.78;13.88;2414841;33883740.00
20140829;13.86;14.06;13.85;14.06;993330;13830370.00
20140901;14.07;14.31;14.00;14.26;1341559;19059316.00
20140902;14.25;14.42;14.25;14.40;1746898;25032890.00
20140903;14.40;14.55;14.30;14.43;1946278;28093886.00
20140904;14.40;14.59;14.37;14.48;2058231;29854022.00
20140905;14.49;14.89;14.39;14.82;3502903;51517092.00
20140909;14.82;14.82;14.55;14.70;2314986;33904784.00
20140910;14.66;14.66;14.45;14.58;1981912;28828736.00
20140911;14.58;14.73;14.49;14.57;2864944;41898104.00
20140912;14.59;14.68;14.49;14.68;2028535;29604224.00
20140915;14.70;14.89;14.67;14.81;2713925;40090128.00
20140916;14.82;15.05;14.33;14.36;4192290;61820740.00
20140917;14.35;14.53;14.01;14.26;2424276;34309748.00
20140918;14.21;15.16;14.21;14.94;5879146;86247592.00
20140919;14.88;14.93;14.56;14.82;3265964;48152620.00
20140922;14.75;14.78;14.52;14.67;1690219;24759664.00
20140923;14.65;15.25;14.65;15.16;4897795;73568816.00
20140924;15.18;15.34;15.00;15.28;4380810;66565056.00
20140925;15.28;16.19;15.28;15.63;6495331;101672168.00
20140926;15.69;15.70;15.30;15.41;3804257;58694544.00
20140929;15.50;15.63;15.33;15.55;4913352;75962064.00
20140930;15.56;15.90;15.52;15.78;3167645;49840688.00
20141008;15.90;16.03;15.61;15.84;2421696;38190472.00
20141009;15.75;15.82;15.31;15.60;3442413;53526152.00
20141010;15.55;15.61;15.38;15.52;2108850;32679342.00
20141013;15.46;15.75;15.21;15.67;1726702;26714430.00
20141014;15.65;15.81;15.41;15.57;2249647;35281776.00
20141015;15.55;15.72;15.28;15.72;2027598;31444168.00
20141016;15.76;16.42;15.64;16.06;5095535;81622056.00
20141017;16.04;16.05;14.57;15.55;3957807;61251860.00
20141020;15.40;15.65;15.40;15.60;1705378;26498318.00
20141021;15.60;15.96;15.52;15.55;2133517;33589832.00
20141022;15.55;15.71;15.22;15.22;2038675;31432488.00
20141023;15.22;15.25;14.70;14.80;2138092;31842934.00
20141024;14.79;15.00;14.73;14.78;1272764;18930400.00
20141027;14.89;15.28;14.81;15.09;1466029;22176858.00
20141028;15.10;15.55;15.10;15.49;1771317;27266256.00
20141029;15.66;16.06;15.60;15.91;4012655;63671012.00
20141030;15.92;16.09;15.70;15.83;2442118;38845772.00
20141031;15.84;15.89;15.49;15.60;2547989;39897204.00
20141103;15.79;16.25;15.63;16.20;4178947;67063568.00
20141104;16.23;16.23;15.76;16.04;2810276;44869088.00
20141105;15.96;16.70;15.83;16.18;3156541;51150424.00
20141106;15.90;16.28;15.81;16.26;3901005;62389028.00
20141107;16.26;16.65;15.94;16.09;3928900;64337308.00
20141110;16.08;16.30;15.97;16.28;2403829;38770676.00
20141111;16.28;16.28;15.20;15.35;3239244;50758412.00
20141112;15.22;15.66;15.18;15.61;1531579;23772352.00
20141113;15.67;15.75;15.15;15.20;2215134;34057852.00
20141114;15.14;15.85;15.14;15.30;1954713;30098438.00
20141117;15.35;15.76;15.22;15.72;2029802;31664608.00
20141118;15.72;15.91;15.62;15.81;1630336;25747136.00
20141119;15.82;16.08;15.73;16.03;1782908;28445592.00
20141120;16.00;16.00;15.72;15.83;1168190;18503086.00
20141121;15.76;16.45;15.73;16.37;3000098;48695980.00
20141124;16.35;16.61;16.28;16.34;2647427;43515732.00
20141125;16.31;16.57;16.25;16.45;1827629;30141504.00
20141126;16.41;17.15;16.25;16.80;3068486;51084352.00
20141127;16.78;16.95;16.57;16.69;1945463;32453028.00
20141128;16.83;17.48;16.71;17.35;4718622;81159096.00
20141201;17.50;17.67;17.03;17.11;3122970;53801096.00
20141202;16.99;18.01;16.76;17.85;5573937;97582176.00
20141203;17.76;17.82;17.36;17.68;2931905;51485524.00
20141204;17.68;17.80;17.45;17.53;3115441;54679668.00
20141205;17.46;17.48;16.33;16.40;4237161;70819832.00
20141208;16.30;16.64;16.05;16.61;2833448;46523592.00
20141209;16.60;16.60;15.42;15.44;5191370;82745520.00
20141210;15.45;16.51;15.45;16.38;2793893;44726932.00
20141211;16.21;16.95;16.13;16.89;3390548;56500796.00
20141212;17.35;17.98;17.00;17.15;6022721;105377984.00
20141215;17.00;17.48;16.87;17.36;2945305;50720072.00
20141216;17.37;17.45;16.96;16.98;2046095;34926836.00
20141217;16.86;17.23;16.51;16.87;2838675;47782968.00
20141218;16.87;16.87;16.20;16.22;3627212;59625216.00
20141219;16.29;16.52;15.86;16.52;3533032;57306996.00
20141222;16.32;16.40;14.87;15.11;4262232;65573684.00
20141223;15.11;15.76;14.95;15.15;2112803;32541172.00
20141224;15.30;15.67;15.30;15.63;1924960;29902332.00
20141225;15.65;15.98;15.60;15.76;1693675;26631510.00
20141226;15.71;15.87;15.61;15.69;1769882;27809884.00
20141229;15.73;15.89;15.02;15.29;1797878;27505260.00
20141230;15.30;15.34;14.40;14.44;2839858;41837024.00
20141231;14.35;14.48;13.91;14.25;2321864;32953076.00
20150105;14.30;14.42;13.69;14.31;2480504;34973712.00
20150106;14.16;14.95;14.02;14.76;2965717;43272476.00
20150107;14.83;14.83;14.50;14.57;1659152;24202028.00
20150108;14.58;14.83;14.32;14.57;1646701;24109806.00
20150109;14.57;14.71;14.29;14.29;1785051;25909978.00
20150112;14.49;14.69;14.22;14.40;1409850;20398868.00
20150113;14.31;14.77;14.31;14.65;1396703;20364510.00
20150114;14.59;14.69;14.35;14.65;1461825;21234384.00
20150115;14.65;14.85;14.52;14.84;1941067;28457750.00
20150116;14.71;14.80;13.90;14.49;4830346;69678848.00
20150119;14.19;15.39;14.07;14.90;5836299;86041432.00
20150120;14.76;16.39;14.72;16.05;7784964;122525712.00
20150121;16.01;16.15;15.68;16.08;3068183;48893436.00
20150122;16.05;16.05;15.76;15.86;2412372;38232836.00
20150123;15.82;16.25;15.76;15.88;2057372;32838760.00
20150126;15.90;16.12;15.69;16.12;1728373;27596490.00
20150127;15.91;16.19;15.44;16.02;2639099;41773340.00
20150128;15.84;16.72;15.73;16.54;4574338;74711384.00
20150129;16.24;16.48;16.11;16.30;2430374;39590568.00
20150130;16.32;16.95;16.30;16.43;3627604;60459636.00
20150202;16.10;16.25;15.81;15.90;2137534;34237880.00
20150203;15.86;16.27;15.83;16.08;2663933;42872776.00
20150204;16.08;16.42;15.98;16.29;2291876;37055228.00
20150205;16.41;16.70;16.22;16.29;2922211;48250712.00
20150206;16.29;16.43;15.53;15.56;2449538;38808216.00
20150209;15.61;15.69;15.01;15.20;1371285;20927206.00
20150210;15.33;15.44;15.22;15.38;832351;12766058.00
20150211;15.38;15.68;15.38;15.50;922983;14342070.00
20150212;15.59;15.63;15.36;15.54;1707974;26449484.00
20150213;15.60;15.91;15.60;15.84;1691443;26677872.00
20150216;15.84;16.25;15.83;16.20;1528504;24597708.00
20150217;16.14;16.29;16.10;16.24;1269221;20585526.00
20150225;16.25;16.28;15.71;15.75;3444927;54634724.00
20150226;15.89;15.89;15.69;15.83;1987752;31345304.00
20150227;15.82;16.05;15.73;16.05;3511749;55599196.00
20150302;16.01;17.08;16.01;16.90;6391354;106005904.00
20150303;16.78;17.06;16.61;16.92;4661028;78685784.00
20150304;16.93;17.56;16.82;17.49;4521158;78312256.00
20150305;17.38;17.60;17.02;17.45;2904131;50023336.00
20150306;17.30;17.52;16.63;16.88;2745927;46777988.00
20150309;16.78;16.88;16.45;16.81;1856855;31077882.00
20150310;16.88;18.36;16.82;17.78;5137699;90326576.00
20150311;17.72;17.91;17.32;17.55;2660897;46827800.00
20150312;17.57;17.72;17.28;17.38;1517696;26496814.00
20150313;17.60;17.93;17.42;17.74;1819545;32190596.00
20150316;17.72;18.11;17.72;17.95;3193259;57270332.00
20150317;18.00;18.10;17.53;17.74;4520396;80665664.00
20150318;18.11;18.89;18.10;18.39;5264291;97305032.00
20150319;18.28;18.38;17.93;18.14;3485685;63227776.00
20150320;18.14;18.29;17.94;18.03;4210839;76170320.00
20150323;18.15;18.59;18.02;18.55;4971644;91377560.00
20150324;18.45;18.58;17.70;18.56;4789808;87466568.00
20150325;18.35;19.47;18.17;19.09;7482137;141145856.00
20150326;18.80;19.40;18.61;18.94;4235711;80640104.00
20150327;18.93;20.23;18.75;19.97;6085213;119812816.00
20150330;20.00;20.91;20.00;20.82;5908540;121512352.00
20150331;20.79;20.80;20.08;20.09;4753026;96635400.00
20150401;20.28;21.35;20.14;20.78;4608636;95416232.00
20150402;20.90;21.50;20.80;21.27;3190982;67611064.00
20150403;21.20;21.98;20.98;21.80;3491023;75048928.00
20150407;23.29;23.98;22.66;22.90;7028780;163261392.00
20150408;22.75;22.90;22.00;22.12;4657396;104209600.00
20150409;22.04;24.05;22.04;23.27;5698207;131341168.00
20150410;23.27;24.30;23.10;23.89;3989662;94840776.00
20150413;23.89;24.30;23.40;23.86;3327577;79057480.00
20150414;23.55;24.00;22.50;22.95;3904533;90899576.00
20150415;22.97;23.77;22.60;22.97;3201892;74524168.00
20150416;22.79;23.26;21.79;22.97;2401508;54511104.00
20150417;22.99;23.95;22.89;22.92;3798092;88377968.00
20150420;22.35;22.79;21.50;21.57;3761073;83015136.00
20150421;21.40;22.17;21.21;22.12;2199359;48032736.00
20150422;22.20;23.69;22.20;23.53;3943756;90832688.00
20150423;23.58;24.86;23.22;24.51;4568322;110348080.00
20150424;24.01;25.00;23.76;25.00;4861493;118585992.00
20150427;25.16;26.00;24.20;24.34;5785338;143608336.00
20150428;23.50;23.55;21.98;22.05;6905024;155448976.00
20150429;21.80;22.55;21.38;22.01;4166582;92039448.00
20150430;21.95;22.49;21.95;22.13;2650676;58853096.00
20150504;22.13;22.42;22.00;22.29;2155676;48064408.00
20150505;22.23;22.23;20.74;21.08;2738500;59298840.00
20150506;21.27;21.77;20.75;20.85;3264857;69373472.00
20150507;20.85;21.43;20.78;20.86;2366105;49877000.00
20150508;21.34;22.45;21.00;22.37;3726558;81074648.00
20150511;22.77;23.84;22.55;23.50;4391476;102779520.00
20150512;23.50;24.28;23.00;24.05;5283353;125237168.00
20150513;24.00;24.50;23.48;23.60;3887090;92879240.00
20150514;23.59;24.01;23.35;23.80;3022224;71431480.00
20150515;23.50;23.88;23.09;23.53;2314102;54304560.00
20150518;23.49;24.80;23.22;24.79;4529581;109962696.00
20150519;25.00;26.60;25.00;26.10;5485239;143159712.00
20150520;26.10;26.90;26.10;26.47;4368897;115625016.00
20150521;26.47;29.12;26.47;29.11;4754803;133489408.00
20150522;30.00;30.16;28.17;29.02;5029144;147298368.00
20150525;28.99;31.10;28.30;29.79;5718959;171918512.00
20150526;29.90;30.66;29.51;30.55;4889802;147247936.00
20150527;31.33;31.49;29.98;30.21;4096591;125635456.00
20150528;30.22;32.30;28.57;28.75;6346898;195437568.00
20150529;29.03;30.50;28.00;30.19;5724897;170514960.00
20150601;30.86;32.50;30.86;31.92;5291539;168004944.00
20150602;31.00;35.11;31.00;35.11;5692891;193641936.00
20150603;35.10;37.82;34.20;35.50;5611422;203492768.00
20150604;34.80;35.90;32.48;34.50;4456523;154099184.00
20150605;34.56;36.60;33.90;34.58;4233102;148143824.00
20150608;34.50;35.00;33.53;33.59;3393424;115532528.00
20150609;33.34;34.88;33.34;34.18;2299413;78360896.00
20150610;34.97;35.35;33.80;35.24;3179570;110250792.00
20150611;35.11;37.79;34.82;36.70;5519324;200944096.00
20150612;37.10;40.37;37.10;40.37;5526286;219027504.00
20150615;42.25;43.25;40.80;41.54;5406464;228488096.00
20150616;40.00;42.87;38.70;40.00;4426150;181998000.00
20150617;40.39;40.82;36.00;40.79;3698196;142770400.00
20150618;40.99;41.05;37.82;38.42;2716635;107845960.00
20150619;37.36;38.39;34.58;34.58;3516885;125656536.00
20150623;34.60;35.55;31.12;33.39;4645161;149476352.00
20150624;33.63;34.25;32.30;33.92;4181645;139007824.00
20150625;33.68;36.20;33.19;34.40;4957265;171222944.00
20150626;33.50;33.50;30.96;30.96;5989266;189330704.00
20150629;32.19;32.61;27.86;27.86;4398015;128433080.00
20150630;27.90;30.00;25.07;29.23;6589955;178439744.00
20150701;29.18;31.33;26.52;27.90;4716708;140562816.00
20150702;27.00;27.69;25.11;25.11;7382418;188342320.00
20150703;23.50;24.88;22.60;22.60;4453839;102101376.00
20150706;24.80;24.80;20.34;20.34;5775614;125715408.00
20150707;18.32;18.50;18.31;18.31;2558600;46863536.00
20150708;16.48;17.35;16.48;16.48;12387489;205656656.00
20150709;16.37;18.13;15.88;18.13;3981772;69856152.00
20150710;19.70;19.94;19.00;19.94;1234305;24276544.00
20150713;21.93;21.93;21.06;21.93;4602377;100696432.00
20150714;22.80;24.12;22.00;23.88;7937702;186880656.00
20150715;23.14;23.50;21.49;21.49;3625474;80888080.00
20150716;19.57;22.48;19.57;21.50;3412945;72876624.00
20150717;21.79;23.65;21.00;23.65;5248695;120074880.00
20150720;23.65;24.99;23.28;24.40;5720062;138575184.00
20150721;23.80;26.84;23.33;25.88;5967474;151693680.00
20150722;25.60;26.21;24.58;25.50;4312997;109541008.00
20150723;25.50;27.55;25.05;26.85;3954449;105295648.00
20150724;26.65;27.65;25.90;26.28;4923251;131157816.00
20150727;25.28;26.28;23.65;23.65;3767756;94491912.00
20150728;21.89;23.68;21.29;21.51;5809611;127048040.00
20150729;21.71;22.83;20.01;22.78;3761621;82046256.00
20150730;22.83;23.60;21.81;21.99;4067574;93325808.00
20150731;21.05;21.99;20.50;21.10;2372178;50856988.00
20150803;20.80;21.47;19.01;19.10;2446583;48971420.00
20150804;19.07;21.01;19.07;21.01;3362974;68501168.00
20150805;21.20;21.84;20.80;21.13;3282522;70051008.00
20150806;20.60;21.77;20.40;21.65;2988628;63807808.00
20150807;21.99;23.30;21.99;23.23;3890335;88509464.00
20150810;23.25;25.06;23.25;24.78;3979126;95815472.00
20150811;24.83;24.85;23.78;24.32;4282145;104268472.00
20150812;23.90;24.32;23.71;23.99;2757065;66352104.00
20150813;23.39;26.25;23.39;25.46;3902920;97486456.00
20150814;26.00;27.53;25.01;26.90;5904515;157542768.00
20150817;26.35;28.89;26.10;28.29;4443887;122271312.00
20150818;28.23;29.00;25.46;25.46;4981776;133915296.00
20150819;24.70;26.48;23.01;26.00;4010089;97237576.00
20150820;25.00;25.90;24.10;24.26;2620823;65858768.00
20150821;23.40;24.00;21.83;21.83;4715873;106146504.00
20150824;20.05;20.70;19.65;19.65;2172824;43007692.00
20150825;17.69;17.69;17.69;17.69;948700;16782504.00
20150826;17.00;18.43;15.92;16.04;6168216;103248656.00
20150827;16.50;16.99;15.80;16.85;3817443;62980104.00
20150828;17.36;18.38;17.01;18.28;4099680;71564584.00
20150831;18.00;18.00;16.60;16.71;3590719;62151840.00
20150901;16.71;16.72;15.18;15.21;2869105;45258800.00
20150902;14.60;16.05;14.40;14.67;2879203;43362772.00
20150907;15.20;15.92;14.80;15.51;2828832;44160016.00
20150908;15.13;16.88;15.13;16.71;2555831;40634548.00
20150909;16.92;17.82;16.70;17.60;3543929;61827824.00
20150910;17.39;17.90;17.02;17.16;2182068;37992500.00
20150911;17.13;17.49;16.91;17.35;1497853;25867674.00
20150914;17.36;17.70;15.62;15.62;2717227;44717632.00
20150915;15.00;15.49;14.11;14.19;2135151;31523500.00
20150916;14.39;15.61;14.39;15.61;2706062;40562984.00
20150917;15.95;16.49;15.23;15.48;3233010;51486072.00
20150918;15.55;16.20;15.55;16.06;1927154;30541742.00
20150921;15.94;16.90;15.69;16.89;2525755;41332092.00
20150922;17.08;17.20;16.61;17.20;2487010;42222892.00
20150923;16.80;18.06;16.51;18.06;4559052;79004848.00
20150924;17.90;18.26;17.64;17.94;3522304;62988392.00
20150925;17.65;17.94;16.51;16.69;2196859;37682704.00
20150928;16.70;17.16;16.34;17.00;2048958;34636664.00
20150929;16.95;18.10;16.90;17.40;3850573;67387280.00
20150930;17.00;17.39;16.73;17.10;2669838;45534944.00
20151008;17.70;18.22;17.58;18.04;2806726;50413840.00
20151009;18.16;18.50;17.98;18.50;2444488;44475072.00
20151012;18.66;19.86;18.66;19.44;3633816;70253168.00
20151013;19.25;20.18;19.13;19.99;3301946;65020192.00
20151014;19.69;20.00;19.37;19.40;2012067;39408544.00
20151015;19.21;20.46;19.18;20.24;3107280;62184728.00
20151016;20.24;20.68;19.66;20.35;2936424;59397032.00
20151019;20.20;20.41;19.58;20.18;2288617;45869008.00
20151020;20.18;21.18;19.91;21.18;3132161;64577696.00
20151021;21.19;21.76;19.20;19.23;4152058;85903800.00
20151022;19.38;20.80;19.32;20.61;4442132;88717560.00
20151023;20.84;21.47;20.42;21.20;4238792;89108760.00
20151026;21.66;21.82;20.75;21.60;3734824;79862152.00
20151027;22.03;22.23;21.06;22.14;4142861;90518584.00
20151028;21.82;22.23;21.00;21.48;4189311;90569304.00
20151029;21.35;21.46;20.05;21.10;5186379;107305568.00
20151030;20.74;21.10;20.18;20.73;2277034;47140408.00
20151102;20.28;21.18;20.28;20.43;2241851;46312900.00
20151103;20.59;20.94;20.38;20.61;1620037;33486614.00
20151104;20.64;22.60;20.64;22.35;4705853;102856704.00
20151105;22.46;22.49;21.61;21.85;4366047;95748480.00
20151106;21.77;23.50;21.70;23.32;6643235;151383728.00
20151109;22.86;23.52;22.50;23.33;3957171;91378056.00
20151110;23.18;23.33;22.65;23.08;2623521;60281468.00
20151111;23.02;23.51;22.72;23.47;2795792;64414944.00
20151112;23.69;23.75;22.89;23.46;3401867;79116208.00
20151113;23.00;23.40;22.52;23.28;2838309;65431172.00
20151116;23.50;25.56;23.18;25.38;6802299;166515568.00
20151117;25.21;25.49;24.02;24.83;5745287;143060432.00
20151118;24.80;24.90;24.31;24.60;2408578;59212980.00
20151119;24.60;25.20;24.20;25.02;3560423;88271408.00
20151120;25.00;25.20;24.61;25.00;3338269;83156104.00
20151123;25.30;25.30;24.68;24.95;2885257;72203488.00
20151124;24.93;26.33;24.80;26.20;5330198;136403936.00
20151125;26.08;27.36;25.58;26.94;4547583;119578920.00
20151126;26.80;26.99;26.20;26.65;2716767;72323968.00
20151127;26.46;26.78;23.99;24.05;3750346;95180656.00
20151130;24.15;25.08;22.88;25.04;6443842;155869440.00
20151201;24.74;25.48;24.38;25.00;2699225;67296208.00
20151202;25.18;25.18;24.20;25.05;1970255;48976308.00
20151203;25.30;26.22;25.12;26.08;2119899;54814452.00
20151204;26.08;26.59;25.77;26.25;3086367;80968656.00
20151207;26.30;28.20;26.30;27.51;2992441;81632624.00
20151208;27.19;28.44;27.03;27.68;4469113;124792760.00
20151209;27.40;27.79;26.35;27.49;2498838;67667768.00
20151210;27.30;27.60;26.80;27.00;1411998;38238584.00
20151211;26.50;28.29;26.50;27.29;2238739;61245532.00
20151214;27.16;27.76;26.02;27.57;2476529;66072836.00
20151215;27.28;27.85;27.10;27.50;2261010;62219448.00
20151216;27.50;27.70;27.40;27.42;2224372;61244984.00
20151217;27.52;28.18;27.48;27.75;2488968;69228680.00
20151218;27.76;27.99;26.88;27.26;2593064;70972160.00
20151221;27.80;28.75;27.41;28.45;3581596;100929800.00
20151222;28.11;28.65;27.80;28.38;2009376;56635140.00
20151223;28.36;28.77;27.45;27.50;2724865;76337824.00
20151224;27.14;28.25;26.35;27.91;2388806;65022240.00
20151225;27.73;28.25;27.73;27.95;1202464;33661916.00
20151228;27.90;29.20;27.90;28.49;5091770;146275104.00
20151229;28.28;28.64;27.80;28.53;1658593;46773468.00
20151230;28.58;30.88;28.40;29.98;4288711;128692552.00
20151231;29.76;30.90;28.58;29.21;3256346;96235896.00
20160104;29.10;29.12;26.29;26.33;2645701;72959752.00
20160105;24.35;26.00;23.82;24.80;4481712;111605576.00
20160106;24.80;25.75;24.30;24.95;4878960;121559696.00
20160107;24.80;24.80;22.46;22.47;907000;21160156.00
20160108;21.81;23.38;21.35;22.00;5949018;132227024.00
20160111;21.18;21.41;19.80;19.80;5545817;113211720.00
20160112;19.78;20.30;18.40;19.77;3794656;73970320.00
20160113;19.97;20.06;18.60;18.77;2273678;44293116.00
20160114;18.20;19.98;17.70;19.98;3335524;63008572.00
20160115;19.92;19.92;18.65;19.50;2681356;51858480.00
20160118;18.71;20.10;18.71;19.86;3144502;61727696.00
20160119;19.69;21.00;19.60;20.80;3078198;62607780.00
20160120;20.65;21.09;20.09;20.20;2578056;53066776.00
20160121;19.97;20.70;19.01;19.02;2787417;55737596.00
20160122;19.35;19.75;18.78;19.51;1726778;33216316.00
20160125;19.58;20.30;19.58;20.28;3130051;62818788.00
20160126;19.91;20.14;18.28;18.40;2915255;56388312.00
20160127;18.80;18.88;16.90;18.01;3406370;60752076.00
20160128;17.86;18.16;17.10;17.40;2317581;41296884.00
20160129;17.30;19.14;17.30;18.72;3820232;71212920.00
20160201;18.72;19.19;18.41;19.10;2788821;52329552.00
20160202;18.89;20.06;18.89;19.96;2586678;51160372.00
20160203;19.77;19.90;19.22;19.68;1841170;36115996.00
20160204;19.65;20.44;19.50;19.99;3215081;64510428.00
20160205;19.99;20.10;19.17;19.17;2116307;41486836.00
20160215;18.40;19.88;18.40;19.79;2019574;38612448.00
20160216;20.00;20.38;19.82;20.20;4641302;93727288.00
20160217;20.07;20.38;19.80;20.22;4013536;80836472.00
20160218;20.50;20.77;20.12;20.19;3448726;70409096.00
20160219;20.18;20.34;19.90;20.22;1961926;39494168.00
20160222;20.28;20.75;20.28;20.61;2625538;53857116.00
20160223;20.78;20.78;19.94;20.21;2414521;49037572.00
20160224;20.18;20.46;19.53;20.29;2458073;49175940.00
20160225;20.20;20.27;18.26;18.26;2942206;56328876.00
20160226;18.33;18.48;16.97;17.72;3044909;54207212.00
20160229;17.70;17.70;15.95;15.96;3457682;56451944.00
20160301;16.01;16.60;15.65;16.33;2915594;47012232.00
20160302;16.38;17.45;16.36;17.35;3385952;57653436.00
20160303;17.39;18.43;17.33;18.15;4561520;81522424.00
20160304;17.82;18.07;17.05;17.63;2974886;52199688.00
20160307;17.78;18.07;17.50;17.76;2503947;44737596.00
20160308;17.80;18.12;17.01;18.08;2306668;40749876.00
20160309;17.74;17.97;17.40;17.80;1581792;27999576.00
20160310;17.94;18.68;17.63;17.63;3157099;57384716.00
20160311;17.20;17.38;16.90;17.30;2072636;35495724.00
20160314;17.55;18.15;17.50;17.97;2434455;43612440.00
20160315;17.93;18.40;17.88;18.15;2300495;41861008.00
20160316;18.42;18.70;17.95;17.96;2616361;48167612.00
20160317;17.98;18.82;17.97;18.69;2479215;45887696.00
20160318;18.88;19.51;18.76;19.50;3265266;62919488.00
20160321;19.86;20.31;19.86;20.20;3487241;70017848.00
20160322;20.18;20.40;19.92;20.17;1924408;38871264.00
20160323;20.17;20.43;20.01;20.36;1835527;37181840.00
20160324;20.36;20.80;20.03;20.50;2344582;47919928.00
20160325;20.40;21.05;20.36;20.96;2876036;59908888.00
20160328;20.96;21.50;20.21;20.37;3711972;77180256.00
20160329;20.30;20.45;19.34;19.43;2823998;55859956.00
20160330;19.65;20.39;19.59;20.38;2788109;55624484.00
20160331;20.30;20.83;20.30;20.60;3379245;69715608.00
20160401;20.53;20.69;19.83;20.33;2239652;45337548.00
20160405;20.25;21.22;20.25;21.18;3441583;71900176.00
20160406;21.27;21.70;21.11;21.60;3486305;74711720.00
20160407;21.60;21.69;21.11;21.30;3102617;66314808.00
20160408;21.10;21.10;20.40;20.67;3264301;67538328.00
20160411;20.74;21.44;20.73;21.36;2650841;56259304.00
20160412;21.37;21.71;21.12;21.35;3341075;71584344.00
20160413;21.40;22.36;21.40;21.91;4342268;95408152.00
20160414;22.20;22.27;21.82;22.23;2437655;53719640.00
20160415;22.32;23.12;22.32;22.77;3410205;77509528.00
20160418;22.60;22.64;22.18;22.50;2922556;65374532.00
20160419;22.55;23.34;22.52;22.74;2716004;62169472.00
20160420;22.96;23.08;20.47;21.21;4126097;88782208.00
20160421;21.10;21.39;20.61;20.62;2563910;53951828.00
20160422;20.33;21.10;20.08;21.07;1956869;40608384.00
20160425;20.94;21.30;20.72;21.20;1480368;31194680.00
20160426;20.89;21.55;20.83;21.54;2592435;54737344.00
20160427;21.64;22.34;21.47;22.17;3074918;67913488.00
20160428;22.16;22.26;21.30;21.66;2083508;45317060.00
20160429;21.50;21.90;21.21;21.51;1746969;37617256.00
20160503;21.48;22.39;21.37;22.36;2063609;45507192.00
20160504;22.44;22.85;22.21;22.42;2627189;59397644.00
20160505;22.48;22.90;22.27;22.79;1654149;37321880.00
20160506;22.87;22.98;20.98;21.05;3562159;77907664.00
20160509;20.76;20.76;19.35;19.49;4941979;97768456.00
20160510;19.30;19.69;19.10;19.35;2884791;55708512.00
20160511;19.48;19.55;19.00;19.31;3515102;67819208.00
20160512;19.03;21.18;18.60;20.61;3982351;77909504.00
20160513;20.33;20.87;19.92;20.28;6246106;127455608.00
20160516;19.88;19.88;18.85;19.66;5020456;96965608.00
20160517;19.66;19.78;19.32;19.51;2190794;42822188.00
20160518;19.50;19.50;18.12;18.43;2595888;48657412.00
20160519;18.45;18.97;18.37;18.48;1730007;32291678.00
20160520;18.32;18.70;18.12;18.70;1236325;22893926.00
20160523;18.71;19.15;18.69;19.08;1851282;35038712.00
20160524;19.13;19.13;18.81;18.97;1435204;27206366.00
20160525;19.03;19.35;18.91;19.19;1668153;31900112.00
20160526;19.09;19.34;18.53;19.23;1949025;36899756.00
20160527;19.20;19.29;19.02;19.15;1175804;22554354.00
20160530;19.08;19.26;18.80;19.08;1190178;22745518.00
20160531;19.08;20.00;19.05;19.97;3238432;63677768.00
20160601;19.98;20.23;19.85;20.12;2106352;42254256.00
20160602;20.11;20.27;20.01;20.19;1772448;35691300.00
20160603;20.18;20.50;20.15;20.38;2060930;41839032.00
20160606;20.32;20.70;20.28;20.58;1980065;40643524.00
20160607;20.57;20.57;20.28;20.44;1338864;27330462.00
20160608;20.40;20.67;20.26;20.53;1306938;26761078.00
20160613;20.17;20.35;19.11;19.14;2275197;45159664.00
20160614;19.02;19.20;18.81;18.95;1653553;31369838.00
20160615;18.86;20.01;18.81;19.89;1855245;36330124.00
20160616;19.96;20.06;19.60;19.66;1718465;33963092.00
20160617;19.72;20.27;19.72;20.01;2215359;44429644.00
20160620;19.88;20.10;19.37;20.00;2489734;49044804.00
20160621;20.04;20.82;20.04;20.16;4580874;93686136.00
20160622;20.04;20.68;20.04;20.61;2124507;43400928.00
20160623;20.60;20.80;20.21;20.38;1657440;33856048.00
20160624;20.38;20.54;19.67;20.09;2194641;44206688.00
20160627;19.83;20.67;19.82;20.60;2164570;44176496.00
20160628;20.40;21.15;20.30;21.03;2670045;55531620.00
20160629;21.02;21.11;20.71;20.80;2309590;48247816.00
20160630;20.86;21.37;20.80;21.16;2406184;50785204.00
