20111122;28.80;29.34;27.50;28.76;18923210;540541888.00
20111123;28.01;28.43;27.50;28.28;9802459;274309952.00
20111124;27.01;27.35;26.18;27.00;7509403;202159920.00
20111125;26.75;27.82;26.18;26.18;5890041;159029696.00
20111128;26.30;27.95;26.30;27.50;6899146;187560752.00
20111129;27.45;27.54;26.90;27.25;4038839;109883040.00
20111130;27.02;27.20;24.53;24.90;5530049;141739024.00
20111201;25.63;26.45;25.31;25.37;4352380;112375168.00
20111202;25.05;26.34;24.57;25.67;4359693;111864920.00
20111205;25.59;25.60;24.63;24.81;2602392;65093788.00
20111206;25.98;27.29;25.80;27.29;4657811;125060096.00
20111207;27.98;28.92;27.56;28.59;12270354;346120800.00
20111208;27.90;29.29;27.70;28.42;9228198;261970800.00
20111209;28.15;28.48;27.55;28.25;5779780;161772384.00
20111212;27.89;28.25;27.33;27.66;4931687;136744352.00
20111213;27.36;28.56;27.20;28.09;6749049;188423840.00
20111214;27.71;27.87;25.48;25.88;6060698;160016240.00
20111215;25.61;26.56;25.20;25.49;3875736;100267664.00
20111216;25.60;26.50;24.89;26.33;4300052;110708728.00
20111219;25.90;26.98;25.35;26.83;3954420;102830904.00
20111220;26.44;27.20;25.41;25.89;4656978;122281712.00
20111221;26.01;28.48;25.62;28.48;10014178;275672704.00
20111222;27.92;28.95;26.50;27.38;11279701;312759968.00
20111223;26.80;28.70;26.58;27.58;7652933;210774304.00
20111226;26.85;27.20;25.89;25.91;6129759;162741360.00
20111227;25.47;25.88;23.32;23.32;4997500;124380312.00
20111228;22.48;22.48;21.02;21.70;4899632;106043384.00
20111229;21.48;22.20;21.31;21.40;2916252;63478912.00
20111230;21.66;22.18;21.50;21.82;3244006;70690672.00
20120104;21.95;22.56;21.20;21.20;3836311;84438064.00
20120105;20.55;20.60;19.08;19.08;4775310;92767976.00
20120106;18.64;19.48;18.40;19.34;3174156;59842224.00
20120109;19.10;20.20;18.66;20.07;3945562;77019056.00
20120110;19.87;21.42;19.75;21.19;5278866;108333720.00
20120111;21.10;21.48;20.68;20.91;3687909;77466640.00
20120112;20.90;21.46;20.75;20.84;3093412;65152192.00
20120113;20.70;20.87;18.91;18.91;3998015;78541096.00
20120116;18.21;18.60;17.52;17.52;2339225;42464692.00
20120117;17.68;18.91;17.63;18.90;2517776;46084248.00
20120118;18.90;19.19;17.61;17.82;2537994;47044844.00
20120119;17.56;18.80;17.55;18.36;1964673;35870420.00
20120120;18.36;19.19;18.36;18.80;1942849;36661912.00
20120130;19.00;19.80;18.81;19.21;2623583;50602168.00
20120131;19.06;19.20;18.62;19.05;1631782;30824532.00
20120201;19.03;19.59;18.83;19.23;2270009;43700108.00
20120202;19.25;19.55;19.09;19.53;2263694;43742128.00
20120203;20.11;21.10;20.11;20.57;5780518;118718696.00
20120206;20.31;20.74;20.16;20.54;2914958;59504344.00
20120207;20.30;20.45;19.60;19.73;2446652;48738124.00
20120208;19.51;20.48;19.51;20.47;2599582;52182884.00
20120209;20.38;20.79;20.26;20.47;2887163;59319508.00
20120210;20.40;21.27;20.28;21.05;3778109;78962400.00
20120213;20.80;21.81;20.66;21.50;3204376;68752216.00
20120214;21.40;21.48;20.98;21.27;1862519;39458608.00
20120215;21.37;21.64;20.86;21.63;2770137;58983772.00
20120216;21.40;21.66;21.10;21.25;1946894;41507636.00
20120217;21.31;21.51;21.00;21.20;1629359;34625596.00
20120220;21.40;21.57;21.12;21.19;1698704;36103760.00
20120221;21.02;21.59;20.92;21.58;2132168;45442652.00
20120222;21.51;22.48;21.51;22.33;3947484;87069952.00
20120223;22.11;22.98;21.94;22.62;3598981;80679000.00
20120224;22.61;22.88;22.35;22.75;2446623;55481800.00
20120227;22.75;23.04;22.41;22.62;2960667;67265976.00
20120228;22.49;22.50;21.75;22.16;2908679;64351076.00
20120229;22.20;22.20;21.38;21.49;2597774;56629652.00
20120301;21.50;21.79;21.32;21.49;2315086;49904764.00
20120302;22.44;23.64;22.27;23.64;3930834;90647544.00
20120305;24.48;24.60;23.81;24.13;9484521;229519744.00
20120306;23.89;23.94;23.15;23.78;4895411;115064600.00
20120307;23.35;24.17;23.28;23.73;3759550;89259728.00
20120308;23.71;23.95;23.20;23.50;3193735;75076272.00
20120309;23.56;23.87;23.23;23.84;3011154;71161400.00
20120312;23.83;24.18;23.71;24.00;2747790;65672964.00
20120313;24.00;24.08;23.56;24.00;2451479;58393344.00
20120314;24.00;24.59;22.40;22.74;4813388;114372360.00
20120315;22.59;22.95;22.00;22.34;2698950;60430152.00
20120316;22.61;23.34;22.20;23.26;2811048;64445484.00
20120319;23.20;23.86;22.90;23.67;2230706;52200356.00
20120320;23.45;23.48;22.59;22.76;2027855;46721548.00
20120321;22.94;23.15;21.97;22.89;2183402;49253464.00
20120322;22.66;22.88;22.50;22.61;1129051;25619200.00
20120323;22.33;23.05;22.17;22.36;1647076;37138976.00
20120326;22.10;22.54;22.01;22.36;1261897;28132458.00
20120327;22.67;22.76;22.42;22.48;1238786;27961952.00
20120328;22.36;22.55;20.50;20.55;2414909;51176308.00
20120329;20.24;20.86;19.80;20.18;1629272;33037638.00
20120330;18.96;19.40;18.16;18.39;3724388;69517984.00
20120405;18.71;19.20;18.39;18.96;2204098;41558700.00
20120406;18.95;19.28;18.86;19.11;1621653;30886470.00
20120409;19.01;19.02;18.60;18.77;1217809;22860650.00
20120410;18.70;18.99;18.05;18.96;1651389;30581010.00
20120411;18.65;19.10;18.52;19.10;1330407;25046618.00
20120412;19.18;19.58;19.12;19.57;2322079;44979152.00
20120413;19.45;19.84;19.45;19.54;1830449;35904144.00
20120416;19.30;19.44;19.13;19.32;1189393;22896800.00
20120417;19.28;19.60;19.16;19.60;1472845;28537032.00
20120418;19.50;19.50;18.84;19.41;3140730;60264380.00
20120419;19.27;19.48;19.17;19.27;1566245;30269964.00
20120423;19.39;19.48;18.21;18.38;2096549;39416244.00
20120424;18.20;18.99;18.15;18.88;1536726;28462818.00
20120425;18.90;19.14;18.76;18.94;1132988;21515836.00
20120426;18.90;19.17;18.56;18.63;935474;17496992.00
20120427;18.56;18.79;18.51;18.73;476415;8891753.00
20120502;18.92;18.92;18.41;18.69;1012655;18841230.00
20120503;18.55;18.89;18.31;18.81;1598530;29749696.00
20120504;18.74;19.50;18.64;19.37;1802872;34460712.00
20120507;19.17;19.43;19.08;19.42;1511179;29090898.00
20120508;19.40;19.72;19.19;19.48;1505507;29311632.00
20120509;19.40;19.42;19.13;19.16;920160;17719298.00
20120510;19.10;19.43;19.02;19.25;787980;15166702.00
20120511;19.18;19.76;19.15;19.41;1308900;25555464.00
20120514;19.51;19.58;19.18;19.28;912736;17683224.00
20120515;19.05;19.05;18.56;18.70;1015469;18981944.00
20120516;18.70;18.82;18.50;18.62;637144;11892100.00
20120517;18.68;19.07;18.41;18.99;898120;16904680.00
20120518;18.82;18.82;18.45;18.51;823422;15307141.00
20120521;18.53;18.72;18.12;18.20;778132;14291592.00
20120522;18.30;18.45;18.22;18.41;518349;9505764.00
20120523;18.35;18.46;17.79;18.31;1028898;18648476.00
20120524;18.21;18.48;18.12;18.21;547427;10021481.00
20120525;18.23;18.24;17.63;17.68;626209;11191515.00
20120528;17.50;17.66;17.01;17.57;700137;12149655.00
20120529;17.62;17.99;17.35;17.86;707920;12599483.00
20120530;17.79;18.17;17.79;17.92;609118;10937147.00
20120531;17.81;18.30;17.69;18.14;970961;17430538.00
20120601;18.08;18.36;17.88;18.02;549810;9936581.00
20120604;17.80;17.80;17.23;17.26;661600;11553636.00
20120605;17.40;17.53;17.05;17.42;611506;10568755.00
20120606;17.42;18.48;17.29;18.35;2328447;41926404.00
20120607;18.29;18.33;17.87;17.94;2202667;39786360.00
20120608;18.10;18.10;17.50;17.57;986997;17518376.00
20120611;17.57;18.06;17.48;18.00;692216;12341926.00
20120612;17.90;18.30;17.52;18.19;1238963;22086616.00
20120613;18.04;18.37;17.98;18.30;1208731;21971578.00
20120614;18.26;18.37;18.04;18.25;948412;17289292.00
20120615;18.27;18.45;18.00;18.38;942868;17227398.00
20120618;18.40;18.65;18.25;18.50;1115622;20685820.00
20120619;18.43;18.47;18.16;18.20;994205;18186780.00
20120620;18.19;18.55;18.19;18.32;684872;12557445.00
20120621;18.30;18.59;18.00;18.05;1079762;19813694.00
20120626;17.40;18.07;16.80;17.87;1230660;21294030.00
20120627;17.58;18.59;17.51;17.55;877919;15715588.00
20120628;17.56;17.66;17.05;17.05;655672;11345227.00
20120629;16.96;17.32;16.84;17.26;639309;10895597.00
20120702;16.85;16.88;16.06;16.22;2371557;38601720.00
20120703;16.13;16.56;15.89;16.23;1643412;26525754.00
20120704;16.30;16.33;16.10;16.12;984062;15954165.00
20120705;15.99;15.99;15.32;15.32;1098272;17039602.00
20120706;15.40;15.66;15.23;15.58;843341;13054097.00
20120709;15.37;15.58;15.15;15.16;642935;9879733.00
20120710;15.06;15.21;14.71;14.75;706070;10500074.00
20120711;14.73;15.39;14.57;15.27;1031094;15448514.00
20120712;15.15;15.67;15.04;15.32;1004853;15349222.00
20120713;15.23;15.32;14.85;14.87;640790;9636318.00
20120716;14.87;14.87;13.72;13.78;1011405;14247846.00
20120717;13.78;14.03;13.76;13.93;422247;5857748.50
20120718;13.90;13.97;13.61;13.92;406059;5603286.00
20120719;13.93;14.52;13.93;14.23;989417;14078323.00
20120720;14.27;14.27;14.03;14.14;463018;6545718.50
20120723;13.98;14.09;13.71;13.95;364599;5077151.00
20120724;13.81;14.33;13.78;14.17;432701;6116465.00
20120725;14.05;14.43;14.05;14.19;589391;8411356.00
20120726;14.19;14.28;14.07;14.15;445424;6308412.00
20120727;14.17;14.24;14.07;14.12;223089;3152978.75
20120730;14.22;14.40;13.63;13.68;506440;7047334.00
20120731;13.60;13.63;13.09;13.15;593726;7853174.50
20120801;13.19;13.68;13.19;13.50;612756;8219416.50
20120802;13.50;13.79;13.18;13.40;823442;11097033.00
20120803;13.40;13.96;13.28;13.63;781596;10644076.00
20120806;13.63;14.10;13.46;14.02;1007990;13900593.00
20120807;13.99;14.25;13.90;14.13;726033;10202097.00
20120808;14.13;14.45;14.07;14.32;1287466;18421332.00
20120809;14.20;14.65;14.16;14.61;1176034;17013656.00
20120810;14.55;14.71;14.52;14.61;896581;13105970.00
20120813;14.61;14.61;14.30;14.30;649728;9372350.00
20120814;14.36;14.45;13.98;14.43;563388;8011224.00
20120815;14.40;14.40;14.11;14.15;438576;6258874.00
20120816;14.26;14.26;13.85;13.96;387046;5434287.50
20120817;13.98;14.06;13.72;14.02;325200;4523798.50
20120820;13.89;14.10;13.73;14.07;525476;7296592.50
20120821;14.00;14.74;14.00;14.46;1316397;18983476.00
20120822;14.50;14.51;14.28;14.30;908288;13026936.00
20120823;14.22;14.77;14.22;14.75;1630316;23765256.00
20120824;14.62;15.38;14.53;14.96;2775528;41689756.00
20120827;14.78;15.32;14.40;15.15;2003790;29856346.00
20120828;15.10;15.16;14.72;15.10;998482;14987188.00
20120829;15.04;16.48;14.84;15.45;2432357;37851404.00
20120830;15.29;15.68;14.98;15.02;2125542;32426480.00
20120831;15.09;15.59;14.96;15.55;1176426;17944014.00
20120903;15.40;15.83;15.29;15.68;1388036;21638078.00
20120904;15.68;16.28;15.67;16.14;2591823;41679924.00
20120905;16.14;16.25;15.81;16.22;1115381;17901908.00
20120906;16.19;16.41;16.01;16.20;919379;14838540.00
20120907;16.25;16.79;16.15;16.48;2147314;35207428.00
20120910;16.42;16.55;16.24;16.31;1820305;29783826.00
20120911;16.34;16.40;15.90;16.15;1219386;19569288.00
20120912;16.20;16.36;16.09;16.35;1177627;19126062.00
20120913;16.16;16.79;15.94;16.05;1705291;27905332.00
20120914;15.96;16.02;15.51;15.58;1338249;21023780.00
20120917;15.69;15.69;15.15;15.17;802838;12269267.00
20120918;15.06;15.23;15.00;15.22;471682;7134470.00
20120919;15.24;15.36;15.20;15.24;623510;9520599.00
20120920;15.29;16.15;14.90;15.19;1075356;16573940.00
20120921;15.00;15.23;14.91;15.01;528113;7955946.00
20120924;15.01;15.01;14.35;14.75;574060;8397617.00
20120925;14.75;14.85;14.26;14.27;393740;5723819.00
20120926;14.25;14.33;13.90;14.11;524760;7386809.50
20120927;14.00;14.56;14.00;14.51;702898;10113338.00
20120928;14.45;14.70;14.32;14.69;441284;6414555.50
20121008;14.70;14.80;14.59;14.77;370404;5453318.00
20121009;14.77;15.28;14.77;15.10;378652;5702958.00
20121010;15.10;15.27;15.02;15.15;383888;5817000.50
20121011;15.14;15.23;14.88;14.88;704017;10595071.00
20121012;14.96;15.13;14.80;14.83;364905;5444770.00
20121015;14.70;14.86;14.50;14.60;219600;3220648.25
20121016;14.59;14.76;14.56;14.65;156066;2291355.00
20121017;14.68;14.68;14.30;14.50;231281;3339763.25
20121018;14.40;14.83;14.40;14.75;265709;3915961.00
20121019;14.87;15.24;14.68;15.15;725236;10910282.00
20121022;15.00;15.29;14.86;15.25;326769;4946614.00
20121023;15.30;15.30;14.85;14.85;327293;4916998.50
20121024;14.61;14.94;14.61;14.73;169000;2499919.00
20121025;14.64;14.81;14.40;14.52;218502;3193803.25
20121026;14.38;14.51;14.03;14.07;216951;3092547.75
20121029;14.07;14.07;13.40;13.54;533666;7227726.00
20121030;13.60;13.63;13.43;13.52;236606;3197521.50
20121031;13.43;13.52;13.23;13.47;332333;4442618.00
20121101;13.48;13.78;13.45;13.72;652628;8916619.00
20121102;13.71;14.00;13.70;13.84;365707;5068002.50
20121105;13.81;13.83;13.48;13.74;245886;3359406.25
20121106;13.68;13.75;13.50;13.70;284459;3873747.00
20121107;13.87;13.95;13.41;13.93;297931;4100509.00
20121108;13.88;13.88;13.61;13.63;248704;3403582.75
20121109;13.80;13.82;13.54;13.77;222665;3055031.00
20121112;13.83;13.98;13.71;13.97;324397;4509455.00
20121113;13.81;13.96;13.55;13.55;189420;2601030.00
20121114;13.42;13.79;13.39;13.56;199789;2709567.50
20121115;13.17;13.46;13.15;13.15;197980;2632597.25
20121116;13.02;13.19;13.02;13.11;121129;1586913.88
20121119;13.05;13.23;13.04;13.15;163411;2149035.50
20121120;13.18;13.50;13.07;13.49;451130;6017989.00
20121121;13.37;14.49;13.18;13.89;1143656;15884650.00
20121122;13.52;14.04;13.46;13.77;619870;8497540.00
20121123;13.68;13.86;13.50;13.51;401390;5490534.00
20121126;13.47;13.47;13.23;13.28;318358;4244191.50
20121127;13.28;13.28;12.12;12.17;459843;5824713.00
20121128;12.20;12.29;11.70;11.85;341128;4062667.25
20121129;11.85;11.89;11.61;11.61;225683;2656477.00
20121130;11.49;11.86;11.49;11.77;278842;3259018.00
20121203;10.99;11.89;10.99;11.36;148570;1729533.25
20121204;11.34;11.64;11.05;11.59;142015;1621650.50
20121205;11.51;12.11;11.51;11.93;381529;4537093.00
20121206;12.09;12.10;11.61;11.75;289694;3408092.25
20121207;11.71;12.08;11.52;12.08;492095;5851449.50
20121210;12.10;12.41;12.01;12.33;595149;7264456.00
20121211;12.43;12.58;12.15;12.20;370538;4548925.50
20121212;12.15;12.24;11.97;12.05;265701;3204692.25
20121213;12.05;12.32;11.83;11.84;667376;8026633.50
20121214;11.85;12.39;11.66;12.28;836097;10165738.00
20121217;12.30;12.47;12.19;12.38;720812;8881070.00
20121218;12.35;12.69;12.20;12.43;797772;9930427.00
20121219;12.49;12.78;12.41;12.65;710706;8972130.00
20121220;12.64;12.66;12.46;12.56;762959;9565543.00
20121221;12.61;13.08;12.41;12.75;2004520;25610922.00
20121224;12.76;13.15;12.76;13.04;1351484;17565252.00
20121225;12.81;13.60;12.81;13.55;2198997;29414886.00
20121226;13.50;14.48;13.36;14.40;2462681;34691436.00
20121227;14.51;14.70;13.90;14.65;2259819;32322292.00
20121228;14.50;15.65;14.11;15.63;2392889;35934040.00
20121231;15.41;17.10;15.20;17.00;3423661;54806220.00
20130104;16.80;16.95;16.07;16.30;2180748;35835080.00
20130107;15.78;16.14;15.78;16.00;2029975;32281110.00
20130108;16.00;16.00;15.46;15.71;2654629;41423892.00
20130109;15.55;15.63;15.36;15.44;2244097;34740924.00
20130110;15.46;15.59;15.28;15.43;1653071;25494440.00
20130111;15.45;15.58;14.93;15.02;1902671;29263968.00
20130114;14.95;15.58;14.81;15.51;3132103;47737564.00
20130115;15.51;15.72;15.35;15.53;2947428;45803652.00
20130116;15.51;15.51;14.98;15.26;1501388;22859094.00
20130117;15.20;15.45;15.03;15.11;1066700;16230672.00
20130118;15.28;15.29;14.90;15.18;1590486;24013498.00
20130121;15.25;15.69;15.13;15.68;2472293;38202304.00
20130122;15.69;15.69;14.90;14.98;1772330;27170630.00
20130123;14.84;14.84;14.35;14.62;1654226;24017790.00
20130124;14.68;14.75;14.24;14.30;1590856;23089816.00
20130125;14.30;14.45;14.18;14.36;520561;7464427.00
20130128;14.39;14.73;14.39;14.66;926021;13505380.00
20130129;14.61;14.81;14.60;14.64;854603;12555400.00
20130130;14.64;14.70;14.50;14.70;664157;9690296.00
20130131;14.61;14.75;14.43;14.45;598797;8678623.00
20130201;14.33;14.65;14.33;14.54;530615;7686946.50
20130204;14.54;15.25;14.52;15.01;1809076;26920570.00
20130205;14.80;14.94;14.33;14.80;1125225;16606569.00
20130206;14.78;14.99;14.60;14.91;620989;9240558.00
20130207;14.80;14.99;14.79;14.88;555126;8252598.00
20130208;14.81;15.17;14.80;15.11;771834;11598505.00
20130218;15.10;15.47;15.10;15.41;1115919;17017550.00
20130219;15.42;15.42;14.85;14.88;893982;13428753.00
20130220;14.90;15.15;14.90;15.06;582736;8740785.00
20130221;15.03;15.03;14.40;14.44;1049259;15321429.00
20130222;14.47;14.67;14.46;14.54;540423;7866978.50
20130225;14.79;14.79;14.49;14.64;480933;7018827.00
20130226;14.50;14.88;14.44;14.61;1068678;15661125.00
20130227;14.46;14.74;14.38;14.38;639196;9259628.00
20130228;14.40;14.67;14.19;14.65;765819;11108628.00
20130301;14.68;15.16;14.68;15.10;1425555;21325046.00
20130304;15.00;15.36;14.61;14.70;1612788;24309770.00
20130305;14.70;15.18;14.45;15.11;1032153;15428857.00
20130306;15.23;15.47;15.10;15.36;1371624;21014620.00
20130307;15.23;15.58;14.94;15.19;1151512;17584926.00
20130308;15.16;15.35;15.03;15.18;743012;11315926.00
20130311;15.15;15.39;14.97;15.38;698013;10667503.00
20130312;15.31;15.42;14.18;14.68;1022236;15163233.00
20130313;14.40;14.66;13.96;13.96;1036830;14700218.00
20130314;13.90;14.01;13.82;13.96;512527;7139971.50
20130315;13.96;14.32;13.82;14.05;520629;7301917.00
20130318;14.05;14.08;13.89;13.99;454649;6350587.50
20130319;14.00;14.12;13.70;14.06;533291;7460013.50
20130320;14.08;14.45;14.01;14.40;615502;8825602.00
20130321;14.41;15.20;14.40;14.82;798340;11855849.00
20130322;14.90;15.21;14.81;15.07;830255;12482389.00
20130325;15.27;15.28;14.66;14.84;368708;5469154.50
20130326;14.79;15.04;14.51;14.92;534472;7882119.00
20130327;14.99;15.18;14.82;14.85;273101;4069803.25
20130328;14.78;14.95;13.91;14.07;691206;9865872.00
20130329;13.93;13.93;13.23;13.59;943115;12765397.00
20130401;13.33;13.68;13.33;13.46;271200;3664948.00
20130402;13.46;13.63;12.94;13.15;667527;8823091.00
20130403;13.02;13.27;13.02;13.23;277502;3656016.25
20130408;13.24;13.38;12.82;13.38;309739;4038248.25
20130409;13.37;13.63;13.01;13.62;288406;3866360.25
20130410;13.59;13.59;13.30;13.43;214107;2875737.75
20130411;13.36;13.58;13.30;13.33;167048;2242841.00
20130412;13.44;13.44;13.15;13.33;127000;1679926.00
20130415;13.18;13.20;12.90;13.16;153317;1997205.63
20130416;13.01;13.87;13.01;13.52;290888;3875001.25
20130417;13.53;13.70;13.39;13.70;399860;5434723.00
20130418;13.65;13.88;13.52;13.72;179020;2451494.25
20130419;13.64;13.95;13.60;13.75;539718;7472613.50
20130422;13.80;13.80;13.30;13.61;417121;5632850.50
20130423;13.50;13.60;13.29;13.33;528107;7065593.00
20130424;13.33;13.70;13.30;13.51;306564;4129190.50
20130425;13.51;13.67;13.38;13.43;402727;5437107.00
20130426;13.40;13.40;12.90;12.90;659209;8603350.00
20130502;12.68;13.39;12.66;13.03;366423;4777666.50
20130503;13.03;13.20;12.92;13.15;197893;2601089.50
20130506;13.04;13.79;13.04;13.46;339002;4557920.50
20130507;13.43;13.72;13.43;13.55;491471;6685460.00
20130508;13.56;13.67;13.34;13.64;607984;8201339.00
20130509;13.65;13.68;13.46;13.66;680448;9225640.00
20130510;13.66;14.38;13.56;14.26;1503391;21086946.00
20130513;14.13;14.34;13.90;14.00;855116;12052380.00
20130514;14.07;14.08;13.76;14.00;601984;8347093.00
20130515;13.85;14.10;13.80;14.06;351596;4915938.50
20130516;14.08;14.28;13.94;14.11;662643;9378503.00
20130517;14.08;14.49;13.99;14.43;946161;13529456.00
20130520;14.43;14.71;14.32;14.60;972988;14089500.00
20130521;14.64;14.64;14.40;14.61;894050;12990930.00
20130522;14.53;14.74;14.21;14.30;536968;7769313.00
20130523;14.27;15.13;14.21;14.72;1526930;22455258.00
20130524;14.68;14.85;14.56;14.83;792732;11659360.00
20130527;14.88;15.12;14.72;15.10;1050350;15728450.00
20130528;15.09;15.10;14.71;15.04;964142;14394987.00
20130529;15.03;15.13;14.85;15.06;601083;9023103.00
20130530;14.96;15.70;14.96;15.49;1406248;21653742.00
20130531;15.51;15.59;15.26;15.26;811439;12510459.00
20130603;15.31;15.35;14.95;14.99;604276;9127790.00
20130604;14.94;14.94;14.31;14.38;577944;8424012.00
20130605;14.36;14.85;14.36;14.49;318504;4643986.00
20130606;14.32;14.55;14.22;14.25;236199;3388968.50
20130607;14.25;14.43;13.89;13.97;247813;3501433.00
20130613;13.88;13.88;13.30;13.62;292326;3956780.75
20130614;13.67;13.86;13.60;13.81;219591;3023108.25
20130617;13.77;14.05;13.76;13.91;295805;4110145.75
20130618;13.85;14.07;13.84;13.93;226639;3155467.75
20130619;14.05;14.07;13.53;14.01;323196;4486292.50
20130620;10.62;10.72;10.18;10.18;338729;3564045.25
20130621;10.17;10.29;9.90;10.04;321050;3215963.50
20130624;9.64;10.16;9.30;9.48;259481;2515207.50
20130625;9.42;9.59;8.53;9.55;509926;4602197.50
20130626;9.57;9.63;9.25;9.56;250036;2368207.75
20130627;9.61;9.86;9.40;9.46;417477;4027422.00
20130628;9.51;9.69;9.17;9.26;312038;2944915.00
20130701;9.20;9.40;9.06;9.39;164883;1532448.00
20130702;9.42;9.47;9.25;9.39;276556;2589058.75
20130703;9.40;9.44;9.20;9.34;224519;2088368.13
20130704;9.42;9.65;9.20;9.64;588804;5599867.50
20130705;9.60;9.79;9.36;9.47;409041;3903294.00
20130708;9.43;9.43;9.01;9.01;326924;2978368.75
20130709;8.98;9.13;8.90;9.01;167591;1511098.50
20130710;8.86;9.20;8.85;9.19;315264;2857771.50
20130711;9.12;9.55;9.12;9.40;426207;3982778.75
20130712;9.36;10.33;9.30;9.70;1483689;14484789.00
20130715;9.78;9.93;9.65;9.80;981794;9594600.00
20130716;9.85;9.88;9.70;9.82;541363;5309653.00
20130717;9.72;9.85;9.51;9.52;517275;4996855.00
20130718;9.60;9.78;9.43;9.64;366224;3507089.75
20130719;9.66;9.72;9.23;9.28;340150;3236725.25
20130722;9.18;9.58;9.14;9.52;537143;5058621.00
20130723;9.49;9.84;9.49;9.84;918081;8908545.00
20130724;9.83;9.88;9.60;9.84;714343;6965305.50
20130725;9.80;9.83;9.60;9.67;445575;4325466.00
20130726;9.76;9.90;9.53;9.75;740296;7191015.50
20130729;9.70;10.20;9.67;10.07;1575565;15682332.00
20130730;10.02;10.19;9.86;10.00;1114529;11136517.00
20130731;9.94;10.98;9.94;10.50;2279565;23989656.00
20130801;10.38;10.90;10.26;10.83;2312149;24723072.00
20130802;10.76;11.36;10.70;11.36;3017829;33585264.00
20130805;11.20;11.61;11.12;11.29;1974230;22434914.00
20130806;11.29;11.49;11.09;11.42;2323903;26385942.00
20130807;11.35;11.38;10.95;11.00;1606755;17888210.00
20130808;10.88;11.43;10.64;11.43;1546345;17325386.00
20130809;11.54;11.54;11.00;11.30;1289236;14519243.00
20130812;11.30;11.43;11.01;11.18;1163334;12995511.00
20130813;11.23;11.23;10.97;11.12;792632;8764484.00
20130814;11.12;11.17;10.94;10.98;840914;9305369.00
20130815;10.92;11.12;10.80;10.88;663410;7275224.00
20130816;10.73;10.99;10.39;10.42;961859;10295604.00
20130819;10.37;10.79;10.35;10.79;1027981;10843679.00
20130820;10.67;10.86;10.55;10.69;564666;6050047.00
20130821;10.72;11.76;10.61;11.76;8663771;101161064.00
20130822;11.73;12.89;11.41;12.39;9589977;114232336.00
20130823;12.00;12.19;11.61;11.88;5332715;63720400.00
20130826;11.85;12.41;11.71;12.34;5342108;64713032.00
20130827;12.57;12.70;12.02;12.30;5377582;66725260.00
20130828;12.39;12.39;11.85;11.94;3795726;45753652.00
20130829;11.92;12.16;11.72;11.99;1922495;22978148.00
20130830;11.90;11.90;11.08;11.28;2581406;29820108.00
20130902;11.28;11.58;11.11;11.57;1253228;14243164.00
20130903;11.56;11.78;11.31;11.69;1315687;15244302.00
20130904;11.85;11.85;11.48;11.56;974065;11285365.00
20130905;11.56;11.88;11.40;11.58;1018981;11865001.00
20130906;11.59;11.61;11.30;11.50;1506607;17170604.00
20130909;11.68;11.68;11.50;11.59;1116711;12943996.00
20130910;11.59;11.60;11.37;11.60;1350825;15497531.00
20130911;11.60;11.60;10.90;11.02;1875918;20976974.00
20130912;11.01;11.11;10.77;10.81;1328157;14463504.00
20130913;10.81;11.19;10.66;11.14;1288924;14113286.00
20130916;11.17;11.30;11.02;11.09;900077;10041104.00
20130917;11.08;11.18;10.85;11.04;526107;5796526.50
20130918;11.08;11.15;10.87;11.10;769290;8453271.00
20130923;11.10;11.35;11.00;11.27;1410086;15842444.00
20130924;11.22;11.33;11.05;11.13;804832;8981356.00
20130925;11.11;11.11;10.70;10.73;1870359;20329228.00
20130926;10.77;10.86;10.65;10.73;671952;7227358.50
20130927;10.74;10.77;10.35;10.60;2084348;21893714.00
20130930;10.56;10.63;10.30;10.45;1053381;10987556.00
20131008;10.45;10.71;10.38;10.67;903076;9528459.00
20131009;10.67;10.74;10.59;10.73;687407;7342815.50
20131010;10.73;10.91;10.69;10.74;986808;10664467.00
20131011;10.86;10.93;10.74;10.93;946620;10288589.00
20131014;10.99;10.99;10.77;10.93;1381496;14989778.00
20131015;10.88;10.93;10.72;10.77;827242;8941670.00
20131016;10.82;10.83;10.04;10.23;1465092;15363820.00
20131017;10.25;10.43;10.18;10.20;950130;9766323.00
20131018;10.24;10.59;10.23;10.31;524410;5426034.00
20131021;10.44;10.57;10.35;10.57;1009107;10559268.00
20131022;10.57;10.76;10.48;10.51;1009371;10684905.00
20131023;10.47;10.57;10.30;10.35;768823;8039116.50
20131024;10.28;10.49;10.25;10.35;440191;4556210.00
20131025;10.31;10.44;9.78;9.93;1197261;11982957.00
20131028;9.99;10.01;9.80;9.86;568404;5606899.50
20131029;9.86;9.94;9.02;9.31;1239663;11719303.00
20131030;9.33;9.53;9.26;9.50;531175;4997058.50
20131031;9.50;9.52;9.33;9.47;403944;3803995.50
20131101;9.45;9.87;9.33;9.70;889436;8625019.00
20131104;9.61;9.84;9.59;9.74;390565;3773255.25
20131105;9.70;9.81;9.56;9.80;528182;5124267.00
20131106;9.85;9.87;9.71;9.75;450936;4411150.00
20131107;9.73;9.84;9.62;9.83;538250;5252800.00
20131108;9.84;9.84;9.65;9.73;518121;5038998.50
20131111;10.00;10.35;9.92;10.23;2290432;23250294.00
20131112;10.06;10.22;9.93;10.12;1243943;12514928.00
20131113;10.09;10.09;9.89;9.89;638890;6375012.00
20131114;9.85;10.20;9.80;10.12;679183;6822580.00
20131115;10.12;10.49;10.01;10.33;1343506;13923948.00
20131118;10.50;10.59;10.33;10.55;1425131;14944982.00
20131119;10.55;10.63;10.33;10.60;863157;9053394.00
20131120;10.54;10.67;10.48;10.62;909647;9601186.00
20131121;10.58;10.77;10.55;10.70;1529614;16368586.00
20131122;10.72;10.77;10.46;10.48;922703;9737445.00
20131125;10.45;10.69;10.40;10.56;863709;9130948.00
20131126;10.50;11.09;10.50;10.98;3225545;35005604.00
20131127;10.89;11.38;10.83;11.29;3004554;33292974.00
20131128;11.26;11.27;11.00;11.19;1972321;21974128.00
20131129;11.16;11.57;11.06;11.32;2301355;26166274.00
20131202;10.83;11.12;10.45;10.86;2617793;28452222.00
20131203;10.80;11.49;10.70;11.35;2455575;27479494.00
20131204;11.25;11.57;11.25;11.52;2948170;33646084.00
20131205;11.52;11.59;11.27;11.45;1820881;20816782.00
20131206;11.40;11.55;11.28;11.31;1241328;14124862.00
20131209;11.31;11.53;11.23;11.51;1619408;18420072.00
20131210;11.51;11.80;11.30;11.59;1916681;22069204.00
20131211;11.50;11.55;11.31;11.32;1051338;11994062.00
20131212;11.32;11.61;11.31;11.54;1752694;20118578.00
20131213;11.48;11.81;11.42;11.69;1983408;23194530.00
20131216;11.65;11.73;11.27;11.44;1503114;17283176.00
20131217;11.36;11.48;11.22;11.30;1313187;14888283.00
20131218;11.30;11.41;11.16;11.33;953226;10761815.00
20131219;11.28;11.35;10.75;10.75;1450999;16160900.00
20131220;11.05;11.83;11.05;11.83;6522019;76772024.00
20131223;11.70;12.88;11.54;12.55;13389955;164287632.00
20131224;12.40;12.40;11.94;12.33;6805356;82496752.00
20131225;12.13;13.56;11.97;13.56;10662828;134987440.00
20131226;13.15;14.02;13.07;13.35;11786943;159554880.00
20131227;13.19;13.80;13.08;13.26;7293561;98349504.00
20131230;13.40;13.79;12.82;13.01;6720601;88904456.00
20131231;13.06;13.13;12.52;12.70;4699648;59793932.00
20140102;12.70;13.04;12.48;12.84;4348767;55899260.00
20140103;12.84;13.60;12.66;13.35;6594999;86764112.00
20140106;13.25;13.25;12.51;12.60;3474137;44680068.00
20140107;12.41;12.80;12.28;12.80;3030433;37921952.00
20140108;12.77;13.20;12.65;12.77;3182142;41023028.00
20140109;12.60;12.82;12.00;12.12;2547586;31682182.00
20140110;12.18;12.18;11.56;11.58;3232285;38177512.00
20140113;11.60;11.95;11.32;11.87;2460397;28640020.00
20140114;11.74;12.05;11.63;12.01;2521233;29878570.00
20140115;11.81;12.13;11.81;11.93;2214310;26507454.00
20140116;11.90;12.36;11.86;12.36;3245165;39644364.00
20140117;12.41;12.46;12.12;12.18;1762213;21637078.00
20140120;12.08;12.18;11.68;11.86;1967543;23376644.00
20140121;11.86;12.18;11.80;12.12;1490243;17853712.00
20140122;12.14;12.40;12.02;12.31;2082926;25583450.00
20140123;12.27;12.55;12.18;12.41;2452575;30386876.00
20140124;12.38;12.90;12.33;12.73;3149658;39872268.00
20140127;12.64;12.85;12.48;12.48;2030987;25649654.00
20140128;12.48;12.66;12.08;12.30;1429560;17617628.00
20140129;12.26;12.66;12.21;12.55;1274073;15921439.00
20140130;12.56;13.73;12.49;13.13;3803632;50312472.00
20140207;12.93;13.63;12.79;13.51;3713854;49833168.00
20140210;13.48;13.94;13.21;13.80;4880028;66361720.00
20140211;13.74;13.75;13.32;13.60;3249833;44041912.00
20140212;13.57;13.88;13.31;13.80;3113089;42481752.00
20140213;13.75;13.75;13.13;13.17;3021194;40499876.00
20140214;13.05;13.35;13.01;13.30;1727282;22789048.00
20140217;13.32;14.38;13.31;14.27;5737789;80131176.00
20140218;14.46;14.47;13.94;14.18;3867136;54693936.00
20140219;14.11;15.00;14.02;14.40;5400034;78739360.00
20140220;14.29;14.29;13.38;13.58;3632526;50187744.00
20140221;13.52;13.69;13.05;13.47;1937272;25963678.00
20140224;13.35;13.78;13.33;13.71;1551270;21107964.00
20140225;13.71;13.95;12.82;12.94;2330840;31403896.00
20140226;12.91;12.96;12.36;12.86;1464650;18546244.00
20140227;12.83;13.33;12.50;12.63;1407954;18170202.00
20140228;12.57;12.84;12.20;12.72;1079611;13585722.00
20140303;12.77;13.49;12.73;13.16;1741678;22879418.00
20140304;13.10;13.30;12.95;13.13;1368058;17969466.00
20140305;13.13;13.40;13.02;13.10;857640;11300499.00
20140306;13.03;13.14;12.70;12.93;1126945;14501728.00
20140307;12.88;13.19;12.70;12.73;1011553;13075175.00
20140310;12.72;12.72;12.00;12.08;1575248;19438798.00
20140311;12.10;12.19;11.85;12.07;1404318;16823114.00
20140312;12.07;12.15;11.84;12.07;874921;10487140.00
20140313;12.18;12.32;12.06;12.31;884636;10796629.00
20140314;12.28;12.29;12.01;12.10;608295;7409555.00
20140317;12.10;12.49;12.01;12.47;910286;11203537.00
20140318;12.47;12.64;12.42;12.51;744541;9332284.00
20140319;12.49;12.80;12.35;12.79;1065136;13425926.00
20140320;12.84;12.84;12.36;12.36;947468;11971907.00
20140321;12.34;12.75;12.05;12.65;650675;8092013.00
20140324;12.66;12.85;12.59;12.72;877439;11160355.00
20140325;12.69;12.93;12.55;12.84;827565;10578064.00
20140326;12.86;12.93;12.66;12.74;681776;8719195.00
20140327;12.90;14.01;12.90;13.41;5089445;69499864.00
20140328;13.13;13.41;12.80;12.82;2887660;37916668.00
20140331;12.61;12.65;11.94;11.95;1839751;22357734.00
20140401;11.85;12.24;11.82;12.19;808821;9782126.00
20140402;12.19;12.33;12.08;12.08;689097;8402337.00
20140403;12.10;12.28;12.00;12.18;641443;7795232.00
20140404;12.02;12.34;12.00;12.34;524576;6413917.50
20140408;12.32;12.98;12.22;12.98;1247180;15732787.00
20140409;13.47;13.47;12.94;13.22;2265171;29753862.00
20140410;13.35;13.50;13.10;13.16;1756270;23282196.00
20140411;13.01;13.15;12.91;13.05;1070138;13904823.00
20140414;13.05;13.21;12.91;13.20;947303;12388404.00
20140415;13.19;13.34;12.97;13.03;939012;12294611.00
20140416;12.95;13.49;12.85;13.42;2070861;27536200.00
20140417;13.51;13.52;13.26;13.28;1195246;16006547.00
20140418;13.21;13.48;13.05;13.36;1045443;13882705.00
20140421;13.27;13.68;13.15;13.30;2102513;28341296.00
20140422;13.20;13.30;12.70;13.05;1362302;17670034.00
20140423;12.97;13.11;12.75;13.05;827534;10713617.00
20140424;13.05;13.90;12.95;13.67;3775561;51299984.00
20140425;13.50;13.98;13.40;13.80;4551600;62348160.00
20140428;13.60;13.79;12.42;12.49;3102578;40281176.00
20140429;12.16;12.70;12.16;12.63;1419334;17611266.00
20140430;12.56;12.99;12.54;12.89;1048831;13417418.00
20140505;12.83;13.02;12.34;12.97;1265457;15978181.00
20140506;12.85;14.27;12.84;14.27;7915490;111801232.00
20140507;14.58;15.01;14.42;14.91;14224913;209855776.00
20140508;14.70;15.36;14.37;15.01;9727032;144931488.00
20140509;14.88;15.56;14.57;15.01;8481600;127481264.00
20140512;15.08;15.58;14.75;15.30;8413996;127571480.00
20140513;15.03;15.20;14.65;15.18;5975093;89331544.00
20140514;15.13;15.46;14.70;14.92;5627021;84279640.00
20140515;14.85;15.32;14.62;14.70;6206365;92939600.00
20140516;14.40;14.40;13.42;13.80;6624257;92403008.00
20140519;13.75;13.76;13.45;13.65;2861080;38871428.00
20140520;13.78;14.03;13.50;13.76;3474199;48052148.00
20140521;13.65;14.03;13.31;14.00;2840645;39010636.00
20140522;13.91;14.16;13.82;13.89;2832680;39569220.00
20140523;13.71;14.17;13.70;14.07;2445080;34256236.00
20140526;14.10;14.46;14.00;14.39;2914663;41598312.00
20140527;14.30;14.84;14.28;14.69;3763050;55028276.00
20140528;14.58;14.79;14.33;14.67;2600429;37853856.00
20140529;14.65;14.85;14.00;14.11;2820175;40649560.00
20140530;14.12;14.19;13.70;14.13;1892017;26433648.00
20140603;14.10;14.17;13.86;13.88;1183575;16577774.00
20140604;13.88;13.92;13.40;13.59;2106302;28578428.00
20140605;13.59;13.85;13.51;13.77;1104908;15137492.00
20140606;13.71;13.91;13.70;13.85;1156266;15966657.00
20140609;13.86;13.94;13.72;13.74;1067506;14749660.00
20140610;13.70;14.09;13.51;14.04;1655291;22860948.00
20140611;14.00;14.41;13.91;14.26;1966642;28000074.00
20140612;14.28;14.28;14.09;14.13;1364717;19342208.00
20140613;14.13;14.62;14.10;14.55;2514486;36258960.00
20140616;14.50;14.78;14.33;14.78;3350827;48979168.00
20140617;14.70;14.83;14.58;14.61;2137513;31403148.00
20140618;14.60;14.60;14.27;14.48;1783498;25698010.00
20140619;14.48;14.79;14.04;14.22;2541023;36828288.00
20140620;14.13;15.29;13.77;15.08;5235933;77515568.00
20140623;15.08;15.26;14.85;15.12;3595304;54158312.00
20140624;15.05;15.08;14.79;15.05;2677055;39955404.00
20140625;15.12;15.35;14.61;14.78;3764042;56319136.00
20140626;14.66;15.58;14.66;15.40;4853059;73836632.00
20140627;15.31;15.53;15.13;15.41;3795874;58151660.00
20140630;15.33;15.40;15.10;15.20;2633497;40160828.00
20140701;15.08;16.19;15.08;15.55;4431960;69501832.00
20140702;15.55;15.99;15.26;15.99;4117235;64656000.00
20140703;15.97;16.16;15.72;15.82;2850701;45210356.00
20140704;15.82;15.85;15.52;15.80;2255214;35323696.00
20140707;15.79;16.00;15.58;15.99;2498979;39500600.00
20140708;16.00;16.11;15.58;15.77;2591766;40904012.00
20140709;15.77;15.80;15.20;15.35;3246959;50278064.00
20140710;15.29;15.49;15.18;15.26;1586394;24343742.00
20140711;15.26;15.58;15.20;15.44;1930465;29834318.00
20140714;15.38;15.76;15.25;15.76;1980632;30748034.00
20140715;15.72;15.72;14.86;14.96;3324789;50680484.00
20140716;14.93;15.08;14.68;14.76;1569663;23340992.00
20140717;14.83;15.00;14.69;14.92;1123345;16641063.00
20140718;14.90;15.79;14.90;15.58;3710945;57468172.00
20140721;15.77;15.77;15.18;15.40;1658004;25449842.00
20140722;15.33;16.39;15.27;16.37;6294221;101363768.00
20140723;16.53;16.73;15.88;16.07;5029679;81944872.00
20140724;15.92;16.16;15.50;15.63;2519068;39683180.00
20140725;15.63;15.79;15.33;15.48;2100141;32659984.00
20140728;15.53;15.82;15.40;15.82;2513055;39154380.00
20140729;15.79;15.91;15.60;15.76;2667279;41996748.00
20140730;15.70;15.76;15.43;15.59;2307082;35902684.00
20140731;15.63;15.98;15.55;15.78;2937704;46501792.00
20140801;15.66;15.78;15.13;15.17;2946719;45589236.00
20140804;15.17;15.50;15.10;15.43;1544208;23718752.00
20140805;15.47;15.49;15.20;15.46;1740557;26703970.00
20140806;15.40;15.91;15.29;15.83;3492375;54831204.00
20140807;15.77;15.89;15.40;15.42;2486912;38863392.00
20140808;15.40;15.50;15.25;15.40;2118257;32546394.00
20140811;15.41;15.67;15.36;15.64;1885679;29309082.00
20140812;15.61;15.84;15.53;15.79;2356438;36985648.00
20140813;15.79;16.15;15.60;16.15;3986354;63513732.00
20140814;16.04;16.19;15.88;15.90;2633531;42180864.00
20140815;15.83;16.36;15.83;16.26;2941088;47703028.00
20140818;16.30;16.43;16.15;16.38;2246709;36602400.00
20140819;16.44;16.46;16.00;16.20;2519979;40756916.00
20140820;16.20;16.35;15.95;16.05;1810799;29169220.00
20140821;16.00;16.34;15.96;16.20;2319757;37469640.00
20140822;16.20;16.20;15.90;16.07;2529643;40471488.00
20140825;16.07;16.07;15.68;15.80;1766434;27961024.00
20140826;15.75;15.95;15.58;15.67;1693877;26693296.00
20140827;15.65;15.92;15.61;15.76;1133502;17867826.00
20140828;15.76;15.92;15.56;15.59;1017943;16036337.00
20140829;15.52;15.78;15.51;15.75;662338;10375709.00
20140901;15.79;16.27;15.75;16.17;2664102;42866736.00
20140902;16.27;16.34;16.10;16.26;2042094;33091524.00
20140903;16.24;16.70;16.22;16.37;3213146;52824196.00
20140904;16.40;16.76;16.20;16.67;4033093;66728872.00
20140905;16.66;16.69;16.38;16.50;2288879;37799212.00
20140909;16.52;16.99;16.21;16.84;2776864;45869808.00
20140910;16.80;17.04;16.63;16.81;2230059;37549892.00
20140911;16.90;17.20;16.77;16.99;3227427;54801496.00
20140912;17.01;17.10;16.70;16.99;1927097;32533910.00
20140915;16.98;17.24;16.90;17.09;2136586;36497868.00
20140916;17.10;17.34;16.36;16.42;2960680;50194164.00
20140917;16.44;16.86;16.37;16.85;2321545;38762972.00
20140918;16.83;17.14;16.68;17.07;1536470;25950792.00
20140919;17.10;18.30;17.02;17.71;3820762;67415792.00
20140922;17.60;18.22;17.43;17.99;3522213;62850000.00
20140923;18.01;18.70;17.83;17.98;4106036;74786656.00
20140924;17.98;18.46;17.71;18.27;2562181;46338388.00
20140925;18.28;18.80;18.00;18.80;3270947;60149556.00
20140926;18.75;19.09;18.50;18.52;2285370;42797888.00
20140929;18.52;18.81;18.30;18.48;2225805;41064352.00
20140930;18.35;18.85;18.31;18.64;2155269;40203532.00
20141008;18.69;19.02;18.32;18.99;1650774;30696886.00
20141009;18.98;19.00;18.29;18.48;1893717;35166216.00
20141010;18.41;18.66;18.31;18.49;946421;17458024.00
20141013;18.40;19.80;17.88;19.31;3540174;66513480.00
20141014;19.25;20.42;19.25;19.84;2706079;53980308.00
20141015;19.72;20.50;19.72;19.89;2035603;40785240.00
20141016;19.98;20.38;18.75;18.95;3044839;59764380.00
20141017;18.90;19.07;17.54;18.44;2471800;45491592.00
20141020;18.44;18.80;18.15;18.70;896795;16619240.00
20141021;18.64;19.48;18.60;18.81;1572752;29945962.00
20141022;18.78;19.22;18.00;18.18;1368347;25594682.00
20141023;18.20;18.30;17.30;17.49;1495225;26592102.00
20141024;17.48;17.97;17.48;17.80;858311;15251714.00
20141027;17.81;19.05;17.60;18.83;1295367;23862770.00
20141028;18.68;20.55;18.68;20.42;5365519;106818168.00
20141105;21.00;22.46;20.40;20.56;6815114;144407232.00
20141106;20.40;20.40;19.55;20.10;3968241;79033776.00
20141107;19.98;20.10;19.19;19.30;3019570;59432348.00
20141110;19.36;19.72;19.13;19.71;1934704;37647992.00
20141111;19.70;19.70;18.33;18.40;2623832;49580284.00
20141112;18.41;18.94;18.41;18.71;1288796;24070058.00
20141113;18.80;18.86;17.80;18.14;1582789;28804544.00
20141114;18.14;18.80;17.70;18.62;1442781;26571854.00
20141117;18.52;19.02;18.22;18.96;1251417;23470978.00
20141118;18.86;19.12;18.70;18.90;901933;17022906.00
20141119;18.90;19.38;18.68;19.37;2004872;38274236.00
20141120;19.37;19.66;19.01;19.32;1711651;33182578.00
20141121;19.26;19.90;19.20;19.34;2263420;44300548.00
20141124;19.71;19.73;19.00;19.31;1904158;36788716.00
20141125;19.33;20.35;19.30;20.26;3403212;68254000.00
20141126;20.08;20.79;19.85;20.68;3062956;62384412.00
20141127;20.68;21.20;20.25;20.39;2381528;49360364.00
20141128;20.81;21.29;20.51;21.09;3074448;64687692.00
20141201;21.09;21.59;20.80;20.92;2612269;55247456.00
20141202;20.90;21.21;20.60;20.86;2356261;49145816.00
20141203;20.66;20.95;19.94;20.26;2400667;48681224.00
20141204;20.31;20.85;20.25;20.30;1613940;33023196.00
20141205;20.30;20.30;18.96;19.20;2333766;45468760.00
20141208;19.19;19.78;19.10;19.36;1384499;26930588.00
20141209;19.20;19.40;17.42;17.42;3435421;62427016.00
20141210;17.28;17.86;17.05;17.85;2547774;44385360.00
20141211;17.80;18.01;17.50;18.01;1476149;26162034.00
20141212;18.02;18.40;17.71;18.21;1407022;25440620.00
20141215;18.22;18.99;18.08;18.94;1922134;35695516.00
20141216;19.10;19.58;18.90;18.90;2357824;45069100.00
20141217;18.90;18.99;18.21;18.27;2028150;37574256.00
20141218;18.35;18.58;18.30;18.39;886052;16307714.00
20141219;18.24;18.42;17.51;18.10;1776023;31703450.00
20141222;17.91;17.91;16.30;17.00;1547759;26317870.00
20141223;16.88;17.62;16.80;17.07;984091;16912290.00
20141224;17.11;17.70;17.11;17.65;1515767;26414874.00
20141225;17.60;18.15;17.48;18.08;1469997;26208330.00
20141226;17.99;18.72;17.60;18.43;2474959;44948692.00
20141229;18.79;18.82;17.50;17.55;4603678;83933944.00
20141230;17.18;17.40;16.60;16.66;2008690;33625436.00
20141231;16.51;16.89;16.41;16.75;904888;15147304.00
20150105;16.82;17.19;16.64;16.91;1045772;17673082.00
20150106;16.88;17.20;16.64;17.20;1113927;18851720.00
20150107;17.30;17.30;16.60;16.70;1440923;24194396.00
20150108;16.70;16.75;16.30;16.54;1362790;22502100.00
20150109;16.54;16.72;16.00;16.48;1367034;22664514.00
20150112;16.53;16.98;16.40;16.98;1624789;27129402.00
20150113;18.59;18.68;18.05;18.68;4335771;80037104.00
20150114;19.28;19.54;18.72;19.12;9003179;172461824.00
20150115;18.80;19.58;18.60;19.00;5216164;100076568.00
20150116;18.71;19.34;18.71;19.23;4077075;77461008.00
20150119;18.89;19.99;18.60;19.23;5222789;101719352.00
20150120;19.15;19.88;19.15;19.82;4657877;90935632.00
20150121;19.97;19.98;19.49;19.69;4282536;84200224.00
20150122;19.58;19.95;19.58;19.74;2828324;55927160.00
20150123;19.68;19.84;19.11;19.13;2857563;55280676.00
20150126;18.90;19.51;18.86;19.51;2071619;39915496.00
20150127;19.51;19.79;19.31;19.74;2315365;45278512.00
20150128;19.60;19.71;19.25;19.33;1592082;31051136.00
20150129;19.20;19.28;19.00;19.17;1071988;20487674.00
20150130;19.17;19.28;19.00;19.10;865212;16552536.00
20150202;18.90;19.35;18.90;19.15;896453;17218458.00
20150203;19.10;19.50;19.10;19.38;1576695;30461510.00
20150204;19.42;19.49;19.24;19.42;1215235;23493778.00
20150205;19.59;19.63;19.27;19.43;2033891;39621316.00
20150206;19.30;19.60;18.73;18.78;1403575;26725924.00
20150209;18.78;18.89;18.61;18.70;623630;11683387.00
20150210;18.60;18.71;18.51;18.63;668836;12439097.00
20150211;18.65;19.05;18.55;18.95;707945;13306509.00
20150212;19.16;19.20;18.86;19.18;997085;19006630.00
20150213;19.30;19.69;19.21;19.57;1961844;38249304.00
20150216;19.57;20.19;19.57;19.97;2613478;52135588.00
20150217;20.01;20.16;19.80;19.87;1507987;30004682.00
20150225;19.80;19.99;19.45;19.49;1161877;22965404.00
20150226;19.50;21.33;19.50;20.60;3781823;77904768.00
20150227;20.52;20.98;20.38;20.84;2301801;47603928.00
20150302;20.88;21.23;20.32;21.03;2171847;45272192.00
20150303;20.90;22.35;20.90;21.47;4319799;93997768.00
20150304;21.40;21.88;21.20;21.46;1611530;34553684.00
20150305;21.46;21.86;20.85;21.23;2295841;48693240.00
20150306;21.01;21.41;20.89;20.98;2348815;49607796.00
20150309;20.85;21.29;20.46;21.23;2441993;50852256.00
20150310;21.18;21.85;21.01;21.82;3050311;65912176.00
20150311;21.82;23.86;21.76;22.87;3728031;84907424.00
20150312;22.60;23.08;21.90;22.87;2757497;62028196.00
20150313;23.90;24.95;23.07;23.46;5244232;124612440.00
20150316;23.50;25.00;23.47;24.70;4933292;120758304.00
20150317;25.10;25.35;24.08;24.38;6184611;152319408.00
20150318;24.40;25.77;24.39;25.50;5795154;145628560.00
20150319;25.62;25.76;25.00;25.39;3234736;81725976.00
20150320;25.43;25.43;24.94;25.25;2881079;72453760.00
20150323;25.20;27.19;25.16;26.80;7085160;187324368.00
20150324;26.83;29.48;26.30;29.48;8094265;227848256.00
20150325;30.00;32.13;28.88;31.77;6483785;202824304.00
20150326;31.03;32.15;28.60;29.71;5399208;163145744.00
20150327;29.99;30.98;29.60;30.28;2639073;80033784.00
20150330;30.88;31.00;29.09;29.53;3746155;112041520.00
20150331;29.50;30.40;29.02;30.20;3610173;107360768.00
20150401;31.99;33.21;31.38;32.36;9426379;306993152.00
20150402;32.37;35.60;32.37;35.60;7470098;260791696.00
20150403;35.80;39.16;35.60;39.16;6399804;243110208.00
20150407;41.25;42.28;38.53;42.00;9357866;374422912.00
20150408;40.63;40.99;38.80;39.40;6882413;273976576.00
20150409;38.71;41.08;35.85;40.67;9153565;354228928.00
20150410;41.71;44.74;40.70;44.74;7758088;335580160.00
20150413;47.87;49.21;46.70;49.21;10863130;523674976.00
20150414;49.21;49.21;44.89;45.77;8177317;382598976.00
20150415;44.66;44.66;41.19;41.19;7346704;308454880.00
20150416;38.32;41.95;37.13;39.73;6512789;257413056.00
20150417;19.95;20.63;18.56;19.03;11381976;221141296.00
20150420;18.50;18.50;17.55;17.56;14257266;256760560.00
20150421;17.44;19.32;17.40;19.32;11265577;208602960.00
20150422;19.90;21.20;19.84;20.32;16853427;343997280.00
20150423;20.00;20.67;19.44;20.24;9592621;192804544.00
20150424;19.88;21.40;19.58;21.10;13504964;279341632.00
20150427;21.28;21.68;19.95;20.35;12415529;255348480.00
20150428;20.15;20.80;19.89;20.10;8497871;170884944.00
20150429;20.20;20.50;20.02;20.38;5353121;108604488.00
20150430;20.48;20.53;19.38;19.47;8890508;174546320.00
20150504;19.70;19.84;18.81;19.67;5641314;110231992.00
20150505;19.59;19.63;18.70;18.77;5234772;99956832.00
20150506;18.76;19.00;17.38;17.90;5380500;99860840.00
20150507;17.97;18.01;16.81;16.84;6082594;104595936.00
20150508;17.04;18.52;17.04;18.52;6047097;107693216.00
20150511;19.00;19.90;19.00;19.60;7463216;145919856.00
20150512;19.80;20.00;19.10;19.65;6360044;124352296.00
20150513;19.66;21.00;19.13;20.71;11088726;225973696.00
20150514;20.76;22.28;20.60;22.02;12810686;275366208.00
20150515;21.80;22.80;21.13;21.15;11095112;242287088.00
20150518;21.16;22.10;21.16;21.43;7873355;170047712.00
20150519;21.43;22.00;21.01;21.71;6998335;150557600.00
20150520;21.80;23.88;21.60;23.26;14052752;323111488.00
20150521;23.25;25.59;22.80;25.59;11672924;284703328.00
20150522;26.40;28.08;24.70;27.35;14682368;385256544.00
20150525;26.80;29.26;25.00;27.95;13650974;376899776.00
20150526;27.95;29.02;27.30;28.50;12120621;343018304.00
20150527;28.68;28.68;27.50;27.82;8524487;237815840.00
20150528;27.80;27.82;25.04;25.04;11973917;318122624.00
20150529;24.50;26.25;22.55;25.20;9774850;241532816.00
20150601;25.17;26.50;25.17;26.19;6909551;180352976.00
20150602;26.19;28.39;26.19;28.01;8937585;246898608.00
20150603;28.01;30.55;28.01;29.51;11097693;324061920.00
20150604;29.70;30.38;26.80;29.40;10355251;295702336.00
20150605;29.80;31.28;28.40;30.43;13036564;394348992.00
20150608;30.20;30.22;29.00;29.50;8334617;246751728.00
20150609;29.30;29.30;28.50;28.52;5353625;153739888.00
20150610;28.52;30.84;28.00;29.70;7390185;219988720.00
20150611;29.29;30.83;29.29;30.50;7095386;215305488.00
20150612;30.51;32.50;30.51;31.78;9164471;290268448.00
20150615;32.06;34.96;32.02;34.88;11843555;405051808.00
20150616;34.90;34.90;32.20;32.39;7961105;266645856.00
20150617;32.20;34.95;29.60;34.25;9471817;308791872.00
20150618;34.40;35.66;33.05;33.59;7729087;265625648.00
20150619;31.56;33.29;30.23;30.50;5729237;178551328.00
20150623;30.50;31.20;27.45;28.50;6509386;185420352.00
20150624;28.99;29.99;28.00;29.05;5397859;156826784.00
20150625;29.05;29.68;26.20;26.70;5458615;152818928.00
20150626;25.20;25.70;24.03;24.03;5653395;138239088.00
20150629;24.53;25.17;21.63;22.50;9015337;201648800.00
20150714;24.75;24.75;23.80;24.75;8237768;203656336.00
20150715;25.00;25.00;22.28;22.28;8438795;193942016.00
20150716;21.00;21.83;20.05;20.05;11798612;242851408.00
20150717;20.05;21.64;20.05;21.30;10169517;210751088.00
20150720;21.31;22.35;20.98;21.68;8252360;178678272.00
20150721;21.25;23.65;20.61;23.65;10046700;225544752.00
20150722;23.65;24.01;22.80;23.28;8273009;193020928.00
20150723;23.01;24.50;22.98;24.04;7610388;180394448.00
20150724;23.93;24.59;22.04;22.80;7342664;174370192.00
20150727;21.90;23.30;20.52;20.52;6050909;132146504.00
20150728;18.82;20.39;18.47;18.50;7151097;134935392.00
20150729;19.50;19.60;16.90;19.23;7773530;142456704.00
20150730;19.20;19.23;17.85;18.07;5432972;102178576.00
20150731;17.45;18.00;16.61;17.00;4753140;82496320.00
20150803;17.05;18.28;16.70;17.47;7054284;123041888.00
20150804;17.47;18.92;17.47;18.83;6635980;121626816.00
20150805;19.00;19.30;18.00;18.28;6592968;123514824.00
20150806;17.80;20.11;17.38;20.11;10104554;193930944.00
20150807;20.10;20.60;19.51;20.35;11219301;226445792.00
20150810;20.55;21.75;19.99;21.24;10588322;219747040.00
20150811;20.98;21.25;20.28;20.61;9569934;198906160.00
20150812;20.30;20.48;19.30;19.30;8618226;171543536.00
20150813;19.33;20.20;19.32;20.17;6048893;119733048.00
20150814;20.16;20.40;19.80;19.84;7287497;146009232.00
20150817;19.85;19.92;19.15;19.52;5694697;110754184.00
20150818;19.74;21.18;19.55;20.20;16333664;330331456.00
20150819;19.50;20.80;18.18;20.22;12481548;240274416.00
20150820;19.62;19.80;18.50;18.52;8155297;156925200.00
20150821;17.69;18.31;16.79;16.79;6025698;106654656.00
20150824;16.00;16.00;15.11;15.11;4751072;72484616.00
20150825;13.60;13.93;13.60;13.60;3928598;53548200.00
20150826;13.66;14.05;12.24;12.24;8911823;116550568.00
20150827;12.74;12.95;11.40;12.60;6664476;81385864.00
20150828;13.17;13.83;12.76;13.65;7093113;93433424.00
20150831;14.00;14.81;13.70;14.13;9083105;127494896.00
20150901;13.88;13.95;12.72;13.56;7749033;102112504.00
20150902;12.31;13.80;12.30;12.81;6066026;78817408.00
20150907;13.08;13.53;12.92;13.05;5623247;74385216.00
20150908;13.05;13.75;12.51;13.60;5259926;68862576.00
20150909;13.70;14.34;13.51;14.22;9097423;127588256.00
20150910;13.90;14.13;13.51;13.68;4671340;64913472.00
20150911;13.66;13.93;13.40;13.82;4490570;61335784.00
20150914;13.80;13.95;12.44;12.44;4294900;55884744.00
20150915;11.88;11.88;11.20;11.20;6338107;72357192.00
20150916;11.25;12.32;10.84;12.21;6955917;80367872.00
20150917;12.43;12.84;12.02;12.02;7729688;96018384.00
20150918;12.04;12.34;11.82;12.15;4147120;49896636.00
20150921;12.00;12.67;11.83;12.62;5348912;66095344.00
20150922;12.64;13.48;12.60;13.19;8044006;104210920.00
20150923;12.84;14.10;12.71;13.93;9345849;123790712.00
20150924;13.80;14.50;13.56;14.21;11081682;156540864.00
20150925;13.90;14.39;13.03;13.37;6926078;95197720.00
20150928;13.37;13.90;13.15;13.76;3386169;45862064.00
20150929;13.41;13.61;13.17;13.19;3810302;50838128.00
20150930;13.35;13.50;13.12;13.30;2072922;27537174.00
20151008;13.85;14.05;13.53;13.97;5088980;70653304.00
20151009;13.98;14.70;13.88;14.39;7540856;108238288.00
20151012;14.65;15.83;14.50;15.56;10877744;166966256.00
20151013;15.20;15.55;15.08;15.49;7908842;121272568.00
20151014;15.34;16.08;15.34;15.53;8570130;134554320.00
20151015;15.45;16.40;15.18;16.30;7729292;123981312.00
20151016;16.51;17.37;15.91;17.21;10370255;172773888.00
20151019;17.48;17.48;16.65;16.81;8458444;143525344.00
20151110;18.49;18.49;17.32;18.11;18115078;323955296.00
20151111;17.74;18.00;17.36;17.84;9052081;159685376.00
20151112;17.83;17.89;17.41;17.54;7138677;125462192.00
20151113;17.40;18.29;17.12;17.78;7967433;142075072.00
20151116;17.33;18.10;17.16;17.92;5514000;98051904.00
20151117;18.19;19.52;17.92;18.80;11112774;206710096.00
20151118;18.71;19.51;18.06;18.18;6668179;125423152.00
20151119;18.05;18.43;18.00;18.40;5450325;99171544.00
20151120;18.98;19.46;18.35;19.46;7543413;142139728.00
20151123;19.23;21.10;19.00;20.40;10552891;215583952.00
20151124;20.37;21.00;19.80;20.49;7627412;155222224.00
20151125;22.54;22.54;22.10;22.54;11295319;254186128.00
20151126;23.89;24.79;23.50;23.56;28070007;680456960.00
20151127;22.50;24.77;22.20;23.30;23106631;543175808.00
20151130;23.11;25.63;22.49;25.63;19738883;470761760.00
20151201;25.58;26.65;23.07;24.61;22039649;545305664.00
20151202;23.88;24.00;22.15;23.06;8695289;199890832.00
20151203;23.32;24.20;22.88;23.54;10580998;249312000.00
20151204;23.56;23.88;22.51;23.15;9920730;230421216.00
20151207;23.25;24.15;22.50;23.69;9916811;230781184.00
20151208;23.30;23.33;22.56;22.60;7015971;160623056.00
20151209;22.50;22.92;21.73;22.00;7964503;178781872.00
20151210;22.15;24.08;21.92;23.30;13093109;300569888.00
20151211;23.34;24.97;23.32;24.40;13433841;324327744.00
20151214;24.50;24.99;22.31;23.08;12414626;289531360.00
20151215;23.10;24.18;22.50;24.09;11093502;260623952.00
20151216;25.70;26.50;25.60;26.50;8286038;218089872.00
20151217;27.00;29.10;26.80;28.00;28549426;797100544.00
20151218;27.41;29.88;27.17;28.52;24593200;702091328.00
20151221;27.79;27.80;26.97;27.30;12537330;343248224.00
20151222;27.31;27.59;26.60;27.27;9907792;267853632.00
20151223;27.27;27.27;25.61;25.91;11403086;300312992.00
20151224;26.25;27.00;26.11;26.43;8107835;215085904.00
20151225;26.12;26.89;25.80;26.85;8868394;235316752.00
20151228;26.70;27.87;26.19;26.31;10978307;296301056.00
20151229;26.38;27.37;25.88;27.02;8255977;220910336.00
20151230;26.84;28.20;26.61;27.86;12605470;345714912.00
20151231;27.56;27.80;26.30;26.33;9950854;268053792.00
20160104;26.37;26.70;23.70;23.70;6769697;166145408.00
20160105;21.33;23.58;21.33;21.67;9984968;221373904.00
20160106;22.15;22.30;20.83;21.97;7888332;171131872.00
20160107;21.33;21.33;19.77;19.77;1660973;33792040.00
20160108;19.96;20.50;17.81;18.88;8083750;155932304.00
20160111;18.05;18.49;16.99;16.99;6591629;116454688.00
20160112;16.95;17.55;15.93;17.14;6723001;113426528.00
20160113;17.24;17.68;16.30;16.40;6233895;107224936.00
20160114;15.80;17.85;15.60;17.78;7241612;123261808.00
20160115;17.78;18.32;17.30;17.92;9369148;167599392.00
20160118;17.45;19.71;17.34;19.58;9632782;180816160.00
20160119;19.15;20.15;18.89;20.07;10312398;201184672.00
20160120;19.50;20.34;19.01;19.29;7935877;156651232.00
20160121;19.05;20.09;18.00;18.30;8656155;168712240.00
20160122;18.71;20.10;18.38;20.08;9938020;190494240.00
20160125;20.45;21.93;20.20;21.42;12939785;271635136.00
20160126;20.99;21.38;19.28;19.28;9750477;198415888.00
20160127;19.00;20.25;17.35;19.99;10306022;192695744.00
20160128;19.44;19.88;18.00;18.14;7822299;148628752.00
20160129;17.85;19.30;17.35;18.90;6324178;117391096.00
20160201;18.55;19.87;18.52;19.20;7280315;140155920.00
20160202;19.18;20.50;18.99;20.00;7423068;147598656.00
20160203;19.50;20.20;19.26;19.94;6056479;118990888.00
20160204;20.19;20.45;19.91;20.15;6806030;137312768.00
20160205;20.17;20.38;19.09;19.24;5195164;102269376.00
20160215;18.26;19.83;18.02;19.58;4449748;85473632.00
20160216;19.50;20.60;19.50;20.38;5997860;121467944.00
20160217;20.27;21.70;20.05;21.43;10194901;212984224.00
20160218;21.18;21.42;20.71;20.74;8112160;170994032.00
20160219;20.75;22.62;20.75;21.97;11427485;248905232.00
20160222;22.26;24.17;21.81;24.17;12109971;276422272.00
20160223;24.30;25.29;23.30;24.11;19928024;486041728.00
20160224;24.10;24.10;22.50;22.93;13198705;307110752.00
20160225;23.00;23.70;20.64;20.79;13929480;310685184.00
20160226;21.96;22.28;20.80;21.69;13110534;283881600.00
20160229;21.01;21.27;19.52;19.52;10433203;206133728.00
20160301;19.58;20.99;18.02;20.37;9961749;195258880.00
20160302;20.00;21.60;20.00;21.51;10427698;218094448.00
20160303;21.50;23.59;21.30;22.43;13935590;311894304.00
20160304;22.11;23.30;20.77;21.74;15118828;338103872.00
20160307;22.00;23.20;21.65;22.99;13476427;304827744.00
20160308;22.70;24.80;20.80;24.29;19532899;452831424.00
20160309;23.40;24.26;22.96;22.98;11735866;276177152.00
20160310;23.00;23.58;21.87;21.87;8568904;193018480.00
20160311;21.29;21.80;21.11;21.34;7497927;160673104.00
20160314;21.95;23.20;21.70;22.94;10196535;231187376.00
20160315;22.92;23.80;22.61;22.62;10975660;253974128.00
20160316;22.98;23.18;21.80;22.36;9336554;210774464.00
20160317;22.48;24.30;22.48;24.26;16379050;384724064.00
20160318;24.21;25.49;23.90;24.96;20253714;501531328.00
20160321;25.10;25.60;24.28;25.28;17210972;429983776.00
20160322;24.61;25.19;24.40;24.71;11306302;281418624.00
20160323;24.13;24.64;23.85;24.41;13607047;329145600.00
20160324;24.03;25.31;23.80;24.45;15288647;378029664.00
20160325;24.26;25.79;24.20;25.70;17425457;440951008.00
20160328;26.04;26.49;24.85;24.86;14430127;368586272.00
20160329;24.60;24.90;23.70;24.00;9504626;229556704.00
20160330;24.31;25.14;24.02;25.14;9371698;230557696.00
20160331;25.25;25.45;24.60;24.67;9506622;237970992.00
20160401;24.69;24.69;23.87;24.18;7083894;170805888.00
20160405;24.01;25.14;24.01;25.06;7531721;186038624.00
20160406;25.20;25.60;24.52;25.25;9576082;240372944.00
20160407;25.15;25.20;24.21;24.22;7807221;192127648.00
20160408;23.90;23.93;23.00;23.44;6935560;163063424.00
20160411;23.55;24.19;23.53;23.65;5108239;121910040.00
20160412;23.68;23.80;22.90;23.12;4981074;115668176.00
20160413;23.32;24.02;23.30;23.59;6624799;157169824.00
20160414;23.61;23.98;23.55;23.90;4925874;117139024.00
20160415;23.94;24.47;23.74;24.30;7375843;177959408.00
20160418;24.50;24.50;23.74;23.81;5146640;123458336.00
20160419;23.98;24.16;23.26;23.46;4519657;106443064.00
20160420;23.50;23.65;21.40;21.40;7510225;167684288.00
20160421;21.20;21.56;20.39;20.45;4963517;104809544.00
20160422;20.46;21.99;20.45;21.99;7318794;157072400.00
20160425;22.45;24.10;22.12;23.90;12318543;286256704.00
20160426;23.76;24.30;23.32;23.94;8393736;199612336.00
20160427;23.30;23.66;22.88;23.20;8638031;200939104.00
20160428;23.00;23.24;21.98;22.60;5243684;118393744.00
20160429;22.22;24.17;22.22;23.76;8177396;193520320.00
20160503;23.48;24.80;23.00;24.67;12429159;299007040.00
20160504;24.37;24.51;23.90;23.97;10402114;252118336.00
20160505;23.85;24.68;23.80;24.39;8344524;203684112.00
20160506;24.32;24.78;22.91;23.02;9515576;226346144.00
20160509;22.70;22.70;21.78;22.02;5297809;117287152.00
20160510;22.22;22.48;21.87;22.07;3109451;68871088.00
20160511;22.30;22.46;21.25;21.45;4772335;103729208.00
20160512;20.97;21.93;20.62;21.86;4090087;87534080.00
20160513;21.87;22.15;21.30;21.60;3277970;71319600.00
20160516;21.89;22.34;21.51;22.34;3652391;80597584.00
20160517;22.32;22.44;21.80;21.97;3731320;82277456.00
20160518;21.51;21.79;20.50;20.75;4222119;88842184.00
20160519;20.76;21.45;20.76;21.05;3639984;76796120.00
20160520;20.53;21.28;20.52;21.27;3418119;71456848.00
20160523;21.31;21.61;21.22;21.41;4215333;90314840.00
20160524;21.54;21.54;21.28;21.44;2958764;63386436.00
20160525;21.57;21.80;21.24;21.59;3507723;75625984.00
20160526;21.46;21.53;20.68;21.31;3584713;75482352.00
20160527;10.63;11.19;10.31;10.73;9138990;99694816.00
20160530;10.54;11.02;10.35;10.69;7257996;77799920.00
20160531;10.80;11.23;10.70;11.20;12877341;141724960.00
20160601;11.22;11.80;11.10;11.44;15278321;175104256.00
20160602;11.28;11.88;11.28;11.81;16461139;190460656.00
20160603;11.81;12.08;11.59;11.61;15654997;183912864.00
20160606;11.64;11.95;11.58;11.68;11649062;136669056.00
20160607;11.65;11.65;11.37;11.51;8188359;94232408.00
20160608;11.41;11.59;11.18;11.45;9938073;113242896.00
20160613;11.18;11.36;10.41;10.41;10315199;113351728.00
20160614;10.35;10.61;10.30;10.47;6394234;66840492.00
20160615;10.30;11.52;10.25;11.52;14898357;168266832.00
20160616;11.98;12.40;11.69;12.10;40442443;486478944.00
20160617;12.10;12.96;12.05;12.56;38611340;482164384.00
20160620;12.32;12.62;12.15;12.55;21957540;271647680.00
20160621;12.63;12.74;11.80;11.98;20969721;256940000.00
