20120327;28.88;29.90;28.68;29.19;11586087;340113984.00
20120328;28.72;28.75;27.11;27.28;5923959;164985744.00
20120329;26.80;27.08;25.80;26.02;4390290;115899160.00
20120330;26.19;26.98;26.06;26.28;2702561;71553400.00
20120405;25.85;26.80;25.55;26.67;2476998;64801052.00
20120406;26.60;27.26;26.40;26.61;2179495;58486736.00
20120409;26.43;26.60;26.00;26.25;1491724;39178568.00
20120410;26.10;27.22;26.01;27.17;2729368;72877496.00
20120411;26.03;27.07;26.02;26.85;3378789;89383416.00
20120412;26.69;27.00;26.48;26.93;2537552;68117352.00
20120413;26.85;27.68;26.72;27.19;2637664;72033952.00
20120416;26.78;26.93;26.40;26.60;1641863;43677732.00
20120417;26.47;26.90;26.38;26.62;1128598;30094680.00
20120418;26.88;27.17;26.43;27.06;1828991;49092252.00
20120419;26.79;27.65;26.79;27.38;1818808;49749164.00
20120420;27.38;27.58;27.08;27.41;1362427;37210944.00
20120423;27.41;27.41;26.41;26.51;1553771;41483124.00
20120424;26.15;26.68;26.00;26.57;1131988;29794098.00
20120425;26.45;26.79;26.26;26.69;663519;17627060.00
20120426;26.83;26.86;26.23;26.25;742146;19559594.00
20120427;26.21;26.50;26.07;26.43;553524;14528106.00
20120502;26.57;27.19;26.30;26.99;1626844;43782820.00
20120503;27.00;27.19;26.85;27.05;1176250;31816708.00
20120504;27.11;27.49;26.98;27.28;1622786;44250036.00
20120507;27.05;27.67;27.03;27.58;1733247;47462872.00
20120508;27.57;27.63;27.20;27.56;1221762;33515444.00
20120509;27.35;28.30;27.10;27.63;1992934;55204876.00
20120510;27.75;28.09;26.91;27.02;1980224;54420532.00
20120511;27.04;28.30;27.00;27.20;1197732;32822812.00
20120514;27.39;27.46;27.00;27.00;969719;26403474.00
20120515;26.82;27.15;26.65;27.06;676505;18206830.00
20120516;27.06;27.08;26.51;26.61;961398;25727368.00
20120517;26.72;27.28;26.52;27.20;1080743;29179572.00
20120518;27.13;27.45;26.92;27.30;759900;20620404.00
20120521;27.33;27.70;27.23;27.50;1071702;29481920.00
20120522;27.55;27.77;27.30;27.67;898913;24777678.00
20120523;27.56;30.44;27.56;29.53;5815955;171221264.00
20120524;29.39;30.10;29.36;30.03;2907255;86690176.00
20120525;29.92;29.92;29.09;29.29;2097699;61733248.00
20120528;29.01;29.77;28.48;29.59;1864994;54353104.00
20120529;29.33;30.66;29.30;30.20;2627353;79079640.00
20120530;30.20;30.86;29.86;30.30;2781562;84880512.00
20120531;30.11;31.20;30.02;31.01;2646014;81568224.00
20120601;31.01;31.54;30.80;31.30;3109539;97133208.00
20120604;30.89;31.20;30.60;31.11;1915774;59186748.00
20120605;31.08;31.56;30.87;31.05;1604521;49997280.00
20120606;31.00;31.10;29.71;29.87;1391024;42312700.00
20120608;30.00;30.58;29.35;30.27;1614852;48364704.00
20120611;30.00;31.07;29.85;30.95;1227225;37632880.00
20120612;30.70;31.40;30.70;30.95;701932;21755748.00
20120613;31.14;33.20;30.96;32.51;2060516;66713312.00
20120614;32.50;33.50;31.90;32.30;1845527;60200196.00
20120615;32.21;32.65;31.80;32.10;814809;26213562.00
20120618;32.37;32.99;31.83;31.88;1422263;45922996.00
20120619;32.85;33.74;32.36;33.00;2552171;84025128.00
20120620;33.11;33.69;32.63;32.72;1339539;44259404.00
20120621;32.70;33.88;32.47;33.45;2589514;85862008.00
20120625;33.28;34.38;33.06;33.45;1898038;63831956.00
20120626;33.32;33.43;32.34;32.95;1700257;56035232.00
20120627;32.85;34.81;32.03;34.40;6371416;211302992.00
20120628;33.89;34.66;33.85;34.20;2891332;99101832.00
20120629;34.18;35.44;33.91;35.27;2334437;81337888.00
20120702;36.00;37.88;35.95;37.85;4322933;158678352.00
20120703;37.70;39.05;37.40;38.05;3947661;150778240.00
20120704;37.99;38.89;37.30;37.46;2705076;103172320.00
20120705;37.38;37.99;36.70;37.50;2375086;88938432.00
20120706;37.25;37.80;36.00;37.30;2943336;108522128.00
20120709;37.20;38.30;36.91;37.29;2701334;101616736.00
20120710;37.05;37.55;36.34;37.35;1899140;70229416.00
20120711;37.05;37.49;35.70;36.65;2817058;102049792.00
20120712;37.12;38.65;36.51;37.95;4100412;154786368.00
20120713;37.70;38.18;34.16;34.16;7909420;279111872.00
20120716;33.50;33.90;31.88;32.32;5350986;176054224.00
20120717;32.13;32.94;31.90;32.22;2345593;75871968.00
20120718;32.31;32.73;31.28;32.10;3134461;99525152.00
20120719;32.05;33.30;31.82;32.51;3497025;113963200.00
20120720;32.50;32.96;31.71;31.93;1977869;63878148.00
20120723;31.71;31.71;30.69;31.00;2705079;83949872.00
20120724;30.88;31.55;30.85;31.38;2286170;71487936.00
20120725;31.02;32.58;31.02;31.80;2443399;78404888.00
20120726;32.70;34.37;32.01;33.48;6155327;204693136.00
20120727;33.53;36.79;33.51;36.19;6545628;231753312.00
20120730;35.85;35.92;34.18;34.58;3646397;128081504.00
20120731;34.82;35.91;33.83;33.94;3348131;117017168.00
20120801;33.33;35.15;33.33;34.80;3026347;103973528.00
20120802;34.74;35.65;34.25;35.10;2600418;91123592.00
20120803;35.20;37.40;35.13;37.00;3581911;129921416.00
20120806;36.79;37.37;36.02;37.26;3187825;117317232.00
20120807;37.27;37.27;36.18;36.66;2484885;90945216.00
20120808;36.55;36.86;35.75;35.83;2422736;87394344.00
20120809;35.70;37.77;35.56;37.70;3533240;129896624.00
20120810;37.47;37.79;36.50;36.82;2174362;80623568.00
20120813;36.96;36.98;35.39;35.50;2303814;83504096.00
20120814;35.85;36.94;35.36;36.79;2328469;84076008.00
20120815;36.70;37.47;35.88;35.88;2487629;91422632.00
20120816;35.75;36.15;35.20;35.85;1334540;47637004.00
20120817;35.75;37.12;35.44;36.85;1740297;63495376.00
20120820;36.69;38.16;36.42;37.99;2802982;105149360.00
20120821;38.00;38.59;37.81;38.43;2530848;96505544.00
20120822;38.54;39.38;37.39;37.50;3140666;120342760.00
20120823;37.48;38.80;36.81;38.80;2906156;109223936.00
20120824;37.50;37.50;34.92;34.92;2162624;76229656.00
20120829;34.00;35.77;33.00;34.99;5715668;195234112.00
20120830;34.90;35.20;31.49;31.58;5833207;189327968.00
20120831;31.40;31.40;29.91;31.10;3933216;120639208.00
20120903;30.88;32.69;30.69;32.40;3593038;114565368.00
20120904;32.40;34.15;32.30;33.60;4117428;138123360.00
20120905;33.40;33.88;33.20;33.76;1599066;53652380.00
20120906;33.79;34.92;33.40;33.90;2304427;79063368.00
20120907;34.30;35.50;33.75;35.11;3142640;109248728.00
20120910;35.00;35.31;34.44;35.01;1598301;55638372.00
20120911;34.61;35.00;34.25;34.60;1051431;36315968.00
20120912;34.83;34.95;33.00;34.37;1996930;67918016.00
20120913;34.28;34.38;33.55;33.70;996194;33891576.00
20120914;33.80;34.10;32.52;33.20;1318963;43801112.00
20120917;33.12;33.17;31.87;31.89;1524871;49039552.00
20120918;31.89;32.42;31.80;31.91;658401;21130856.00
20120919;32.01;32.29;31.45;32.27;778399;24853336.00
20120920;32.31;32.69;31.43;31.64;1156333;37055884.00
20120921;31.63;31.97;30.30;30.40;841488;26105224.00
20120924;30.38;30.99;29.60;30.70;753810;22865240.00
20120925;30.49;30.96;29.81;30.20;616731;18661638.00
20120926;30.24;30.24;28.18;28.40;1210341;34895072.00
20120927;28.52;29.46;28.49;29.15;960150;27845200.00
20120928;29.05;30.48;28.77;30.35;1202683;35814868.00
20121008;30.65;31.49;30.40;31.19;1490509;46335924.00
20121009;31.50;32.28;31.10;32.10;1406935;44921268.00
20121010;32.00;32.08;31.42;31.86;1438288;45638140.00
20121011;31.61;32.04;31.10;31.15;1074739;33939528.00
20121012;31.15;31.80;30.73;31.18;1137030;35413940.00
20121015;31.54;31.54;28.06;28.06;2788221;81267272.00
20121016;27.01;27.46;26.60;27.20;4185746;113077256.00
20121017;27.21;28.09;26.90;27.93;2260619;62131912.00
20121018;27.95;29.60;27.87;29.37;3025194;87545208.00
20121019;29.24;29.63;29.00;29.28;1632904;47735928.00
20121022;28.90;29.65;28.62;29.53;951955;28003868.00
20121023;30.15;30.48;28.91;28.91;1347117;39697108.00
20121024;28.50;28.50;26.80;26.86;4299992;117884816.00
20121025;27.89;28.23;27.15;27.99;3301769;91874160.00
20121026;27.73;27.73;26.73;27.10;2085058;56588044.00
20121029;27.10;28.09;27.00;27.99;1835095;50789384.00
20121030;29.99;30.38;28.67;28.84;4070575;118936104.00
20121031;28.88;29.56;28.52;28.97;3073666;89351312.00
20121101;28.69;29.36;28.43;29.01;2084217;60307440.00
20121102;29.01;29.75;28.78;29.53;2997296;88251344.00
20121105;29.35;30.09;28.61;30.08;3109914;91276104.00
20121106;29.76;29.93;29.12;29.45;2330588;68806008.00
20121107;29.45;29.90;29.00;29.26;1507552;44467340.00
20121108;28.98;28.98;27.32;27.40;2567814;72163096.00
20121109;27.46;28.46;27.46;28.06;1752936;49140588.00
20121112;28.20;28.93;28.10;28.55;1522324;43507000.00
20121113;28.80;29.00;28.02;28.10;1528351;43610992.00
20121114;28.11;30.30;28.10;29.94;3639596;107379504.00
20121115;29.50;29.90;29.01;29.10;2200334;64951376.00
20121116;29.18;30.12;29.07;30.05;2748459;81931864.00
20121119;29.80;30.33;29.42;30.21;2040676;61042192.00
20121120;30.80;30.80;29.21;29.38;2589533;77416840.00
20121121;29.22;30.95;29.20;30.95;3365301;101473272.00
20121122;30.67;31.54;30.36;30.73;3047398;94242656.00
20121123;30.83;30.89;30.23;30.48;2331838;71036320.00
20121126;30.55;31.49;29.97;30.09;2574113;78934128.00
20121127;29.95;30.25;28.20;28.30;3034042;87762968.00
20121128;28.08;28.86;28.02;28.40;1607057;45838664.00
20121129;28.62;28.79;27.04;27.22;2585649;71113200.00
20121130;27.04;27.66;27.04;27.55;1402571;38431296.00
20121203;27.33;27.50;26.31;26.34;1687989;45407336.00
20121204;26.36;26.88;25.16;26.77;2109895;54890052.00
20121205;26.61;28.82;26.40;27.95;2479817;69083048.00
20121206;27.90;28.43;27.52;28.10;1461464;40994792.00
20121207;28.10;28.80;27.96;28.80;2320538;66284264.00
20121210;28.90;29.40;28.63;29.16;2152329;62654064.00
20121211;29.11;29.11;28.50;28.52;1567788;44975784.00
20121212;28.56;29.97;28.43;29.68;2812905;82824232.00
20121213;29.47;29.80;29.00;29.01;1702247;49838444.00
20121214;28.88;30.53;28.88;30.48;2739799;82103400.00
20121217;30.56;30.76;29.88;30.37;1860786;56267100.00
20121218;30.05;31.20;29.76;29.86;2288721;69724352.00
20121219;29.91;30.60;29.44;30.33;1660014;50202064.00
20121220;30.30;33.01;30.10;32.70;5088412;163311616.00
20121221;33.11;34.69;32.80;33.72;5916459;199323968.00
20121224;33.72;35.34;33.62;34.17;5656092;194990720.00
20121225;33.90;35.66;33.50;35.03;6666839;230208032.00
20121226;34.78;37.26;34.65;36.47;4831867;174359968.00
20121227;36.73;37.56;34.56;34.72;5470179;195872544.00
20121228;34.50;37.58;34.48;36.16;5427361;196088208.00
20121231;35.50;35.55;34.38;34.98;6272216;218326176.00
20130104;35.20;36.50;34.51;36.29;6547035;234574592.00
20130107;36.10;36.20;35.21;35.97;3524185;125855080.00
20130108;35.75;37.40;35.29;36.31;5202065;189850128.00
20130109;35.70;36.13;34.30;34.95;4648435;163939200.00
20130110;34.89;35.64;34.50;35.04;3298506;115477776.00
20130111;35.50;36.34;35.24;35.65;4675282;167054128.00
20130114;35.30;37.25;35.05;36.90;5399112;197450992.00
20130115;36.60;37.08;36.20;36.90;4271929;156553056.00
20130116;36.62;36.69;35.26;35.61;4031371;144751632.00
20130117;35.42;36.17;35.23;35.24;2128576;75733280.00
20130118;35.54;35.71;33.87;34.76;3903349;135146000.00
20130121;34.76;35.28;34.03;35.15;3171573;110369800.00
20130122;35.01;35.05;34.02;34.16;2601559;89999552.00
20130123;34.05;37.58;34.05;37.58;7367822;265245920.00
20130124;36.80;37.34;35.09;35.81;6590427;239277232.00
20130125;35.56;35.88;34.49;34.84;2430146;84938720.00
20130128;34.89;35.97;34.80;35.60;2243439;79438696.00
20130129;36.40;39.10;36.09;36.72;6861766;255330064.00
20130130;37.05;37.19;35.88;36.25;3018620;109727608.00
20130131;36.15;37.16;36.01;36.90;2669642;97775848.00
20130201;36.80;36.88;36.09;36.43;2188162;79778776.00
20130204;36.43;36.78;34.53;34.76;3232140;113951608.00
20130205;34.39;35.44;34.06;34.98;1283156;44941432.00
20130206;35.07;35.50;34.82;35.04;1278942;44996900.00
20130207;35.18;35.96;34.90;35.81;1795972;63664636.00
20130208;35.75;37.50;35.56;36.85;2846823;104738296.00
20130218;37.02;38.48;36.35;37.97;3962272;149234016.00
20130219;37.65;38.01;36.61;37.08;2538507;94263624.00
20130220;37.10;40.73;37.10;39.67;5982251;234749696.00
20130221;39.39;40.20;38.60;39.89;4182948;165068800.00
20130222;39.52;39.98;38.25;38.44;2997175;117065016.00
20130225;38.32;40.17;38.32;39.51;3176998;125596008.00
20130226;39.23;39.38;37.90;37.99;3316624;128135336.00
20130227;38.18;38.68;37.01;37.45;2238740;84169528.00
20130228;37.97;38.50;37.50;38.30;2214344;84465560.00
20130301;38.44;39.39;37.80;39.11;2619411;101453368.00
20130304;39.00;39.00;37.37;37.72;2695958;102535536.00
20130305;37.70;38.35;37.21;38.20;1929771;73274120.00
20130306;38.20;40.04;38.11;39.53;3923210;154362912.00
20130307;39.55;39.75;38.01;38.32;2779695;107816552.00
20130308;38.32;38.72;37.35;37.58;1906232;72235848.00
20130311;37.80;38.24;37.28;37.62;1276414;48291056.00
20130312;37.62;37.89;34.85;35.25;3527200;126893288.00
20130313;35.09;35.88;34.53;35.52;1760299;62129712.00
20130314;35.38;35.97;34.70;34.90;1558906;55112980.00
20130315;34.98;35.88;34.81;35.13;1745624;61913692.00
20130318;35.44;35.80;34.57;34.77;1360184;47918736.00
20130319;34.58;35.13;33.70;34.40;1242984;42690244.00
20130320;34.52;35.48;34.41;35.19;2936607;102770256.00
20130321;35.15;36.18;35.02;35.83;2509167;89841480.00
20130322;35.84;35.99;35.14;35.79;2026314;71868488.00
20130325;35.70;35.98;35.22;35.80;1557733;55446128.00
20130326;35.39;35.59;34.53;35.11;1734343;60371256.00
20130327;35.09;35.63;34.88;35.52;1300240;45928152.00
20130328;35.55;35.99;34.62;35.25;2971883;105890904.00
20130329;35.49;35.65;32.50;33.50;4227798;142460992.00
20130401;33.41;33.41;32.41;33.09;1682596;55559748.00
20130402;33.00;33.47;31.68;31.70;3683708;119007440.00
20130403;31.85;31.95;30.80;31.48;2633206;82503120.00
20130408;31.30;31.58;30.62;31.40;1713357;53315412.00
20130409;31.51;32.08;31.46;31.81;1606225;51096720.00
20130410;31.55;31.92;31.01;31.34;1416399;44418144.00
20130411;31.60;31.97;31.50;31.57;1159649;36799168.00
20130412;31.57;31.96;31.14;31.68;1085095;34331056.00
20130415;31.50;31.67;31.02;31.06;913212;28469234.00
20130416;30.79;31.06;30.00;31.01;1394163;42395976.00
20130417;31.03;31.66;30.88;31.55;1443165;45153184.00
20130418;31.40;31.97;31.12;31.83;1581581;50221768.00
20130419;31.86;32.95;31.70;32.71;2183733;70917096.00
20130422;32.56;33.50;32.30;33.10;2668306;88025888.00
20130423;33.30;34.25;32.88;32.95;3477971;116648912.00
20130424;32.98;35.29;32.71;34.93;3490834;118950104.00
20130425;34.90;37.58;34.90;36.02;5257381;190933280.00
20130426;36.05;36.59;34.50;34.68;3676827;130062048.00
20130502;17.41;17.83;16.60;17.52;4885833;85013432.00
20130503;17.56;18.15;17.40;17.82;5201007;92962416.00
20130506;17.79;18.25;17.79;17.91;4301166;77545536.00
20130507;17.80;17.95;17.00;17.77;3981194;69977992.00
20130508;17.80;18.56;17.78;18.56;7260898;132748288.00
20130509;18.66;19.22;18.22;19.15;8678229;162350864.00
20130510;19.16;19.46;18.81;19.40;7042057;135410096.00
20130513;19.43;20.87;19.20;20.60;11291451;228250320.00
20130514;20.61;20.88;20.08;20.61;7963314;163734992.00
20130515;20.65;21.49;20.25;21.48;7123634;149377344.00
20130516;21.40;21.69;20.60;20.95;12045917;253211888.00
20130517;20.95;21.51;20.56;21.28;7825936;164196880.00
20130520;21.31;22.48;21.31;22.02;7095430;156890256.00
20130521;22.14;23.15;21.92;22.83;6773995;151937392.00
20130522;23.95;24.09;23.16;23.20;9657101;227532848.00
20130523;23.15;24.65;22.56;24.00;7620303;181565248.00
20130524;23.80;26.40;23.80;26.40;10069130;260817520.00
20130527;27.05;28.19;26.30;27.02;14026325;379498208.00
20130528;26.89;27.55;25.61;25.85;8789297;232345168.00
20130529;25.99;27.04;25.99;26.23;5403948;142897808.00
20130530;26.20;26.20;25.02;25.50;5104377;130751664.00
20130531;25.51;26.18;25.38;25.64;3872825;99844464.00
20130603;25.45;26.19;25.23;25.47;4103608;105717376.00
20130604;25.21;25.40;23.51;25.00;5749503;140277600.00
20130605;24.81;25.09;24.27;24.48;3472272;85362840.00
20130606;24.55;24.55;23.29;23.29;5132375;121577664.00
20130607;23.30;24.15;22.96;23.82;3933883;93389864.00
20130613;23.30;24.69;23.29;24.66;4764506;114836632.00
20130614;24.80;26.89;24.80;25.90;7450510;194257392.00
20130617;25.70;26.66;25.53;25.93;4954374;129411232.00
20130618;25.75;27.50;25.65;27.28;6923293;184677568.00
20130619;27.00;27.75;26.45;27.24;5369722;145891440.00
20130620;26.92;27.21;25.71;25.75;4249756;112331816.00
20130621;25.40;25.49;24.55;24.80;4069305;101764184.00
20130624;24.96;25.45;23.00;23.91;5022052;122690104.00
20130625;23.23;24.65;22.30;24.63;5203965;122953056.00
20130626;24.88;26.11;24.66;25.86;6679876;170902752.00
20130627;26.00;26.36;25.09;25.28;6109018;157586592.00
20130628;25.49;25.98;23.45;23.95;7457923;182646864.00
20130701;23.60;24.56;22.70;24.46;6407036;150548752.00
20130702;24.01;25.10;23.86;24.78;4494818;110670464.00
20130703;24.50;25.05;24.20;24.62;4264425;104823680.00
20130704;24.60;24.96;24.23;24.39;3831155;94040640.00
20130705;24.25;24.47;23.50;23.53;3417918;81463608.00
20130708;23.50;23.50;22.48;22.90;2294354;52735460.00
20130709;22.88;24.27;22.68;24.24;2011421;46765560.00
20130710;24.30;24.30;23.71;24.27;3062736;73779856.00
20130711;24.28;24.80;24.00;24.75;4171357;101912160.00
20130712;24.85;25.48;24.50;25.37;7784637;194847392.00
20130715;25.26;25.73;24.70;25.48;7414343;188015824.00
20130716;25.45;25.45;24.82;25.06;3571397;89462424.00
20130717;25.06;25.24;24.40;24.80;4290784;106170752.00
20130718;24.58;24.83;24.20;24.39;2812900;68752360.00
20130719;24.37;24.68;23.60;23.65;3164204;76253632.00
20130722;23.03;24.23;23.03;24.17;2860779;68364896.00
20130723;24.17;25.98;23.91;25.57;6342630;160656592.00
20130724;25.44;26.08;24.94;25.99;5907700;150969792.00
20130725;26.16;26.69;25.34;25.49;6758055;176455264.00
20130726;25.79;26.26;25.00;25.46;4285367;109195264.00
20130729;25.46;26.60;25.46;26.60;6307410;164731344.00
20130730;26.60;26.60;25.55;25.82;4833272;125805152.00
20130731;25.77;26.56;25.65;25.96;3219677;84047448.00
20130801;25.78;26.65;25.78;26.32;4127748;108573888.00
20130802;26.39;26.89;26.37;26.58;5016780;133626800.00
20130805;26.32;26.58;25.71;26.15;3926933;102267496.00
20130806;26.05;26.41;25.78;25.90;3429507;89251104.00
20130807;25.78;26.10;25.36;25.50;3971934;101498368.00
20130808;25.64;26.00;25.42;25.92;2780225;71417856.00
20130809;26.00;26.59;25.45;26.47;6209874;162501040.00
20130812;26.62;27.98;26.38;27.80;11266636;307147936.00
20130813;27.99;28.60;27.40;28.30;6620245;184846336.00
20130814;28.29;28.32;27.51;28.12;3908320;109106896.00
20130815;28.22;28.45;27.55;28.03;4724191;132199424.00
20130816;27.98;27.99;26.48;27.19;4865260;132479616.00
20130819;26.98;28.45;26.72;28.12;5107495;142163568.00
20130820;28.00;28.45;27.63;27.94;5514992;154053632.00
20130821;28.89;28.89;26.00;26.26;21917359;591681984.00
20130822;25.50;26.00;25.22;25.80;9288947;237456832.00
20130823;25.95;25.98;24.96;25.40;6158089;156423712.00
20130826;25.35;25.70;25.02;25.40;7226139;183301664.00
20130827;25.50;25.92;25.31;25.88;4674341;119702480.00
20130828;25.78;26.02;25.12;25.14;6038901;154277600.00
20130829;25.00;25.21;24.03;25.18;7375936;181237088.00
20130830;24.80;25.14;24.28;24.29;3809844;94172240.00
20130902;24.25;24.86;23.81;24.35;2324830;56995372.00
20130903;24.39;25.17;24.38;25.13;3178111;78997872.00
20130904;25.06;25.38;24.80;25.00;3029097;75765736.00
20130905;25.00;25.18;24.52;24.55;2733753;67867720.00
20130906;24.56;25.02;24.51;24.80;2470131;61143288.00
20130909;24.63;24.99;24.45;24.87;2351815;58094272.00
20130910;24.90;24.98;24.40;24.55;3595390;88517312.00
20130911;24.56;24.80;22.41;23.30;6943590;162052112.00
20130912;23.18;23.58;22.87;23.10;2439211;56770360.00
20130913;23.28;23.50;22.78;23.42;2841014;65747304.00
20130916;23.50;23.57;23.22;23.40;2060379;48213996.00
20130917;23.27;23.46;22.98;23.09;2521761;58249272.00
20130918;23.10;23.20;22.65;22.89;1569507;35798432.00
20130923;23.00;23.19;22.57;23.10;3055611;70158816.00
20130924;23.20;23.66;23.00;23.63;3496604;82176872.00
20130925;23.63;23.63;22.98;23.00;3024172;70169104.00
20130926;22.88;23.22;22.80;22.90;1772969;40755368.00
20130927;22.89;22.93;22.00;22.03;3652718;81816408.00
20130930;22.01;22.42;21.62;22.41;2654070;58299796.00
20131008;22.43;24.09;22.23;23.58;6242177;146322000.00
20131009;23.36;24.28;23.33;24.15;4667246;112077544.00
20131010;24.15;24.25;23.88;23.94;2340541;56218776.00
20131011;23.87;24.20;23.82;23.92;2314595;55446752.00
20131014;23.82;24.80;23.82;24.79;4114378;100202376.00
20131015;24.81;25.20;24.27;25.01;4930550;121813264.00
20131016;25.01;25.10;24.71;24.82;3517245;87484064.00
20131017;25.00;26.00;24.69;24.80;4927450;124899152.00
20131018;24.60;25.17;24.19;24.76;3290919;81251632.00
20131021;24.84;26.17;24.84;25.91;6721078;173537856.00
20131022;26.02;27.20;26.02;26.82;8296692;222457888.00
20131023;26.95;27.42;26.34;26.77;4727027;127631136.00
20140318;29.45;29.45;29.45;29.45;559289;16471061.00
20140319;32.40;32.40;32.40;32.40;535865;17362026.00
20140320;34.94;34.94;31.00;33.26;15992922;526738464.00
20140327;33.68;34.90;31.21;31.62;8219275;269515648.00
20140328;31.68;31.68;28.46;28.52;9535974;278153984.00
20140331;28.40;28.48;26.80;26.95;4639105;128183216.00
20140401;26.96;27.48;26.03;27.04;5961826;160091392.00
20140402;27.25;28.24;27.20;28.00;5745882;159731088.00
20140403;27.98;28.27;26.61;27.23;4933774;134817216.00
20140404;27.09;27.83;26.85;27.23;2669241;73259376.00
20140408;27.10;27.67;26.70;27.28;3486841;95148312.00
20140409;27.72;27.72;27.20;27.30;2896659;79338616.00
20140410;27.40;27.57;26.85;27.31;3532856;96279408.00
20140411;27.10;29.19;26.90;28.85;6296839;179048800.00
20140414;28.75;29.65;28.50;28.66;3634076;105321144.00
20140415;28.60;29.15;28.38;28.65;2857824;81916168.00
20140416;28.60;28.75;27.85;28.20;2236152;63165264.00
20140417;28.02;28.44;27.40;27.55;2333376;64528480.00
20140418;27.76;27.76;27.18;27.60;930542;25576220.00
20140421;27.50;27.88;26.77;26.86;3231621;88059000.00
20140422;26.86;27.00;24.20;24.95;5839074;147557648.00
20140423;24.88;25.29;24.48;24.82;2197510;54748224.00
20140424;24.75;24.85;24.02;24.40;2702625;65890208.00
20140425;24.60;24.99;24.20;24.50;1509036;37022460.00
20140428;24.34;24.77;24.09;24.52;2197403;53718456.00
20140429;24.50;24.98;24.41;24.83;1175217;29025542.00
20140430;24.83;27.31;24.83;25.55;2292812;58866528.00
20140505;25.55;26.51;25.10;26.46;2390627;62822028.00
20140506;26.61;26.96;26.28;26.65;2230199;59438608.00
20140507;26.65;26.92;26.22;26.28;1941531;51669436.00
20140508;26.20;26.82;25.72;26.38;1678110;44451008.00
20140509;26.36;26.68;25.59;25.85;1596993;41675168.00
20140512;26.11;26.41;25.92;26.21;852302;22340454.00
20140513;26.22;26.56;25.37;25.38;1295897;33433504.00
20140514;25.41;27.10;25.10;26.63;2660801;69885304.00
20140515;26.45;27.95;26.31;27.20;4006418;109498352.00
20140516;27.19;27.35;26.35;26.84;2120414;56460836.00
20140519;26.49;27.06;26.35;26.86;1449814;38744672.00
20140520;26.83;27.39;26.53;26.70;1103100;29752008.00
20140521;26.53;26.53;25.92;26.50;2252816;59177588.00
20140522;26.48;26.92;26.31;26.60;1633658;43522340.00
20140523;26.70;27.10;26.48;27.06;1874760;50525524.00
20140526;27.37;27.70;26.86;27.10;1851631;50229736.00
20140527;27.20;27.35;26.88;26.90;1019255;27554248.00
20140528;27.05;27.19;26.50;27.05;1354173;36502400.00
20140529;26.93;27.20;26.45;26.54;1381164;36969588.00
20140530;26.43;26.66;25.98;26.45;1506477;39664852.00
20140603;26.50;26.58;26.11;26.35;606128;15982762.00
20140604;26.18;26.38;25.59;26.00;1185002;30716010.00
20140605;26.00;26.79;25.91;26.49;2066314;54921796.00
20140606;26.74;26.98;26.40;26.66;1157228;30832570.00
20140609;27.00;27.67;26.89;27.40;4031078;110297472.00
20140610;27.45;27.91;26.98;27.77;3360252;92806896.00
20140611;27.75;30.55;27.60;28.80;5258270;151728448.00
20140612;28.72;29.50;28.41;28.80;2469701;71286952.00
20140613;28.84;29.23;28.84;29.14;2566665;74635432.00
20140616;29.27;29.88;28.50;28.61;4141009;118984712.00
20140617;28.67;29.00;27.99;28.33;2755664;78329192.00
20140618;28.60;28.60;27.85;28.01;1556339;43850616.00
20140619;28.29;28.52;27.34;27.55;1716848;47826608.00
20140620;27.42;27.97;27.10;27.46;2312601;63536368.00
20140623;27.53;27.78;27.12;27.47;2719358;74563456.00
20140624;27.57;27.71;27.18;27.39;2202184;60203832.00
20140625;27.43;27.54;26.39;27.00;2235584;60313124.00
20140626;27.29;28.10;27.00;27.86;2905456;80354936.00
20140627;27.86;28.23;27.76;28.01;1583918;44258804.00
20140630;28.07;28.47;27.63;28.24;2520622;70658408.00
20140701;28.47;28.47;27.96;28.19;2112906;59526504.00
20140702;28.50;29.29;28.24;28.99;3619041;104668432.00
20140703;29.10;29.15;28.72;28.85;1534228;44361880.00
20140704;28.85;28.90;28.18;28.35;2121628;60283496.00
20140707;28.32;28.60;27.90;28.05;1879383;52889024.00
20140708;28.03;28.26;27.85;28.09;1708981;48012188.00
20140709;28.11;28.68;27.82;28.38;3427898;96928928.00
20140710;28.25;28.94;28.03;28.78;2503902;71256584.00
20140711;28.70;29.10;28.51;28.92;1477645;42545152.00
20140714;29.03;29.03;28.26;28.74;1849064;52794592.00
20140715;28.71;28.73;27.91;28.05;1916735;54157912.00
20140716;27.91;28.17;27.37;27.58;1655405;45913064.00
20140717;27.58;28.00;27.36;27.75;956925;26523096.00
20140718;27.70;28.40;27.52;28.15;2401263;67689416.00
20140721;28.15;28.96;28.02;28.62;3197296;91919104.00
20140722;28.60;29.50;28.58;29.40;3899106;114061432.00
20140723;29.40;29.95;29.03;29.93;5357571;158313648.00
20140724;30.18;32.72;29.70;32.10;10796520;334656608.00
20140725;32.91;34.50;32.13;33.03;10488844;351660832.00
20140728;33.00;33.68;32.16;33.33;5314473;175201712.00
20140729;33.52;33.69;32.60;33.37;3348956;111012768.00
20140730;33.02;34.30;33.00;33.90;3268927;110201976.00
20140731;34.00;34.43;33.45;34.10;2880140;97758520.00
20140801;34.00;34.00;32.60;33.15;3688892;122304720.00
20140804;33.03;33.68;32.89;33.67;1812772;60334084.00
20140805;33.55;33.99;32.98;33.45;1970661;65954468.00
20140806;33.27;35.29;32.67;34.93;4949221;169220976.00
20140807;35.00;36.20;34.62;35.25;5633347;199293104.00
20140808;35.52;36.49;34.93;36.15;4591699;164127984.00
20140811;35.92;36.43;35.20;35.57;4640198;166338096.00
20140812;35.80;39.12;35.40;39.11;6993261;261874144.00
20140813;38.92;39.38;38.41;39.09;3962106;153976400.00
20140814;39.00;40.50;38.80;38.87;6280441;248560080.00
20140820;38.95;41.42;36.60;37.78;5514589;213844464.00
20140821;37.94;39.00;36.72;38.72;3836577;143219648.00
20140822;38.50;40.97;38.14;40.60;3932401;157833024.00
20140825;40.58;40.59;39.55;39.67;3483685;139309376.00
20140902;40.29;42.58;40.07;41.95;5912153;245279536.00
20140903;41.50;44.45;41.30;43.81;3754982;162871088.00
20140904;43.91;44.98;42.76;43.30;3910548;170202112.00
20140905;42.90;43.70;42.04;42.70;2450591;104910752.00
20140909;42.86;43.17;42.22;42.94;1673015;71463384.00
20140910;42.99;43.19;42.01;42.75;1411336;59839824.00
20140911;42.77;43.13;42.26;42.32;2799382;119572008.00
20140912;42.03;42.79;42.03;42.63;1708668;72566680.00
20140915;42.70;42.95;41.08;42.27;2249981;94135296.00
20140916;42.05;43.85;41.20;41.96;3471061;148603856.00
20140917;41.70;43.05;41.70;42.28;1958441;82317536.00
20140918;42.69;42.89;42.00;42.49;1346335;57117228.00
20140919;42.40;46.45;42.40;46.01;3702968;164472656.00
20140922;45.80;45.97;43.80;44.78;3231901;144419040.00
20140923;44.78;45.80;44.78;45.49;1418166;64437684.00
20140924;45.20;46.00;45.00;45.80;2481676;113079816.00
20140925;45.70;46.00;45.15;45.80;1643122;74891824.00
20140926;45.80;45.98;44.35;45.50;2006840;90453160.00
20140929;45.30;47.00;43.79;44.76;2972160;131807688.00
20140930;44.79;44.79;43.83;44.03;994637;43916548.00
20141008;44.02;44.79;43.61;43.99;1439404;63542428.00
20141009;44.28;44.28;41.73;43.18;4997587;212599840.00
20141010;42.78;43.16;41.75;42.24;2970430;125652920.00
20141016;44.00;45.00;42.61;44.29;7100261;314524480.00
20141017;44.28;45.59;43.39;44.30;5114628;228074016.00
20141020;44.26;44.28;42.50;42.99;2948920;126567272.00
20141021;42.88;43.45;41.30;43.04;2215164;94616416.00
20141022;42.99;43.30;41.78;42.30;1690508;72035720.00
20141023;42.25;42.25;40.30;41.00;1755887;72546312.00
20141024;40.95;41.78;40.30;40.79;1206173;49361292.00
20141027;40.50;40.50;38.90;39.34;1953681;77168400.00
20141028;39.48;41.95;39.47;41.46;2728238;112168888.00
20141029;41.39;42.98;41.22;42.73;2052075;87564056.00
20141030;42.15;43.31;42.03;42.45;878701;37341836.00
20141031;42.37;42.38;40.41;41.40;2543066;104406640.00
20141103;41.00;41.66;40.08;41.60;1677432;68295792.00
20141104;41.12;41.71;40.99;41.09;891678;36779052.00
20141105;41.16;41.40;40.69;41.19;1056258;43283392.00
20141106;40.60;43.67;40.52;43.26;2249055;95285896.00
20141107;43.32;45.79;43.32;44.26;4766888;214083888.00
20141110;44.24;45.26;43.01;43.60;1573951;68925920.00
20141111;43.76;43.99;41.87;42.15;1791224;76132960.00
20141112;42.00;42.90;41.30;42.18;1572689;66109440.00
20141113;42.24;43.48;41.65;43.29;1470112;62439556.00
20141114;42.90;44.42;42.10;44.25;1969127;85722992.00
20141117;44.26;44.26;43.10;43.67;1686629;73392664.00
20141118;43.65;43.65;42.20;42.50;1505623;64212352.00
20141119;42.28;44.44;42.25;44.30;1911730;83491432.00
20141120;44.30;44.40;43.30;43.85;710705;31174854.00
20141121;43.66;44.10;43.20;43.68;634559;27759934.00
20141124;44.07;44.25;41.90;42.01;3941267;166799920.00
20141125;42.00;42.09;40.59;41.37;3090613;127804256.00
20141126;41.35;41.67;41.04;41.67;1695173;70001936.00
20141127;41.68;41.99;40.79;40.90;2500033;102718856.00
20141128;41.00;41.00;39.69;40.50;2936783;118298568.00
20141201;40.44;40.50;39.37;39.55;2437488;96786496.00
20141202;39.80;41.99;39.55;41.39;2831005;116569096.00
20141203;41.30;41.56;39.60;41.17;3293239;133279248.00
20141204;41.01;42.66;41.01;42.00;4880892;206202304.00
20141205;42.18;45.78;42.18;44.40;7781414;342020352.00
20141208;44.40;47.15;42.60;43.20;9969663;453816096.00
20141209;47.32;47.32;42.94;44.35;21271320;951699712.00
20141210;44.10;44.10;40.00;43.43;9087845;385512064.00
20141211;42.80;45.70;41.95;44.60;8969321;393228320.00
20141212;44.50;44.96;43.30;44.10;4731842;208922176.00
20141215;43.51;46.49;43.20;45.39;7540331;342687264.00
20141216;45.35;45.46;44.03;44.42;4482381;199778688.00
20141217;44.37;44.37;42.91;43.10;4139382;179111200.00
20141218;42.98;43.98;42.24;42.63;3488731;149972032.00
20141219;42.21;42.77;40.00;40.30;6367454;260396896.00
20141222;40.40;40.90;36.30;37.90;7595642;287123648.00
20141223;38.00;39.80;37.95;38.25;4669070;180890816.00
20141224;38.78;41.60;36.00;41.15;6607030;264770624.00
20141225;41.20;42.49;40.80;41.40;6462648;269445440.00
20141226;40.94;41.20;39.90;40.99;5077417;205648992.00
20141229;40.45;40.45;38.95;39.07;3577043;141288384.00
20141230;39.06;39.80;37.09;38.38;4337203;165527056.00
20141231;39.22;39.97;38.90;39.13;3144134;123910848.00
20150105;39.45;39.70;38.67;39.22;3376519;132286128.00
20150106;38.70;39.67;37.89;39.66;5461507;210751024.00
20150107;39.58;39.95;38.81;39.22;3302437;129388264.00
20150108;39.26;39.42;38.50;38.78;2441156;94809784.00
20150109;38.75;39.43;38.53;38.78;2377606;92903536.00
20150112;38.58;39.12;37.88;38.41;1444745;55668492.00
20150113;38.41;39.39;38.12;39.26;2952031;114427864.00
20150114;39.24;41.29;38.76;40.77;5767859;232198848.00
20150115;40.65;42.00;40.09;40.37;3743104;153260416.00
20150116;39.90;41.13;39.61;40.85;3125397;126314664.00
20150119;40.22;41.99;39.67;40.40;5220742;214539968.00
20150120;40.88;42.50;40.88;42.10;6148737;256025504.00
20150121;42.22;43.90;42.22;42.60;5742514;247131040.00
20150122;43.03;43.70;42.40;43.10;4093425;176086128.00
20150123;43.20;43.40;41.75;41.95;3736097;158810384.00
20150126;42.00;42.77;42.00;42.20;2228896;94237576.00
20150127;43.10;43.53;41.60;42.71;2984800;126923776.00
20150128;42.76;42.76;41.47;41.82;2814118;117813528.00
20150129;41.00;41.90;40.67;41.00;2732254;112140304.00
20150130;41.30;41.45;40.50;40.51;1782701;72895520.00
20150202;40.40;40.69;39.70;40.45;1501874;60250980.00
20150203;40.36;40.99;40.18;40.90;1838037;74658688.00
20150204;41.00;41.29;40.28;40.33;1780282;72758176.00
20150205;40.32;40.50;39.65;39.66;2686069;107167976.00
20150206;39.40;40.90;38.66;40.18;3388725;136768816.00
20150209;40.31;40.78;39.00;39.80;1396547;55890244.00
20150210;39.90;39.99;39.20;39.65;1450970;57435340.00
20150211;40.08;40.86;39.40;40.77;2039259;82018448.00
20150212;40.70;41.58;40.38;41.35;2341653;96676280.00
20150213;41.50;41.96;41.30;41.70;1863503;77705280.00
20150216;41.75;42.30;41.25;42.11;2305909;96672368.00
20150217;42.14;42.38;41.36;41.73;1473876;61372608.00
20150225;41.74;42.39;41.14;41.80;2243088;93537360.00
20150226;41.78;42.17;41.35;41.60;1563859;65159752.00
20150227;41.58;41.90;41.00;41.38;1908764;79089016.00
20150302;41.90;45.52;41.90;45.52;7936754;351539616.00
20150303;46.85;49.80;45.82;47.58;12466710;592862528.00
20150304;46.93;47.50;46.46;47.03;5306707;248821568.00
20150305;47.05;50.12;47.01;49.60;7013561;343298976.00
20150306;49.40;51.00;48.00;49.70;4046303;200447984.00
20150309;49.69;51.84;48.85;50.90;4762370;242266240.00
20150310;50.90;52.83;50.32;52.16;3186657;165901568.00
20150311;52.37;52.50;49.80;50.80;4437365;226218128.00
20150312;50.50;50.60;47.96;49.23;4568621;224466496.00
20150313;49.03;49.80;48.56;49.60;2004502;98794424.00
20150316;49.70;51.28;49.60;50.91;3340247;168247440.00
20150317;50.91;51.70;49.50;50.34;4881986;244783920.00
20150318;50.03;51.63;49.74;51.31;4341972;220389328.00
20150319;51.10;55.00;50.19;54.49;6701416;348844832.00
20150320;54.50;55.18;52.80;53.60;8381325;451560992.00
20150323;54.05;56.57;54.05;55.19;6740677;374449952.00
20150324;55.18;55.80;53.00;54.65;6190427;336860064.00
20150325;54.80;58.14;53.60;56.97;9465677;527786144.00
20150326;56.00;56.42;53.30;54.20;7024298;386813152.00
20150327;54.35;55.00;53.60;54.59;3775635;204407904.00
20150330;55.80;55.80;54.30;54.75;4335611;239093840.00
20150331;55.50;56.32;53.60;55.53;6261229;345329984.00
20150401;55.74;60.00;55.74;58.84;9096974;530417216.00
20150402;59.85;60.99;58.30;60.97;7681210;462439904.00
20150403;60.76;67.07;59.80;66.90;11101071;728236288.00
20150407;69.01;70.00;66.05;69.37;10465233;715274560.00
20150408;70.99;70.99;66.03;70.12;9002934;618182720.00
20150409;69.00;70.48;63.99;69.48;9612697;652529728.00
20150410;68.65;75.39;68.31;74.98;7227785;527976672.00
20150413;74.97;79.50;74.02;77.40;10433964;806544640.00
20150414;76.00;76.88;73.48;75.29;8447852;631266048.00
20150415;77.50;77.50;67.76;67.76;15365841;1074351744.00
20150416;65.00;69.94;64.02;66.99;8842564;597432832.00
20150417;66.10;67.59;64.49;64.82;8704659;568179328.00
20150504;28.30;28.45;26.90;27.16;33807804;937019328.00
20150505;26.90;27.38;24.80;25.18;22340347;573802944.00
20150506;25.52;25.68;24.28;24.60;16583675;413647776.00
20150507;24.70;25.39;23.70;25.09;16114153;397865056.00
20150508;25.13;26.56;25.13;25.99;18416651;477275520.00
20150511;26.11;26.49;25.50;26.29;20511839;535811712.00
20150512;27.28;28.25;26.85;27.19;22527829;616988160.00
20150513;27.29;29.82;27.29;29.55;28345606;816773760.00
20150514;29.55;29.55;28.50;28.86;18190253;523944320.00
20150515;28.70;28.88;27.48;28.56;15918030;446484640.00
20150518;28.79;29.93;28.35;29.16;15975721;465157568.00
20150519;29.10;29.10;28.00;28.76;13158349;376740480.00
20150520;28.76;30.23;28.76;29.19;19511924;575177088.00
20150521;29.00;30.86;29.00;30.54;21265329;642537408.00
20150522;31.00;32.58;30.00;32.38;24163212;757432000.00
20150525;31.80;35.18;31.02;34.24;21890617;736158976.00
20150526;34.70;35.95;34.41;35.66;22102641;777066624.00
20150527;35.40;36.50;34.62;35.15;17378656;615986048.00
20150528;35.10;35.82;31.64;31.64;22205238;761260544.00
20150529;31.95;33.45;29.50;32.59;20923259;675098368.00
20150601;32.56;35.85;32.50;35.85;23509483;806197184.00
20150602;37.10;39.44;36.00;39.43;29156905;1122248448.00
20150603;39.80;40.50;37.08;39.70;26119083;1019974912.00
20150604;39.70;41.80;36.00;41.50;28382627;1126840960.00
20150605;43.16;45.20;42.35;43.58;21888811;961344832.00
20150608;43.58;45.00;42.05;42.77;23123416;996885888.00
20150609;42.77;43.50;40.50;41.20;16021160;669618880.00
20150610;39.80;42.40;39.55;41.00;16555865;673957760.00
20150611;40.88;41.80;39.76;41.18;16245961;655894912.00
20150612;41.25;45.00;40.45;42.60;18155882;768642176.00
20150615;42.60;42.98;40.17;40.22;12933404;535971200.00
20150616;38.99;39.99;37.80;38.72;15913390;613875904.00
20150617;39.10;40.50;37.90;40.25;14415807;564300160.00
20150618;40.88;40.97;38.20;39.08;10726148;421767168.00
20150619;37.90;39.00;35.17;35.17;9884521;367102528.00
20150623;35.14;36.25;31.65;34.39;17264488;575040704.00
20150624;34.88;35.56;33.51;34.90;13748681;479052640.00
20150625;34.89;35.60;33.50;34.20;12589110;436463008.00
20150626;33.45;33.45;30.78;30.78;11487367;364372384.00
20150629;31.40;31.99;27.70;27.70;17789834;503315584.00
20150701;30.00;30.44;24.93;28.20;21523323;633291008.00
20150702;27.58;29.20;25.38;25.38;25169316;678310784.00
20150724;27.92;27.92;27.92;27.92;995353;27790256.00
20150727;30.71;30.71;29.44;30.70;61932790;1896630144.00
20150728;28.00;31.78;27.70;28.91;44964514;1323882368.00
20150729;29.91;30.70;26.50;29.95;27452192;783413312.00
20150730;29.98;30.86;28.30;28.70;25894319;778282368.00
20150731;28.12;28.65;27.00;28.00;18160956;506505536.00
20150803;27.10;27.50;25.20;25.44;29772450;766281344.00
20150804;25.44;27.98;24.81;27.83;19659547;513406560.00
20150805;27.50;28.47;26.30;26.67;14877545;408491712.00
20150806;25.70;26.56;25.41;25.70;10627492;275897120.00
20150807;26.15;27.20;26.15;26.75;11473118;306368160.00
20150810;26.75;29.40;26.75;29.05;17462874;495789248.00
20150811;29.11;31.01;29.10;29.38;17570872;529473216.00
20150812;28.80;29.92;28.20;28.20;10490674;304717152.00
20150813;27.95;29.32;27.40;29.30;10601768;300198880.00
20150814;30.50;30.95;29.50;29.87;14434382;436672576.00
20150817;29.88;31.50;29.39;31.29;15924046;483290112.00
20150818;31.29;32.78;28.62;30.30;25407512;786555776.00
20150819;29.00;32.43;28.11;32.05;20248851;623214208.00
20150820;31.87;33.96;31.10;31.50;21511494;695824576.00
20150821;30.50;31.10;28.35;28.35;18275949;534493408.00
20150824;26.50;26.61;25.52;25.52;7189232;184890480.00
20150825;22.97;23.49;22.97;22.97;8985009;206626752.00
20150826;22.96;23.50;20.72;21.31;23101955;504186848.00
20150827;21.80;22.85;19.53;22.11;16712032;347979456.00
20150828;22.48;24.00;22.00;23.80;20113988;461383872.00
20150831;23.80;23.80;22.22;22.80;11771412;267966208.00
20150901;22.33;22.33;20.52;21.00;14989707;311937440.00
20150902;19.80;21.50;19.29;21.06;14196414;292561952.00
20150907;21.50;22.30;20.13;21.08;10399458;220811280.00
20150908;20.97;22.00;20.20;21.80;7935050;166636544.00
20150909;22.03;22.88;21.78;22.40;9481870;212106832.00
20150910;22.29;22.29;21.77;21.95;4955870;109023416.00
20150911;21.99;22.17;21.53;21.83;4963429;108807472.00
20150914;22.49;22.49;19.65;20.98;12251060;249144576.00
20150915;19.90;20.50;19.00;20.07;7021008;138800992.00
20150916;20.08;22.00;19.67;21.93;10800524;224595808.00
20150917;22.50;22.50;20.89;20.89;9997045;217871680.00
20150918;20.80;21.20;19.90;20.38;6173977;126092640.00
20150921;20.00;20.93;19.75;20.82;6471692;133174920.00
20150922;20.98;21.64;20.70;21.00;8723475;184664224.00
20150923;21.03;22.59;20.70;21.93;10903486;236446688.00
20150924;21.96;23.27;21.95;23.20;13582579;308756640.00
20150925;23.69;23.70;21.70;22.41;9946057;225766816.00
20150928;22.42;23.38;21.75;23.08;6365648;144312704.00
20150929;22.67;23.00;22.18;22.66;4802794;108855576.00
20150930;22.83;24.59;22.28;24.40;7381271;171810704.00
20151008;25.38;26.84;24.58;26.37;10841376;285187424.00
20151009;26.16;26.46;25.72;26.17;8431577;219480576.00
20151012;26.55;28.20;26.55;27.87;10804047;299182720.00
20151013;27.22;27.80;27.14;27.38;7555271;207354096.00
20151014;27.34;27.55;24.80;26.40;8635708;228635888.00
20151015;25.70;28.37;25.63;27.78;9792075;266412896.00
20151016;27.85;28.35;27.00;27.78;11636477;322206176.00
20151019;27.88;27.98;26.73;27.62;8326344;227102976.00
20151020;27.60;28.20;27.15;27.76;11706484;324291456.00
20151021;27.75;28.15;25.18;26.39;11166941;300170112.00
20151022;26.32;26.99;25.68;26.86;6187693;163953920.00
20151023;27.69;28.89;27.22;28.59;12958105;365886400.00
20151026;28.87;29.40;27.90;28.59;10108043;289972800.00
20151027;27.77;28.38;26.81;27.80;6831830;188560992.00
20151028;27.70;28.33;26.30;26.92;8173928;221617920.00
20151029;26.95;27.15;26.50;26.88;3703090;99475480.00
20151030;26.97;26.97;26.01;26.68;3663297;96866432.00
20151102;26.08;26.65;25.51;25.96;6558082;169964464.00
20151103;26.30;26.55;25.78;26.09;5189702;135427408.00
20151104;26.10;27.57;26.10;27.35;7128324;192644880.00
20151105;27.69;27.76;26.80;27.02;5821280;157986112.00
20151106;26.95;28.40;26.90;28.10;7900244;218957568.00
20151109;27.81;28.50;27.38;28.28;7721953;216905264.00
20151110;28.14;28.88;27.50;28.20;8810622;247210896.00
20151111;28.44;31.02;28.20;31.02;20239442;611418112.00
20151112;32.00;32.30;29.90;31.99;15320576;475648160.00
20151113;31.05;31.62;30.10;31.00;8043878;249281200.00
20151116;30.20;31.86;30.05;31.70;6838633;214751520.00
20151117;32.54;33.10;30.71;31.00;11963539;383617152.00
20151118;31.15;32.12;30.80;31.18;8154846;256196144.00
20151119;31.10;33.07;30.86;32.69;7568321;242004672.00
20151120;33.09;33.80;32.50;33.64;8411736;278953280.00
20151209;33.64;33.64;30.40;32.00;19563032;621950272.00
20151210;32.08;32.08;30.29;30.66;9211022;283664960.00
20151211;30.60;30.60;29.62;29.79;5112985;153299200.00
20151214;30.00;30.95;28.58;30.78;6334342;188148416.00
20151215;30.51;31.97;30.20;30.73;5747406;179256224.00
20151216;30.70;31.24;30.00;30.26;5885470;178951968.00
20151217;30.60;31.33;29.80;30.86;15356748;465556320.00
20151218;30.86;31.08;30.01;30.22;7507104;228584784.00
20151221;30.01;30.77;29.89;30.08;11047430;332676608.00
20151222;30.08;30.38;30.00;30.12;5062003;152473488.00
20151223;30.25;32.80;30.16;30.99;16381942;515133760.00
20151224;30.94;31.96;30.94;31.50;10237312;323159072.00
20151225;31.50;31.98;31.20;31.70;6986318;220620528.00
20151228;32.00;32.19;30.17;30.35;7988067;248766176.00
20151229;30.20;30.58;28.94;29.43;8518565;250743488.00
20151230;29.79;30.63;29.52;30.50;10525890;317309792.00
20151231;30.90;31.17;29.83;30.50;8648957;263088800.00
20160104;30.49;30.66;27.60;27.75;4466005;130766160.00
20160105;26.68;29.70;26.65;28.29;9202455;258974624.00
20160106;28.78;29.50;28.43;28.91;8075085;232662976.00
20160107;27.99;28.49;26.03;26.05;1296290;34945344.00
20160108;27.05;27.49;24.40;26.51;7735823;201794592.00
20160111;25.99;25.99;23.86;23.86;12984658;317041824.00
20160112;23.58;24.23;22.41;23.52;8761707;202741520.00
20160113;23.82;23.84;22.35;22.70;5233738;121487168.00
20160114;21.80;23.40;21.50;23.24;7079096;159242992.00
20160115;22.85;23.20;22.08;22.48;5762991;131514688.00
20160118;22.00;23.01;21.60;22.67;6077554;136428096.00
20160119;22.80;24.10;22.69;23.97;7788868;182596432.00
20160120;23.60;25.40;23.50;24.10;8440517;206091072.00
20160121;23.67;24.58;23.30;23.38;7337741;176341696.00
20160122;23.70;24.38;23.01;23.36;7563697;179673184.00
20160125;24.29;24.51;23.76;23.95;5228482;126258152.00
20160126;23.80;24.48;21.56;21.77;8578052;197796704.00
20160127;22.48;22.48;19.59;21.90;13207488;270755392.00
20160128;21.41;21.60;20.00;20.89;7659934;159160640.00
20160205;22.98;22.98;22.98;22.98;3803547;87405512.00
20160215;22.60;23.32;21.62;22.98;7521635;169615088.00
20160216;23.18;24.79;23.02;24.65;7808747;187441392.00
20160217;24.68;25.56;24.65;25.00;8030345;201426080.00
20160218;25.15;25.60;24.50;24.51;5575965;138266304.00
20160219;24.50;26.67;24.11;26.32;12833987;333723936.00
20160222;27.10;27.40;26.00;26.51;14011783;373787808.00
20160223;26.84;26.85;25.30;25.79;9528525;245559920.00
20160224;25.51;25.97;24.75;25.40;5926930;150026416.00
20160225;25.40;25.85;22.86;22.99;9757616;236386928.00
20160226;23.05;23.38;21.65;23.00;7684491;172319376.00
20160229;23.00;23.00;20.70;21.46;6756533;143718496.00
20160301;21.71;22.00;20.80;21.95;5345370;115269904.00
20160302;21.83;23.10;21.65;22.98;7608896;170738432.00
20160303;23.50;23.50;22.68;22.88;6065604;139347888.00
20160311;21.18;22.80;21.18;21.55;5694663;122847856.00
20160314;21.89;22.79;21.63;22.45;7768861;173372560.00
20160315;22.88;22.88;22.06;22.35;4083926;91212280.00
20160316;22.60;22.85;21.95;22.50;4831215;108190848.00
20160317;22.56;23.75;22.28;23.67;9164211;212662448.00
20160318;24.00;25.24;23.75;25.10;11412116;281082688.00
20160321;25.10;25.96;24.90;25.70;8644156;219564288.00
20160322;25.53;25.94;25.10;25.42;5553156;142116752.00
20160323;25.57;25.66;25.03;25.48;5123565;129901296.00
20160324;25.48;26.49;25.01;25.53;9933806;254123104.00
20160325;25.23;26.01;25.15;25.54;6312900;161361120.00
20160328;25.75;25.90;25.09;25.17;5861299;149627472.00
20160329;25.18;25.27;23.98;24.19;4997695;121915064.00
20160330;24.76;26.30;24.13;25.88;8601031;214386832.00
20160331;26.35;28.47;25.50;27.55;27889858;769241472.00
20160401;26.95;27.22;25.78;26.16;16651774;437138816.00
20160405;26.30;27.32;26.28;27.27;13014998;350788128.00
20160406;26.99;27.17;26.50;27.17;11608826;311385696.00
20160407;27.31;28.80;27.17;27.83;21012442;586860032.00
20160408;27.40;27.83;26.47;27.05;12384081;333678112.00
20160411;27.44;27.45;26.90;27.20;10180690;276418336.00
20160412;27.14;27.14;26.02;26.40;7948533;210078512.00
20160413;26.61;26.93;26.45;26.62;8136919;217071584.00
20160414;26.65;26.80;26.25;26.75;5912827;157016896.00
20160415;26.80;26.80;26.26;26.64;5307584;140657280.00
20160418;26.70;26.70;25.71;25.94;6445317;167574784.00
20160419;25.94;26.40;25.72;25.90;5441850;141304880.00
20160420;26.09;26.94;23.52;24.45;10619714;262542112.00
20160421;24.10;25.43;23.97;24.95;7948624;197752304.00
20160422;24.95;25.20;24.37;24.83;3663797;90682040.00
20160425;24.50;24.78;23.71;24.13;4534316;109268616.00
20160426;24.06;24.37;23.89;24.32;3359712;81108728.00
20160427;24.52;25.40;24.52;24.93;6292122;157197616.00
20160428;25.00;25.07;24.23;24.74;3552765;87618608.00
20160429;24.78;25.30;24.42;25.18;4652736;115358744.00
20160503;25.34;25.88;25.00;25.85;5717528;146279552.00
20160504;25.81;26.50;25.67;25.95;7745509;202400752.00
20160505;9.65;9.85;9.41;9.69;23649339;228415824.00
20160506;9.60;9.73;8.93;8.96;23546835;219047504.00
20160509;8.96;8.98;8.26;8.70;16843932;143647200.00
20160510;8.60;8.80;8.30;8.72;13737745;117927912.00
20160511;8.65;8.84;8.52;8.73;10408817;90555864.00
20160512;8.57;8.72;8.41;8.65;8321229;71231656.00
20160513;8.64;8.69;8.47;8.48;7074908;60612084.00
20160516;8.40;8.54;8.32;8.48;10434192;88364520.00
20160517;8.48;8.56;8.26;8.26;10758287;90466424.00
20160518;8.14;8.18;7.80;8.04;13851954;110413968.00
20160519;7.96;8.12;7.88;8.06;11251082;90102672.00
20160520;7.94;8.05;7.88;8.05;7642182;60946340.00
20160523;8.06;8.36;8.03;8.28;13064174;107309096.00
20160524;8.38;8.38;7.95;8.08;14230270;114893088.00
20160525;8.05;8.15;7.78;8.09;17494496;138884288.00
20160526;7.89;7.97;7.69;7.91;14498989;113109416.00
20160527;7.85;7.88;7.72;7.75;11057195;85980136.00
20160530;7.69;7.69;7.50;7.57;9588659;72790392.00
20160531;7.63;8.06;7.63;8.03;23468903;184798656.00
20160601;8.03;8.14;7.94;8.02;12344614;99109144.00
20160602;8.00;8.10;7.97;8.05;9987434;80267616.00
20160603;8.19;8.56;8.06;8.42;22279555;184980240.00
20160606;8.42;8.53;8.29;8.39;13411537;112658304.00
20160607;8.47;8.47;8.23;8.32;7425374;61678892.00
20160608;8.28;8.33;8.08;8.19;13816259;112811072.00
20160613;8.03;8.08;7.77;7.79;10949559;87056232.00
20160614;7.76;7.85;7.65;7.76;6881298;53282928.00
20160615;7.70;8.08;7.58;7.97;11599606;92164136.00
20160616;8.01;8.04;7.79;7.82;13128306;103225552.00
20160617;7.82;7.98;7.75;7.81;10878146;85764696.00
20160620;7.85;7.90;7.65;7.73;7917918;61141764.00
20160621;7.76;7.98;7.70;7.82;13161128;102939464.00
20160622;7.79;7.84;7.70;7.84;6282131;48952880.00
20160623;7.81;7.92;7.74;7.82;6761775;52807664.00
20160624;7.77;7.86;7.51;7.70;10590348;81582984.00
20160627;7.59;7.88;7.59;7.84;10083939;78616712.00
20160628;7.80;7.89;7.76;7.86;7402905;57959580.00
20160629;8.02;8.11;7.90;7.91;11769718;93916328.00
20160630;7.92;8.04;7.87;7.89;9916015;78640320.00
