20120309;21.50;22.00;20.61;21.38;34195586;723875264.00
20120312;22.22;22.68;21.67;22.03;33115695;734390272.00
20120313;22.16;23.87;21.71;23.29;26994084;612297344.00
20120314;22.95;23.18;21.18;21.83;22232260;499771392.00
20120315;21.55;22.09;21.34;21.51;11180437;242611568.00
20120316;21.65;21.84;20.71;21.26;11894755;252785184.00
20120319;21.00;21.75;20.81;21.48;8701491;185122448.00
20120320;21.26;21.28;20.66;20.69;6908772;144662816.00
20120321;20.87;20.88;19.93;20.14;7879736;159880976.00
20120322;20.00;20.61;19.94;20.36;4825983;98415320.00
20120323;20.28;20.65;20.01;20.45;4751449;96646816.00
20120326;20.35;20.60;20.10;20.21;2802921;56848392.00
20120327;20.35;20.47;20.13;20.15;2898862;58826892.00
20120328;20.03;20.12;18.50;18.76;6466246;123754056.00
20120329;18.51;18.59;17.61;17.70;4827123;87367056.00
20120330;17.80;17.90;17.20;17.48;3753683;66234328.00
20120405;17.67;18.18;17.36;18.07;3688350;66263108.00
20120406;18.03;18.48;17.86;18.25;3793838;69178016.00
20120409;18.36;18.39;17.91;17.98;2228047;40303404.00
20120410;17.90;18.76;17.82;18.72;4768422;87918560.00
20120411;18.46;19.08;18.35;18.88;4523535;85022296.00
20120412;18.89;18.96;18.53;18.93;2915396;54837200.00
20120413;18.93;19.08;18.70;18.85;2355756;44505100.00
20120416;18.73;19.05;18.57;18.98;2295414;43120260.00
20120417;19.02;19.28;18.62;18.67;2609920;49524232.00
20120418;18.65;19.83;18.65;19.69;4933992;96030136.00
20120419;19.60;19.85;19.47;19.69;2966104;58332864.00
20120420;19.64;19.82;19.50;19.71;2328998;45760332.00
20120423;19.72;19.98;19.18;19.23;3289422;64621540.00
20120424;19.06;19.35;18.20;18.71;3464726;65086212.00
20120425;18.63;18.79;18.31;18.68;2185630;40437516.00
20120426;18.67;18.87;18.50;18.62;1695801;31676310.00
20120427;18.65;19.00;18.54;18.76;1355696;25509032.00
20120502;19.08;19.57;18.77;19.39;2363328;45684184.00
20120503;19.30;19.68;19.18;19.56;2160988;41952960.00
20120504;19.51;19.75;19.40;19.61;2480375;48515144.00
20120507;19.20;20.26;18.60;20.00;9068466;176772352.00
20120508;19.78;20.45;19.36;20.01;7249498;144820336.00
20120509;19.80;20.08;19.13;19.15;5214566;102001168.00
20120510;19.14;19.63;18.77;19.40;5025564;96271456.00
20120511;19.48;20.34;19.47;19.96;7036068;140847136.00
20120514;20.19;21.87;19.97;20.96;11136794;233025792.00
20120515;20.68;21.60;20.55;21.15;6507454;137602528.00
20120516;20.99;21.15;19.84;20.60;4111816;85209320.00
20120517;20.70;21.55;20.70;21.30;5219781;110285056.00
20120518;21.10;22.36;21.03;21.73;7641544;166828400.00
20120521;21.85;22.20;21.48;21.79;3060376;66545452.00
20120522;21.80;22.20;21.30;21.75;3230581;70029120.00
20120523;21.61;22.18;21.56;22.02;3026889;66532820.00
20120524;21.88;22.17;21.43;21.58;2117144;46054768.00
20120525;21.58;21.77;20.72;21.77;2714640;57230144.00
20120528;21.36;21.36;20.70;20.99;2514614;52647212.00
20120529;20.95;21.39;20.94;21.08;2120612;44834244.00
20120531;20.99;22.10;20.78;21.82;3156443;68464480.00
20120601;21.82;21.82;21.00;21.20;2456430;52629116.00
20120604;20.86;21.05;20.03;20.09;2094472;43035528.00
20120605;20.09;20.48;20.07;20.43;1432289;29053164.00
20120606;20.40;20.94;20.00;20.72;1540112;31896260.00
20120607;20.82;21.11;20.64;20.71;1096446;22885006.00
20120608;20.92;21.59;20.71;20.90;1725394;36528936.00
20120611;20.93;21.20;20.60;21.00;2641598;55036528.00
20120612;20.95;21.65;20.80;21.13;1708045;36454132.00
20120613;21.13;22.09;21.13;21.90;2892770;62927388.00
20120614;21.80;22.67;21.66;22.14;2521894;56170484.00
20120615;22.40;22.46;21.67;21.92;1354943;29703002.00
20120618;21.94;22.20;21.85;22.00;1083255;23821906.00
20120619;22.00;22.10;21.58;22.06;1280478;27988082.00
20120620;22.08;22.61;21.91;22.27;1832816;40859920.00
20120621;22.27;22.28;21.27;21.38;1720024;37184128.00
20120625;21.16;21.45;20.50;20.50;1475054;31021390.00
20120626;20.55;20.96;20.37;20.88;1002018;20754660.00
20120627;20.58;21.21;20.58;20.89;1031956;21637832.00
20120628;21.08;21.67;20.87;21.23;1501615;32094966.00
20120629;21.04;21.48;21.02;21.39;663281;14099863.00
20120702;21.48;21.48;20.50;20.68;2357222;49289648.00
20120703;20.60;21.20;20.35;21.15;3374532;70509952.00
20120704;21.15;21.45;20.97;21.02;1856307;39418612.00
20120705;20.80;21.34;20.72;21.33;1716083;36046964.00
20120706;21.48;21.85;20.96;21.65;1580495;33754248.00
20120709;21.55;22.08;21.40;21.98;4008561;87551472.00
20120710;21.81;21.94;20.46;20.80;4192156;88498272.00
20120711;20.52;20.78;19.88;20.13;2766716;55934704.00
20120712;20.27;20.35;19.47;19.95;4015888;79674104.00
20120713;19.90;20.11;19.60;19.78;1146853;22800394.00
20120716;19.60;19.60;18.80;19.09;1883171;36061124.00
20120717;19.30;19.88;18.91;19.81;978445;18961048.00
20120718;19.61;19.93;19.50;19.93;623204;12281283.00
20120719;19.88;20.70;19.88;20.20;1523654;31042184.00
20120720;20.20;20.39;19.25;19.54;1166931;22984070.00
20120723;19.20;19.54;18.92;19.38;583123;11225302.00
20120724;19.10;20.10;19.00;19.88;1275844;25301978.00
20120725;19.68;20.28;19.60;19.95;696144;13982099.00
20120726;19.94;20.29;19.62;19.87;756799;15107112.00
20120727;20.04;20.19;19.92;19.97;553796;11112209.00
20120730;20.17;20.59;20.02;20.23;780100;15842981.00
20120731;20.13;20.46;19.77;20.09;527304;10563128.00
20120801;20.20;20.47;20.11;20.20;376374;7628921.50
20120802;20.21;20.32;19.90;19.93;436050;8747027.00
20120803;19.97;20.00;19.24;19.59;1144145;22310706.00
20120806;19.69;20.40;19.30;20.31;827406;16456573.00
20120807;20.20;20.81;20.20;20.71;1140962;23449164.00
20120808;20.70;20.70;20.25;20.43;595436;12171949.00
20120809;20.40;21.19;20.37;21.11;1137615;23820808.00
20120810;21.07;21.34;20.68;21.20;1359636;28544278.00
20120813;21.03;21.19;20.56;20.68;1138073;23693462.00
20120815;22.75;22.75;21.40;21.45;17274804;383071360.00
20120816;21.01;21.25;20.45;20.89;7260235;151618192.00
20120817;20.70;20.87;20.35;20.57;2861133;58840152.00
20120820;20.45;20.90;20.32;20.79;2153404;44444824.00
20120821;20.80;21.35;20.71;21.03;2551548;53668320.00
20120822;21.08;21.37;20.60;20.66;3322618;69822208.00
20120823;20.61;20.92;20.55;20.78;1613092;33428538.00
20120824;20.77;20.86;20.20;20.22;1935915;39510432.00
20120827;20.00;20.00;19.38;19.43;2552606;49958756.00
20120828;19.48;19.67;19.28;19.50;1904991;37089512.00
20120829;19.50;19.94;19.37;19.73;2973966;58736132.00
20120830;19.65;19.81;18.75;19.14;2212893;42460136.00
20120831;19.08;19.43;19.08;19.39;1129983;21778744.00
20120903;19.34;19.80;19.15;19.76;1694170;33127790.00
20120904;19.70;19.76;19.20;19.28;1466846;28593440.00
20120905;19.26;19.63;19.25;19.48;1324597;25760792.00
20120906;19.51;19.88;19.51;19.78;989349;19499054.00
20120907;19.95;20.45;19.85;20.30;2974483;60179076.00
20120910;20.35;20.87;20.22;20.68;3179759;65622260.00
20120911;20.56;20.68;20.20;20.34;2367085;48294092.00
20120912;20.46;20.55;19.90;20.18;2988976;60352092.00
20120913;20.69;20.69;20.35;20.35;4301012;88310024.00
20120914;20.43;20.53;19.55;20.00;3765980;75052968.00
20120917;19.90;20.44;19.75;19.96;2967763;59950608.00
20120918;19.92;20.07;19.65;19.80;1223716;24345640.00
20120919;19.85;19.96;19.53;19.68;1381575;27253314.00
20120920;19.75;19.75;18.98;18.99;1927521;37098100.00
20120921;9.11;9.27;8.99;8.99;2372207;21497062.00
20120924;8.99;9.15;8.82;8.98;2218638;19929072.00
20120925;9.00;9.00;8.51;8.57;3630410;31586554.00
20120926;8.55;8.56;8.00;8.05;4127355;34139944.00
20120927;8.05;8.51;7.91;8.34;5030535;41374296.00
20120928;8.25;8.66;8.11;8.60;4692493;39827796.00
20121008;8.65;8.77;8.52;8.64;2211727;19211956.00
20121009;8.58;8.92;8.58;8.85;2262166;19969968.00
20121010;8.79;9.27;8.79;9.13;4076358;37168432.00
20121011;9.15;9.37;8.93;8.98;3698946;33873324.00
20121012;9.00;9.19;8.69;8.81;2835924;25148668.00
20121015;8.81;8.81;8.38;8.50;2553446;21808332.00
20121016;8.50;8.70;8.35;8.55;2272196;19459314.00
20121017;8.56;8.64;8.41;8.62;1268661;10855750.00
20121018;8.60;8.86;8.53;8.85;2446881;21418094.00
20121019;8.88;9.26;8.85;9.15;4656079;42615928.00
20121022;8.90;8.90;8.57;8.75;8581510;74481512.00
20121023;8.70;8.73;8.44;8.47;6146199;52309620.00
20121024;8.40;8.50;8.37;8.42;2234697;18847010.00
20121025;8.43;8.56;8.23;8.25;2851080;23862780.00
20121026;8.25;8.30;8.00;8.01;3531773;28546412.00
20121029;8.01;8.08;7.90;8.02;2135754;17088390.00
20121030;8.03;8.10;7.99;8.06;1623342;13059358.00
20121031;8.05;8.17;8.02;8.17;1651973;13418426.00
20121101;8.15;8.37;8.14;8.32;2657509;22003952.00
20121102;8.31;8.36;8.19;8.24;2169957;17882192.00
20121105;8.24;8.26;8.14;8.17;1232041;10098063.00
20121106;8.13;8.23;8.03;8.10;1668905;13499926.00
20121107;8.08;8.17;8.07;8.10;1101579;8942832.00
20121108;8.08;8.11;7.91;7.91;2003261;16064609.00
20121109;7.90;7.91;7.71;7.74;1636840;12761611.00
20121112;7.74;7.85;7.74;7.78;970206;7565772.50
20121113;7.78;7.84;7.60;7.61;1537777;11816918.00
20121114;7.57;7.64;7.42;7.56;1628034;12226434.00
20121115;7.54;7.54;7.22;7.24;2275810;16773633.00
20121116;7.23;7.23;7.03;7.11;1540718;10936938.00
20121119;7.11;7.15;7.07;7.15;946531;6727275.50
20121120;7.20;7.20;6.82;6.90;2917114;20476924.00
20121121;6.88;6.95;6.73;6.94;2921534;20076652.00
20121122;6.89;6.93;6.84;6.87;1173276;8072940.00
20121123;6.87;7.16;6.85;7.06;5037351;35377480.00
20121126;7.03;7.12;6.96;6.97;2182923;15379304.00
20121127;6.93;6.94;6.54;6.55;3516544;23408358.00
20121128;6.45;6.52;6.28;6.31;2976049;18893760.00
20121129;6.34;6.43;6.16;6.23;3603892;22645880.00
20121130;6.23;6.35;6.20;6.31;1872963;11798711.00
20121203;6.31;6.37;6.02;6.05;2567730;15982373.00
20121204;6.03;6.33;5.99;6.29;3418469;21036908.00
20121205;6.25;6.85;6.23;6.61;6672340;43951340.00
20121206;6.62;6.73;6.53;6.63;3150785;20874734.00
20121207;6.67;6.81;6.60;6.79;4413850;29714374.00
20121210;6.82;6.94;6.66;6.94;8304098;56306568.00
20121211;6.87;6.91;6.80;6.80;3954475;27113222.00
20121212;6.80;6.84;6.66;6.78;3072887;20726648.00
20121213;6.71;6.76;6.60;6.61;2346706;15677663.00
20121214;6.60;6.96;6.58;6.94;6018676;41196224.00
20121217;6.95;7.17;6.94;7.08;5114061;36148508.00
20121218;7.03;7.13;6.94;6.98;3954213;27824540.00
20121219;6.98;7.19;6.94;7.14;5392909;38261084.00
20121220;7.13;7.58;7.07;7.51;11475050;85292360.00
20121221;7.49;7.88;7.39;7.64;9242841;70428248.00
20121224;7.64;7.85;7.57;7.78;7817437;60289920.00
20121225;7.77;8.38;7.64;8.19;11728921;93961560.00
20121226;8.15;8.78;8.11;8.74;12613053;106346616.00
20121227;8.78;8.88;8.31;8.31;12410806;106080368.00
20121228;8.27;8.57;8.03;8.56;10148300;84484240.00
20121231;8.56;8.69;8.28;8.45;11333772;96096648.00
20130104;8.46;8.58;8.10;8.39;10381683;86970832.00
20130107;8.33;8.47;8.20;8.40;4585916;38337972.00
20130108;8.40;8.48;8.31;8.46;6978224;58662784.00
20130109;8.43;8.67;8.41;8.64;9073255;77314336.00
20130110;8.62;8.86;8.57;8.80;10558724;92501960.00
20130111;8.81;8.86;8.30;8.33;7821249;66783180.00
20130114;8.31;8.61;8.21;8.59;6517270;55132156.00
20130115;8.59;9.19;8.56;9.10;11578537;102277160.00
20130116;9.02;9.11;8.71;8.85;8595998;76328536.00
20130117;8.80;8.84;8.60;8.62;4970870;43247460.00
20130118;8.62;8.78;8.56;8.74;4955659;43058624.00
20130121;8.74;8.83;8.68;8.81;4783184;41936452.00
20130122;8.80;8.89;8.64;8.72;7050179;61697244.00
20130123;8.68;8.71;8.31;8.48;5179388;44103112.00
20130124;8.45;8.63;8.01;8.10;6041201;50294324.00
20130125;8.09;8.22;8.09;8.12;2460377;20041188.00
20130128;8.12;8.58;8.12;8.53;4494094;37706104.00
20130129;8.58;8.63;8.44;8.54;3435200;29327180.00
20130130;8.54;8.76;8.50;8.61;6603508;57140700.00
20130131;8.71;8.71;8.47;8.57;3337571;28496530.00
20130201;8.55;8.64;8.47;8.58;4074031;34903964.00
20130204;8.61;8.65;8.26;8.29;6329593;53182760.00
20130205;8.27;8.40;8.21;8.36;2265331;18897446.00
20130206;8.40;8.65;8.40;8.63;5364645;45925336.00
20130207;8.63;8.65;8.49;8.65;3554423;30499932.00
20130208;8.66;9.08;8.58;8.98;8812602;78354792.00
20130218;9.06;9.70;9.06;9.50;13119049;123446104.00
20130219;9.52;9.54;9.08;9.18;8075965;74808568.00
20130220;9.16;9.38;9.12;9.37;6295605;58445324.00
20130221;9.30;9.33;8.90;8.97;7334963;66867284.00
20130222;8.97;9.08;8.80;8.84;3798657;34008392.00
20130225;8.85;8.96;8.75;8.83;3615605;31994814.00
20130226;8.92;9.71;8.86;9.19;18592683;175809216.00
20130227;9.05;9.58;9.02;9.52;14585560;136999056.00
20130228;9.45;9.87;9.33;9.73;12943796;124764872.00
20130301;9.75;9.95;9.60;9.81;9649143;94189192.00
20130304;9.69;9.69;9.08;9.19;9230090;86323800.00
20130305;9.19;9.56;9.12;9.56;5804514;54440056.00
20130306;9.56;10.30;9.56;10.25;11592696;115519368.00
20130307;10.23;10.23;9.80;9.95;8003852;80417104.00
20130308;10.00;10.17;9.85;9.95;6531923;65616300.00
20130311;9.93;10.23;9.73;10.19;7413480;74527072.00
20130312;10.23;10.33;9.42;9.69;8974228;88109144.00
20130313;9.60;9.64;9.23;9.30;5423806;51048328.00
20130314;9.15;9.45;9.15;9.33;3785900;35158296.00
20130315;9.29;9.56;9.15;9.23;5220984;48736056.00
20130318;9.10;9.14;8.95;9.05;3866461;35016064.00
20130319;8.98;9.13;8.80;9.11;2490688;22463466.00
20130320;9.09;9.45;9.08;9.43;4310176;40307032.00
20130321;9.44;9.63;9.30;9.42;4389149;41572988.00
20130322;9.32;9.54;9.32;9.50;2938031;27658306.00
20130325;9.50;9.57;9.40;9.45;2486642;23540932.00
20130326;9.37;9.37;9.03;9.08;3913925;35769140.00
20130327;9.10;9.26;9.03;9.14;2458108;22511758.00
20130328;9.02;9.02;8.29;8.39;9854682;84359712.00
20130329;8.38;8.48;8.22;8.25;4080299;33986296.00
20130401;8.27;8.42;8.26;8.30;2550604;21223064.00
20130402;8.31;8.47;8.28;8.37;1691477;14156811.00
20130403;8.40;8.45;8.15;8.26;2081205;17227096.00
20130408;8.05;8.33;8.05;8.28;1466600;12015798.00
20130409;8.30;8.42;8.30;8.40;1854971;15551247.00
20130410;8.40;8.41;8.18;8.30;2182665;18138642.00
20130411;8.37;8.62;8.31;8.45;3939780;33421422.00
20130412;8.45;8.48;8.17;8.20;2080262;17296032.00
20130415;8.19;8.19;7.75;7.80;3766877;29729026.00
20130416;7.70;7.94;7.53;7.90;1993446;15434162.00
20130417;7.90;7.96;7.76;7.93;1704849;13405785.00
20130418;7.83;8.09;7.77;8.08;2119761;16882906.00
20130419;8.05;8.35;8.03;8.32;2666714;21976628.00
20130422;8.00;8.20;7.78;7.95;8771525;69487424.00
20130423;8.03;8.07;7.78;7.78;4556288;36069460.00
20130424;7.88;8.04;7.78;7.86;4985904;39198100.00
20130425;7.99;7.99;7.75;7.78;5310945;41764456.00
20130426;7.82;7.86;7.20;7.20;7562644;56863668.00
20130502;7.20;7.26;7.14;7.18;1901737;13711655.00
20130503;7.20;7.37;7.20;7.30;4365511;31893504.00
20130506;7.28;7.44;7.25;7.43;4501785;33127958.00
20130507;7.48;7.50;7.37;7.42;3269916;24315212.00
20130508;7.44;7.51;7.41;7.46;3520189;26251394.00
20130509;7.47;7.48;7.26;7.40;4377376;32185838.00
20130510;7.41;7.63;7.33;7.61;4923566;36960840.00
20130513;7.57;7.64;7.50;7.57;3419760;25802282.00
20130514;7.56;7.58;7.30;7.34;3115110;23020678.00
20130515;7.37;7.46;7.29;7.43;1903206;14052819.00
20130516;7.42;7.67;7.35;7.62;4817140;36369280.00
20130517;7.65;7.80;7.60;7.78;5354659;41484896.00
20130520;7.82;7.96;7.77;7.92;5363754;42162824.00
20130521;7.92;8.19;7.87;8.15;7922883;64149800.00
20130522;8.13;8.31;8.07;8.10;8983574;73756656.00
20130523;8.08;8.18;7.80;7.85;8086735;64489712.00
20130524;7.83;8.05;7.81;8.05;5648912;44596168.00
20130527;8.05;8.17;8.02;8.12;4876862;39525956.00
20130528;8.15;8.15;7.92;8.08;5072478;40726172.00
20130529;8.08;8.38;8.06;8.34;9493377;78209992.00
20130530;8.29;8.32;8.20;8.29;5584786;46098368.00
20130531;8.29;8.35;8.19;8.20;4689219;38759968.00
20130603;8.15;8.22;7.99;8.01;4712477;38164596.00
20130604;8.00;8.02;7.69;7.71;5894505;46022632.00
20130605;7.71;7.80;7.66;7.76;2774912;21441474.00
20130606;7.79;7.88;7.72;7.75;2878009;22466678.00
20130607;7.76;7.81;7.33;7.41;5183854;38878956.00
20130613;7.32;7.32;7.02;7.18;2482237;17805836.00
20130614;7.17;7.32;7.17;7.31;2388482;17346176.00
20130617;7.09;7.13;6.96;6.98;2342945;16471346.00
20130618;7.00;7.14;6.98;7.06;1998843;14114668.00
20130619;7.09;7.09;6.77;6.91;2909709;19985634.00
20130620;6.88;6.88;6.58;6.58;2425627;16308458.00
20130621;6.49;6.61;6.35;6.52;1928115;12435576.00
20130624;6.53;6.54;6.05;6.10;2941208;18436394.00
20130625;6.03;6.19;5.64;6.17;3239318;19375514.00
20130626;6.23;6.31;6.10;6.27;2308209;14354074.00
20130627;6.28;6.36;6.13;6.13;2625704;16411073.00
20130628;6.05;6.24;6.00;6.11;1700933;10414476.00
20130701;6.05;6.24;6.02;6.23;1517646;9356427.00
20130702;6.23;6.28;6.16;6.28;1795855;11192148.00
20130703;6.25;6.25;6.07;6.16;1809504;11137301.00
20130704;6.16;6.32;6.07;6.27;2561314;15900835.00
20130705;6.28;6.41;6.25;6.26;2378564;15091041.00
20130708;6.18;6.19;5.90;5.91;2460939;14804135.00
20130709;5.90;5.97;5.88;5.92;1219245;7220741.00
20130710;5.93;6.15;5.91;6.14;2150453;13035931.00
20130711;6.18;6.39;6.11;6.37;3482176;21920120.00
20130712;6.38;6.44;6.20;6.23;2321815;14677495.00
20130715;6.33;6.40;6.24;6.39;2588912;16431947.00
20130716;6.37;6.50;6.37;6.48;2466497;15864070.00
20130717;6.47;6.48;6.30;6.32;2808081;17951508.00
20130718;6.30;6.34;6.16;6.25;1973250;12295187.00
20130719;6.25;6.31;6.09;6.14;2613564;16228184.00
20130722;6.11;6.16;5.99;6.13;2354545;14253222.00
20130723;6.17;6.40;6.13;6.38;3334037;21005288.00
20130724;6.49;6.91;6.47;6.75;11185869;74810008.00
20130725;6.67;6.77;6.48;6.51;5347278;35352672.00
20130726;6.51;6.52;6.39;6.45;3103540;19953054.00
20130729;6.44;6.44;6.11;6.14;4750012;29445282.00
20130730;6.18;6.22;6.02;6.14;2386356;14645886.00
20130731;6.14;6.24;6.11;6.16;1869072;11551796.00
20130801;6.18;6.43;6.16;6.41;3001527;18937356.00
20130802;6.41;6.44;6.34;6.35;3180826;20325280.00
20130805;6.35;6.52;6.30;6.52;2962887;19090996.00
20130806;6.52;6.68;6.48;6.63;4182882;27577496.00
20130807;6.61;6.68;6.46;6.48;4149626;27178052.00
20130808;6.45;6.56;6.41;6.52;2547745;16555860.00
20130809;6.53;6.58;6.41;6.57;3239840;21109394.00
20130812;6.59;6.76;6.55;6.74;6040445;40413104.00
20130813;6.74;6.76;6.64;6.71;4822336;32297704.00
20130814;6.70;6.98;6.70;6.84;9775596;66996788.00
20130815;6.81;7.08;6.78;6.82;7002647;48412808.00
20130816;6.72;6.99;6.63;6.63;6721561;45655624.00
20130819;6.59;6.83;6.52;6.82;2985032;20014948.00
20130820;6.81;6.94;6.71;6.77;3666756;24977488.00
20130821;6.76;6.80;6.59;6.70;6286453;41794652.00
20130822;6.67;6.84;6.62;6.80;4757688;31942568.00
20130823;6.98;6.98;6.68;6.85;8303287;56783096.00
20130826;6.84;6.98;6.77;6.97;6511505;45063376.00
20130827;6.97;7.02;6.90;7.02;4052801;28214918.00
20130828;7.00;7.02;6.88;6.94;4826608;33527608.00
20130829;6.95;6.98;6.79;6.79;5569516;38364500.00
20130830;6.95;7.37;6.77;6.85;15609517;109393312.00
20130902;6.81;6.92;6.54;6.68;8062831;53717104.00
20130903;6.67;6.79;6.66;6.78;4328980;29139100.00
20130904;6.75;6.82;6.70;6.74;3258990;21981642.00
20130905;6.76;6.77;6.64;6.66;3832206;25575128.00
20130906;6.64;6.71;6.62;6.70;3345260;22319990.00
20130909;6.70;6.79;6.70;6.76;4877014;32899406.00
20130910;6.76;6.87;6.75;6.87;4868951;33214650.00
20130911;6.94;6.95;6.81;6.87;6305977;43412888.00
20130912;6.89;7.00;6.83;6.96;6968948;48282920.00
20130913;6.97;6.97;6.84;6.90;4377683;30192072.00
20130916;6.90;6.91;6.84;6.85;3445601;23653474.00
20130917;6.84;6.90;6.61;6.61;5434353;36570792.00
20130918;6.60;6.73;6.60;6.73;3079298;20535182.00
20130923;6.79;6.91;6.78;6.90;7156741;49134360.00
20130924;6.86;6.87;6.74;6.78;4346083;29559646.00
20130925;6.79;6.92;6.75;6.80;4621104;31677652.00
20130926;6.80;6.85;6.67;6.67;3073944;20792336.00
20130927;6.69;6.79;6.66;6.69;1820118;12176880.00
20130930;6.69;6.72;6.67;6.70;1781438;11928470.00
20131008;6.66;6.80;6.64;6.79;2677159;18045606.00
20131009;6.77;6.88;6.75;6.87;3856207;26376580.00
20131010;6.89;6.90;6.72;6.76;3987568;27108584.00
20131011;6.78;6.86;6.76;6.84;4494461;30663418.00
20131014;6.86;7.13;6.86;7.06;11901887;83582792.00
20131015;7.09;7.09;6.96;7.06;5942837;41723688.00
20131016;7.04;7.04;6.80;6.84;4462142;30771452.00
20131017;6.88;7.04;6.87;6.88;4896317;34092104.00
20131018;6.95;6.96;6.84;6.94;3499781;24181774.00
20131021;6.95;7.06;6.92;7.05;5699710;40005108.00
20131022;7.03;7.16;6.98;7.03;6763753;47787580.00
20131023;7.05;7.13;6.84;6.88;6280009;43801096.00
20131024;6.88;6.91;6.77;6.80;4715265;32178828.00
20131025;6.83;6.85;6.59;6.66;5662532;37900916.00
20131028;6.68;6.72;6.62;6.69;2355907;15714813.00
20131029;6.71;6.75;6.31;6.44;4413102;28741000.00
20131030;6.47;6.56;6.41;6.55;2606376;16954192.00
20131031;6.55;6.63;6.49;6.57;2934093;19201788.00
20131101;6.69;6.70;6.59;6.61;2347349;15604496.00
20131104;6.58;6.84;6.58;6.80;5125588;34483268.00
20131105;6.78;6.95;6.68;6.85;6963068;47294316.00
20131106;6.83;6.86;6.71;6.71;4572520;31100708.00
20131107;6.68;6.73;6.57;6.57;2863364;18999340.00
20131108;6.56;6.57;6.43;6.45;2472735;16054324.00
20131111;6.47;6.55;6.40;6.53;1314279;8533195.00
20131112;6.53;6.58;6.47;6.56;1913549;12509436.00
20131113;6.56;6.57;6.43;6.43;1944920;12610763.00
20131114;6.41;6.47;6.27;6.45;2833207;18123114.00
20131115;6.47;6.64;6.44;6.62;4242766;27900826.00
20131118;6.62;6.76;6.60;6.74;4370418;29326022.00
20131119;6.74;6.77;6.66;6.75;3234956;21760854.00
20131120;6.75;6.82;6.72;6.81;3769703;25531338.00
20131121;6.74;6.82;6.69;6.79;3149735;21238094.00
20131122;6.76;6.94;6.76;6.80;4740946;32508608.00
20131125;6.78;6.93;6.74;6.86;4894720;33644252.00
20131126;6.82;6.97;6.82;6.95;4625457;31960300.00
20131127;6.95;6.96;6.85;6.95;4594662;31791226.00
20131128;6.94;7.11;6.92;7.07;9083856;63780824.00
20131129;7.09;7.56;7.04;7.43;19107183;139797968.00
20131202;7.22;7.35;6.86;7.00;12673527;90403552.00
20131203;7.02;7.49;6.92;7.44;10832419;78748240.00
20131204;7.40;7.74;7.38;7.48;14862783;112028160.00
20131205;7.50;7.94;7.37;7.80;16200582;124123000.00
20131206;7.79;7.86;7.58;7.63;9978663;76801744.00
20131209;7.65;7.78;7.55;7.72;8432049;64486048.00
20131210;7.65;7.72;7.52;7.54;7729153;58839792.00
20131211;7.53;7.56;7.23;7.34;8362648;61601696.00
20131212;7.35;7.45;7.26;7.45;5280437;39044788.00
20131213;7.40;7.47;7.33;7.40;3881914;28718896.00
20131216;7.40;7.41;7.15;7.17;6603751;47789084.00
20131217;7.15;7.23;7.14;7.18;2958355;21246080.00
20131218;7.20;7.32;7.18;7.28;3096991;22470044.00
20131219;7.28;7.38;7.18;7.20;3323569;24214924.00
20131220;7.22;7.24;7.05;7.06;2877672;20520410.00
20131223;7.04;7.21;6.93;7.15;3108173;22041146.00
20131224;7.16;7.27;7.06;7.17;2741889;19704936.00
20131225;7.16;7.28;7.14;7.27;3036287;21895894.00
20131226;7.29;7.36;7.06;7.08;4482437;32487152.00
20131227;7.05;7.34;7.02;7.27;4572402;33070688.00
20131230;7.34;7.39;7.27;7.35;3521422;25812482.00
20131231;7.32;7.37;7.26;7.35;2646301;19375924.00
20140102;7.34;7.50;7.28;7.49;4578679;33935268.00
20140103;7.48;7.68;7.37;7.63;8656012;65152612.00
20140106;7.63;7.65;7.33;7.36;6183151;46176824.00
20140107;7.33;7.43;7.25;7.40;3406125;24993416.00
20140108;7.44;7.54;7.37;7.49;4000511;29846946.00
20140109;7.48;7.56;7.11;7.13;5014482;36876712.00
20140110;7.11;7.15;6.82;6.88;4790491;33466532.00
20140113;6.87;7.01;6.82;6.98;3586594;24845696.00
20140114;6.98;7.14;6.97;7.11;2392806;16930264.00
20140115;7.06;7.15;7.05;7.12;2017135;14322573.00
20140116;7.13;7.17;7.08;7.10;1974945;14083009.00
20140117;7.09;7.09;6.90;7.02;2697119;18858024.00
20140120;7.02;7.03;6.88;6.94;1552874;10807727.00
20140121;6.95;7.05;6.95;7.02;1777816;12439363.00
20140122;7.04;7.19;7.04;7.19;2355803;16840170.00
20140123;7.21;7.29;7.15;7.25;3065885;22115300.00
20140124;7.22;7.42;7.20;7.42;5005469;36879884.00
20140127;7.41;7.49;7.35;7.36;3020948;22372330.00
20140128;7.36;7.64;7.36;7.53;6530768;49212352.00
20140129;7.53;7.58;7.46;7.53;2863408;21576802.00
20140130;7.53;7.54;7.35;7.37;3009980;22295914.00
20140207;7.33;7.45;7.18;7.44;4262693;31234588.00
20140210;7.47;7.69;7.47;7.67;6460616;49211720.00
20140211;7.66;7.85;7.54;7.60;6402011;49205352.00
20140212;7.61;7.96;7.59;7.90;8061058;62818076.00
20140213;7.86;7.94;7.70;7.71;6024337;47177764.00
20140214;7.71;7.86;7.66;7.85;5822066;45234608.00
20140217;7.88;8.23;7.83;8.15;11232203;90905840.00
20140218;8.13;8.28;8.02;8.22;8645853;70458304.00
20140514;9.04;9.04;8.55;9.04;21943894;196283792.00
20140515;9.36;9.84;9.06;9.17;32610582;306597024.00
20140516;9.05;9.50;8.85;9.22;18955438;174944992.00
20140519;8.98;9.06;8.59;8.61;17006147;148974336.00
20140520;8.60;8.78;8.33;8.44;12996960;111081288.00
20140521;8.36;8.60;8.20;8.56;10421101;87823824.00
20140522;8.52;8.65;8.36;8.36;10194215;86508448.00
20140523;8.28;8.46;8.26;8.40;5206936;43637680.00
20140526;8.44;8.67;8.42;8.59;6023737;51624164.00
20140527;8.54;8.59;8.40;8.43;4536526;38387568.00
20140528;8.42;8.54;8.35;8.51;4663928;39402780.00
20140529;8.51;8.61;8.41;8.47;4407029;37521464.00
20140530;8.47;8.50;8.14;8.15;6870327;56556476.00
20140603;8.10;8.33;8.10;8.27;4589619;37783068.00
20140604;8.26;8.27;8.10;8.21;3003402;24595416.00
20140605;8.17;8.24;8.13;8.22;2543797;20822932.00
20140606;8.23;8.25;8.01;8.19;3442972;28102164.00
20140609;8.11;8.16;8.06;8.13;2045070;16586695.00
20140610;8.13;8.23;7.99;8.23;3929289;31872246.00
20140611;8.20;8.28;8.16;8.25;2408339;19812034.00
20140612;8.25;8.26;8.05;8.12;2227083;18120648.00
20140613;8.13;8.42;8.07;8.34;4647332;38517540.00
20140616;8.30;8.50;8.30;8.48;5058418;42811628.00
20140617;8.49;8.50;8.31;8.36;2871455;24056992.00
20140618;8.35;8.38;8.18;8.28;2674498;22088606.00
20140619;8.02;8.04;7.46;7.62;5023156;38619432.00
20140620;7.56;7.66;7.48;7.62;2247301;17027866.00
20140623;7.67;7.74;7.63;7.70;1815398;13990925.00
20140624;7.66;7.74;7.66;7.70;1777099;13665603.00
20140625;7.69;7.69;7.56;7.62;2356590;17921782.00
20140626;7.62;7.85;7.62;7.81;2718559;21187994.00
20140627;7.81;7.99;7.75;7.94;3405475;26871038.00
20140630;7.94;8.03;7.90;8.03;3172467;25289888.00
20140701;8.00;8.08;7.94;8.02;2773216;22198938.00
20140702;8.00;8.06;7.90;8.06;2666448;21332228.00
20140703;8.06;8.27;8.02;8.24;4861927;39556528.00
20140704;8.25;8.25;8.15;8.23;3771694;30900140.00
20140707;8.20;8.20;8.05;8.18;4064473;32970412.00
20140708;8.20;8.28;8.08;8.24;3614928;29644630.00
20140709;8.25;8.85;8.18;8.49;12902482;111013256.00
20140710;8.48;8.97;8.48;8.85;10594401;93619544.00
20140711;8.81;8.98;8.65;8.80;5979069;52685808.00
20140714;8.81;9.20;8.72;9.06;6682976;59991952.00
20140715;9.05;9.22;8.81;9.00;6173416;55735224.00
20140716;8.90;8.96;8.65;8.68;4747940;41471392.00
20140717;8.62;8.68;8.35;8.41;5844789;49511452.00
20140718;8.42;9.14;8.38;8.80;6766060;59491760.00
20140721;8.79;9.07;8.48;8.80;4917039;43724364.00
20140722;8.71;8.98;8.70;8.77;3869187;34239236.00
20140723;8.70;8.80;8.52;8.60;4351461;37683384.00
20140724;8.62;8.71;8.54;8.60;2833515;24419852.00
20140725;8.65;8.72;8.53;8.69;2522709;21749080.00
20140728;8.71;8.94;8.67;8.76;4608620;40504356.00
20140729;8.76;9.01;8.72;8.93;4674167;41716920.00
20140730;8.97;8.98;8.72;8.78;5635920;49613920.00
20140731;8.82;8.89;8.76;8.78;5461940;47997828.00
20140801;8.76;8.77;8.56;8.60;5474693;47335716.00
20140804;8.59;8.90;8.59;8.88;5941715;52333580.00
20140805;8.87;9.02;8.83;8.94;4383238;39096684.00
20140806;9.00;9.36;8.96;9.34;10974447;100636296.00
20140807;9.30;9.53;9.29;9.35;9030316;85027776.00
20140808;9.42;9.60;9.24;9.58;7414826;69985216.00
20140811;9.58;9.68;9.53;9.59;5043359;48461508.00
20140812;9.59;10.13;9.50;9.99;7072354;70042416.00
20140813;9.95;10.05;9.72;9.91;4526567;44691508.00
20140814;9.93;9.93;9.62;9.63;4178613;40901948.00
20140815;9.68;9.85;9.53;9.70;3294470;31973396.00
20140818;9.70;10.10;9.70;9.97;4251313;42265180.00
20140819;9.99;10.04;9.73;9.80;3766313;37148228.00
20140820;9.77;10.00;9.74;9.91;3356782;33213130.00
20140821;9.90;10.03;9.69;9.83;2933326;28872848.00
20140822;9.82;9.89;9.50;9.72;5783329;55846488.00
20140825;9.76;10.69;9.66;10.69;15349054;159856720.00
20140826;10.80;10.96;10.39;10.66;15303660;163010112.00
20140827;10.64;10.75;10.50;10.66;6196015;65849176.00
20140828;10.62;10.63;10.15;10.50;7396456;77079064.00
20140829;10.47;10.54;10.29;10.53;2416434;25189140.00
20140901;10.55;11.20;10.42;11.15;5912883;64711648.00
20140902;11.16;11.42;10.96;11.29;5586307;62994248.00
20140903;11.33;12.42;11.31;11.92;9978456;119950784.00
20140904;11.93;12.12;11.65;11.99;6128744;72985824.00
20140905;12.23;12.50;11.97;12.22;10078312;123178040.00
20140909;12.30;12.35;11.97;12.23;5605040;68405552.00
20140910;12.25;12.47;12.05;12.23;6447655;79076528.00
20140918;13.00;13.00;12.22;12.45;9434737;118111616.00
20140919;12.28;12.44;11.96;12.20;5276088;64160452.00
20140922;12.08;12.72;12.01;12.52;6746829;84314968.00
20140923;12.50;13.68;12.40;13.15;7441940;97984144.00
20140924;13.14;13.70;13.05;13.15;5362972;71173664.00
20140925;13.22;13.28;12.75;12.80;4804670;62444960.00
20140926;12.76;13.00;12.68;12.93;2090710;26840260.00
20140929;12.95;13.30;12.01;13.13;12196064;152974304.00
20140930;12.81;13.13;12.60;12.67;7506336;96446832.00
20141008;12.65;12.68;12.38;12.58;5319574;66546920.00
20141009;12.63;12.70;12.40;12.66;4754442;59690684.00
20141010;12.60;12.60;12.24;12.28;5626871;69773688.00
20141013;12.24;12.47;12.01;12.44;3669259;44755252.00
20141014;12.39;13.08;12.31;13.05;9713575;124418848.00
20141015;13.04;13.10;12.75;12.93;4588620;59444436.00
20141016;12.81;13.10;12.40;12.46;4365420;55894752.00
20141017;12.39;12.70;12.10;12.51;3119275;38800784.00
20141020;12.45;12.82;12.45;12.69;2631167;33341990.00
20141021;12.60;12.78;12.27;12.32;3194493;39874072.00
20141022;12.30;12.43;11.94;11.94;3470863;42156204.00
20141023;11.85;11.95;11.35;11.55;3745623;43559196.00
20141024;11.55;11.79;11.48;11.79;3682191;42922960.00
20141027;11.82;12.12;11.65;11.91;2581660;30795762.00
20141028;12.10;12.48;11.90;12.36;3806650;46539816.00
20141029;12.50;13.25;12.50;13.06;8435684;108950608.00
20141030;13.00;13.25;12.81;12.86;4482123;58464224.00
20141031;12.84;13.08;12.71;12.89;3242477;41749952.00
20141103;13.04;13.38;12.76;12.96;4702015;61326836.00
20141104;13.02;13.10;12.61;12.67;3877032;49778956.00
20141105;12.60;12.90;12.59;12.88;2122393;27169598.00
20141106;12.88;13.04;12.75;13.01;2305128;29763204.00
20141107;13.08;13.57;12.81;13.40;6930001;92509416.00
20141110;13.49;13.49;13.11;13.29;3191813;42366628.00
20141111;13.21;13.46;12.69;13.00;4689525;61415092.00
20141112;12.87;13.13;12.72;13.01;2349732;30383560.00
20141113;13.00;13.08;12.60;12.69;3120290;39744328.00
20141114;12.68;12.70;12.16;12.63;3010139;37516352.00
20141117;12.59;13.09;12.50;12.79;2480013;31733638.00
20141118;12.76;13.56;12.76;13.29;6262493;83095336.00
20141119;13.29;13.48;13.16;13.33;2676471;35641088.00
20141120;13.28;13.32;12.91;13.05;2340452;30533502.00
20141121;13.01;13.98;12.93;13.77;7667894;104924112.00
20141124;13.80;13.99;13.58;13.77;5960108;82097016.00
20141125;13.77;14.30;13.60;14.05;5080504;70922608.00
20141126;14.20;15.44;14.05;15.03;9389622;140364640.00
20141127;14.93;15.37;14.85;15.37;5966020;89804936.00
20141128;15.37;15.37;14.98;15.16;5484704;83008696.00
20141201;15.16;15.24;14.36;14.83;6028714;89080016.00
20141202;14.82;14.99;14.55;14.84;4057948;60022920.00
20141203;14.88;14.90;14.29;14.47;7289934;105703216.00
20141204;14.42;14.85;14.26;14.65;5533694;80972120.00
20141205;14.64;14.64;13.45;13.80;7608516;106136952.00
20141208;13.78;13.78;13.21;13.47;7400798;99961312.00
20141209;13.47;13.48;12.12;12.59;11926318;152007312.00
20141210;12.58;13.24;12.41;13.00;7365363;95148616.00
20141211;13.04;13.18;12.87;13.16;4814578;62727532.00
20141212;13.19;13.75;13.18;13.60;5157965;69320776.00
20141215;13.58;13.89;13.42;13.79;3676930;50512364.00
20141216;13.80;13.96;13.52;13.73;2792625;38262184.00
20141217;13.77;13.78;13.33;13.42;3191014;42935820.00
20141218;13.39;13.60;13.20;13.32;2687734;36114444.00
20141219;13.32;13.37;12.56;12.67;4030779;51622212.00
20141222;12.70;12.85;11.53;11.58;5844894;70832400.00
20141223;11.72;11.95;11.54;11.81;2977377;35112224.00
20141224;11.83;12.27;11.82;12.16;1789180;21510670.00
20141225;12.00;12.56;12.00;12.55;2065104;25722994.00
20141226;12.51;13.15;12.41;13.06;3289378;42375336.00
20141229;13.23;13.23;12.50;12.56;2014443;25488540.00
20141230;12.41;12.56;11.58;12.40;5448277;65159960.00
20141231;12.20;12.40;11.78;12.10;3348295;40092972.00
20150105;12.06;12.47;11.82;12.20;2218987;26855766.00
20150106;12.18;12.50;11.98;12.48;2901666;35829492.00
20150107;12.47;13.20;12.25;12.78;2966817;37997788.00
20150108;12.68;12.89;12.51;12.67;1746030;22085812.00
20150109;12.67;12.95;12.60;12.79;2440918;31245134.00
20150112;12.77;12.85;12.11;12.70;2205825;27558068.00
20150113;12.65;13.15;12.45;12.93;2944676;37846604.00
20150114;12.91;13.05;12.71;12.93;2152237;27920238.00
20150115;12.99;13.70;12.99;13.50;4032732;54101964.00
20150116;13.43;13.56;13.30;13.45;1940832;26022038.00
20150119;13.09;13.41;12.51;12.58;2889074;37700072.00
20150120;12.65;13.19;12.65;13.08;2704292;35069764.00
20150121;13.11;13.77;13.11;13.68;4242914;57609404.00
20150122;13.55;13.95;13.50;13.86;3042103;41824468.00
20150123;14.04;14.50;13.93;14.00;5816125;82665400.00
20150126;13.89;14.24;13.81;14.07;3339085;46961016.00
20150127;14.05;14.14;13.54;13.79;4526740;62393768.00
20150128;13.64;13.90;13.64;13.80;1952577;26962860.00
20150129;13.78;13.78;13.42;13.60;1837109;24925308.00
20150130;13.75;13.75;13.29;13.51;1626475;21915010.00
20150202;13.53;13.83;13.38;13.70;1809765;24683216.00
20150203;13.62;13.87;13.60;13.86;2420109;33299386.00
20150204;13.86;13.97;13.40;13.41;2145369;29517380.00
20150205;13.56;13.84;13.41;13.70;3320886;45053360.00
20150206;13.67;13.69;12.49;12.99;4859697;63551400.00
20150209;12.94;13.42;12.70;13.23;2532789;33323526.00
20150210;13.17;13.23;12.85;13.18;1555339;20406056.00
20150211;13.18;13.45;13.18;13.42;974548;13032549.00
20150212;13.40;13.57;13.19;13.39;1421073;18994088.00
20150213;13.33;13.65;13.33;13.63;1615430;21950144.00
20150216;13.68;13.85;13.59;13.77;2950246;40455876.00
20150217;13.77;13.88;13.56;13.74;1529479;20960710.00
20150225;13.78;13.78;13.48;13.50;1921354;26092216.00
20150226;13.50;13.68;13.48;13.60;2294744;31146364.00
20150227;13.50;14.26;13.00;14.00;12439429;169108912.00
20150302;13.90;14.79;13.64;14.66;12318155;175992320.00
20150303;14.50;15.20;14.40;14.74;9176592;136435728.00
20150304;14.68;15.15;14.53;15.00;6774904;100741232.00
20150305;14.82;15.00;14.32;14.38;6917224;100845080.00
20150306;14.41;14.66;14.26;14.52;4817544;69836088.00
20150309;14.46;15.00;13.97;14.94;4937134;71530408.00
20150310;14.88;15.18;14.75;15.13;5182572;77555136.00
20150311;15.09;15.19;14.79;14.82;2590275;38677732.00
20150312;14.85;14.96;14.40;14.62;3639966;53400328.00
20150313;14.78;15.39;14.45;15.25;5987168;89727656.00
20150316;15.45;15.95;15.45;15.74;5773842;90867504.00
20150317;15.83;16.06;15.69;15.75;6306816;100011128.00
20150318;15.80;15.92;15.50;15.79;4376375;68725424.00
20150319;15.79;15.79;15.30;15.40;6872354;106037360.00
20150320;15.42;15.83;15.41;15.51;4264396;66432640.00
20150323;15.44;16.48;15.41;16.41;8204550;132043928.00
20150324;16.47;18.05;16.47;17.98;14680359;258879888.00
20150325;17.96;18.90;17.15;18.50;11253333;206401744.00
20150326;18.52;18.53;17.48;17.55;7826795;139590848.00
20150327;17.32;17.92;17.32;17.85;3360093;59326180.00
20150330;17.90;17.99;17.40;17.81;5900731;104050680.00
20150331;17.60;17.91;17.31;17.70;5184105;91520104.00
20150401;17.70;18.35;17.56;18.32;5988628;107793096.00
20150402;18.31;18.80;18.15;18.60;5195616;95863136.00
20150403;18.40;19.28;18.31;19.07;6346653;119934576.00
20150407;19.09;20.60;18.75;19.63;8325080;163035312.00
20150408;19.54;19.79;18.61;18.99;5234266;100581784.00
20150409;18.66;19.13;17.19;18.68;6366488;117109536.00
20150410;18.38;20.20;18.38;19.81;5429426;106878592.00
20150413;19.82;20.75;19.73;20.35;5903260;119697584.00
20150414;20.45;20.57;19.89;20.28;4186475;84705216.00
20150415;20.18;20.18;18.71;18.71;6360563;122466456.00
20150416;18.25;19.35;18.20;18.56;4360776;81429712.00
20150417;18.73;19.35;18.52;19.26;5642462;107461304.00
20150420;19.10;19.30;17.83;19.27;8486680;158192320.00
20150421;18.98;20.45;18.80;20.26;7741871;155061424.00
20150422;20.26;21.12;19.89;21.00;5590064;115974984.00
20150423;20.90;21.00;20.20;20.30;5632259;115321144.00
20150424;20.06;20.09;19.63;19.86;3855042;76415224.00
20150427;19.88;20.40;19.39;19.80;4975668;98877936.00
20150428;19.80;19.96;18.15;18.39;6808278;128088008.00
20150429;18.38;18.93;18.16;18.91;5458019;101940704.00
20150430;18.91;19.15;18.20;18.46;6013663;111221360.00
20150504;18.55;18.60;18.18;18.35;5639907;103848448.00
20150505;18.35;18.45;17.36;17.67;7371256;131323104.00
20150506;17.55;18.00;17.50;17.68;5413957;96017656.00
20150507;17.59;17.92;17.45;17.66;2918216;51621452.00
20150508;17.85;18.24;17.68;18.24;5913392;106439024.00
20150511;18.28;18.84;18.12;18.80;8944269;164808144.00
20150512;18.72;18.78;18.25;18.63;10295770;190079856.00
20150513;18.45;18.88;18.27;18.45;6738916;124368912.00
20150514;18.46;18.47;18.01;18.14;7395174;134861984.00
20150813;16.06;17.78;16.06;17.30;49938656;821411392.00
20150814;16.55;16.80;16.41;16.43;30851910;510711904.00
20150817;16.50;16.90;16.37;16.70;16506116;275601408.00
20150818;16.45;16.80;15.03;15.03;18247989;289942560.00
20150819;14.50;14.95;13.80;14.40;18018907;260429456.00
20150820;14.43;14.77;14.08;14.11;11742749;170490448.00
20150821;14.13;14.48;13.00;13.03;9578614;130052816.00
20150824;12.25;12.69;11.73;11.73;15415469;182669200.00
20150825;10.75;11.25;10.56;10.56;16694662;179502208.00
20150826;10.80;11.53;10.51;10.98;15844666;174473280.00
20150827;11.30;11.55;10.80;11.55;10138145;114030104.00
20150828;11.64;12.28;11.52;12.20;11912820;140355568.00
20150831;11.97;11.97;11.13;11.14;10157928;117539216.00
20150901;11.00;11.02;10.03;10.03;7491651;77531472.00
20150902;9.60;10.71;9.40;10.71;9950605;100711496.00
20150907;10.77;11.48;10.57;10.67;8442723;92103480.00
20150908;10.67;11.23;10.50;11.11;6223127;67205416.00
20150909;11.18;11.77;11.11;11.56;9362371;107262104.00
20150910;11.37;11.79;11.20;11.22;8028747;92467416.00
20150911;11.23;11.43;10.81;11.16;6929523;77027352.00
20150914;11.21;11.24;10.04;10.04;7319295;76514768.00
20150915;9.94;10.10;9.11;9.20;5959496;57236512.00
20150916;9.31;10.12;9.19;10.03;7356190;70385760.00
20150917;9.90;10.23;9.70;9.70;7145805;71304960.00
20150918;9.77;9.85;9.51;9.64;4347438;42033400.00
20150921;9.64;10.60;9.56;10.60;10330035;105814824.00
20150922;10.61;11.24;10.61;10.92;11713044;128520448.00
20150923;10.60;10.87;10.42;10.53;8049357;85510360.00
20150924;10.52;10.94;10.50;10.70;5951093;63842528.00
20150925;10.70;10.76;10.15;10.22;5128827;53211864.00
20150928;10.23;10.53;10.03;10.52;3936094;40603160.00
20150929;10.27;10.41;10.20;10.26;2696828;27706318.00
20150930;10.31;10.56;10.31;10.39;3629056;37934388.00
20151008;10.84;11.40;10.70;11.13;8245793;90866040.00
20151009;11.10;11.24;10.92;11.22;6518629;72455392.00
20151012;11.26;12.18;11.26;11.99;10875905;129475880.00
20151013;12.10;12.18;11.82;12.18;7812936;93786752.00
20151014;12.11;12.18;11.85;11.92;6903818;82693360.00
20151015;11.87;12.33;11.84;12.30;8126710;98416216.00
20151016;12.39;12.47;11.94;12.17;9424391;114344864.00
20151019;12.18;12.21;11.80;12.01;7497878;89973528.00
20151020;11.96;12.35;11.91;12.23;7694803;93676792.00
20151021;12.21;12.48;11.14;11.30;10001780;119636192.00
20151022;11.50;11.70;11.26;11.68;5843474;67229736.00
20151023;11.69;12.38;11.69;12.37;8848450;106671584.00
20151026;12.55;12.94;12.37;12.58;11332188;143312080.00
20151027;12.22;12.42;11.73;12.32;12632144;151520160.00
20151028;12.13;12.32;11.68;11.69;11966834;143314256.00
20151029;11.79;12.15;11.70;12.05;8102256;96508248.00
20151030;12.00;12.13;11.73;12.01;6449114;77169704.00
20151102;11.81;12.23;11.68;12.03;14029751;168893248.00
20151103;12.03;12.80;12.03;12.50;21707331;271058240.00
20151104;12.48;13.45;12.39;13.33;23685957;306214432.00
20151105;13.23;13.23;12.81;12.95;19831599;257780800.00
20151106;12.85;13.30;12.75;13.17;12182277;159657120.00
20151109;12.99;13.15;12.72;13.01;12403013;160789712.00
20151110;12.78;13.10;12.74;12.97;9056897;117145304.00
20151111;12.97;13.29;12.93;13.28;12191290;160477168.00
20151112;13.36;13.37;12.97;13.12;9838385;128974600.00
20151113;12.98;13.06;12.70;12.77;6816731;87722280.00
20151116;12.54;13.03;12.51;13.01;7469932;95988744.00
20151117;13.11;14.31;13.11;14.31;14694701;200986240.00
20151118;15.74;15.74;15.00;15.27;49688843;774388864.00
20151119;15.14;16.80;14.63;16.80;32535791;509973888.00
20151120;17.42;17.99;16.50;16.55;40392309;693230080.00
20151123;16.06;16.50;15.81;15.92;20866563;334939872.00
20151124;16.08;16.58;15.68;16.19;14610189;235795104.00
20151125;16.18;16.50;15.93;16.26;12353724;200014880.00
20151126;16.20;16.29;15.87;15.94;10812082;173627664.00
20151127;15.89;16.48;15.00;15.20;14836724;236871328.00
20151130;15.88;15.96;14.83;15.66;13174685;204594576.00
20151201;15.70;16.45;15.32;16.01;14288806;230728240.00
20151202;16.15;16.38;14.85;15.57;9409761;147979728.00
20151203;15.49;16.27;15.41;16.23;8767727;139544256.00
20151204;16.24;16.50;15.88;16.09;10830996;175546928.00
20151207;17.70;17.70;17.21;17.70;13250883;233997520.00
20151208;18.23;18.85;17.61;17.72;32680853;594606400.00
20151209;17.21;18.50;17.02;17.33;16851121;298652992.00
20151210;17.15;17.98;16.51;16.65;16244760;279558368.00
20151211;16.55;16.60;15.81;15.85;10612217;170875264.00
20151214;15.55;16.34;15.20;16.15;7703136;121758776.00
20151215;16.04;16.70;16.04;16.31;5917772;97126096.00
20151216;16.40;16.60;16.14;16.27;5244445;85889256.00
20151217;16.27;16.98;16.27;16.89;8591503;144307680.00
20151218;16.98;17.51;16.60;17.26;10195067;174778832.00
20151221;16.90;17.45;16.90;17.29;6763459;116210784.00
20151222;17.72;19.02;17.71;19.02;18822408;349444352.00
20151223;20.77;20.92;19.50;19.99;28576286;584292864.00
20151224;20.20;20.32;18.59;20.32;19124772;371955712.00
20151225;20.10;20.90;19.85;20.00;11237209;228988416.00
20151228;19.98;21.55;19.81;21.10;13867703;289705600.00
20151229;20.64;21.50;20.58;20.81;9067846;189596240.00
20151230;21.00;21.19;20.15;20.86;7857854;161413888.00
20151231;21.00;22.90;20.45;22.00;15223961;330928832.00
20160104;21.55;22.20;19.80;19.80;7591419;158136304.00
20160105;18.20;20.58;18.20;19.40;12934079;251484864.00
20160106;19.92;20.19;19.41;19.89;10953567;217958304.00
20160107;19.30;19.39;17.90;17.90;1900400;35360040.00
20160108;18.61;18.80;16.82;17.28;13343540;237104464.00
20160111;16.99;17.00;15.55;15.55;9694408;155064352.00
20160112;15.02;16.46;15.00;15.80;9995793;157731728.00
20160113;15.86;16.68;15.82;16.11;11675269;191317408.00
20160114;15.30;17.72;15.00;17.67;9622259;160999664.00
20160115;17.35;18.80;17.20;18.01;9911111;179047424.00
20160118;17.50;18.07;16.86;17.30;11669882;203291088.00
20160119;17.15;19.03;17.15;19.03;12610205;230190368.00
20160120;19.00;19.60;18.66;19.25;10687178;203658592.00
20160121;18.81;19.99;17.90;17.91;13759496;265984448.00
20160122;18.60;18.60;17.02;17.84;11298161;200102080.00
20160125;18.06;18.18;17.30;17.81;7755984;137166992.00
20160126;17.50;17.58;16.03;16.03;8162689;135894128.00
20160127;16.00;16.24;14.43;14.93;13454846;199872288.00
20160128;14.60;14.60;13.44;13.44;6613673;93124320.00
20160129;13.43;14.30;13.19;13.92;8082329;111362576.00
20160201;13.82;14.50;13.50;14.00;5883698;83165056.00
20160202;14.00;15.35;14.00;14.93;6065313;89522608.00
20160203;14.81;15.38;14.36;15.15;6261601;93149384.00
20160204;15.15;16.10;15.15;15.74;6609552;104116432.00
20160205;15.86;15.90;15.44;15.51;3523851;55040900.00
20160215;14.90;16.01;14.60;15.77;3394026;52249092.00
20160216;16.00;16.32;15.76;16.23;7547299;121185728.00
20160217;16.08;16.68;16.03;16.47;5580105;91457064.00
20160218;16.61;16.75;16.19;16.21;5062273;82978864.00
20160219;16.18;16.35;15.88;16.00;3731276;60016008.00
20160222;16.23;16.44;15.60;16.13;7186079;114843936.00
20160223;16.14;16.80;16.01;16.40;9914051;163406208.00
20160224;16.60;17.57;16.49;17.01;9740912;166049440.00
20160225;17.27;17.36;15.31;15.31;10158225;164846256.00
20160226;15.60;15.86;14.10;15.00;6864053;102367408.00
20160229;14.67;14.67;13.50;13.50;6434655;88421184.00
20160301;13.59;14.08;13.08;13.99;6319681;86669912.00
20160302;13.90;14.91;13.65;14.68;7770906;110422216.00
20160303;14.67;14.99;14.45;14.46;4788279;70304632.00
20160304;14.35;14.80;13.45;13.70;5149372;72533448.00
20160307;13.80;14.34;13.76;13.99;3184518;44809584.00
20160308;13.99;14.08;13.27;13.98;4043907;55634548.00
20160309;13.45;13.86;13.45;13.64;3270400;44571648.00
20160310;13.68;13.83;13.46;13.54;2646377;36085260.00
20160311;13.16;13.54;13.16;13.43;2359954;31562190.00
20160314;13.66;14.22;13.60;13.86;5060363;70618624.00
20160315;13.86;14.14;13.75;13.83;4061140;56464316.00
20160316;13.90;14.02;13.46;13.52;3872549;53047696.00
20160317;13.52;13.99;13.40;13.88;8095027;111191680.00
20160318;14.07;15.15;14.02;14.80;11055900;161404864.00
20160321;15.15;15.30;14.81;15.07;9816959;147553776.00
20160322;14.87;15.39;14.75;15.04;7310043;110677368.00
20160323;15.03;15.04;14.63;14.96;8173088;121206600.00
20160324;14.96;15.84;14.58;15.10;11904988;181045472.00
20160325;14.90;15.20;14.61;15.01;5415900;80743224.00
20160328;15.20;15.25;14.60;14.70;6475015;96894496.00
20160329;14.69;14.84;14.11;14.26;4860261;69881248.00
20160330;14.40;14.93;14.35;14.90;6430740;94531792.00
20160331;15.10;15.12;14.81;14.91;4897371;73498848.00
20160401;16.40;16.40;16.19;16.40;29736310;487604224.00
20160405;16.20;16.93;16.00;16.61;27618299;455683520.00
20160406;16.05;16.43;15.85;16.30;20013745;322936800.00
20160407;16.39;16.40;15.59;15.65;14059991;223623056.00
20160408;15.62;15.63;15.01;15.25;10971308;167163744.00
20160411;15.48;15.84;15.31;15.56;10484272;163933440.00
20160412;15.41;15.67;15.03;15.23;8044058;122214448.00
20160413;15.26;15.62;15.25;15.42;8569071;132900264.00
20160414;15.57;15.62;15.32;15.52;6869015;106254576.00
20160415;15.53;15.59;15.40;15.57;6452580;100134112.00
20160418;15.56;15.56;15.05;15.07;7463742;113159056.00
20160419;15.12;15.24;14.91;15.16;6738347;101550352.00
20160420;15.24;15.26;13.88;14.10;8751826;126268336.00
20160421;14.17;14.17;13.76;13.79;6398696;89372360.00
20160422;13.61;13.87;13.58;13.85;3952334;54414660.00
20160425;13.85;13.88;13.35;13.63;4371367;59245096.00
20160426;13.37;13.68;13.32;13.68;5172509;69849360.00
20160427;13.64;13.74;13.50;13.54;6897128;93796176.00
20160428;13.45;13.60;13.25;13.57;5353871;71939376.00
20160429;13.50;13.50;13.30;13.33;5192610;69428616.00
20160503;13.39;13.69;13.22;13.68;7820245;105921640.00
20160504;13.60;14.26;13.53;14.16;13490622;189242160.00
20160505;14.14;14.15;13.90;14.06;5640731;78934528.00
20160506;14.05;14.34;13.52;13.62;9428202;130614632.00
20160509;13.37;13.37;12.71;12.74;7008630;90457472.00
20160510;12.78;13.00;12.73;12.86;3946179;50825044.00
20160511;12.96;13.00;12.25;12.50;6171327;77416624.00
20160512;12.41;12.41;11.97;12.31;4524861;55192540.00
20160513;12.31;12.56;12.22;12.32;4455565;55182052.00
20160516;12.34;12.48;12.23;12.45;4163920;51443448.00
20160517;12.15;12.34;12.10;12.21;4018373;49187344.00
20160518;12.11;12.13;11.20;11.38;6291811;72954560.00
20160519;11.41;11.83;11.38;11.60;5526745;64414156.00
20160520;11.55;11.72;11.36;11.70;3147948;36513348.00
20160523;11.82;12.55;11.65;12.52;7674532;93684896.00
20160524;12.48;13.31;12.34;12.94;13970054;181765424.00
20160525;12.91;13.22;12.40;12.63;7237713;93195640.00
20160526;12.65;13.08;12.10;13.02;7385938;93869016.00
20160527;13.03;13.86;13.03;13.60;12983162;175752832.00
20160530;13.39;14.15;13.24;13.48;9913760;136653696.00
20160531;13.51;13.94;13.51;13.89;6404728;88158096.00
20160601;13.75;14.24;13.70;14.15;6709586;93749280.00
20160602;14.03;14.26;13.82;13.98;7067894;98796512.00
20160603;13.97;14.06;13.72;13.82;4077393;56430480.00
20160606;13.80;14.08;13.66;13.79;4612977;63842832.00
20160607;13.80;15.17;13.80;15.17;16798556;247079200.00
20160608;15.00;16.55;14.86;16.05;19597247;305185600.00
20160613;15.69;15.99;14.50;14.50;11670147;180209520.00
20160614;14.50;15.30;14.42;15.30;8130644;121169112.00
20160615;15.05;16.78;15.00;15.99;20250253;330559424.00
20160616;15.99;17.22;15.90;16.43;18570571;312206496.00
20160617;16.80;16.80;15.15;15.30;16168603;253512512.00
20160620;16.00;16.40;15.31;15.79;20225312;318140512.00
20160621;15.63;15.70;14.82;15.51;20554874;314645056.00
20160622;15.29;15.58;15.02;15.48;9050090;138445136.00
20160623;15.60;16.10;15.45;15.47;10063402;158397632.00
20160624;15.32;15.38;14.00;14.88;11058744;165522592.00
20160627;14.88;15.17;14.38;15.04;9804319;145921040.00
20160628;14.91;15.63;14.91;15.53;10123145;155662000.00
20160629;15.61;15.68;14.98;15.08;9946202;151179424.00
20160630;15.25;15.25;14.92;15.11;4488025;67657088.00
