20150424;13.84;15.09;13.84;15.09;32400;488291.00
20150427;16.60;16.60;16.60;16.60;4500;74700.00
20150428;18.26;18.26;18.26;18.26;7800;142428.00
20150429;20.09;20.09;20.09;20.09;6100;122549.00
20150430;22.10;22.10;22.10;22.10;15300;338130.00
20150504;24.31;24.31;24.31;24.31;15900;386529.00
20150505;26.74;26.74;26.74;26.74;28100;751394.00
20150506;29.41;29.41;29.41;29.41;71500;2102815.00
20150507;32.35;32.35;32.35;32.35;238611;7719066.00
20150508;35.59;35.59;35.59;35.59;118900;4231651.00
20150511;39.15;39.15;39.15;39.15;29900;1170585.00
20150512;43.07;43.07;43.07;43.07;24500;1055215.00
20150513;47.38;47.38;47.38;47.38;22400;1061312.00
20150514;52.12;52.12;52.12;52.12;17200;896464.00
20150515;57.33;57.33;57.33;57.33;38401;2201529.25
20150518;63.06;63.06;63.06;63.06;26700;1683702.00
20150519;69.37;69.37;69.37;69.37;19600;1359652.00
20150520;76.31;76.31;76.31;76.31;20700;1579617.00
20150521;83.94;83.94;83.94;83.94;28101;2358798.00
20150522;92.33;92.33;92.33;92.33;46333;4277926.00
20150525;101.56;101.56;101.56;101.56;100900;10247404.00
20150526;111.72;111.72;111.72;111.72;31600;3530352.00
20150527;122.89;122.89;122.89;122.89;19450;2390210.50
20150528;135.18;135.18;135.18;135.18;921840;124614328.00
20150529;148.70;148.70;135.01;148.70;6676540;976498880.00
20150601;163.57;163.57;159.11;163.57;3416099;557963904.00
20150602;170.87;179.93;163.00;179.93;6127146;1075497728.00
20150603;187.00;197.00;161.94;162.88;7705874;1331355392.00
20150604;161.87;170.00;147.18;154.51;4777508;753667904.00
20150605;160.00;163.51;147.30;158.60;5155039;805522496.00
20150608;155.04;174.46;155.04;174.45;7062245;1211076352.00
20150609;165.01;172.00;159.50;165.00;3898282;648839936.00
20150610;166.25;181.50;166.25;181.50;2662505;469567936.00
20150611;191.00;199.65;188.08;199.65;4134915;817920128.00
20150612;210.00;217.88;179.80;179.80;6275615;1226339584.00
20150615;175.00;175.93;161.82;161.82;3964792;658299840.00
20150616;156.00;168.76;155.00;155.00;2646243;427483744.00
20150617;156.01;162.33;154.55;159.98;2108389;334751744.00
20150618;160.50;167.45;148.11;155.98;2301643;364549248.00
20150619;150.00;171.58;147.98;161.00;3569595;589523712.00
20150623;159.00;177.10;156.22;177.10;4265975;737642048.00
20150624;183.00;184.00;171.11;180.98;2990706;528945280.00
20150625;175.97;180.98;162.88;162.88;2177162;372766464.00
20150626;150.00;154.90;146.59;146.59;1235400;183132480.00
20150629;131.93;132.88;131.93;131.93;507000;66892332.00
20150630;118.74;129.98;118.74;118.74;4008176;483791424.00
20150701;116.00;122.50;106.87;106.87;4810080;546717568.00
20150702;98.00;99.98;96.18;96.18;2186982;211776640.00
20150703;86.56;92.08;86.56;86.56;1615999;141694592.00
20150706;90.00;92.00;77.90;77.90;1948423;162096016.00
20150707;70.11;70.11;70.11;70.11;27900;1956069.00
20150714;77.12;77.12;77.12;77.12;148155;11425714.00
20150715;84.83;84.83;69.41;69.41;6065504;490897312.00
20150716;62.38;74.00;62.38;68.76;4191030;284075712.00
20150717;69.00;75.64;66.99;75.64;3825906;280148864.00
20150720;79.00;83.20;76.60;83.20;3946772;314320576.00
20150721;80.01;91.52;78.80;91.47;4149558;362214528.00
20150722;93.60;100.33;90.57;99.00;3612684;343026976.00
20150723;96.39;108.90;96.39;108.90;1963202;202586880.00
20150724;118.85;119.79;112.00;119.79;3234480;384276672.00
20150727;114.01;131.70;113.00;117.00;4082291;495892864.00
20150728;105.30;122.77;105.30;111.60;2803359;311285344.00
20150729;114.00;119.50;100.99;113.35;2734642;301077504.00
20150730;111.00;113.00;102.02;102.02;1964478;212825520.00
20150731;95.00;101.42;91.82;91.82;2891417;272251648.00
20150803;85.10;88.01;82.64;82.64;2026515;169118752.00
20150804;85.80;90.90;77.77;90.90;2663093;226648768.00
20150805;92.30;98.50;90.90;92.70;2517174;238329136.00
20150806;87.00;91.50;84.00;85.21;1672835;146882080.00
20150807;87.30;93.73;86.00;93.73;2037436;184485488.00
20150810;95.48;103.10;93.73;103.10;2230215;220056880.00
20150811;108.00;111.99;104.34;107.50;2721578;293950752.00
20150812;103.00;104.50;98.35;98.35;2239703;226942592.00
20150813;96.59;101.99;96.50;101.90;1603454;159770192.00
20150814;103.00;106.98;99.96;101.80;1888377;196137520.00
20150817;101.00;103.50;96.30;100.11;1414576;140162048.00
20150818;100.01;101.93;90.10;90.10;1528223;145734528.00
20150819;81.09;94.00;81.09;91.44;2394340;203426912.00
20150820;89.46;90.59;82.50;82.50;1924272;165877552.00
20150821;79.01;82.28;74.25;74.25;2134523;165519536.00
20150824;72.00;78.50;66.83;67.99;2934449;214149200.00
20150825;64.00;70.17;61.19;61.19;2920251;188847472.00
20150826;63.07;67.31;60.20;66.83;4007662;260580912.00
20150827;67.79;68.88;61.20;66.99;2982619;194861328.00
20150828;67.50;72.57;65.20;72.32;2489872;169563120.00
20150831;70.28;70.50;65.09;65.09;2064079;138761600.00
20150901;65.10;65.10;58.58;58.58;1369917;82949792.00
20150902;53.01;64.44;53.01;63.09;3805229;237372816.00
20150907;63.09;68.00;62.70;65.20;2369817;153589728.00
20150908;62.80;68.18;61.00;67.56;2622343;169569104.00
20150909;68.00;71.80;67.50;70.00;2675608;186942800.00
20150910;68.79;69.99;67.50;67.95;1706680;117515416.00
20150911;68.10;72.49;67.40;70.16;2347039;164413840.00
20150914;70.48;71.30;63.14;63.14;1637551;108359192.00
20150915;58.68;60.98;56.83;56.83;1484097;87015608.00
20150916;57.00;62.51;57.00;62.51;1779055;108186856.00
20150917;31.99;32.89;30.02;30.30;4171966;132314200.00
20150918;30.60;32.11;29.01;31.40;3486440;108137664.00
20150921;30.30;34.54;30.01;34.54;4333866;144028192.00
20150922;37.99;37.99;37.99;37.99;1507822;57282156.00
20150923;39.00;41.79;38.80;41.79;9990382;403525952.00
20150924;43.98;45.97;41.13;42.78;14029475;622928512.00
20150925;41.14;43.25;38.50;38.50;9825239;399291616.00
20150928;38.93;41.50;37.01;41.30;7243526;287502432.00
20150929;39.80;41.00;38.30;38.82;5583995;219758832.00
20150930;38.35;40.15;38.35;38.61;3894899;152871488.00
20151008;40.50;42.47;39.50;42.47;6813602;282717984.00
20151009;42.44;43.95;42.00;42.70;5339952;229418720.00
20151012;43.05;46.04;41.86;45.59;5911760;263973312.00
20151013;44.98;46.06;43.96;45.59;5209729;235783360.00
20151014;45.00;46.47;44.20;44.32;3903182;175995680.00
20151015;43.50;46.42;43.50;45.96;4071667;184417328.00
20151016;46.00;50.56;46.00;50.56;6851730;339076416.00
20151019;51.00;51.66;48.38;50.57;6321574;316727840.00
20151020;50.50;54.99;49.30;53.99;4946146;262569136.00
20151021;53.00;58.00;48.59;49.01;8443400;443180480.00
20151022;49.68;52.60;49.00;51.37;6486535;330820672.00
20151023;51.17;52.19;49.61;51.72;5850477;299042848.00
20151026;52.84;55.00;50.18;53.90;5985204;316795520.00
20151027;52.85;55.12;50.28;54.95;5438055;286018880.00
20151028;54.90;57.89;53.80;55.45;5211763;290258592.00
20151029;56.50;57.40;54.60;55.83;3605198;200659024.00
20151030;56.00;57.80;53.55;56.60;3750611;210117616.00
20151102;54.30;62.26;53.86;58.91;5410975;320439680.00
20151103;59.90;62.00;58.10;61.44;3906270;236502640.00
20151104;61.00;67.54;60.00;67.49;4770748;303875040.00
20151105;67.55;71.28;65.00;68.05;6063549;411489472.00
20151106;68.00;71.00;66.70;71.00;4179629;288934240.00
20151109;70.50;78.10;69.00;78.10;5646882;421304000.00
20151110;79.00;85.91;77.01;85.91;6154893;517433696.00
20151111;90.80;94.50;90.21;94.50;1111756;103590648.00
20151112;103.95;103.95;98.00;103.95;7899211;803601856.00
20151113;102.00;102.00;93.56;93.56;8726871;846079616.00
20151116;96.85;102.92;96.00;102.92;5182165;519499232.00
20151117;110.12;113.21;108.07;113.21;8583600;963125120.00
20151118;109.77;118.81;103.00;107.00;7832734;865637632.00
20151119;112.00;117.70;110.00;117.70;8079778;930634496.00
20151120;122.41;129.47;111.40;122.52;8902984;1065388096.00
20151123;121.01;134.77;119.01;134.77;8647032;1124034560.00
20151124;130.00;148.25;126.00;148.25;9266728;1235186816.00
20151125;146.00;163.08;141.25;163.08;11834870;1871464832.00
20151126;158.94;170.79;147.00;151.00;14659678;2320076800.00
20151127;146.00;159.90;140.20;147.01;12038430;1759508224.00
20151130;148.00;153.90;140.15;145.00;11092231;1642194560.00
20151201;142.01;144.00;130.50;134.76;11688445;1587240960.00
20151202;136.21;145.76;130.80;137.80;10716893;1484369408.00
20151203;133.08;141.50;131.30;140.32;8736132;1197752576.00
20151204;145.00;149.97;133.21;137.40;9070881;1286436352.00
20151207;134.10;141.40;133.00;138.58;6330090;871018176.00
20151208;135.60;145.00;135.60;140.16;7699336;1086070016.00
20151209;138.91;140.15;129.01;131.28;7734449;1027650304.00
20151210;128.61;134.96;125.11;127.90;7041518;913656192.00
20151211;127.00;130.50;120.30;121.50;6352079;793639232.00
20151214;119.00;123.95;118.08;123.93;4636733;565502336.00
20151215;122.10;127.00;121.00;124.48;5245821;652548480.00
20151216;125.10;133.08;123.08;131.60;8795887;1129036032.00
20151217;131.50;132.00;128.50;131.66;6849638;893113152.00
20151218;129.30;137.00;124.02;126.99;7481160;976535296.00
20151221;123.89;124.12;118.82;120.14;6088109;737368960.00
20151222;121.20;123.10;119.20;123.09;3975335;484082848.00
20151223;123.88;123.89;118.13;119.12;3896349;467174496.00
20151224;119.09;126.98;118.20;122.42;6091019;752105792.00
20151225;120.99;125.52;119.30;121.50;4647563;571113472.00
20151228;121.50;123.90;115.07;115.10;5738858;681637632.00
20151229;114.00;115.88;110.00;112.03;4294220;482463168.00
20151230;112.76;118.66;111.52;117.86;6229508;714860224.00
20151231;117.00;118.50;107.00;107.40;5129266;577581376.00
20160104;107.41;108.00;96.66;96.66;3990449;410069792.00
20160105;92.00;94.86;88.00;92.13;5766191;529874944.00
20160106;93.00;101.00;91.21;99.00;8516013;820864512.00
20160107;95.20;95.60;89.10;89.10;2150607;197208144.00
20160108;92.00;93.54;83.21;88.56;5764131;512804672.00
20160111;87.00;87.00;79.72;80.45;5208503;433535488.00
20160112;81.66;88.50;80.58;88.50;6628639;578423296.00
20160113;92.50;94.47;88.50;89.69;11588565;1056575680.00
20160114;84.49;98.66;84.20;98.66;8971358;833146112.00
20160115;100.68;105.02;98.50;99.60;10600348;1070694272.00
20160118;96.51;104.58;96.40;99.51;7953582;806166272.00
20160119;97.10;102.50;93.50;101.58;7904205;772859648.00
20160120;99.70;102.00;96.00;96.30;6528615;643964800.00
20160121;93.77;105.93;93.77;97.60;8920411;900280832.00
20160122;101.74;107.36;99.80;107.36;7286427;763390528.00
20160125;116.00;116.00;108.01;109.66;10727203;1200055552.00
20160126;103.00;106.89;98.69;98.69;7819085;800495488.00
20160127;96.36;98.00;88.90;94.85;6544469;608935296.00
20160128;92.20;94.97;85.37;85.37;4865874;431401760.00
20160129;82.50;91.30;81.20;87.49;5587936;486936896.00
20160201;88.00;95.98;88.00;89.96;5365641;487461920.00
20160202;89.88;96.52;86.51;94.34;5982660;554241664.00
20160203;91.50;92.88;88.88;91.82;4930365;448265248.00
20160204;91.70;95.80;91.60;94.19;5401031;507216480.00
20160205;95.00;95.30;88.70;88.90;4234987;384793824.00
20160215;84.97;93.05;84.00;91.70;4482282;401787808.00
20160216;91.11;99.99;91.11;97.26;5187225;498997792.00
20160217;96.00;106.99;94.00;106.99;7079528;708072576.00
20160218;108.01;111.01;102.56;104.72;8324741;886268608.00
20160219;103.00;108.58;102.00;104.75;5767534;609295232.00
20160222;105.75;108.88;102.80;106.95;5756599;607711104.00
20160223;107.60;112.00;106.05;106.90;6404461;696715648.00
20160224;104.00;105.79;98.10;99.89;6357137;643148096.00
20160225;99.39;101.40;89.90;89.92;5073361;482245056.00
20160226;91.08;92.50;85.90;90.28;4281554;386877376.00
20160229;88.00;88.00;81.25;81.25;4026771;332389440.00
20160301;81.26;87.06;75.05;83.91;4849806;392841376.00
20160302;83.00;88.28;82.00;87.00;4822071;412304640.00
20160303;86.13;91.88;85.35;88.05;5839201;517627232.00
20160304;86.63;86.85;80.32;80.62;4383008;366590784.00
20160307;80.50;85.10;80.50;82.18;2976338;247376144.00
20160308;81.90;83.50;76.00;82.36;3447589;276348736.00
20160309;80.40;84.00;78.01;79.81;2725900;221395376.00
20160310;80.24;81.49;78.00;78.15;2160200;171390816.00
20160311;76.78;78.88;75.80;76.95;1908033;147266960.00
20160314;79.00;82.98;78.30;82.42;4216406;343463680.00
20160315;81.00;82.20;80.10;80.15;2779816;225071552.00
20160316;81.49;82.49;77.58;78.58;2659194;211391744.00
20160317;78.52;84.99;78.40;84.50;6344517;526387168.00
20160318;85.81;92.95;85.80;92.30;8585963;776037312.00
20160321;90.22;94.82;88.59;93.21;9961192;915388544.00
20160322;94.05;99.88;94.00;94.88;7953585;768334656.00
20160323;92.00;95.20;92.00;95.20;5728363;536630304.00
20160324;94.60;99.90;92.67;92.95;5726072;549979264.00
20160325;91.00;94.68;90.50;92.00;4010323;370182048.00
20160328;93.58;96.60;91.44;92.20;3895046;365021568.00
20160329;91.30;92.20;87.01;89.60;3913151;349666336.00
20160330;90.68;93.49;89.59;92.93;4090281;374041248.00
20160331;96.70;96.70;93.03;93.45;4709595;445077216.00
20160401;92.00;92.38;88.20;90.00;4063093;364541632.00
20160405;91.99;94.00;89.87;93.40;5043770;463731008.00
20160406;92.95;93.08;90.10;91.48;4103372;376189184.00
20160407;92.35;92.41;88.88;88.88;3739268;336682848.00
20160408;87.02;87.20;84.00;84.90;4491757;381890272.00
20160411;85.78;88.30;85.55;86.60;3429940;298897632.00
20160412;86.50;86.50;83.60;84.60;2767412;233641648.00
20160413;85.27;91.64;85.00;90.00;6352895;567042944.00
20160414;89.78;90.49;88.08;89.99;4152069;370042880.00
20160415;90.00;95.88;89.99;92.14;7086337;659676928.00
20160418;90.00;90.00;87.50;88.34;4186311;369748864.00
20160419;88.80;89.76;86.82;87.39;2917001;256632384.00
20160420;87.40;87.40;80.00;80.51;5484848;455004000.00
20160421;80.52;82.70;78.50;78.95;2639666;212746416.00
20160422;75.01;78.25;75.00;78.17;2764539;213478064.00
20160425;77.40;77.40;74.80;75.58;2701390;203615904.00
20160426;75.48;76.00;73.48;74.50;4242392;316697248.00
20160427;75.00;75.99;74.20;74.62;3064428;229758368.00
20160428;74.00;74.62;70.38;72.38;4182712;300670816.00
20160429;72.00;72.99;71.51;72.02;2296310;165848576.00
20160503;72.69;77.30;71.60;75.68;5801467;430756480.00
20160504;75.28;75.39;73.70;73.87;6536324;486271968.00
20160505;73.87;74.96;73.35;74.61;4599890;340780032.00
20160506;74.70;74.80;70.00;70.22;5844827;421505728.00
20160509;69.20;69.20;64.00;64.56;4086011;267595376.00
20160510;64.00;65.39;63.80;64.54;2356070;152334288.00
20160511;65.15;65.50;62.15;62.37;3002225;190258208.00
20160512;62.40;62.60;60.00;62.50;3529193;216408016.00
20160513;62.77;64.85;62.12;62.41;3324780;210859152.00
20160516;62.20;63.30;61.05;63.27;4686898;292417984.00
20160517;62.90;63.87;61.99;62.90;4430182;278469632.00
20160518;62.92;67.00;62.00;62.35;7272844;468107264.00
20160519;62.47;66.90;60.03;64.40;8319892;535504544.00
20160520;63.00;66.00;61.66;65.18;6354043;404401952.00
20160523;65.66;66.49;64.40;64.99;7399836;483190976.00
20160524;64.06;64.48;62.40;63.34;6742672;426868096.00
20160525;64.00;64.30;61.50;61.86;5948673;374665728.00
20160526;61.70;62.25;59.46;61.90;5976005;362760896.00
20160527;61.82;63.35;61.00;61.95;6529201;408530720.00
20160530;61.99;61.99;60.50;60.89;4459847;273005152.00
20160531;61.49;66.39;61.00;65.89;13454463;861884160.00
20160601;66.30;68.63;66.00;66.10;13456429;902006912.00
20160602;65.88;72.00;65.10;70.52;17511177;1182969728.00
20160603;70.00;70.22;68.37;68.98;14954113;1034473152.00
20160606;70.29;71.79;68.60;69.02;10575861;738068544.00
20160607;69.10;69.37;67.15;68.31;10929084;742522816.00
20160608;68.03;71.00;67.30;68.23;12816635;887767168.00
20160613;66.00;66.45;61.41;61.41;12405713;798168000.00
20160614;59.56;60.45;58.06;58.97;8232482;486985376.00
20160615;57.90;61.52;57.60;60.93;8155957;492447040.00
20160616;60.52;61.66;59.10;59.26;7277657;438341984.00
20160617;59.26;60.80;58.68;59.38;5637559;336400832.00
20160620;58.91;59.70;57.68;59.10;6274668;366968448.00
20160621;60.00;60.32;57.50;57.90;6437371;379614656.00
20160622;58.00;60.40;57.42;59.99;8645227;511849152.00
20160623;59.99;63.00;58.70;62.98;13261356;808777280.00
20160624;62.00;62.70;57.80;60.55;11124335;680203648.00
20160627;59.68;62.39;59.35;61.89;7405903;455985568.00
20160628;61.25;65.76;61.23;64.95;13896702;889417984.00
20160629;66.01;66.89;63.70;65.18;13367262;872084800.00
20160630;64.51;65.00;63.40;64.01;7952046;509654976.00
