20160415;14.36;17.24;14.36;17.24;15918;273654.47
20160418;18.96;18.96;18.96;18.96;4616;87519.36
20160419;20.86;20.86;20.86;20.86;4413;92055.18
20160420;22.95;22.95;22.95;22.95;8634;198150.30
20160421;25.25;25.25;25.25;25.25;9500;239875.00
20160422;27.78;27.78;27.78;27.78;18706;519652.69
20160425;30.56;30.56;30.56;30.56;43685;1335013.63
20160426;33.62;33.62;33.62;33.62;61900;2081078.00
20160427;36.98;36.98;36.98;36.98;72533;2682270.25
20160428;40.68;40.68;40.68;40.68;89841;3654732.00
20160429;44.75;44.75;44.75;44.75;92795;4152576.25
20160503;49.23;49.23;49.23;49.23;77882;3834130.75
20160504;54.15;54.15;54.15;54.15;777655;42110020.00
20160505;56.00;59.57;55.55;59.57;16519139;957894848.00
20160506;57.00;59.89;56.05;56.23;12502014;721349760.00
20160509;54.00;54.00;50.61;50.61;6157307;315177696.00
20160510;47.50;48.97;46.00;46.51;7353048;350625952.00
20160511;47.20;47.49;45.25;45.33;5276120;243633664.00
20160512;44.78;44.78;42.05;44.35;5091231;221030128.00
20160513;43.66;46.27;43.40;44.99;5496195;247134704.00
20160516;43.70;44.72;43.12;44.72;3960634;174280784.00
20160517;44.39;46.08;44.20;44.90;4525076;204578656.00
20160518;43.78;43.80;40.41;40.53;5254556;219756368.00
20160519;40.50;41.80;39.95;40.30;3581873;146478176.00
20160520;39.70;42.05;38.92;41.89;4775224;195110048.00
20160523;41.50;45.95;41.30;44.40;6347024;278450272.00
20160524;43.70;44.02;42.78;43.35;4056104;175337216.00
20160525;44.00;47.69;44.00;47.69;9260397;428297216.00
20160526;47.00;52.46;46.53;52.46;12141638;599433728.00
20160527;53.00;54.89;50.50;51.29;12031894;634050624.00
20160530;50.70;54.49;49.20;52.63;9111477;475264864.00
20160531;52.20;56.80;51.98;56.66;10244936;556771840.00
20160601;56.66;59.42;56.10;57.50;11062797;638340544.00
20160602;55.88;58.48;55.06;58.25;8433609;478301568.00
20160603;57.63;58.43;55.50;55.79;6854111;392080832.00
20160606;54.90;56.68;53.30;55.19;5186472;285115744.00
20160607;55.20;60.71;54.57;60.71;11629177;684900032.00
20160608;60.60;65.95;57.77;60.80;14372990;880372608.00
20160613;58.23;58.23;54.72;54.72;7600631;425259360.00
20160614;51.60;54.54;50.58;53.30;5565546;293536032.00
20160615;52.10;57.24;51.63;55.72;6466279;358478016.00
20160616;55.50;57.88;54.20;54.41;6090312;340072032.00
20160617;54.42;59.65;54.42;58.99;9163819;522694176.00
20160620;58.36;62.51;57.29;59.89;8942496;537803968.00
20160621;60.40;64.43;59.11;60.59;10223301;628999488.00
20160622;59.50;62.54;58.89;60.55;7142976;432140928.00
20160623;60.03;64.55;60.03;63.00;9356275;584441536.00
20160624;61.70;63.00;57.18;61.50;8728125;531264992.00
20160627;61.77;65.58;61.22;64.11;8330725;530687776.00
20160628;63.38;66.69;63.01;66.00;8382166;543718976.00
20160629;66.00;72.50;64.80;71.41;9984286;681807360.00
20160630;67.49;69.15;65.00;65.01;9731371;653067840.00
