20140128;30.46;36.56;30.46;36.56;2300054;83648544.00
20140129;38.50;38.70;32.90;32.90;11284765;384901824.00
20140130;30.40;30.51;29.61;29.61;4986408;148603712.00
20140207;28.50;29.26;27.83;28.90;4189640;119983456.00
20140210;28.84;30.78;28.68;30.34;5647486;168186896.00
20140211;30.00;32.79;30.00;32.78;7725761;243629456.00
20140212;32.00;35.55;31.75;34.30;10059094;340640384.00
20140213;33.89;34.88;31.91;31.96;6386734;212143488.00
20140214;31.71;34.99;31.71;34.71;7456780;251255312.00
20140217;35.37;38.18;34.80;38.18;7845250;287263136.00
20140218;38.90;40.92;37.10;38.36;10844188;420747424.00
20140219;37.69;38.46;35.10;36.50;6331881;232246864.00
20140220;36.60;38.16;35.50;37.03;5507080;204531824.00
20140221;36.70;37.16;35.03;35.69;3896644;139778304.00
20140224;35.62;35.89;34.90;35.33;2721052;95901400.00
20140225;35.46;36.77;32.10;33.21;4597613;162121840.00
20140226;33.00;33.00;30.00;32.50;2712509;86268472.00
20140227;32.40;33.45;31.45;31.51;2650843;85734504.00
20140228;31.52;34.66;31.01;34.65;4699614;156537728.00
20140303;34.28;37.50;33.88;37.18;5715385;207766912.00
20140304;36.75;38.49;34.69;35.61;6276259;229338736.00
20140305;35.58;35.88;34.01;34.48;2971334;103559248.00
20140306;34.06;36.46;33.33;36.04;3946097;138571504.00
20140307;35.80;35.80;33.01;33.35;3329668;114553192.00
20140310;32.66;33.29;31.80;32.45;1895318;61841532.00
20140311;32.46;33.80;32.40;33.31;2006624;66641528.00
20140312;33.15;33.43;31.80;32.50;1648526;53653280.00
20140313;32.51;33.78;32.21;33.30;1930931;63903448.00
20140314;32.86;33.47;32.15;32.63;1323453;43444576.00
20140317;32.60;33.00;32.00;32.65;1246000;40367776.00
20140318;32.65;33.50;32.42;32.93;1728751;56976248.00
20140319;32.94;32.95;31.62;31.92;1707164;54736668.00
20140320;31.80;32.10;30.85;30.89;1386117;43468520.00
20140321;30.37;31.59;30.15;31.29;978569;30269692.00
20140324;31.30;31.76;30.30;30.35;1265063;39102672.00
20140325;30.35;30.59;30.02;30.43;1086233;32840496.00
20140326;30.30;30.59;30.07;30.34;977351;29650174.00
20140327;30.02;30.24;28.90;29.07;1463422;43016684.00
20140328;28.90;30.66;28.01;29.42;1957818;57597396.00
20140331;29.00;29.41;28.28;28.62;1068740;30755268.00
20140401;28.62;29.27;28.20;29.12;863319;25085878.00
20140402;29.12;29.98;28.59;29.70;1574562;46128128.00
20140403;29.49;30.46;29.33;29.69;1605192;48080672.00
20140404;29.60;29.98;29.30;29.70;734814;21816354.00
20140408;29.40;30.24;29.08;29.93;1193705;35562816.00
20140409;29.93;30.50;29.76;30.23;1440864;43336592.00
20140410;30.14;30.45;29.67;29.75;1697931;51183628.00
20140411;29.53;29.53;28.96;28.98;1236081;35993720.00
20140414;28.91;29.70;28.88;29.58;1066663;31344462.00
20140415;29.80;32.47;29.62;31.32;3770989;117695008.00
20140416;30.81;31.99;30.40;31.30;2337251;72933936.00
20140417;31.07;31.41;30.70;30.70;1249656;38800784.00
20140418;30.65;30.70;30.25;30.39;829939;25219940.00
20140421;30.06;31.47;30.06;30.80;1610475;49959420.00
20140422;30.80;30.88;29.04;29.89;1362521;40809388.00
20140423;29.90;29.90;29.06;29.09;1075302;31686368.00
20140424;28.81;29.34;28.41;28.69;914016;26305128.00
20140425;28.34;28.96;27.93;27.97;780003;22193270.00
20140428;27.99;28.02;25.38;25.40;1329643;34658756.00
20140429;25.40;26.50;25.30;26.19;855578;22243456.00
20140430;26.25;26.48;25.91;26.24;694844;18205642.00
20140505;26.24;26.99;25.70;26.74;948896;25085994.00
20140506;26.62;27.63;26.30;27.32;1142398;31172380.00
20140507;27.30;28.30;26.98;28.00;1838725;51427612.00
20140508;27.60;28.09;27.39;27.40;911810;25229896.00
20140509;27.38;27.79;26.18;26.53;689483;18582840.00
20140512;26.70;27.29;26.53;27.23;601794;16237897.00
20140513;27.40;27.54;27.04;27.28;580530;15828395.00
20140514;27.05;27.77;27.05;27.64;556243;15293365.00
20140515;27.53;28.09;27.35;27.62;942311;26177798.00
20140516;27.50;27.50;26.50;26.75;788179;21184316.00
20140519;26.50;26.94;26.20;26.44;357705;9488815.00
20140520;26.69;28.26;26.69;27.23;1151277;31770082.00
20140521;27.25;27.61;26.83;27.56;751541;20534632.00
20140522;27.47;27.79;27.35;27.40;707188;19519274.00
20140523;27.40;27.79;27.23;27.79;626403;17306026.00
20140526;27.81;28.12;27.70;28.00;911855;25438866.00
20140527;28.05;29.75;27.81;28.72;2198536;63426804.00
20140528;28.40;28.78;28.29;28.54;1168170;33301348.00
20140529;28.54;29.19;28.44;28.60;1377448;39776900.00
20140530;29.00;31.20;28.98;29.41;2979203;88913776.00
20140603;28.70;29.17;28.43;28.45;1370848;39314864.00
20140604;28.39;28.62;27.91;28.22;729909;20658592.00
20140605;28.33;28.72;28.02;28.65;793144;22550302.00
20140606;28.70;28.70;27.94;28.31;823379;23257948.00
20140609;28.03;28.35;27.94;28.02;441141;12388545.00
20140610;28.10;28.57;27.98;28.43;637631;18064868.00
20140611;28.36;28.43;28.00;28.16;537137;15117840.00
20140612;28.28;28.80;28.03;28.66;1102690;31363262.00
20140613;28.60;29.14;28.33;29.01;1218605;35158520.00
20140616;28.83;29.48;28.83;29.23;984707;28776716.00
20140617;29.23;29.30;28.38;28.45;834361;23942814.00
20140618;28.40;28.68;28.00;28.02;632220;17838736.00
20140619;28.00;28.22;26.50;26.90;791656;21561426.00
20140620;26.92;27.30;26.83;27.17;444622;12039268.00
20140623;27.19;28.50;27.19;28.21;997937;28063116.00
20140624;28.10;28.77;28.10;28.39;806072;22949734.00
20140625;28.39;29.80;28.39;29.47;2331014;68231320.00
20140626;29.62;31.66;29.43;30.82;4161138;128001400.00
20140825;33.77;33.77;33.77;33.77;288814;9753249.00
20140826;36.00;36.00;32.30;32.36;5399552;183764896.00
20140827;32.10;33.33;30.70;31.20;2696680;84731440.00
20140828;31.19;31.30;30.61;30.62;1697189;52375852.00
20140829;30.88;30.88;30.31;30.55;1197796;36555736.00
20140901;30.60;30.90;30.50;30.86;1636968;50267904.00
20140902;31.00;31.44;30.56;31.40;2992333;92751952.00
20140903;31.39;31.39;30.76;31.03;2684694;83360808.00
20140904;31.07;31.53;30.95;31.53;2098194;65521248.00
20140905;31.54;31.55;31.01;31.16;1646592;51367248.00
20140909;31.25;31.29;30.80;31.20;1352941;42044196.00
20140910;31.25;31.65;30.91;31.43;1814418;56835912.00
20140911;31.60;31.65;31.05;31.14;2085369;65336036.00
20140912;31.09;31.18;30.80;31.06;1241954;38454668.00
20140915;30.99;31.15;30.82;31.07;1310116;40644476.00
20140916;31.04;31.09;29.93;29.96;1606398;49185452.00
20140917;29.85;30.37;29.81;30.21;985799;29642632.00
20140918;30.03;30.40;30.03;30.25;635495;19226636.00
20140919;30.41;30.68;30.27;30.63;847089;25877646.00
20140922;30.95;30.95;30.16;30.24;1002617;30637370.00
20140923;30.16;30.65;30.15;30.48;684447;20798456.00
20140924;30.43;30.63;30.20;30.57;1114612;33973252.00
20140925;30.68;30.95;30.45;30.57;1235840;37886628.00
20140926;30.57;31.14;30.50;30.99;1423404;44006800.00
20140929;31.25;31.29;31.02;31.18;1324645;41276196.00
20140930;31.27;31.89;31.13;31.77;1875276;59062688.00
20141008;31.98;32.57;31.91;32.21;2103604;67861944.00
20141009;32.88;32.98;31.98;32.41;2537357;82408392.00
20141010;32.10;32.40;31.93;31.95;1699243;54533200.00
20141013;31.76;32.35;31.50;32.28;1898732;60665896.00
20141014;32.36;32.69;32.03;32.51;2247787;72905536.00
20141015;32.54;32.78;32.12;32.71;1588085;51552304.00
20141016;32.50;35.42;32.41;33.75;3694588;125020488.00
20141017;35.10;37.13;34.02;37.13;4261320;154134192.00
20141020;40.84;40.84;37.31;37.40;8159362;319155072.00
20141021;38.16;38.80;37.16;37.79;6000292;228216800.00
20141022;37.41;37.75;36.05;36.15;4186646;154303408.00
20141023;35.60;38.00;35.42;36.65;3850014;142673168.00
20141024;36.09;38.50;35.16;36.58;3236228;119720312.00
20141027;35.75;37.00;35.33;36.12;1913900;69216720.00
20141028;35.80;36.87;35.70;36.62;4176524;151063856.00
20141029;36.66;38.10;36.50;37.43;4714548;175576880.00
20141030;37.70;37.70;35.40;35.53;4370086;158721056.00
20141031;35.55;35.74;34.68;35.10;3057767;107097568.00
20141103;35.10;35.53;34.88;35.31;2237244;78777632.00
20141104;35.38;36.00;35.08;35.49;2366543;84090136.00
20141105;35.09;35.16;34.49;34.62;1833853;63839104.00
20141106;34.65;36.23;34.65;36.05;3023292;107810472.00
20141107;36.26;36.88;35.51;35.65;2948297;106762464.00
20141110;35.66;36.75;35.66;36.13;2164832;78477752.00
20141111;36.90;39.74;36.90;38.40;7548760;289998976.00
20141112;37.60;39.95;37.00;39.59;6969851;271648928.00
20141113;38.51;38.94;37.00;37.47;4277018;162614352.00
20141114;36.91;37.48;34.02;34.80;3812755;135730176.00
20141117;34.50;35.49;34.20;35.00;1413662;49575108.00
20141118;35.11;35.81;34.83;35.81;1892166;66847392.00
20141119;35.61;35.74;34.90;35.70;1370373;48328112.00
20141120;35.39;36.08;35.12;35.50;1093610;38898128.00
20141121;35.38;36.20;35.38;35.62;1656222;59346440.00
20141124;36.00;36.10;35.26;35.66;1643188;58703068.00
20141125;35.65;35.90;34.96;35.30;1893125;66805240.00
20141126;35.71;36.28;35.30;35.99;1670400;59804256.00
20141127;36.09;37.48;36.07;36.99;2337745;86034456.00
20141128;36.88;37.22;36.46;36.91;1864396;68801136.00
20141201;36.91;36.91;35.70;35.82;1511236;54665512.00
20141202;36.01;37.48;35.95;37.22;2150179;79705600.00
20141203;37.33;37.99;36.46;37.71;2607124;97026520.00
20141204;37.77;37.99;37.34;37.42;2008448;75364944.00
20141205;37.30;37.30;35.05;35.25;2384908;85425144.00
20141208;34.98;35.43;34.42;34.97;1784050;62095188.00
20141209;34.93;35.39;33.25;33.60;2035847;70063032.00
20141210;33.55;34.46;33.41;34.46;1017807;34775952.00
20141211;34.50;34.98;34.10;34.74;1127206;38812776.00
20141212;34.70;34.97;34.00;34.72;926711;31976160.00
20141215;34.73;35.50;34.53;35.25;966832;34002144.00
20141216;34.98;35.40;34.48;34.98;1079102;37563312.00
20141217;34.62;34.62;33.51;34.20;1129050;38442344.00
20141218;34.00;34.20;33.33;33.33;985320;33178612.00
20141219;33.33;33.33;31.96;32.53;1326948;42936644.00
20141222;32.00;32.60;29.28;29.28;2082101;62062964.00
20141223;29.31;30.15;29.04;29.58;810227;24060682.00
20141224;29.95;31.28;29.90;31.01;1107018;33874284.00
20141225;31.09;31.79;30.72;31.12;729087;22717470.00
20141226;31.03;31.04;30.50;30.87;514917;15856403.00
20141229;30.50;30.85;29.68;29.80;908223;27200312.00
20141230;29.98;30.58;29.31;29.85;492058;14690740.00
20141231;29.90;30.39;29.62;30.37;808553;24296668.00
20150105;30.37;30.93;29.71;30.78;923510;28079432.00
20150106;30.78;31.58;30.30;31.46;1003549;31300506.00
20150107;31.40;31.99;30.98;31.91;1032359;32498646.00
20150108;31.65;32.89;31.48;32.82;1685876;54417756.00
20150109;32.80;33.17;31.65;31.75;2739548;89398464.00
20150112;31.54;31.54;30.00;30.03;959456;29116752.00
20150113;30.15;30.80;29.72;30.55;620043;18826502.00
20150114;30.58;30.88;30.30;30.62;782970;23998790.00
20150115;30.78;30.80;30.18;30.20;542664;16522646.00
20150116;30.26;30.78;30.08;30.72;805049;24487912.00
20150119;30.30;31.37;29.50;30.00;1165366;35588328.00
20150120;30.05;31.82;30.05;31.80;1497780;46492184.00
20150121;31.50;32.44;31.36;32.08;1364350;43700752.00
20150122;31.90;32.35;31.70;32.30;887617;28524898.00
20150123;32.28;32.38;31.32;31.49;863222;27420366.00
20150126;31.09;31.92;31.09;31.92;547206;17333526.00
20150127;32.19;32.20;31.45;31.74;835800;26522466.00
20150128;31.70;32.19;31.55;31.95;1076851;34361952.00
20150129;31.89;32.25;31.66;32.08;989711;31656338.00
20150130;31.95;32.18;31.09;32.16;1538330;48687644.00
20150202;31.90;33.09;31.68;33.05;2258669;73829064.00
20150203;33.99;34.68;33.30;34.22;3991575;136017312.00
20150204;33.79;34.01;32.98;33.01;1537490;51155820.00
20150205;33.05;33.28;32.47;32.52;1822722;59591332.00
20150206;32.53;32.60;31.50;31.52;940433;30050130.00
20150209;31.52;31.54;30.64;30.81;629263;19525656.00
20150210;30.81;31.36;30.60;31.15;521728;16153141.00
20150211;31.14;31.71;31.11;31.46;661428;20787022.00
20150212;31.79;31.84;31.32;31.50;449547;14151731.00
20150213;31.52;32.18;31.52;31.90;1009403;32167514.00
20150216;31.90;32.59;31.89;32.47;768650;24837918.00
20150217;32.43;32.60;32.04;32.24;693917;22319580.00
20150225;32.40;32.40;31.78;31.93;522263;16689134.00
20150226;32.06;32.20;31.73;32.20;722292;23113916.00
20150227;32.12;32.46;31.92;32.46;939781;30322590.00
20150302;32.47;32.96;31.93;32.91;1079797;35103028.00
20150303;32.75;32.99;32.56;32.71;1039085;34031928.00
20150304;32.66;33.66;32.45;33.60;1559148;51797872.00
20150305;33.60;33.69;33.14;33.36;1210451;40340888.00
20150306;33.59;33.59;32.76;32.93;798384;26356504.00
20150309;32.87;33.38;32.56;33.25;692862;22911722.00
20150310;33.30;34.12;33.27;33.70;1637234;55422048.00
20150311;33.70;33.85;32.85;32.92;1074858;35581312.00
20150312;32.98;33.06;32.43;32.89;1004979;32887180.00
20150313;32.89;33.06;32.75;33.00;668234;21995124.00
20150316;33.18;34.00;33.06;33.93;1476068;49745316.00
20150317;34.05;36.10;33.84;35.95;3850659;135708800.00
20150318;36.35;36.56;35.50;35.70;2158081;77259632.00
20150319;35.68;36.24;35.23;35.58;1892320;67645200.00
20150320;35.59;36.17;35.45;36.07;1353866;48577036.00
20150323;36.07;36.44;35.47;36.27;2470984;88507264.00
20150324;36.27;36.70;34.88;35.98;1973281;71035880.00
20150325;35.99;37.68;35.33;37.29;2696936;98938928.00
20150326;37.67;39.99;36.70;37.88;3032570;115851568.00
20150327;38.29;38.48;37.50;38.00;1194891;45257740.00
20150330;38.20;38.99;37.74;37.99;1642539;62776116.00
20150331;37.90;41.18;34.21;38.90;3939144;152126672.00
20150401;39.29;40.10;38.70;39.32;2486171;98262448.00
20150402;39.50;40.07;39.00;39.51;1827629;72148712.00
20150403;39.60;41.20;39.51;40.77;2135352;86438256.00
20150407;41.40;44.85;41.09;44.85;4171904;181053616.00
20150408;44.98;45.00;41.85;43.27;4784099;206681280.00
20150409;42.79;42.90;39.04;41.00;2745306;112253736.00
20150410;40.63;42.20;40.22;41.84;1801263;75030552.00
20150413;41.98;43.80;41.98;43.06;2120932;90956072.00
20150414;43.08;44.16;41.80;42.81;2186658;94532504.00
20150415;42.03;42.70;39.50;39.59;2193100;89167568.00
20150416;36.00;39.17;36.00;38.22;2983577;113091744.00
20150417;38.00;38.29;37.25;37.59;2523900;95220976.00
20150420;37.59;37.95;36.01;36.10;2289450;84408416.00
20150421;36.13;37.72;36.11;37.65;1755550;65178620.00
20150422;37.96;38.88;37.70;38.62;2072037;79424304.00
20150423;39.59;39.60;38.00;38.65;1968482;76141336.00
20150424;38.46;39.20;38.17;38.80;2406125;93226968.00
20150427;39.28;39.99;38.81;39.00;2022459;79491528.00
20150428;39.80;39.80;37.20;37.51;1663501;63859820.00
20150429;37.55;38.49;37.22;38.36;1609779;61316372.00
20150430;38.35;39.30;38.00;39.00;1645211;63916304.00
20150504;39.34;39.34;38.31;38.99;1067532;41606032.00
20150505;38.98;39.15;37.28;37.51;1375809;52428808.00
20150506;37.78;38.28;37.25;37.25;1223081;46229132.00
20150507;37.21;37.43;36.25;37.08;913214;33729768.00
20150508;37.22;39.30;37.22;39.23;1998862;77204424.00
20150511;39.49;41.32;39.45;41.19;3200172;128478288.00
20150512;41.18;41.85;40.18;41.43;3389987;139074096.00
20150513;41.10;41.75;40.38;41.58;2401411;98739584.00
20150514;41.50;43.00;41.28;42.51;3459880;146581232.00
20150515;42.38;42.38;41.40;41.99;2482903;103835648.00
20150518;41.72;44.05;41.51;43.20;4685665;200839744.00
20150519;43.58;43.59;42.21;43.00;3610669;154734128.00
20150520;42.98;44.44;42.53;43.00;4202438;182721296.00
20150521;43.09;46.98;42.76;46.41;5731184;254104400.00
20150522;47.01;51.00;46.95;49.18;5932271;288935712.00
20150525;49.15;50.50;47.80;49.71;3414447;167493072.00
20150526;49.71;54.59;49.40;54.08;4236056;223630496.00
20150527;54.01;59.49;53.01;59.49;4200328;238714752.00
20150528;60.01;65.44;58.00;58.30;6655892;418702304.00
20150529;58.00;63.58;55.45;58.98;5572348;331101376.00
20150601;58.98;61.88;58.55;60.40;3355706;203613280.00
20150602;60.40;66.44;60.17;66.44;3980763;258887504.00
20150603;69.10;70.26;62.00;69.95;5090294;341206432.00
20150604;68.18;73.00;64.44;69.06;3311605;227571408.00
20150605;69.00;73.39;66.99;71.60;4059679;283523072.00
20150608;71.50;71.80;65.08;70.98;3891917;267130384.00
20150609;68.10;70.20;66.41;67.10;2910717;198654480.00
20150610;67.01;69.09;65.00;66.98;3003642;200454176.00
20150611;66.00;66.97;64.11;66.28;1891316;123744640.00
20150612;65.50;69.00;65.50;67.80;3101708;211181984.00
20150615;67.91;68.49;63.50;65.20;2830480;185800784.00
20150616;64.16;64.90;58.88;62.66;2607239;159995232.00
20150617;60.90;62.50;59.11;61.61;1392938;84643776.00
20150618;62.14;62.51;58.25;58.40;1694203;102575296.00
20150619;57.00;59.00;52.56;52.56;1660450;92380712.00
20150623;52.42;56.20;51.03;55.13;2565269;139141072.00
20150624;56.70;59.88;56.01;59.18;2335191;135974688.00
20150625;59.94;65.08;58.00;62.12;3254483;204707760.00
20150626;61.90;65.59;59.40;62.16;6383166;401976320.00
20150629;63.78;68.38;60.00;68.38;7369697;482298784.00
20150630;69.98;73.88;62.01;70.01;7109005;500439872.00
20150701;68.39;76.30;66.00;72.87;6839992;500340960.00
20150702;71.99;72.00;65.58;65.58;4345144;291084736.00
20150703;59.02;65.83;59.02;64.99;7406430;446845184.00
20150706;71.49;71.49;58.49;58.49;3174213;206286960.00
20150707;52.64;53.00;52.64;52.64;789600;41565360.00
20151216;57.83;57.83;55.00;57.83;5030966;289967936.00
20151217;62.98;63.61;60.98;63.61;3891294;243603104.00
20151218;69.97;69.97;67.38;69.97;5024162;351190496.00
20151221;72.08;76.95;68.30;69.90;8667392;623890752.00
20151222;68.55;70.50;67.35;68.02;3412951;233356000.00
20151223;66.77;68.01;61.22;61.22;8592288;540825472.00
20151224;60.50;62.58;58.72;59.22;7231125;434381184.00
20151225;59.00;62.30;58.91;60.82;7964548;484113280.00
20151228;60.98;61.84;57.52;57.80;5846324;348538464.00
20151229;57.80;59.18;57.51;58.77;2969896;173275520.00
20151230;58.93;61.61;58.30;61.10;4939936;298202656.00
20151231;61.60;61.60;57.66;57.75;3324380;196665184.00
20160104;56.79;57.49;51.98;51.98;2775343;147613680.00
20160105;47.30;49.77;46.78;47.64;4681292;225685360.00
20160106;48.00;49.87;47.58;49.87;3255554;158885072.00
20160107;48.80;48.80;44.88;44.88;805015;37166976.00
20160108;46.00;46.10;42.00;44.00;3270085;145511296.00
20160111;42.03;43.38;40.50;40.54;3717671;156121488.00
20160112;41.00;42.50;40.10;41.43;2560020;105593144.00
20160113;41.60;42.38;39.23;39.28;2682810;110714128.00
20160114;37.80;42.00;37.10;41.59;2801900;111516064.00
20160115;41.08;41.32;38.58;39.00;2660961;106574680.00
20160118;37.70;40.50;37.10;39.60;2598270;102583656.00
20160119;39.18;41.50;38.95;41.29;3691849;149633744.00
20160120;41.00;43.16;40.99;41.74;3823873;160430752.00
20160121;40.58;41.91;39.40;39.49;3011567;122800880.00
20160122;39.90;40.50;38.11;40.34;2375987;94078080.00
20160125;41.00;43.59;40.55;43.59;3864607;161696240.00
20160126;42.00;43.47;39.23;39.23;3987033;166789520.00
20160127;39.65;39.99;36.50;38.81;2838875;107715376.00
20160128;37.99;38.98;35.29;35.80;2068686;77009328.00
20160129;36.03;38.37;35.38;37.89;2029097;75180904.00
20160201;37.00;37.68;36.01;36.30;1582677;58410956.00
20160202;36.60;37.94;36.50;37.82;2570607;96321720.00
20160203;37.29;37.84;36.61;37.60;1911322;70999696.00
20160204;37.98;39.00;37.66;38.65;2334677;89844488.00
20160205;38.65;38.92;37.71;37.78;1631301;62273916.00
20160215;36.01;37.14;35.52;36.82;1951868;71041392.00
20160216;37.31;40.50;37.05;40.50;3429681;134582528.00
20160217;40.51;41.67;39.40;40.77;4507333;182428448.00
20160218;41.36;43.45;40.80;41.68;4397828;184700400.00
20160219;42.18;42.18;40.80;41.79;2869600;118796464.00
20160222;42.30;43.45;42.15;42.68;3226320;138044688.00
20160223;42.80;42.99;41.50;42.18;2268716;95426688.00
20160224;42.10;42.10;40.55;41.64;2399578;99180240.00
20160225;41.55;41.57;37.48;37.48;3089719;122121120.00
20160226;38.30;38.30;35.81;36.69;2262829;83691512.00
20160229;37.49;37.70;34.36;34.78;2513180;89448880.00
20160301;34.71;36.20;34.12;35.77;1800031;63166136.00
20160302;35.70;38.07;35.48;37.55;2320726;85362232.00
20160303;37.61;40.19;37.33;38.90;4183989;162291344.00
20160304;38.80;38.80;35.70;36.20;2834948;105483296.00
20160307;36.71;37.50;36.66;37.50;2735525;101650816.00
20160308;37.10;37.15;35.05;37.06;2079592;75430296.00
20160309;36.12;36.95;35.61;36.50;1366861;49743520.00
20160310;36.40;36.79;35.25;35.30;1423176;51370884.00
20160311;34.57;35.80;34.20;35.39;1356869;47669076.00
20160314;35.70;37.30;35.70;36.80;2417532;88907208.00
20160315;36.57;37.19;36.40;36.67;1942867;71546280.00
20160316;36.88;37.80;36.51;36.90;2352168;87244928.00
20160317;37.23;38.96;37.10;38.52;3304728;125551872.00
20160318;38.50;39.95;38.50;39.70;3313998;130497208.00
20160321;40.03;40.69;39.25;40.58;3925644;156730256.00
20160322;40.00;40.50;39.70;39.89;2399724;95962232.00
20160323;39.89;40.99;39.61;40.75;2442241;98161248.00
20160324;40.21;42.66;39.71;41.25;3911961;160757360.00
20160325;40.87;45.35;40.87;44.30;5289835;230536608.00
20160328;44.51;48.40;44.51;46.80;5733869;269512544.00
20160329;47.20;48.30;44.50;45.90;4629866;214228752.00
20160330;46.73;50.00;44.90;49.85;7395174;349993664.00
20160331;46.00;47.00;44.87;44.87;11681192;534644416.00
20160401;43.17;43.70;41.73;42.45;6682682;283702784.00
20160405;42.12;43.70;41.98;43.41;5130172;220792160.00
20160406;43.24;43.25;42.00;42.70;4694758;200094624.00
20160407;42.82;43.80;42.82;42.92;5738733;248461216.00
20160408;42.61;42.66;40.90;41.48;4063688;169301200.00
20160411;42.02;43.20;42.02;42.87;3463699;147637312.00
20160412;42.87;42.87;41.41;41.80;2797397;117133440.00
20160413;42.02;43.19;42.02;42.51;3996480;170991056.00
20160414;42.85;43.15;42.10;43.08;3287780;140143120.00
20160415;43.22;45.62;43.10;45.27;7499220;335274496.00
20160418;45.00;45.00;43.37;43.46;4034032;177077024.00
20160419;43.52;43.94;42.45;42.82;2948002;126879336.00
20160420;43.13;43.16;38.54;39.25;4721433;191042304.00
20160421;38.98;39.55;37.58;37.71;2881808;111357112.00
20160422;37.59;38.97;37.32;38.94;2161531;82574376.00
20160425;38.80;39.25;37.80;38.91;1915800;73656896.00
20160426;38.85;39.79;38.46;39.70;1985604;77626080.00
20160427;39.70;40.28;39.43;39.44;1905097;75767256.00
20160428;39.42;39.75;37.86;38.87;2255703;86848840.00
20160429;38.51;38.78;38.20;38.48;1457147;56078416.00
20160503;38.50;39.93;38.04;39.71;2371496;93497768.00
20160504;39.74;40.79;39.52;40.32;2924209;118018104.00
20160505;40.35;40.75;39.78;40.57;1754775;70474128.00
20160506;40.75;41.00;38.58;38.60;2862225;114029520.00
20160509;38.56;38.56;37.32;37.78;1774927;66995668.00
20160510;37.95;40.47;37.79;40.08;3517276;137548784.00
20160511;40.30;42.57;39.57;41.62;6044469;249085392.00
20160512;40.34;41.23;37.46;40.52;3410984;135667616.00
20160513;39.93;40.89;39.60;39.93;1983035;79597528.00
20160516;39.89;39.99;38.50;39.86;2278227;89497576.00
20160517;39.97;40.50;38.81;39.50;1945873;77017152.00
20160518;38.88;38.88;37.54;37.90;1970234;74890432.00
20160519;37.90;38.80;37.80;37.94;1160059;44421844.00
20160520;37.70;38.00;37.00;38.00;1052203;39668420.00
20160523;38.29;39.00;38.21;38.76;1407604;54433684.00
20160524;38.71;38.71;37.73;37.97;1107271;42150680.00
20160525;38.38;38.80;38.02;38.78;1276331;49124060.00
20160526;38.28;39.05;37.49;39.05;1385518;53170108.00
20160527;39.05;40.29;39.05;39.78;2130923;84560864.00
20160530;39.51;40.30;39.00;39.55;1511484;60187760.00
20160531;39.55;41.34;39.54;41.30;2527477;102926952.00
20160601;41.70;42.58;41.10;41.24;2567682;107019400.00
20160602;40.85;42.15;40.66;42.00;2318046;95344152.00
20160603;41.73;43.35;41.71;42.80;4345902;185337856.00
20160606;43.13;43.30;42.00;42.00;3717529;157503712.00
20160607;42.25;43.35;41.83;43.30;3210026;137419824.00
20160608;43.00;44.20;42.80;43.17;3319971;144354848.00
20160613;42.20;42.20;39.10;39.57;2436503;100783064.00
20160614;39.57;41.94;39.21;41.90;2210988;89542520.00
20160615;41.38;44.70;41.20;44.19;3886753;169282000.00
20160616;43.83;44.43;42.89;43.00;3587883;156058640.00
20160617;43.36;43.98;42.80;43.70;2616594;113497616.00
20160620;43.80;46.49;43.80;45.59;5114960;230495792.00
20160621;45.98;45.99;43.58;44.17;4532138;202671280.00
20160622;44.07;45.13;43.71;45.01;2784998;124049088.00
20160623;45.01;45.87;44.02;45.50;3726603;167817696.00
20160624;45.03;45.34;42.96;44.45;3702525;164608672.00
20160627;43.80;45.83;43.75;45.83;4836869;217388384.00
20160628;45.38;45.93;45.14;45.80;4018799;182998128.00
20160629;45.70;46.58;45.50;46.52;4244382;195329552.00
20160630;46.40;49.68;46.23;48.58;5914020;284446048.00
