20120921;30.60;31.70;29.30;31.00;17161330;522288704.00
20120924;30.00;31.10;28.10;28.65;8998664;265226976.00
20120925;29.18;31.20;28.73;29.76;9155402;272866496.00
20120926;28.30;28.30;26.78;26.78;8147766;221338768.00
20120927;27.30;27.89;26.70;27.12;7257358;198347072.00
20120928;26.70;29.65;26.50;28.46;7252945;203909312.00
20121008;28.00;30.78;27.85;29.34;6915415;203964432.00
20121009;28.70;30.77;28.55;30.70;6514932;192048688.00
20121010;30.30;30.98;29.81;30.48;5414059;164524288.00
20121011;30.91;31.88;28.85;29.02;6253114;189897008.00
20121012;29.40;31.90;29.11;31.68;6871037;209920112.00
20121015;31.00;32.25;29.72;31.35;5897941;183077424.00
20121016;30.80;31.40;29.80;31.00;4651190;142669120.00
20121017;31.35;32.63;31.15;31.82;6076629;193648128.00
20121018;31.62;32.50;31.11;32.27;4548124;144910176.00
20121019;32.54;32.80;31.40;31.50;3171334;101371264.00
20121022;31.15;32.15;30.80;31.72;2772916;87798280.00
20121023;31.20;31.20;30.00;30.00;4129878;125605608.00
20121024;29.60;30.28;29.00;29.33;2820077;83329936.00
20121025;29.33;30.18;29.10;29.36;2868385;85212872.00
20121026;29.19;29.76;28.58;29.75;2954825;86105688.00
20121029;29.55;30.27;29.03;30.17;2800666;83401232.00
20121030;30.16;30.23;29.01;29.16;2313406;68534400.00
20121031;29.02;30.45;28.87;30.35;3264699;97023824.00
20121101;30.25;31.06;29.85;30.48;3885759;118465064.00
20121102;30.94;31.78;30.68;31.05;4005265;125102552.00
20121105;31.15;31.78;30.81;31.20;2922646;91612928.00
20121106;31.00;31.10;30.15;30.63;2218707;67756224.00
20121107;30.40;31.24;30.35;30.75;1834623;56501548.00
20121108;30.50;30.50;29.52;30.09;2166540;65022000.00
20121109;29.99;33.09;29.90;31.88;5077599;161947504.00
20121112;32.07;32.98;31.74;32.24;3786494;122523952.00
20121113;32.20;33.94;31.73;32.73;4608913;151663920.00
20121114;32.40;33.60;31.86;32.90;3463371;113163296.00
20121115;32.40;32.50;31.38;31.45;2151628;68629824.00
20121116;31.21;32.15;31.14;31.58;1790398;56758184.00
20121119;31.70;31.96;30.70;31.83;1860294;58275788.00
20121120;31.78;31.89;31.00;31.02;1888626;59438672.00
20121121;31.16;34.12;31.03;34.12;4370445;142131856.00
20121122;33.88;34.66;33.11;33.97;4147296;140503296.00
20121123;33.81;34.10;33.23;33.68;2498468;84030968.00
20121126;33.44;34.39;33.32;34.10;2496967;84661912.00
20121127;33.90;34.19;31.98;32.30;2663983;87806200.00
20121128;32.01;33.25;31.70;32.43;2483248;80663976.00
20121129;32.30;33.10;29.19;29.47;3984324;123035864.00
20121130;29.18;30.14;27.92;29.73;3320644;96979240.00
20121203;29.51;30.17;28.90;29.43;2114565;62562324.00
20121204;29.38;30.27;29.18;30.25;2668804;79663224.00
20121205;30.44;32.48;29.88;31.62;3115784;97499672.00
20121206;31.50;31.90;31.03;31.33;1761278;55553944.00
20121207;31.29;32.13;31.18;31.91;1675118;53153864.00
20121210;31.99;32.99;31.68;32.42;2007199;65017064.00
20121211;32.40;32.40;31.46;31.70;1799366;57324336.00
20121212;31.76;34.77;31.76;33.68;4022087;134291104.00
20121213;33.23;33.95;32.70;33.48;2547180;84635040.00
20121214;33.50;34.94;33.21;34.42;3156393;108220528.00
20121217;34.22;34.58;33.66;34.38;2024973;69095984.00
20121218;34.12;34.36;33.41;33.61;1954149;65937816.00
20121219;33.48;34.17;33.42;33.75;1535838;51928376.00
20121220;33.63;37.13;33.63;37.13;5643248;205327840.00
20121221;37.00;40.55;36.80;39.34;6915387;267279600.00
20121224;39.35;40.54;38.65;40.18;4738710;187156128.00
20121225;39.60;43.28;39.00;41.40;4790041;195545120.00
20121226;41.00;44.08;40.63;43.01;4468682;189834768.00
20121227;43.19;43.20;40.76;40.82;4689681;195303296.00
20121228;40.78;43.08;40.78;41.43;3913692;163844304.00
20121231;40.90;41.45;40.06;40.96;2373212;96930648.00
20130104;41.00;45.00;40.44;43.80;5013387;215270960.00
20130107;43.01;44.86;42.60;43.40;2979398;129251512.00
20130108;43.18;46.00;42.84;44.39;3822780;170304864.00
20130109;43.20;43.97;42.45;43.25;3016061;130005744.00
20130110;43.50;46.48;43.41;46.46;5102953;231807088.00
20130111;46.11;47.38;45.60;45.80;4156273;192295616.00
20130114;45.50;47.20;45.22;46.80;3320340;154628688.00
20130115;46.78;46.87;45.50;46.14;2969391;136688592.00
20130116;45.75;46.79;43.53;44.70;3673748;165480896.00
20130117;44.20;44.48;43.40;43.40;1944822;85186272.00
20130118;43.45;44.69;43.45;44.00;1869965;82593704.00
20130121;44.10;45.28;43.61;45.07;2087071;92703720.00
20130122;44.80;44.95;41.45;41.84;2824727;121618672.00
20130123;41.70;42.36;39.70;41.47;2859868;116869888.00
20130124;41.01;41.85;39.60;40.44;2520918;103108960.00
20130125;40.21;41.15;40.21;40.92;1286789;52452584.00
20130128;40.92;41.80;40.52;41.71;1856987;76575632.00
20130129;41.72;43.34;41.56;42.62;2222992;94879176.00
20130130;42.61;42.78;40.73;41.02;1946375;80758816.00
20130131;41.00;41.29;39.68;40.46;1543496;62065384.00
20130201;40.46;40.99;40.01;40.76;1295936;52683868.00
20130204;40.31;40.92;38.77;39.28;1711173;67556056.00
20130205;38.90;42.29;38.88;41.45;2558139;105309000.00
20130206;41.01;41.83;40.85;41.80;1252003;51749804.00
20130207;41.61;42.49;41.61;41.85;1497050;62906672.00
20130208;41.60;42.98;41.60;42.56;1466844;62392836.00
20130218;42.81;42.84;41.81;42.40;1239598;52294184.00
20130219;42.03;42.33;40.49;40.49;1439691;59207408.00
20130220;40.80;41.92;40.40;41.69;1303299;54028648.00
20130221;41.30;44.24;41.30;43.25;3621181;156416928.00
20130222;43.15;43.89;42.31;43.55;1855178;79833752.00
20130225;43.55;45.43;43.03;45.02;2987686;133344832.00
20130226;44.90;44.90;43.01;43.04;2294092;101058944.00
20130227;42.82;43.83;42.66;42.97;1209846;52185288.00
20130228;42.97;44.30;42.96;44.20;1519284;66358424.00
20130301;44.09;44.96;43.32;44.45;1791804;79167472.00
20130304;44.03;44.14;41.61;41.99;1792798;76902960.00
20130305;42.22;42.84;41.85;42.75;936976;39754080.00
20130306;42.85;43.89;42.84;43.19;1205915;52212484.00
20130307;43.00;43.00;41.20;41.40;1624056;68259032.00
20130308;41.55;42.13;41.40;41.55;622977;26011478.00
20130311;41.50;42.34;41.29;41.77;635341;26567908.00
20130312;41.62;41.98;39.61;40.38;1245876;50545320.00
20130313;40.38;40.50;38.90;39.51;1048414;41345424.00
20130314;39.28;39.79;38.88;38.92;846083;33218534.00
20130315;38.83;39.81;38.00;39.13;992380;38813224.00
20130318;39.10;39.91;38.89;39.45;860746;34013208.00
20130319;39.22;40.49;39.22;39.92;915428;36648032.00
20130320;39.68;40.66;39.64;40.66;1016196;41003336.00
20130321;40.68;42.30;40.68;41.28;1510041;62932728.00
20130322;41.74;41.74;40.88;41.41;888731;36686920.00
20130325;42.70;44.40;42.57;42.57;2799141;121285328.00
20130326;41.73;41.73;40.58;40.90;1643269;67205744.00
20130327;40.41;41.18;40.41;40.59;793760;32316366.00
20130328;40.00;40.41;38.80;38.80;1126867;44183052.00
20130329;38.80;39.40;38.75;38.80;588878;22975604.00
20130401;38.50;39.75;38.18;39.37;709511;27930966.00
20130402;39.80;40.66;39.40;39.60;940345;37661820.00
20130403;39.61;39.90;38.08;38.40;696181;27008372.00
20130408;37.70;38.87;36.51;38.87;954716;35837256.00
20130409;38.51;39.30;38.51;39.28;681517;26564580.00
20130410;39.48;40.63;39.41;39.70;1095757;43857436.00
20130411;39.62;40.15;38.51;38.60;632958;24787402.00
20130412;38.88;39.46;38.38;38.69;502215;19506302.00
20130415;38.66;39.55;38.60;39.30;671349;26295700.00
20130416;36.01;36.99;35.90;36.88;1366027;49949288.00
20130417;37.59;37.86;36.85;37.19;1053730;39244964.00
20130418;37.11;37.31;36.75;37.00;1025567;37991356.00
20130419;37.15;38.31;37.15;38.14;1295445;48845108.00
20130422;37.90;38.44;37.23;38.40;1501910;56755772.00
20130423;38.29;38.29;37.06;37.17;1253945;46944692.00
20130424;37.00;37.68;36.52;37.60;1169130;43486448.00
20130425;37.33;37.34;36.20;36.21;1534682;56372356.00
20130426;36.28;36.45;34.58;34.63;1125004;39846164.00
20130502;34.98;35.79;34.71;35.37;698398;24737694.00
20130503;35.31;36.38;35.28;36.20;853403;30789498.00
20130506;36.22;37.55;36.21;37.43;1166721;43247704.00
20130507;37.36;38.42;36.73;38.25;1500300;56654236.00
20130508;38.02;38.42;37.80;38.25;1113898;42489096.00
20130509;38.58;39.94;38.09;39.80;1754291;68823872.00
20130510;39.32;40.36;38.82;39.50;965859;38174492.00
20130513;39.90;39.90;38.70;38.96;701203;27389844.00
20130514;38.80;39.12;38.20;38.81;634879;24538014.00
20130515;38.38;39.16;38.38;39.10;755168;29410558.00
20130516;39.01;40.85;38.85;39.73;1875598;75284344.00
20130517;39.79;41.05;39.79;40.66;1428436;58062864.00
20130520;40.67;43.25;40.50;42.50;1697683;71231464.00
20130521;42.49;43.49;41.89;42.41;1970597;83966296.00
20130522;42.13;43.21;41.70;41.75;1377188;58477280.00
20130523;41.38;44.00;41.38;43.60;2573105;111261168.00
20130524;43.50;44.40;43.31;44.09;1873389;82269824.00
20130527;44.30;44.69;43.26;44.13;1437259;63242652.00
20130528;43.71;44.99;42.99;43.06;1949520;85605936.00
20130529;43.06;43.72;42.82;43.20;1136443;49141336.00
20130530;42.90;43.60;42.90;43.36;930043;40218484.00
20130531;43.08;43.48;42.00;42.06;1472209;62444292.00
20130603;41.80;42.85;41.70;42.05;837513;35428176.00
20130604;41.93;42.97;41.62;42.18;1557164;65971660.00
20130605;42.39;46.40;42.10;46.34;5652840;255961616.00
20130606;44.70;45.97;44.61;45.05;2993009;135463568.00
20130607;45.19;48.56;45.19;47.81;5176282;245490704.00
20130613;46.96;50.68;45.50;49.65;4851062;235482048.00
20130614;49.00;51.60;48.32;49.40;3920384;196468912.00
20130617;49.89;54.20;49.89;51.68;3931129;203723040.00
20130618;51.00;53.15;50.20;52.51;2849977;147669008.00
20130619;51.86;52.24;50.14;52.00;2252868;115742856.00
20130620;52.00;53.50;50.15;50.75;2534274;131980720.00
20130621;49.41;53.60;48.89;53.10;3739361;195077168.00
20130624;53.47;54.48;50.30;51.93;3137877;164657392.00
20130625;51.00;51.89;46.74;51.20;3847011;189326512.00
20130626;51.20;56.32;50.62;56.32;3931042;211980752.00
20130627;57.77;60.45;56.50;57.88;4195646;244326352.00
20130628;57.22;61.40;56.75;61.00;3591488;214288944.00
20130701;59.68;61.99;57.28;60.05;4124076;245071696.00
20130702;59.32;60.99;56.00;59.28;3796325;223273456.00
20130703;58.50;63.50;57.55;62.80;4498378;273848960.00
20130704;61.53;62.49;59.59;59.95;3301993;201750784.00
20130705;59.30;62.29;55.00;55.05;4904949;285398432.00
20130708;53.70;53.70;50.00;51.13;2987717;155103312.00
20130709;51.10;52.99;51.00;51.93;1883006;98082632.00
20130710;51.50;52.46;51.00;52.23;1954580;101015008.00
20130711;52.24;53.71;51.46;53.11;2301594;121131184.00
20130712;52.67;54.78;52.40;52.79;2099240;112863272.00
20130715;52.82;54.18;52.58;53.57;1824658;97592248.00
20130716;53.62;58.50;53.32;58.50;4021680;227145552.00
20130717;58.00;58.87;56.72;57.37;2755254;158606448.00
20130718;57.35;60.59;56.80;58.92;2794136;165219984.00
20130719;58.50;59.55;57.01;57.01;1848769;107289496.00
20130722;56.02;58.60;56.02;58.41;1362854;78510072.00
20130723;58.00;59.80;57.57;58.37;1689283;99085440.00
20130724;58.10;59.25;57.57;58.96;1628432;95090984.00
20130725;58.77;59.30;54.70;54.98;1736152;99193504.00
20130726;55.30;56.44;52.60;53.72;1602127;87131384.00
20130729;53.52;54.88;53.00;53.82;828295;44794788.00
20130730;54.04;54.50;50.51;52.50;860533;45470572.00
20130731;52.50;53.75;52.50;52.52;594058;31556972.00
20130801;52.52;54.90;52.52;54.48;1005923;54533760.00
20130802;54.73;55.48;54.50;54.67;861465;47458056.00
20130805;54.80;56.83;54.55;56.73;1063961;59684784.00
20130806;56.70;57.39;55.88;57.13;1182450;66921724.00
20130807;56.66;58.45;56.66;57.85;1330285;76598272.00
20130808;57.59;59.84;57.35;58.30;1365092;80356384.00
20130809;58.34;58.34;55.65;56.88;1457679;82774776.00
20130812;56.87;56.93;55.60;56.50;939136;52727300.00
20130813;56.49;58.00;56.02;57.42;949341;54421584.00
20130814;57.10;57.60;56.10;56.60;840773;47484856.00
20130815;56.30;57.10;54.68;54.92;844223;47156568.00
20130816;54.58;55.38;53.00;53.00;1174054;63422328.00
20130819;52.79;54.98;52.00;54.72;702805;38114632.00
20130820;54.46;55.24;53.80;53.90;649578;35191412.00
20130821;53.90;55.28;53.86;55.04;630431;34587724.00
20130822;54.98;55.23;54.51;54.76;457525;25086962.00
20130823;54.80;55.21;53.43;54.23;719309;39190388.00
20130826;54.15;57.20;53.90;57.12;1438357;80998440.00
20130827;57.09;57.35;56.10;57.21;1192045;67670520.00
20130828;56.95;57.31;55.60;56.32;1142060;64651000.00
20130829;55.77;56.84;55.50;55.70;577857;32363720.00
20130830;55.70;58.88;55.69;57.70;2509419;144730448.00
20130902;57.70;57.80;51.93;53.00;1939315;103429512.00
20130903;52.80;54.59;52.52;53.81;913816;49055704.00
20130904;53.83;57.89;53.01;57.58;1774568;97858976.00
20130905;58.00;59.48;56.50;56.61;2196747;127266256.00
20130906;56.20;56.21;53.45;54.79;1567995;85480744.00
20130909;54.79;55.45;53.70;54.36;1003698;54811508.00
20130910;54.45;55.59;54.12;55.20;959364;52650132.00
20130911;55.00;55.19;53.05;53.30;1177620;63132036.00
20130912;53.00;54.00;53.00;53.27;527015;28117342.00
20130913;53.50;53.76;53.00;53.30;572237;30517468.00
20130916;53.35;54.38;52.79;54.05;715118;38331160.00
20130917;54.59;57.52;54.35;55.55;1900677;106593856.00
20130918;55.20;55.98;53.39;53.97;1051771;56726228.00
20130923;53.96;54.64;52.68;54.11;865502;46489548.00
20130924;54.11;55.02;53.61;54.02;1086480;58996972.00
20130925;53.90;55.85;53.68;54.60;1287154;70919600.00
20130926;54.50;55.44;54.00;54.01;814380;44505680.00
20130927;54.58;56.35;54.20;55.47;1164630;64746452.00
20130930;56.20;58.95;55.51;58.20;1994503;115032704.00
20131008;58.20;60.00;57.56;58.95;1760146;103777120.00
20131009;59.16;63.50;58.60;62.80;2479993;152635760.00
20131010;62.53;62.98;60.58;61.80;1477192;91327272.00
20131011;61.60;63.30;60.79;61.44;1255028;77389416.00
20131014;61.63;62.96;58.27;59.65;2006239;120036648.00
20131015;59.50;60.43;58.58;58.83;1479452;87779320.00
20131016;36.77;40.45;36.77;40.45;3854919;149074224.00
20131017;42.60;43.88;39.00;39.00;7850263;329464608.00
20131018;37.00;39.30;35.10;37.40;5014885;183841728.00
20131021;37.30;37.99;35.60;37.86;3475310;128134656.00
20131022;37.00;41.30;37.00;40.26;4994472;198700944.00
20131023;39.51;41.16;39.00;39.00;3178447;126874880.00
20131024;38.60;39.06;37.60;38.01;1995968;76110216.00
20131025;37.93;39.69;37.65;38.99;2671356;103599432.00
20131028;39.25;41.50;39.25;41.44;3996533;163320608.00
20131029;41.00;42.69;39.01;40.49;3767903;152888704.00
20131030;40.49;41.09;39.49;41.06;2308964;92814592.00
20131031;40.60;41.00;39.18;39.65;2156796;86080704.00
20131101;39.65;40.20;37.60;37.88;2162890;83195016.00
20131104;37.86;38.30;37.01;37.71;1259042;47568516.00
20131105;37.91;39.08;37.91;38.96;1700674;65742120.00
20131106;38.98;40.60;38.84;39.84;2719356;108329152.00
20131107;39.40;40.14;38.33;38.50;2773642;108451616.00
20131108;38.00;38.96;37.21;37.35;3430501;129289616.00
20131111;37.35;38.24;36.42;37.48;2299011;85770480.00
20131112;37.50;38.46;37.10;37.77;2053482;77711560.00
20131113;37.31;37.31;35.55;35.58;2791317;101585504.00
20131114;35.40;36.14;35.12;35.81;1979343;70437640.00
20131115;35.70;36.70;35.70;36.23;1792680;65061776.00
20131118;36.68;36.75;36.18;36.66;2153430;78637808.00
20131119;36.90;37.89;36.68;37.72;3012565;112724568.00
20131120;37.73;37.73;36.72;37.25;1816133;67371144.00
20131121;37.18;37.51;36.70;37.50;1844442;68634824.00
20131122;37.70;38.99;37.70;38.44;3617949;139329712.00
20131125;38.00;38.20;37.23;37.33;1991397;74911800.00
20131126;37.03;37.48;36.67;36.78;1549208;57194940.00
20131127;36.75;37.47;36.50;37.40;1156976;42856748.00
20131128;37.47;38.00;37.20;37.37;1748068;65659912.00
20131129;37.37;38.00;36.94;37.95;2078601;78234048.00
20131202;36.50;37.27;35.30;35.30;2601857;93880376.00
20131203;34.80;36.21;34.60;35.99;1307038;46689588.00
20131204;35.97;36.61;35.60;36.00;1242106;44987164.00
20131205;35.80;36.31;35.39;35.50;1124399;40088664.00
20131206;35.60;36.46;35.30;35.88;651447;23427084.00
20131209;36.26;36.26;35.66;36.00;804948;28933912.00
20131210;35.92;36.18;35.47;35.56;992074;35358404.00
20131211;35.50;35.53;35.00;35.23;854600;30092030.00
20131212;35.25;35.70;35.25;35.30;754892;26794002.00
20131213;35.31;35.96;35.08;35.85;874614;31150574.00
20131216;35.70;35.83;35.00;35.17;728524;25728786.00
20131217;35.25;35.25;33.61;33.80;1898751;64885720.00
20131218;33.82;34.26;33.66;33.89;738735;25038770.00
20131219;34.00;34.41;33.68;33.74;638942;21730230.00
20131220;33.74;33.97;31.90;32.05;1375511;44968500.00
20131223;32.25;32.39;31.03;32.26;804785;25536256.00
20131224;32.30;32.94;32.08;32.71;818183;26745242.00
20131225;32.89;33.35;32.50;33.34;735022;24394108.00
20131226;33.20;33.41;32.40;32.41;818520;26915354.00
20131227;32.73;33.08;32.32;32.76;478842;15712202.00
20131230;33.00;33.28;32.65;32.98;655071;21637594.00
20131231;32.79;33.20;32.63;33.08;467682;15442364.00
20140102;32.90;34.62;32.90;34.30;1520615;51019676.00
20140103;34.04;35.00;33.51;34.79;2269663;77794328.00
20140106;34.50;36.98;31.31;31.68;5107328;167566240.00
20140107;31.30;31.68;30.20;31.00;1789058;55504004.00
20140108;31.04;31.76;31.04;31.36;1062134;33372606.00
20140109;31.36;31.68;30.81;30.88;1175198;36600436.00
20140110;30.88;30.89;29.71;29.80;1314661;39623344.00
20140113;29.82;30.38;29.70;29.96;834756;24994894.00
20140114;29.94;31.35;29.94;31.02;1064167;32534984.00
20140115;31.02;31.41;30.71;30.78;820048;25420578.00
20140116;31.00;31.29;30.81;30.91;616903;19102756.00
20140117;30.96;31.45;30.70;31.12;896823;27859292.00
20140120;30.61;31.18;29.87;30.29;711775;21757756.00
20140121;30.29;30.82;30.28;30.49;450240;13715762.00
20140122;30.65;31.27;30.58;31.18;903228;28099354.00
20140123;31.22;31.47;31.03;31.31;1019089;31890576.00
20140124;31.31;31.85;31.09;31.75;1172836;37110148.00
20140127;31.52;32.04;31.28;31.30;1059899;33407572.00
20140128;31.12;31.76;31.01;31.01;695378;21689576.00
20140129;31.06;31.56;31.06;31.55;532455;16679254.00
20140130;31.56;31.76;31.01;31.16;575071;17952040.00
20140207;30.99;31.25;30.11;31.23;736600;22680110.00
20140210;31.23;32.50;31.20;32.46;1702960;54481072.00
20140211;32.49;33.19;31.97;32.84;1934052;63180360.00
20140212;32.80;32.84;32.02;32.83;1788277;58056448.00
20140213;32.83;33.66;32.83;33.23;2513080;83916568.00
20140214;33.26;34.19;33.26;34.19;2674451;90570880.00
20140217;34.60;34.81;33.88;34.40;2436734;83735656.00
20140218;34.70;34.70;33.73;33.88;1833629;62190512.00
20140219;33.80;34.10;33.13;33.53;1522974;51283300.00
20140220;34.50;36.40;34.19;34.30;3725002;130786672.00
20140221;34.30;34.49;32.78;32.90;2146355;71320048.00
20140224;32.60;33.28;32.41;33.22;963327;31633838.00
20140225;33.22;33.42;30.17;30.98;1799377;58113516.00
20140226;30.80;31.53;30.30;31.40;974257;30302654.00
20140227;31.70;31.84;30.80;30.80;846987;26653220.00
20140228;30.65;32.38;30.41;32.10;930848;29124932.00
20140303;32.10;32.48;31.70;32.24;969696;31203422.00
20140304;32.03;32.03;31.23;31.60;848320;26808506.00
20140305;31.65;31.96;31.49;31.60;624884;19805218.00
20140306;31.60;31.86;31.01;31.65;566121;17800700.00
20140307;31.55;32.56;31.55;31.92;878111;28232458.00
20140310;31.70;31.70;30.50;30.72;779653;24082438.00
20140311;30.85;31.17;30.50;30.70;564829;17361570.00
20140312;30.70;30.80;30.01;30.22;670251;20331328.00
20140313;30.25;30.78;30.10;30.66;410339;12496601.00
20140314;30.60;30.66;30.16;30.45;428931;12989660.00
20140317;30.70;31.04;30.48;31.01;492648;15165190.00
20140318;31.02;31.40;30.85;30.91;519297;16117390.00
20140319;30.91;30.91;30.27;30.56;513842;15642201.00
20140320;30.56;30.57;29.88;29.88;503157;15203571.00
20140321;29.90;30.78;29.80;30.70;537928;16282583.00
20140324;30.90;31.01;30.28;30.35;502997;15343995.00
20140325;30.31;30.99;30.13;30.56;459610;14101375.00
20140326;30.38;30.80;30.38;30.61;329816;10106969.00
20140327;30.42;30.78;30.05;30.05;423419;12812855.00
20140328;30.05;30.39;28.98;28.98;865237;25407196.00
20140331;28.72;29.47;28.70;29.15;391169;11380192.00
20140401;29.14;29.69;28.70;29.50;670600;19520850.00
20140402;29.45;29.99;29.27;29.70;469031;13873384.00
20140403;29.80;30.00;29.45;29.50;397235;11762079.00
20140404;29.52;29.65;28.99;29.50;750950;21953168.00
20140408;29.30;30.04;29.09;30.03;778609;23163114.00
20140409;30.03;30.88;29.91;30.42;713094;21764074.00
20140410;30.42;31.10;30.21;30.90;885856;27329040.00
20140411;30.95;30.95;30.51;30.87;700122;21551704.00
20140414;31.68;33.25;30.88;32.73;1931085;61990532.00
20140415;32.90;34.67;32.51;33.19;3898890;131021840.00
20140416;32.54;34.59;32.50;34.11;3458680;116900808.00
20140417;36.00;36.00;34.00;34.01;4127225;143725984.00
20140418;34.00;34.00;32.92;33.10;2146674;71548568.00
20140421;32.56;33.25;32.45;32.56;1647692;54123144.00
20140422;32.22;32.60;30.89;31.40;2210299;69523464.00
20140423;31.11;31.54;30.91;31.35;953449;29707126.00
20140424;31.30;31.43;30.70;30.71;740352;22996094.00
20140425;30.51;31.54;30.51;30.87;873359;27135970.00
20140428;30.48;30.86;29.80;29.83;695110;20918020.00
20140429;29.81;31.45;29.81;31.23;746441;22868734.00
20140430;31.45;31.47;31.03;31.22;780598;24422874.00
20140505;31.22;31.23;30.60;31.20;599051;18548876.00
20140506;31.47;32.84;31.11;32.74;1644501;52727172.00
20140507;32.70;32.70;31.88;31.88;1343228;43295800.00
20140508;31.83;32.98;31.82;32.23;1402869;45610204.00
20140509;32.03;32.58;31.55;32.19;923646;29566440.00
20140512;32.33;32.85;32.32;32.45;1157544;37691300.00
20140513;32.61;33.60;32.41;33.37;1943948;64511072.00
20140514;33.12;33.28;32.72;32.83;890888;29311940.00
20140515;32.83;33.12;32.20;32.22;1149412;37387404.00
20140516;32.20;32.21;31.42;31.98;733283;23354122.00
20140519;32.00;32.30;31.58;32.16;669227;21401112.00
20140520;32.35;33.05;32.35;32.98;1450561;47663676.00
20140521;33.24;35.89;33.20;34.77;5200267;179837440.00
20140522;35.02;37.85;35.00;36.08;7278836;264203120.00
20140523;35.96;36.00;34.31;35.15;4035586;140764016.00
20140526;17.45;17.93;17.11;17.29;7358642;128723952.00
20140527;17.35;18.89;17.33;18.51;14986775;271847904.00
20140528;18.08;18.44;17.62;18.31;10548417;190446016.00
20140529;18.40;20.14;18.32;20.14;19384381;382601920.00
20140530;20.75;22.15;20.55;22.15;37054559;803246208.00
20140603;22.61;22.80;21.45;22.09;25742663;568090752.00
20140604;21.87;22.03;21.11;21.94;18248502;392776800.00
20140605;21.78;24.13;21.46;24.13;22348792;512531008.00
20140606;25.35;25.99;23.73;23.80;29090786;713496128.00
20140609;23.00;23.47;22.33;22.84;17889571;409240480.00
20140610;22.81;24.30;22.51;23.80;18455427;431987104.00
20140611;23.50;23.50;22.75;23.22;12955300;299639168.00
20140612;22.88;24.80;22.70;23.68;19682091;467634144.00
20140613;23.20;23.36;22.80;23.15;13803899;318149024.00
20140616;23.50;24.07;23.20;23.38;13052555;308313280.00
20140617;23.15;23.78;22.80;23.50;10048691;233579792.00
20140618;23.28;23.40;22.37;22.38;9545486;217779344.00
20140619;22.38;22.38;20.14;20.34;12154641;256362864.00
20140620;20.05;20.58;20.03;20.53;6177361;125438408.00
20140623;20.61;20.95;20.60;20.83;6027023;125172872.00
20140624;20.84;21.45;20.50;21.19;6190684;130780112.00
20140625;21.26;21.66;21.05;21.35;6044840;129499248.00
20140626;21.60;21.94;21.36;21.50;7138173;154744912.00
20140627;21.51;21.63;20.83;21.25;5959402;125909976.00
20140630;21.00;21.30;20.68;21.20;4674101;98285728.00
20140701;21.00;21.80;21.00;21.33;5319237;114252984.00
20140702;21.19;21.30;20.89;21.06;4816120;101349992.00
20140703;21.06;21.06;20.72;20.81;4632549;96601984.00
20140704;20.81;21.19;20.81;20.93;3507239;73744792.00
20140707;20.86;20.88;20.20;20.37;4478830;91634728.00
20140708;20.38;20.73;20.08;20.73;3702773;75309896.00
20140709;20.72;20.88;20.05;20.05;3683061;75002776.00
20140710;20.16;20.37;20.05;20.11;2333540;47042844.00
20140711;20.27;20.64;20.03;20.24;3405381;69152896.00
20140714;20.22;20.27;19.60;20.05;4270607;84777856.00
20140715;20.13;20.34;19.91;20.00;2964644;59632152.00
20140716;19.99;20.40;19.80;20.40;3738056;75034672.00
20140717;20.38;20.38;20.00;20.05;2471528;49772500.00
20140718;20.01;20.06;19.82;19.86;2280759;45411780.00
20140721;19.80;19.81;18.77;18.99;4002951;76700448.00
20140722;19.05;19.09;18.69;18.96;3717136;70239888.00
20140723;18.85;19.40;18.82;18.96;2797753;53388276.00
20140724;18.97;19.10;18.30;18.58;3049568;56775344.00
20140725;18.58;19.00;18.50;18.98;2184331;41007808.00
20140728;19.20;19.75;19.00;19.68;4610611;89748304.00
20140729;19.74;19.80;19.46;19.65;3891225;76403832.00
20140730;19.66;21.62;19.60;21.62;18010042;378685216.00
20140731;21.58;21.58;20.89;21.17;10323055;218189024.00
20140801;20.99;20.99;20.36;20.55;6795697;140801056.00
20140804;20.43;20.96;20.38;20.93;4138921;86209368.00
20140805;21.06;21.06;20.56;20.85;3940992;81697712.00
20140806;20.90;21.26;20.75;20.91;4124772;86628032.00
20140807;20.92;21.78;20.74;21.15;7350950;157315696.00
20140808;20.96;21.31;20.83;21.03;3372090;70869352.00
20140811;21.25;21.29;20.86;21.10;3435089;72393912.00
20140812;21.11;21.75;20.72;21.63;7305472;154895888.00
20140813;22.03;22.50;21.50;21.76;11583974;255480928.00
20140814;21.51;21.55;21.16;21.18;5878264;125181592.00
20140815;21.00;21.39;20.88;21.22;3655441;77237104.00
20140818;21.13;21.48;21.13;21.41;3666514;78289608.00
20140819;21.47;21.99;21.40;21.89;6759908;147202336.00
20140820;22.00;22.02;21.66;21.77;4512367;98488376.00
20140821;21.80;21.94;21.34;21.64;3835016;82994088.00
20140822;21.64;21.93;21.45;21.65;4051865;87840288.00
20140825;21.64;21.68;21.29;21.30;3030328;64963832.00
20140826;21.47;21.64;20.37;20.52;3804615;80016728.00
20140827;20.50;20.70;20.33;20.39;2633686;53979748.00
20140828;20.39;21.95;20.30;20.86;5743511;122310904.00
20140829;20.83;20.86;20.36;20.75;3048702;62555224.00
20140901;20.70;21.09;20.56;21.08;2289125;47815060.00
20140902;21.10;21.47;21.10;21.42;3800302;81049072.00
20140903;21.45;21.84;21.40;21.65;4857431;104928016.00
20140904;21.80;21.87;21.46;21.78;5937381;128918016.00
20140905;21.78;21.85;21.46;21.58;4696577;101428112.00
20140909;21.57;21.71;21.47;21.62;3522453;76061640.00
20140910;21.62;21.79;21.41;21.79;4411479;95216448.00
20140911;21.86;21.97;21.58;21.68;6637938;144579712.00
20140912;21.75;22.85;21.60;22.49;11592703;258743200.00
20140915;22.50;22.93;22.23;22.70;9020494;204102768.00
20140916;22.87;22.88;21.50;21.55;7532954;166952864.00
20140917;21.42;21.74;21.04;21.66;3952891;84850328.00
20140918;21.57;21.60;21.22;21.40;3229432;69037256.00
20140919;21.45;21.77;21.22;21.69;3192254;68666352.00
20140922;21.50;22.06;21.45;21.98;4734803;103255960.00
20140923;22.04;22.45;22.03;22.21;6468164;143916224.00
20140924;22.14;22.48;21.85;22.32;6283739;139872128.00
20140925;22.33;22.44;21.85;21.91;5281024;116887896.00
20140926;21.85;22.35;21.65;22.28;4244225;93890600.00
20140929;22.31;22.56;22.24;22.45;5179783;116030848.00
20140930;22.46;23.96;22.38;23.23;9958523;231390320.00
20141008;23.23;23.44;22.80;23.29;6295404;145729984.00
20141009;23.29;24.80;22.95;24.28;12568653;300152160.00
20141010;24.00;24.67;23.75;24.30;8907105;216333664.00
20141013;24.29;24.36;23.76;24.30;5735055;138014320.00
20141014;24.00;24.58;23.51;23.63;6425655;155190352.00
20141015;23.63;23.86;22.99;23.44;4295677;100181928.00
20141016;23.10;23.35;22.97;22.99;3933659;90996960.00
20141017;22.90;23.15;22.10;22.49;3891125;87893080.00
20141020;22.51;22.98;22.41;22.96;2517239;57420764.00
20141021;23.07;23.20;22.80;22.85;2244408;51612076.00
20141022;22.88;23.20;22.51;22.52;2895312;66355756.00
20141023;22.53;22.73;21.70;21.82;3128745;69018248.00
20141024;21.81;22.11;21.74;21.94;1677262;36747460.00
20141027;21.90;22.25;21.61;22.13;1421959;31310396.00
20141028;22.16;22.79;22.16;22.79;2335208;52626672.00
20141029;22.79;23.46;22.59;23.45;6776910;156933136.00
20141030;23.22;24.15;23.22;23.65;10778623;255068304.00
20141031;23.64;24.00;23.28;23.50;5152294;121373736.00
20141103;23.49;23.89;23.41;23.55;4607076;109105784.00
20141104;23.64;23.98;22.90;23.16;4416372;103404928.00
20141105;23.20;23.28;22.82;22.96;3077689;70723536.00
20141106;22.98;23.75;22.75;23.65;3673302;85359016.00
20141107;23.65;24.22;23.50;23.79;8345146;199670064.00
20141110;24.50;25.97;24.30;25.20;13797456;345546496.00
20141111;24.91;25.13;23.86;24.29;8628158;211229232.00
20141112;24.25;24.48;23.71;24.14;4680810;112335824.00
20141113;24.09;24.98;23.78;24.82;9502854;233155920.00
20141114;24.67;24.67;23.90;24.03;5063658;122991792.00
20141117;24.11;24.32;23.79;24.15;3705164;89236400.00
20141118;24.15;24.90;24.01;24.79;5624568;138001744.00
20141119;24.80;25.05;24.44;24.97;5194090;128672104.00
20141120;24.76;24.81;24.51;24.56;3216539;79367312.00
20141121;24.56;25.58;24.55;25.29;7992318;202017424.00
20141218;26.00;26.70;23.77;24.18;20183705;511256928.00
20141219;24.13;24.15;21.88;22.06;10368645;232701568.00
20141222;22.10;22.38;19.85;19.90;7896458;159966896.00
20141223;19.61;20.48;19.50;20.00;3994011;80502048.00
20141224;20.30;21.31;20.25;20.94;4530440;94660016.00
20141225;21.34;21.36;20.50;20.70;3291766;68145944.00
20141226;20.80;20.85;20.03;20.24;3782461;76814512.00
20141229;19.81;22.19;19.80;21.38;6922482;145110640.00
20141230;21.15;21.36;20.46;20.56;3080445;64043272.00
20141231;20.47;20.96;20.18;20.59;2060501;42289596.00
20150105;20.59;20.99;20.20;20.83;3755613;77572800.00
20150106;20.97;22.30;20.97;21.70;5743650;124885296.00
20150107;21.65;21.65;21.00;21.35;2936013;62394440.00
20150108;21.36;21.98;21.36;21.55;3913599;84977368.00
20150109;21.55;21.75;21.05;21.05;2758144;58699988.00
20150112;21.05;21.05;20.20;20.23;2462537;50283608.00
20150113;20.60;20.60;20.21;20.42;1797006;36599348.00
20150114;20.36;20.59;20.01;20.11;1836117;37023532.00
20150115;20.17;20.47;20.17;20.35;1548974;31486362.00
20150116;20.37;20.51;20.10;20.45;2248908;45728776.00
20150119;19.84;20.35;19.51;19.93;3005829;60128756.00
20150120;19.93;20.65;19.93;20.62;3162277;64239668.00
20150121;20.68;21.10;20.61;21.06;3350228;70069888.00
20150122;21.20;21.24;20.79;21.17;3279553;68897160.00
20150123;21.17;21.36;20.81;20.89;2745361;57761360.00
20150126;20.75;21.15;20.75;21.06;2526256;52976456.00
20150127;21.06;21.50;20.79;21.47;4817635;101892256.00
20150128;21.40;21.60;21.26;21.34;3079201;65816460.00
20150129;21.02;21.24;20.96;21.08;1712410;36122656.00
20150130;21.08;21.26;20.92;20.94;1813784;38251344.00
20150202;20.90;20.90;20.49;20.65;1571439;32563194.00
20150203;20.65;20.94;20.62;20.87;1316193;27386442.00
20150204;21.10;21.21;20.90;20.93;1730233;36408548.00
20150205;21.10;21.17;20.50;20.50;1929304;39989412.00
20150206;20.50;20.73;20.30;20.36;1614249;32996086.00
20150209;20.22;20.49;20.19;20.33;985094;20029106.00
20150210;20.34;20.44;20.19;20.34;1503037;30506206.00
20150211;20.30;20.44;20.24;20.37;1127934;22964634.00
20150212;20.40;20.98;20.39;20.84;2396592;49960704.00
20150213;20.98;21.36;20.89;21.28;3290488;69700896.00
20150216;21.40;21.41;21.10;21.28;2493017;53079688.00
20150217;21.40;21.40;21.14;21.33;1937659;41237248.00
20150225;21.40;21.80;21.22;21.63;3634398;78425384.00
20150226;21.49;21.97;21.48;21.75;3001128;65330632.00
20150227;21.79;22.15;21.74;21.77;3465938;75771072.00
20150302;21.81;23.14;21.81;22.72;7545012;169416384.00
20150303;22.31;23.00;22.30;22.57;5322868;120724352.00
20150304;22.65;22.88;22.30;22.65;3558575;80329480.00
20150305;22.68;22.68;22.20;22.26;3487613;77890048.00
20150306;22.27;22.89;22.02;22.85;5606705;126781496.00
20150309;22.53;23.21;22.51;23.16;5587931;128469584.00
20150310;22.90;23.20;22.71;22.90;3674995;84290320.00
20150311;22.85;23.07;22.32;22.36;3690357;83678496.00
20150312;22.50;22.90;22.26;22.33;2960223;66602184.00
20150313;22.57;22.68;22.32;22.54;1999026;44846092.00
20150316;22.58;23.19;22.58;23.13;5465568;125267952.00
20150317;23.15;23.72;23.00;23.38;6993534;163697424.00
20150318;23.38;23.97;23.06;23.84;6594246;155608496.00
20150319;23.78;24.33;23.51;24.18;7258135;174109024.00
20150320;24.10;24.33;23.80;24.17;5500406;132076808.00
20150323;24.48;24.85;24.13;24.81;7362784;179652352.00
20150324;24.85;25.94;24.51;25.79;11614521;294348000.00
20150325;27.00;28.37;26.01;27.64;11452181;316020512.00
20150326;27.38;27.38;26.21;26.39;9189877;245873184.00
20150327;26.37;26.70;26.31;26.60;4143764;109921232.00
20150330;27.10;28.39;27.05;27.24;8946302;246454144.00
20150331;27.24;27.36;26.65;26.67;6327717;169968624.00
20150401;26.73;27.51;26.33;27.27;6418774;173642768.00
20150402;27.28;28.35;27.18;28.30;7307204;202107040.00
20150403;28.00;30.68;27.51;29.50;9316241;272859648.00
20150407;29.45;30.43;29.01;29.63;7178106;212343712.00
20150408;29.66;30.03;28.42;28.82;6798494;198110768.00
20150409;28.86;29.00;26.70;27.74;6652317;183261328.00
20150410;27.50;28.49;27.31;28.33;4874182;137350768.00
20150413;28.38;29.48;27.87;28.89;6673675;190555808.00
20150414;28.88;29.38;28.40;29.12;6529583;188558400.00
20150415;29.12;29.14;27.30;27.60;4514117;127156656.00
20150416;27.00;28.18;26.55;27.63;3692015;101331216.00
20150417;28.10;28.20;27.48;27.80;4061792;113354704.00
20150420;27.96;29.30;27.30;28.53;9527813;272298208.00
20150421;28.51;29.23;28.10;29.08;6909821;198273888.00
20150422;29.38;29.53;28.95;29.09;7771504;226471696.00
20150423;29.01;29.09;28.61;28.70;6154877;177154160.00
20150424;28.79;30.65;28.58;30.20;11459222;341839136.00
20150427;30.18;30.88;29.53;29.83;7247637;217344640.00
20150428;29.85;30.00;28.30;28.91;6050725;174548624.00
20150429;28.90;29.28;27.90;28.98;3989641;114876440.00
20150430;16.06;17.51;15.70;16.97;14620180;242810784.00
20150504;16.97;17.44;16.58;16.83;12257761;208097936.00
20150505;16.83;17.33;16.67;17.10;17066538;290363968.00
20150506;17.18;17.19;16.10;16.16;13153634;218447328.00
20150507;16.17;16.33;14.80;14.94;11253000;172213024.00
20150508;15.03;15.54;14.90;15.42;10608567;160887360.00
20150511;15.73;15.94;15.30;15.86;10747654;168447664.00
20150512;16.00;16.30;15.75;16.25;12864326;205700352.00
20150513;16.01;16.27;15.86;16.01;11397475;183085440.00
20150514;15.96;16.48;15.84;16.46;13560306;219254400.00
20150515;16.35;17.13;16.23;16.43;17712330;293985568.00
20150518;16.43;17.35;16.28;17.07;20611401;348922048.00
20150519;17.08;17.48;16.70;17.25;16756102;286397600.00
20150520;17.26;18.02;17.00;17.68;22143705;388628032.00
20150521;17.68;18.96;17.39;18.86;22175294;401911840.00
20150522;19.13;19.22;18.01;18.43;23592990;437544704.00
20150525;18.22;19.03;17.99;18.93;19630666;362542944.00
20150526;18.94;19.75;18.61;19.60;19896118;382225792.00
20150527;19.60;20.21;19.00;20.05;24318047;476274368.00
20150528;19.90;20.25;18.05;18.28;23170708;446917760.00
20150529;18.10;18.60;17.00;17.72;18140542;323489504.00
20150601;17.83;18.57;17.54;18.45;13612727;247095376.00
20150602;18.45;20.15;18.21;19.73;20274834;385601920.00
20150603;20.15;20.16;19.00;19.53;19364724;380925600.00
20150604;19.53;19.73;18.00;19.34;12944362;246523600.00
20150605;19.40;21.27;19.40;21.27;31671225;642469376.00
20150608;21.90;21.90;20.50;20.67;22081912;462002464.00
20150609;20.42;21.12;20.29;20.45;13053782;268716128.00
20150610;20.45;21.16;19.70;20.71;16018519;330039744.00
20150611;20.81;20.98;20.28;20.96;14995212;309657344.00
20150612;21.08;21.88;20.71;21.40;19901303;423369824.00
20150615;21.30;21.79;20.60;20.70;14262354;301426752.00
20150616;20.30;20.70;19.30;20.59;15167380;303863136.00
20150617;20.49;20.90;19.71;20.82;14045764;285340000.00
20150618;20.80;21.60;20.38;20.54;14586932;306835776.00
20150619;20.00;20.10;18.49;18.80;13806761;267477920.00
20150623;18.81;19.00;17.00;18.21;11004729;196888816.00
20150624;18.06;18.81;18.06;18.70;9828619;182146160.00
20150625;18.70;18.95;17.00;17.90;7979330;147769072.00
20150626;17.20;17.53;16.11;16.11;8323637;137614640.00
20150629;16.59;16.70;14.50;14.50;10657674;161407648.00
20150630;14.07;15.30;13.05;15.17;11190271;157223552.00
20150701;15.12;15.78;13.84;14.16;9071976;137643408.00
20150702;14.09;14.29;12.74;12.80;9876031;131269448.00
20150703;12.40;12.92;11.52;11.53;9930459;117449952.00
20150706;12.68;12.68;10.46;11.02;12123125;139151072.00
20150707;10.75;10.75;9.92;9.92;7440098;74848016.00
20150708;8.93;10.48;8.93;10.26;18663485;179074624.00
20150709;10.00;11.29;9.50;11.29;8595334;93510336.00
20150710;12.00;12.42;12.00;12.42;6449020;79530016.00
20150713;13.40;13.66;13.00;13.66;10289873;138061744.00
20150714;14.05;14.65;13.31;13.73;16121791;225590432.00
20150715;13.50;13.55;12.36;12.36;10694033;137642256.00
20150716;12.36;13.20;11.45;12.90;7414757;94103512.00
20150717;12.92;13.98;12.92;13.64;6118662;82865536.00
20150720;13.65;14.11;13.36;13.80;7103438;98220368.00
20150721;13.50;14.05;13.36;14.04;7003496;96721576.00
20150722;14.00;14.14;13.52;14.02;6769151;94485440.00
20150723;13.72;14.50;13.72;14.38;9050717;128149184.00
20150724;14.41;14.50;13.81;14.33;10604335;151031872.00
20150727;14.00;14.29;12.90;12.90;6408819;87726496.00
20150728;11.65;12.99;11.63;12.42;7924150;96668120.00
20150729;12.50;13.20;12.10;13.17;4437747;56027396.00
20150730;13.11;13.28;12.60;13.00;4599534;60101880.00
20150731;12.73;12.99;12.36;12.60;3059630;38841704.00
20150803;12.58;12.70;12.00;12.43;3853396;47318204.00
20150804;12.30;13.34;12.30;13.23;5211716;66981104.00
20150805;13.25;13.37;12.81;12.85;4271444;55981676.00
20150806;12.50;13.00;12.39;12.68;3042379;38686944.00
20150807;12.86;13.24;12.86;13.09;4940850;64562124.00
20150810;13.26;13.86;13.15;13.62;8099446;109250904.00
20150811;13.58;13.96;13.44;13.79;7747675;106588376.00
20150812;13.62;14.24;13.50;13.99;8066179;112486448.00
20150813;13.97;14.10;13.50;14.08;7196716;99446712.00
20150814;14.12;14.87;13.85;14.49;13267022;190836992.00
20150817;14.50;15.69;14.07;15.60;17638587;264295248.00
20150818;15.60;15.70;14.04;14.04;14314528;213757168.00
20150819;13.45;15.37;13.28;15.18;14076502;202355344.00
20150820;14.90;15.39;14.42;14.46;11793744;176089840.00
20150821;14.06;14.18;13.20;13.26;6739482;92512408.00
20150824;12.33;12.94;11.93;11.93;4327907;52207044.00
20150825;10.75;11.00;10.74;10.74;4763697;51266072.00
20150826;10.74;11.20;9.90;9.98;8034635;84755904.00
20150827;10.11;10.68;9.72;10.43;4208324;43174556.00
20150828;10.60;11.47;10.48;11.47;7617214;84123896.00
20150831;11.47;11.50;11.00;11.07;6726887;75193304.00
20150901;11.00;11.07;10.00;10.19;3823504;39832128.00
20150902;9.70;10.53;9.51;9.88;3054148;30546082.00
20150907;10.06;10.55;10.06;10.48;2786000;28746442.00
20150908;10.70;11.52;10.21;11.43;5043460;54795724.00
20150909;11.52;12.18;11.35;11.78;7741304;90659264.00
20150910;11.50;11.97;11.29;11.36;4982566;57722780.00
20150911;11.30;11.85;11.16;11.85;4803671;55398952.00
20150914;11.90;12.00;10.67;10.67;5275595;59555520.00
20150915;10.31;10.45;9.60;9.61;4971638;49473712.00
20150916;9.88;10.57;9.70;10.44;4099068;41453816.00
20150917;10.38;10.99;10.15;10.42;5213346;55121252.00
20150918;10.40;10.69;10.25;10.39;3226874;33597944.00
20150921;10.30;10.80;10.15;10.71;3635419;38452176.00
20150922;10.75;11.10;10.67;10.92;5261660;57425284.00
20150923;10.75;11.30;10.56;11.10;7359063;81628232.00
20150924;10.99;11.37;10.93;11.36;5713507;64063200.00
20150925;11.30;11.31;10.58;10.68;4843160;52812464.00
20150928;10.65;10.80;10.29;10.77;2268431;24113060.00
20150929;10.50;10.67;10.30;10.42;1985401;20880356.00
20150930;10.63;10.73;10.41;10.49;1477686;15571002.00
20151008;10.85;10.99;10.68;10.93;2992696;32558578.00
20151009;11.00;11.19;10.86;11.09;3430848;37742860.00
20151012;11.09;11.66;11.00;11.60;6520501;74486600.00
20151013;11.50;11.91;11.38;11.77;5618947;65507068.00
20151014;11.73;12.77;11.70;12.09;10864684;132458464.00
20151015;12.12;12.57;11.90;12.50;8205737;100391384.00
20151016;12.68;13.00;12.22;12.54;9549812;120499952.00
20151019;12.36;12.56;12.00;12.35;7244706;88999232.00
20151020;12.30;12.58;12.11;12.55;6708765;82999408.00
20151021;12.46;12.61;11.36;11.42;6933167;83724216.00
20151022;11.36;11.80;11.21;11.74;4928678;56858760.00
20151023;11.76;12.58;11.75;12.33;7887232;94925976.00
20151026;12.45;12.45;12.08;12.22;7152831;87596248.00
20151027;12.23;12.38;11.68;12.35;5678548;68748904.00
20151028;12.65;13.59;12.65;13.59;9331129;125598824.00
20151029;13.99;14.93;13.81;14.30;29405157;422784736.00
20151030;13.92;13.96;13.31;13.64;15835650;216203280.00
20151102;13.00;13.39;12.69;12.74;11394371;148990480.00
20151103;12.78;13.35;12.66;13.18;9511277;123934440.00
20151104;13.14;13.96;13.07;13.90;12743296;172622944.00
20151105;13.81;13.97;13.38;13.68;13568259;186106160.00
20151106;13.60;14.11;13.50;13.99;9621337;133754952.00
20151109;13.87;14.60;13.73;14.44;14573936;207565104.00
20151110;14.39;15.57;14.17;15.31;16945216;253876448.00
20151111;15.16;15.16;14.72;14.97;10543578;157193696.00
20151112;15.00;15.13;14.43;14.50;11222998;165427120.00
20151113;14.39;14.39;13.95;14.00;8398013;118524936.00
20151116;13.75;14.72;13.70;14.72;7252741;104232296.00
20151117;14.72;15.03;14.20;14.24;11629023;170488432.00
20151118;14.18;14.56;13.80;13.91;6482713;91106512.00
20151119;13.93;14.29;13.90;14.27;5108536;72114296.00
20151120;14.00;14.54;13.95;14.36;7547727;107104600.00
20151123;14.34;14.73;14.16;14.52;7898650;114574792.00
20151124;14.48;14.71;14.16;14.69;5283001;76272728.00
20151125;14.70;14.79;14.48;14.70;6813131;99782080.00
20151126;14.75;14.78;14.11;14.15;7635335;110194136.00
20151127;14.15;14.15;12.79;12.80;9882055;133252464.00
20151130;12.81;13.10;12.33;13.02;5609360;71769496.00
20151201;13.02;13.27;12.86;13.13;4051226;53098984.00
20151202;13.15;13.15;12.64;13.05;2971861;38425448.00
20151203;13.10;13.34;13.08;13.33;3719383;49137908.00
20151204;13.63;14.50;13.60;14.00;10943184;153170592.00
20151207;13.80;14.20;13.75;14.20;7428732;103772560.00
20151208;14.49;15.09;14.20;14.82;18901203;277357120.00
20151209;14.40;14.50;13.72;13.95;12675964;176751296.00
20151210;13.78;14.41;13.76;14.23;10865665;153347920.00
20151211;14.11;14.20;13.48;13.60;7176207;98522408.00
20151214;13.50;14.00;13.32;13.94;5386545;74586880.00
20151215;13.86;14.50;13.86;14.33;6735401;96079600.00
20151216;14.32;14.94;14.30;14.42;8362534;122529904.00
20151217;14.42;14.93;14.42;14.82;7723862;113616344.00
20151218;14.90;14.90;14.40;14.67;7820294;114353616.00
20151221;14.69;15.10;14.53;15.05;8750158;130311248.00
20151222;15.09;15.25;14.81;14.97;6118800;91589936.00
20151223;14.95;15.07;14.50;14.56;5833235;85950528.00
20151224;14.55;14.87;14.50;14.70;4334276;63656072.00
20151225;14.78;14.84;14.35;14.81;5755452;83501408.00
20151228;14.75;14.85;14.38;14.64;5776704;84505360.00
20151229;14.60;14.62;14.32;14.58;3523371;50931260.00
20151230;14.60;15.19;14.51;15.10;11313571;168748560.00
20151231;14.99;15.21;14.50;14.57;8083247;119387568.00
20160104;14.48;14.48;13.11;13.11;4914929;67736424.00
20160105;11.88;13.10;11.88;12.61;6152927;77925648.00
20160106;12.70;13.20;12.70;13.07;3783274;48942516.00
20160107;12.89;12.89;11.76;11.76;1314462;16060409.00
20160108;12.35;12.35;10.58;11.80;6635890;78231696.00
20160111;11.50;11.59;10.62;10.62;4614466;51494412.00
20160112;10.70;10.97;10.34;10.87;3524660;37725248.00
20160113;11.02;11.15;10.50;10.65;3452725;37670316.00
20160114;10.54;11.27;10.36;11.25;3258153;35656544.00
20160115;11.10;11.29;10.77;10.80;2862553;31575258.00
20160118;10.60;11.20;10.57;11.02;2814190;31068784.00
20160119;10.96;11.38;10.96;11.32;3872096;43380444.00
20160120;11.33;11.68;11.28;11.45;4218074;48243512.00
20160121;11.18;11.57;11.04;11.19;3207095;36397620.00
20160122;11.23;11.34;10.44;11.19;2868892;31772432.00
20160125;11.22;11.45;11.12;11.23;2224542;25113792.00
20160126;11.20;11.21;10.11;10.11;4124447;43749248.00
20160127;10.62;10.62;9.53;9.97;3503197;34868308.00
20160128;9.97;10.11;9.60;9.71;1788435;17608886.00
20160129;9.79;10.18;9.72;10.10;2472433;24839082.00
20160201;10.18;10.18;9.88;10.09;1791235;17918228.00
20160202;10.09;10.43;10.09;10.43;2674603;27638404.00
20160203;10.33;10.60;10.21;10.60;2460493;25772554.00
20160204;10.99;11.24;10.63;10.79;3546739;38625016.00
20160205;10.80;10.80;10.60;10.67;1604766;17218188.00
20160215;10.80;11.74;10.51;11.74;9168910;104223672.00
20160216;12.01;12.90;12.01;12.66;11835606;148630608.00
20160217;12.39;12.77;12.22;12.53;8170331;102184944.00
20160218;12.79;13.15;12.41;12.78;9923220;127680080.00
20160219;12.78;13.58;12.57;13.32;8193128;107350384.00
20160222;13.55;14.37;13.55;14.06;9935295;139492672.00
20160223;13.78;14.10;13.60;13.85;5344044;73951880.00
20160224;13.90;14.47;13.70;13.98;6581265;92555984.00
20160225;13.98;14.15;12.58;12.80;9406741;125960936.00
20160226;13.50;13.50;12.61;13.27;4118348;53910048.00
20160229;13.13;13.13;11.94;11.94;5600700;68289368.00
20160301;12.08;12.58;11.90;12.43;4542763;55659900.00
20160302;12.53;13.67;12.45;13.67;8173977;110105776.00
20160303;13.73;14.40;13.73;13.78;9593703;135074432.00
20160304;13.93;13.99;13.07;13.59;5667289;77562072.00
20160307;13.89;14.38;13.66;14.25;6708762;95035520.00
20160308;14.20;14.39;13.61;14.31;6390397;90060960.00
20160309;14.00;14.03;13.65;13.69;4136329;57215680.00
20160310;13.88;13.99;13.37;13.48;3288599;45038640.00
20160311;13.38;13.75;13.16;13.64;2216955;29955742.00
20160314;13.69;14.56;13.69;14.23;5442428;77396336.00
20160315;14.16;14.44;14.09;14.17;4380968;62400108.00
20160316;14.38;14.40;13.82;13.96;4812487;67707512.00
20160317;13.96;14.66;13.96;14.55;7071193;101940440.00
20160318;14.80;16.00;14.68;15.79;13464658;208191632.00
20160321;15.81;16.40;15.46;15.79;12354376;195506480.00
20160322;15.60;17.15;15.28;16.84;13096510;213773936.00
20160323;16.65;17.09;16.45;16.70;8278904;139221760.00
20160324;16.50;16.68;15.70;15.83;10237339;164666736.00
20160325;16.01;16.12;15.36;15.89;5891156;92759056.00
20160328;15.89;16.19;15.62;15.70;5831002;92865272.00
20160329;15.70;16.03;15.55;15.77;5589507;88114096.00
20160330;15.80;16.42;15.80;16.23;6528448;105344560.00
20160331;16.20;17.12;16.19;16.90;11825101;199167600.00
20160401;16.89;17.54;16.44;17.48;12074572;207012352.00
20160405;17.47;17.89;16.86;17.42;10648126;184704640.00
20160406;17.25;17.36;15.89;16.52;24318287;403381792.00
20160407;16.24;16.59;16.12;16.20;7803903;127514816.00
20160408;16.00;16.69;15.65;16.40;7178346;116240384.00
20160411;16.39;16.80;16.20;16.40;7070761;116639560.00
20160412;16.26;16.55;16.08;16.37;3671315;59790748.00
20160413;16.51;16.76;16.32;16.48;5447848;90304856.00
20160414;16.55;16.68;16.18;16.63;4134099;68076984.00
20160415;16.76;17.55;16.57;17.19;9619894;165357680.00
20160418;17.15;17.15;16.49;16.58;5065303;84431888.00
20160419;16.60;16.85;16.10;16.32;3765814;61460432.00
20160420;16.31;16.52;14.69;14.80;9873911;150161856.00
20160421;14.86;15.24;14.36;14.56;8429895;126085312.00
20160422;14.63;14.97;14.26;14.90;3888211;56446608.00
20160425;14.53;15.20;14.41;14.86;3478736;51447372.00
20160426;14.79;14.99;14.51;14.97;4363877;64313452.00
20160427;14.89;15.02;14.71;14.73;2834425;42187844.00
20160428;14.73;14.80;14.00;14.28;5167454;74046800.00
20160429;14.21;14.36;13.89;14.12;4862120;68466240.00
20160503;14.10;14.94;14.01;14.84;7868363;113218232.00
20160504;14.73;14.77;14.46;14.52;4912267;71817728.00
20160505;14.52;14.54;14.24;14.54;3400744;48911008.00
20160506;14.54;14.68;13.80;13.90;4692148;66474812.00
20160509;13.76;13.76;12.51;12.51;7426705;95645952.00
20160510;12.18;12.51;11.89;12.26;4693959;57318432.00
20160511;12.39;12.44;11.99;12.20;5159908;63122012.00
20160512;12.04;12.62;11.78;12.48;3603314;43726908.00
20160513;12.30;12.58;12.21;12.48;2798489;34764068.00
20160516;12.21;12.54;12.21;12.48;2532409;31448922.00
20160517;12.48;12.64;12.38;12.48;3213221;40239036.00
20160518;12.45;12.78;12.30;12.57;4395740;55002596.00
20160519;12.57;13.43;12.45;13.18;7907682;103347480.00
20160520;13.11;13.51;12.80;13.35;5099911;67287640.00
20160523;13.32;13.63;13.19;13.29;3580513;47881104.00
20160524;13.35;13.40;12.95;13.30;3188393;42025152.00
20160525;13.38;13.52;13.03;13.08;3281454;43242520.00
20160526;12.93;13.20;12.31;13.17;6480568;82491488.00
20160527;13.17;13.38;13.09;13.10;3033828;40068176.00
20160530;12.78;14.23;12.65;13.80;9366611;127780632.00
20160531;14.10;14.29;13.81;14.22;7386870;104491224.00
20160601;14.33;14.55;14.10;14.21;4781541;68413704.00
20160602;14.11;14.40;13.98;14.10;3558415;50307064.00
20160603;14.12;14.20;13.92;14.06;3546178;49843196.00
20160606;14.10;14.43;14.08;14.17;3187488;45314800.00
20160607;14.09;14.19;13.96;14.11;2206560;30982522.00
20160608;14.20;14.20;13.80;13.98;2703974;37649476.00
20160613;13.79;14.11;13.35;13.35;2946780;40493984.00
20160614;13.53;13.53;13.23;13.38;1851449;24790360.00
20160615;13.31;14.72;13.22;14.16;3822245;54048172.00
20160616;14.17;14.30;14.00;14.08;2796217;39484260.00
20160617;14.22;14.24;13.78;14.05;2796599;39246416.00
20160620;13.96;14.14;13.75;13.84;2432173;33774136.00
20160621;13.97;14.04;13.59;13.65;2519032;34798336.00
20160622;13.60;13.92;13.58;13.85;2049926;28261536.00
20160623;13.85;14.29;13.51;14.11;4686575;65185668.00
20160624;13.96;14.08;13.00;13.61;3830762;52559484.00
20160627;13.50;14.00;13.45;13.94;2929494;40402748.00
20160628;13.84;14.27;13.80;14.23;4241807;59745064.00
20160629;14.21;14.38;14.10;14.26;3985846;56721016.00
20160630;14.31;14.51;14.20;14.28;3037147;43503476.00
