20121011;22.90;24.83;22.51;23.86;54115887;1267758592.00
20121012;23.05;23.49;21.50;21.79;28464113;638948928.00
20121015;21.56;21.78;20.61;21.28;15376098;325405312.00
20121016;21.17;21.58;20.72;21.46;12531706;265709552.00
20121017;21.30;21.48;20.73;20.73;9554415;201132896.00
20121018;20.67;22.08;20.67;21.69;14326561;307904928.00
20121019;21.68;21.75;21.35;21.40;6973178;149848912.00
20121022;21.05;21.18;20.74;21.14;6602046;138569872.00
20121023;21.06;21.20;20.71;20.75;6607797;138075328.00
20121024;20.57;20.58;19.88;20.13;10637183;214741136.00
20121025;20.19;20.59;20.00;20.50;7436558;151237472.00
20121026;20.50;20.85;20.23;20.52;6808723;139878032.00
20121029;20.38;21.29;20.28;21.15;7584612;158857264.00
20121030;21.18;21.29;20.76;21.21;5023487;105642048.00
20121031;21.27;21.63;21.08;21.15;5901470;125965488.00
20121101;21.18;21.60;21.10;21.33;6574730;140374224.00
20121102;21.46;21.47;20.81;21.11;6409652;135354112.00
20121105;21.00;21.17;20.71;20.71;4291769;89823432.00
20121106;20.41;22.33;20.41;21.85;14622630;315326560.00
20121107;21.65;22.15;21.50;21.70;6686799;145702016.00
20121108;21.52;22.44;21.52;21.73;10328273;228166288.00
20121109;21.85;22.60;21.73;22.40;10503842;234388064.00
20121112;22.31;22.54;21.82;22.18;6964126;153938384.00
20121113;22.11;22.54;21.64;21.70;7642797;168730992.00
20121114;21.66;22.28;21.36;21.85;7196354;157294592.00
20121115;21.60;21.65;20.80;20.90;7425838;156789584.00
20121116;20.66;21.16;20.55;20.82;4263956;88983200.00
20121119;20.58;21.00;20.50;20.88;3798486;78851472.00
20121120;21.00;22.29;20.92;21.93;11170175;242284016.00
20121121;21.70;22.08;21.48;22.07;7802653;169988704.00
20121122;21.89;22.53;21.82;21.95;8099552;179517504.00
20121123;22.05;22.49;21.71;21.79;5750121;126522200.00
20121126;21.72;22.05;20.96;21.08;5083921;109408080.00
20121127;20.98;20.98;20.00;20.01;5667505;115917368.00
20121128;20.10;20.45;19.93;20.16;3696065;74632800.00
20121129;20.20;20.44;18.14;18.20;10865987;206229248.00
20121130;18.01;18.36;17.78;18.26;5140281;93160544.00
20121203;18.26;18.29;16.91;17.11;7672653;134138776.00
20121204;17.05;17.66;17.00;17.65;4014203;69574176.00
20121205;17.60;18.85;17.50;18.41;8454119;154450720.00
20121206;18.25;18.65;18.04;18.26;4306341;79029376.00
20121207;18.26;18.65;18.09;18.60;5131577;94792136.00
20121210;18.65;19.38;18.56;19.06;5382545;102168912.00
20121211;18.98;18.99;18.55;18.59;4554427;85363040.00
20121212;18.70;19.45;18.61;19.24;7085372;135646496.00
20121213;19.10;19.18;18.60;18.72;4311293;81272352.00
20121214;19.02;20.10;18.92;19.85;8754544;171049776.00
20121217;19.97;20.35;19.71;20.12;7174337;143887808.00
20121218;20.05;20.16;19.66;19.83;5217210;104111480.00
20121219;19.85;20.30;19.72;19.98;4069519;81774496.00
20121220;19.97;21.00;19.79;20.65;8009342;164955008.00
20121221;20.60;21.95;20.50;21.38;9434706;199803344.00
20121224;21.28;22.30;21.14;22.20;11667699;253835456.00
20121225;22.01;22.86;21.82;22.19;13020306;289624192.00
20121226;21.98;24.37;21.98;23.66;16414794;385600992.00
20121227;23.75;24.29;22.80;22.85;12724076;296855776.00
20121228;22.95;25.14;22.95;25.14;22871669;560194368.00
20121231;24.79;25.33;24.08;25.05;16861209;418483808.00
20130104;25.16;26.15;24.91;25.38;16896769;430912160.00
20130107;25.05;25.99;24.88;25.78;10284738;261159872.00
20130108;25.82;27.88;25.50;26.40;15888497;424243744.00
20130109;25.94;26.33;25.11;25.61;11832589;303931296.00
20130110;25.47;26.19;25.20;25.55;7379099;189517056.00
20130111;25.95;26.50;25.57;25.77;10638444;277121248.00
20130114;25.92;27.01;25.70;26.91;11692064;311544576.00
20130115;27.13;27.78;26.20;26.89;11524827;308953184.00
20130116;26.90;27.19;26.10;26.88;8534330;227992032.00
20130117;26.79;27.48;26.68;27.18;8464572;230082816.00
20130118;27.36;27.64;26.50;27.16;7383147;200000832.00
20130121;27.29;28.46;27.22;28.40;8911032;249787072.00
20130122;28.20;28.35;25.56;26.13;12067338;327091104.00
20130123;26.00;26.00;24.13;25.19;11006031;274662976.00
20130124;24.96;25.52;23.80;24.21;10044546;246638816.00
20130125;24.00;24.80;23.95;24.55;5159383;125846688.00
20130128;24.50;25.30;24.41;25.22;5501877;137234720.00
20130129;25.25;25.46;25.03;25.25;5223800;131621936.00
20130130;25.20;25.29;24.11;24.44;6461733;158674784.00
20130131;24.50;24.53;23.84;24.10;4746853;114096840.00
20130201;23.80;24.77;23.80;24.55;4526332;110662736.00
20130204;24.58;24.70;23.82;24.05;4342166;104649800.00
20130205;23.90;25.29;23.70;24.98;5986416;148284624.00
20130206;24.98;25.24;24.70;25.02;3281366;81964344.00
20130207;25.00;25.14;24.85;25.09;2745256;68608232.00
20130208;25.21;25.98;25.13;25.83;5033037;128977384.00
20130218;25.91;26.98;25.91;26.80;7334919;195027552.00
20130219;26.83;27.27;26.21;26.80;6546723;175024688.00
20130220;26.71;27.17;26.41;27.09;4695838;126244736.00
20130221;26.98;27.40;26.01;26.21;5938166;158983616.00
20130222;26.13;26.38;25.73;25.78;4783754;124484160.00
20130225;25.40;25.98;25.33;25.78;3614610;92716008.00
20130226;25.70;25.85;25.29;25.32;4283139;109502976.00
20130227;25.77;27.50;25.75;26.63;7837748;208670560.00
20130228;26.74;27.20;26.51;26.82;5121019;137146672.00
20130301;26.84;27.72;26.83;27.41;7495191;205235520.00
20130304;27.17;27.80;26.66;26.84;6145567;167163488.00
20130305;26.98;27.80;26.66;27.70;5668223;155613552.00
20130306;27.72;28.66;27.72;28.25;5763387;163562672.00
20130307;28.25;28.80;27.18;27.18;6019245;168640384.00
20130308;27.40;27.80;26.63;27.50;4313782;117066096.00
20130311;27.95;27.95;27.15;27.27;3060914;84014992.00
20130312;27.35;27.50;25.73;26.08;5366470;141414944.00
20130313;26.00;26.48;25.80;26.28;2727387;71440616.00
20130314;26.30;26.97;26.30;26.60;2868264;76436776.00
20130315;26.62;26.99;26.19;26.51;2531345;67450992.00
20130318;26.40;27.38;26.20;27.14;3903726;105482672.00
20130319;27.11;27.30;26.49;27.08;2585583;69493480.00
20130320;27.07;27.97;26.95;27.94;4417252;121988696.00
20130321;27.88;28.47;27.72;28.43;5475256;154412224.00
20130322;28.40;30.65;28.17;30.46;10172648;300797120.00
20130325;30.59;30.63;29.84;30.05;5174606;156186656.00
20130326;30.00;31.00;29.65;30.64;6113282;186185664.00
20130327;29.70;29.95;28.51;28.87;11400834;334149664.00
20130328;28.88;29.15;28.01;28.62;4709213;134876112.00
20130329;28.80;28.95;28.00;28.24;3398235;96556192.00
20130401;28.32;29.15;28.19;28.93;3161428;90856488.00
20130402;29.00;29.33;28.20;28.40;3032359;87173520.00
20130403;28.32;28.54;27.16;27.16;3550078;98166384.00
20130408;27.15;27.99;26.38;27.65;2879952;78592040.00
20130409;27.65;28.60;27.45;28.37;2690352;75857904.00
20130410;28.30;28.66;27.65;28.15;1962456;55261284.00
20130411;28.23;28.59;27.55;27.58;1968732;55021396.00
20130412;27.54;28.10;27.40;27.72;1254764;34909200.00
20130415;27.52;28.52;27.50;28.09;3193659;90071080.00
20130416;27.70;28.45;27.52;28.39;1866813;52517356.00
20130417;28.57;29.21;28.35;28.88;3079015;88766248.00
20130418;28.88;29.50;28.75;29.31;2884340;84313792.00
20130419;29.31;29.76;29.10;29.61;3657316;107695712.00
20130422;29.50;30.55;29.16;30.46;4256750;128078616.00
20130423;31.00;32.02;29.77;29.81;8537856;265304160.00
20130424;30.03;32.78;30.03;31.96;8080347;255200544.00
20130425;32.10;32.94;31.32;31.40;6534528;210254832.00
20130426;31.40;33.48;31.05;32.89;7564819;245794368.00
20130502;32.50;34.99;32.35;34.70;7613959;259005696.00
20130503;34.70;34.98;34.10;34.98;6879260;237682448.00
20130506;34.10;34.30;32.80;33.20;7681484;255389568.00
20130507;33.00;33.40;32.34;32.46;5255924;172091952.00
20130508;32.53;33.88;32.53;33.08;5109218;170055664.00
20130509;32.90;33.75;32.50;33.35;4366251;144743824.00
20130510;33.31;33.32;31.60;31.86;6074968;195520800.00
20130513;31.76;32.39;31.50;31.98;2961727;94837408.00
20130514;31.80;32.22;31.63;31.73;3055830;97460096.00
20130515;32.00;33.34;31.57;33.20;5580787;182656656.00
20130516;33.33;33.69;32.48;32.72;5306238;175125504.00
20130517;32.72;35.12;32.70;34.60;8838031;303632480.00
20130520;34.93;36.00;34.49;35.06;5781203;203681184.00
20130521;34.80;35.84;34.50;35.63;4410790;155554288.00
20130522;35.54;36.20;34.30;34.50;5271317;185659376.00
20130523;34.35;35.44;33.85;34.00;4741974;163980816.00
20130524;34.10;35.39;34.05;35.24;3926935;137030576.00
20130527;35.24;36.12;35.20;35.75;3533064;125900056.00
20130528;35.88;36.10;34.30;34.71;4281111;149456416.00
20130529;34.70;35.08;34.10;34.85;2853634;99189376.00
20130530;34.65;34.89;34.02;34.35;3188238;109576128.00
20130531;34.31;35.05;34.10;34.10;2785821;96076520.00
20130603;33.88;34.40;32.88;33.00;4830502;161512320.00
20130604;32.78;33.00;31.88;32.28;3216536;103675920.00
20130605;32.25;32.80;32.25;32.46;2325329;75738320.00
20130606;32.30;32.96;32.07;32.68;2367832;77471296.00
20130607;32.84;33.98;32.35;33.18;4184357;139165104.00
20130613;32.60;34.17;31.51;33.90;4325526;143085232.00
20130614;34.18;34.77;33.82;34.51;4019412;138125440.00
20130617;34.43;35.14;33.85;34.29;4072685;140695184.00
20130618;34.23;34.49;32.60;32.90;4302848;143334512.00
20130619;32.78;33.19;32.02;33.06;2684570;87447936.00
20130620;32.80;32.82;31.68;31.80;2754916;88817296.00
20130621;31.02;31.60;30.05;30.69;3122866;96346544.00
20130624;30.87;31.24;28.07;28.85;3649177;108678680.00
20130625;28.55;29.99;26.88;29.80;4859536;139223760.00
20130626;29.79;30.80;29.44;30.59;4521555;136381520.00
20130627;30.58;30.82;27.53;27.53;7778760;225833568.00
20130628;26.80;28.60;26.40;28.20;4309852;120082368.00
20130701;28.01;29.49;27.50;29.47;3551705;102179808.00
20130702;29.20;29.82;29.11;29.60;3179648;93732744.00
20130703;29.12;29.41;28.09;29.07;4000801;115078096.00
20130704;28.96;30.66;28.66;30.11;4452874;133495136.00
20130705;30.01;30.30;29.40;29.44;2731602;81299096.00
20130708;29.00;29.01;27.45;27.96;2769645;78116776.00
20130709;28.00;28.40;27.72;27.96;2035595;57067988.00
20130710;27.90;29.30;27.90;29.30;2486357;71236136.00
20130711;29.45;30.69;29.31;30.18;4192734;126513800.00
20130712;30.18;30.70;29.55;29.59;3423083;103119968.00
20130715;29.99;30.96;29.90;30.57;3182372;97383576.00
20130716;30.58;30.83;29.97;30.65;2895274;88044816.00
20130717;30.65;31.55;30.30;30.95;4030717;124876632.00
20130718;30.82;30.90;30.00;30.15;2759959;83710312.00
20130719;30.03;30.36;28.58;28.58;3034250;89757176.00
20130722;28.60;29.40;28.33;29.27;2009474;58023088.00
20130723;29.10;30.15;29.00;30.13;3133131;92907896.00
20130724;29.92;31.20;29.92;30.90;4661447;142795360.00
20130725;30.80;30.99;29.72;30.00;2983372;90615880.00
20130726;29.79;30.44;29.40;29.60;2498328;74426160.00
20130729;29.30;29.38;28.61;28.77;2114450;61110948.00
20130730;28.80;29.69;27.90;29.42;2949812;84988000.00
20130731;29.40;29.60;28.40;28.68;2079283;60296432.00
20130801;28.70;29.35;28.50;29.31;2864536;83277848.00
20130802;29.40;29.97;29.06;29.59;3474525;102440448.00
20130805;29.59;30.92;29.59;30.58;5311377;161848192.00
20130806;30.42;31.48;30.42;30.99;4774393;148293344.00
20130807;30.87;31.16;30.25;30.38;3650673;111645048.00
20130808;30.45;31.18;30.00;31.16;3235045;99200448.00
20130809;31.28;32.27;31.20;31.74;5050717;160816560.00
20130812;31.88;32.60;31.60;31.90;4171792;133742608.00
20130813;31.89;32.10;31.41;31.96;2154615;68496400.00
20130814;31.90;32.55;31.38;31.50;3159913;101176352.00
20130815;31.50;31.64;30.70;30.71;2671266;83068936.00
20130816;30.51;31.48;30.25;30.27;2531631;78160176.00
20130819;30.06;31.15;30.01;31.11;1403031;43217684.00
20130820;30.92;31.70;30.60;30.76;2386314;74287056.00
20130821;30.62;30.99;30.27;30.78;1687990;51580212.00
20130822;30.68;32.06;30.50;31.92;3189766;100740904.00
20130823;31.96;32.21;31.13;31.65;3213887;101671104.00
20130826;31.65;32.98;31.65;32.82;4402307;143748672.00
20130827;32.99;33.39;32.45;33.31;3349530;110171568.00
20130828;33.00;33.28;31.66;31.89;3554290;115555800.00
20130829;32.35;32.90;31.02;31.40;4009256;127868024.00
20130830;31.57;32.25;31.20;31.41;2501256;79243752.00
20130902;31.50;32.50;31.10;32.46;2289797;73012328.00
20130903;32.45;32.82;32.13;32.56;2387483;77562624.00
20130904;32.56;32.68;31.71;31.72;2586697;83074368.00
20130905;31.67;32.00;31.31;31.71;2180419;68922984.00
20130906;31.54;31.76;30.91;31.23;2663810;83170512.00
20130909;31.20;31.49;31.00;31.30;2313181;72348376.00
20130910;31.30;31.44;30.26;30.55;3771375;115620008.00
20130911;30.55;30.55;29.61;30.28;2872088;86361680.00
20130912;30.28;30.65;29.65;29.78;2678721;80407024.00
20130913;29.72;30.20;29.24;30.10;2741239;81404928.00
20130916;30.12;30.72;29.85;30.66;2345961;71125296.00
20130917;30.52;30.66;29.62;29.72;1686454;50728792.00
20130918;29.80;30.37;29.80;29.93;1461188;43913088.00
20130923;29.95;31.16;29.95;31.07;2694215;82865216.00
20130924;31.07;31.07;30.42;30.64;1857414;57031760.00
20130925;30.65;30.97;30.40;30.41;1519344;46438304.00
20130926;30.31;30.40;29.59;29.71;1998396;59722608.00
20130927;29.75;30.10;29.61;29.95;1015804;30329358.00
20130930;30.00;30.70;29.80;30.48;1289153;39100656.00
20131008;30.39;31.07;29.63;31.00;2004414;61293164.00
20131009;30.86;31.95;30.75;31.69;3246240;102678912.00
20131010;31.52;31.85;31.08;31.10;2462088;77240104.00
20131011;31.51;32.34;31.50;32.09;3632369;116238904.00
20131014;32.20;33.44;31.80;33.11;4874814;160474912.00
20131015;32.70;32.98;31.65;32.02;4859203;156064672.00
20131016;32.02;32.17;31.28;31.53;2603386;82215544.00
20131017;31.72;31.96;30.60;30.75;2675469;83907680.00
20131018;30.71;30.80;29.98;30.45;3204712;96864840.00
20131021;30.31;31.85;30.18;31.62;3695684;115045184.00
20131022;31.30;31.58;30.10;30.21;4641520;142623664.00
20131023;30.16;30.75;30.10;30.66;2563126;78235016.00
20131024;30.50;31.80;30.46;31.21;3120215;97919560.00
20131025;30.99;30.99;29.91;30.25;5137356;156174048.00
20131028;31.00;31.77;30.61;30.80;3481085;108374104.00
20131029;30.50;31.60;30.30;31.24;6594026;204349024.00
20131030;31.50;33.32;31.02;32.84;10278698;333618560.00
20131031;32.68;32.69;31.28;31.38;11348310;363945760.00
20131101;31.00;32.39;30.25;32.12;7739899;245173040.00
20131104;32.05;33.14;31.91;32.10;5486077;179077904.00
20131105;31.98;34.18;31.56;33.85;9186497;304857952.00
20131106;33.49;34.20;33.20;33.33;7909164;266726352.00
20131107;33.28;34.79;33.25;33.94;7354220;251546672.00
20131108;33.78;33.97;32.69;33.16;5939091;197329296.00
20131111;33.26;35.29;33.11;34.80;7515513;259304592.00
20131112;34.60;35.58;34.49;35.09;6698258;234342096.00
20131113;34.85;36.15;34.70;35.25;7655393;272695616.00
20131114;35.19;36.45;34.56;35.75;7351383;261691312.00
20131115;35.68;36.79;35.39;36.36;7828350;283174144.00
20131118;36.55;38.57;36.46;36.90;12680373;475028864.00
20131119;36.92;37.95;36.40;36.90;6140346;228432688.00
20131120;36.91;39.49;36.71;39.05;10094729;386998816.00
20131121;38.16;39.11;37.85;38.50;10610387;406753952.00
20131122;38.55;38.74;37.02;37.20;11033910;416784384.00
20131125;36.90;38.24;36.74;37.98;8293215;312637024.00
20131126;37.91;39.36;37.78;39.02;8125431;313868608.00
20131127;39.02;39.45;38.21;38.62;6035725;233658992.00
20131128;38.57;40.50;38.45;39.90;7650425;304733600.00
20131129;40.10;41.41;39.60;40.68;9249060;374288704.00
20131202;38.50;38.50;36.61;36.61;15158098;567753344.00
20131203;36.06;40.27;36.00;40.27;13117001;507219296.00
20131204;40.90;44.05;40.43;41.22;14749820;622638720.00
20131205;40.90;43.20;40.64;41.90;9207535;387004064.00
20131206;42.00;43.15;40.82;41.98;7825143;328621216.00
20131209;42.10;46.18;42.10;45.91;13222875;590618176.00
20131210;45.33;45.85;44.01;45.32;8691920;390199904.00
20131211;45.38;46.35;43.30;43.86;8867652;394195552.00
20131212;43.36;44.28;42.51;43.78;7262507;315922400.00
20131213;43.04;43.81;42.40;42.91;6658285;286609152.00
20131216;42.20;42.88;40.66;41.02;11860621;489799456.00
20131217;41.20;42.08;40.92;41.30;5103648;211903824.00
20131218;41.30;41.66;39.38;40.06;6523013;262493392.00
20131219;40.30;40.80;39.71;40.23;5922037;238088096.00
20131220;39.39;39.95;38.81;39.50;8971115;353549696.00
20131223;38.80;38.90;37.30;38.49;9103525;346875200.00
20131224;38.45;40.39;38.30;39.31;7703460;304312864.00
20131225;39.71;40.98;39.60;40.50;6457105;261455488.00
20131226;39.90;40.30;36.50;36.79;12344172;472466688.00
20131227;37.30;38.10;37.20;37.62;6753919;254175312.00
20131230;37.95;39.15;37.70;38.80;6193323;238177904.00
20131231;38.29;38.70;37.71;38.27;3910782;149404496.00
20140102;38.17;39.44;38.01;38.97;4055831;158090736.00
20140103;38.90;39.79;38.65;39.22;4619541;181537744.00
20140106;38.70;39.97;37.21;39.23;7312916;282656672.00
20140107;38.63;39.85;38.52;39.22;3200970;125682376.00
20140108;39.35;41.29;39.35;40.60;6500573;263950320.00
20140109;40.62;40.79;39.40;39.40;4037271;161933152.00
20140110;40.10;41.17;39.70;39.83;4786766;193067984.00
20140113;39.75;41.66;39.50;41.66;6295610;258263568.00
20140114;41.75;42.28;41.01;42.04;4903698;205153744.00
20140115;41.90;41.90;41.25;41.63;3515311;146077744.00
20140116;41.59;42.33;40.78;40.85;3846672;159235824.00
20140117;40.71;40.99;39.08;39.27;4325166;172516288.00
20140120;39.30;40.06;38.80;39.50;2580913;101867424.00
20140121;39.40;39.77;38.82;39.39;2649587;104029528.00
20140122;39.38;40.88;39.38;40.88;3837683;155125584.00
20140123;41.12;41.66;40.42;40.76;4066088;166537504.00
20140124;40.70;43.13;40.53;42.39;5696405;239197920.00
20140127;42.21;43.92;42.02;42.72;5285510;226948464.00
20140128;42.72;43.18;41.46;42.02;4025085;168996624.00
20140129;41.90;42.49;41.10;42.00;3531884;147547488.00
20140130;41.93;41.95;41.16;41.36;3011244;124773768.00
20140207;40.93;41.90;40.39;41.73;2198081;90686760.00
20140210;41.73;43.22;41.55;42.87;3806577;162478736.00
20140211;42.88;43.50;41.61;41.92;4190464;177650112.00
20140212;42.31;42.75;40.90;41.80;5228066;217353952.00
20140213;41.45;41.70;40.28;40.38;6526810;266628320.00
20140214;40.50;42.60;40.50;42.60;5997533;250718624.00
20140217;43.10;43.48;42.22;42.98;6111798;261660672.00
20140218;42.85;44.48;42.31;43.65;7208395;315386208.00
20140219;43.35;44.84;42.90;43.35;4603295;201362912.00
20140220;43.75;44.15;41.83;41.92;3955548;168180256.00
20140221;41.80;42.50;41.39;41.94;3016868;126106040.00
20140224;41.89;42.70;41.10;42.67;3493630;145534512.00
20140225;42.56;42.77;39.81;39.88;5028574;207741728.00
20140226;39.88;40.39;38.51;38.80;5990336;236990608.00
20140227;38.92;39.60;37.00;37.45;5660079;215248320.00
20140228;37.90;39.30;37.61;38.55;4217338;162179904.00
20140303;38.57;40.35;38.55;40.09;3653617;145413104.00
20140304;39.80;40.90;39.26;40.58;3909452;156978128.00
20140305;41.30;42.99;41.30;42.18;6098447;257012016.00
20140306;42.10;43.11;41.15;42.18;3429811;144609904.00
20140307;42.09;42.50;41.45;41.50;2320481;97060800.00
20140310;41.03;41.03;38.60;38.90;4758917;188950816.00
20140311;38.31;39.85;38.31;39.68;2720409;107134728.00
20140312;39.68;40.30;38.68;39.29;2049719;80738848.00
20140313;39.32;40.50;39.28;40.07;2092639;83799896.00
20140314;39.73;40.87;39.70;40.50;2985991;120441344.00
20140317;40.42;42.48;40.19;42.46;4518123;188986160.00
20140318;42.51;42.55;41.84;42.51;3252116;137321184.00
20140319;42.38;42.97;41.92;42.00;2675501;113184104.00
20140320;41.80;43.48;41.51;42.05;4418877;188026464.00
20140321;41.70;44.20;41.50;43.97;6467692;280257152.00
20140324;44.00;46.39;44.00;46.00;7066103;321477696.00
20140325;45.98;46.76;44.60;46.49;5082172;231735168.00
20140326;46.13;47.10;45.54;45.58;2989240;137858784.00
20140327;45.70;46.93;43.79;43.79;4378531;198302464.00
20140328;43.51;45.10;43.20;44.20;4644851;205566384.00
20140331;45.99;45.99;43.50;43.50;4458874;199860544.00
20140401;43.19;47.80;43.01;47.50;5920428;273698624.00
20140402;47.50;48.39;46.70;47.96;4780194;227502672.00
20140403;47.72;47.96;46.53;47.04;3491613;165112032.00
20140404;46.81;47.80;45.92;46.84;3388814;158374272.00
20140408;46.53;46.88;45.65;46.43;2815021;130097072.00
20140409;46.19;46.77;45.30;46.68;3797499;174567536.00
20140410;46.46;48.20;46.32;46.92;5002047;237421456.00
20140411;46.68;48.47;46.05;48.21;5004042;239102560.00
20140414;48.25;48.66;47.28;47.78;3451598;165090560.00
20140415;47.89;48.63;47.15;47.48;2947634;140880624.00
20140416;46.86;47.37;46.34;46.37;2791418;130508016.00
20140417;46.42;47.65;46.42;46.82;2131764;100439112.00
20140418;46.80;47.18;46.42;46.81;1375814;64389912.00
20140421;46.50;46.60;44.72;44.82;5020149;228127136.00
20140422;44.79;46.00;44.00;45.80;3191635;143158992.00
20140423;43.10;46.05;43.10;45.02;2027426;91325552.00
20140424;45.10;46.02;44.59;45.52;2125621;96660416.00
20140425;45.87;47.55;45.59;46.38;3627793;169179184.00
20140428;46.44;47.30;45.35;46.00;3071782;142642816.00
20140429;45.85;47.37;45.80;47.30;2975166;139297024.00
20140430;47.40;48.30;47.03;47.32;3502157;166610144.00
20140505;47.35;48.30;46.60;48.30;2570221;121926480.00
20140506;48.06;48.82;47.72;47.83;3009440;145416544.00
20140507;47.80;48.39;47.10;48.12;2336247;111691616.00
20140508;47.96;48.09;46.00;46.23;3743390;176091520.00
20140509;46.62;47.25;45.31;46.24;2969901;138019760.00
20140512;46.80;48.08;46.00;47.79;3094431;146133344.00
20140513;47.77;48.55;47.30;47.82;2620540;125693792.00
20140514;47.88;48.22;47.01;47.15;3210739;152410784.00
20140515;23.15;23.59;22.51;22.54;8309274;192446608.00
20140516;22.30;22.30;20.29;21.37;14303927;304131264.00
20140519;21.21;21.55;20.63;20.97;4473416;94419576.00
20140520;21.25;21.74;20.96;21.25;6149250;130815720.00
20140521;21.16;21.46;20.89;21.10;4403589;93211752.00
20140522;21.12;21.43;20.92;21.01;5753999;122057248.00
20140523;21.06;21.17;20.18;20.82;7108132;146772944.00
20140526;20.82;21.71;20.51;21.57;8430775;178931408.00
20140527;21.50;21.78;21.36;21.56;4929657;106580648.00
20140528;21.56;21.79;21.16;21.63;4331209;93060048.00
20140529;21.50;21.82;21.26;21.43;4173422;89941928.00
20140530;21.43;21.67;21.30;21.58;2832193;60857100.00
20140603;21.53;21.83;21.40;21.49;3249670;70103936.00
20140604;21.47;21.48;20.68;20.97;4066530;85219136.00
20140605;20.82;21.63;20.82;21.46;4594427;98518272.00
20140606;21.45;21.64;21.20;21.31;2527771;54065368.00
20140609;21.33;21.79;21.25;21.60;4022439;86798272.00
20140610;21.60;21.60;21.20;21.53;4409389;94256408.00
20140611;21.53;21.74;21.15;21.73;5784745;123751576.00
20140612;21.51;21.71;21.36;21.37;4088606;88046408.00
20140613;21.34;21.65;21.34;21.50;3157178;67834536.00
20140616;21.55;21.58;21.25;21.47;4124013;88481176.00
20140617;21.48;21.53;20.83;20.88;5346035;112998480.00
20140618;20.90;21.00;19.85;19.98;10046917;203359376.00
20140619;19.98;20.13;18.80;18.99;7152500;138933232.00
20140620;19.09;19.92;19.05;19.90;5941087;115952968.00
20140623;19.97;20.10;19.56;19.70;4129195;81835264.00
20140624;19.72;19.96;19.60;19.60;3073520;60694752.00
20140625;19.63;19.75;19.19;19.30;2953571;57407076.00
20140626;19.31;20.17;19.30;19.84;6308269;125848608.00
20140627;19.86;20.16;19.86;19.99;3459890;69324752.00
20140630;20.00;20.54;19.99;20.17;4869695;98839176.00
20140701;20.25;20.36;19.90;20.18;3156472;63388016.00
20140702;20.19;20.25;19.82;20.00;3518434;70462032.00
20140703;20.00;20.49;20.00;20.31;4889466;99252904.00
20140704;20.18;20.42;19.87;20.07;4179839;83874328.00
20140707;20.07;20.15;19.56;19.72;4379331;86747896.00
20140708;19.70;19.87;19.58;19.65;3175951;62474992.00
20140709;19.69;19.70;19.00;19.01;7382678;142040560.00
20140710;19.04;19.18;18.78;18.88;5489636;103839840.00
20140711;18.88;19.27;18.83;19.17;3291932;63115076.00
20140714;19.22;19.42;19.04;19.36;3766136;72454496.00
20140715;19.36;19.37;18.99;19.12;3675262;70298256.00
20140716;19.10;19.35;19.02;19.13;2542475;48731780.00
20140717;19.14;19.14;18.90;18.97;2278865;43284840.00
20140718;18.91;19.47;18.91;19.35;4603633;88877104.00
20140721;19.35;19.55;19.17;19.54;3922492;75987016.00
20140722;19.39;19.54;19.27;19.35;4767994;92431656.00
20140723;19.35;19.35;18.40;18.54;7352463;138633664.00
20140724;18.50;18.76;18.38;18.41;5960955;110670248.00
20140725;18.45;18.75;18.45;18.60;3147940;58506076.00
20140728;18.63;18.96;18.59;18.92;4969032;93559608.00
20140729;19.04;19.26;18.93;19.02;7612751;145436352.00
20140730;19.00;19.07;18.83;19.02;6278469;118880568.00
20140731;19.21;19.88;19.21;19.82;12775419;250074512.00
20140801;19.78;20.15;19.48;19.56;10088689;200042000.00
20140804;19.61;20.17;19.61;20.12;10948497;219370784.00
20140805;20.13;20.19;19.88;20.06;9524007;190534720.00
20140806;20.02;20.10;19.81;20.08;7094692;141379904.00
20140807;20.00;20.13;19.80;19.86;5661961;112999088.00
20140808;19.86;19.95;19.69;19.89;5193292;102890840.00
20140811;20.00;20.28;20.00;20.15;6000078;120934592.00
20140812;20.19;20.19;19.87;19.97;7953298;158741312.00
20140813;20.00;20.06;19.57;19.78;7778009;153447392.00
20140814;19.80;19.89;19.59;19.69;6111006;120536472.00
20140815;19.69;20.55;19.69;20.52;16823538;339650944.00
20140818;20.53;21.95;20.53;21.75;22675901;481960992.00
20140819;21.68;21.68;21.29;21.60;11579654;249144592.00
20140820;21.65;21.86;21.32;21.44;9668131;208017392.00
20140821;21.44;21.70;21.09;21.55;10231730;219193712.00
20140822;21.55;21.74;21.15;21.31;9522343;203208864.00
20140825;21.30;21.30;20.72;20.91;10027102;209938816.00
20140826;20.89;20.89;20.22;20.37;8546709;175363888.00
20140827;20.39;20.59;20.18;20.33;6353696;129604904.00
20140828;20.40;20.48;20.18;20.42;4867094;98895904.00
20140829;20.59;20.94;20.48;20.68;7227803;149535632.00
20140901;20.77;20.83;20.12;20.78;12096363;247314400.00
20140902;20.87;21.30;20.71;21.27;13438675;283048096.00
20140903;21.32;21.45;21.08;21.39;11216517;238318912.00
20140904;21.50;21.55;21.21;21.35;8834212;188270608.00
20140905;21.36;21.41;20.95;21.14;10424114;220348688.00
20140909;21.14;21.37;21.04;21.33;9702680;205696672.00
20140910;21.33;21.73;21.13;21.61;12248758;262974672.00
20140911;21.62;22.19;21.50;21.72;19345822;421437280.00
20140912;21.72;22.50;21.50;22.40;20173531;446023296.00
20140915;22.40;22.92;22.21;22.82;20108910;455152224.00
20140916;22.78;22.78;21.81;21.89;18929275;422689088.00
20140917;21.83;22.62;21.59;22.50;17631843;391975072.00
20140918;22.45;22.90;22.22;22.48;12200086;275178432.00
20140919;22.35;22.98;22.08;22.84;17708114;399107712.00
20140922;22.79;22.79;22.30;22.46;10184866;229276160.00
20140923;22.41;22.97;22.36;22.94;16682219;378714656.00
20140924;22.80;23.39;22.80;22.96;15215722;351456736.00
20140925;22.90;23.17;22.60;22.67;13338669;304328000.00
20140926;22.55;22.66;22.20;22.28;12175387;272037568.00
20140929;22.36;22.59;22.32;22.36;8193108;183866032.00
20140930;22.37;22.85;22.37;22.79;8086231;182920928.00
20141008;22.88;22.98;22.58;22.89;8250764;188037808.00
20141009;22.89;24.38;22.77;24.04;25182837;591378880.00
20141010;24.00;24.38;23.62;23.85;16528958;396267328.00
20141013;23.84;24.17;23.48;23.96;12576357;299200992.00
20141014;24.01;24.50;23.56;23.71;13836441;333023744.00
20141015;23.73;23.83;23.23;23.54;9244496;217240432.00
20141016;23.35;23.90;23.16;23.24;9464031;222401984.00
20141017;23.06;23.49;22.41;22.71;10922647;249498832.00
20141020;22.98;23.29;22.77;23.15;5898963;136343744.00
20141021;23.28;23.75;23.16;23.35;9380219;220130064.00
20141022;23.35;23.61;22.58;22.63;10019855;231445200.00
20141023;22.63;22.73;22.01;22.10;9475917;210912032.00
20141024;22.05;22.25;21.61;22.03;8994045;196876624.00
20141027;21.90;22.24;21.82;22.22;4722702;104462264.00
20141028;22.27;22.74;22.27;22.74;6677729;150852880.00
20141029;22.87;23.09;22.57;23.06;10058113;230310992.00
20141030;23.34;23.64;22.82;22.87;15782294;366114624.00
20141031;22.98;23.48;22.88;23.15;12077908;280586176.00
20141103;23.25;23.49;22.99;23.08;9532237;220859872.00
20141104;23.08;23.16;22.53;22.63;10200258;231883296.00
20141105;22.60;22.60;22.09;22.25;11261815;250857344.00
20141106;22.23;22.50;22.21;22.48;5430461;121399376.00
20141107;22.53;22.59;22.04;22.12;10611609;236307104.00
20141110;22.10;22.45;22.10;22.35;6999356;156158704.00
20141111;22.50;22.54;21.40;21.57;11652728;254416832.00
20141112;21.59;21.79;21.42;21.77;5304174;114844328.00
20141113;21.69;21.69;20.84;21.17;9200073;195195952.00
20141114;21.21;21.35;21.02;21.22;5036949;106777360.00
20141117;21.25;21.77;21.13;21.66;5507308;118899496.00
20141118;21.50;21.81;21.37;21.47;3828862;82476688.00
20141119;21.46;21.70;21.37;21.59;4041993;87015248.00
20141120;21.60;21.60;21.13;21.21;4668202;99509832.00
20141121;21.22;21.45;21.22;21.43;3982518;85083368.00
20141124;21.65;22.15;21.56;21.90;11063300;242498864.00
20141125;21.89;22.13;21.70;21.99;7265381;159433008.00
20141126;22.05;23.16;22.05;22.76;16482624;374864608.00
20141127;22.87;23.06;22.35;22.47;13082342;295555744.00
20141128;22.51;22.92;22.28;22.49;9691819;218761552.00
20141201;22.58;22.84;22.50;22.71;10603765;240242304.00
20141202;22.72;23.20;22.70;22.80;12662977;290043456.00
20141203;22.90;22.91;22.07;22.56;18449847;412547648.00
20141204;22.56;22.94;22.50;22.64;15390614;349212640.00
20141205;22.70;22.70;21.70;21.76;18594120;409850720.00
20141208;21.75;21.93;21.50;21.54;13432962;290836544.00
20141209;21.50;21.51;20.88;20.88;15463204;329041856.00
20141210;20.86;21.59;20.80;21.53;8573787;182792832.00
20141211;21.57;21.96;21.32;21.57;9362429;202300608.00
20141212;21.70;21.72;21.33;21.45;7958741;170844944.00
20141215;21.45;22.24;21.38;22.19;12112551;265137136.00
20141216;22.34;22.34;21.83;22.01;9151797;201126080.00
20141217;21.95;21.95;21.39;21.48;10010488;215723264.00
20141218;21.44;21.68;21.21;21.38;6685374;143461200.00
20141219;21.55;21.86;21.10;21.49;9353952;200360304.00
20141222;21.48;21.48;20.61;20.71;9714891;202338560.00
20141223;20.71;21.22;20.67;20.69;7039120;147039504.00
20141224;20.81;21.20;20.81;21.10;5879568;123536392.00
20141225;21.11;21.33;20.97;21.11;5267181;111290112.00
20141226;21.03;21.15;20.84;21.08;6818634;143064336.00
20141229;21.06;21.10;20.66;20.75;8010758;166555952.00
20141230;20.80;20.88;20.20;20.28;7276712;149282944.00
20141231;20.34;20.49;20.05;20.47;7169917;145063680.00
20150105;20.46;21.35;20.36;21.27;12857558;271907680.00
20150106;21.28;22.48;21.00;22.37;22758026;501946592.00
20150107;22.40;22.59;21.90;22.45;13947787;310845760.00
20150108;22.32;22.70;22.17;22.33;10573395;237810528.00
20150109;22.30;23.19;22.29;22.48;16340366;372614048.00
20150112;22.40;23.15;22.30;22.84;12667882;289276672.00
20150113;23.20;23.77;22.89;23.63;22691255;530593216.00
20150114;23.49;23.78;22.91;23.00;15140052;352838944.00
20150115;23.38;24.30;23.38;23.89;17174178;409997312.00
20150116;23.89;24.13;23.52;23.80;10217397;243066464.00
20150119;23.01;24.26;22.68;22.90;18275039;428567456.00
20150120;23.11;24.23;23.00;24.18;20471020;487937216.00
20150121;24.35;25.19;24.35;24.78;21166950;526471552.00
20150122;24.50;25.10;24.50;24.91;11889408;295256896.00
20150123;24.92;25.00;24.31;24.48;11316940;277887040.00
20150126;24.51;24.81;24.20;24.50;10305872;252179056.00
20150127;24.63;24.99;24.18;24.71;11097348;273195648.00
20150128;24.53;24.71;23.99;24.06;12764493;310233632.00
20150129;24.08;24.10;23.56;23.60;9327188;221499952.00
20150130;23.61;24.09;23.53;23.53;8332404;198282976.00
20150202;23.10;24.00;23.10;23.86;8445846;199648560.00
20150203;23.98;24.98;23.97;24.80;14784233;363123840.00
20150204;25.25;25.37;24.70;24.70;14879463;372679968.00
20150205;24.99;26.88;24.51;25.78;23889838;612169664.00
20150206;25.90;26.56;25.38;25.65;14773554;383260480.00
20150209;25.56;25.89;25.20;25.40;11555715;295481152.00
20150210;25.35;25.93;25.18;25.90;8944211;228400976.00
20150211;26.01;26.50;25.90;26.40;8284336;217767056.00
20150212;26.48;26.58;25.90;26.20;8228734;215018256.00
20150213;26.20;26.60;26.10;26.19;8980660;236156800.00
20150216;26.20;26.60;25.77;26.35;10756483;281050976.00
20150217;26.40;26.57;25.89;25.93;8496874;221674160.00
20150225;25.85;26.97;25.83;26.71;11741931;311695904.00
20150226;26.61;27.37;26.40;26.84;10173337;273290400.00
20150227;26.84;27.36;26.47;27.34;9045780;243222480.00
20150302;27.34;27.80;26.89;27.70;12669584;347766432.00
20150303;27.78;28.55;27.47;27.48;15549927;435558880.00
20150304;27.38;29.19;27.34;29.08;17414300;495612096.00
20150305;29.15;29.60;28.56;29.31;12859780;373735968.00
20150306;29.25;29.48;27.70;28.14;12435460;356375328.00
20150309;28.00;29.45;27.71;29.23;12101213;347173792.00
20150310;29.00;29.88;28.97;29.75;8758582;257863120.00
20150311;30.00;30.00;28.60;29.16;12607943;367616032.00
20150312;29.78;29.78;28.20;28.28;11248927;322510112.00
20150313;28.52;29.58;28.52;29.36;11861937;347225792.00
20150316;29.70;31.26;29.30;30.92;17027201;518839328.00
20150317;30.93;33.14;30.93;31.96;21381101;685305920.00
20150318;32.42;32.85;31.60;32.28;15343434;492676544.00
20150319;32.30;32.30;31.80;32.03;8555720;273428032.00
20150320;32.10;34.10;32.10;33.43;14781314;493049984.00
20150323;33.70;34.88;33.70;33.95;16211723;554368000.00
20150324;33.90;34.87;33.15;34.55;16286474;553651136.00
20150325;34.35;37.05;34.00;36.35;20323323;727483072.00
20150326;36.30;37.02;35.45;35.82;13751502;496325440.00
20150327;36.20;36.48;34.90;35.69;12495813;443087040.00
20150330;35.76;36.04;35.20;35.55;9680310;344111808.00
20150331;35.42;35.98;34.55;35.38;15928083;560001408.00
20150401;35.55;36.65;35.02;36.59;14696824;530600576.00
20150402;36.58;37.91;36.40;37.68;15383083;575815104.00
20150403;37.50;37.70;37.01;37.33;12807684;477308640.00
20150407;37.48;38.85;37.41;37.70;14407677;548625792.00
20150408;37.69;37.70;36.11;36.91;17021125;627094976.00
20150409;36.90;37.17;33.40;36.49;20258083;716877312.00
20150410;36.10;37.40;35.64;36.71;11036745;405099968.00
20150413;36.80;38.27;36.73;38.06;16765785;630176192.00
20150414;38.80;39.00;37.70;38.24;11962201;458299936.00
20150415;38.20;38.24;36.70;36.71;15349091;572901952.00
20150416;36.40;37.86;35.61;37.28;10658526;394675680.00
20150417;38.00;38.57;37.22;37.50;12639506;476242240.00
20150420;37.41;40.60;37.30;39.59;23021995;900255232.00
20150421;39.80;41.00;39.20;40.93;14839735;594933568.00
20150422;41.25;43.15;41.25;43.08;13670940;585494912.00
20150423;43.30;43.79;41.50;41.70;17498499;739848064.00
20150424;25.50;26.48;24.18;25.98;24044402;616023360.00
20150427;25.88;26.50;25.21;25.73;21206552;547859136.00
20150428;25.78;25.79;24.21;24.60;20524604;508598304.00
20150429;25.08;25.57;24.60;25.27;15927602;403032224.00
20150430;25.60;25.90;25.27;25.27;13056247;332962688.00
20150504;25.39;25.60;24.88;25.13;10044609;253839600.00
20150505;25.13;25.30;24.00;24.20;13709656;336552224.00
20150506;24.32;25.18;24.18;24.29;16076812;398058176.00
20150507;24.30;24.48;23.78;24.00;10547805;254419056.00
20150508;24.30;25.67;24.30;25.45;17339517;430736768.00
20150511;25.70;27.07;25.60;26.87;29324537;773953344.00
20150512;27.66;29.48;27.15;28.48;32311864;914562368.00
20150513;28.60;31.33;28.55;31.08;34940671;1059141952.00
20150624;31.88;34.19;28.00;31.80;68996709;2177153792.00
20150625;31.34;31.34;28.66;29.20;41126626;1237941760.00
20150626;28.00;28.09;26.28;26.28;24392538;657848768.00
20150629;26.56;27.58;23.65;23.66;40866647;1021351296.00
20150630;23.64;26.03;22.36;26.03;40288787;982651520.00
20150701;27.10;28.63;26.03;26.90;41007516;1138591488.00
20150702;26.90;28.83;24.21;24.67;47029631;1242804864.00
20150703;23.95;26.63;22.35;25.00;39036221;958842560.00
20150706;27.50;27.50;22.51;24.98;46951355;1176309760.00
20150707;23.01;24.80;22.48;22.48;21146843;488921632.00
20150713;24.73;24.73;24.73;24.73;2508209;62028008.00
20150714;27.20;27.20;27.20;27.20;5697105;154961248.00
20150715;28.50;28.50;24.68;24.71;47284142;1247193600.00
20150716;24.71;27.17;24.71;27.02;32553547;853217664.00
20150717;27.48;29.51;27.05;29.00;27095276;774882368.00
20150720;29.97;29.97;28.07;28.69;33436966;971822592.00
20150721;28.30;29.86;27.59;29.20;21731805;635406336.00
20150722;29.30;31.00;29.16;29.81;23829519;718066048.00
20150723;29.56;30.94;29.18;30.39;24409179;731097728.00
20150724;30.30;30.67;28.70;28.90;24215967;718880384.00
20150727;28.40;29.33;26.01;26.08;25612800;712037056.00
20150728;25.55;27.27;23.59;26.79;36939019;949526144.00
20150729;27.01;27.79;25.37;27.79;22393472;599324480.00
20150730;27.75;28.10;26.30;26.50;18376803;501624128.00
20150731;26.02;26.97;25.97;26.79;16401280;434587456.00
20150803;26.70;27.68;25.68;27.62;23347402;628251072.00
20150804;27.85;28.68;27.08;28.66;19522645;547409664.00
20150805;28.75;28.86;27.60;27.94;13273192;374688928.00
20150806;27.11;28.49;27.00;27.73;8932776;249357024.00
20150807;28.00;29.09;27.88;29.02;19178845;545795072.00
20150810;29.40;30.42;28.85;30.30;24105061;716613120.00
20150811;29.98;30.37;29.30;29.42;17190329;512446272.00
20150812;29.35;30.13;28.88;28.99;13842050;408811104.00
20150813;28.25;29.65;28.25;29.47;10559864;307781920.00
20150814;29.74;29.90;28.78;28.94;11948920;348625632.00
20150817;28.94;28.94;27.82;28.39;10762659;304527008.00
20150818;28.16;28.98;26.33;26.85;14312205;395083680.00
20150819;25.80;28.19;25.70;27.60;13535179;364918368.00
20150820;27.39;27.50;26.55;26.70;9199311;247941584.00
20150821;27.08;27.50;25.80;26.41;13761315;366517312.00
20150824;25.38;26.30;23.77;23.77;15026893;362827712.00
20150825;21.40;23.58;21.39;21.50;38110042;826774592.00
20150826;22.24;22.98;20.02;21.12;21005279;455876800.00
20150827;22.00;22.86;21.66;22.86;22304757;499925152.00
20150828;23.60;24.45;23.00;24.15;17984347;423902528.00
20150831;24.30;24.38;22.90;22.90;12649029;295912416.00
20150901;23.00;23.08;21.20;21.20;11253656;246371040.00
20150902;20.06;22.10;20.02;21.80;18648043;393944064.00
20150907;21.98;23.00;21.46;21.72;14811462;327490304.00
20150908;21.74;22.44;20.75;22.39;9919692;215059600.00
20150909;22.74;23.93;22.45;23.39;15542689;360542080.00
20150910;23.50;23.90;22.92;23.17;8564118;200163792.00
20150911;23.03;23.35;22.89;23.15;5697592;131673400.00
20150914;23.45;23.49;21.00;21.00;9381511;207972176.00
20150915;20.53;21.62;20.46;20.60;9632941;202158576.00
20150916;20.61;22.66;20.61;22.51;10414966;224208640.00
20150917;22.21;22.81;21.80;21.90;9903666;221649872.00
20150918;21.97;22.25;21.40;21.88;8613008;187487344.00
20150921;21.60;22.80;21.40;22.62;13283197;296531072.00
20150922;22.64;23.18;22.50;22.81;9845189;225679824.00
20150923;22.79;22.79;21.69;21.91;10819665;240322464.00
20150924;21.95;22.58;21.95;22.31;5118764;113872080.00
20150925;22.11;22.45;21.11;21.28;9857525;213710048.00
20150928;21.32;22.02;21.00;21.63;9064504;195361360.00
20150929;21.35;21.63;21.14;21.38;6397300;136583008.00
20150930;21.58;21.68;21.09;21.25;4371858;93051856.00
20151008;22.00;23.08;21.80;23.00;20889818;475725600.00
20151009;22.90;23.25;22.71;23.18;8947097;207057968.00
20151012;23.29;24.73;23.19;24.49;18796043;456125408.00
20151013;24.51;24.55;23.70;24.34;10500274;253146816.00
20151014;24.14;24.31;23.78;23.97;4997795;120157184.00
20151015;23.73;24.55;23.61;24.49;9927248;241100096.00
20151016;24.69;24.75;24.05;24.52;11110174;271313280.00
20151019;24.50;25.50;24.42;25.13;13692614;342099040.00
20151020;24.96;25.23;24.65;25.10;8802973;219267648.00
20151021;25.12;25.69;23.55;23.79;11885123;295388480.00
20151022;23.90;24.76;23.74;24.52;7883298;191057200.00
20151023;24.58;25.18;24.35;25.09;11138524;276832544.00
20151026;25.50;25.59;24.69;25.09;13427153;337832672.00
20151027;25.00;25.54;24.18;25.35;8556442;213164992.00
20151028;25.13;26.20;24.90;25.00;9957028;254659728.00
20151029;25.02;26.11;24.68;25.80;14854194;377458048.00
20151030;25.90;27.22;25.89;27.10;20478697;550320320.00
20151102;26.60;28.76;26.30;27.98;22195694;621556928.00
20151103;27.94;28.33;27.11;27.62;11994791;330752288.00
20151104;27.61;28.44;27.42;28.36;12260375;343870336.00
20151105;28.36;28.56;27.81;28.47;7233336;203965312.00
20151110;31.32;31.32;29.05;29.42;31471496;947069120.00
20151111;29.59;29.80;28.75;29.30;15615830;456238496.00
20151112;29.40;29.50;28.05;28.63;17337924;496636128.00
20151113;28.53;29.13;28.11;28.47;11289401;323032416.00
20151116;28.01;29.05;28.00;28.73;9286029;266249088.00
20151117;29.00;29.15;28.00;28.20;10044352;288658880.00
20151118;28.05;28.39;27.50;27.91;8252035;230361696.00
20151119;28.46;30.40;28.07;29.96;22852739;666884352.00
20151120;30.00;31.78;29.80;30.30;22746342;695924736.00
20151123;30.55;30.75;29.40;30.05;12122622;361948064.00
20151124;29.75;29.90;29.30;29.78;7078536;209156608.00
20151125;29.85;30.44;29.70;30.25;13186760;396271808.00
20151126;31.00;31.00;29.35;29.35;13624232;405140000.00
20151127;29.40;29.40;26.43;26.88;17349192;485289280.00
20151130;27.23;27.74;26.02;27.36;11175583;302720672.00
20151201;27.60;28.00;27.28;27.80;7053618;194788400.00
20151202;27.78;28.00;26.70;27.89;6572373;179555136.00
20151203;27.95;28.26;27.50;28.10;8657459;241462336.00
20151204;27.95;28.18;27.37;27.47;5124663;142572560.00
20151207;27.81;27.81;27.10;27.20;6476685;176940480.00
20151208;27.02;27.95;27.00;27.15;8884083;244545008.00
20151209;27.08;27.30;26.61;26.93;6405452;172428032.00
20151210;26.54;26.98;26.53;26.68;4302662;115195040.00
20151211;26.70;26.98;26.40;26.75;5977029;159388416.00
20151214;26.60;27.83;26.40;27.80;7334997;199311648.00
20151215;27.80;27.87;27.35;27.46;6017414;165651024.00
20151216;27.66;27.69;27.00;27.45;7728174;211483024.00
20151217;27.46;28.17;27.46;28.01;9438561;262820448.00
20151218;27.81;28.78;27.81;28.22;11075233;313878176.00
20151221;28.06;28.70;27.92;28.28;10028563;284306432.00
20151222;28.58;29.35;28.21;29.01;10328727;296341728.00
20151223;28.90;29.27;28.20;28.22;11390684;326383936.00
20151224;28.21;29.33;28.00;29.26;12332199;355364928.00
20151225;29.50;29.60;28.76;29.14;8921715;258837536.00
20151228;29.10;29.19;27.80;27.81;14101456;400863712.00
20151229;27.80;29.00;27.80;28.15;6104150;171446736.00
20151230;28.10;28.98;28.00;28.68;6129070;174969904.00
20151231;28.76;28.80;28.17;28.26;4111658;116803128.00
20160104;28.35;28.46;26.01;26.15;6599640;179814432.00
20160105;25.30;27.51;25.30;26.53;8355405;219222112.00
20160106;26.55;26.80;25.70;26.53;8710297;228067552.00
20160107;26.00;26.00;23.90;24.08;2177038;54553652.00
20160108;23.30;25.25;23.22;24.59;17063349;415662368.00
20160111;23.99;24.80;23.20;23.36;10381161;248577232.00
20160112;23.67;24.19;23.05;23.50;7611543;180057680.00
20160113;24.00;24.38;23.20;23.35;7394194;175803040.00
20160114;22.95;24.10;22.80;23.94;8182795;193084832.00
20160115;24.00;24.08;22.88;23.07;8246708;192726816.00
20160118;22.50;23.29;22.46;22.91;6004254;137542608.00
20160119;23.00;23.97;22.65;23.74;7192371;169095648.00
20160120;23.60;24.18;23.52;23.79;8434444;201406656.00
20160121;23.31;24.50;23.03;23.47;7220371;173075936.00
20160122;23.80;23.99;22.80;23.30;6686421;155200128.00
20160125;23.58;24.00;23.33;23.78;5427707;128607576.00
20160126;23.51;23.67;22.44;22.90;6369513;146842064.00
20160127;22.91;23.08;21.22;22.00;10598671;232745472.00
20160128;22.02;22.10;21.20;21.49;5502381;119179200.00
20160129;21.45;22.60;21.02;22.36;7611639;167012592.00
20160201;22.35;22.48;21.73;21.91;2865204;63399748.00
20160202;22.00;22.98;21.91;22.76;6067432;137319824.00
20160203;22.50;22.90;22.21;22.78;3652404;82188992.00
20160204;22.98;23.46;22.88;23.11;5564081;128776016.00
20160205;23.31;23.61;23.07;23.08;3850574;89579104.00
20160215;22.49;22.86;22.31;22.64;3608140;81649256.00
20160216;22.79;23.40;22.78;23.32;6796607;157474912.00
20160217;23.39;23.48;22.90;23.36;7932752;183921328.00
20160218;23.45;23.55;23.09;23.14;5830019;136021952.00
20160219;23.13;23.24;22.78;22.96;4232487;97393480.00
20160222;23.16;23.83;23.09;23.83;10702975;251512592.00
20160223;23.84;23.84;23.08;23.40;6746278;157949328.00
20160224;23.24;23.54;22.60;22.99;7508647;172885760.00
20160225;22.95;22.98;20.78;21.30;10899393;238158960.00
20160226;21.45;21.50;20.39;20.88;10076445;210123952.00
20160229;21.88;21.90;20.69;21.27;21161528;452659648.00
20160301;21.20;21.95;20.80;21.74;12724028;271314304.00
20160302;21.59;22.50;21.59;22.49;13969550;308657120.00
20160303;22.50;22.98;22.17;22.18;12841622;287998784.00
20160304;22.08;22.43;21.12;21.43;11075459;240133920.00
20160307;21.55;22.17;21.50;21.94;8675742;189610048.00
20160308;22.02;22.18;21.30;22.02;9724170;211639040.00
20160309;21.67;22.01;21.40;21.89;6003901;130768936.00
20160310;21.80;22.00;21.50;21.55;5080174;110281192.00
20160311;21.20;21.69;21.20;21.65;4327271;92883848.00
20160314;21.85;22.82;21.78;22.38;10850240;243303872.00
20160315;22.43;22.44;22.10;22.14;5098891;113372888.00
20160316;22.30;22.38;21.70;21.79;4998390;109810736.00
20160317;21.86;22.59;21.86;22.34;7874924;175270112.00
20160318;22.38;23.47;22.38;23.19;16587486;382775616.00
20160321;23.65;23.70;23.19;23.39;14004859;327744448.00
20160322;23.30;23.58;23.09;23.46;10587529;247065840.00
20160323;23.50;23.81;23.32;23.80;11715710;276559008.00
20160324;23.70;24.50;23.52;24.03;20178205;486711456.00
20160325;23.85;24.19;23.48;23.90;11110689;264785344.00
20160328;24.11;24.55;23.50;23.78;15183966;366993408.00
20160329;23.84;23.87;22.86;23.13;10798677;251925856.00
20160330;23.36;24.69;23.20;24.66;21817985;526275392.00
20160331;24.74;24.74;24.12;24.40;21628283;529142144.00
20160401;24.45;24.56;23.84;23.98;15533104;374214720.00
20160405;24.05;24.68;24.05;24.61;15872744;387169888.00
20160406;24.55;25.08;24.35;25.06;18174910;447821056.00
20160407;25.15;25.20;24.35;24.35;17945919;443860352.00
20160408;24.21;24.45;23.70;23.99;14182012;341563008.00
20160411;24.28;24.61;24.27;24.37;11727748;286622208.00
20160412;24.31;24.50;23.82;24.07;10387993;249971904.00
20160413;24.17;24.62;24.11;24.28;15106765;368879456.00
20160414;24.41;24.59;24.18;24.49;9163738;223278800.00
20160415;24.52;24.55;24.13;24.25;9205646;223572336.00
20160418;24.02;24.08;23.56;23.60;10583251;251426464.00
20160419;23.75;23.87;23.42;23.60;8621987;203626368.00
20160420;23.69;23.83;22.22;22.68;16802504;384984992.00
20160421;22.55;22.87;22.33;22.37;7684311;174150944.00
20160422;22.35;22.82;22.32;22.82;7407542;167002992.00
20160425;22.76;22.76;22.23;22.33;7646153;171220064.00
20160426;22.33;22.55;22.25;22.53;6401389;143450752.00
20160427;22.61;22.75;22.45;22.74;7384152;167244624.00
20160428;22.72;22.79;22.21;22.59;6270850;141109504.00
20160429;22.95;23.59;22.93;23.47;15042212;349952416.00
20160503;23.50;24.04;23.47;23.91;12272035;291656736.00
20160504;23.96;24.04;23.69;23.81;10697731;255105088.00
20160505;23.92;24.43;23.83;24.13;18959006;457476736.00
20160506;9.98;9.98;9.18;9.18;47045449;446732544.00
20160509;9.03;9.07;8.67;8.71;28550167;252152432.00
20160510;8.78;8.94;8.60;8.80;18166455;159624320.00
20160511;8.82;9.15;8.76;8.83;18100266;161507920.00
20160512;8.90;9.25;8.79;9.12;27624915;250590912.00
20160513;9.00;9.12;8.73;8.90;21676519;194220304.00
20160516;8.86;8.99;8.70;8.98;16185824;142988176.00
20160517;8.98;9.03;8.82;8.88;13650347;121243168.00
20160518;8.81;8.84;8.55;8.69;15642719;135847312.00
20160519;8.70;8.80;8.58;8.59;13087523;113784680.00
20160520;8.51;8.66;8.50;8.60;10709037;91908808.00
20160523;8.61;8.67;8.57;8.60;13922019;119836608.00
20160524;8.59;8.60;8.45;8.48;12384326;105376152.00
20160525;8.54;8.61;8.46;8.48;10419533;88851440.00
20160526;8.46;8.52;8.31;8.42;12563294;105326048.00
20160527;8.42;8.49;8.40;8.43;7498275;63302004.00
20160530;8.41;8.41;8.23;8.33;10928357;90806320.00
20160531;8.33;8.68;8.30;8.68;21430342;183271136.00
20160601;8.71;8.72;8.57;8.60;17065356;147308448.00
20160602;8.60;8.72;8.55;8.70;19366253;166751664.00
20160603;8.70;9.09;8.67;8.92;30812014;274754304.00
20160606;8.90;9.04;8.78;8.86;19372501;172607072.00
20160607;8.90;8.90;8.71;8.79;11314785;99428752.00
20160608;8.82;8.83;8.72;8.75;9431939;82679544.00
20160613;8.75;8.75;8.24;8.25;31507599;265904624.00
20160614;8.26;8.33;8.22;8.28;10611378;87738032.00
20160615;8.24;8.61;8.15;8.58;22601394;191911184.00
20160616;8.58;8.65;8.41;8.54;16400351;139582624.00
20160617;8.51;8.63;8.46;8.53;12859711;110213512.00
20160620;8.53;8.59;8.49;8.58;9736508;83303472.00
20160621;8.60;8.74;8.40;8.47;17269463;148390064.00
20160622;8.47;8.56;8.41;8.54;9771605;82866072.00
20160623;8.54;8.62;8.40;8.52;14166515;120566200.00
20160624;8.53;8.70;8.31;8.55;19107156;162381888.00
20160627;8.69;8.95;8.68;8.81;32736286;289384192.00
20160628;8.75;8.88;8.66;8.84;26528057;232696080.00
20160629;8.90;8.96;8.82;8.85;20407942;181097552.00
20160630;8.92;8.92;8.78;8.83;16361243;144675920.00
