20150612;9.69;11.04;9.69;11.04;11101;122441.69
20150615;12.14;12.14;12.14;12.14;8100;98334.00
20150616;13.35;13.35;13.35;13.35;4000;53400.00
20150617;14.69;14.69;14.69;14.69;6172;90666.68
20150618;16.16;16.16;16.16;16.16;8600;138976.00
20150619;17.78;17.78;17.78;17.78;113754;2022546.13
20150623;19.56;19.56;19.56;19.56;18000;352080.00
20150624;21.52;21.52;21.52;21.52;11188;240765.77
20150625;23.67;23.67;23.67;23.67;23500;556245.00
20150626;26.04;26.04;26.04;26.04;987630;25717886.00
20150629;28.64;28.64;23.44;23.52;23820076;582136448.00
20150630;21.19;24.80;21.17;23.81;18627256;419531456.00
20150701;23.01;26.19;22.22;24.83;19621051;487155840.00
20150702;22.35;26.10;22.35;22.40;17449248;410193984.00
20150703;20.16;22.79;20.16;20.16;10689927;221369936.00
20150706;22.18;22.18;18.20;18.70;13746994;284278016.00
20150707;17.51;17.85;16.83;16.83;4219610;71928832.00
20150708;15.15;15.15;15.15;15.15;783600;11871540.00
20150709;13.65;16.67;13.65;16.67;12196293;193673168.00
20150710;18.33;18.34;17.81;18.34;3706352;67740928.00
20150713;20.17;20.17;20.17;20.17;838734;16917264.00
20150714;22.19;22.19;22.19;22.19;962610;21360316.00
20150715;23.00;23.90;19.97;19.97;18022625;381548736.00
20150716;18.74;21.11;17.98;20.17;11542084;229289056.00
20150717;20.49;22.04;20.17;21.73;9169023;195170560.00
20150720;21.37;22.00;20.16;20.90;10802872;229441776.00
20150721;20.30;22.88;19.97;22.52;10967665;235277744.00
20150722;22.00;22.51;21.23;22.00;9463469;207776128.00
20150723;22.21;24.20;21.79;24.20;9314009;214844544.00
20150724;25.75;26.62;24.80;26.62;22529820;590933056.00
20150727;26.00;28.50;24.51;24.54;19825136;535039552.00
20150728;22.28;26.00;22.09;22.99;15347081;359687200.00
20150729;24.10;25.29;23.01;25.29;12330824;296315872.00
20150730;26.40;27.82;26.05;26.97;18736719;516511264.00
20150731;26.98;29.67;26.21;29.67;22271776;639423744.00
20150803;29.90;32.64;29.60;32.64;20998247;669086464.00
20150804;34.55;35.90;29.38;30.25;28647526;906436096.00
20150805;28.56;33.28;28.51;33.28;23418419;749622016.00
20150806;33.00;36.61;30.21;35.90;29231539;981321472.00
20150807;33.99;37.82;33.18;34.80;21674704;767942272.00
20150810;34.80;35.70;33.80;34.98;18507636;646028672.00
20150811;34.98;38.48;34.20;38.48;18791648;693956672.00
20150812;40.50;42.33;37.10;40.21;28939609;1149651712.00
20150813;37.30;39.36;37.10;38.11;19184692;730440192.00
20150814;37.68;39.86;36.19;37.51;17485530;658990528.00
20150817;36.51;37.00;33.76;33.91;14517661;507538080.00
20150818;33.75;35.99;32.00;33.06;11919443;409890848.00
20150819;32.66;34.15;30.08;33.04;10423679;337418400.00
20150820;32.30;32.64;29.98;30.00;6736081;211847776.00
20150821;28.90;29.80;27.00;27.02;6821150;194082768.00
20150824;25.00;25.90;24.32;24.32;3201524;78600272.00
20150825;22.01;26.70;21.89;22.86;12041038;286162016.00
20150826;23.95;25.15;22.88;25.15;15170356;376579936.00
20150827;26.61;27.67;24.68;27.50;18752000;494775680.00
20150828;26.63;29.56;26.19;28.32;15904382;439470464.00
20150831;27.78;28.27;25.49;25.49;9576659;256917168.00
20150901;24.65;25.60;22.94;22.94;8524954;203459392.00
20150902;21.20;23.99;20.70;20.88;8741017;195828320.00
20150907;21.40;22.70;20.26;21.05;8068363;173326512.00
20150908;21.20;23.16;20.50;23.16;8926478;202419264.00
20150909;25.00;25.48;24.50;25.48;16713259;422806624.00
20150910;24.21;26.50;23.90;24.51;14872644;373479392.00
20150911;24.13;26.00;24.10;25.52;11801801;297565600.00
20150914;25.20;26.38;22.97;22.97;12392274;304833152.00
20150915;21.88;23.50;21.14;21.73;8477187;187679696.00
20150916;22.30;23.90;22.29;23.90;9019187;214325552.00
20150917;24.90;25.58;23.99;24.00;15665640;389014464.00
20150918;24.00;24.98;23.51;24.92;10421987;252883248.00
20150921;24.41;26.97;24.23;26.83;13243725;338185216.00
20150922;26.24;26.90;25.55;26.13;13209087;347542848.00
20150923;25.60;27.50;25.30;26.17;11609274;308031584.00
20150924;26.41;26.78;25.59;25.86;8534777;222812128.00
20150925;25.80;26.15;23.40;23.65;8144684;200535440.00
20150928;23.98;25.30;23.98;24.89;6687051;165669040.00
20150929;24.35;24.56;23.80;24.10;5395718;130098168.00
20150930;24.50;24.80;23.48;24.00;3488448;83937416.00
20151008;24.85;25.98;24.50;25.48;7309556;184281808.00
20151009;25.25;26.22;25.03;25.54;8702730;223512608.00
20151012;25.74;28.09;25.41;28.09;12429892;332733792.00
20151013;27.55;28.04;27.21;27.76;10613422;293288064.00
20151014;27.55;29.47;26.98;27.03;10107735;282979008.00
20151015;26.29;28.32;26.15;27.86;10820215;293984352.00
20151016;27.90;28.19;27.12;27.59;9212799;254376688.00
20151019;27.40;29.30;27.37;28.61;12570802;357042208.00
20151020;28.10;28.98;27.36;28.70;9586572;270119872.00
20151021;28.77;29.60;25.83;25.83;11502337;318741856.00
20151022;25.45;26.85;25.01;26.48;8084813;209783952.00
20151023;26.50;27.17;26.02;26.72;6836859;181910080.00
20151026;27.03;27.97;26.78;27.12;6920380;188581632.00
20151027;26.88;28.18;26.13;28.01;8590505;234297552.00
20151028;28.00;28.00;26.50;26.75;6351199;173108992.00
20151029;26.90;27.19;26.30;26.65;3889833;103838264.00
20151030;26.43;27.18;26.10;26.61;4653555;124570024.00
20151102;26.00;28.35;25.28;26.99;8603340;235366224.00
20151103;26.79;29.02;26.79;28.67;13609155;381372128.00
20151104;29.00;29.50;28.02;29.35;15073704;434891008.00
20151105;29.20;31.33;28.88;29.38;14226167;425523424.00
20151106;29.28;31.20;29.01;31.15;15085146;460107872.00
20151109;31.28;33.26;30.50;32.61;15989474;511622784.00
20151110;32.00;32.40;31.00;31.60;12445744;393695776.00
20151111;31.43;33.99;31.30;33.50;13645953;447099776.00
20151112;33.80;36.85;33.00;36.26;17620629;621115456.00
20151113;35.00;35.64;32.63;32.63;16293304;547483968.00
20151116;31.01;32.10;30.80;32.00;8063118;254426320.00
20151117;32.17;32.85;31.00;31.17;7559662;242120400.00
20151118;30.80;31.47;29.88;30.00;4924227;151133744.00
20151119;30.25;31.42;30.25;31.37;4926567;152013888.00
20151120;31.41;31.55;30.54;31.25;5534404;172390784.00
20151123;31.21;31.80;30.70;30.99;4829817;150879888.00
20151124;30.70;33.20;30.70;32.92;8628311;277218912.00
20151125;32.50;33.18;32.06;32.64;6870740;223534816.00
20151126;32.66;33.55;32.13;32.26;6842547;224851952.00
20151127;32.04;32.04;29.03;29.11;6825071;208189840.00
20151130;29.32;30.10;27.12;29.83;6124297;177337584.00
20151201;29.40;30.50;29.00;29.50;4719793;140706096.00
20151202;29.49;29.49;27.66;28.68;3450234;98270440.00
20151203;28.81;30.29;28.80;29.94;4257538;126313680.00
20151204;29.90;30.50;29.40;29.71;4156480;124411352.00
20151207;29.98;30.48;29.26;30.24;3945573;118945608.00
20151208;30.18;31.58;30.06;30.77;6796602;209837456.00
20151209;30.90;31.18;29.27;29.52;5016205;151488688.00
20151210;29.13;29.58;28.65;28.96;3722439;107944968.00
20151211;28.80;29.28;28.70;29.00;2608616;75764200.00
20151214;28.94;30.14;28.60;29.94;2991934;87758952.00
20151215;29.94;30.50;29.66;29.76;3050345;91488496.00
20151216;30.00;31.30;29.99;30.66;5765794;177706480.00
20151217;30.45;31.83;30.45;31.76;6766177;211293104.00
20151218;31.77;31.98;30.66;30.98;5176051;161793792.00
20151221;30.60;31.20;30.45;31.05;3360258;103584448.00
20151222;31.25;31.95;31.08;31.34;3560044;111903072.00
20151223;31.15;32.39;30.92;32.05;7762558;246275408.00
20151224;31.50;32.45;31.00;31.78;4738450;149854512.00
20151225;31.71;32.95;31.70;32.13;5737139;186276704.00
20151228;32.30;32.38;30.50;30.68;5156198;162039600.00
20151229;30.30;31.44;30.29;31.42;2705981;83434600.00
20151230;31.34;31.90;31.11;31.57;3050672;96115424.00
20151231;31.57;31.87;30.54;30.54;2729567;84715680.00
20160104;30.21;30.53;27.49;27.49;2338000;67217072.00
20160105;25.98;27.47;25.03;26.33;3953035;104210712.00
20160106;26.34;27.20;26.34;27.12;2334723;62717700.00
20160107;26.59;26.80;24.41;24.41;768600;19274260.00
20160108;24.99;25.49;22.61;24.36;2854695;70194968.00
20160111;23.88;24.00;21.92;21.92;3022241;69457184.00
20160112;21.43;22.35;21.28;21.96;2420846;53003748.00
20160113;22.00;22.44;20.83;20.83;1925555;41997836.00
20160114;20.30;21.95;20.03;21.79;2988215;63588320.00
20160115;21.60;21.87;20.28;20.45;3338635;70461192.00
20160118;19.90;21.33;19.73;20.92;2073660;43065592.00
20160119;20.88;21.79;20.60;21.70;2713889;58060512.00
20160120;21.40;22.19;21.40;21.72;2697673;58643292.00
20160121;21.50;23.89;21.32;23.89;7906721;186207744.00
20160122;23.80;24.69;22.80;24.20;9754615;231994768.00
20160125;24.19;24.19;23.25;23.76;5883014;139639472.00
20160126;23.25;23.25;21.38;21.38;4594648;102422728.00
20160127;21.20;21.47;19.39;20.67;4056063;82579600.00
20160128;20.30;20.56;18.60;18.61;2641480;51852244.00
20160129;18.40;19.65;18.31;19.37;2389677;45772148.00
20160201;19.30;19.47;18.50;18.94;1788447;34096176.00
20160202;19.09;20.83;19.00;20.83;1802903;36878292.00
20160203;21.39;21.39;20.08;21.03;4520455;94164256.00
20160204;20.89;22.40;20.66;21.70;4303024;92516504.00
20160205;21.80;21.88;21.03;21.13;2290856;48994304.00
20160215;20.70;20.99;20.02;20.75;1999838;41111704.00
20160216;20.95;21.92;20.95;21.67;2841432;61374820.00
20160217;21.64;22.16;21.38;21.93;3022847;66030580.00
20160218;22.22;22.65;21.73;21.76;3285354;72805696.00
20160219;21.70;22.48;21.66;22.15;2647096;58518736.00
20160222;22.51;22.68;22.21;22.49;3410739;76527216.00
20160223;22.35;23.35;22.30;23.02;4112950;92979520.00
20160224;22.85;23.01;21.88;22.55;3364491;75636672.00
20160225;22.53;22.53;20.30;20.30;3292050;69812968.00
20160226;20.98;20.98;19.91;20.36;2002374;40797612.00
20160229;20.28;20.28;18.58;19.07;2270863;43567300.00
20160301;19.20;20.05;19.00;19.80;1647305;32142250.00
20160302;19.80;20.75;19.80;20.63;2204187;44941072.00
20160303;20.57;21.09;20.35;20.37;2621156;54401684.00
20160304;20.30;20.44;19.07;19.35;1974437;39048672.00
20160307;19.42;20.16;19.42;19.80;1343541;26690886.00
20160308;19.82;20.05;19.00;20.01;1909738;37411868.00
20160309;19.80;19.97;19.51;19.71;1245168;24565368.00
20160310;19.90;19.99;19.21;19.29;1050237;20599106.00
20160311;19.10;19.59;19.02;19.56;1107139;21484502.00
20160314;19.65;20.76;19.65;20.51;2531356;51655292.00
20160315;20.40;20.68;20.30;20.50;1596646;32678406.00
20160316;20.50;20.80;19.82;20.11;1488616;30304186.00
20160317;20.20;20.96;20.10;20.89;2555301;52707824.00
20160318;20.90;21.98;20.72;21.75;4131289;88985248.00
20160321;22.03;22.59;22.00;22.44;4489830;100151872.00
20160322;21.98;22.55;21.59;22.14;4144395;91323808.00
20160323;22.01;22.88;21.90;22.66;3633082;81931040.00
20160324;22.40;24.37;22.09;22.92;6326999;147105136.00
20160325;22.63;23.14;22.30;22.66;3512566;79572928.00
20160328;22.73;23.23;22.22;22.40;3127431;71198064.00
20160329;22.44;22.63;21.33;21.54;2196433;47754732.00
20160330;21.70;22.64;21.65;22.60;2680835;59749764.00
20160331;22.67;23.28;22.60;22.70;3213866;73587216.00
20160401;22.60;23.85;22.35;23.43;5261609;122474296.00
20160405;23.70;24.22;23.48;23.83;5519695;131666640.00
20160406;23.66;23.88;23.32;23.75;3638654;85731104.00
20160407;23.83;25.73;23.81;24.70;8475473;210953824.00
20160408;24.68;25.48;23.94;25.42;6347326;156780608.00
20160411;25.40;26.68;25.20;25.51;5711502;148386672.00
20160412;25.20;25.35;24.35;24.67;3808212;94665624.00
20160413;24.75;26.10;24.65;25.22;4287828;109226440.00
20160414;25.41;26.36;24.78;26.20;4659445;118759104.00
20160415;25.74;27.00;25.74;26.89;5745939;151833536.00
20160418;26.50;26.87;26.06;26.09;3256272;85909592.00
20160419;26.28;27.10;26.09;26.26;4143801;110263984.00
20160420;26.11;26.40;24.00;24.42;5714297;143272368.00
20160421;24.45;24.74;23.20;23.30;3340963;80179224.00
20160422;23.32;24.50;23.00;24.50;2479519;58989264.00
20160425;24.20;24.30;22.85;23.45;3190258;74647112.00
20160426;23.44;24.60;23.30;24.60;3025519;72396416.00
20160427;24.60;24.90;24.31;24.44;2693662;66252884.00
20160428;24.62;24.62;23.58;24.28;2215495;53417836.00
20160429;24.12;25.00;23.90;24.65;2430262;59993068.00
20160503;24.95;25.61;24.58;25.36;3148701;79451632.00
20160504;25.39;25.60;25.11;25.28;2517789;63696748.00
20160505;25.30;25.70;25.12;25.46;2361135;60176552.00
20160506;25.59;25.91;23.98;23.98;3757543;93458584.00
20160509;23.90;23.90;22.69;22.69;2803723;64478712.00
20160510;22.22;23.16;22.22;22.67;2254142;51148576.00
20160511;22.81;22.95;22.31;22.37;1581546;35798496.00
20160512;21.85;22.40;21.50;22.18;1668762;36516264.00
20160513;22.18;22.56;21.88;22.05;1177972;26223290.00
20160516;22.05;22.73;21.68;22.58;1655067;37104268.00
20160517;22.70;22.75;22.21;22.58;1690527;37940076.00
20160518;22.35;24.84;21.00;24.49;3925762;88750920.00
20160519;24.02;25.52;23.42;25.20;8804593;218067168.00
20160520;24.50;24.77;24.09;24.52;4116019;100555120.00
20160523;24.56;25.27;24.55;24.66;3852982;95777832.00
20160524;24.49;24.50;23.33;23.65;3328867;79360776.00
20160525;23.80;24.22;23.42;23.76;2250962;53692256.00
20160526;23.56;23.75;22.60;23.56;2539968;58931488.00
20160527;23.56;24.97;23.15;24.65;5434842;131559992.00
20160530;24.49;25.10;24.01;24.52;4445206;109559120.00
20160531;24.26;25.50;24.26;25.50;6851337;172347328.00
20160601;25.60;26.02;25.20;25.32;7137098;182356480.00
20160602;25.20;26.27;25.10;26.17;7082060;182792768.00
20160603;26.09;26.40;25.75;25.85;6175787;160780656.00
20160606;25.88;26.08;25.26;25.50;4099044;105157120.00
20160607;25.42;26.68;25.30;26.53;6349375;165666400.00
20160608;26.23;26.25;25.48;25.54;5403858;139211920.00
20160613;24.77;24.98;23.18;23.20;4640694;112617824.00
20160614;23.25;23.64;23.10;23.43;2244323;52447496.00
20160615;23.03;24.43;22.95;24.13;3519802;84394960.00
20160616;24.13;24.51;23.91;23.96;2649494;64056008.00
20160617;24.20;24.58;23.99;24.28;2534664;61541296.00
20160620;24.30;25.26;23.99;25.10;4200046;104043904.00
20160621;25.20;25.43;24.48;24.63;3623380;90610928.00
20160622;24.60;25.60;24.41;25.60;4634373;116778984.00
20160623;25.30;25.93;25.00;25.26;4566139;116034192.00
20160624;25.19;25.50;23.71;24.60;4116045;101933336.00
20160627;24.54;25.62;24.10;25.60;4278839;108096680.00
20160628;25.36;26.24;25.20;26.22;5918776;153008688.00
20160629;26.90;27.48;26.05;26.78;7305629;194321184.00
20160630;26.40;26.58;26.01;26.35;3757201;98826416.00
