20150626;27.95;33.54;27.95;33.54;20493;686758.13
20150629;36.89;36.89;36.89;36.89;26900;992341.00
20150630;40.58;40.58;40.58;40.58;25786;1046395.88
20150701;44.64;44.64;44.64;44.64;12143;542063.50
20150702;49.10;49.10;49.10;49.10;156200;7669420.00
20150703;50.98;54.01;44.20;54.01;15629995;761156544.00
20150706;59.00;59.41;48.61;48.61;13258962;729131456.00
20150707;43.75;43.75;43.75;43.75;490400;21455000.00
20150708;39.38;39.38;39.38;39.38;129500;5099710.00
20150709;35.44;43.32;35.44;43.32;10716706;421135968.00
20150710;47.00;47.65;44.50;47.65;2557048;119974816.00
20150713;52.00;52.42;49.65;52.42;6485012;337634432.00
20150714;56.00;57.66;52.51;57.66;10527166;598057408.00
20150715;57.00;57.00;51.89;51.89;5625567;297718656.00
20150716;46.70;53.00;46.70;47.72;8400975;409413696.00
20150717;48.08;51.96;45.00;50.23;6365732;311606656.00
20150720;48.60;50.98;47.70;47.96;5023868;246223440.00
20150721;46.78;49.60;45.90;49.30;4205368;202991024.00
20150722;49.50;51.99;48.66;49.52;4294372;214864320.00
20150723;49.80;54.47;49.56;54.47;4160357;217086672.00
20150724;59.60;59.92;57.22;59.92;10154530;606734912.00
20150727;57.00;65.89;53.93;54.18;11377843;696231552.00
20150728;51.00;58.50;48.76;58.00;10329802;551771328.00
20150729;57.99;63.80;54.01;63.80;9875588;580977600.00
20150730;64.00;70.18;62.86;65.50;12716527;860702592.00
20150731;63.49;71.88;61.50;68.40;11257343;746628800.00
20150803;65.83;69.19;61.56;62.75;8860463;574650688.00
20150804;62.00;65.68;56.48;60.26;8864565;525840256.00
20150805;58.67;65.25;58.67;62.75;7195680;448145920.00
20150806;60.70;61.42;57.05;58.86;5240260;310974848.00
20150807;59.25;61.30;58.20;59.87;4407950;264366800.00
20150810;60.00;62.76;59.29;62.00;4739719;291160992.00
20150811;61.82;64.95;61.46;63.21;5129119;325906752.00
20150812;63.20;64.80;58.75;59.50;4863457;299268448.00
20150813;58.12;60.63;57.08;60.00;3705959;218224144.00
20150814;59.96;61.49;59.01;59.84;3761487;225745696.00
20150817;59.00;59.00;55.50;55.80;4239603;240862768.00
20150818;55.81;57.79;50.22;50.25;3779077;205769296.00
20150819;49.58;51.77;46.31;51.39;3961316;195903664.00
20150820;50.60;51.18;48.21;48.21;2711537;134922432.00
20150821;46.90;47.82;44.38;44.40;2737027;126371928.00
20150824;42.80;42.93;39.96;39.96;2637051;106535664.00
20150825;36.10;42.49;36.00;36.38;5392164;207527648.00
20150826;37.86;40.02;36.40;40.02;6330984;247555840.00
20150827;41.50;43.49;39.00;42.93;7287313;298025888.00
20150828;41.80;45.44;41.01;44.25;6438010;275527552.00
20150831;43.06;43.30;39.83;39.83;3709268;153494864.00
20150901;38.62;38.99;35.85;35.85;3121518;116029184.00
20150902;33.65;38.49;33.65;35.42;3601210;131889056.00
20150907;36.63;38.15;36.20;36.64;2802168;104044880.00
20150908;36.20;40.20;36.00;40.20;4150543;160741904.00
20150909;40.00;42.00;39.70;41.00;4917432;201331424.00
20150910;39.37;41.00;38.50;38.80;2981879;118259488.00
20150911;39.22;39.98;38.65;39.67;2004747;79054000.00
20150914;39.77;39.98;35.70;35.70;2652433;98780088.00
20150915;34.80;36.68;34.22;34.82;2251628;79584640.00
20150916;35.05;38.30;35.05;38.29;3639406;133736840.00
20150917;37.86;38.97;36.80;36.84;3768630;142691792.00
20150918;37.30;37.40;36.22;37.18;1983279;73025296.00
20150921;36.79;39.16;36.40;39.00;2824933;107634008.00
20150922;39.42;39.42;38.39;38.90;2651261;103385120.00
20150923;38.20;40.28;37.72;39.30;3521137;137930096.00
20150924;39.59;40.54;39.02;39.46;2598391;103050904.00
20150925;39.01;39.58;36.40;36.73;2549798;96606512.00
20150928;36.73;38.35;36.54;38.25;1540853;57891820.00
20150929;37.60;37.99;36.82;37.34;1296601;48443636.00
20150930;37.48;38.17;37.10;37.90;1286314;48634544.00
20151008;39.30;40.25;38.45;40.00;2552208;100863008.00
20151009;40.00;40.48;39.41;40.17;2339301;93612448.00
20151012;40.32;42.99;40.32;42.31;3455004;144351632.00
20151013;41.80;42.50;41.26;42.06;2375099;99551816.00
20151014;41.96;42.90;41.70;41.81;2677372;113072720.00
20151015;41.81;44.28;41.60;43.59;3391386;146872000.00
20151016;43.96;44.00;42.21;43.21;2948804;127199008.00
20151019;43.32;45.37;42.00;44.30;3328664;143951952.00
20151020;45.11;48.73;45.07;48.73;5859148;275144000.00
20151021;49.60;50.70;43.86;44.17;5292635;254248256.00
20151022;44.98;48.00;43.90;47.35;3145837;144283248.00
20151023;48.00;48.45;46.49;47.99;2290367;108980616.00
20151026;48.60;50.72;47.97;49.58;2689539;133394544.00
20151027;48.50;50.70;47.00;50.20;2609908;127907168.00
20151028;50.40;50.40;48.00;48.15;1592126;78287200.00
20151029;48.28;49.55;47.48;49.27;1755129;85206840.00
20151030;48.82;50.49;48.11;49.77;1458396;72143240.00
20151102;49.45;54.75;48.34;51.60;3273050;173006464.00
20151103;51.00;54.00;51.00;52.92;2845045;149408768.00
20151104;53.11;54.80;52.00;54.20;2341561;124762600.00
20151105;54.10;57.09;53.13;56.30;2857941;159433872.00
20151106;56.20;60.96;55.60;59.50;2747158;161672032.00
20151109;59.00;65.45;58.50;65.05;4141309;260079296.00
20151110;64.00;66.78;61.19;64.71;3425946;219976576.00
20151111;64.09;71.18;63.00;71.18;3974474;268153056.00
20151112;70.00;75.80;67.55;72.81;4976385;353945312.00
20151113;70.65;71.50;65.53;65.53;5312381;355851904.00
20151116;62.30;66.27;62.00;64.61;2898923;186897152.00
20151117;65.55;66.58;60.03;62.56;3970720;252618832.00
20151118;62.49;62.60;59.02;59.19;2817541;169835920.00
20151119;59.62;65.11;59.22;65.11;3144422;195641424.00
20151120;64.80;70.53;64.01;68.08;4143041;281505024.00
20151123;67.30;67.50;63.00;63.50;2648319;172825888.00
20151124;63.44;69.85;63.16;69.85;3415075;229407952.00
20151125;69.85;72.95;68.18;70.20;3518983;249860208.00
20151126;70.25;73.80;68.30;69.58;2572128;182459552.00
20151127;69.41;72.00;66.70;68.53;3954262;275048832.00
20151130;67.28;75.30;65.00;72.81;5335928;368799968.00
20151201;72.80;74.73;65.53;66.90;5924849;416170912.00
20151202;65.30;65.97;60.26;63.70;3429910;216813824.00
20151203;64.00;67.34;63.51;66.69;2562465;167738960.00
20151204;66.70;68.49;64.60;65.89;2495839;166672912.00
20151207;65.00;67.53;64.00;65.91;1979472;129737560.00
20151208;65.00;68.78;64.58;66.88;2987228;200028640.00
20151209;66.00;69.48;65.45;66.98;2755715;185712320.00
20151210;66.72;66.81;64.20;64.50;2016367;131780448.00
20151211;64.00;64.48;62.00;62.77;1481085;93444848.00
20151214;61.06;64.83;61.05;64.70;1038238;65960920.00
20151215;64.72;66.62;64.70;65.09;1444909;94763976.00
20151216;65.25;68.65;65.25;68.00;2980286;200793840.00
20151217;67.99;70.68;67.99;70.29;3524461;242482464.00
20151218;69.90;69.90;67.25;68.68;2685519;184293776.00
20151221;68.38;70.96;68.10;70.60;2615804;182334640.00
20151222;70.79;77.66;70.10;77.66;3951276;295527488.00
20151223;80.00;85.43;79.15;82.99;5702378;469369440.00
20151224;82.60;85.75;80.19;80.80;4075692;336917344.00
20151225;79.98;83.28;78.60;79.37;2615565;210526736.00
20151228;79.30;82.30;78.88;79.90;2723224;219195616.00
20151229;79.32;81.58;77.68;81.35;1488635;118506032.00
20151230;81.43;81.50;79.08;79.70;1452733;116254416.00
20151231;80.42;81.49;76.51;76.80;1683255;132530744.00
20160104;76.00;77.65;69.12;69.12;2110217;150577760.00
20160105;65.30;69.78;63.11;69.45;2899372;193997168.00
20160106;70.00;73.58;67.81;73.50;2243586;159460480.00
20160107;71.64;71.64;66.15;66.17;448000;31104432.00
20160108;67.80;71.10;63.01;67.74;2904886;196265136.00
20160111;64.72;68.46;62.00;63.96;2459110;162153312.00
20160112;66.00;66.88;63.20;65.60;1944333;126983648.00
20160113;66.07;67.87;61.73;62.93;2918901;191999344.00
20160114;60.00;64.70;56.64;63.29;2897252;173163952.00
20160115;62.01;62.90;56.96;56.96;2282728;135946560.00
20160203;52.51;56.90;51.50;54.00;3348529;177747152.00
20160204;53.84;58.58;53.00;57.45;2937060;165339760.00
20160205;58.58;62.50;58.00;60.38;2157356;131072440.00
20160215;58.40;62.50;58.00;61.86;1685437;102314536.00
20160216;61.96;65.00;61.50;63.54;2249803;141849840.00
20160217;64.00;64.07;61.70;63.56;2030757;127784624.00
20160218;64.22;67.00;63.13;65.60;2588603;168340832.00
20160219;65.41;65.58;63.90;64.43;1549098;99965880.00
20160222;65.60;65.60;64.46;65.38;1506026;97961888.00
20160223;64.80;68.53;64.51;67.73;2716119;182845024.00
20160224;67.70;69.50;64.00;66.13;2295402;152522320.00
20160225;65.00;65.74;59.52;59.52;2315294;141246752.00
20160226;59.52;60.38;55.80;56.51;1750803;100850776.00
20160229;56.56;56.97;51.00;51.10;1773167;92758536.00
20160301;51.12;56.21;50.10;54.50;2008815;106403568.00
20160302;54.01;59.38;53.50;59.30;2425776;138552288.00
20160303;58.90;59.96;57.27;57.38;1927443;113129592.00
20160304;56.55;58.25;51.64;52.40;1915140;103882392.00
20160307;53.63;55.55;53.01;53.84;1524918;82568016.00
20160308;53.00;55.08;50.60;54.80;1620505;85762088.00
20160309;53.00;56.49;52.28;54.55;1386425;75706088.00
20160310;53.98;55.90;53.51;54.06;1158782;63387684.00
20160311;53.28;54.70;53.01;53.99;821788;44304772.00
20160314;54.84;59.04;54.42;57.99;2402696;137941632.00
20160315;57.85;57.88;55.89;56.35;1430411;81104280.00
20160316;57.19;57.85;55.80;56.25;1356677;77060392.00
20160317;56.60;60.88;56.25;60.03;2082766;122896088.00
20160318;60.58;64.28;60.58;63.20;2261930;141905984.00
20160321;63.30;69.20;63.21;66.61;2944307;193740528.00
20160322;66.00;70.47;65.01;69.25;2631234;179317216.00
20160323;68.88;71.80;67.00;71.63;2711095;188208016.00
20160324;69.00;74.90;68.63;71.71;2996212;214059024.00
20160325;72.90;72.99;64.95;66.27;3978285;272344160.00
20160328;67.10;71.36;67.10;69.15;2764138;191150592.00
20160329;70.40;71.18;65.80;68.84;2963217;202322256.00
20160330;68.94;75.72;68.94;75.72;3884358;284427168.00
20160331;40.00;41.55;39.00;41.55;20452452;836647104.00
20160401;40.00;40.88;37.40;38.40;16823550;655420288.00
20160405;38.60;39.49;37.13;39.10;9835668;382151072.00
20160406;38.60;41.48;37.80;40.07;10367719;411191648.00
20160407;39.40;41.38;38.30;40.80;11008437;437475616.00
20160408;40.01;44.60;39.51;41.21;13610979;570475264.00
20160411;40.00;41.66;39.04;40.97;9898561;401371232.00
20160412;40.25;40.50;37.47;37.88;9209732;355724544.00
20160413;37.89;38.50;37.29;38.05;6953661;263815424.00
20160414;38.11;38.78;37.46;38.63;5952330;227597904.00
20160415;38.42;38.45;37.59;37.80;3895064;147671056.00
20160418;37.79;37.79;36.00;36.45;4176947;152868768.00
20160419;37.00;37.16;36.20;36.55;3230089;118261544.00
20160420;36.73;36.78;33.00;33.26;5689382;196260128.00
20160421;33.29;34.55;33.26;33.31;4055664;137391632.00
20160422;32.60;34.82;32.30;34.80;4728894;161606256.00
20160425;34.10;34.45;33.00;33.46;3732453;125355552.00
20160426;33.30;34.52;33.28;34.00;3769937;128220592.00
20160427;34.00;34.51;33.56;33.77;3097378;105492912.00
20160428;33.80;33.94;32.00;32.93;3415407;112067304.00
20160429;32.70;32.98;32.05;32.50;2470695;80722944.00
20160503;32.28;33.50;32.22;33.36;4014712;132497696.00
20160504;33.29;33.98;32.90;33.93;4425297;147676256.00
20160505;33.70;34.79;33.52;34.69;4917600;168590864.00
20160506;34.69;34.98;33.00;33.00;5405074;182167616.00
20160509;32.11;32.62;29.80;30.00;4174622;128347040.00
20160510;30.00;30.48;29.39;29.76;2066785;61851468.00
20160511;30.02;30.23;29.58;29.75;2178350;65364952.00
20160512;29.33;29.33;28.04;29.04;2311201;66106020.00
20160513;28.90;29.44;28.48;28.60;1641990;47507624.00
20160516;28.80;30.60;28.42;30.60;3356097;99831696.00
20160517;30.60;30.92;30.30;30.30;2781255;84855640.00
20160518;29.99;29.99;28.06;28.30;2807392;80939888.00
20160519;28.35;29.22;28.35;28.40;2003142;57675444.00
20160520;28.11;29.11;28.04;29.11;2127205;61113556.00
20160523;29.30;29.90;29.11;29.39;2145063;63262272.00
20160524;29.41;29.76;28.60;29.58;2192440;64000504.00
20160525;29.86;32.00;29.58;31.16;4693812;143270288.00
20160526;30.98;31.00;29.84;30.69;3957423;120186152.00
20160527;30.60;31.20;30.24;30.72;3360776;103404040.00
20160530;30.64;30.99;29.80;30.16;2059959;62554220.00
20160531;30.10;31.80;30.10;31.76;4587224;143025664.00
20160601;31.79;32.68;31.52;31.80;4833253;155330688.00
20160602;31.85;32.47;31.62;32.41;3406641;109633512.00
20160603;32.21;32.99;32.21;32.40;4316294;140817376.00
20160606;32.68;32.69;31.36;31.52;3865149;123099520.00
20160607;31.46;32.34;30.72;32.34;4171595;130939336.00
20160608;32.36;32.39;31.49;31.65;3003514;95686488.00
20160613;30.70;31.17;29.00;29.26;3600665;109305264.00
20160614;29.28;30.08;29.14;29.50;1866495;55136940.00
20160615;29.05;31.50;29.05;31.20;3574348;109262976.00
20160616;31.00;31.49;30.22;30.69;3351681;103373360.00
20160617;30.50;31.29;30.40;30.70;2218614;68510016.00
20160620;30.98;31.20;30.10;30.89;2365247;72614864.00
20160621;30.98;32.50;30.98;32.15;7226479;231561152.00
20160622;32.05;34.98;31.72;34.89;11136214;378209952.00
20160623;34.01;34.36;32.54;33.50;9315594;311210944.00
20160624;33.09;33.54;31.01;32.13;6541416;212733280.00
20160627;31.85;34.68;31.81;33.75;6178442;206227904.00
20160628;33.99;36.28;33.55;35.97;9814557;348048800.00
20160629;36.01;36.10;35.00;35.36;6489423;229286960.00
20160630;35.23;36.98;35.20;35.56;6926492;249933360.00
