20160106;10.20;12.24;10.20;12.24;10900;132702.00
20160107;13.46;13.46;13.46;13.46;3700;49802.00
20160108;14.81;14.81;14.81;14.81;3100;45911.00
20160111;16.29;16.29;16.29;16.29;6200;100998.00
20160112;17.92;17.92;17.92;17.92;3500;62720.00
20160113;19.71;19.71;19.71;19.71;5600;110376.00
20160114;21.68;21.68;21.68;21.68;38000;823840.00
20160115;23.85;23.85;23.85;23.85;18200;434070.00
20160118;26.24;26.24;26.24;26.24;59500;1561280.00
20160119;28.86;28.86;28.86;28.86;30000;865800.00
20160120;31.75;31.75;31.75;31.75;37400;1187450.00
20160121;34.93;34.93;34.93;34.93;171699;5997446.00
20160122;38.42;38.42;38.42;38.42;1126103;43264876.00
20160125;42.26;42.26;42.26;42.26;4104710;173465040.00
20160126;43.00;43.00;38.03;38.03;8292852;322379264.00
20160127;34.23;36.95;34.23;35.46;10530126;364332672.00
20160128;34.00;35.46;31.91;31.91;5722947;192499024.00
20160129;32.17;35.10;32.17;35.10;3500139;120618552.00
20160201;35.00;37.02;32.50;33.60;8981996;317771520.00
20160202;33.05;34.45;32.58;33.98;6238353;210063408.00
20160203;33.00;35.09;32.30;34.52;5543901;186902464.00
20160204;34.52;37.97;34.10;37.97;5170967;192533456.00
20160205;39.88;40.88;35.87;36.48;9793308;373209984.00
20160215;34.00;36.78;33.35;36.16;5714591;198725616.00
20160216;36.20;38.72;36.20;37.54;7318603;276347648.00
20160217;37.54;39.84;37.15;39.05;8298760;320577600.00
20160218;42.00;42.96;42.00;42.96;4771893;204635472.00
20160219;41.00;44.37;40.00;40.76;10575182;444514208.00
20160222;41.23;44.84;40.08;44.84;9545472;402986560.00
20160223;44.81;48.30;43.68;46.04;10307148;471836192.00
20160224;44.70;44.79;42.43;43.64;8060420;351683712.00
20160225;42.51;43.58;39.28;39.28;5308899;219472960.00
20160226;39.30;40.25;36.81;38.87;4920220;191586368.00
20160229;37.80;37.85;34.98;34.98;2963439;105342720.00
20160301;34.49;38.38;33.33;36.83;5102278;182960832.00
20160302;36.21;38.70;36.11;38.01;4858034;181890864.00
20160303;37.50;39.47;36.30;36.35;5066844;192986080.00
20160304;35.15;35.98;32.72;32.72;5222292;177107776.00
20160307;33.45;34.40;32.78;33.35;3352669;112997392.00
20160308;33.59;36.69;32.83;36.69;7300577;260168192.00
20160309;35.00;36.47;34.60;34.81;4632803;163799568.00
20160310;35.60;36.40;34.41;34.97;3505946;124306048.00
20160311;33.83;35.18;33.31;34.54;2813384;96205720.00
20160314;35.38;36.88;34.61;36.10;4081974;147158064.00
20160315;35.60;35.98;34.75;35.07;2859612;100560440.00
20160316;35.55;36.50;34.70;36.00;4003504;142586912.00
20160317;36.48;38.60;35.92;37.97;5361404;199523936.00
20160318;38.24;39.93;37.16;38.80;6032346;232342016.00
20160321;39.19;39.52;38.20;39.46;4948457;192737952.00
20160322;38.83;40.59;38.30;38.91;4751680;187572544.00
20160323;38.70;39.38;38.01;39.32;3749087;145946512.00
20160324;38.59;39.00;37.50;37.59;4031749;153996944.00
20160325;37.50;37.89;36.47;37.60;2503819;93193296.00
20160328;37.75;39.44;37.67;37.85;3153807;121670984.00
20160329;37.49;38.46;36.10;36.49;2165734;79599432.00
20160330;37.00;38.18;36.82;37.88;2204951;82995656.00
20160331;38.33;39.30;37.96;38.97;3096846;119878344.00
20160401;38.80;40.49;38.31;40.13;5225161;207960032.00
20160405;40.05;41.85;39.73;40.92;5017974;205810160.00
20160406;40.41;40.65;39.75;40.58;3765324;151029792.00
20160407;40.89;41.19;39.07;39.30;3425408;136398160.00
20160408;37.78;38.38;36.95;38.38;4056715;152972352.00
20160411;38.98;40.34;38.58;40.10;3540650;139933024.00
20160412;40.12;41.40;38.72;39.56;4801902;193745744.00
20160413;39.90;43.52;39.67;43.52;6875023;288044640.00
20160414;43.52;46.40;42.88;45.32;8799679;393608064.00
20160415;44.00;44.66;43.12;44.45;5442459;239035184.00
20160418;43.07;43.35;41.78;42.11;3019760;127835336.00
20160419;42.60;43.43;41.95;42.90;2981941;127176576.00
20160420;43.10;43.35;38.61;39.11;4696849;188542400.00
20160421;38.80;39.97;38.00;38.20;3058148;120096976.00
20160422;37.33;38.92;37.33;38.58;2627486;100354312.00
20160425;38.05;38.99;37.40;38.88;2093716;79799872.00
20160426;38.75;40.60;38.40;40.22;3826560;151859712.00
20160427;40.30;40.50;39.40;39.74;3717874;148375040.00
20160428;39.83;41.70;39.61;41.00;4193213;170482544.00
20160429;40.51;41.00;39.60;39.71;3366764;135291296.00
20160503;40.06;41.20;39.10;40.89;2636942;106607280.00
20160504;40.88;42.46;40.50;41.61;3923847;163698304.00
20160505;41.20;42.49;40.80;42.41;4422028;184567888.00
20160506;42.38;42.58;40.15;41.08;4542642;187688544.00
20160509;40.80;42.15;39.81;41.12;4101910;169270160.00
20160510;40.80;41.00;38.60;40.42;4043666;160024224.00
20160511;40.01;40.60;38.71;39.10;2246130;88803592.00
20160512;37.70;39.09;36.20;39.09;2886853;108963768.00
20160513;38.50;39.25;38.10;38.88;1481326;57277156.00
20160516;38.72;39.55;37.70;39.35;2311794;90024744.00
20160517;39.39;39.94;38.90;38.90;2219765;87526968.00
20160518;37.97;37.99;36.26;36.38;2593281;96099704.00
20160519;36.00;37.15;35.92;36.02;1465612;53718048.00
20160520;35.40;36.66;35.34;36.60;1787816;64103264.00
20160523;36.59;37.73;36.30;37.33;1841734;68642064.00
20160524;37.33;37.91;36.93;37.36;1631499;60968360.00
20160525;37.51;38.85;37.20;38.43;2859006;108495512.00
20160526;38.00;38.41;37.01;38.37;2202945;83185376.00
20160527;38.12;41.41;38.01;39.11;4307986;171989344.00
20160530;38.53;40.30;38.01;39.96;3144235;124410616.00
20160531;39.66;42.41;39.66;41.50;4818019;198584096.00
20160601;41.20;42.95;41.04;41.55;4282708;179594784.00
20160602;41.29;45.45;41.08;44.40;5633033;242395504.00
20160603;44.30;45.50;43.17;43.65;5707617;251642880.00
20160606;43.61;46.76;43.61;44.98;4573667;205778400.00
20160607;44.99;47.60;44.02;47.40;6587085;303596576.00
20160608;46.00;46.72;44.00;44.08;5527844;249850768.00
20160613;42.90;43.64;39.67;39.67;4233819;177167232.00
20160614;39.12;40.27;38.72;39.71;2226818;88289016.00
20160615;39.08;42.34;39.00;41.70;3363221;138879136.00
20160616;41.40;42.60;41.30;41.63;2348693;98359680.00
20160617;41.70;43.86;41.70;43.81;3614588;154698784.00
20160620;44.05;48.19;44.00;48.19;4245488;196706288.00
20160621;50.00;50.60;46.18;47.00;8059886;390607072.00
20160622;46.90;49.35;46.18;47.91;5048928;241913456.00
20160623;47.36;49.98;47.36;48.49;4649154;226745360.00
20160624;48.01;48.88;45.00;47.80;5021564;236962512.00
20160627;47.00;51.60;46.58;50.80;5537440;274912160.00
20160628;49.80;50.56;49.05;50.10;4136352;206393952.00
20160629;50.16;52.65;49.62;51.60;4969697;254044848.00
20160630;50.00;50.48;47.50;47.50;4932992;240936416.00
