20150610;9.52;10.48;9.52;10.48;11800;123563.00
20150611;11.53;11.53;11.53;11.53;3400;39202.00
20150612;12.68;12.68;12.68;12.68;7400;93832.00
20150615;13.95;13.95;13.95;13.95;2600;36270.00
20150616;15.35;15.35;15.35;15.35;6900;105915.00
20150617;16.89;16.89;16.89;16.89;13900;234771.00
20150618;18.58;18.58;18.58;18.58;9600;178368.00
20150619;20.44;20.44;20.44;20.44;104808;2142275.50
20150623;22.48;22.48;22.48;22.48;41400;930672.00
20150624;24.73;24.73;24.73;24.73;7500;185475.00
20150625;27.20;27.20;27.20;27.20;29230;795056.00
20150626;29.92;29.92;29.92;29.92;2006291;60028228.00
20150629;31.00;31.00;26.93;26.93;15763762;446600128.00
20150630;24.25;29.62;24.24;29.62;15937742;424234016.00
20150701;29.20;32.58;29.05;31.18;11745513;369701248.00
20150702;28.30;34.00;28.30;31.18;11428335;353460704.00
20150703;28.98;33.66;28.06;31.00;9410336;282689952.00
20150706;34.10;34.10;29.00;32.85;9632725;312689248.00
20150707;30.00;36.14;29.57;36.14;9571569;301922464.00
20150708;32.53;32.53;32.53;32.53;932700;30340732.00
20150709;29.28;35.78;29.28;35.78;20449521;668178432.00
20150710;35.91;39.36;35.91;39.36;14020631;541533888.00
20150713;39.00;43.30;36.78;43.30;15364299;629298176.00
20150714;41.80;46.50;40.00;40.60;13706904;593524032.00
20150715;37.88;38.97;36.54;36.54;3530125;130987248.00
20150716;32.89;37.47;32.89;32.89;9246765;315547552.00
20150717;32.98;35.00;30.51;34.85;8901129;295527936.00
20150720;33.78;34.65;31.72;32.70;6684148;223048960.00
20150721;31.70;33.33;30.30;31.66;9818284;306832640.00
20150722;30.60;31.98;30.30;30.64;6437711;199913680.00
20150723;30.75;33.70;30.75;33.70;7769772;252190784.00
20150724;34.90;36.40;33.33;34.52;11911427;419501696.00
20150727;32.83;35.60;31.07;31.09;8172567;272596640.00
20150728;28.89;33.20;27.98;33.00;9044833;271925504.00
20150729;33.84;36.30;31.84;36.30;8213507;281197664.00
20150730;36.84;39.70;35.00;36.40;9087687;342481184.00
20150731;34.60;39.73;34.56;38.52;8286493;313457824.00
20150803;38.52;39.63;36.00;36.65;6883548;260555376.00
20150804;35.40;37.90;33.75;37.18;6550125;235518960.00
20150805;37.10;40.90;36.00;40.90;5689924;226687232.00
20150806;44.00;44.99;42.50;44.99;11435184;507682496.00
20150807;43.60;48.98;40.88;46.30;10883472;492287936.00
20150810;45.00;48.10;44.38;47.01;7858013;366003200.00
20150811;46.00;51.02;45.60;49.67;8494746;409926048.00
20150812;48.33;49.46;46.00;47.00;6595080;313019840.00
20150813;46.00;50.30;43.44;50.30;4464246;204332688.00
20150814;49.00;51.00;47.80;49.19;4773200;235631616.00
20150817;48.00;50.50;46.00;50.03;4609587;220308864.00
20150818;51.50;51.50;45.04;47.00;4422598;213234384.00
20150819;47.00;47.10;42.80;47.02;3124048;141689664.00
20150820;45.94;45.94;42.38;42.38;2150448;95095912.00
20150821;40.40;40.71;38.14;38.14;2475372;95881960.00
20150824;34.70;36.18;34.33;34.33;1013025;35018400.00
20150825;30.90;36.00;30.90;30.90;3300211;106703584.00
20150826;31.00;33.99;28.90;33.99;5828894;191561024.00
20150827;35.90;35.90;33.50;35.87;3906923;136828064.00
20150828;35.93;38.59;34.02;38.47;3814021;138511728.00
20150831;37.43;37.44;35.60;36.00;2060543;75624504.00
20150901;35.80;35.80;32.40;33.65;2315206;77702544.00
20150902;30.29;35.62;30.29;34.08;3188358;108351968.00
20150907;33.11;35.84;32.50;33.71;2707846;92737456.00
20150908;33.70;35.02;32.00;34.80;2120280;72987160.00
20150909;35.17;37.28;34.17;35.79;4222546;150256768.00
20150910;34.21;35.02;34.21;34.50;1630239;56454548.00
20150911;34.50;35.47;33.70;34.50;981808;33896060.00
20150914;34.51;34.85;31.05;31.05;1468399;47352152.00
20150915;31.35;31.35;29.55;30.30;1375288;41111860.00
20150916;31.10;33.30;30.11;32.85;2008689;63420204.00
20150917;32.85;32.88;30.80;30.90;1826244;58129044.00
20150918;32.00;32.00;30.28;30.93;1128709;34867140.00
20150921;30.93;31.58;29.61;31.43;1561818;48706564.00
20150922;31.40;33.50;30.60;33.14;3185386;103710816.00
20150923;32.88;33.01;31.20;32.10;1953432;62909976.00
20150924;32.11;32.65;32.00;32.32;1276166;41270584.00
20150925;32.39;33.50;31.50;32.56;1918414;62842044.00
20150928;33.30;33.39;31.80;32.97;1242335;40569864.00
20150929;32.11;32.66;32.00;32.59;1347877;43377396.00
20150930;32.72;32.98;32.57;32.86;957600;31362808.00
20151008;33.50;34.17;33.21;33.95;1112475;37600024.00
20151009;33.80;33.93;33.01;33.70;782932;26189264.00
20151012;33.20;36.98;33.20;36.40;2890147;101627440.00
20151013;35.48;36.10;34.96;35.90;2197475;78128784.00
20151014;36.00;36.75;35.35;35.96;1872908;67576920.00
20151015;36.62;39.30;36.00;37.85;3250445;122001752.00
20151016;37.73;38.68;36.71;37.85;3397792;127670904.00
20151019;38.23;41.64;37.00;41.64;5424898;215553040.00
20151020;43.73;43.73;39.22;40.33;5444502;225662448.00
20151021;39.80;39.93;36.30;37.20;5468636;207698416.00
20151022;37.70;37.75;35.49;37.68;3509099;129485872.00
20151023;38.23;38.60;36.84;38.00;4050019;153242464.00
20151026;38.50;38.61;37.00;38.07;3576455;135362288.00
20151027;39.00;39.00;35.50;37.45;4160064;154477376.00
20151028;36.30;36.86;34.90;35.18;4417640;158344288.00
20151029;35.21;35.70;34.66;35.25;2216749;77844952.00
20151030;35.30;35.53;34.60;35.45;2199068;77430856.00
20151102;35.00;37.10;34.77;35.85;5036209;181504736.00
20151103;35.80;35.90;34.00;35.10;3467880;121030312.00
20151104;35.30;37.10;34.82;36.98;8551820;309633184.00
20151105;37.00;37.80;36.00;36.24;6174690;226493520.00
20151106;36.25;37.68;35.90;37.52;6796280;252841232.00
20151109;37.58;39.86;37.30;39.50;10040246;387779136.00
20151110;38.70;39.40;37.53;38.39;6800104;261106560.00
20151111;38.15;40.47;37.65;40.20;9799006;385778784.00
20151112;39.80;43.28;39.67;42.21;10311800;427675680.00
20151113;41.00;41.80;37.99;38.00;8876077;349811328.00
20151116;36.50;37.87;35.71;37.67;4294598;158951536.00
20151117;37.87;38.52;36.66;36.80;4411592;166454432.00
20151118;36.50;37.37;35.70;35.75;2958936;107904936.00
20151119;35.90;36.85;35.85;36.81;3133634;114214680.00
20151120;36.96;36.98;36.08;36.46;3032351;110764720.00
20151123;36.46;37.30;36.01;37.09;3060971;113239688.00
20151124;37.22;39.50;36.94;38.75;4858217;184508496.00
20151125;38.16;38.95;38.01;38.40;4012892;153958544.00
20151126;38.41;39.90;37.76;37.91;4343028;168800928.00
20151127;37.84;37.84;34.20;34.50;4155853;149988800.00
20151130;34.25;35.08;32.02;34.76;3335660;113299320.00
20151201;34.50;35.45;34.16;34.82;2342604;81831856.00
20151202;34.85;34.90;32.00;34.25;1782182;60537360.00
20151203;34.50;35.73;33.92;35.69;2107514;74341760.00
20151204;35.39;39.26;35.08;39.26;7617127;288990304.00
20151207;40.21;43.19;40.00;43.19;10459675;440853760.00
20151208;43.99;45.00;41.33;42.75;12504438;539110656.00
20151209;42.20;47.03;42.18;47.03;12320258;558474688.00
20151210;46.10;49.87;45.00;47.30;10644986;500715712.00
20151211;47.01;49.50;45.08;47.45;9037408;431164704.00
20151214;45.75;51.88;45.38;49.80;8334958;406911520.00
20151215;49.00;51.00;44.82;47.87;8053810;392165888.00
20151216;47.84;52.66;47.15;52.66;12416562;630950848.00
20151217;53.00;54.99;51.60;52.99;12143525;645283072.00
20151218;53.00;55.00;47.70;49.24;17956766;906936192.00
20151221;47.45;47.45;45.85;46.46;9705013;450650848.00
20151222;46.30;47.30;46.06;46.81;5455040;253966112.00
20151223;46.81;46.85;45.00;45.69;6345826;288960480.00
20151224;45.50;45.69;44.18;45.35;4045387;181430384.00
20151225;45.70;46.26;44.86;45.68;4036237;183924512.00
20151228;46.09;46.15;44.67;44.88;3943599;179026064.00
20151229;44.90;45.49;43.01;45.20;4103782;181121968.00
20151230;44.89;45.47;44.46;44.91;3111838;140001168.00
20151231;44.72;44.80;42.50;42.52;3789632;164960512.00
20160104;42.80;42.94;38.27;38.27;2449123;98260856.00
20160105;35.20;38.30;35.08;37.89;4521289;165417600.00
20160106;38.03;39.83;37.14;38.99;3664755;141567200.00
20160107;39.00;39.00;35.09;35.09;817778;30388908.00
20160108;35.90;36.70;31.70;34.78;3621211;126751608.00
20160111;33.60;34.44;31.30;31.30;3026298;98868848.00
20160112;31.30;31.95;29.75;31.33;2635686;81541656.00
20160113;31.65;32.40;29.98;30.01;2721155;85669288.00
20160114;28.99;32.14;28.32;32.08;4325754;134655888.00
20160115;31.80;31.98;29.00;29.26;4388289;134571968.00
20160118;28.70;30.48;28.03;29.66;2974931;88206448.00
20160119;29.41;31.36;29.36;31.16;3840211;117308344.00
20160120;30.94;31.48;30.50;31.00;3398238;105502632.00
20160121;30.43;31.07;29.21;29.27;2629147;79664752.00
20160122;29.52;29.94;28.73;29.66;2359093;69483272.00
20160125;30.25;30.90;29.82;30.31;2267198;68860056.00
20160126;29.81;29.99;27.28;27.28;2992419;85495920.00
20160127;27.77;27.77;24.66;26.30;2670180;69513672.00
20160128;26.00;26.50;24.30;24.64;1994937;51081504.00
20160129;24.50;27.10;24.41;26.65;3415058;90172272.00
20160201;26.05;29.32;25.88;29.32;5795037;159995312.00
20160202;29.75;31.85;28.96;30.30;6213183;187046448.00
20160203;29.88;29.96;28.38;29.32;4463396;130114816.00
20160204;29.18;30.29;29.01;29.24;3906420;116111160.00
20160205;29.20;29.49;28.40;28.41;2449561;70722896.00
20160215;27.70;29.52;26.71;28.51;2327340;65206792.00
20160216;28.53;30.50;28.51;30.03;3617443;107252464.00
20160217;30.00;30.48;29.45;30.43;3957553;118836704.00
20160218;30.52;30.97;29.82;29.90;3456634;104297824.00
20160219;29.88;30.43;29.68;30.30;2580154;77381552.00
20160222;30.67;32.70;30.60;32.14;4748088;150174464.00
20160223;31.91;31.91;30.65;31.11;3320731;103677568.00
20160224;31.00;31.49;29.60;31.23;3823563;117585632.00
20160225;31.10;31.10;28.11;28.11;3434168;100487768.00
20160226;28.15;28.41;26.86;27.60;2585654;71462056.00
20160229;27.58;27.58;24.85;25.39;2178167;55853364.00
20160301;25.39;26.55;24.34;26.00;2344001;59478372.00
20160302;25.50;27.40;25.50;27.10;2427452;64491692.00
20160303;26.84;27.58;26.77;26.83;2372975;64353072.00
20160304;26.81;27.01;25.03;25.59;1991002;52158464.00
20160307;25.85;26.70;25.72;26.40;1718021;45055652.00
20160308;26.20;27.50;25.00;26.96;2495676;65517504.00
20160309;26.40;26.82;25.80;26.10;1877993;49321424.00
20160310;26.09;26.47;25.62;25.73;1356972;35331136.00
20160311;25.40;27.49;25.23;26.88;3644778;97092784.00
20160314;27.32;29.50;27.00;28.90;5212840;148432016.00
20160315;28.50;28.50;27.50;28.20;3648991;102484808.00
20160316;28.50;30.45;28.02;28.50;5423485;158078976.00
20160317;28.50;30.00;28.27;29.50;5200004;151595456.00
20160318;29.20;30.94;29.06;30.20;5943916;177765472.00
20160321;30.35;30.94;29.80;30.78;5368754;162712640.00
20160322;30.18;31.36;30.10;30.85;5399383;166923744.00
20160323;31.01;31.44;30.33;31.01;3080760;94870008.00
20160324;30.04;30.78;29.80;29.80;3703475;111849864.00
20160325;29.55;32.78;29.38;32.78;10693280;339076192.00
20160328;32.80;34.80;31.93;33.68;12690427;423234560.00
20160329;32.80;32.99;30.58;30.93;7076093;225387600.00
20160330;31.05;32.80;31.02;32.40;4786228;152356976.00
20160331;32.40;33.09;32.05;32.55;5378368;175589440.00
20160401;32.39;32.39;31.00;31.28;3306652;104144288.00
20160405;31.10;32.66;31.10;32.25;3080502;98882368.00
20160406;32.25;33.11;31.92;33.07;4599291;149590864.00
20160407;33.49;36.38;33.49;36.38;11330649;399797536.00
20160408;37.00;39.82;36.38;39.82;11751780;448007104.00
20160411;42.00;43.80;42.00;43.80;9803413;423853056.00
20160412;45.12;47.68;42.93;43.85;15150708;684896576.00
20160413;43.09;45.29;42.50;44.32;12248390;538496256.00
20160414;45.20;48.50;43.90;46.43;11214087;521621184.00
20160415;44.92;45.42;43.20;44.20;8483558;374569440.00
20160418;44.03;44.48;42.00;43.59;5111988;220298928.00
20160419;43.59;44.32;42.30;43.40;5075742;219815312.00
20160420;43.63;43.63;39.06;39.55;6662640;270558368.00
20160421;39.29;39.44;38.22;38.59;4709581;182244576.00
20160422;38.90;39.10;38.30;39.04;3225798;125315992.00
20160425;39.07;41.65;37.52;41.60;5952794;236177136.00
20160426;40.79;42.66;40.51;40.92;4443902;183746048.00
20160427;40.95;41.60;40.50;40.66;3103919;127142704.00
20160428;40.01;42.60;39.20;42.30;5146251;213466704.00
20160429;41.40;43.37;40.80;41.06;3218811;135394816.00
20160503;40.50;42.87;39.50;42.61;3531359;145921216.00
20160504;41.94;44.55;41.71;44.14;5865067;254781440.00
20160505;43.55;44.21;42.75;43.78;3647625;158276976.00
20160506;43.31;44.20;40.04;40.60;3898850;164710096.00
20160509;39.94;39.94;37.40;37.56;3079652;117992712.00
20160510;38.29;39.56;36.86;37.53;2665589;101358056.00
20160511;37.88;38.39;35.80;36.45;2624165;96636672.00
20160512;35.41;37.27;34.61;37.06;2676460;96469264.00
20160513;37.06;37.80;36.03;37.05;2243521;83317344.00
20160516;36.89;37.60;36.22;37.25;2730946;101462640.00
20160517;36.90;37.62;36.03;36.85;2546682;94007456.00
20160518;36.39;37.98;36.04;37.91;3538253;131030728.00
20160519;37.80;38.99;37.40;38.36;4317292;165124432.00
20160520;37.00;38.35;36.51;37.90;3025110;113541488.00
20160523;38.40;40.68;38.08;39.45;5013819;197192448.00
20160524;38.80;39.75;37.63;38.42;4028395;155803760.00
20160525;38.40;38.78;37.81;38.17;2293100;87667104.00
20160526;37.70;38.38;36.12;37.90;2311098;86615152.00
20160527;37.80;38.60;37.35;37.99;2930681;111327024.00
20160530;37.30;37.89;36.22;36.55;3257225;120217120.00
20160531;36.23;37.91;36.23;37.76;3988169;148793424.00
20160601;38.80;41.54;38.68;40.13;6319874;254460544.00
20160602;39.98;42.97;39.38;42.65;7180709;295726624.00
20160603;42.13;42.65;41.15;41.18;4694487;195302432.00
20160606;40.99;41.83;40.66;40.97;3044407;125583632.00
20160607;41.15;41.15;39.38;40.59;4257233;171206288.00
20160608;40.10;42.71;40.10;42.11;6514100;272156416.00
20160613;41.00;41.20;37.90;37.90;4385172;174435296.00
20160614;36.29;37.59;36.29;37.10;2951410;109341872.00
20160615;36.31;38.95;36.10;37.99;3168863;121287664.00
20160616;38.01;38.55;37.20;37.36;2880487;108088088.00
20160617;37.30;38.41;37.30;37.70;2776084;104828016.00
20160620;37.70;38.19;37.28;37.87;2492261;94196784.00
20160621;37.60;38.21;37.02;37.48;3364818;126390344.00
20160622;37.11;38.30;36.60;38.10;2605835;97854824.00
20160623;38.27;39.96;37.97;39.86;4645845;180342528.00
20160624;39.90;40.68;37.00;38.29;5363556;210600944.00
20160627;37.35;39.47;37.34;39.00;3148404;121852280.00
20160628;38.51;41.93;38.29;40.30;6956242;279490752.00
20160629;40.14;41.04;39.38;40.28;5730004;230775440.00
20160630;40.28;41.49;39.75;40.38;3632971;147532560.00
