20141203;11.08;13.29;11.08;13.29;36000;475366.00
20141204;14.62;14.62;14.62;14.62;7100;103802.00
20141205;16.08;16.08;16.08;16.08;12900;207432.00
20141208;17.69;17.69;17.69;17.69;12500;221125.00
20141209;19.46;19.46;19.46;19.46;30000;583800.00
20141210;21.41;21.41;21.41;21.41;39000;834990.00
20141211;23.55;23.55;23.55;23.55;37400;880770.00
20141212;25.91;25.91;25.91;25.91;41100;1064901.00
20141215;28.50;28.50;28.50;28.50;92851;2646253.50
20141216;31.35;31.35;31.35;31.35;149770;4695289.50
20141217;34.49;34.49;34.49;34.49;1034461;35678560.00
20141218;34.20;34.40;31.20;31.23;11156689;365193856.00
20141219;30.08;30.19;28.33;29.68;7357571;214791760.00
20141222;29.00;29.02;26.71;26.71;4102187;112506096.00
20141223;26.19;28.85;26.13;26.92;4098604;113831360.00
20141224;27.00;27.97;26.51;27.83;3084975;84715208.00
20141225;27.86;27.88;26.72;27.20;2920967;79349392.00
20141226;26.95;27.40;26.60;26.78;2117479;56932456.00
20141229;26.40;27.24;26.06;27.24;2419954;64412132.00
20141230;27.14;27.57;26.35;26.38;2030105;54664968.00
20141231;26.30;26.81;25.66;26.47;1743203;45572224.00
20150105;26.47;26.48;25.68;25.91;1545934;40221408.00
20150106;25.70;26.46;25.45;26.22;1763613;45909452.00
20150107;26.20;26.21;25.67;25.79;1244006;32177040.00
20150108;25.70;26.35;25.62;25.80;1437694;37410300.00
20150109;25.80;26.18;25.56;25.56;1347874;34838640.00
20150112;25.10;25.21;23.72;23.80;1627355;39657448.00
20150113;23.60;24.37;23.58;24.26;1269988;30429674.00
20150114;24.30;24.37;23.90;24.03;1080382;26062372.00
20150115;23.96;25.18;23.90;24.56;1595001;39283648.00
20150116;24.50;26.35;24.10;26.08;2726958;69670400.00
20150119;26.37;28.69;25.62;28.69;8792204;242718624.00
20150120;29.39;31.56;29.31;31.56;7112028;220563184.00
20150121;33.25;34.40;29.85;30.90;11249787;356351392.00
20150122;29.60;30.80;29.48;30.07;6903894;206953824.00
20150123;29.69;29.94;28.76;28.80;4459944;130246224.00
20150126;28.71;29.08;28.50;29.03;2287495;66009136.00
20150127;28.89;29.55;28.47;29.38;3052024;88903760.00
20150128;29.14;29.83;28.71;28.90;2796092;82028872.00
20150129;28.30;28.38;27.58;27.58;2413917;67450608.00
20150130;27.72;27.90;26.52;26.52;1866101;50681396.00
20150202;26.60;26.97;26.17;26.52;1240399;33093088.00
20150203;26.52;28.18;26.52;28.17;3074623;84583640.00
20150204;28.07;28.64;27.63;27.89;2343656;65742748.00
20150205;28.14;28.22;27.61;27.89;1745407;48704880.00
20150206;27.87;28.62;26.54;28.58;3420812;96117312.00
20150209;28.57;29.80;28.15;28.16;2613461;75622816.00
20150210;27.69;30.15;26.77;30.15;4067651;118117672.00
20150211;29.80;32.50;29.67;32.50;4644677;145285568.00
20150212;32.49;32.50;30.88;31.54;2565649;81211776.00
20150213;31.54;32.43;31.08;31.75;2038040;64599752.00
20150216;31.50;32.50;31.15;31.43;1368214;43471424.00
20150217;31.52;31.75;30.70;31.15;1167079;36444684.00
20150225;31.35;31.78;30.70;31.53;1288976;40290188.00
20150226;31.56;33.26;31.53;32.20;1532807;49517972.00
20150227;31.67;32.52;31.54;32.14;1197982;38441204.00
20150302;32.28;33.48;31.45;33.40;2175913;70864200.00
20150303;33.06;36.20;32.80;33.51;3090334;105594704.00
20150304;33.51;34.45;32.20;33.48;1833924;61399092.00
20150305;32.98;36.83;32.98;36.83;6336239;223447232.00
20150306;37.00;39.20;36.10;37.31;3034405;113419240.00
20150309;36.50;37.40;36.00;36.55;1260841;46276152.00
20150310;36.61;40.21;36.61;40.21;4233161;165928784.00
20150311;40.41;40.75;38.10;39.30;1724990;68102448.00
20150312;38.80;41.30;36.65;40.80;2671031;105619720.00
20150313;40.12;44.82;39.83;43.58;3751786;162569488.00
20150316;43.58;45.95;42.60;45.90;2417393;106549504.00
20150317;44.80;46.63;44.00;45.78;2365719;107812888.00
20150318;44.89;45.48;44.29;45.14;1254957;56113980.00
20150319;45.14;45.20;43.03;43.68;1617966;71528408.00
20150320;43.68;45.31;43.05;44.28;1315919;58485400.00
20150323;44.20;45.00;43.30;44.28;971833;42776772.00
20150324;44.28;45.85;42.09;45.47;1610149;72042088.00
20150325;44.66;46.40;44.01;45.12;1093398;49684688.00
20150326;45.18;48.60;44.40;45.51;1204134;55795344.00
20150327;45.44;50.06;43.44;50.06;2425714;116071408.00
20150330;50.30;53.19;48.35;50.99;2247873;113607544.00
20150331;50.67;51.88;49.01;51.00;1258796;63745204.00
20150401;50.85;51.80;50.30;50.98;1029307;52367552.00
20150402;50.98;53.18;50.85;52.00;1015606;52641200.00
20150403;51.50;51.50;50.10;50.18;1094614;55283312.00
20150407;49.67;54.88;48.70;53.90;2711313;142346352.00
20150408;53.55;53.70;50.90;51.99;941546;49277244.00
20150409;51.02;51.85;47.00;49.57;697303;34565580.00
20150410;49.20;50.48;48.09;49.15;1039578;51480100.00
20150413;48.80;51.99;48.80;51.00;1340527;67300776.00
20150414;50.20;51.50;49.03;50.45;1627990;82213920.00
20150415;50.55;50.55;47.10;48.65;1114900;54268656.00
20150416;48.20;48.21;44.60;46.71;847601;39896000.00
20150417;47.30;48.20;45.40;48.00;1602050;75706568.00
20150420;47.00;47.00;44.04;45.97;1470327;66808616.00
20150421;45.40;47.45;45.00;47.00;1944339;90444640.00
20150422;46.55;46.97;45.88;46.79;3922676;181525984.00
20150423;46.80;47.00;45.71;46.34;3085126;142243664.00
20150424;45.81;46.30;45.30;45.60;2023572;92429744.00
20150427;45.57;45.98;45.20;45.72;2709737;123572576.00
20150428;45.80;45.98;41.15;41.15;5949712;249781872.00
20150429;40.30;41.68;39.18;41.50;4025697;163947168.00
20150430;41.10;41.68;41.10;41.31;2341199;96937768.00
20150504;41.55;41.96;40.66;40.79;3058116;125646896.00
20150505;40.90;41.11;39.41;39.79;2068237;82933472.00
20150506;40.00;40.89;39.82;39.95;1852535;74849088.00
20150507;39.98;40.85;39.82;40.68;2308915;93550056.00
20150508;40.68;42.62;40.40;42.60;3823930;159310144.00
20150511;43.40;43.69;42.10;43.52;4039603;173325472.00
20150512;43.53;44.97;43.03;44.72;3852273;170586208.00
20150513;44.00;46.66;43.20;45.66;5212135;237300768.00
20150514;45.67;48.28;45.00;48.24;4957327;232924512.00
20150515;48.37;51.20;47.05;48.11;6324445;313368640.00
20150518;47.61;51.37;46.35;51.35;5754656;283276384.00
20150519;51.35;52.74;48.81;49.31;4650311;232775664.00
20150520;49.29;52.33;46.90;49.75;5291552;264053712.00
20150521;50.37;54.73;50.00;52.03;5608435;294196224.00
20150522;51.70;53.60;50.51;51.52;4125308;213242528.00
20150525;50.76;53.60;49.35;52.93;4780050;249448784.00
20150526;53.31;58.22;53.08;58.22;6575998;368002208.00
20150527;62.50;63.95;61.00;63.95;5935344;374352928.00
20150528;70.24;70.35;59.00;60.00;10686068;732151552.00
20150529;61.10;63.11;54.00;57.60;6961414;405630336.00
20150601;57.40;59.60;55.40;59.39;5031212;289568032.00
20150602;58.62;64.50;57.67;63.40;5162801;313517440.00
20150603;63.77;63.80;59.00;60.83;2955829;181740096.00
20150604;60.17;60.17;54.75;56.68;3210442;183091200.00
20150605;57.33;58.60;55.41;56.51;2331752;133167944.00
20150608;57.01;57.30;51.00;52.23;3151616;168266176.00
20150609;51.73;53.95;51.00;53.21;1890156;99996992.00
20150610;53.00;56.19;52.20;55.44;2700335;147833632.00
20150611;55.49;57.60;54.82;56.17;2796467;156945280.00
20150612;56.44;56.98;54.23;55.50;2525302;139906000.00
20150615;55.43;55.44;52.35;52.61;2169006;116573008.00
20150616;52.30;52.34;49.82;50.13;1975633;100017896.00
20150617;50.16;52.46;49.53;52.29;1616278;82390232.00
20150618;52.00;53.50;50.38;50.50;1403520;73569144.00
20150619;49.66;49.66;45.45;45.46;1558635;73741096.00
20150623;45.75;47.10;43.01;47.10;1751281;80256304.00
20150624;47.00;47.99;46.19;47.50;1814063;85741776.00
20150625;47.08;49.87;46.81;47.92;2259829;108706048.00
20150626;46.75;46.75;43.13;43.13;1581244;69845400.00
20150629;43.71;44.05;38.82;38.82;2202785;89931192.00
20150630;38.50;41.50;34.94;41.00;2125744;80954704.00
20150701;39.00;42.00;37.00;37.01;1987087;80385536.00
20150702;37.20;37.56;33.31;33.32;1497772;52363676.00
20150703;31.71;34.10;29.99;29.99;2090866;64996088.00
20150706;32.99;32.99;26.99;31.61;3968558;121880320.00
20150707;30.00;30.61;28.45;28.45;1661319;48195688.00
20150708;25.61;28.98;25.61;26.66;4087561;107878792.00
20150709;25.05;29.33;25.05;29.33;1920871;54926540.00
20150710;31.28;32.26;30.00;32.26;1270697;40584952.00
20150713;34.50;35.49;32.69;35.49;2175199;75692688.00
20150714;35.99;38.66;34.48;36.66;3230393;118462296.00
20150715;35.16;35.70;32.99;32.99;1543790;52117580.00
20150716;32.99;35.00;29.99;33.61;1892478;63151764.00
20150717;33.66;36.20;33.66;35.82;1080420;38004828.00
20150720;35.87;36.80;35.02;35.51;1146927;41085216.00
20150721;35.17;36.99;34.58;36.32;1090690;39174876.00
20150722;36.11;37.20;35.40;36.40;1133280;41351868.00
20150723;36.60;39.88;36.41;39.78;2265856;87124760.00
20150724;39.51;40.49;37.80;37.98;2225962;87477880.00
20150727;37.29;38.75;34.18;34.18;1585788;58005572.00
20150728;31.50;35.17;30.77;32.25;1410237;45667152.00
20150729;33.50;35.48;31.82;35.48;1785615;60406924.00
20150730;35.40;38.80;32.32;36.29;2512288;92832904.00
20150731;35.10;39.29;34.91;38.60;2821537;106619568.00
20150803;38.32;40.38;36.95;37.73;2456100;94632264.00
20150804;37.66;40.40;37.24;40.37;2829755;110750464.00
20150805;39.88;40.69;38.74;39.40;2609404;103321776.00
20150806;38.10;39.20;37.10;37.87;1363551;52214824.00
20150807;38.47;39.70;38.00;38.90;1414156;54944524.00
20150810;38.90;40.70;38.81;40.01;2326882;92928464.00
20150811;40.15;41.23;39.61;40.70;2461101;99806584.00
20150812;40.35;42.47;39.80;40.60;2405144;99292552.00
20150813;40.53;41.62;40.07;41.35;1636737;66875176.00
20150814;41.41;42.30;41.30;42.06;1723517;72059672.00
20150817;41.98;43.00;40.50;42.67;1835414;76715008.00
20150818;42.02;42.37;38.40;39.77;2522979;100668328.00
20150819;38.60;41.80;36.01;40.39;1781208;71374376.00
20150820;39.99;39.99;38.00;38.00;1011354;39040836.00
20150821;37.50;38.00;34.67;38.00;1662486;61167344.00
20150824;35.77;36.94;34.20;34.20;1238187;42898272.00
20150825;30.79;34.99;30.78;30.78;3018036;97050160.00
20150826;31.70;32.88;28.06;30.90;1887036;58826796.00
20150827;31.50;32.10;28.44;31.52;1422149;44123340.00
20150828;31.58;33.85;31.00;33.50;1536349;49943520.00
20150831;33.09;33.09;30.49;30.49;868003;27488634.00
20150901;30.01;30.01;28.30;28.51;864957;25036338.00
20150902;27.26;29.50;27.00;27.86;509200;14356653.00
20150907;28.00;29.50;28.00;28.71;581001;16736040.00
20150908;28.50;30.28;28.11;30.04;861364;25091454.00
20150909;29.91;31.19;29.91;30.96;1405496;43166280.00
20150910;30.61;31.02;30.00;30.10;744695;22658626.00
20150911;30.12;31.11;30.12;30.75;533196;16333505.00
20150914;30.83;31.33;27.70;28.00;691296;20239660.00
20150915;27.00;27.73;25.20;25.20;895554;23771658.00
20150916;25.22;27.72;25.22;27.52;755397;20088566.00
20150917;26.91;30.27;26.91;29.90;2552455;74376448.00
20150918;29.41;31.35;29.27;31.35;2428289;73877088.00
20150921;31.00;33.60;28.30;32.49;3659161;118646896.00
20150922;32.49;32.82;31.05;32.20;3254289;104504408.00
20150923;31.50;31.95;30.82;31.28;1384668;43519216.00
20150924;31.76;31.99;31.20;31.96;1262969;39945640.00
20150925;31.55;31.95;28.76;28.90;1299900;39302624.00
20150928;28.96;30.97;28.40;30.79;1507091;45144624.00
20150929;30.00;30.44;29.50;29.80;1033490;31052750.00
20150930;29.80;32.78;29.80;32.78;5150430;166395600.00
20151008;33.00;36.06;32.35;36.06;5583901;191699488.00
20151009;37.00;38.80;34.97;37.05;6830130;247979840.00
20151012;36.23;38.50;35.81;37.50;8838838;330235072.00
20151013;36.45;38.00;36.20;37.01;3772034;139891808.00
20151014;36.70;37.50;35.81;36.38;2821278;103295680.00
20151015;36.39;37.78;35.88;37.42;3415451;126415056.00
20151016;38.00;38.00;36.38;37.79;4039180;150549808.00
20151019;37.80;39.65;36.93;39.05;4927873;189153344.00
20151020;39.00;39.00;37.40;38.40;3364361;128157688.00
20151021;38.39;39.10;34.56;34.56;3111264;114812136.00
20151022;33.72;36.96;33.52;36.30;3019629;105505912.00
20151023;36.11;37.44;35.15;36.98;3198369;115531592.00
20151026;37.00;37.20;36.20;37.20;2606506;96013904.00
20151027;36.96;37.87;34.73;37.48;2656721;97487992.00
20151028;37.00;37.98;35.70;36.02;1597627;59163560.00
20151029;36.02;37.45;35.67;37.21;1972001;72397728.00
20151030;36.97;37.92;36.28;36.88;1916815;71287472.00
20151102;36.00;39.80;35.81;37.90;3493197;133188664.00
20151103;37.90;39.44;37.58;39.15;3377545;130272120.00
20151104;39.30;40.75;39.30;40.47;3823128;153682640.00
20151105;40.04;41.43;39.02;39.38;3202739;128784616.00
20151106;39.98;41.99;39.50;41.53;3254686;133424968.00
20151109;42.56;45.53;40.90;44.18;4127901;179065712.00
20151110;43.38;44.50;42.50;43.21;3082088;133834504.00
20151111;43.46;47.38;43.22;46.05;3341642;151933280.00
20151112;46.50;49.37;45.14;47.62;4801442;227452560.00
20151113;46.70;47.47;42.91;44.50;4330889;195386048.00
20151116;42.55;44.99;42.52;44.53;2127988;93988160.00
20151117;44.60;46.29;43.10;43.48;2583850;116293696.00
20151118;43.55;44.28;41.37;41.48;1859284;79035432.00
20151119;41.54;43.50;41.54;43.46;1766733;75271920.00
20151120;43.69;44.48;43.04;43.90;1923861;84135288.00
20151123;43.91;44.28;42.80;42.95;2002570;87178280.00
20151124;42.45;46.63;42.45;46.39;3070067;137471472.00
20151125;46.01;47.18;45.11;46.23;2656602;122493464.00
20151126;46.26;49.74;46.26;47.78;4065478;196038016.00
20151127;47.01;48.50;43.61;44.30;3161720;147599360.00
20151130;43.99;46.97;41.41;46.89;3195756;143013856.00
20151201;46.20;49.85;46.03;46.49;3818202;183891968.00
20151202;46.52;46.99;42.51;45.10;2510592;111670272.00
20151203;45.48;48.48;45.08;48.06;3433776;161995872.00
20151204;47.57;48.94;47.03;47.77;3261258;156529056.00
20151207;48.02;48.65;47.05;48.25;2607424;125409200.00
20151208;48.40;48.40;46.11;47.18;2627049;124799312.00
20151209;46.90;47.33;44.57;44.85;2167906;99122992.00
20151210;44.33;45.20;44.11;44.19;1494804;66558432.00
20151211;44.21;44.26;42.66;43.16;1405068;60976460.00
20151214;42.80;45.95;42.30;45.71;2142136;95400288.00
20151215;46.00;48.13;45.56;47.80;3145643;148215520.00
20151216;47.80;48.80;47.12;48.00;2480692;119428640.00
20151217;48.44;49.70;47.85;49.66;3371336;164375968.00
20151218;49.13;52.52;49.02;51.80;6254767;319450016.00
20151221;50.95;51.96;50.02;51.34;2284567;116674192.00
20151222;51.19;52.00;50.50;50.99;1617794;82642528.00
20151223;51.00;54.47;51.00;53.13;4279575;225788688.00
20151224;52.20;54.00;51.60;53.48;3871704;205384112.00
20151225;53.45;54.50;52.24;52.45;2622152;139310976.00
20151228;52.00;52.45;49.60;50.32;2303452;116709856.00
20151229;49.50;53.80;49.50;53.70;2721609;141574656.00
20151230;53.98;55.35;53.01;54.29;5367259;292072128.00
20151231;53.58;54.30;51.71;52.90;2205998;116683944.00
20160104;52.85;53.25;48.48;48.69;1030958;51965052.00
20160105;46.00;51.20;45.01;50.60;2218277;108581680.00
20160106;50.57;53.00;50.00;52.55;2512659;129781480.00
20160107;52.28;52.28;47.30;47.36;736400;36507372.00
20160108;48.30;49.74;43.00;48.29;2273661;109698800.00
20160111;47.00;48.00;43.46;43.46;1835620;82999392.00
20160112;42.00;43.46;39.16;41.70;2671361;110512304.00
20160113;42.14;42.40;37.60;37.70;1639032;66305100.00
20160114;35.95;39.89;34.75;39.39;2075135;77127024.00
20160115;38.68;38.90;35.48;35.56;1683010;62784296.00
20160118;33.72;37.40;33.72;37.33;2227972;81241288.00
20160119;37.00;41.00;36.78;40.41;2963490;116034000.00
20160120;40.41;41.76;40.00;41.18;3848385;158351664.00
20160121;40.22;41.11;39.30;39.66;1638431;65779688.00
20160122;39.31;41.00;39.31;40.30;3248735;130881960.00
20160125;40.41;40.50;39.36;39.50;1707059;67934664.00
20160126;39.33;39.33;35.55;35.55;1574837;57748548.00
20160127;35.80;36.05;32.11;33.95;1655826;55359816.00
20160128;33.35;33.80;30.56;30.56;1283482;41160828.00
20160129;30.20;32.38;30.20;31.80;1283143;40474292.00
20160201;31.85;32.42;31.03;31.77;1167119;37194740.00
20160202;32.50;33.85;32.00;33.08;1084751;35773408.00
20160203;32.81;33.38;31.36;33.25;1084646;35472092.00
20160204;33.25;34.45;33.10;34.20;1412496;48130364.00
20160205;34.22;35.60;34.21;34.31;1376031;48332508.00
20160215;32.80;34.20;31.66;33.91;1088392;36002736.00
20160216;34.12;36.01;33.94;35.73;1374294;48755896.00
20160217;35.59;36.98;35.19;36.41;1419924;50993916.00
20160218;36.89;36.90;35.75;35.96;1314860;47571508.00
20160219;35.94;37.15;35.76;37.15;1485559;54112136.00
20160222;37.28;37.98;37.15;37.74;1583378;59464084.00
20160223;38.02;39.70;37.04;39.35;2141785;81507768.00
20160224;38.70;39.75;38.70;39.20;2396628;94219536.00
20160225;38.50;38.50;35.28;35.28;1738367;64161804.00
20160226;36.56;37.30;35.05;36.26;1628134;59000744.00
20160229;36.80;36.80;32.63;33.06;1709859;58136680.00
20160301;33.25;34.50;32.21;34.50;1161497;38503980.00
20160302;35.00;35.90;33.98;35.60;1623362;56751316.00
20160303;35.55;36.00;34.68;34.73;1561963;55348180.00
20160304;34.73;34.73;31.69;32.34;1306849;43390464.00
20160307;32.66;33.85;32.66;33.67;1078711;36108644.00
20160308;33.40;34.21;31.80;33.81;982246;32579708.00
20160309;33.40;33.41;32.50;32.89;749094;24792966.00
20160310;32.99;33.48;32.51;32.60;706442;23371656.00
20160311;32.94;35.30;32.60;34.85;2313053;79413408.00
20160328;38.34;38.34;38.34;38.34;478049;18328398.00
20160329;38.98;39.00;36.31;36.31;3198402;119348328.00
20160330;36.31;39.94;36.29;39.94;4297679;166259616.00
20160331;40.01;42.73;39.50;41.17;4452331;182674272.00
20160401;41.14;41.30;39.51;41.27;2427215;98246160.00
