20100520;42.01;45.00;38.82;39.28;8398510;339262112.00
20100521;35.40;38.76;35.35;38.18;4750115;174308048.00
20100524;37.58;39.99;37.50;39.19;4166117;162446352.00
20100525;38.50;38.65;36.80;37.85;3422645;128460944.00
20100526;39.50;41.39;38.83;39.07;4553791;181722000.00
20100527;38.50;40.98;37.99;40.50;3360732;133686624.00
20100528;40.86;41.50;39.80;40.37;2786738;112843960.00
20100531;39.99;39.99;37.55;37.56;2612395;101502656.00
20100601;36.70;37.07;34.39;35.08;2264461;80711384.00
20100602;34.84;35.59;34.04;35.51;1103792;38367020.00
20100603;35.49;35.88;34.50;34.52;1838918;65058472.00
20100604;34.05;35.16;34.05;35.08;1033469;35767888.00
20100607;34.33;36.25;34.05;36.03;1897007;67468416.00
20100608;35.88;36.46;35.51;36.41;1638390;59180584.00
20100609;36.58;37.48;36.41;36.78;1790431;66110224.00
20100610;36.62;37.97;36.61;37.80;1443089;54060260.00
20100611;37.80;38.89;37.60;38.66;2176627;83134216.00
20100617;38.78;39.00;36.28;36.31;1759297;66158064.00
20100618;36.20;36.38;34.80;34.99;1115406;39460488.00
20100621;35.00;36.48;34.61;36.45;836791;29843326.00
20100622;36.40;37.28;36.00;36.71;1083923;39966488.00
20100623;36.50;37.18;36.01;36.78;893490;32640192.00
20100624;36.70;37.18;36.36;36.80;755169;27775972.00
20100625;36.45;36.66;35.11;35.38;786635;28144650.00
20100628;35.38;35.95;35.00;35.29;462793;16318617.00
20100629;35.32;35.50;32.48;32.49;846858;28480554.00
20100630;32.45;32.90;31.72;32.64;559913;18042738.00
20100701;32.48;32.80;31.80;31.85;357434;11508440.00
20100702;32.02;32.26;30.61;32.12;757063;23979428.00
20100705;31.70;31.85;30.66;31.50;412461;12909608.00
20100706;31.26;32.37;31.26;32.13;452382;14495542.00
20100707;32.14;32.37;31.75;32.17;594025;18981948.00
20100708;32.22;32.28;31.56;32.16;598429;19150368.00
20100709;32.28;33.25;31.83;32.98;728440;23837602.00
20100712;32.65;33.16;32.65;32.95;515769;16977676.00
20100713;32.64;32.79;31.81;32.32;470853;15196642.00
20100714;32.10;32.98;32.10;32.32;397247;12919529.00
20100715;32.34;32.70;31.60;31.60;342556;11028367.00
20100716;31.50;31.80;31.02;31.60;382016;11970955.00
20100719;31.11;32.13;31.10;32.10;280311;8893197.00
20100720;32.10;32.98;32.10;32.85;578424;18906364.00
20100721;32.86;33.76;32.86;33.07;615563;20517784.00
20100722;32.95;33.35;32.71;33.29;383927;12691720.00
20100723;33.19;33.70;32.97;33.34;550819;18315556.00
20100726;33.40;33.77;33.15;33.60;459608;15354889.00
20100727;33.59;33.59;33.03;33.04;460222;15289324.00
20100728;33.09;33.57;33.04;33.55;616981;20596842.00
20100729;33.60;34.15;33.48;33.88;959724;32419204.00
20100730;33.89;34.25;33.62;34.01;582988;19769426.00
20100802;34.02;34.48;33.89;34.47;638358;21846326.00
20100803;34.47;34.50;33.60;33.60;600642;20511246.00
20100804;33.71;33.80;33.02;33.61;453906;15113269.00
20100805;33.65;34.47;33.30;33.66;579567;19721504.00
20100806;33.80;34.70;33.46;34.67;829805;28473980.00
20100809;34.50;35.40;34.37;35.32;974965;34222496.00
20100810;35.35;35.68;34.01;34.01;876662;30615922.00
20100811;34.02;34.48;34.00;34.37;471107;16120658.00
20100812;34.20;34.60;33.92;34.04;453269;15517764.00
20100813;34.02;34.39;33.53;34.32;679471;23088568.00
20100816;34.15;34.87;34.15;34.74;788932;27280040.00
20100817;34.90;35.00;34.45;34.89;699274;24274646.00
20100818;34.99;35.06;34.43;34.57;624684;21662456.00
20100819;34.58;34.85;34.48;34.74;577580;20033372.00
20100820;34.60;34.60;33.13;33.40;1539192;52135308.00
20100823;33.40;33.50;32.21;32.48;1757937;57509552.00
20100824;32.47;32.88;32.06;32.78;719386;23454588.00
20100825;31.70;31.94;31.20;31.26;2219385;70181440.00
20100826;31.19;31.55;31.19;31.50;664759;20848178.00
20100827;31.54;31.82;31.30;31.80;770383;24330044.00
20100830;31.91;32.48;31.81;32.42;1084530;34932012.00
20100831;32.29;32.50;32.11;32.34;873063;28153772.00
20100901;32.29;32.57;31.35;31.61;1000841;32054402.00
20100902;31.88;33.00;31.66;32.66;1392137;44924684.00
20100903;32.69;33.15;32.60;32.90;1128726;37122360.00
20100906;32.90;32.90;32.20;32.34;822641;26688564.00
20100907;32.29;32.68;32.29;32.68;798717;25935118.00
20100908;32.67;32.67;32.29;32.60;676212;21971898.00
20100909;32.65;32.86;32.01;32.07;754790;24533178.00
20100910;32.10;32.38;31.82;32.23;537288;17264760.00
20100913;32.18;32.65;32.10;32.52;615632;19976322.00
20100914;32.79;32.79;32.19;32.25;502458;16260901.00
20100915;32.21;32.25;30.65;31.20;1088334;34058268.00
20100916;31.10;31.27;30.09;30.35;693777;21236888.00
20100917;30.36;30.58;30.24;30.29;330308;10031729.00
20100920;30.10;30.48;29.66;29.68;367891;11019427.00
20100921;29.70;29.88;29.41;29.45;380582;11231614.00
20100927;29.58;29.86;29.49;29.83;270221;8031374.50
20100928;29.90;29.90;29.32;29.34;343100;10160999.00
20100929;29.55;29.55;29.00;29.00;338105;9896839.00
20100930;28.99;29.41;28.85;29.41;384925;11228060.00
20101008;29.36;30.15;29.36;30.00;447627;13371286.00
20101011;29.98;30.07;29.73;29.94;475532;14213498.00
20101012;29.94;30.59;29.92;30.19;324598;9809076.00
20101013;30.21;30.37;29.00;30.27;485152;14525875.00
20101014;30.27;30.43;29.74;29.80;487516;14647664.00
20101015;29.55;29.86;29.26;29.30;451203;13313210.00
20101018;29.27;29.27;28.60;28.92;546056;15750822.00
20101019;28.80;30.92;28.80;30.55;1188173;35986756.00
20101020;29.98;30.90;29.83;30.38;895038;27240612.00
20101021;30.20;30.40;29.88;30.07;528484;15918798.00
20101022;30.31;30.69;30.06;30.57;711913;21714148.00
20101025;30.70;31.26;30.70;31.10;951198;29440778.00
20101026;31.10;31.12;30.50;30.86;539165;16569270.00
20101027;30.88;31.20;30.67;30.80;628135;19419600.00
20101028;30.05;30.48;29.39;29.73;1207384;36012508.00
20101029;29.75;30.27;29.70;30.01;890449;26725330.00
20101101;30.13;31.10;30.13;30.86;1532955;47083616.00
20101102;31.24;31.28;30.41;30.48;937333;28827650.00
20101103;30.48;30.55;29.88;30.00;543034;16402054.00
20101104;30.16;30.46;30.00;30.30;667690;20198068.00
20101105;30.47;30.86;30.24;30.74;724845;22161398.00
20101108;30.82;31.59;30.69;31.49;1337794;41802372.00
20101109;31.53;31.54;31.06;31.20;1000713;31269240.00
20101110;31.20;32.00;31.20;31.80;1300745;41272364.00
20101111;31.76;32.30;31.38;31.38;1468918;47055684.00
20101115;30.00;31.85;29.81;31.80;1518587;46745648.00
20101116;31.60;32.58;30.80;31.20;1658444;52925440.00
20101117;31.13;31.87;30.90;31.02;998216;31343624.00
20101118;31.22;31.59;30.80;31.33;632339;19727880.00
20101119;31.57;32.75;31.01;32.68;1609436;51641152.00
20101122;32.58;33.66;32.36;32.73;2409107;79358752.00
20101123;32.70;32.70;31.97;32.58;1041372;33625668.00
20101124;32.34;33.33;32.28;32.99;1049487;34606548.00
20101125;33.06;33.60;32.35;32.65;1133718;37305044.00
20101126;32.42;32.90;32.40;32.83;743231;24296548.00
20101129;32.80;33.57;32.51;33.50;1094110;36268720.00
20101130;33.50;33.78;31.84;32.80;1481243;48515848.00
20101201;32.61;34.55;32.50;34.00;2249775;76029576.00
20101202;34.32;34.37;33.62;34.16;1600296;54383500.00
20101203;34.38;34.38;33.34;33.73;948031;31944104.00
20101206;33.52;33.68;32.01;32.10;988995;32305536.00
20101207;32.10;32.39;31.41;32.36;550467;17621800.00
20101208;32.20;32.70;31.80;32.01;535407;17207134.00
20101209;31.80;32.00;31.40;31.40;603456;19074008.00
20101210;31.57;31.85;31.33;31.84;343596;10879727.00
20101213;31.99;33.22;31.87;32.87;786025;25754472.00
20101214;32.78;33.14;32.57;32.88;770534;25318776.00
20101215;32.80;33.58;32.64;32.65;689245;22779514.00
20101216;32.66;33.35;32.66;32.78;589354;19459056.00
20101217;32.99;33.55;32.70;33.53;780025;25890768.00
20101220;33.60;34.18;32.23;33.00;956718;31875392.00
20101221;33.00;33.27;32.60;33.26;443637;14636313.00
20101222;33.30;33.92;33.00;33.65;791480;26622974.00
20101223;33.26;33.76;32.31;32.44;674556;22189584.00
20101224;32.40;32.61;31.47;31.80;711279;22656268.00
20101227;31.70;32.17;30.65;30.66;487465;15351539.00
20101228;30.28;30.66;29.91;30.27;384406;11628034.00
20101229;30.16;30.69;29.96;30.69;418085;12651590.00
20101230;30.62;31.49;30.51;30.80;299588;9257023.00
20101231;30.91;31.19;30.85;31.06;329077;10190396.00
20110104;31.27;31.39;30.91;31.19;377155;11721924.00
20110105;30.98;31.15;30.61;30.73;359869;11111250.00
20110106;30.70;31.05;30.50;30.75;289828;8904165.00
20110107;30.51;30.98;30.45;30.58;322506;9900965.00
20110110;31.25;31.25;29.80;30.03;483850;14860170.00
20110111;29.78;29.81;29.18;29.39;358936;10579581.00
20110113;29.60;29.71;29.28;29.63;499446;14712408.00
20110114;29.40;29.64;28.89;28.92;296160;8633723.00
20110117;28.91;29.05;27.81;27.89;385482;10886713.00
20110118;27.68;28.05;27.40;27.81;214598;5979589.50
20110119;27.90;28.15;27.80;28.13;313111;8750058.00
20110120;28.10;28.13;26.80;26.80;316900;8669408.00
20110121;26.51;27.10;26.25;26.73;243952;6541871.00
20110124;26.88;26.88;26.40;26.40;164691;4386612.50
20110125;26.40;26.62;26.32;26.51;183580;4855431.00
20110126;26.72;27.30;26.69;27.11;206045;5560133.00
20110127;26.91;27.33;26.80;27.24;296620;8037660.50
20110128;27.22;27.57;27.20;27.50;233747;6395425.00
20110131;27.11;27.45;27.08;27.37;182083;4976472.00
20110201;27.39;27.70;27.32;27.58;167411;4593651.00
20110209;27.45;27.69;27.00;27.12;160901;4404058.00
20110210;27.28;28.17;27.10;28.17;445720;12385074.00
20110211;28.10;28.30;28.00;28.23;265771;7488313.00
20110214;28.25;28.98;27.98;28.90;436233;12456187.00
20110215;28.88;29.11;28.62;28.83;403872;11687401.00
20110216;28.83;29.00;28.51;28.97;269234;7755633.50
20110217;29.09;29.22;28.60;28.82;253694;7318921.50
20110218;28.73;29.21;28.22;28.96;623775;17990184.00
20110221;28.78;29.20;28.53;29.18;248327;7199076.00
20110222;29.20;29.24;28.23;28.24;334296;9580744.00
20110223;27.92;28.59;27.92;28.39;235769;6691035.50
20110224;28.35;28.70;28.35;28.69;169578;4847253.00
20110225;28.69;28.72;28.43;28.54;196841;5617898.50
20110228;28.10;28.62;28.10;28.62;435364;12359710.00
20110301;28.60;28.85;28.50;28.71;252498;7231115.50
20110302;28.55;28.64;28.17;28.40;418996;11850705.00
20110303;28.34;28.52;27.65;27.72;309269;8693583.00
20110304;27.80;27.80;27.31;27.65;412003;11348511.00
20110307;27.80;27.93;27.62;27.80;433736;12026175.00
20110308;27.80;28.18;27.66;27.86;362597;10097617.00
20110309;27.99;28.08;27.82;27.93;268408;7487547.50
20110310;27.86;28.17;27.86;27.97;296080;8302121.00
20110311;27.91;28.30;27.82;28.20;460414;12932407.00
20110314;28.10;28.77;28.02;28.73;707663;20174944.00
20110315;28.75;28.75;27.80;28.30;485581;13749330.00
20110316;28.10;28.49;28.01;28.40;282628;8015160.50
20110317;28.33;28.33;27.85;27.90;303062;8486615.00
20110318;28.15;28.15;27.92;27.98;141183;3948597.00
20110321;27.88;28.06;27.66;27.72;182308;5062372.50
20110322;27.79;27.85;27.55;27.80;216861;6000369.00
20110323;27.77;27.93;27.56;27.82;198819;5530851.00
20110324;27.94;27.94;27.71;27.78;197765;5495911.50
20110325;27.78;27.91;27.70;27.86;200722;5589276.50
20110328;27.85;27.86;27.62;27.63;323290;8977069.00
20110329;27.52;27.63;26.70;26.75;655107;17679226.00
20110330;26.73;26.98;26.31;26.54;227098;6034071.00
20110331;26.61;26.92;26.59;26.61;157551;4205656.50
20110401;26.70;26.93;26.70;26.92;135851;3647729.25
20110406;27.01;27.07;26.76;26.77;123392;3310526.25
20110407;26.95;26.95;26.75;26.85;95700;2567854.00
20110408;26.85;27.14;26.80;27.04;178206;4801092.00
20110411;27.04;27.20;26.60;26.68;241362;6471513.00
20110412;26.60;26.84;26.53;26.67;160849;4285316.00
20110413;26.61;26.98;26.61;26.94;143989;3869710.00
20110414;27.00;27.00;26.78;26.81;140470;3771417.50
20110415;26.95;26.95;26.68;26.73;92200;2466058.00
20110418;26.74;26.88;26.61;26.85;143277;3832409.75
20110421;26.00;26.27;25.75;25.84;840144;21722100.00
20110422;25.84;25.86;25.55;25.66;314708;8064548.00
20110425;25.61;25.61;25.00;25.00;296968;7493339.50
20110426;24.91;24.91;24.22;24.27;327334;7998649.00
20110427;24.28;24.45;23.89;24.00;203779;4938156.50
20110428;24.10;24.27;23.30;23.31;145943;3469602.00
20110429;23.48;23.70;23.09;23.61;104369;2450428.75
20110503;23.67;23.94;23.18;23.75;196629;4632863.00
20110504;23.74;23.93;23.37;23.47;129651;3069521.50
20110505;23.38;23.70;23.30;23.49;103112;2427087.00
20110506;23.50;23.55;23.28;23.40;121550;2844878.50
20110509;23.49;23.69;23.46;23.57;129158;3045485.50
20110510;23.51;23.63;23.33;23.56;118109;2773174.00
20110511;23.43;23.69;23.34;23.64;145361;3424435.75
20110512;23.63;23.69;23.23;23.25;180796;4254640.50
20110513;23.25;23.38;22.70;23.01;214348;4921449.00
20110517;22.90;22.99;22.42;22.77;196292;4450468.50
20110518;22.51;22.68;22.37;22.60;165983;3750981.50
20110519;22.65;22.83;22.53;22.53;180643;4094469.25
20110520;21.05;21.82;21.00;21.39;1081384;23138696.00
20110523;20.91;21.24;20.34;20.34;782759;16253985.00
20110524;20.18;21.24;20.09;20.92;694396;14375291.00
20110525;20.81;20.90;20.10;20.21;826268;16840058.00
20110526;20.20;20.40;19.81;19.85;492686;9869847.00
20110527;19.80;20.30;19.62;20.02;763175;15291799.00
20110530;20.00;20.79;19.93;20.35;746392;15236876.00
20110531;20.35;20.72;20.12;20.69;676677;13829170.00
20110601;20.69;20.87;20.53;20.67;444452;9180201.00
20110602;20.50;20.50;19.99;20.18;383374;7728346.50
20110603;20.15;20.56;20.15;20.55;356849;7285306.50
20110607;20.42;20.57;20.30;20.33;482565;9839798.00
20110608;20.43;20.46;19.89;20.20;522137;10500560.00
20110609;20.21;20.21;19.79;19.84;351400;6993815.50
20110610;19.83;19.90;19.33;19.61;480988;9437707.00
20110613;19.41;19.88;19.26;19.67;357454;7033173.00
20110614;19.62;19.91;19.60;19.88;369740;7334004.00
20110615;19.89;19.95;19.53;19.58;289800;5738477.00
20110616;19.64;19.64;19.11;19.16;307500;5944474.50
20110617;19.26;19.28;18.71;18.81;369848;7057097.50
20110620;18.96;18.96;18.38;18.50;598980;11125361.00
20110621;18.66;18.74;18.46;18.74;268099;4986232.50
20110622;18.75;18.87;18.53;18.62;192182;3586967.75
20110623;18.65;19.37;18.44;19.22;700186;13345421.00
20110624;19.02;19.68;19.02;19.62;750131;14585613.00
20110627;19.60;20.08;19.48;19.76;633410;12524983.00
20110628;19.60;19.87;19.59;19.80;315121;6216857.00
20110629;19.66;19.94;19.63;19.65;568789;11276299.00
20110630;19.70;19.96;19.56;19.82;398688;7883924.50
20110701;19.80;20.17;19.75;19.95;584949;11707636.00
20110704;20.12;20.27;20.00;20.27;563276;11370218.00
20110705;20.25;20.39;20.15;20.24;502195;10165416.00
20110706;20.22;20.40;19.93;20.38;680203;13714618.00
20110707;20.22;20.97;20.16;20.45;1071122;22099196.00
20110708;20.44;20.47;20.13;20.20;464883;9429556.00
20110711;20.18;20.33;20.06;20.28;409242;8269965.00
20110712;20.22;20.22;19.64;19.68;517025;10270614.00
20110713;19.72;20.17;19.69;20.16;523636;10464773.00
20110714;20.25;20.95;20.18;20.87;1413386;29177610.00
20110715;20.28;21.20;20.00;21.19;3078526;63592064.00
20110718;21.01;21.40;20.70;20.90;1420902;29849358.00
20110719;20.65;20.78;20.26;20.43;748100;15292937.00
20110720;20.42;20.65;20.30;20.54;515571;10548464.00
20110721;20.54;20.57;19.95;20.06;667900;13484053.00
20110722;20.06;20.36;20.04;20.18;469903;9487302.00
20110725;20.18;20.24;18.88;18.96;930811;18062328.00
20110726;18.96;19.22;18.65;19.13;542861;10360925.00
20110727;19.09;19.35;18.91;19.30;388358;7444992.00
20110728;19.14;19.28;18.81;19.04;464652;8811213.00
20110729;18.95;19.12;18.82;18.86;325797;6174598.00
20110801;18.87;19.14;18.79;19.00;368148;6987606.00
20110802;19.00;19.42;18.22;19.42;957929;18240364.00
20110803;19.19;20.15;19.16;19.85;1244845;24682064.00
20110804;19.87;20.00;19.60;19.67;682834;13491042.00
20110805;18.97;19.25;18.80;18.91;550908;10492790.00
20110808;18.50;18.66;17.04;17.28;953377;16979264.00
20110809;16.90;17.18;16.20;16.98;719772;12066684.00
20110810;17.15;17.46;17.15;17.16;520231;8987719.00
20110811;16.87;17.55;16.55;17.40;611527;10507092.00
20110812;17.50;17.96;17.42;17.68;531344;9429341.00
20110815;17.80;18.17;17.60;18.00;477694;8591558.00
20110816;18.00;18.32;17.93;18.05;580928;10527407.00
20110817;17.93;18.25;17.61;17.95;621887;11183199.00
20110818;18.08;18.30;17.89;17.89;951439;17227994.00
20110819;17.39;17.60;17.25;17.59;423580;7383879.00
20110822;17.61;18.24;17.52;18.13;636759;11442661.00
20110823;18.19;19.90;18.05;18.76;1427352;26595926.00
20110824;18.83;19.00;18.48;18.50;990406;18533710.00
20110825;18.51;18.77;18.28;18.75;684600;12718050.00
20110826;18.55;19.08;18.52;18.95;701785;13250346.00
20110829;18.93;18.98;18.70;18.78;425639;8028258.00
20110830;18.85;18.99;18.34;18.35;548840;10270770.00
20110831;18.35;18.58;18.10;18.39;461490;8432485.00
20110901;18.32;18.66;18.11;18.27;399100;7367404.50
20110902;18.10;18.39;18.01;18.15;320681;5820329.50
20110905;17.82;18.18;17.30;17.31;236700;4170517.00
20110906;17.01;17.29;16.88;17.04;283200;4821566.00
20110907;17.14;17.46;17.10;17.42;391512;6770997.50
20110908;17.50;17.55;17.14;17.15;268106;4669054.00
20110909;17.15;17.38;17.01;17.10;205832;3534793.75
20110913;17.01;17.01;16.74;16.89;155221;2615450.50
20110914;16.89;17.36;16.78;17.36;411446;7040289.00
20110915;17.37;17.47;17.25;17.30;201407;3503287.50
20110916;17.45;17.57;17.30;17.38;264834;4620861.50
20110919;17.30;17.30;16.79;16.79;173579;2949436.75
20110920;16.80;17.01;16.74;16.96;120821;2038618.88
20110921;17.00;17.56;16.93;17.48;251222;4353076.00
20110922;17.30;17.48;17.01;17.05;229409;3955298.25
20110923;16.90;17.18;16.69;16.84;200145;3364780.00
20110926;16.84;16.94;16.70;16.70;141848;2385647.50
20110927;16.81;16.97;16.74;16.88;166155;2803855.25
20110928;16.93;17.10;16.58;16.64;252928;4270260.50
20110929;16.98;16.98;16.30;16.32;211252;3483336.25
20110930;16.32;16.50;16.12;16.33;152302;2480722.00
20111010;16.58;16.59;16.29;16.33;116051;1897349.88
20111011;16.52;16.95;16.38;16.59;318339;5304734.50
20111012;16.54;17.19;16.30;17.19;332630;5643832.50
20111013;17.20;17.78;17.05;17.50;567341;9937593.00
20111014;17.50;17.66;17.29;17.52;321824;5628667.00
20111017;17.58;17.71;17.41;17.60;250075;4404716.00
20111018;17.55;17.59;16.93;16.95;311340;5363497.00
20111019;17.19;17.29;16.94;17.15;270616;4626277.00
20111020;16.99;17.13;16.41;16.79;293901;4917121.50
20111021;16.64;16.71;16.37;16.46;162484;2686068.00
20111024;16.58;16.68;15.84;16.60;339124;5507495.50
20111025;16.53;17.10;16.53;16.99;385728;6502239.50
20111026;16.62;18.05;16.62;17.68;1112019;19592208.00
20111027;17.60;17.87;17.40;17.62;543303;9558060.00
20111028;17.70;17.99;17.63;17.92;631988;11257470.00
20111031;17.92;18.18;17.65;18.03;753701;13565506.00
20111101;17.70;18.17;17.70;17.99;630386;11300141.00
20111102;17.78;18.76;17.51;18.48;1141795;20888230.00
20111103;18.53;19.14;18.38;18.40;1466596;27567664.00
20111104;18.51;18.78;18.33;18.53;648001;11976294.00
20111107;18.45;18.64;18.32;18.36;453949;8379284.50
20111108;18.35;18.55;18.04;18.09;426751;7809701.00
20111109;18.17;18.60;18.02;18.58;740060;13567520.00
20111110;18.40;19.48;18.38;18.85;1935956;36835764.00
20111111;18.81;19.54;18.65;19.35;1428739;27349388.00
20111114;19.52;19.63;19.08;19.43;3146708;60625556.00
20111115;19.20;19.28;18.95;19.15;1519980;29048014.00
20111116;19.11;19.27;18.14;18.24;1625049;30223998.00
20111117;18.25;18.52;18.16;18.34;938876;17198482.00
20111118;18.28;18.28;17.71;17.73;1096771;19602898.00
20111121;17.73;17.93;17.48;17.71;380930;6730044.50
20111122;17.54;17.84;17.48;17.84;356380;6283909.50
20111123;17.85;18.05;17.71;17.79;424833;7594493.00
20111124;17.51;17.75;17.31;17.60;478195;8353891.00
20111125;17.41;17.60;16.90;16.97;782037;13515841.00
20111128;16.85;17.12;16.72;16.96;330361;5577704.50
20111129;17.07;17.12;16.60;16.93;899395;15114438.00
20111130;16.90;16.99;15.70;15.90;856766;13931105.00
20111201;17.49;17.49;17.49;17.49;1015045;17753138.00
20111202;17.96;18.57;17.59;17.62;4488848;81076648.00
20111205;16.70;17.17;16.00;16.15;2256229;37149464.00
20111206;16.09;16.45;15.81;16.35;1009815;16234614.00
20111207;16.05;16.75;16.03;16.48;889539;14582686.00
20111208;16.20;18.13;16.00;18.13;2390819;41706072.00
20111209;18.41;19.94;18.32;19.94;7888573;153245360.00
20111212;20.20;21.25;19.88;20.74;8663858;176937280.00
20111213;20.40;21.40;19.71;21.31;7371534;150214672.00
20111214;20.70;21.09;20.10;20.40;5269275;108474088.00
20111215;20.13;21.96;19.60;19.71;8015054;166795280.00
20111216;19.21;21.68;19.20;21.68;9400513;197399424.00
20111219;22.50;23.85;22.33;23.85;9483151;218048320.00
20111229;22.50;22.84;21.47;21.60;8317181;181666672.00
20111230;21.86;22.57;21.33;21.68;5750614;126027192.00
20120104;21.87;22.35;21.38;21.66;4551940;99111584.00
20120105;21.00;21.00;19.49;19.49;6292321;126288120.00
20120106;18.94;19.31;18.50;19.20;4336443;82189856.00
20120109;19.00;20.13;18.91;19.90;5824315;114023368.00
20120110;19.68;21.89;19.55;21.89;5240425;108448000.00
20120111;23.00;24.08;22.81;24.08;9775233;231479344.00
20120112;23.80;24.58;23.15;23.44;7755104;184504288.00
20120116;21.95;23.30;21.50;22.18;5214201;116617976.00
20120117;21.88;23.48;20.51;22.98;6737928;148041936.00
20120118;22.99;24.30;20.68;20.68;7023671;159854016.00
20120119;19.21;20.20;18.90;19.58;4830747;94269488.00
20120120;19.45;20.49;19.41;19.56;3387004;67215720.00
20120130;19.83;20.50;19.58;19.76;3473274;69596304.00
20120131;19.70;19.90;18.21;19.30;3768323;71150016.00
20120201;19.00;19.55;18.50;18.70;3585099;68122920.00
20120202;18.69;19.53;18.60;19.53;4000187;76502856.00
20120203;19.32;20.26;19.08;20.10;4600948;90529224.00
20120206;19.99;20.01;19.50;19.70;3508303;69296392.00
20120207;19.67;20.51;19.48;19.75;4481737;89497704.00
20120208;19.45;20.40;19.22;20.19;3845810;76435328.00
20120209;20.09;22.21;20.00;22.21;4354814;93640016.00
20120210;22.93;24.20;21.52;23.00;9163254;206331648.00
20120213;22.02;23.10;22.01;22.50;5043079;113575384.00
20120214;22.50;23.64;22.20;22.30;4063725;92539528.00
20120215;22.14;24.53;22.00;24.16;10428312;248935600.00
20120216;23.80;23.99;23.23;23.58;5314577;125379680.00
20120217;23.62;23.92;22.65;23.27;4377658;102070552.00
20120220;23.55;24.38;23.01;23.33;4612994;109596048.00
20120221;23.10;25.28;22.91;24.35;7271088;176137392.00
20120222;24.08;25.00;23.75;24.95;5466277;132983672.00
20120223;24.80;24.80;23.80;24.07;4876997;118189056.00
20120224;23.80;24.27;23.46;23.95;3716685;88620768.00
20120227;23.85;24.48;23.51;23.74;4150739;99534680.00
20120228;23.50;24.26;23.04;23.80;3914693;92647312.00
20120229;23.79;23.87;21.42;21.90;4127180;92694320.00
20120301;21.89;22.61;21.75;22.19;3151932;70220944.00
20120302;22.35;24.00;22.20;23.46;5396479;125373320.00
20120305;23.22;24.35;23.22;23.97;5265999;125535288.00
20120306;23.81;24.35;23.10;23.48;3420194;80923272.00
20120307;23.20;25.83;22.81;25.76;10667843;268811456.00
20120308;25.30;25.67;24.94;25.34;5705565;144023856.00
20120309;25.52;25.84;24.92;25.36;4128661;104719424.00
20120312;25.50;25.78;24.68;25.50;4468370;113007216.00
20120313;25.85;25.85;24.70;24.93;3748620;94006544.00
20120314;24.90;26.40;23.22;23.90;6813156;171102992.00
20120315;23.70;24.77;23.37;24.50;4713787;114010320.00
20120316;24.50;24.78;23.78;24.71;3449154;84030072.00
20120320;24.65;24.65;23.00;23.07;3312449;78274392.00
20120321;23.20;23.75;22.60;23.74;3064038;71449280.00
20120322;23.72;23.89;23.29;23.40;1677599;39585812.00
20120323;23.12;24.28;22.80;23.60;2445751;57609624.00
20120326;23.30;24.89;23.20;24.40;3450050;83535808.00
20120327;24.38;25.80;24.16;25.05;4400145;109899080.00
20120328;24.88;25.35;23.40;23.50;3530336;86116744.00
20120329;23.19;23.19;21.15;21.18;4126610;89992712.00
20120330;21.10;21.60;20.54;20.79;2404853;50403504.00
20120405;20.79;21.69;20.62;21.66;2189721;46778876.00
20120406;21.70;22.70;21.58;22.28;3092287;68439600.00
20120409;21.99;22.19;21.03;21.03;2230214;48087544.00
20120410;20.90;22.34;20.66;22.29;2974183;64030956.00
20120411;21.97;22.45;21.60;22.42;2885226;63590268.00
20120412;22.29;22.58;21.93;22.41;1983480;44247732.00
20120413;22.40;22.94;22.19;22.68;2395945;54203336.00
20120416;22.37;22.39;21.91;22.19;1706076;37732892.00
20120417;22.10;22.28;21.40;21.40;1345776;29259756.00
20120418;21.45;21.96;21.45;21.81;1210636;26375338.00
20120419;22.00;22.01;20.70;21.20;2027599;43644096.00
20120420;21.00;21.64;20.70;21.38;1908099;40410728.00
20120423;20.80;20.80;19.24;19.24;3083252;60104812.00
20120424;17.50;18.50;17.50;17.90;3281330;58889348.00
20120425;18.03;18.35;17.73;18.06;1749349;31490190.00
20120426;18.19;18.22;17.12;17.38;2277544;40093080.00
20120427;17.21;18.01;17.21;17.91;1853674;32944862.00
20120502;18.00;18.15;17.68;18.02;1679921;30085238.00
20120503;18.12;18.76;17.83;18.50;2081262;38197820.00
20120504;18.38;18.95;18.32;18.60;1811254;33838216.00
20120507;18.48;18.98;18.40;18.89;1577810;29516338.00
20120508;18.71;20.69;18.71;19.54;3617563;71267488.00
20120509;19.11;19.29;18.61;18.76;2083235;39377412.00
20120510;18.74;19.19;18.73;18.83;1230778;23343128.00
20120511;18.95;19.25;18.60;18.63;918748;17324334.00
20120514;18.77;18.91;18.16;18.27;1180510;21868910.00
20120515;17.86;18.25;17.73;17.94;840726;15060126.00
20120516;17.94;18.20;17.87;17.95;794723;14329724.00
20120517;17.96;18.32;17.56;18.22;1064457;19197520.00
20120518;18.06;19.25;18.02;18.58;2115901;39673020.00
20120521;18.49;19.13;18.22;19.13;1824542;34497776.00
20120522;19.30;19.49;18.79;19.02;1590759;30285174.00
20120523;18.84;19.08;18.32;18.38;1310966;24407492.00
20120524;18.25;18.49;18.00;18.08;787110;14340326.00
20120525;18.13;18.33;17.59;17.91;712860;12803094.00
20120528;17.86;17.92;17.15;17.65;986108;17292556.00
20120529;17.83;18.23;17.70;18.13;1000768;18030300.00
20120530;18.07;18.48;18.01;18.37;905863;16549239.00
20120531;18.28;18.97;18.07;18.60;1364627;25401138.00
20120601;18.51;18.70;18.26;18.33;823204;15201944.00
20120604;18.05;18.05;17.06;17.07;1295322;22648216.00
20120605;16.99;17.28;16.99;17.10;694540;11924724.00
20120606;17.14;17.68;17.11;17.25;870228;15184950.00
20120607;17.50;17.58;16.80;16.99;744754;12832280.00
20120608;17.11;18.49;17.01;17.87;2040302;36261076.00
20120611;17.78;18.22;17.60;18.22;1408099;25372066.00
20120612;18.05;18.09;17.68;17.75;1059232;18919910.00
20120613;17.92;18.18;17.83;18.13;1064759;19181704.00
20120614;18.10;18.44;17.72;17.80;1133894;20503316.00
20120615;17.75;17.91;17.51;17.83;642010;11391296.00
20120618;17.84;18.68;17.84;18.22;1589537;29154908.00
20120619;18.15;18.96;18.02;18.60;2296591;42661788.00
20120620;18.60;19.40;18.48;18.66;1916282;36246772.00
20120621;18.51;19.19;18.40;18.93;2487680;46961708.00
20120625;18.64;18.78;18.16;18.20;1301570;23996932.00
20120626;17.91;18.15;17.31;17.71;1178571;20793848.00
20120627;17.53;18.13;17.53;17.64;886055;15763999.00
20120628;17.64;17.90;17.38;17.58;898436;15870642.00
20120629;17.35;17.80;17.05;17.80;973149;17030342.00
20120702;17.95;18.14;17.72;18.09;1073309;19315374.00
20120703;18.17;18.67;17.97;18.40;1489427;27373694.00
20120704;18.25;18.77;18.18;18.44;922047;17001772.00
20120705;18.29;18.29;17.65;17.69;947507;16862708.00
20120706;17.92;18.30;17.27;18.24;1448565;25846820.00
20120709;18.08;18.54;17.51;17.86;1613904;29250430.00
20120710;17.55;18.06;17.42;17.87;931622;16502924.00
20120711;17.80;17.80;17.40;17.71;706611;12439548.00
20120712;17.61;18.18;17.45;18.17;1164941;20855742.00
20120713;18.03;18.99;18.03;18.44;2765452;51285768.00
20120716;16.60;16.60;16.60;16.60;241700;4012220.00
20120717;14.94;15.55;14.94;15.02;3588128;53963248.00
20120718;14.81;15.04;14.72;15.04;1915197;28520730.00
20120719;14.98;15.47;14.84;15.18;1608021;24370446.00
20120720;15.08;15.40;15.00;15.02;1269299;19292364.00
20120723;14.75;14.90;14.44;14.46;1333865;19484948.00
20120724;14.30;14.64;14.20;14.54;630894;9144577.00
20120725;14.40;14.74;14.40;14.52;666201;9710080.00
20120726;14.55;14.69;14.34;14.41;671337;9755762.00
20120727;14.46;15.28;14.30;14.97;1660424;24593106.00
20120730;14.71;14.80;13.96;13.99;1339550;19193582.00
20120731;14.02;14.15;13.42;13.50;961579;13136516.00
20120801;13.43;13.88;13.43;13.69;595043;8140273.50
20120802;13.65;13.82;13.50;13.68;574484;7835291.00
20120803;13.61;14.49;13.61;14.14;1092741;15407182.00
20120806;13.93;14.98;13.93;14.78;1844096;26930968.00
20120807;14.55;14.90;14.55;14.80;948440;13945344.00
20120808;14.81;14.97;14.48;14.57;1062499;15614943.00
20120809;14.41;14.70;14.25;14.65;1276880;18499628.00
20120810;14.55;14.66;14.48;14.51;613613;8929121.00
20120813;14.49;14.59;14.03;14.08;476257;6836251.50
20120814;14.09;14.24;13.83;14.21;720576;10139029.00
20120815;14.15;14.26;14.01;14.03;515107;7267814.00
20120816;14.03;14.18;13.85;13.85;372710;5223701.50
20120817;13.86;14.10;13.81;14.06;382991;5356453.50
20120820;13.97;14.22;13.93;14.21;290514;4105423.50
20120821;14.21;15.38;14.14;14.86;2168547;32204024.00
20120822;14.73;14.88;14.55;14.66;909913;13381678.00
20120823;14.67;15.15;14.60;15.05;1315081;19526506.00
20120824;15.00;15.02;14.40;14.45;1136004;16691730.00
20120827;14.21;14.45;13.71;13.94;679619;9490727.00
20120828;13.80;14.35;13.80;14.11;499147;7033398.50
20120829;14.11;14.54;14.00;14.25;743815;10661844.00
20120830;14.14;14.32;13.59;13.83;854497;11935579.00
20120831;13.72;14.05;13.72;14.00;455328;6344202.50
20120903;14.00;14.28;13.86;14.21;401099;5680554.00
20120904;14.22;14.67;14.16;14.36;745134;10764206.00
20120905;14.22;15.09;14.16;14.79;1613395;23818302.00
20120906;14.71;15.45;14.60;15.26;2036369;30659520.00
20120907;15.35;15.59;15.05;15.39;2016767;30904860.00
20120910;15.45;15.69;15.16;15.51;1460791;22545744.00
20120911;15.40;15.51;15.21;15.35;806626;12395289.00
20120912;15.40;15.47;14.94;15.16;1207811;18319266.00
20120913;15.20;15.32;14.85;14.86;918650;13905986.00
20120914;14.98;15.05;14.76;14.98;613750;9152379.00
20120917;14.91;14.95;14.09;14.09;1255216;18012710.00
20120918;13.90;14.25;13.90;14.08;673596;9465444.00
20120919;14.08;14.46;14.01;14.22;684437;9775076.00
20120920;14.22;14.22;13.63;13.64;747948;10353744.00
20120921;13.66;13.77;13.45;13.46;515232;7016293.00
20120924;13.40;13.47;13.15;13.38;435162;5797865.00
20120925;13.37;13.43;13.15;13.21;282418;3746892.00
20120926;13.27;14.53;13.23;14.53;2009803;28891690.00
20120927;15.19;15.19;13.87;14.32;3868865;55992600.00
20120928;13.89;14.42;13.89;14.26;2023463;28663940.00
20121008;14.20;14.66;14.10;14.36;1478845;21277156.00
20121009;14.31;14.66;14.25;14.59;1813817;26335956.00
20121010;14.56;14.80;14.46;14.64;1566117;22889288.00
20121011;14.60;14.63;14.15;14.16;1214171;17478360.00
20121012;14.09;14.36;13.77;13.84;1170228;16367989.00
20121015;13.84;13.84;13.31;13.51;1198577;16170066.00
20121016;13.54;13.76;13.49;13.65;571409;7803363.50
20121017;13.74;13.79;13.51;13.67;588614;8026276.00
20121018;13.75;13.96;13.67;13.90;709618;9854401.00
20121019;13.92;14.27;13.85;14.09;823133;11607431.00
20121022;14.03;14.23;13.82;14.08;606424;8499617.00
20121023;14.16;14.23;13.83;13.88;533702;7509125.50
20121024;13.72;13.94;13.72;13.77;384245;5304864.50
20121025;13.89;14.07;13.76;14.04;975992;13598164.00
20121026;14.07;14.08;13.50;13.76;779009;10730290.00
20121029;13.61;13.80;13.60;13.67;228064;3126137.50
20121030;13.60;13.83;13.60;13.75;264929;3638395.25
20121031;13.75;13.83;13.66;13.71;428431;5881842.50
20121101;13.77;13.99;13.73;13.98;527305;7340951.50
20121102;14.07;14.29;13.90;14.17;773442;10912357.00
20121105;14.20;14.27;14.04;14.08;517109;7308262.50
20121106;14.11;14.11;13.72;13.90;422984;5860560.00
20121107;13.82;14.13;13.82;13.88;310303;4338758.50
20121108;13.63;13.77;13.53;13.55;438117;5972454.00
20121109;13.63;13.64;13.40;13.52;205891;2787424.75
20121112;13.60;13.72;13.53;13.72;227499;3102854.50
20121113;13.68;13.71;13.52;13.52;315198;4286635.00
20121114;13.58;13.61;13.47;13.53;244962;3317584.25
20121115;13.52;13.55;13.20;13.21;284348;3814456.00
20121116;13.20;13.28;13.07;13.20;344624;4550901.00
20121119;13.26;13.37;13.14;13.29;225236;2986492.00
20121120;13.40;13.40;13.25;13.27;277049;3687403.25
20121121;13.61;14.60;13.60;14.60;2410573;34905388.00
20121122;14.63;15.08;14.50;14.58;4810185;71138256.00
20121123;14.40;14.58;14.21;14.58;2083027;30026678.00
20121126;14.59;14.59;13.90;14.00;1724164;24441104.00
20121127;13.98;13.99;13.30;13.50;1115501;15075100.00
20121128;13.34;13.73;13.15;13.70;1012162;13599194.00
20121129;13.58;13.70;12.80;12.84;1302228;17404356.00
20121130;12.77;12.90;12.56;12.79;1068415;13587711.00
20121203;12.78;12.82;12.00;12.22;951399;11853157.00
20121204;12.05;12.35;11.87;12.30;747002;9027613.00
20121205;12.30;12.89;12.18;12.71;976529;12344978.00
20121206;12.69;13.45;12.62;12.82;1285322;16742786.00
20121207;12.91;13.25;12.56;13.08;932912;12099183.00
20121210;12.96;13.35;12.88;13.26;1639758;21468302.00
20121211;13.25;13.29;13.04;13.17;727850;9583229.00
20121212;13.12;13.26;12.95;13.15;770407;10078221.00
20121213;13.18;13.45;12.98;13.03;651896;8607265.00
20121214;13.05;13.55;12.96;13.50;1066444;14237932.00
20121217;13.50;13.74;13.31;13.57;927603;12551781.00
20121218;13.53;13.69;13.36;13.42;686843;9266801.00
20121219;13.39;13.79;13.33;13.52;907145;12324596.00
20121220;13.41;13.68;13.36;13.58;762864;10330752.00
20121221;13.53;14.10;13.41;13.75;1362069;18659818.00
20121224;13.76;14.30;13.76;14.11;1380503;19406312.00
20121225;14.08;14.34;14.01;14.28;1383185;19663222.00
20121226;14.26;14.88;14.22;14.63;1573743;22866570.00
20121227;14.70;14.75;14.24;14.25;1107229;15974720.00
20121228;14.20;14.50;14.10;14.36;903923;12910517.00
20121231;14.47;14.47;14.18;14.28;913347;13023322.00
20130104;14.33;14.39;13.91;14.12;792354;11216444.00
20130107;14.05;14.70;14.02;14.54;1585267;22891036.00
20130108;14.46;15.66;14.40;15.10;2419463;36450784.00
20130109;15.01;15.39;14.85;15.10;1750242;26509768.00
20130110;15.31;15.65;15.11;15.27;1849028;28368218.00
20130111;15.44;16.80;15.42;15.93;4506516;73536920.00
20130114;15.70;16.31;15.53;16.16;2571847;40979608.00
20130115;16.05;16.90;15.84;16.49;2540199;41423688.00
20130116;17.15;17.58;16.55;16.69;4634690;79199688.00
20130117;16.57;16.57;15.78;15.81;2594857;41556668.00
20130118;15.86;16.10;15.75;16.05;1242608;19804402.00
20130121;16.00;16.05;15.67;15.84;1191348;18871122.00
20130122;15.88;15.96;15.17;15.21;1535081;23857248.00
20130123;15.19;15.55;15.05;15.50;1487581;22781770.00
20130124;15.41;15.58;14.81;14.85;1146729;17506554.00
20130125;14.88;15.05;14.75;14.98;756410;11272679.00
20130128;15.13;15.50;14.96;15.43;691619;10583046.00
20130129;15.39;15.80;15.39;15.68;891675;13954309.00
20130130;15.67;15.78;15.27;15.44;725811;11229316.00
20130131;15.79;15.79;15.18;15.28;615312;9463556.00
20130201;15.24;15.50;15.00;15.46;589584;9046986.00
20130204;15.52;15.57;14.91;15.17;593519;9023382.00
20130205;15.17;15.50;15.07;15.50;482448;7402695.50
20130206;15.70;15.97;15.60;15.70;920936;14520126.00
20130207;15.79;16.15;15.73;15.93;970620;15443322.00
20130208;15.90;16.27;15.89;16.10;1136702;18272510.00
20130218;16.10;16.18;15.93;16.09;728467;11722644.00
20130219;16.08;16.09;15.48;15.60;1139057;17835364.00
20130220;15.55;16.12;15.55;16.09;1202591;19153026.00
20130221;15.99;16.02;15.59;15.68;993474;15720021.00
20130222;15.75;16.30;15.69;16.05;1091011;17463218.00
20130225;16.20;16.45;16.06;16.30;996881;16195285.00
20130226;16.30;16.31;15.86;15.90;1003620;16164742.00
20130227;15.93;16.36;15.93;16.07;929166;15020660.00
20130228;17.49;17.64;16.32;16.88;4535704;76834752.00
20130301;16.88;17.45;16.76;17.11;2784790;47437400.00
20130304;16.85;16.95;15.92;16.19;2362470;39100360.00
20130305;16.19;16.66;16.13;16.56;1264113;20831752.00
20130306;16.68;17.20;16.50;16.98;1911533;32370714.00
20130307;17.03;17.29;16.37;16.60;1994482;33725364.00
20130308;16.59;16.70;16.35;16.38;877005;14518770.00
20130311;16.45;16.57;16.31;16.40;591864;9718873.00
20130312;16.35;16.58;15.66;15.90;1175326;18892106.00
20130313;15.85;15.95;15.60;15.76;523677;8244209.00
20130314;15.80;15.93;15.74;15.84;494432;7827766.50
20130315;16.00;16.29;15.91;16.07;929676;15017331.00
20130318;16.03;16.22;15.63;15.63;704004;11204202.00
20130319;15.61;15.80;15.23;15.60;541448;8410955.00
20130320;15.56;16.07;15.56;16.07;720482;11408507.00
20130321;16.04;16.34;15.99;16.14;770777;12459631.00
20130322;16.14;16.20;15.90;16.11;550228;8834671.00
20130325;16.03;16.22;16.03;16.09;492113;7941811.50
20130326;16.03;16.73;15.85;16.60;1489922;24337654.00
20130327;16.40;16.59;16.30;16.49;915958;15050710.00
20130328;16.45;17.04;15.85;16.58;2621848;43359844.00
20130329;16.46;16.51;16.04;16.16;1232852;20050250.00
20130401;16.16;16.82;16.05;16.66;1229991;20395262.00
20130402;17.44;17.93;16.88;16.95;3938207;68228656.00
20130403;16.64;17.62;16.56;17.58;3504785;60374160.00
20130408;17.20;19.25;16.93;18.62;4175946;75206456.00
20130409;18.36;19.78;18.16;19.30;4682861;88713600.00
20130410;19.01;19.29;18.61;18.71;2751036;51820116.00
20130411;18.80;19.38;18.45;18.67;2489486;47015484.00
20130412;18.41;18.73;17.91;18.16;1822532;33396952.00
20130415;18.09;18.38;17.91;18.30;1198691;21823280.00
20130416;17.92;18.18;17.50;18.09;1869788;33408416.00
20130417;18.10;18.85;17.92;18.85;2598028;47858644.00
20130418;18.70;19.45;18.55;19.00;3282333;62743052.00
20130419;18.93;19.50;18.81;19.25;2413032;46271624.00
20130422;19.15;20.39;19.02;20.04;2670441;53011644.00
20130423;20.05;20.26;19.08;19.46;2830314;55341144.00
20130424;19.50;20.81;19.10;20.61;4399926;88497672.00
20130425;20.58;20.60;19.32;19.36;3290663;66034992.00
20130426;19.30;19.86;19.10;19.15;1896291;36908188.00
20130502;18.90;19.65;18.60;19.39;1525863;29431824.00
20130503;19.93;21.33;19.93;21.33;2715369;56949620.00
20130506;23.00;23.46;22.65;23.46;3540738;81926088.00
20130507;25.50;25.81;24.72;25.81;10449235;265384416.00
20130508;25.61;28.39;25.55;28.39;8192201;219624096.00
20130509;14.20;15.51;14.14;15.51;18903128;281970784.00
20130510;15.80;16.00;14.50;14.90;19469351;290970528.00
20130513;14.48;14.76;14.10;14.61;15052140;216688864.00
20130514;14.20;14.38;13.35;13.63;16649791;229425616.00
20130515;13.65;14.06;13.54;13.96;13725411;189386192.00
20130516;13.78;14.15;13.30;13.54;16044925;221107472.00
20130517;13.41;13.96;13.31;13.92;12054261;165231072.00
20130520;13.80;14.67;13.70;14.40;17339304;246588992.00
20130521;14.11;15.80;13.85;15.24;19783827;288721344.00
20130522;14.50;14.70;13.72;13.82;14080115;199512848.00
20130523;13.78;14.24;13.65;13.83;7181960;100137744.00
20130524;14.05;14.43;13.86;14.17;7213368;102376432.00
20130527;13.90;14.42;13.81;14.03;7655832;107818176.00
20130528;13.72;13.95;12.95;13.08;9082954;120615736.00
20130529;13.08;13.28;13.04;13.20;3649345;48099208.00
20130530;13.15;13.46;13.08;13.28;3883814;51570948.00
20130531;13.23;13.63;13.18;13.26;4626175;61868000.00
20130603;13.10;13.78;12.94;13.55;6476109;86949616.00
20130604;13.41;13.50;12.90;13.40;4387765;57970652.00
20130605;13.40;13.88;13.10;13.81;7431993;100679632.00
20130606;13.59;14.09;13.31;13.60;7047842;96563584.00
20130607;13.36;13.77;13.10;13.10;4282897;57570224.00
20130613;12.60;12.63;11.79;12.00;3865840;46767844.00
20130614;12.07;12.74;12.07;12.41;5029410;62936832.00
20130617;12.77;13.11;12.55;12.66;4405690;56566116.00
20130618;12.40;13.35;12.03;13.35;7504235;96202608.00
20130619;13.15;13.30;12.75;13.14;4273698;55896016.00
20130620;12.88;13.46;12.20;12.31;4447025;57526272.00
20130621;12.10;13.15;11.62;12.83;4988179;61525420.00
20130624;12.78;12.90;11.70;12.00;4442191;54883548.00
20130625;11.94;12.58;10.91;12.46;5576083;66900152.00
20130626;12.44;13.71;12.18;13.63;11071936;145667840.00
20130627;13.45;14.17;13.07;13.91;13316610;181721296.00
20130628;13.64;14.39;13.41;13.81;9648791;134384848.00
20130701;13.56;14.18;13.45;14.10;8418860;116561568.00
20130702;13.94;14.88;13.83;14.43;11722611;168645728.00
20130703;14.13;14.91;13.51;14.75;13603355;195645024.00
20130704;14.50;14.65;13.78;13.90;9788156;139191968.00
20130705;13.80;14.36;13.36;13.38;8537108;118500992.00
20130708;13.00;13.05;12.06;12.08;7059736;87676376.00
20130709;12.01;12.60;11.80;12.52;4961819;60702112.00
20130710;12.50;12.86;12.30;12.55;5849734;73771392.00
20130711;12.66;12.94;12.15;12.84;7953101;100212328.00
20130712;12.68;14.12;12.65;13.59;14369273;195845104.00
20130715;14.11;14.95;13.80;14.95;18778819;272689856.00
20130716;15.45;15.59;14.78;15.20;17111051;259012976.00
20130717;15.94;16.72;15.58;16.72;15905002;259156688.00
20130718;17.20;17.38;16.43;16.72;20971562;355232352.00
20130719;16.73;17.16;15.05;15.05;21635331;353058048.00
20130722;14.55;15.78;14.51;15.66;14682252;224732208.00
20130723;15.53;15.90;15.00;15.84;14683610;227757024.00
20130724;15.56;16.56;15.28;16.45;16829778;269373440.00
20130725;16.65;17.95;15.90;16.93;25133534;429576448.00
20130726;16.23;17.06;15.24;15.99;14324505;231111376.00
20130729;15.25;15.98;15.00;15.05;7425110;114924464.00
20130730;15.00;15.45;14.00;14.44;7264538;106478080.00
20130731;14.51;15.40;14.32;14.94;6488699;96485152.00
20130801;14.79;15.73;14.62;15.69;7188603;110389120.00
20130802;15.75;16.32;15.23;15.28;8477118;134022112.00
20130805;15.07;15.54;14.90;15.40;5992932;91241408.00
20130806;15.44;16.29;15.35;16.07;9682461;153617104.00
20130807;15.98;16.00;15.01;15.13;8808329;135658448.00
20130808;15.40;15.57;15.08;15.33;5114273;78295096.00
20130809;15.30;15.42;14.50;14.78;6381153;95086592.00
20130812;14.57;14.93;14.22;14.66;4817998;70076880.00
20130813;14.52;14.93;14.40;14.78;3871695;57051632.00
20130814;14.71;15.39;14.45;15.18;8251311;123854512.00
20130815;15.25;15.69;14.93;15.27;9429040;144631952.00
20130816;15.07;15.16;14.21;14.26;7586090;111561600.00
20130819;14.26;15.19;14.23;15.14;6077872;90380272.00
20130820;15.21;15.93;15.18;15.41;10000383;155354240.00
20130821;16.20;16.95;16.20;16.95;7075201;119446608.00
20130822;18.45;18.65;17.76;18.00;31739700;580065856.00
20130823;17.30;17.47;16.20;16.79;23105960;388802816.00
20130826;16.40;17.08;16.38;16.84;14054160;234674480.00
20130827;16.53;16.99;16.15;16.98;11733118;195033424.00
20130828;16.59;16.78;15.90;15.90;10549055;172752656.00
20130829;15.70;16.50;15.70;16.30;8651437;140511808.00
20130830;16.13;16.20;14.80;15.00;9543657;146878976.00
20130902;14.86;15.53;14.86;15.47;4665876;71582056.00
20130903;15.26;15.74;15.21;15.69;4884227;75668768.00
20130904;15.57;15.63;15.30;15.34;3681259;56810540.00
20130905;15.28;16.37;15.21;16.24;10046117;161662128.00
20130906;16.05;16.65;15.80;16.38;8195059;133471816.00
20130909;16.46;16.48;15.80;16.09;6642194;106391024.00
20130910;16.09;16.44;15.41;15.64;6798747;107735616.00
20130911;15.69;15.71;14.56;14.67;6305860;93803600.00
20130912;14.70;15.27;14.70;14.88;3327995;49828392.00
20130913;14.85;15.14;14.55;15.09;3262477;48746344.00
20130916;15.05;15.70;15.01;15.46;4915776;76003496.00
20130917;15.47;16.25;15.00;15.74;9077123;142903904.00
20130918;15.78;15.79;15.00;15.10;6563757;100100272.00
20130923;15.20;15.69;14.70;15.65;6771266;103091528.00
20130924;15.52;16.22;15.43;16.02;8057419;127874376.00
20130925;15.90;16.49;15.73;15.79;8238497;132591128.00
20130926;15.60;16.08;15.00;15.05;6096153;94396592.00
20130927;14.86;15.19;14.75;14.83;4204144;62661620.00
20130930;14.80;15.30;14.78;15.15;2838080;42892196.00
20131008;15.18;15.85;15.03;15.78;5132621;80394520.00
20131009;15.56;17.36;15.55;16.96;19010258;320240320.00
20131010;16.77;16.95;15.95;16.16;11973216;196796368.00
20131011;16.21;17.35;15.97;17.15;13227148;221621456.00
20131014;16.90;18.46;16.76;17.75;14284814;252364560.00
20131015;17.44;17.44;16.11;16.40;13356237;223244992.00
20131016;16.24;16.62;14.80;15.33;8067481;127009144.00
20131017;15.23;15.83;15.08;15.40;4895152;75987760.00
20131018;15.44;15.95;15.35;15.92;3965210;62483300.00
20131021;15.93;16.50;15.90;16.30;5458424;88878664.00
20131022;16.30;16.30;15.17;15.26;7314718;114217416.00
20131023;15.20;15.57;14.86;15.29;3854826;58563920.00
20131024;15.27;15.27;14.40;14.59;4135169;60959868.00
20131025;14.43;14.78;13.16;13.54;5584539;76410736.00
20131028;13.60;13.64;13.00;13.18;3146200;41641192.00
20131029;13.22;13.43;11.90;12.59;4351004;54833428.00
20131030;12.59;12.92;12.30;12.88;2692815;34062008.00
20131031;12.87;12.87;12.26;12.81;2871498;36069408.00
20131101;12.90;12.90;12.32;12.55;2280517;28560184.00
20131104;12.35;12.74;12.35;12.46;2061975;25825986.00
20131105;12.50;12.81;12.32;12.79;2404917;30365716.00
20131106;12.85;13.49;12.64;13.10;4387976;57394700.00
20131107;13.03;13.03;12.57;12.57;2270265;28964480.00
20131108;12.45;12.69;12.30;12.48;1511488;18937540.00
20131111;12.39;12.66;12.31;12.60;1198712;14992791.00
20131112;12.60;12.85;12.52;12.76;1687612;21433280.00
20131113;12.76;12.76;12.20;12.20;2009065;25082670.00
20131114;12.04;12.55;12.00;12.46;2093649;25755348.00
20131115;12.48;13.09;12.46;12.80;3712757;47545472.00
20131118;12.72;13.48;12.72;13.29;4392299;57637180.00
20131119;13.33;13.45;13.11;13.30;3431254;45479588.00
20131120;13.25;13.64;13.25;13.55;4211323;56592560.00
20131121;13.55;13.93;13.36;13.55;5213303;71294744.00
20131122;13.45;13.55;13.04;13.14;3364353;44548492.00
20131125;13.20;13.37;13.12;13.17;1924293;25511974.00
20131126;13.13;13.27;12.90;13.15;2729983;35807232.00
20131127;13.19;13.83;13.12;13.70;5060239;68966416.00
20131128;13.65;14.10;13.46;13.50;4745532;65171808.00
20131129;13.51;13.98;13.38;13.95;5316832;73080344.00
20131202;13.20;13.22;12.56;12.56;4805812;61573224.00
20131203;11.98;12.36;11.30;12.18;4159811;49013068.00
20131204;12.17;12.55;12.02;12.15;3039226;37364168.00
20131205;12.18;12.32;11.56;11.63;4048238;47896196.00
20131206;11.48;11.76;11.48;11.68;1825689;21262352.00
20131209;11.68;12.00;11.67;11.94;2097283;24926214.00
20131210;11.94;11.98;11.50;11.58;3271602;38150088.00
20131211;11.62;11.74;11.51;11.71;2093478;24359406.00
20131212;11.68;12.08;11.68;11.93;3102140;36875280.00
20131213;11.83;11.88;11.70;11.77;2214949;26101572.00
20131216;11.77;11.91;11.60;11.65;1651591;19382072.00
20131217;11.65;11.67;11.35;11.39;1901690;21754586.00
20131218;11.39;11.67;11.21;11.65;1481718;17018516.00
20131219;11.65;11.89;11.45;11.45;1626282;19022710.00
20131220;11.45;11.55;11.20;11.26;1413023;16050190.00
20131223;11.30;11.30;10.79;10.85;2481082;27266246.00
20131224;10.87;11.23;10.85;11.09;1587677;17597000.00
20131225;11.16;11.44;11.05;11.43;2089450;23640028.00
20131226;11.48;11.62;11.20;11.32;3173220;36249072.00
20131227;11.28;11.87;11.21;11.78;3993244;46460156.00
20131230;11.83;11.84;11.57;11.83;3022856;35422568.00
20131231;11.70;11.86;11.56;11.62;2025514;23598144.00
20140102;11.60;12.05;11.53;11.90;3127530;37100464.00
20140103;11.83;12.49;11.83;12.23;5958342;72526920.00
20140106;12.09;12.12;11.50;11.65;3336383;39324132.00
20140107;11.50;11.96;11.43;11.90;2255076;26559806.00
20140108;12.00;12.48;11.86;12.17;5617214;68576168.00
20140109;12.19;12.47;11.70;11.80;5120242;62445632.00
20140110;11.69;11.77;10.79;11.00;3997073;45336448.00
20140113;11.05;11.25;10.95;11.10;1841272;20401668.00
20140114;11.10;11.42;11.07;11.42;1742976;19677302.00
20140115;11.42;11.81;11.35;11.77;2978581;34596252.00
20140116;11.77;11.84;11.43;11.52;2686717;31101306.00
20140117;11.55;11.94;11.50;11.90;4055853;47909432.00
20140120;12.10;12.15;11.58;11.64;2832134;33485342.00
20140121;11.73;12.20;11.70;12.20;4839704;58142576.00
20140122;11.70;13.16;11.70;12.46;10326735;126645424.00
20140123;12.33;13.71;12.33;13.71;15047894;197874208.00
20140124;13.40;13.62;13.20;13.48;11094046;148986544.00
20140127;13.31;14.25;13.31;13.54;9913958;135490864.00
20140128;13.51;13.68;12.81;13.13;5515586;72635704.00
20140129;13.14;13.57;13.07;13.35;4468827;59502360.00
20140130;13.25;13.60;13.02;13.07;4841763;64774988.00
20140207;13.16;14.30;13.16;14.01;9105727;126314296.00
20140210;13.90;14.28;13.68;14.11;9152557;128231216.00
20140211;14.12;14.73;13.91;14.56;10603495;153209792.00
20140212;14.35;14.64;14.02;14.45;6046023;86743856.00
20140213;14.26;14.38;13.60;13.60;6212370;87109664.00
20140214;13.47;13.97;13.41;13.95;3935109;53940220.00
20140217;13.97;15.02;13.85;14.88;8515468;124290936.00
20140218;14.71;14.95;14.50;14.69;5782718;85196544.00
20140219;14.65;14.93;14.36;14.65;4621015;67215864.00
20140220;14.64;14.80;14.14;14.28;3906985;56352828.00
20140221;14.28;14.92;14.23;14.58;4884746;71458552.00
20140224;14.24;14.40;13.90;14.31;4111442;58087724.00
20140225;14.28;14.54;12.89;12.90;5350996;73686560.00
20140226;12.88;12.88;12.04;12.58;3877924;48287584.00
20140227;12.58;12.82;12.08;12.10;4018316;49970980.00
20140228;12.10;12.41;11.82;12.29;2723498;33078942.00
20140303;12.26;12.68;12.08;12.64;2861466;35496536.00
20140304;12.55;12.59;12.33;12.56;2172524;27061928.00
20140305;12.54;12.82;12.43;12.58;2702798;34153432.00
20140306;12.59;12.59;12.13;12.45;1841403;22743196.00
20140307;12.40;12.54;12.25;12.36;1439197;17838044.00
20140310;12.29;12.29;11.40;11.41;2230247;26240054.00
20140311;11.41;11.60;11.20;11.47;1865881;21349648.00
20140312;11.44;11.59;11.06;11.25;1970647;22319926.00
20140313;11.34;11.50;11.25;11.47;1493264;17043252.00
20140314;11.42;11.67;11.31;11.46;1235475;14144602.00
20140317;11.58;11.84;11.32;11.83;1782191;20829560.00
20140318;11.83;12.12;11.80;11.83;1876606;22415066.00
20140319;11.81;12.36;11.65;12.20;3708925;44826976.00
20140320;12.09;12.27;11.56;11.66;2407197;28895502.00
20140321;11.50;11.78;11.16;11.73;3513090;40205728.00
20140324;11.66;12.22;11.52;12.13;4061381;48519788.00
20140325;12.00;12.36;11.93;12.13;3056668;37018988.00
20140326;12.14;12.23;11.90;12.12;2358285;28539614.00
20140327;12.12;12.48;11.92;12.08;4498527;55070648.00
20140328;11.98;12.06;11.17;11.28;3727268;42870968.00
20140331;11.33;11.40;11.00;11.03;1369132;15303210.00
20140401;11.05;11.33;11.05;11.31;992862;11175481.00
20140402;11.32;11.43;11.06;11.20;1333714;14898366.00
20140403;11.25;11.49;11.08;11.47;1882883;21387638.00
20140404;11.46;11.62;11.28;11.53;1425127;16358708.00
20140408;11.47;11.52;11.20;11.48;1236130;14096335.00
20140409;11.56;11.77;11.48;11.64;1727509;20097052.00
20140410;11.51;11.76;11.48;11.49;2230675;25935356.00
20140411;11.35;11.38;11.15;11.29;1916404;21539004.00
20140414;11.30;11.54;11.23;11.54;1451588;16604513.00
20140415;11.50;11.66;11.42;11.43;1196726;13780599.00
20140416;11.43;11.48;11.25;11.34;1359888;15409336.00
20140417;11.27;11.45;11.24;11.25;1257126;14263468.00
20140418;11.39;11.44;11.25;11.38;1216556;13825721.00
20140421;11.26;11.38;11.10;11.14;1616915;18157576.00
20140422;11.10;11.25;10.80;11.00;1780171;19484896.00
20140423;11.01;11.05;10.77;10.88;928440;10126066.00
20140424;10.78;10.94;10.50;10.59;1648671;17590040.00
20140425;10.63;10.66;9.88;9.92;2798326;28502656.00
20140428;9.79;9.79;9.37;9.40;1845733;17638418.00
20140429;9.43;9.66;9.43;9.64;1161703;11130611.00
20140430;9.74;9.83;9.64;9.79;998778;9759587.00
20140505;9.85;9.87;9.70;9.85;984331;9633519.00
20140506;9.81;10.20;9.79;10.08;1608245;16183490.00
20140507;9.91;10.06;9.70;9.70;945159;9367989.00
20140508;9.72;10.67;9.72;10.67;2491655;26172886.00
20140509;10.91;10.91;10.30;10.43;4464464;47554792.00
20140512;10.41;10.68;10.32;10.52;2573918;27003206.00
20140513;10.39;10.75;10.39;10.58;2204734;23396380.00
20140514;10.65;11.50;10.60;11.02;4706460;52475224.00
20140515;10.85;11.03;10.53;10.53;2429588;26192838.00
20140516;10.47;10.52;10.15;10.37;1691786;17467428.00
20140519;10.20;11.27;10.17;10.95;3458745;37433876.00
20140520;10.95;11.15;10.81;10.97;3288860;36092188.00
20140521;10.89;11.03;10.70;10.97;2013592;21879258.00
20140522;10.95;11.24;10.90;10.97;2451177;27115346.00
20140523;10.87;11.10;10.76;11.09;2266864;24771914.00
20140526;11.12;11.27;11.00;11.09;2503250;27779572.00
20140527;11.07;11.07;10.78;10.80;1924626;20946508.00
20140528;10.83;11.20;10.80;11.14;2761468;30498114.00
20140529;11.05;11.50;11.04;11.30;4610325;52257180.00
20140530;11.30;11.39;11.03;11.20;2294521;25610224.00
20140603;11.20;11.29;11.06;11.07;1379680;15337140.00
20140604;10.96;11.15;10.70;10.97;1840475;20027892.00
20140605;10.95;11.49;10.88;11.40;3916880;44280140.00
20140606;11.46;11.47;11.15;11.22;2104441;23765938.00
20140609;11.20;11.60;11.20;11.35;2987676;34117536.00
20140610;11.32;11.65;11.20;11.50;3154404;36136468.00
20140611;11.44;12.18;11.43;11.75;4946957;58743736.00
20140612;11.67;12.15;11.58;12.07;4373867;52359376.00
20140613;11.97;12.77;11.97;12.56;7239284;90395560.00
20140616;12.51;12.57;12.19;12.45;3962202;49153220.00
20140617;12.41;12.68;12.10;12.19;3280142;40556260.00
20140618;12.25;12.33;11.67;11.68;3512614;41883888.00
20140619;11.73;11.91;11.02;11.30;3276967;37610424.00
20140620;11.35;11.45;11.15;11.43;1474092;16735349.00
20140623;11.50;11.80;11.43;11.59;2061338;23982090.00
20140624;11.56;11.85;11.56;11.73;1622592;19011968.00
20140625;11.75;11.75;11.44;11.50;1705990;19672632.00
20140626;11.50;12.07;11.50;11.86;3318595;39490972.00
20140627;11.90;12.49;11.86;12.41;4639591;56881368.00
20140630;12.48;12.75;12.29;12.36;4165739;52134376.00
20140701;12.36;12.64;12.25;12.61;2612820;32601920.00
20140702;12.63;12.96;12.52;12.86;4015482;51341748.00
20140703;12.76;12.95;12.63;12.73;3176813;40751644.00
20140704;12.76;12.90;12.22;12.53;3079906;38888988.00
20140707;12.52;12.98;12.50;12.90;4321799;55076508.00
20140708;12.83;13.04;12.67;12.89;1991155;25558612.00
20140709;12.83;14.18;12.53;13.61;12753312;175100208.00
20140710;13.80;14.55;13.75;14.17;12302773;173781856.00
20140711;14.05;14.81;13.93;14.71;7611322;110339840.00
20140714;14.53;14.96;14.01;14.42;5022225;72554696.00
20140715;14.20;14.20;13.52;13.68;4995754;68915096.00
20140716;13.66;14.10;13.42;13.46;2934297;40389556.00
20140717;13.53;13.95;13.32;13.84;2588123;35610792.00
20140718;13.71;14.50;13.70;13.96;2851662;40313800.00
20140721;13.96;14.60;13.67;14.47;3350628;47626716.00
20140722;14.42;14.55;14.32;14.46;2409920;34833828.00
20140723;14.45;14.45;13.21;13.65;2947462;41049316.00
20140724;13.64;13.65;12.86;13.14;1957113;25752658.00
20140725;13.13;13.38;12.41;13.12;3541420;45730128.00
20140728;12.99;13.08;12.67;13.08;5963915;76418880.00
20140729;12.94;13.25;12.92;13.12;3472369;45465148.00
20140730;13.15;13.23;12.90;13.19;2477202;32413062.00
20140731;13.18;13.23;12.92;13.22;2695310;35272688.00
20140801;13.14;13.25;13.03;13.05;2099535;27539946.00
20140804;13.02;13.15;13.01;13.10;2085225;27253900.00
20140805;13.10;13.65;13.00;13.60;4522876;60918952.00
20140806;13.47;13.85;13.47;13.71;2112446;28840956.00
20140807;13.72;14.13;13.50;13.56;2543528;35234940.00
20140808;13.47;13.69;13.45;13.59;2441664;33034960.00
20140811;13.67;13.82;13.50;13.72;1944026;26542534.00
20140812;13.72;14.50;13.63;14.32;4843459;68207984.00
20140813;14.30;14.48;13.89;14.26;2763247;39060392.00
20140814;14.18;14.42;14.05;14.25;3420772;48667400.00
20140815;14.28;14.71;14.19;14.59;4232893;61198344.00
20140818;14.57;15.09;14.48;14.92;5176870;76674696.00
20140819;14.88;15.99;14.76;15.20;6835337;105522160.00
20140820;15.12;15.88;15.03;15.14;5469995;84481576.00
20140821;15.08;15.23;14.28;15.13;7294677;107361424.00
20140822;15.20;16.58;14.86;16.16;8745256;137627136.00
20140825;16.25;16.50;15.68;16.50;7292185;117706880.00
20140826;16.30;16.65;15.58;15.86;4773909;76463560.00
20140827;15.98;16.42;15.67;16.14;2364925;38002924.00
20140828;16.18;16.88;15.90;16.66;4426978;72755416.00
20140829;16.60;16.86;15.97;16.47;3666941;60208812.00
20140901;16.23;17.28;15.98;17.15;5540616;92985936.00
20140902;17.13;17.78;16.86;17.20;3359423;58435532.00
20140903;17.15;17.67;16.93;17.50;3793981;65686032.00
20140904;17.40;17.40;16.98;17.18;3079078;52777596.00
20140905;17.27;17.27;16.82;16.93;2221003;37702008.00
20140909;16.79;17.09;16.50;17.07;2861655;47885360.00
20140910;16.92;17.00;16.61;16.72;2405856;40356344.00
20140911;16.63;16.85;16.27;16.41;4534400;74977512.00
20140912;16.50;16.95;16.48;16.68;4368079;73120760.00
20140915;16.70;16.92;16.59;16.81;2336078;39148520.00
20140916;16.77;16.83;15.46;15.46;3723026;60105856.00
20140917;15.40;15.58;14.70;15.20;4067411;61743848.00
20140918;15.18;15.52;15.00;15.48;2516838;38635900.00
20140919;15.48;15.56;15.07;15.41;2899119;44363156.00
20140922;15.30;16.16;15.11;15.85;4311686;67918384.00
20140923;15.79;16.30;15.70;16.20;3199542;51441824.00
20140924;16.17;16.32;16.02;16.22;2587775;41865600.00
20140925;16.16;16.80;15.88;16.45;4853058;78668176.00
20140926;16.31;18.10;15.61;18.10;10610797;184021744.00
20140929;18.40;18.40;17.60;17.87;5784763;103007208.00
20140930;17.86;18.10;17.32;17.91;4652389;81968288.00
20141008;17.73;17.98;17.40;17.64;3545163;62461592.00
20141009;17.61;17.68;17.08;17.32;5308793;92333544.00
20141010;17.30;17.55;16.92;17.09;3071825;52848972.00
20141013;17.23;17.26;16.58;17.24;2705007;45840204.00
20141014;17.17;17.39;16.88;17.03;2238634;38356584.00
20141015;16.90;17.12;16.75;16.85;2050066;34613676.00
20141016;16.86;17.07;16.58;16.58;2164924;36302656.00
20141017;16.56;16.80;15.70;15.93;2881725;46402396.00
20141020;16.05;16.44;16.03;16.24;1882844;30539746.00
20141021;16.23;17.08;16.16;16.93;4290396;71632872.00
20141022;16.86;17.36;16.58;16.61;3585301;61253484.00
20141023;16.60;17.15;16.35;16.64;2969428;49940600.00
20141024;16.64;17.35;16.61;17.11;3073669;52340072.00
20141027;17.05;17.05;16.11;16.63;3474220;58070100.00
20141028;16.45;17.19;16.45;17.09;4323545;72379600.00
20141029;17.06;18.70;16.90;18.45;10188310;181937408.00
20141030;18.06;18.59;17.80;17.88;4473567;81137016.00
20141031;17.84;17.84;17.00;17.27;3832350;66440144.00
20141103;17.31;17.59;17.18;17.41;2861649;49558064.00
20141104;17.41;17.41;17.07;17.15;2084246;35967260.00
20141105;17.09;17.89;17.00;17.75;3344839;58680252.00
20141106;17.78;17.98;17.50;17.95;2828489;50276780.00
20141107;17.98;18.23;17.75;17.98;3736012;67381304.00
20141110;18.17;18.30;17.81;18.08;2375279;42808808.00
20141111;18.25;18.99;17.81;18.87;7546630;138718176.00
20141112;18.55;18.73;18.11;18.46;3097334;56922492.00
20141113;18.46;18.75;17.41;17.66;6240772;111354048.00
20141114;17.50;17.50;16.70;17.12;3831704;65211652.00
20141117;17.03;18.08;16.78;17.86;3013296;53104856.00
20141118;18.00;18.29;17.74;18.00;1731281;31106740.00
20141119;18.00;18.26;17.73;17.84;2167693;38890292.00
20141120;17.73;18.05;17.60;17.89;1586809;28282054.00
20141121;17.80;18.30;17.80;18.30;1981883;35863220.00
20141124;18.53;19.29;18.50;18.60;4065244;76770920.00
20141125;19.02;20.46;19.02;20.46;6873005;138557984.00
20141126;20.46;22.51;19.87;22.07;8079783;172281552.00
20141127;21.63;23.05;21.52;22.65;8813452;198184528.00
20141128;23.20;24.86;22.62;24.15;7866227;185081744.00
20141201;23.70;24.00;22.00;22.70;6845656;157275808.00
20141202;22.30;23.85;22.30;23.46;4793722;111716232.00
20141203;23.44;24.20;22.03;24.20;4963049;115473936.00
20141204;23.95;26.42;23.90;25.45;4016307;101197752.00
20150305;28.00;28.00;28.00;28.00;32030;896840.00
20150306;30.80;30.80;30.80;30.80;36618;1127834.38
20150309;33.88;33.88;33.01;33.88;9387742;317960736.00
20150310;37.27;37.27;36.22;37.27;4799948;178676464.00
20150311;41.00;41.00;40.76;41.00;6571307;269414336.00
20150312;44.00;44.99;39.55;42.06;24823689;1055143680.00
20150313;43.01;46.27;43.01;46.27;10204255;462852512.00
20150316;49.52;50.90;49.40;50.90;2366158;118963312.00
20150317;55.38;55.48;47.01;47.81;16424574;833251392.00
20150318;48.49;49.75;45.60;48.77;11188249;532985440.00
20150319;46.92;47.99;46.00;47.48;7817617;366568800.00
20150320;47.00;52.23;47.00;52.23;12870689;656947584.00
20150323;53.98;55.60;50.10;52.61;13433637;706261568.00
20150324;53.76;57.87;51.12;56.59;13101783;718140160.00
20150325;55.00;62.25;54.00;59.50;14509239;859503104.00
20150326;58.53;62.30;53.55;56.75;12742167;729428992.00
20150410;58.00;61.20;52.01;57.00;17395324;964074368.00
20150413;55.00;55.62;51.30;53.33;13968320;741598976.00
20150414;51.88;53.30;50.33;50.33;7467616;382901280.00
20150415;50.05;50.30;45.30;45.30;6554042;310627904.00
20150416;44.05;47.50;43.31;45.10;5815780;263938672.00
20150417;45.70;48.08;45.50;47.12;5863751;275166624.00
20150420;46.70;51.20;45.41;47.85;4229200;207622448.00
20150421;48.30;50.48;47.51;50.00;2763752;136444352.00
20150422;49.88;51.40;47.80;50.50;4477581;223852224.00
20150423;50.80;55.00;50.63;54.79;5372055;285127904.00
20150424;53.00;54.86;50.80;53.52;4368629;230562256.00
20150427;52.60;53.48;49.61;50.03;4315401;220698912.00
20150428;50.19;50.78;45.70;49.40;4058746;191865456.00
20150429;47.50;52.20;47.41;50.67;3104958;156615104.00
20150430;50.68;52.78;48.00;52.01;4797483;244227680.00
20150504;51.50;52.18;50.00;50.16;2415413;123767952.00
20150505;49.88;49.89;47.39;47.98;3595843;172782000.00
20150506;48.04;49.95;47.80;47.80;2311367;112977696.00
20150507;47.51;48.51;46.50;46.50;2260000;107439568.00
20150508;47.50;51.15;47.50;51.15;5774053;290744160.00
20150511;52.20;56.27;52.00;56.27;8113931;447203424.00
20150512;61.50;61.90;60.00;61.90;2574902;158982304.00
20150513;68.09;68.09;66.01;68.09;3618649;245339536.00
20150514;74.00;74.90;68.00;68.48;13004764;949577792.00
20150515;65.00;73.99;61.63;72.51;6562712;443785824.00
20150518;72.60;75.20;69.30;71.65;6601147;473862528.00
20150519;71.00;72.77;68.51;69.86;4728442;330897824.00
20150520;70.60;76.85;69.51;76.85;3516090;254521120.00
20150521;84.53;84.54;81.00;84.54;1559039;131750824.00
20150522;92.99;92.99;78.28;83.03;8299581;691513856.00
20150525;78.00;78.88;74.73;74.73;6865585;517199872.00
20150526;74.49;78.08;74.00;77.21;5064919;383068000.00
20150527;77.50;77.50;70.00;72.10;5559641;405616416.00
20150528;71.00;71.80;68.00;68.80;3936557;275827584.00
20150529;69.83;74.30;66.00;72.50;4934667;351288832.00
20150601;72.69;75.90;70.00;75.80;5226859;385782784.00
20150602;75.02;75.50;72.00;75.50;3507282;259433216.00
20150603;75.05;75.49;70.50;73.40;4207686;306096864.00
20150604;73.40;75.72;69.60;75.00;4223274;311889664.00
20150605;75.20;82.00;75.20;78.28;4910739;388371712.00
20150608;76.05;76.05;71.50;73.00;3149651;230870016.00
20150609;73.00;74.00;71.00;71.02;2021445;145971120.00
20150610;70.80;73.60;70.11;73.18;1901327;137031360.00
20150611;73.70;80.50;72.32;80.50;4171301;321714752.00
20150612;80.52;85.05;77.58;79.97;4157696;336925760.00
20150615;79.97;87.50;77.00;81.22;5497138;456274112.00
20150616;82.40;83.00;73.10;77.80;4733742;356576288.00
20150617;77.74;80.00;70.33;77.80;2885519;217730768.00
20150618;77.80;79.77;72.79;75.49;2938335;225246512.00
20150619;70.79;75.49;70.79;71.90;2033603;147524000.00
20150623;72.90;73.90;64.71;66.45;2835835;190952528.00
20150624;65.29;67.97;64.00;64.99;4632761;304926912.00
20150625;65.01;65.90;58.49;58.49;5038197;308230048.00
20150626;54.80;54.80;52.64;52.64;6198956;327064512.00
20150629;52.00;52.94;47.38;47.38;3012114;145932448.00
20150630;42.64;49.00;42.64;46.80;4886817;224286192.00
20150701;45.10;48.10;42.12;42.12;6088822;273758528.00
20150702;39.01;39.80;37.91;37.91;3336911;127184960.00
20150703;34.12;36.75;34.12;34.12;6786141;233135680.00
20150706;37.30;37.30;30.71;30.71;6743943;224192880.00
20150805;33.78;33.78;33.78;33.78;7914613;267355632.00
20150806;33.60;37.16;31.66;37.16;22945739;791443840.00
20150807;37.50;40.60;35.61;39.30;20950063;795289408.00
20150810;38.50;41.41;37.16;39.91;22029611;863346752.00
20150811;40.00;41.80;39.21;40.50;18467410;748198976.00
20150812;39.45;40.58;38.01;38.12;11773470;460472896.00
20150813;37.41;40.34;37.41;40.10;13810395;543817536.00
20150814;40.10;40.71;39.48;39.53;10071436;402274400.00
20150817;39.01;39.54;37.60;38.95;7841644;301543392.00
20150818;38.58;39.51;35.06;35.06;8663976;326585728.00
20150819;32.01;35.59;31.55;34.85;9652765;317410592.00
20150820;34.00;34.34;32.02;32.25;7068463;236252128.00
20150821;31.21;31.71;29.03;29.03;7254682;220883760.00
20150824;27.70;27.70;26.13;26.13;2642102;69690584.00
20150825;23.52;24.29;23.52;23.52;8048428;189815104.00
20150826;23.00;24.46;21.30;21.30;9624017;220422544.00
20150827;21.98;23.09;19.92;22.80;13053061;287331904.00
20150828;23.40;24.82;22.30;24.71;17032071;395986880.00
20150831;24.40;24.50;23.01;23.01;11809685;282229408.00
20150901;22.41;22.87;20.71;20.71;9518315;205867616.00
20150902;18.93;22.78;18.83;19.93;7919412;162840864.00
20150907;20.30;21.92;20.28;21.72;10787268;230573472.00
20150908;21.05;23.89;20.88;23.89;11270043;251045232.00
20150909;24.21;25.96;24.21;25.49;12901105;324140928.00
20150910;24.60;25.40;24.04;24.26;6994780;173325952.00
20150911;24.05;25.00;24.01;24.80;5857612;143912704.00
20150914;24.90;25.20;22.32;22.32;4328808;101841216.00
20150915;20.13;20.97;20.09;20.09;9168223;186070896.00
20150916;20.26;22.10;19.80;22.10;9138829;192325936.00
20150917;22.24;23.99;21.70;22.00;10865753;245911872.00
20150918;22.00;23.00;21.35;22.88;7868200;173532704.00
20150921;22.02;25.17;21.98;25.17;11829781;284501408.00
20150922;25.20;25.60;24.10;24.85;12871330;320327936.00
20150923;24.03;25.81;24.01;25.20;10279488;255622112.00
20150924;25.21;26.48;25.20;25.74;10726189;276392000.00
20150925;26.01;26.49;23.53;24.80;11499716;290298080.00
20150928;25.00;27.28;24.16;27.28;9777289;253834496.00
20150929;26.61;28.10;26.05;27.41;10910655;295735584.00
20150930;27.32;27.80;26.25;26.46;5751908;153809360.00
20151008;27.26;28.60;27.02;27.45;10254527;283810656.00
20151009;27.16;27.60;26.85;27.20;8902067;241922832.00
20151012;27.31;29.50;26.99;29.01;12020217;340085632.00
20151013;28.33;30.90;28.33;30.06;12288331;361821632.00
20151014;29.79;29.79;28.41;28.48;11917871;345252384.00
20151015;27.72;30.20;27.60;29.89;11209688;327158688.00
20151016;30.01;30.81;29.18;30.56;12825933;383584320.00
20151019;30.56;30.88;28.75;29.25;11214751;335028000.00
20151020;29.02;31.23;29.02;30.90;13922761;423574752.00
20151021;31.30;33.99;31.24;33.99;28084447;943249152.00
20151022;35.68;37.39;34.88;37.39;10128754;367723168.00
20151023;41.13;41.13;38.80;39.97;36021234;1459298048.00
20151026;37.92;38.79;35.97;35.97;22924083;841461312.00
20151027;34.06;37.70;33.90;37.05;19232510;689278784.00
20151028;36.02;36.36;33.40;33.55;16218824;565210752.00
20151029;33.60;35.27;33.40;33.89;11092800;380135552.00
20151030;34.00;34.84;31.80;34.00;12130031;406707712.00
20151102;32.10;34.39;32.02;32.35;8501819;282483936.00
20151103;32.50;34.95;32.48;33.52;9432060;316711328.00
20151104;34.12;36.40;33.89;36.29;12573523;439704448.00
20151105;35.80;36.15;34.22;34.72;13385208;469305760.00
20151106;34.98;35.80;34.74;35.38;10900629;385903328.00
20151109;34.65;36.79;33.60;36.24;13797032;485887392.00
20151110;35.86;37.82;35.61;37.45;15447549;565710464.00
20151111;37.47;40.93;37.02;38.99;15614558;602944000.00
20151112;40.20;40.20;37.15;37.80;12079657;462935872.00
20151113;37.80;41.58;37.55;41.58;18252380;743972288.00
20151116;41.00;44.27;40.30;43.36;22298347;947946048.00
20151117;43.54;45.39;41.70;43.71;18247100;798314112.00
20151118;43.00;47.50;42.38;45.35;18047596;824672960.00
20151119;46.00;48.94;43.50;47.28;17464890;805694656.00
20151120;46.49;52.01;46.49;52.01;14249547;712004736.00
20151123;53.40;54.70;46.81;46.81;17504500;886181760.00
20151124;47.87;48.48;44.60;47.80;12940474;600617152.00
20151125;46.89;47.90;46.00;47.84;11660824;544655360.00
20160325;47.84;51.44;43.06;43.80;23116976;1054110912.00
20160328;44.28;48.18;44.28;48.18;23692014;1123138048.00
20160329;48.00;48.84;45.51;46.37;19842034;933306560.00
20160330;46.89;50.90;46.20;50.20;19891244;964341248.00
20160331;50.77;55.22;50.50;55.22;15333229;818987520.00
20160401;55.00;59.70;53.52;54.96;21504536;1216903296.00
20160405;55.88;57.38;54.10;55.85;15369918;856455296.00
20160406;55.20;59.98;55.09;58.80;16175469;925025600.00
20160407;58.00;58.40;54.02;54.90;13362105;760203328.00
20160408;55.99;55.99;52.50;53.80;10766283;583897216.00
20160411;54.59;57.80;53.61;54.25;11650157;647891136.00
20160412;53.10;55.25;52.50;54.39;10746284;579592512.00
20160413;54.39;57.30;53.60;54.93;11055732;612260992.00
20160414;54.50;56.90;54.50;55.21;6694235;371115360.00
20160415;55.80;59.98;54.36;58.68;11735721;667012160.00
20160418;57.30;58.60;55.80;56.10;8307837;470992096.00
20160419;56.70;56.97;54.00;54.60;6655550;365993376.00
20160420;54.72;55.27;49.14;49.14;9372385;476747328.00
20160421;48.11;48.75;44.23;44.40;10025773;463651360.00
20160422;44.26;45.48;43.21;45.36;6508851;289922944.00
20160425;44.77;47.48;43.50;47.14;7691312;349919232.00
20160426;46.77;47.68;46.13;47.38;4580338;214998368.00
20160427;47.30;49.35;46.53;46.53;5368891;258165488.00
20160428;46.88;47.42;44.60;47.30;3807159;176269168.00
20160429;46.50;48.20;46.25;46.63;3025423;143053200.00
20160503;46.50;50.00;46.11;49.49;5598167;272484704.00
20160504;49.09;50.82;48.76;49.29;4817416;239050608.00
20160505;49.60;51.60;48.80;51.30;6228041;311750176.00
20160506;51.00;51.98;46.89;46.91;8256378;406175008.00
20160509;45.99;46.00;42.22;42.22;8642329;375676640.00
20160510;42.16;42.45;40.33;41.40;6868173;284007680.00
20160511;41.64;41.93;37.26;37.30;12738735;491739168.00
20160512;35.13;36.52;33.74;36.11;8147521;285275552.00
20160513;35.03;36.20;34.39;34.91;8510259;298823808.00
20160516;14.33;15.31;14.33;15.31;12339018;184738144.00
20160517;16.84;16.84;16.40;16.84;14937589;251351616.00
20160518;17.30;17.69;15.16;15.45;46637386;760321216.00
20160519;15.18;16.53;15.01;15.78;40479985;641034368.00
20160520;15.30;15.56;14.65;15.43;27798403;422767520.00
20160523;15.50;16.28;15.32;15.65;26126394;412707136.00
20160524;15.30;15.97;14.87;15.75;23845691;366613888.00
20160525;15.82;16.59;15.65;15.82;33802941;543996864.00
20160526;15.55;15.76;14.79;15.74;22840201;349174080.00
20160527;15.69;16.10;15.41;15.46;21484634;338473088.00
20160530;15.04;15.33;14.80;14.81;16820261;252758912.00
20160531;14.85;15.87;14.85;15.73;21985640;340292544.00
20160601;15.92;17.30;15.92;17.30;21748659;367738560.00
20160602;17.25;18.76;17.10;18.19;49727505;885551808.00
20160603;17.88;18.10;17.50;17.75;30784116;546912000.00
20160606;17.69;18.68;17.69;17.96;23919486;432548512.00
20160607;17.76;17.80;17.31;17.65;18193560;318705568.00
20160608;17.50;17.60;17.03;17.31;13754193;238322320.00
20160613;16.99;17.53;15.58;15.58;17324457;290938336.00
20160614;15.20;15.64;15.15;15.47;14416192;221660256.00
20160615;15.06;16.38;15.01;16.08;16326964;260024496.00
20160616;16.05;16.48;15.51;15.68;15532968;248761792.00
20160617;15.75;16.24;15.55;15.88;14616564;233029264.00
20160620;15.96;15.96;15.10;15.60;12941456;199886624.00
20160621;15.78;15.88;15.00;15.17;13198005;203701712.00
20160622;15.19;16.69;15.00;16.69;20437828;324103104.00
20160623;16.55;17.11;16.11;16.68;24643842;407669248.00
20160624;16.50;16.88;15.10;16.14;19650133;318396032.00
20160627;15.87;17.28;15.87;16.91;21803391;365353888.00
20160628;16.76;17.48;16.65;17.34;23382797;400859232.00
20160629;17.45;17.64;16.90;17.16;17291086;296023392.00
20160630;17.20;17.25;16.72;17.00;13725289;232239376.00
