20100120;30.10;30.58;28.03;28.40;9424679;273798400.00
20100121;29.23;31.24;29.23;31.24;6608999;203992768.00
20100122;31.40;33.79;29.03;32.52;10195762;320281568.00
20100125;31.00;31.39;29.27;29.27;4271438;128296720.00
20100126;28.64;29.35;26.35;26.75;4319868;119384048.00
20100127;26.35;27.44;26.35;26.50;2499036;67060068.00
20100128;26.51;26.52;24.82;25.35;2717155;68883656.00
20100129;25.00;26.15;24.55;25.09;2283254;58081832.00
20100201;24.51;27.26;24.21;27.08;3910959;102347048.00
20100202;27.49;28.98;27.10;28.42;4207264;118350440.00
20100203;28.66;29.50;27.20;28.85;4079228;116060760.00
20100204;28.60;29.40;28.22;28.50;2905946;83381952.00
20100205;27.68;28.19;26.05;28.08;2254610;61560920.00
20100208;27.90;28.19;27.25;27.50;1047287;29024854.00
20100209;27.48;27.68;26.28;26.38;1286645;34337492.00
20100210;26.69;27.39;26.26;27.32;1371033;36910272.00
20100211;26.92;28.26;26.90;27.91;1631776;45142932.00
20100212;27.90;28.99;27.70;28.79;1458171;41449900.00
20100222;28.80;29.28;28.24;28.86;1561966;45018708.00
20100223;28.86;30.26;28.52;29.78;1799789;53447508.00
20100224;29.75;30.77;29.21;30.68;1619864;49195824.00
20100225;31.00;31.98;30.28;30.33;2358941;73023200.00
20100301;30.19;30.40;29.60;30.08;1696110;50807888.00
20100302;30.07;30.47;29.51;30.10;1323453;39696008.00
20100303;30.10;31.08;29.81;29.92;1672769;50907912.00
20100304;29.55;29.85;28.28;28.31;1810984;52477320.00
20100305;28.30;28.79;27.95;28.28;925480;26252426.00
20100308;28.28;29.28;28.16;28.96;912165;26270510.00
20100309;28.96;31.10;28.52;30.93;2144473;64729816.00
20100310;30.68;30.68;29.41;29.85;1246276;37491016.00
20100311;29.72;31.67;29.32;31.03;2033551;62616156.00
20100312;31.10;32.48;30.40;30.70;2552072;80392720.00
20100315;30.70;30.75;29.70;30.30;1016377;30618462.00
20100316;30.41;30.98;29.50;30.00;872266;26382114.00
20100317;29.88;31.18;29.88;31.00;1127385;34619232.00
20100318;31.40;31.40;30.41;31.25;1120827;34653596.00
20100319;31.25;31.70;30.90;31.60;1209099;37956172.00
20100322;31.60;32.50;31.12;31.89;1284683;40863048.00
20100323;31.80;32.46;31.50;32.42;1289408;41381568.00
20100324;32.30;33.49;32.16;32.98;1600179;52824164.00
20100325;32.90;34.98;32.57;33.41;2364010;80055784.00
20100326;32.90;32.95;31.99;32.32;1786652;57652780.00
20100329;32.44;33.56;32.08;33.56;1812486;59413744.00
20100330;33.31;35.17;33.10;35.01;1684279;58285164.00
20100331;35.28;35.53;34.70;35.09;1597655;55998196.00
20100401;35.09;36.28;34.61;34.70;2173657;77053696.00
20100402;34.50;35.60;33.80;35.12;1479897;51621436.00
20100406;35.31;35.76;34.88;35.76;1025159;36290204.00
20100407;35.79;39.34;35.40;39.16;2278419;84775064.00
20100409;36.50;40.10;36.50;39.60;3349457;129137032.00
20100412;40.40;41.44;39.64;40.02;1652899;66590164.00
20100413;39.18;40.00;36.08;37.50;2386116;91328984.00
20100414;37.42;38.18;36.03;36.45;1136657;42237160.00
20100415;36.09;36.90;33.52;34.18;1334571;46517452.00
20100416;33.81;35.25;33.60;34.42;1100872;37969284.00
20100419;34.41;35.07;33.18;33.18;1134927;38658044.00
20100420;32.04;33.16;31.00;32.72;2777627;88437368.00
20100421;32.60;34.73;32.01;34.35;1936730;65426152.00
20100422;34.30;36.58;34.00;36.26;2211860;79335728.00
20100423;35.99;36.47;34.71;34.88;1388341;49407836.00
20100426;34.55;35.93;34.02;35.05;1204142;42286340.00
20100427;35.00;35.73;31.55;31.99;1613586;52725092.00
20100428;31.50;32.71;30.11;31.92;1109922;35401056.00
20100429;32.10;32.50;29.80;29.86;674800;21157882.00
20100430;30.01;31.50;29.55;30.60;990505;30112426.00
20100504;30.02;31.38;29.68;30.80;576222;17839778.00
20100505;30.51;32.10;30.22;31.90;1167165;36987008.00
20100506;32.00;32.20;30.12;30.12;1047264;32610804.00
20100507;29.55;29.78;28.50;29.31;1374672;40274488.00
20100510;29.31;29.58;27.32;28.22;902455;25436264.00
20100511;28.80;29.20;26.50;27.20;934616;25875030.00
20100512;27.14;27.70;26.30;26.74;626682;16894862.00
20100513;26.75;27.65;26.15;27.38;807219;21749130.00
20100514;27.05;27.38;26.50;27.19;795909;21548870.00
20100517;27.00;27.00;25.81;25.88;755694;20072490.00
20100519;26.10;27.65;26.10;27.20;947786;25716092.00
20100520;27.00;27.86;26.55;26.80;784225;21360244.00
20100521;26.21;28.88;26.04;28.88;1102218;30393984.00
20100524;29.17;30.10;29.00;29.73;1226391;36403756.00
20100525;29.60;29.67;28.87;29.13;831265;24296592.00
20100526;29.21;29.40;28.88;29.15;406992;11851688.00
20100527;29.00;30.38;28.69;29.90;893148;26687416.00
20100528;24.16;25.35;24.05;24.90;1459513;36028040.00
20100531;24.51;24.97;23.47;23.47;1303679;31576546.00
20100601;22.91;23.19;21.68;22.00;1104272;24694856.00
20100602;22.00;22.98;21.83;22.85;851059;18924394.00
20100603;23.00;23.74;22.81;22.82;1268450;29646658.00
20100604;22.75;23.88;22.47;23.82;1328560;31111544.00
20100607;23.30;25.22;23.26;24.86;2915262;72108672.00
20100608;24.98;25.19;24.24;24.93;1940455;48063172.00
20100609;25.78;27.39;25.40;25.86;3289351;86718488.00
20100610;25.23;26.86;25.23;26.51;2599597;68395184.00
20100611;26.32;26.98;26.27;26.49;1769289;47151480.00
20100618;24.90;25.33;23.84;23.84;1951986;47133544.00
20100621;23.81;24.80;22.66;24.45;953511;22728682.00
20100622;24.37;25.22;24.12;24.54;796022;19785772.00
20100623;24.20;25.32;23.93;25.05;1124536;27853784.00
20100624;25.01;25.50;24.70;25.20;1059654;26704158.00
20100625;25.00;25.48;23.50;23.94;1182529;28756950.00
20100628;23.65;24.23;23.02;23.10;638032;14971456.00
20100629;23.05;23.30;20.79;20.83;1643046;35154912.00
20100630;20.31;21.20;20.00;21.15;1115637;22810620.00
20100701;21.18;21.20;20.20;20.20;872276;17912886.00
20100702;20.06;20.37;19.02;19.95;697069;13776718.00
20100705;19.50;19.95;19.18;19.79;648049;12671049.00
20100706;19.90;20.58;19.75;20.45;912261;18495934.00
20100707;20.48;21.48;20.45;21.25;1531464;32147366.00
20100708;21.21;21.46;20.68;20.86;918596;19257930.00
20100709;20.87;21.66;20.65;21.42;1180607;25110982.00
20100712;21.35;21.80;21.20;21.33;749512;16052582.00
20100713;21.40;21.40;20.53;21.09;886345;18557530.00
20100714;21.29;21.50;20.81;21.01;777704;16466512.00
20100715;21.01;21.28;20.30;20.30;556412;11556132.00
20100716;20.30;20.39;19.23;19.88;1156495;22650414.00
20100719;19.50;20.48;19.35;20.48;1012473;20248330.00
20100720;20.40;21.14;20.30;20.97;1426586;29656784.00
20100721;21.04;21.45;20.75;21.04;1806218;38120716.00
20100722;21.00;21.36;20.83;21.32;1290440;27303204.00
20100723;21.34;21.80;21.08;21.80;2450351;52524816.00
20100726;21.98;22.18;21.36;21.65;1726134;37375216.00
20100727;21.57;21.57;21.08;21.32;1306165;27835628.00
20100728;21.19;21.84;21.19;21.77;2256600;48687900.00
20100729;21.82;22.34;21.61;22.31;2465676;54353624.00
20100730;22.44;22.44;21.80;22.18;1959281;43306792.00
20100802;22.18;22.66;22.10;22.64;1949219;43739384.00
20100803;22.64;23.24;22.33;22.49;2119582;48196432.00
20100804;22.48;23.12;22.42;23.12;2132509;48540900.00
20100805;23.12;23.78;23.11;23.38;2448646;57561188.00
20100806;23.50;24.09;23.36;24.06;2036566;48282028.00
20100809;24.01;25.20;24.01;24.97;2014968;50048844.00
20100810;24.98;25.11;23.45;23.45;2193260;53209604.00
20100811;23.41;23.98;23.30;23.77;1341007;31781056.00
20100812;23.45;23.75;23.06;23.10;1465161;34181200.00
20100813;23.29;23.74;23.10;23.71;1112924;26090414.00
20100816;24.25;24.98;24.20;24.91;2316280;57233612.00
20100817;24.80;25.79;24.80;25.25;2439634;61532612.00
20100818;25.25;25.27;24.70;24.85;1483010;36922880.00
20100819;24.88;25.75;24.41;25.70;2044304;51320496.00
20100820;25.51;26.18;25.35;25.70;2891152;74527136.00
20100823;25.75;26.00;25.00;25.27;1764841;44968780.00
20100824;25.45;25.50;24.75;25.00;1555735;38995868.00
20100825;24.94;24.94;23.75;23.95;1922317;46575384.00
20100826;24.08;24.20;23.46;23.93;1248211;29724514.00
20100827;23.93;24.25;23.65;24.22;959393;23051130.00
20100830;24.44;25.00;24.20;25.00;1576818;38819940.00
20100831;24.90;24.90;24.29;24.67;1276216;31377478.00
20100901;24.88;25.49;24.00;25.20;2177291;54311428.00
20100902;25.60;26.96;25.31;26.75;4029664;106117760.00
20100903;27.00;29.42;27.00;28.80;4352248;122658584.00
20100906;28.81;28.99;27.60;28.16;2688106;76036632.00
20100907;28.10;28.95;27.80;28.90;1712024;48360264.00
20100908;28.90;30.23;28.41;29.70;1862250;55253540.00
20100909;29.70;29.89;28.00;28.03;1807907;51898044.00
20100910;28.29;29.10;28.00;28.25;1560739;44494268.00
20100913;28.08;30.00;28.08;29.56;1989682;58152652.00
20100914;29.80;30.60;29.00;29.73;1178299;35139020.00
20100915;30.00;30.27;27.61;28.00;1741815;50554816.00
20100916;28.00;30.00;27.88;29.10;1781741;51549064.00
20100917;29.29;31.79;28.80;31.10;2430786;73811352.00
20100920;31.62;32.50;30.05;30.32;2575454;81670720.00
20100921;30.00;30.88;27.89;29.30;2873922;83466056.00
20100927;29.29;30.00;28.23;29.99;953489;27798576.00
20100928;30.08;30.70;29.40;30.40;1015847;30556534.00
20100929;30.10;30.84;28.80;29.28;689355;20535960.00
20100930;29.00;29.75;28.53;29.50;642328;18872094.00
20101008;29.50;30.64;29.40;29.46;896431;26547194.00
20101011;29.25;29.25;26.51;27.01;2859050;77855560.00
20101012;26.61;26.78;25.67;25.97;1579811;41361576.00
20101013;26.00;26.40;24.85;26.36;2246999;57187908.00
20101014;26.50;26.50;25.00;25.46;1180062;30378080.00
20101015;25.10;25.82;24.36;24.90;1568419;39316412.00
20101018;24.86;24.86;23.53;24.60;898120;21681202.00
20101019;24.59;26.47;24.50;26.30;1605337;41712056.00
20101020;25.97;27.27;25.50;26.23;2139020;56663336.00
20101021;26.23;27.00;26.18;26.45;1027623;27204906.00
20101022;26.46;27.30;26.45;26.70;1166397;31316460.00
20101026;27.70;27.94;26.30;26.45;1354786;36330912.00
20101027;26.31;27.00;25.80;26.01;1125914;29529790.00
20101028;26.11;26.28;25.32;25.82;954334;24491460.00
20101029;25.60;27.00;25.31;26.80;1877829;50077324.00
20101101;27.00;27.67;26.80;27.49;2555458;69737432.00
20101102;27.39;29.19;27.25;28.26;2235587;62759972.00
20101103;27.75;27.79;26.50;26.55;1437028;38909676.00
20101104;26.54;26.93;25.85;26.37;1452748;37984944.00
20101105;26.50;27.30;26.32;26.73;1094982;29254980.00
20101108;26.73;28.49;26.41;28.10;1884963;51996632.00
20101109;28.43;30.50;28.29;30.11;4017749;117963248.00
20101110;30.80;32.00;29.50;30.66;3427106;105377120.00
20101111;30.71;31.68;29.85;29.90;2831938;87605208.00
20101112;29.68;30.00;26.99;27.10;2401715;68204408.00
20101115;27.48;29.08;26.99;28.94;1442316;40542132.00
20101116;28.90;29.63;27.22;27.60;1502214;42567820.00
20101117;27.13;28.20;26.20;26.31;1302202;35494516.00
20101118;26.36;27.00;25.81;26.87;998615;26419884.00
20101119;26.88;27.95;26.51;27.95;1348125;36727324.00
20101122;27.56;29.25;27.56;28.38;1658482;47284940.00
20101123;28.30;28.99;27.51;28.79;1114494;31331936.00
20101124;28.31;29.60;28.30;29.54;1588060;46579664.00
20101125;29.54;30.21;28.60;28.90;1651863;48384428.00
20101126;28.90;29.10;28.40;28.80;1061068;30537946.00
20101129;28.50;30.20;28.31;30.20;2037913;60153672.00
20101130;29.71;30.17;27.87;28.78;1599959;46354528.00
20101201;28.50;28.97;28.00;28.79;746435;21208760.00
20101202;28.99;29.49;28.30;28.39;691422;20004220.00
20101203;28.18;28.50;27.30;27.45;774457;21480864.00
20101206;27.86;27.86;26.20;26.39;915416;24499358.00
20101207;26.40;26.86;25.88;26.70;406564;10817287.00
20101208;26.70;27.88;26.66;27.28;814419;22346916.00
20101209;27.28;28.40;26.60;28.00;1123258;31420968.00
20101210;28.12;28.84;27.99;28.21;1136773;32217966.00
20101213;28.15;29.49;28.15;29.45;1278206;37193864.00
20101214;29.45;30.83;28.91;30.80;2354068;71127792.00
20101215;30.68;31.33;30.12;30.35;1433993;44067496.00
20101216;30.38;31.44;30.15;31.27;1067109;33052982.00
20101217;30.86;32.83;30.80;32.69;1851322;59890992.00
20101220;32.80;34.67;31.50;33.32;1746399;58078908.00
20101221;33.30;34.65;32.80;33.20;1520425;51342416.00
20101222;32.50;33.60;32.19;32.65;1081973;35203424.00
20101223;32.68;33.98;31.38;31.69;1050248;33673244.00
20101224;31.69;31.69;30.11;31.00;624291;19197372.00
20101227;30.95;31.42;28.80;29.70;825908;25008318.00
20101228;28.75;29.78;28.50;28.80;403317;11614737.00
20101229;29.00;30.60;28.65;30.59;517551;15420110.00
20101230;30.54;30.98;30.27;30.70;283855;8711117.00
20101231;30.57;30.95;30.18;30.65;524041;15983237.00
20110104;31.00;31.60;29.11;29.24;1681256;50055196.00
20110105;29.24;30.02;29.11;29.60;1404013;41626280.00
20110106;29.39;29.39;28.00;28.44;1772601;50425156.00
20110107;28.25;28.79;27.86;28.49;755905;21488762.00
20110110;28.39;28.87;27.42;27.76;752975;21252798.00
20110111;27.41;27.80;26.73;27.28;514193;13958653.00
20110112;27.40;27.50;26.60;27.00;1011345;27315042.00
20110113;27.28;27.45;27.00;27.45;497270;13556588.00
20110114;27.50;27.50;26.29;26.35;649924;17240762.00
20110117;26.00;26.20;23.72;23.72;1331093;32406568.00
20110118;23.72;23.72;23.23;23.58;271016;6374044.00
20110119;23.61;24.78;23.50;24.38;648515;15710880.00
20110120;24.38;24.39;22.39;22.49;796614;18585476.00
20110121;22.31;23.00;21.71;22.50;857882;19275272.00
20110124;22.73;22.96;21.10;21.48;752021;16537490.00
20110125;21.31;21.52;20.75;21.50;740173;15573423.00
20110126;21.44;22.10;21.21;22.10;499738;10890096.00
20110127;21.98;22.90;21.59;22.53;581195;12982628.00
20110128;22.50;22.76;22.20;22.55;441837;9960303.00
20110131;22.56;22.92;21.81;22.70;1479259;33043486.00
20110201;22.44;22.90;22.37;22.70;798390;18092134.00
20110209;22.20;23.12;22.20;22.76;573778;13105249.00
20110210;22.95;23.48;22.52;23.35;675498;15641970.00
20110211;23.44;23.68;23.00;23.36;670285;15673263.00
20110214;23.36;23.66;23.28;23.61;675229;15842706.00
20110215;23.51;24.30;23.51;23.94;836934;19993166.00
20110216;23.85;24.00;23.32;24.00;1829962;43079032.00
20110217;24.05;24.19;23.41;23.75;1293626;30813790.00
20110218;23.82;24.18;23.76;23.85;1297818;31108182.00
20110221;23.53;24.12;23.51;24.00;1091029;25935216.00
20110222;24.03;24.08;22.85;22.90;1255796;29416872.00
20110223;22.91;23.08;22.50;22.85;695184;15829451.00
20110224;22.80;22.94;22.36;22.74;919765;20826848.00
20110225;22.60;23.20;22.54;23.15;962982;22099910.00
20110228;23.07;23.07;22.42;22.80;1195054;27100814.00
20110301;22.78;23.05;22.63;23.05;1117866;25538278.00
20110302;23.01;23.02;22.50;22.70;648029;14708761.00
20110303;22.60;22.80;21.90;22.03;835691;18638784.00
20110304;22.03;22.19;21.85;22.15;456265;10047190.00
20110307;22.20;22.46;22.19;22.32;735255;16402162.00
20110308;22.45;22.98;22.31;22.92;1156924;26242990.00
20110309;22.97;23.04;22.65;22.80;648515;14764717.00
20110310;22.85;24.16;22.80;24.09;2822109;66473124.00
20110311;23.81;23.96;23.27;23.29;2822018;66686040.00
20110314;23.32;23.53;22.88;23.39;1603302;37252568.00
20110315;23.32;23.35;22.06;22.35;1570322;35467788.00
20110316;22.35;22.87;22.30;22.74;677709;15343631.00
20110317;22.43;22.43;21.96;22.05;871582;19344166.00
20110318;22.26;22.29;21.97;22.13;802728;17744618.00
20110321;22.10;22.28;21.85;21.93;678302;14946693.00
20110322;21.96;22.09;21.78;22.03;512961;11269613.00
20110323;22.66;24.23;22.66;24.23;6967187;168239504.00
20110324;24.15;24.18;23.20;23.30;5381148;127358032.00
20110325;23.20;23.56;23.02;23.36;2094771;48950464.00
20110328;23.47;23.69;23.03;23.46;1840000;43036552.00
20110329;23.46;23.46;22.15;22.15;1643771;37093716.00
20110330;22.00;22.10;20.70;20.73;2465148;52302780.00
20110331;20.69;21.28;20.56;20.89;988317;20710160.00
20110401;20.93;21.25;20.93;21.20;634698;13391528.00
20110406;21.18;21.25;20.20;20.74;890521;18558178.00
20110407;20.65;20.96;20.36;20.86;934940;19253138.00
20110408;20.92;21.65;20.92;21.54;1377707;29525082.00
20110411;21.61;21.68;21.22;21.25;1050588;22535436.00
20110412;21.00;21.52;21.00;21.16;595410;12686017.00
20110413;21.28;21.70;21.08;21.50;582011;12515124.00
20110414;21.45;21.63;21.31;21.50;502173;10787205.00
20110415;21.55;21.59;21.32;21.59;670092;14358616.00
20110418;21.59;21.59;21.21;21.36;448650;9573713.00
20110419;21.31;21.76;21.24;21.62;940711;20223418.00
20110420;21.74;22.99;21.50;22.73;1979250;44506140.00
20110421;22.80;22.90;22.51;22.63;858203;19458366.00
20110422;22.70;23.52;22.70;23.11;1970894;45732164.00
20110425;23.20;23.20;22.11;22.50;1384095;31263062.00
20110426;22.50;22.60;21.55;22.05;849901;18667276.00
20110427;20.91;22.38;20.91;21.72;1181235;25753306.00
20110428;21.55;22.40;21.55;21.64;913046;20068272.00
20110429;21.66;21.90;21.41;21.57;702749;15148844.00
20110503;21.57;22.20;21.45;22.11;848248;18588966.00
20110504;22.12;22.78;21.87;22.23;1878390;42098388.00
20110505;22.26;23.45;22.26;22.60;2090521;47754068.00
20110506;22.30;23.44;22.25;23.08;2571941;59416904.00
20110509;23.06;23.70;22.89;23.69;2182624;51155592.00
20110510;23.80;23.82;23.06;23.29;1290693;30109120.00
20110511;23.29;23.30;22.80;23.01;917408;21068406.00
20110512;23.07;23.10;22.69;22.79;736732;16860788.00
20110513;22.60;23.20;22.47;23.12;1223096;27902380.00
20110516;23.24;23.24;22.72;22.73;608759;13962651.00
20110517;22.62;22.80;20.94;21.20;1512571;32692562.00
20110518;21.20;21.22;20.79;20.91;754048;15834186.00
20110519;20.92;21.49;20.82;21.05;585492;12303747.00
20110520;21.00;21.30;20.92;21.27;504667;10654622.00
20110523;21.20;21.20;20.23;20.40;572610;11827832.00
20110524;20.30;20.40;18.62;19.64;1600185;31281060.00
20110525;19.64;19.64;18.81;18.85;620652;11791784.00
20110526;19.02;19.10;18.15;18.15;470671;8743737.00
20110527;18.28;18.28;17.06;17.10;1058484;18460158.00
20110530;17.09;17.48;16.00;16.90;855776;14606565.00
20110531;16.93;17.28;16.71;17.25;385491;6582987.50
20110601;17.48;17.48;17.13;17.22;738802;12742811.00
20110602;17.06;17.06;16.47;16.58;413464;6910167.50
20110603;16.80;17.18;16.60;17.14;679288;11510873.00
20110607;17.12;17.15;16.90;17.06;513818;8738943.00
20110608;17.01;17.03;16.70;17.00;350181;5898245.50
20110609;16.99;17.04;15.99;16.00;754472;12354538.00
20110610;16.00;16.00;14.92;15.50;1442385;22069986.00
20110613;15.12;15.70;15.00;15.50;724415;11141203.00
20110614;15.49;15.80;15.33;15.64;829952;12922059.00
20110615;15.55;15.72;15.21;15.29;714748;11062860.00
20110616;15.16;15.34;14.90;14.97;525446;7921378.00
20110617;15.12;15.38;14.91;14.95;361784;5444632.00
20110620;14.78;15.10;14.70;14.75;437592;6508194.00
20110621;14.95;15.33;14.73;15.33;701160;10537928.00
20110622;15.33;15.34;14.90;15.10;546997;8254383.50
20110623;14.90;15.65;14.83;15.48;879231;13576385.00
20110627;16.00;16.00;15.66;15.76;2558563;40499800.00
20110628;15.76;16.48;15.68;16.24;2074771;33520958.00
20110629;16.60;16.95;15.89;15.89;1591292;26089254.00
20110630;15.76;16.09;15.73;15.91;1647558;26199024.00
20110701;15.98;16.69;15.96;16.30;2674388;43905096.00
20110704;16.46;16.85;16.25;16.75;1993152;32848604.00
20110705;16.60;16.78;16.41;16.63;1470000;24409430.00
20110706;16.59;17.04;16.43;16.95;1437700;24137554.00
20110707;16.95;17.57;16.85;16.88;2081783;35702652.00
20110708;16.74;16.94;16.65;16.74;1061710;17769072.00
20110711;16.63;17.84;16.54;17.60;2448634;42421932.00
20110712;17.40;17.50;17.24;17.29;1111636;19297248.00
20110713;17.39;17.56;17.26;17.51;739354;12911190.00
20110714;17.50;18.19;17.50;18.05;1428117;25552552.00
20110715;18.18;18.75;17.97;18.10;1451732;26555280.00
20110718;18.11;18.25;17.63;17.67;1010741;18170442.00
20110719;17.61;18.45;17.40;18.08;1338865;23944396.00
20110720;18.35;18.53;18.12;18.40;1266296;23185894.00
20110721;18.49;19.80;18.30;19.16;2821857;54322296.00
20110722;19.17;19.78;19.17;19.56;1441531;28217724.00
20110725;19.30;19.40;18.41;19.16;2142202;40495760.00
20110726;18.91;19.19;18.41;19.19;1516747;28621060.00
20110727;19.04;19.70;18.76;19.70;1341446;25868626.00
20110728;19.40;20.37;19.38;20.00;1780906;35760768.00
20110729;19.50;20.13;19.16;19.50;1392187;27395334.00
20110801;19.59;19.59;19.01;19.49;883611;17093080.00
20110802;19.16;19.45;18.41;18.99;703514;13204575.00
20110803;18.89;19.00;18.38;18.90;1086877;20370766.00
20110804;18.88;19.14;18.16;18.36;870550;16144974.00
20110808;17.70;18.34;17.50;18.15;2950396;53194212.00
20110809;17.70;18.63;17.02;18.46;792958;14004181.00
20110810;18.50;18.91;18.15;18.19;732992;13572742.00
20110811;17.60;19.10;17.20;18.49;531034;9720697.00
20110812;18.73;19.50;18.60;19.00;1489575;28514758.00
20110815;19.40;19.66;19.06;19.56;1046081;20282654.00
20110816;19.56;19.77;19.04;19.18;542012;10445884.00
20110817;18.89;19.00;18.57;18.76;1097429;20525542.00
20110818;18.40;18.69;18.11;18.15;585420;10719856.00
20110819;17.80;18.04;17.61;18.00;501062;8949739.00
20110822;18.20;18.30;17.92;17.96;308800;5579335.00
20110823;17.82;18.25;17.45;17.79;1281840;22633544.00
20110824;17.99;18.20;17.79;17.85;1279951;22960310.00
20110825;17.87;18.25;17.51;18.11;1376243;24494118.00
20110826;18.24;18.39;17.94;18.35;1378721;25068336.00
20110829;18.28;18.80;18.02;18.45;1190022;21843938.00
20110830;18.49;18.59;17.37;17.69;2648889;47357116.00
20110831;17.38;17.63;16.30;16.65;2463212;40892316.00
20110901;16.63;16.73;16.12;16.26;1612772;26448946.00
20110902;16.28;16.28;15.91;16.10;699379;11214292.00
20110905;16.01;16.26;15.73;15.80;397509;6298795.50
20110906;15.56;15.86;15.48;15.55;382159;5977680.00
20110907;15.65;15.95;15.61;15.93;448239;7092658.00
20110908;16.09;16.13;15.88;15.88;466047;7465519.50
20110909;15.89;15.94;15.54;15.60;368564;5790291.50
20110913;15.31;15.32;15.04;15.22;427200;6488767.50
20110914;15.20;15.48;14.93;15.48;377299;5732183.50
20110915;15.46;15.66;15.37;15.52;345900;5379545.50
20110916;15.74;15.77;15.36;15.36;293600;4553155.50
20110919;15.29;15.29;14.83;14.90;286400;4300479.00
20110920;14.90;15.10;14.73;14.97;305098;4548238.00
20110921;15.03;15.53;14.98;15.46;364030;5582334.00
20110922;15.34;15.40;14.86;14.89;512553;7785003.50
20110923;14.66;14.98;14.51;14.60;749022;10977629.00
20110926;14.49;14.73;14.35;14.38;421889;6126644.50
20110927;14.62;14.62;14.15;14.29;624259;8930114.00
20110928;14.38;14.38;13.73;13.83;476055;6695270.50
20110929;13.75;13.75;13.35;13.40;532970;7205589.50
20110930;13.48;13.59;13.28;13.40;503910;6749687.50
20111010;13.41;13.55;13.37;13.43;359309;4823615.50
20111011;13.56;13.90;13.21;13.31;389873;5304695.00
20111012;13.28;13.99;13.25;13.95;692809;9515338.00
20111013;13.94;14.25;13.90;14.13;748161;10566205.00
20111014;14.14;14.39;13.80;14.09;704404;9868865.00
20111017;14.20;14.20;13.97;14.12;722220;10154088.00
20111018;14.03;14.36;13.66;13.66;934971;13121580.00
20111019;13.69;13.96;13.40;13.69;629984;8590497.00
20111020;13.70;13.70;12.88;12.98;799330;10476751.00
20111021;12.96;13.17;12.60;12.68;299762;3857566.00
20111024;12.71;12.90;12.32;12.88;838769;10629430.00
20111025;12.82;13.35;12.71;13.23;633909;8278966.50
20111026;13.10;14.55;12.83;14.17;4517519;61748968.00
20111027;13.90;14.07;13.65;13.76;3414851;47194792.00
20111028;14.00;14.18;13.71;14.12;2938822;41044340.00
20111031;14.10;14.44;14.05;14.18;2276113;32367708.00
20111101;14.10;15.31;13.95;15.12;4359099;63920452.00
20111102;14.68;15.64;14.61;15.56;4935428;75063464.00
20111103;15.60;16.37;15.15;15.16;4557891;71191224.00
20111104;15.38;15.51;15.10;15.33;2399428;36723444.00
20111107;15.35;16.05;15.21;16.04;2713687;42313060.00
20111108;16.10;16.10;15.18;15.28;1965380;30648080.00
20111109;15.43;15.80;15.01;15.76;1989573;30797638.00
20111110;15.46;16.30;15.40;15.75;3070090;48820128.00
20111111;15.65;16.10;15.50;15.60;1815579;28660572.00
20111114;15.78;16.38;15.78;16.19;2720641;43921816.00
20111115;16.20;16.50;16.02;16.34;1929643;31337014.00
20111116;16.35;16.35;15.41;15.56;1984516;31324068.00
20111117;15.50;15.94;15.37;15.55;1263770;19774918.00
20111118;15.41;15.43;14.66;14.88;2272476;33999652.00
20111121;14.93;14.93;13.98;14.32;1874975;26844564.00
20111122;14.20;14.38;14.02;14.28;695032;9873216.00
20111123;14.31;14.50;14.18;14.18;824944;11821177.00
20111124;14.00;14.30;13.73;14.30;712987;10000437.00
20111125;14.25;14.47;14.06;14.06;610423;8721854.00
20111128;14.05;14.15;13.90;14.07;492414;6906091.50
20111129;14.20;14.59;14.16;14.54;1532105;22073248.00
20111130;14.65;14.66;13.20;13.50;1316758;18268398.00
20111201;13.95;14.10;13.74;13.85;910936;12717605.00
20111202;13.63;13.98;13.28;13.38;748178;10131876.00
20111205;13.40;13.45;12.91;13.00;512008;6700703.00
20111206;13.06;13.35;12.93;13.20;400182;5245021.50
20111207;13.20;13.55;13.12;13.35;416643;5569894.00
20111208;13.34;14.37;13.33;13.87;1045630;14496557.00
20111209;13.69;14.17;13.68;13.98;811630;11323390.00
20111212;14.06;14.10;13.80;13.83;594259;8278834.50
20111213;13.65;13.87;13.05;13.13;796197;10589282.00
20111214;13.12;13.41;12.75;12.88;448874;5908593.00
20111215;12.73;13.00;12.50;12.62;603601;7702625.50
20111216;12.53;13.24;12.53;13.23;661222;8527694.00
20111219;13.11;13.56;12.90;13.43;730588;9667854.00
20111220;13.44;13.57;13.16;13.20;671717;8987474.00
20111221;13.36;13.79;13.20;13.20;1149159;15494285.00
20111222;12.80;13.07;12.28;12.69;1105288;13948273.00
20111223;12.65;13.15;12.54;12.85;760163;9821263.00
20111226;12.98;13.27;12.83;12.83;638266;8331229.00
20111227;12.80;12.80;12.03;12.09;748632;9232221.00
20111228;12.22;12.38;11.78;12.25;519415;6258369.00
20111229;12.20;12.39;12.01;12.20;337881;4146291.75
20111230;12.31;12.44;12.22;12.35;395285;4877870.00
20120104;12.49;12.59;11.61;11.63;520598;6286590.50
20120105;11.60;11.70;10.47;10.58;833511;9128283.00
20120106;10.58;10.83;10.28;10.79;406481;4268184.50
20120109;10.72;11.18;10.31;11.13;593053;6491996.50
20120110;11.11;11.64;11.11;11.63;741010;8489724.00
20120111;11.60;12.00;11.48;11.63;768582;9043240.00
20120112;11.43;11.79;11.36;11.36;507078;5863971.00
20120113;11.40;11.40;10.60;10.60;894291;9719991.00
20120116;10.31;10.50;9.98;9.98;540841;5548292.00
20120117;10.22;10.70;9.98;10.66;872295;9070782.00
20120118;10.66;10.87;10.23;10.30;794884;8415172.00
20120119;10.30;10.85;10.02;10.76;763516;8098944.50
20120120;11.00;11.10;10.66;11.02;608081;6644667.50
20120130;11.02;11.18;10.81;10.84;372223;4099879.25
20120131;11.02;11.02;10.44;10.85;326285;3510458.00
20120201;10.84;11.09;10.62;10.70;306713;3350348.50
20120202;10.76;11.03;10.73;10.98;399542;4343166.50
20120203;10.91;11.35;10.90;11.32;848033;9487727.00
20120206;11.46;11.47;11.20;11.33;680058;7706358.50
20120207;11.27;11.49;11.14;11.24;704917;7964349.50
20120208;11.35;11.63;11.23;11.59;550910;6322405.00
20120209;11.50;11.84;11.50;11.80;837604;9844884.00
20120210;11.99;12.39;11.81;11.83;1248704;15072724.00
20120213;11.90;12.64;11.70;12.46;1555613;19053056.00
20120214;13.60;13.64;12.95;13.01;3432157;45509932.00
20120215;13.04;14.31;13.04;14.31;4493623;61322352.00
20120216;14.20;14.38;13.80;14.25;3663214;51476780.00
20120217;14.05;14.22;13.71;13.80;1501600;20913998.00
20120220;13.97;14.06;13.57;13.60;1445082;19947000.00
20120221;13.58;13.87;13.40;13.86;1547286;21098362.00
20120222;13.80;14.15;13.58;14.09;1860264;25942888.00
20120223;14.09;14.18;13.85;13.89;1327777;18559238.00
20120224;13.70;14.19;13.70;13.87;1245958;17411764.00
20120227;13.95;14.21;13.88;13.88;1393645;19610242.00
20120228;13.82;13.82;13.36;13.41;1373013;18615496.00
20120229;13.46;13.65;13.01;13.25;843463;11285150.00
20120301;13.25;13.59;13.21;13.46;607804;8180084.50
20120302;13.50;13.70;13.48;13.62;787595;10725937.00
20120305;13.60;14.05;13.53;13.75;1034473;14333734.00
20120306;13.63;14.27;13.62;14.15;1763693;24728348.00
20120307;14.07;14.95;14.07;14.51;2804893;41022428.00
20120308;14.15;14.50;14.15;14.18;1997968;28496474.00
20120309;14.21;14.30;13.81;14.30;2097621;29568078.00
20120312;14.39;14.48;14.09;14.17;1212919;17250736.00
20120313;14.17;14.28;14.02;14.24;1302409;18441158.00
20120314;14.34;14.34;13.01;13.20;2532873;35095128.00
20120315;13.19;13.36;12.66;12.81;1542720;19859680.00
20120316;12.82;13.13;12.68;13.13;1123271;14524301.00
20120319;13.10;13.45;12.97;13.33;1071867;14157654.00
20120320;13.26;13.39;12.76;12.80;1199575;15515179.00
20120321;12.95;12.96;12.58;12.86;905465;11547578.00
20120322;12.88;13.17;12.75;12.96;686218;8918082.00
20120323;12.87;12.92;12.51;12.62;845706;10719182.00
20120326;12.58;12.65;12.37;12.50;547880;6856604.00
20120327;12.59;12.63;12.41;12.47;562810;7074370.00
20120328;12.43;12.43;11.40;11.57;1573271;18655418.00
20120329;11.44;11.51;11.02;11.26;852980;9648034.00
20120330;11.20;11.30;11.16;11.27;553007;6213324.50
20120405;11.30;11.58;11.06;11.56;1138248;12971390.00
20120406;11.66;11.77;11.48;11.70;632192;7345730.00
20120409;11.72;11.72;11.20;11.23;593824;6805185.50
20120410;11.20;11.49;11.03;11.49;660849;7408368.00
20120411;11.39;11.75;11.39;11.69;717796;8335945.00
20120412;11.60;11.98;11.55;11.92;1087607;12808666.00
20120413;12.08;12.12;11.83;12.01;825730;9891207.00
20120416;11.90;11.90;11.51;11.78;1063326;12455925.00
20120417;11.98;12.42;11.82;12.16;1686706;20437858.00
20120418;12.17;12.36;12.05;12.29;913272;11177061.00
20120419;12.20;12.35;12.06;12.19;719582;8766907.00
20120420;12.45;12.88;12.43;12.64;1927008;24419266.00
20120423;12.36;12.50;11.38;11.46;2453950;29183116.00
20120424;11.22;11.66;11.06;11.61;1132600;12970467.00
20120425;11.42;11.77;11.42;11.68;722091;8406971.00
20120426;11.65;11.79;11.55;11.65;647602;7546238.50
20120427;11.89;11.90;11.60;11.63;707171;8317077.50
20120502;11.70;11.84;11.55;11.72;692923;8108872.50
20120503;11.73;11.76;11.60;11.76;447054;5227673.50
20120504;11.87;12.25;11.87;12.15;1086818;13206898.00
20120507;12.30;12.57;12.20;12.40;938777;11645326.00
20120508;12.41;12.41;12.08;12.24;785995;9620232.00
20120509;12.19;12.35;12.00;12.08;699981;8518863.00
20120510;12.50;12.59;12.16;12.41;1304755;16166699.00
20120511;12.41;12.54;12.15;12.15;649243;8018808.50
20120514;12.29;12.30;11.98;12.20;1054659;12780798.00
20120515;12.06;12.54;11.84;12.54;1063440;13010788.00
20120516;12.40;12.77;12.25;12.41;1523995;19108174.00
20120517;12.55;12.55;12.18;12.45;949894;11733327.00
20120518;12.85;13.27;12.57;12.61;2989975;38640672.00
20120521;12.62;12.83;12.37;12.69;1487311;18767116.00
20120522;12.69;12.69;12.33;12.45;1117191;13964909.00
20120523;12.47;12.59;12.25;12.33;724198;8979044.00
20120524;12.27;12.43;12.25;12.26;591348;7275749.50
20120525;12.26;12.38;12.10;12.26;677302;8283398.00
20120528;12.27;12.36;11.85;12.32;906574;11009951.00
20120529;12.35;12.98;12.18;12.70;1257411;15880291.00
20120530;12.68;12.78;12.49;12.71;743605;9391550.00
20120531;12.68;13.00;12.53;12.88;1184937;15232988.00
20120601;12.98;13.46;12.77;12.80;1749715;23007690.00
20120604;12.39;12.68;12.28;12.29;926613;11559081.00
20120605;12.40;12.45;12.21;12.35;409995;5051757.00
20120606;12.35;12.48;12.21;12.27;504425;6210745.50
20120607;12.40;12.43;12.01;12.11;492200;6038688.00
20120608;12.36;12.36;12.06;12.14;414692;5042659.00
20120611;12.15;12.64;12.10;12.59;575090;7139239.50
20120612;12.56;12.69;12.43;12.54;555887;6999503.00
20120613;12.61;12.89;12.55;12.74;612429;7798799.00
20120614;12.80;12.90;12.50;12.51;502371;6383251.00
20120615;12.65;12.71;12.30;12.50;495419;6187202.50
20120618;12.60;12.75;12.51;12.70;464784;5881754.00
20120619;12.66;12.78;12.62;12.70;615502;7820386.00
20120620;12.80;13.01;12.72;12.86;1113486;14348254.00
20120621;12.86;12.90;12.47;12.65;709322;8973984.00
20120625;12.67;12.67;11.90;11.98;771468;9475070.00
20120626;11.97;12.02;11.63;11.88;340657;4024829.00
20120627;11.96;12.03;11.80;11.85;456335;5435914.50
20120628;11.91;11.98;11.50;11.64;368957;4319717.00
20120629;12.14;12.28;11.87;12.17;949819;11465622.00
20120702;12.33;12.72;12.25;12.53;1055623;13166266.00
20120703;12.55;12.73;12.42;12.61;812482;10259512.00
20120704;12.81;13.01;12.63;12.71;1082136;13897701.00
20120705;12.60;12.71;12.22;12.45;603524;7512265.00
20120706;12.56;12.74;12.20;12.74;744370;9306666.00
20120709;12.60;12.75;12.37;12.37;554176;6956172.50
20120710;12.38;12.40;11.83;11.86;993293;11946043.00
20120711;11.86;11.99;11.80;11.89;454278;5401233.00
20120712;11.86;12.21;11.72;12.11;564090;6778368.00
20120713;12.12;12.18;11.87;11.95;620269;7444208.50
20120716;11.95;11.96;11.22;11.22;598197;6912631.00
20120717;11.18;11.40;11.18;11.34;198999;2245278.75
20120718;11.39;11.45;11.11;11.41;278169;3139750.75
20120719;11.77;11.87;11.50;11.72;547476;6420625.00
20120720;11.72;11.74;11.56;11.62;154029;1795176.38
20120723;11.55;11.55;11.35;11.41;245670;2809030.50
20120724;11.38;11.75;11.36;11.72;238096;2770793.75
20120725;11.51;11.72;11.37;11.49;461847;5316819.50
20120726;11.59;11.59;11.26;11.28;507907;5789080.00
20120727;11.41;11.69;11.34;11.67;939574;10856953.00
20120730;11.64;11.64;11.10;11.16;718305;8088773.00
20120731;11.15;11.25;10.61;10.70;403937;4369012.50
20120801;10.59;10.93;10.58;10.80;298513;3229524.75
20120802;10.80;10.93;10.55;10.62;225325;2411460.75
20120803;10.65;10.87;10.62;10.87;355364;3813190.50
20120806;10.75;11.13;10.73;11.12;412916;4538674.50
20120807;11.12;11.32;11.12;11.18;382252;4277378.50
20120808;11.11;11.26;11.08;11.17;326245;3644152.75
20120809;11.10;11.38;11.05;11.33;576923;6482055.00
20120810;11.35;11.43;11.22;11.38;462330;5232827.00
20120813;11.42;11.66;11.12;11.21;728857;8361206.50
20120814;11.19;11.44;11.09;11.43;352801;3975176.25
20120815;11.33;11.47;11.28;11.40;350390;3983960.75
20120816;11.40;11.42;11.16;11.16;203664;2296922.50
20120817;11.19;11.28;11.00;11.09;307615;3408395.25
20120820;11.09;11.60;10.70;11.60;925909;10561122.00
20120821;11.60;11.80;11.46;11.72;406687;4749661.00
20120822;11.64;11.86;11.50;11.77;346089;4037382.50
20120823;11.60;11.96;11.46;11.92;684462;8017020.00
20120824;11.61;11.85;11.61;11.75;335396;3937566.75
20120827;11.69;11.78;11.39;11.54;320762;3703011.50
20120828;11.56;11.73;11.35;11.73;286465;3328496.00
20120829;11.65;11.96;11.59;11.88;394559;4672156.50
20120830;11.85;12.06;11.20;11.50;387552;4501614.00
20120831;11.52;11.65;11.40;11.54;154328;1779143.88
20120903;11.54;11.85;11.50;11.85;301019;3528150.00
20120904;11.90;12.20;11.82;12.11;818939;9883248.00
20120905;12.25;13.32;12.25;12.66;2412608;30836050.00
20120906;13.68;13.93;13.42;13.66;7337703;100903552.00
20120907;13.50;13.79;13.32;13.49;5217853;70654984.00
20120910;13.55;14.43;13.43;13.67;6333041;88324376.00
20120911;13.35;13.87;13.30;13.43;2222892;30087484.00
20120912;13.53;13.68;13.03;13.24;1908955;25370524.00
20120913;13.40;13.50;13.07;13.07;1185150;15744717.00
20120914;13.11;13.37;13.05;13.11;1168198;15396866.00
20120917;13.20;13.20;12.20;12.26;2066143;25848420.00
20120918;12.25;12.43;11.92;12.07;956750;11669368.00
20120919;12.14;12.32;12.08;12.30;628790;7685418.50
20120920;12.30;12.35;11.91;11.97;976925;11875802.00
20120921;11.85;12.09;11.66;11.73;916681;10892046.00
20120924;11.53;11.98;11.30;11.84;525348;6166262.00
20120925;11.65;12.77;11.65;12.25;1234777;15066669.00
20120926;12.09;12.25;11.71;11.72;926369;11052105.00
20120927;11.72;12.18;11.72;11.93;783599;9382159.00
20120928;12.00;12.30;11.99;12.28;770974;9358280.00
20121008;12.48;12.55;12.16;12.30;773453;9544949.00
20121009;12.21;12.75;12.21;12.68;1040908;13077481.00
20121010;12.45;12.90;12.41;12.78;1124207;14318023.00
20121011;13.00;13.03;12.36;12.36;1139884;14482992.00
20121012;12.50;12.54;12.20;12.31;629649;7757498.50
20121015;12.39;12.40;12.13;12.32;362084;4437105.50
20121016;12.17;12.39;12.17;12.25;307771;3781625.75
20121017;12.29;12.30;12.00;12.20;409645;4989768.50
20121018;12.28;12.54;12.20;12.48;644234;7982624.50
20121019;12.68;12.99;12.64;12.75;1513624;19325714.00
20121022;12.60;12.91;12.55;12.84;900244;11479610.00
20121023;12.85;12.90;12.64;12.68;660379;8426863.00
20121024;12.52;12.75;12.52;12.57;460108;5805903.50
20121025;12.57;12.69;12.28;12.30;402585;5028638.00
20121026;12.30;12.42;12.03;12.17;521975;6329347.00
20121029;12.10;12.24;12.06;12.13;244194;2961465.50
20121030;12.08;12.21;11.82;11.91;491770;5914172.00
20121031;11.94;12.25;11.89;12.18;528466;6376641.50
20121101;12.16;12.42;12.16;12.37;631182;7769407.50
20121102;12.33;12.39;12.21;12.31;387472;4758135.00
20121105;12.29;12.48;12.25;12.35;541119;6697974.00
20121106;12.47;12.47;11.95;12.01;623960;7530071.00
20121107;12.00;12.10;11.90;11.91;227855;2731950.25
20121108;11.91;12.00;11.49;11.49;400500;4703796.00
20121109;11.49;11.65;11.30;11.60;361500;4143571.25
20121112;11.78;11.78;11.55;11.68;248009;2883022.75
20121113;11.78;11.78;11.47;11.59;240185;2780471.00
20121114;11.65;11.66;11.24;11.29;412500;4690548.00
20121115;11.25;11.43;11.18;11.21;307398;3480014.75
20121116;11.20;11.36;11.13;11.23;230851;2595876.50
20121119;11.34;11.50;11.15;11.46;343750;3902000.50
20121120;11.40;11.54;11.40;11.54;173050;1986002.00
20121121;11.69;12.00;11.54;11.78;618046;7258942.00
20121122;11.70;11.70;11.52;11.63;250013;2895529.50
20121123;11.60;11.75;11.47;11.56;268201;3107854.75
20121126;11.60;11.76;11.53;11.56;225580;2628405.25
20121127;11.60;11.62;11.13;11.13;285692;3219884.25
20121128;11.34;11.34;10.30;10.64;388933;4179093.00
20121129;10.69;10.69;10.29;10.49;231300;2428873.00
20121130;10.49;10.65;10.25;10.46;179290;1878244.88
20121203;10.46;10.64;10.10;10.13;265022;2730915.25
20121204;10.00;10.18;9.87;10.15;650062;6516042.50
20121205;10.17;10.89;10.08;10.85;1267040;13436078.00
20121206;11.09;11.28;10.80;10.84;1311850;14529142.00
20121207;10.66;11.28;10.61;11.22;1104203;12158413.00
20121210;11.09;11.78;11.09;11.70;1322515;15091284.00
20121211;11.70;11.70;11.49;11.55;675661;7814983.00
20121212;11.52;11.76;11.50;11.63;560445;6512790.00
20121213;11.85;11.85;11.32;11.37;275960;3186947.50
20121214;11.37;11.83;11.31;11.73;1039998;12164523.00
20121217;11.73;12.10;11.67;11.80;776232;9203356.00
20121218;11.80;11.88;11.62;11.70;521425;6133434.00
20121219;11.80;12.00;11.70;11.83;626841;7443857.50
20121220;11.77;12.55;11.72;12.43;1925220;23714218.00
20121221;12.36;12.85;12.36;12.64;1706695;21573742.00
20121224;11.75;13.68;11.75;13.37;2382836;31163382.00
20121225;13.37;13.90;13.33;13.66;2973550;40583852.00
20121226;13.51;14.15;13.51;13.85;2780678;38565048.00
20121227;14.32;14.45;13.74;13.84;3417992;48176932.00
20121228;13.74;14.25;13.72;14.16;1569829;22104176.00
20121231;13.99;14.38;13.68;14.38;2520596;35340168.00
20130104;15.00;15.82;14.50;15.82;7945033;122094152.00
20130107;15.51;16.43;15.40;16.18;6287003;100766904.00
20130108;16.00;16.28;15.64;16.04;4616394;73628480.00
20130109;15.80;16.88;15.71;16.24;4545476;74251752.00
20130110;16.24;16.39;16.10;16.33;2331213;37834364.00
20130111;16.40;16.75;15.71;15.79;2960922;47640784.00
20130114;15.70;17.37;15.56;17.08;6239817;101246872.00
20130115;18.79;18.79;18.47;18.79;11883269;223048032.00
20130116;19.28;20.56;19.01;19.76;20300593;399622016.00
20130117;19.33;21.00;19.29;19.29;14084371;281492192.00
20130118;19.21;20.45;19.21;20.05;10011225;197990384.00
20130121;20.20;22.06;20.20;22.06;6179118;133016936.00
20130122;23.00;23.44;21.66;22.37;13272709;299318816.00
20130123;22.30;24.61;22.00;23.89;12075369;282029664.00
20130124;23.57;23.85;21.50;21.68;12388438;279218848.00
20130125;22.03;22.80;21.01;21.21;9691892;213268624.00
20130128;21.25;22.67;21.06;22.09;8784986;192575376.00
20130129;21.96;23.32;21.94;22.40;9560590;216139424.00
20130130;21.98;22.01;20.16;20.16;18183419;379691264.00
20130131;19.88;20.49;19.55;19.81;8857819;175979088.00
20130201;19.80;20.13;19.51;19.70;6066655;120010312.00
20130204;19.70;20.27;19.29;19.94;8205301;162977488.00
20130205;19.25;20.74;19.25;20.30;13749384;275463232.00
20130206;20.20;20.74;20.00;20.30;7554583;154017600.00
20130207;20.24;21.05;20.11;20.70;7953183;164173568.00
20130208;20.70;22.50;20.66;22.15;10695941;234177984.00
20130218;22.29;22.29;21.10;21.59;6974672;150954288.00
20130219;21.44;22.31;21.15;21.43;6647854;144732528.00
20130220;21.10;21.64;20.66;21.60;7586513;160748864.00
20130221;21.21;21.39;20.01;20.02;5937936;122918824.00
20130222;20.25;20.83;20.10;20.62;7560092;155281392.00
20130225;20.36;20.42;19.02;19.59;9053819;177189792.00
20130226;19.42;20.37;19.39;19.99;6735945;133484104.00
20130227;19.89;20.50;19.43;19.87;5980666;119324560.00
20130228;19.80;20.26;19.55;20.12;5034794;100460664.00
20130301;20.40;22.13;20.30;21.65;18571181;402934848.00
20130304;21.47;21.86;20.90;21.34;8787589;187630384.00
20130305;21.48;22.16;21.13;22.04;9712692;211634992.00
20130306;21.87;23.85;21.71;23.42;11597290;263766144.00
20130307;23.00;23.35;21.81;22.40;10981417;248027664.00
20130308;22.36;22.50;21.10;21.91;7789447;169919760.00
20130311;21.69;21.97;21.30;21.81;4179779;90666624.00
20130312;21.60;21.60;19.63;19.63;10139379;204561552.00
20130313;19.00;19.16;18.56;18.75;5692680;107202632.00
20130314;18.60;19.11;18.32;18.40;5577928;103783232.00
20130315;18.60;19.12;18.39;18.69;6525188;123095416.00
20130318;18.78;18.87;17.81;18.12;5507438;100210616.00
20130319;8.12;8.26;7.80;8.10;11075818;88533312.00
20130320;8.02;8.68;7.98;8.39;17068871;142614064.00
20130321;8.27;8.45;8.20;8.42;15012320;124964560.00
20130322;8.39;8.84;8.31;8.58;19228579;165666576.00
20130325;8.55;8.55;8.20;8.22;15561761;129954608.00
20130326;8.22;8.36;8.06;8.27;10163385;83446800.00
20130327;8.23;8.37;8.08;8.16;8948304;73493136.00
20130328;8.09;8.09;7.57;7.60;13389580;104222680.00
20130329;7.69;7.84;7.58;7.77;7744028;59932928.00
20130401;7.74;8.10;7.70;7.96;7560053;60108840.00
20130402;7.93;8.03;7.56;7.60;8598355;66711896.00
20130403;7.64;7.69;7.40;7.46;5149844;38622176.00
20130408;7.20;7.66;7.13;7.60;6814526;50315884.00
20130409;7.57;7.73;7.52;7.59;5565387;42344340.00
20130410;7.59;7.61;7.38;7.46;4787378;35855720.00
20130411;7.57;7.89;7.50;7.70;10957943;84817128.00
20130412;7.68;7.68;7.44;7.45;6291165;47429600.00
20130415;7.38;7.47;7.25;7.28;4244452;31100672.00
20130416;7.20;7.43;7.16;7.40;4299151;31497930.00
20130417;7.38;7.60;7.36;7.60;5851731;43791520.00
20130418;7.54;7.92;7.50;7.72;11110006;86148760.00
20130419;7.85;8.08;7.77;7.93;15113755;119613752.00
20130422;7.78;7.89;7.70;7.85;8696736;67901952.00
20130423;7.85;7.88;7.38;7.45;9188450;69380560.00
20130424;7.44;7.64;7.39;7.56;7763026;58329752.00
20130425;7.51;7.54;7.16;7.18;8543737;63017052.00
20130426;7.24;7.24;6.93;6.93;5408908;38429460.00
20130502;6.95;7.04;6.81;7.02;2798884;19477114.00
20130503;7.04;7.25;7.02;7.12;4455466;31924764.00
20130506;7.18;7.36;7.12;7.30;5341326;38848640.00
20130507;7.31;7.54;7.15;7.53;9841008;72481024.00
20130508;7.51;7.56;7.41;7.49;7148558;53389760.00
20130509;7.46;7.55;7.29;7.43;7468689;55389152.00
20130510;7.54;8.17;7.52;8.17;24534758;197267296.00
20130513;8.30;8.65;7.93;8.33;32812518;272372096.00
20130514;8.18;8.31;8.01;8.16;14632108;119343992.00
20130515;8.11;8.50;8.07;8.48;18460460;153526128.00
20130516;8.39;8.47;8.12;8.16;18987966;157737936.00
20130517;8.10;8.27;8.01;8.15;10602458;86553016.00
20130520;8.15;8.44;8.12;8.36;14123528;117115496.00
20130521;8.38;8.92;8.31;8.88;24710583;213695520.00
20130522;8.91;8.94;8.41;8.44;17166088;147397552.00
20130523;8.43;8.51;8.18;8.24;11323741;94366576.00
20130524;8.25;8.88;8.25;8.70;17889427;154011216.00
20130527;8.66;9.23;8.54;9.11;23391331;209561184.00
20130528;9.01;9.10;8.58;8.63;17512497;153498240.00
20130529;8.64;8.77;8.51;8.71;8557948;74149552.00
20130530;8.66;8.66;8.40;8.53;10722697;91256576.00
20130531;8.60;8.64;8.44;8.45;7189236;61283544.00
20130603;8.41;8.50;8.14;8.15;8150288;67749544.00
20130604;8.10;8.24;8.02;8.19;6306240;51392100.00
20130605;8.18;8.25;8.08;8.15;3855007;31397310.00
20130606;8.10;8.15;7.58;7.59;8067871;63276508.00
20130607;7.56;7.65;7.35;7.37;5453300;40716956.00
20130613;7.25;7.25;6.85;7.11;4582780;32363288.00
20130614;7.15;7.46;7.12;7.39;5989424;43749092.00
20130617;7.37;7.56;7.32;7.40;5462885;40598472.00
20130618;7.41;7.47;7.10;7.34;5123155;37245084.00
20130619;7.29;7.29;7.16;7.24;3153329;22743378.00
20130620;7.24;7.79;7.18;7.40;11899394;89746416.00
20130621;7.25;7.69;7.06;7.65;11782814;87588120.00
20130624;7.55;7.68;7.13;7.27;9700583;72140072.00
20130625;7.08;7.27;6.54;7.13;12492376;85325752.00
20130626;7.13;7.64;6.96;7.60;13778756;101622608.00
20130627;7.59;7.76;7.33;7.36;12981104;98005248.00
20130628;7.27;7.47;7.06;7.22;7491828;54305308.00
20130701;7.33;7.55;7.18;7.51;7887620;58310340.00
20130702;7.53;8.06;7.46;8.04;17196888;134036944.00
20130703;7.94;8.35;7.70;8.24;19624362;157801280.00
20130704;8.13;8.26;7.96;8.03;11131883;90350456.00
20130705;8.03;8.14;7.63;7.64;9897436;78302120.00
20130708;7.41;7.41;7.01;7.03;8436487;60619168.00
20130709;7.00;7.18;6.92;7.12;5106566;36129544.00
20130710;7.10;7.28;7.08;7.27;5652242;40608088.00
20130711;7.26;7.60;7.17;7.48;8687053;64119812.00
20130712;7.45;7.76;7.42;7.46;7909861;59967280.00
20130715;7.51;7.97;7.51;7.92;10995212;85582440.00
20130716;7.90;8.09;7.78;8.07;12605637;100642784.00
20130717;8.11;8.59;8.00;8.20;21546282;179500944.00
20130718;8.13;8.83;7.93;8.56;22179305;185986352.00
20130719;8.49;9.40;8.45;8.94;33437935;302428864.00
20130722;9.00;9.83;8.75;9.83;31586958;296933248.00
20130723;10.16;10.81;9.92;10.64;41628600;430563712.00
20130724;10.60;10.79;10.21;10.52;29702214;311318976.00
20130725;10.48;10.59;9.47;9.52;30289500;300113856.00
20130726;9.41;10.08;9.38;9.96;23406012;228373712.00
20130729;9.89;9.89;9.11;9.12;19813119;186579728.00
20130730;9.17;9.27;8.55;9.24;17573438;157321136.00
20130731;9.15;9.44;9.02;9.11;11552225;106514032.00
20130801;9.10;9.78;9.10;9.69;19227663;182441984.00
20130802;9.71;10.19;9.71;9.82;23520323;235041328.00
20130805;9.76;10.28;9.76;10.19;15989081;161695008.00
20130806;10.11;10.20;9.89;10.02;13662585;136731248.00
20130807;9.99;10.00;9.31;9.42;15164900;145015968.00
20130808;9.32;9.60;9.29;9.40;8464460;80030296.00
20130809;9.45;9.59;8.89;9.23;12191083;112385912.00
20130812;9.22;9.35;8.90;9.17;11129276;101289720.00
20130813;9.19;9.50;9.02;9.40;11907792;111108600.00
20130814;9.38;9.57;9.15;9.55;13307213;125095624.00
20130815;9.61;10.10;9.43;9.87;21972912;215631200.00
20130816;9.70;10.10;9.08;9.20;17600004;171105632.00
20130819;9.05;9.50;8.92;9.42;8249170;76926160.00
20130820;9.42;10.36;9.42;10.36;16235091;165478560.00
20130821;10.70;10.95;10.13;10.20;36844100;387924224.00
20130822;10.13;11.22;10.13;10.95;38442921;414286656.00
20130823;10.78;11.05;10.50;10.92;27059716;290698400.00
20130826;10.83;11.09;10.70;10.96;18228349;198664432.00
20130827;10.87;10.87;10.36;10.65;19266594;204191600.00
20130828;10.44;10.47;10.03;10.03;17245890;176725504.00
20130829;10.13;10.40;10.03;10.14;10300840;104910952.00
20130830;10.01;10.16;9.14;9.30;15791839;151756112.00
20130902;9.22;9.54;9.13;9.47;7325537;68845256.00
20130903;9.48;9.68;9.45;9.61;6165704;59166264.00
20130904;9.60;9.65;9.30;9.34;7612154;71673040.00
20130905;9.31;9.77;9.31;9.72;9689289;92872040.00
20130906;9.69;9.85;9.57;9.70;8306358;80176336.00
20130909;9.69;9.79;9.36;9.51;8775467;83522608.00
20130910;9.54;9.54;9.23;9.34;8990863;84046264.00
20130911;9.33;9.33;8.80;8.90;9757519;87416832.00
20130912;8.92;9.18;8.86;8.99;6198893;56014444.00
20130913;9.00;9.15;8.80;9.10;5683883;51229276.00
20130916;9.13;9.46;9.12;9.35;8401961;78358912.00
20130917;9.33;9.34;8.96;8.98;6857893;62595916.00
20130918;9.00;9.34;8.90;9.27;5909372;53952540.00
20130923;9.28;9.66;9.25;9.66;10969703;104263432.00
20130924;9.57;9.85;9.50;9.60;8968941;86801392.00
20130925;9.57;9.69;9.30;9.32;7523979;71139656.00
20130926;9.27;9.43;9.12;9.13;5211371;48228584.00
20130927;9.13;9.30;9.08;9.24;3976896;36524716.00
20130930;9.23;9.45;9.21;9.45;4849956;45165252.00
20131008;9.46;9.82;9.36;9.74;9131818;87952776.00
20131009;9.75;9.94;9.66;9.84;9214039;90471824.00
20131010;9.84;9.86;9.40;9.46;8719529;83742128.00
20131011;9.50;9.62;9.42;9.53;6070660;57710288.00
20131014;9.65;10.26;9.65;10.12;16158527;162201984.00
20131015;10.18;10.20;9.73;9.91;9659066;95704288.00
20131016;9.89;9.89;9.29;9.42;6720205;63732856.00
20131017;9.47;9.61;9.25;9.34;4989870;47221092.00
20131018;9.39;9.60;9.30;9.51;3957611;37556848.00
20131021;9.56;10.07;9.56;9.95;9333395;92073224.00
20131022;9.94;10.07;9.63;9.66;9077120;89353864.00
20131023;9.61;9.66;9.15;9.24;6860131;64066096.00
20131024;9.23;9.35;9.15;9.19;3262423;30095270.00
20131025;9.20;9.28;8.70;8.74;5255203;46991856.00
20131028;8.68;8.90;8.68;8.82;2800416;24611994.00
20131029;8.87;8.94;8.00;8.20;5546805;46030648.00
20131030;8.19;8.30;8.10;8.27;3388374;27831394.00
20131031;8.30;8.36;8.10;8.14;2575787;21176880.00
20131101;8.17;8.18;7.73;8.04;4105362;32645786.00
20131104;8.09;8.28;8.02;8.20;2998058;24546530.00
20131105;8.18;8.44;8.07;8.41;4304674;35972808.00
20131106;8.35;8.65;8.32;8.40;4106769;34855180.00
20131107;8.37;8.39;8.15;8.24;2230715;18378898.00
20131108;8.24;8.34;8.11;8.22;2103944;17294710.00
20131111;8.17;8.41;8.17;8.40;2067735;17198398.00
20131112;8.40;8.68;8.35;8.68;4219028;36218816.00
20131113;8.63;8.82;8.32;8.40;3573441;30765688.00
20131114;8.40;8.65;8.36;8.59;3309333;28270886.00
20131115;8.67;8.94;8.60;8.89;4572094;40433728.00
20131118;9.10;9.22;9.01;9.13;4883061;44539964.00
20140225;10.04;10.04;10.04;10.04;776440;7795457.50
20140226;11.04;11.04;11.04;11.04;977567;10792340.00
20140227;12.14;12.14;12.14;12.14;589730;7159322.00
20140228;13.35;13.35;13.35;13.35;600044;8010587.50
20140303;14.69;14.69;14.69;14.69;1159904;17038990.00
20140304;16.16;16.16;16.16;16.16;1616177;26117420.00
20140305;17.78;17.78;17.78;17.78;2402004;42707632.00
20140310;17.70;17.78;16.00;16.00;10043920;168358800.00
20140311;14.60;15.36;14.40;14.40;28697153;422535424.00
20140312;14.25;14.40;13.16;13.84;32984902;452630400.00
20140313;13.64;13.85;13.24;13.68;19745796;268110880.00
20140314;13.67;14.11;13.52;13.75;22093690;305158528.00
20140317;13.70;14.32;13.36;14.22;17803455;248394512.00
20140318;14.13;14.94;14.00;14.47;19539072;284896064.00
20140319;14.23;14.79;14.08;14.22;13461653;193679248.00
20140320;14.00;14.09;12.99;12.99;14257176;194183200.00
20140321;13.00;13.45;12.61;13.33;9844300;128833200.00
20140324;13.16;13.46;12.76;12.99;9341607;122196712.00
20140325;12.98;13.40;12.82;13.37;7271722;95182048.00
20140326;13.25;13.51;13.16;13.28;6336731;84374584.00
20140327;13.00;13.14;12.31;12.31;10263311;130105944.00
20140328;12.18;12.39;11.65;11.80;9669503;115362144.00
20140331;11.82;12.17;11.71;12.10;6431884;77016400.00
20140401;12.12;12.46;12.00;12.34;8021456;98582616.00
20140402;12.23;12.31;11.77;11.84;8239512;98699344.00
20140403;11.95;12.98;11.90;12.48;14302734;179212096.00
20140404;12.29;12.47;12.08;12.42;7571248;93014216.00
20140408;12.21;12.63;12.01;12.52;6684608;82507840.00
20140409;12.45;12.97;12.45;12.93;10175078;130034712.00
20140410;12.96;13.96;12.87;13.13;15124202;203180368.00
20140411;12.75;13.53;12.68;13.48;12312626;161756096.00
20140414;13.37;13.65;13.21;13.39;6772306;90700952.00
20140415;13.41;13.54;13.02;13.14;7813016;103261896.00
20140416;13.00;13.25;12.84;13.03;5382218;70195680.00
20140417;13.14;13.15;12.90;13.04;3987472;52000740.00
20140418;12.96;13.63;12.83;13.50;9060594;121374128.00
20140421;13.35;13.90;13.19;13.19;11247530;153116976.00
20140422;12.95;13.21;12.14;12.57;9329365;118497560.00
20140423;12.62;12.68;12.18;12.27;5219751;64619140.00
20140424;12.30;12.37;11.90;12.26;5063864;61662912.00
20140425;12.16;12.52;12.06;12.06;5171384;63758500.00
20140428;12.05;12.10;11.55;11.58;4214123;49912020.00
20140429;11.51;12.35;11.50;12.31;6716486;79883944.00
20140430;12.26;12.49;12.17;12.41;4348349;53724008.00
20140505;12.35;13.00;12.31;12.95;8063400;103435288.00
20140506;12.97;13.34;12.82;13.09;8123384;106252456.00
20140507;13.00;13.45;12.72;12.76;9918255;130433328.00
20140508;12.70;13.86;12.53;13.46;13007814;173252752.00
20140509;13.28;13.51;12.87;13.17;9026746;118848976.00
20140512;13.30;13.83;12.94;13.58;9333781;125319336.00
20140513;13.65;13.80;13.40;13.70;8485303;115560336.00
20140514;13.75;13.94;13.44;13.60;7248060;99184864.00
20140515;13.57;13.60;13.24;13.59;8690748;116326032.00
20140516;13.44;13.54;13.06;13.54;4796252;63779676.00
20140519;13.40;13.49;13.11;13.26;2931559;39017564.00
20140520;13.35;13.85;13.35;13.51;5920385;80674304.00
20140521;13.35;14.86;13.25;14.60;14171431;200907488.00
20140522;14.50;14.90;14.40;14.57;11463332;168201920.00
20140523;14.69;14.78;14.15;14.72;7040708;102607096.00
20140526;14.69;15.67;14.69;14.93;12550513;189762336.00
20140527;14.85;15.20;14.33;14.45;9029961;133028992.00
20140528;14.32;15.10;14.32;14.98;8916284;132009464.00
20140529;14.96;15.07;14.43;14.57;6557668;96826824.00
20140530;14.50;14.72;14.23;14.42;5175981;74931688.00
20140603;12.98;12.98;12.98;12.98;5532900;71817040.00
20140604;12.11;12.75;12.11;12.45;14050723;174108496.00
20140605;12.15;12.46;11.91;12.37;11375073;138827776.00
20140606;12.35;12.83;12.31;12.68;10868867;137433456.00
20140609;12.64;12.74;12.32;12.48;5398728;67642144.00
20140610;12.49;12.81;12.35;12.73;7289919;92083448.00
20140611;12.73;13.08;12.60;12.92;8078745;104274168.00
20140612;12.95;13.03;12.75;12.92;5919327;76230088.00
20140613;12.85;13.09;12.78;12.93;7541020;97703120.00
20140616;12.90;13.29;12.73;13.05;12414203;161343152.00
20140617;12.90;13.23;12.83;12.99;9037562;118032424.00
20140618;12.90;12.96;12.40;12.41;7233202;91847168.00
20140619;12.42;12.65;12.00;12.06;5904871;72832080.00
20140620;12.10;12.41;12.02;12.34;3144171;38557368.00
20140623;12.40;12.93;12.35;12.75;7399482;94414832.00
20140624;12.71;13.16;12.71;12.92;8312849;107919648.00
20140625;12.80;12.89;12.52;12.63;4771063;60279112.00
20140626;12.60;13.15;12.58;12.98;6946398;90012024.00
20140627;12.96;13.54;12.96;13.50;10508296;140226480.00
20140630;13.47;14.41;13.40;13.97;12447606;173350608.00
20140701;14.04;14.30;13.86;13.96;6900153;96762216.00
20140702;13.98;14.17;13.76;13.96;5926569;82834120.00
20140703;13.99;14.40;13.95;14.23;8103096;115369256.00
20140704;14.23;14.48;14.07;14.46;7852318;112257672.00
20140707;14.39;14.79;14.21;14.58;8640438;124848304.00
20140708;14.59;15.24;14.45;14.90;11276700;168066640.00
20140709;14.86;15.38;14.22;14.85;13847643;206383984.00
20140710;14.59;14.88;14.25;14.30;7710579;112385800.00
20140711;14.18;14.48;14.05;14.32;5579855;79554752.00
20140714;13.69;14.40;13.69;14.21;6508481;91937312.00
20140715;14.28;14.38;13.63;14.38;7578647;106271464.00
20140716;14.88;15.79;14.50;15.00;19989393;301238592.00
20140717;15.18;16.24;14.84;16.00;20003437;311822144.00
20140718;16.18;16.22;15.50;16.12;12825816;203261056.00
20140721;16.09;16.13;15.45;15.64;7885151;123759928.00
20140722;15.60;16.12;15.43;15.75;12478341;197430304.00
20140723;15.55;15.89;15.27;15.50;9431859;146484832.00
20140724;15.50;15.61;14.40;15.30;8007989;120854464.00
20140725;15.09;15.84;15.08;15.53;5710994;88371048.00
20140728;15.40;15.57;15.17;15.54;7040756;108369080.00
20140729;15.58;15.65;15.30;15.40;6771293;104794024.00
20140730;15.32;15.52;15.15;15.18;5887823;90065952.00
20140731;15.20;16.39;15.20;16.00;14090034;224151200.00
20140801;15.99;16.37;15.61;15.67;9038312;144531376.00
20140804;15.67;16.18;15.48;16.02;8350068;133114528.00
20140805;16.32;16.60;15.81;16.46;10213684;166498304.00
20140806;16.68;16.80;16.25;16.78;9020713;149588752.00
20140807;16.69;16.80;16.10;16.10;6514424;107144208.00
20140808;16.07;17.08;16.07;17.03;10654268;178336304.00
20140811;17.09;17.18;16.70;17.01;5250194;88724552.00
20140812;16.98;17.48;16.78;16.83;6208126;105882280.00
20140813;16.83;17.07;16.37;16.44;6920179;114872960.00
20140814;16.50;16.75;16.19;16.37;5301874;87192648.00
20140815;16.27;16.74;16.27;16.70;5289085;87618184.00
20140818;16.70;16.78;16.40;16.74;7297160;121255160.00
20140819;16.80;16.95;16.48;16.94;5584099;93426176.00
20140820;16.80;16.96;16.65;16.70;3820653;64087480.00
20140821;16.70;16.72;16.22;16.52;4921499;80895688.00
20140822;16.70;17.28;16.47;17.19;7828663;132537704.00
20140825;17.10;17.10;16.60;16.83;4622186;77730896.00
20140826;16.75;17.18;16.56;16.85;3854311;65121120.00
20140827;16.85;18.38;16.81;18.15;9948506;174742400.00
20140828;18.27;18.27;17.40;17.87;4847887;86219168.00
20140829;17.71;18.20;17.68;18.08;3503379;62945912.00
20140901;17.99;18.26;17.77;18.25;3823422;68758904.00
20140902;18.38;19.05;18.20;18.79;5807023;108245952.00
20140903;18.73;19.00;18.38;18.86;4472107;83525440.00
20140904;18.85;19.20;18.66;19.18;4049650;76652736.00
20140905;19.17;19.17;18.82;19.04;2314122;43900776.00
20140909;18.86;19.13;18.43;18.75;4045997;75475064.00
20140910;18.55;18.81;18.31;18.50;4201334;77875928.00
20140911;18.39;18.69;18.10;18.24;4478362;82398120.00
20140912;18.24;18.52;18.23;18.44;2678399;49252392.00
20140915;18.44;18.60;18.37;18.46;2952720;54574120.00
20140916;18.48;18.57;17.05;17.56;5201819;93769888.00
20140917;17.39;17.60;16.68;17.58;4789723;82557360.00
20140918;17.50;17.93;17.40;17.84;2602644;46054268.00
20140919;17.85;18.12;17.70;17.88;2178692;38877840.00
20140922;17.81;17.82;17.22;17.46;2695154;46839424.00
20140923;17.35;17.53;17.10;17.40;2283133;39612736.00
20140924;17.41;18.00;17.40;17.87;3434256;61286416.00
20140925;17.87;17.96;17.26;17.29;4536470;79602744.00
20140926;17.21;17.44;16.76;17.40;4414207;75402424.00
20140929;17.30;17.83;17.26;17.45;4382655;76671432.00
20140930;17.47;17.77;17.35;17.68;3609824;63321284.00
20141008;17.84;17.84;17.52;17.76;2931228;51941848.00
20141009;17.83;17.86;17.42;17.73;4134277;73128472.00
20141010;17.61;17.86;17.52;17.65;2668261;47167060.00
20141013;17.45;18.56;17.11;18.41;7417608;132658600.00
20141014;18.40;18.60;18.08;18.17;4864464;89198464.00
20141015;18.12;18.39;17.90;18.08;3386988;61256384.00
20141016;18.10;18.33;17.81;17.82;3613207;65322428.00
20141017;17.65;18.15;17.18;18.10;4944413;87358192.00
20141020;18.00;18.25;17.80;17.94;2974082;53562032.00
20141021;17.80;17.97;17.55;17.80;2310986;40938964.00
20141022;17.66;17.80;17.41;17.63;2580258;45448668.00
20141023;17.54;17.60;17.01;17.26;3032480;52439908.00
20141024;17.33;17.49;16.97;17.23;2078929;35711524.00
20141027;17.05;17.25;16.51;17.01;2408063;40989768.00
20141028;17.08;17.28;17.00;17.28;4045526;69458888.00
20141029;17.32;17.72;17.32;17.55;4960573;87347200.00
20141030;17.44;17.64;17.23;17.40;4048905;70480360.00
20141031;17.51;17.66;17.18;17.46;3416574;59361576.00
20141103;17.50;17.84;17.46;17.70;3347356;59043492.00
20141104;17.68;18.05;17.62;17.71;4481272;79885288.00
20141105;17.71;17.78;17.11;17.55;2492639;43381816.00
20141106;17.75;18.20;17.65;17.91;5712755;102257952.00
20141107;17.91;18.12;17.65;17.78;4132143;73805832.00
20141110;17.69;17.69;17.21;17.60;3493477;60689424.00
20141111;17.52;17.52;16.83;17.30;4140015;70944488.00
20141112;17.14;17.42;17.07;17.27;2275627;39307260.00
20141113;17.16;17.45;16.85;17.06;2325570;39752588.00
20141114;16.85;17.10;16.41;16.92;5359790;89630096.00
20141117;16.72;17.25;16.71;17.18;2344568;40079836.00
20141118;17.15;17.53;16.91;17.41;4640905;80034376.00
20141119;17.35;17.54;17.21;17.43;2919002;50694928.00
20141120;17.41;17.41;16.55;16.57;4932758;82979336.00
20141121;16.63;16.70;16.10;16.56;7002566;114759336.00
20141124;16.56;16.85;16.18;16.47;4656909;76325088.00
20141125;16.41;16.56;16.38;16.54;5641181;93038720.00
20141126;16.69;16.98;16.21;16.58;8942951;148145120.00
20141127;16.54;16.75;16.00;16.46;6657095;109214424.00
20141128;16.54;16.70;15.91;15.98;16433954;268120320.00
20141201;15.96;15.97;15.06;15.13;11582609;177196352.00
20141202;15.12;15.50;15.02;15.24;7649028;117034240.00
20141203;15.26;15.55;14.89;15.54;9277925;140902624.00
20141204;15.51;15.62;15.20;15.48;9352177;144472752.00
20141205;15.36;15.44;14.60;14.92;8717754;130773072.00
20141208;14.59;14.92;14.50;14.55;7394341;108530288.00
20141209;14.50;14.55;13.17;13.46;13678814;189674224.00
20141210;13.47;13.99;13.36;13.94;7416967;102337472.00
20141211;13.87;14.16;13.68;14.12;5849243;82073496.00
20141212;14.21;14.62;14.21;14.51;6129880;88565888.00
20141215;14.42;14.92;14.30;14.80;6750483;99463856.00
20141216;14.80;14.88;14.45;14.47;5236046;76248088.00
20141217;14.40;14.40;13.95;14.05;5491908;77476256.00
20141218;13.90;14.88;13.80;14.71;8702504;126635376.00
20141219;14.72;14.80;14.01;14.20;5364758;76682208.00
20141222;14.15;14.15;12.93;13.10;5306255;70707208.00
20141223;13.00;13.55;13.00;13.07;3334158;44236184.00
20141224;13.30;13.58;13.20;13.51;3207097;42976980.00
20141225;13.95;14.27;13.89;14.10;6138882;86471856.00
20141226;13.90;14.06;13.69;13.85;3514329;48662720.00
20141229;13.80;13.80;13.09;13.29;4336767;57698784.00
20141230;13.32;13.32;12.86;13.15;4130025;53847324.00
20150105;12.20;12.77;12.08;12.38;7865183;97271584.00
20150106;12.33;12.96;12.21;12.90;8092391;102229880.00
20150107;12.90;12.93;12.57;12.63;5445390;68995040.00
20150108;12.55;13.19;12.54;13.00;7295366;94094792.00
20150109;12.99;13.36;12.82;12.88;6776604;88550920.00
20150112;12.85;13.05;12.52;12.70;3703078;47259864.00
20150113;12.77;13.40;12.61;13.33;7659944;100472480.00
20150114;13.30;13.30;12.95;13.04;4386817;57526036.00
20150115;13.08;13.25;12.80;12.99;3427865;44768760.00
20150116;12.92;13.48;12.85;13.35;6504410;86055200.00
20150119;13.06;13.83;12.94;13.24;10513383;140953712.00
20150120;13.22;14.06;13.21;13.99;12040559;164728080.00
20150121;13.97;14.40;13.86;14.19;12010573;169589744.00
20150122;14.18;14.28;14.00;14.21;7874550;111280288.00
20150123;14.18;14.25;13.75;13.79;6635802;92777496.00
20150126;13.74;14.09;13.74;14.03;4339908;60709360.00
20150127;14.08;14.26;13.85;14.22;6425657;90407520.00
20150128;14.22;14.64;14.10;14.38;9127809;131430072.00
20150129;14.40;14.58;14.22;14.44;6706455;96776224.00
20150130;14.48;14.56;14.00;14.01;5610106;79575184.00
20150202;13.80;13.99;13.63;13.82;3517360;48736092.00
20150203;13.75;14.43;13.75;14.32;7022137;99897616.00
20150204;14.41;15.20;14.25;14.95;16253730;239242016.00
20150205;14.92;15.58;14.65;15.07;18724605;285470624.00
20150206;15.11;15.49;14.81;15.00;10372594;156477200.00
20150209;15.10;15.39;14.20;14.45;9757783;144669200.00
20150210;14.35;15.04;14.35;15.01;6796890;99617120.00
20150211;15.13;15.30;14.91;15.20;7858709;118695856.00
20150212;15.12;15.39;14.99;15.09;7039589;107049664.00
20150213;15.22;15.47;15.10;15.26;8097213;123780688.00
20150216;15.25;15.80;15.25;15.73;10035212;156473504.00
20150217;15.81;15.82;15.31;15.49;7123162;110279200.00
20150225;15.55;15.69;15.27;15.34;6656635;103366720.00
20150226;15.27;15.38;14.98;15.26;6600107;100182760.00
20150227;15.28;15.71;15.24;15.57;9158624;142417552.00
20150302;15.52;15.95;15.40;15.82;9783234;154007760.00
20150303;15.71;15.74;15.17;15.25;9671775;150173792.00
20150304;15.27;15.90;15.17;15.90;10929758;170117632.00
20150305;15.88;16.40;15.66;16.28;15288834;245288880.00
20150306;16.17;16.24;15.50;15.60;10836522;171311136.00
20150309;15.49;16.70;15.38;16.45;16347438;265150736.00
20150310;16.38;16.64;16.21;16.48;11498193;188768512.00
20150311;16.40;16.69;16.00;16.31;9850882;161103936.00
20150312;16.30;16.74;15.86;16.20;9983398;162614432.00
20150313;16.14;16.78;15.90;16.72;12472324;204785872.00
20150316;16.88;17.24;16.80;17.05;17239609;293383040.00
20150317;17.05;17.71;16.81;17.17;17856543;308176864.00
20150318;17.33;18.56;17.02;18.22;21739469;389306272.00
20150319;19.00;19.49;18.32;18.76;22953971;432561024.00
20150320;18.70;20.45;18.52;20.03;23407029;458213440.00
20150323;20.31;21.99;20.30;21.90;21502921;459318400.00
20150324;22.00;23.07;20.72;22.87;29745705;656194304.00
20150325;22.87;22.87;21.50;22.10;19276679;427902304.00
20150326;21.52;21.57;19.91;20.03;23563956;486238752.00
20150327;20.03;21.00;20.00;20.75;13642206;279146080.00
20150330;20.88;21.21;20.02;20.38;13037047;266802384.00
20150331;19.52;20.54;19.39;19.93;16789199;334163840.00
20150401;20.15;20.73;19.78;20.63;15765946;319933024.00
20150402;20.67;21.58;20.51;21.53;18748905;392557152.00
20150403;21.30;21.30;20.71;21.09;14056593;296212512.00
20150407;21.00;21.09;20.60;21.04;12792450;266891168.00
20150408;21.09;21.47;19.67;20.29;14233046;294685952.00
20150409;20.03;20.28;18.48;19.59;13143677;254638944.00
20150410;19.19;20.06;19.12;19.86;9860879;195193888.00
20150413;19.98;20.99;19.61;20.86;15305569;312467968.00
20150414;20.86;20.86;19.97;20.08;11640219;237290448.00
20150415;20.10;20.20;18.89;18.93;9855060;191747920.00
20150416;18.66;19.58;18.10;19.05;8075952;153461072.00
20150417;19.33;19.48;18.84;18.98;8393753;160314864.00
20150420;19.00;19.10;18.10;18.14;9519737;176724848.00
20150421;18.07;19.23;18.07;19.19;9047873;170194336.00
20150422;19.56;19.99;19.40;19.61;10653551;209848592.00
20150423;19.80;20.28;19.51;20.15;12997223;259743184.00
20150424;19.80;20.14;19.31;19.71;10473245;206927008.00
20150427;19.51;20.13;19.30;19.47;10078525;197969232.00
20150428;19.19;19.38;18.10;18.36;11052889;205002480.00
20150429;18.42;19.10;18.00;18.93;12043411;225761952.00
20150430;18.80;19.29;18.60;18.63;12876671;243587728.00
20150504;18.50;19.50;18.03;19.50;13120137;249797152.00
20150505;19.28;20.88;19.08;20.09;24032180;483404960.00
20150506;20.18;21.21;19.82;20.84;26447634;550977536.00
20150507;20.70;20.77;18.76;19.07;16879123;337998208.00
20150508;19.38;20.98;19.38;20.98;23318371;481753792.00
20150511;22.01;22.65;21.66;22.33;36325684;805837696.00
20150512;21.99;24.17;21.85;23.41;28017952;649613952.00
20150513;22.80;23.39;21.80;22.75;21125940;479077440.00
20150514;22.81;24.52;22.53;23.94;24668756;578813952.00
20150515;23.38;23.58;22.40;22.98;16565175;380482272.00
20150518;22.89;24.60;22.67;24.41;20429695;488283264.00
20150519;24.78;25.75;23.68;25.50;21041548;517359232.00
20150520;25.20;27.40;25.01;25.70;21335333;567051840.00
20150521;25.88;27.35;25.65;27.25;18700931;497669568.00
20150522;28.30;28.50;26.02;26.50;18541951;499596288.00
20150525;25.68;27.04;25.02;26.53;16696172;434822624.00
20150526;26.98;29.18;26.98;29.18;9368027;266499936.00
20150527;30.89;32.10;29.30;31.06;23070958;717761280.00
20150528;31.00;34.17;30.70;32.76;21093320;705133504.00
20150529;34.95;36.04;34.80;36.04;17693535;632342144.00
20150601;39.64;39.64;39.64;39.64;395430;15674845.00
20150602;43.60;43.60;43.60;43.60;152631;6654711.50
20150603;47.96;47.96;46.66;47.96;13456662;644853184.00
20150604;47.96;52.76;44.51;50.90;52401493;2587039744.00
20150605;48.50;50.69;45.81;45.81;31829931;1521283328.00
20150608;44.00;44.80;41.23;41.23;22107697;927379520.00
20150609;39.64;43.86;39.64;41.85;26091275;1090121216.00
20150610;41.60;46.04;40.95;46.04;19714551;867877632.00
20150611;46.16;46.99;43.35;44.91;23523641;1055837312.00
20150612;44.19;44.79;43.01;43.20;14639986;639412864.00
20150615;43.00;43.00;40.31;41.09;16831305;697113536.00
20150616;40.95;45.20;39.81;43.56;27176824;1177037440.00
20150617;42.58;43.74;39.20;42.70;23420051;967747648.00
20150618;42.95;43.88;39.00;40.19;16555687;698301184.00
20150619;38.30;39.10;36.17;36.17;16460976;610160448.00
20150623;36.70;37.09;32.70;36.12;12379548;433654592.00
20150624;36.90;37.75;33.95;35.74;14693173;525431808.00
20150625;36.50;37.54;34.00;34.48;16543480;601391040.00
20150626;32.04;32.30;31.03;31.03;8462242;265913840.00
20150629;31.03;31.40;27.93;27.93;9843000;282129152.00
20150630;25.83;30.50;25.14;29.79;18527127;511571360.00
20150701;29.13;31.25;26.81;26.81;17875228;528900064.00
20150702;25.20;27.03;24.13;24.13;12830714;320800128.00
20150703;23.00;25.00;21.72;21.72;18981494;430247488.00
20150706;23.89;23.89;19.55;19.55;18179234;388553664.00
20150707;18.10;18.10;17.60;17.60;4062600;71893416.00
20150717;19.34;19.34;19.34;19.34;142736;2760514.25
20150720;21.27;21.27;21.27;21.27;161070;3425959.00
20150721;23.40;23.40;23.14;23.40;19161414;448306688.00
20150722;25.50;25.74;25.00;25.74;11656563;297409184.00
20150723;28.18;28.31;26.21;28.31;40332229;1102693632.00
20150724;28.28;30.42;27.50;28.70;31403511;919232192.00
20150727;27.88;30.30;25.83;25.83;26884769;763590016.00
20150728;23.71;27.80;23.71;26.81;29233677;754154048.00
20150729;27.68;29.45;25.10;29.40;27943783;772555200.00
20150730;28.73;29.50;26.71;26.85;25063606;714741760.00
20150731;25.90;27.50;24.20;24.84;16942356;440664960.00
20150803;24.00;24.00;22.36;22.36;10941735;249749728.00
20150804;21.82;24.60;21.82;24.60;20117821;470142272.00
20150805;24.79;25.44;23.30;23.80;19559636;479820384.00
20150806;22.60;23.95;22.22;22.97;12058743;279027200.00
20150807;23.80;24.80;23.40;24.64;17240344;417830784.00
20150810;24.99;27.06;24.64;26.60;18581895;480044288.00
20150811;26.13;27.80;26.00;26.87;20522910;553785280.00
20150812;26.30;28.85;26.13;27.69;23310900;649300416.00
20150813;27.25;28.15;25.70;28.02;23311964;629796416.00
20150814;28.02;28.28;26.80;27.10;15493676;425564416.00
20150817;27.05;28.30;26.12;27.80;16966251;460618688.00
20150818;27.86;30.19;25.10;25.60;30053512;852728576.00
20150819;24.30;27.04;23.04;26.60;23833612;588874624.00
20150820;25.80;26.64;24.51;24.59;15546273;398184928.00
20150821;23.89;24.29;22.40;22.43;12250980;286716800.00
20150824;21.30;21.49;20.19;20.19;7500665;153270304.00
20150825;18.17;18.90;18.17;18.17;9062819;165823296.00
20150826;18.01;18.85;16.35;16.35;13996101;245407568.00
20150827;17.12;17.38;14.92;16.99;12527383;206708912.00
20150828;17.50;18.69;17.21;18.69;15040603;268453376.00
20150831;18.77;19.33;17.79;17.79;16675461;313258272.00
20150901;17.80;17.80;16.01;16.01;11286737;186960288.00
20150902;14.44;16.88;14.41;14.43;14188656;215084720.00
20150907;15.01;15.87;14.88;15.87;17671026;276275168.00
20150908;15.69;17.46;15.45;17.46;15511705;253702160.00
20150909;17.90;19.18;17.69;18.39;21244009;390429248.00
20150910;18.00;18.21;17.59;17.64;13950356;249511840.00
20150911;17.40;18.70;17.40;18.19;13686868;248660160.00
20150914;18.30;18.38;16.37;16.37;11456794;195930272.00
20150915;15.35;15.94;14.73;14.73;11498140;173499456.00
20150916;15.00;16.20;14.55;16.20;14260445;219899024.00
20150917;16.50;17.55;16.10;16.17;17818612;300514976.00
20150918;16.42;16.90;15.66;16.77;13443683;220383936.00
20150921;16.20;18.25;16.05;18.20;15662358;272856704.00
20150922;18.33;18.66;17.47;18.10;18065955;327593824.00
20150923;17.55;18.73;17.48;18.20;17253287;312908800.00
20150924;18.45;19.50;18.01;19.13;21784611;410365792.00
20150925;18.78;19.00;17.23;17.55;19558240;352505344.00
20150928;17.75;18.73;17.40;18.61;13746953;248781040.00
20150929;18.10;18.48;17.50;17.88;10386455;186720048.00
20150930;18.20;18.58;17.65;18.06;10740389;195129680.00
20151008;18.90;19.67;18.50;19.15;14192329;270913600.00
20151009;19.20;20.37;19.01;19.78;17782693;351173088.00
20151012;20.20;21.18;20.10;20.98;17742307;368089376.00
20151013;20.59;21.48;20.45;21.25;17162259;361493888.00
20151014;20.92;21.19;20.13;20.20;16063912;330378752.00
20151015;19.83;21.52;19.66;21.45;18357793;381136000.00
20151016;21.89;21.99;20.68;21.37;18839983;399880320.00
20151019;21.38;21.38;20.36;20.76;14840706;308318016.00
20151020;20.77;22.84;20.77;22.84;28592879;633411520.00
20151021;22.88;24.39;20.89;21.45;38380078;878731392.00
20151022;21.45;23.60;21.45;23.60;35209731;813624896.00
20151023;24.40;25.96;23.90;25.96;37913013;936704320.00
20151026;27.30;27.30;25.00;26.11;32279977;849378880.00
20151027;25.51;26.14;23.88;25.50;22811210;571265856.00
20151028;25.28;26.28;24.01;24.40;19748010;496084608.00
20151029;24.85;25.13;23.88;24.38;14907563;366083584.00
20151030;24.60;25.50;24.11;24.85;19092012;476462368.00
20151102;24.00;24.79;22.68;22.90;15528245;368974624.00
20151103;23.05;23.37;22.30;22.86;11016261;252092816.00
20151104;23.09;25.15;23.09;25.15;19848896;485573824.00
20151105;25.28;25.75;24.18;24.70;20114628;501590752.00
20151106;24.69;26.78;24.53;25.71;19783044;513109728.00
20151109;25.05;26.57;24.38;26.23;23904115;614851648.00
20151110;26.00;26.86;25.46;26.34;20680492;543880128.00
20151111;27.10;27.49;26.10;26.98;20699915;554388800.00
20151112;26.71;28.31;25.66;27.45;27390126;735894976.00
20151113;26.78;28.29;26.00;26.95;23168997;630519936.00
20151116;27.20;29.65;26.72;29.65;29738582;849890944.00
20151117;30.75;32.00;28.50;28.58;36715448;1110350080.00
20151118;28.30;29.50;27.58;27.90;18439611;529141632.00
20151119;28.13;29.72;27.92;29.47;17362613;499814176.00
20151120;29.19;29.73;28.41;29.21;18213457;528092640.00
20151123;29.71;30.78;28.63;28.88;20081238;600607936.00
20151124;29.35;29.58;28.21;29.31;11823599;342332128.00
20151125;29.29;30.59;29.00;29.96;16411098;487796288.00
20151126;30.10;30.18;28.80;28.80;16241068;476344288.00
20151127;28.60;28.61;25.92;25.92;17853803;484732448.00
20151130;25.96;26.40;23.50;25.61;13316103;335161664.00
20151201;25.61;26.33;25.28;25.87;10296813;265224704.00
20151202;25.86;25.96;23.96;25.03;8616743;215364384.00
20151203;25.50;26.20;25.28;26.20;8329324;215090528.00
20151204;26.20;26.96;25.83;26.21;9922104;262192656.00
20151207;26.40;26.89;26.03;26.69;7771741;206567600.00
20151208;27.98;29.36;27.65;29.36;11049738;320765312.00
20151209;29.99;30.60;28.00;28.60;26876253;785057472.00
20151210;28.60;28.90;27.80;28.00;14615748;412722848.00
20151211;27.91;27.91;26.52;26.60;10810883;294205696.00
20151214;26.00;27.43;25.75;27.28;8918992;234293840.00
20151215;27.35;27.99;27.02;27.33;8412630;231834880.00
20151216;27.62;28.46;27.40;27.61;9932279;276870272.00
20151217;27.77;28.68;27.77;28.61;13583737;384555968.00
20151218;29.13;29.53;28.01;28.22;13597134;390516384.00
20151221;28.00;28.07;27.29;27.91;9426511;260664992.00
20151222;28.00;28.45;27.38;28.24;9715391;272023328.00
20151223;28.39;29.30;28.18;28.30;14278395;410140864.00
20151224;27.90;28.00;26.40;27.61;9830056;267665072.00
20151225;27.41;27.95;27.04;27.40;6124184;168490992.00
20151228;27.58;27.98;26.80;26.81;7973726;219327920.00
20151229;27.00;27.33;26.52;27.33;5674735;153109008.00
20151230;27.36;28.59;27.36;28.54;12318683;346491296.00
20151231;28.72;28.84;27.26;27.29;8739441;244667520.00
20160104;27.50;27.50;24.56;24.56;8537650;217930976.00
20160105;23.00;24.75;22.10;23.17;10650824;248377744.00
20160106;23.55;23.75;22.59;23.68;7661275;178730112.00
20160107;23.40;23.40;21.31;21.31;2200900;48504204.00
20160108;22.00;22.30;19.38;20.77;9408994;197524816.00
20160111;19.95;20.38;18.69;18.69;7341367;141816864.00
20160112;18.53;19.17;17.70;18.96;6207061;116226944.00
20160113;19.26;19.50;17.20;17.20;5876233;108518800.00
20160114;16.40;18.70;16.16;18.58;8409364;149069376.00
20160115;18.55;18.88;17.51;17.95;7111631;130049176.00
20160118;17.70;19.50;17.27;19.08;8919604;167522944.00
20160119;18.72;19.95;18.50;19.86;10189835;195903760.00
20160120;19.67;19.98;19.10;19.47;7991967;156278560.00
20160121;19.13;20.08;18.63;18.63;7891400;153719872.00
20160122;18.79;19.28;18.35;19.13;5532929;104865488.00
20160125;19.47;19.62;19.00;19.29;4854720;93890472.00
20160126;19.00;19.15;17.36;17.36;6347407;115485448.00
20160127;17.48;17.56;15.95;17.34;6408677;107993240.00
20160128;17.30;17.98;16.31;16.68;7707438;134504672.00
20160129;16.50;18.22;16.46;17.79;7218068;126270480.00
20160201;17.75;17.79;16.93;17.42;6123635;106711552.00
20160202;17.31;18.80;17.31;18.39;7512763;137378352.00
20160203;18.00;18.65;17.80;18.45;6509245;118107792.00
20160204;18.63;19.20;18.47;18.94;7311750;138047408.00
20160205;19.03;19.08;18.46;18.72;5207695;97655640.00
20160215;17.75;18.88;17.68;18.61;5127359;93429488.00
20160216;18.90;19.70;18.78;19.55;7356345;142567696.00
20160217;19.49;19.94;19.03;19.84;9020271;175734720.00
20160218;19.91;20.07;19.51;19.63;9030483;178307680.00
20160219;19.50;19.95;19.37;19.62;7604566;149312048.00
20160222;19.93;20.33;19.66;20.31;8540131;170510080.00
20160223;20.70;22.34;20.58;22.01;24913035;541155264.00
20160224;21.56;21.69;20.25;21.06;17178230;361563360.00
20160225;20.79;20.86;18.95;18.95;11376358;224213392.00
20160226;19.10;19.32;17.71;18.30;8205567;152566368.00
20160229;18.03;18.19;16.47;16.58;8191099;138046704.00
20160301;16.70;17.50;16.20;17.31;7886243;133510640.00
20160302;17.15;18.45;17.10;18.26;8473890;150325968.00
20160303;18.22;18.96;18.00;18.04;8433645;155343152.00
20160304;18.03;18.18;16.56;16.87;8639525;150049824.00
20160307;17.10;17.99;17.10;17.60;6172530;108654272.00
20160308;17.31;18.42;16.50;18.33;9544994;168450112.00
20160309;17.86;18.66;17.60;18.07;8624607;157000880.00
20160310;18.43;19.00;18.00;18.15;11283234;209020608.00
20160311;17.69;18.18;17.40;18.14;6759282;120532048.00
20160314;18.53;19.45;18.24;19.25;11161033;213059024.00
20160315;19.26;19.27;18.68;18.73;7690915;145801024.00
20160316;19.10;19.80;18.18;19.03;10932784;207641328.00
20160317;18.94;20.10;18.85;19.90;15657330;307693312.00
20160318;19.98;20.98;19.73;20.79;16081366;328067680.00
20160321;21.40;21.66;20.56;21.48;16475549;346783712.00
20160322;21.00;21.69;20.88;21.06;12738303;271052064.00
20160323;20.95;21.68;20.85;21.35;11052103;234951840.00
20160324;21.08;21.30;20.55;20.62;10606354;222317264.00
20160325;20.41;21.85;20.41;21.73;15424047;329393088.00
20160328;22.00;22.45;21.00;21.19;12557760;273112896.00
20160329;21.28;21.38;19.91;20.16;11042657;226410496.00
20160330;20.48;22.18;20.37;22.18;10160646;218245440.00
20160331;23.60;24.40;22.85;22.98;32658503;773262528.00
20160401;23.00;24.96;22.82;24.69;29921052;721644800.00
20160405;24.01;25.55;23.81;25.03;25696058;639936192.00
20160406;24.60;26.00;24.50;25.12;20179532;509639200.00
20160407;24.90;25.29;24.03;24.38;16750933;413050464.00
20160408;24.31;26.36;24.11;25.10;24305412;612911744.00
20160411;25.15;25.78;24.76;25.21;17364789;439029984.00
20160412;25.00;25.14;23.96;24.51;12771126;312274208.00
20160413;24.69;25.47;24.53;24.89;15096831;379800000.00
20160414;24.85;25.80;24.85;25.26;12294825;310839648.00
20160415;25.30;25.41;24.62;24.99;9346618;233196800.00
20160418;24.70;24.82;24.03;24.46;8699174;211809280.00
20160419;24.71;25.11;24.42;24.96;9880291;245541552.00
20160420;25.07;25.16;22.50;23.04;13954942;330966880.00
20160421;22.78;23.05;21.69;21.84;11662975;261565216.00
20160422;21.59;22.18;21.54;22.18;7949264;174269536.00
20160425;22.15;22.15;21.20;21.83;5924565;128449592.00
20160426;21.65;22.28;21.14;22.27;13096195;283009568.00
20160427;21.95;22.20;21.61;21.66;9510500;208250432.00
20160428;21.61;21.95;21.03;21.90;8180436;176326736.00
20160429;14.50;15.23;14.38;14.65;14537800;215910560.00
20160503;14.50;15.39;14.20;15.30;18823561;281338400.00
20160504;15.20;15.38;15.02;15.12;13279215;201809568.00
20160505;15.10;15.43;15.02;15.36;13347374;204238768.00
20160506;15.37;15.44;14.18;14.18;18391851;273056864.00
20160509;13.98;14.00;13.10;13.28;12613933;169840320.00
20160510;13.26;13.49;13.02;13.18;8008438;106484264.00
20160511;13.39;13.39;12.88;12.97;7752267;101660864.00
