20100226;85.01;87.00;81.00;81.30;12963499;1073550528.00
20100301;83.99;88.56;83.00;86.98;6775852;577723968.00
20100302;87.11;92.77;87.11;91.46;5516096;497341888.00
20100303;95.60;97.20;93.19;94.15;3656028;348331072.00
20100304;94.10;97.67;93.51;96.77;3085316;296046592.00
20100305;95.00;96.56;94.16;95.15;2125166;202585920.00
20100308;95.46;97.21;92.82;93.30;2331134;219011360.00
20100309;92.80;96.00;92.69;95.35;1483120;139633520.00
20100310;95.00;97.60;93.56;93.91;1431281;136348032.00
20100311;93.50;99.96;93.03;98.88;1905095;183491888.00
20100312;98.88;100.87;94.23;95.00;1878946;183083952.00
20100315;94.52;100.38;94.52;98.30;1788534;175244928.00
20100316;98.00;103.80;97.38;100.10;1656665;167107040.00
20100317;100.01;103.58;99.09;102.29;930930;94548456.00
20100318;102.78;111.70;102.01;108.25;1535791;164175904.00
20100319;106.00;109.87;106.00;108.47;816985;87933688.00
20100322;109.00;109.40;105.50;107.39;873933;93505176.00
20100323;107.00;110.00;103.60;107.56;937061;99988968.00
20100324;107.60;114.08;107.60;109.30;1504687;167722736.00
20100325;108.99;113.30;107.77;111.55;1166320;129844448.00
20100326;108.51;111.52;107.00;110.29;833080;90847560.00
20100329;110.50;117.30;109.58;117.26;1474049;167699152.00
20100330;117.35;121.00;116.00;119.60;1002075;118684312.00
20100331;119.00;131.56;118.01;127.50;1185771;149322976.00
20100401;128.09;129.88;123.15;123.80;1179714;149636416.00
20100402;121.90;123.00;118.55;120.10;1430261;173186208.00
20100406;121.23;128.80;119.88;127.39;1123340;140480064.00
20100407;127.45;132.69;127.10;131.50;1091119;141936000.00
20100408;131.55;138.00;129.72;130.00;1103157;148439664.00
20100409;130.00;135.99;127.60;135.88;859135;112830424.00
20100412;135.94;137.77;131.42;136.46;933134;125589328.00
20100413;136.00;137.50;123.00;130.00;1735043;227275360.00
20100414;129.80;131.99;127.00;130.00;760178;98395200.00
20100415;130.00;130.60;123.53;127.30;1042224;132003952.00
20100416;125.80;136.00;124.01;134.60;674243;89253000.00
20100419;133.00;140.80;131.00;131.47;1000126;136117456.00
20100420;131.47;137.27;125.00;135.16;850937;111893744.00
20100421;134.71;138.48;131.00;136.70;1130920;152897104.00
20100422;137.13;146.58;136.36;141.80;1242900;176715264.00
20100423;138.50;149.90;138.50;145.51;1257595;181904720.00
20100426;145.60;145.60;130.96;130.96;1983080;272175616.00
20100427;127.20;129.66;118.33;127.40;1533261;189559840.00
20100428;125.40;126.88;114.77;121.88;1559216;188013136.00
20100429;121.49;123.99;116.00;116.37;712872;85302408.00
20100430;116.00;119.11;111.50;117.90;727836;83923048.00
20100504;112.20;120.43;112.20;120.00;600056;70136240.00
20100505;118.05;127.67;118.05;125.48;683390;84979912.00
20100506;126.00;129.98;123.26;124.00;705595;88993936.00
20100507;121.08;125.90;115.10;120.00;845455;101381944.00
20100510;120.99;120.99;116.01;120.76;399646;47028340.00
20100511;123.50;123.88;115.01;116.20;405461;48453480.00
20100512;112.26;113.88;105.22;106.58;1150291;125522536.00
20100514;107.59;109.78;100.54;108.49;929084;97690696.00
20100517;105.98;108.28;102.00;102.00;455989;47903368.00
20100518;102.20;105.50;99.51;104.10;656956;67423928.00
20100519;102.65;112.95;102.65;112.00;505773;55352540.00
20100520;109.50;115.00;106.00;106.90;441557;48658376.00
20100521;103.18;115.86;101.25;114.55;574740;63714696.00
20100524;115.60;121.10;114.55;119.49;796605;94557800.00
20100525;116.00;122.00;116.00;116.50;286782;34012172.00
20100526;115.00;120.58;112.18;119.50;2091637;241568560.00
20100527;118.08;126.85;115.00;124.00;1180493;143707184.00
20100528;124.90;128.30;122.00;122.00;711113;89071248.00
20100531;123.82;126.00;116.24;116.25;698797;84737360.00
20100601;115.00;118.48;112.50;114.89;553745;63556540.00
20100602;114.79;116.88;112.73;116.88;488197;56093440.00
20100603;117.77;123.40;117.56;119.06;616379;74043656.00
20100604;91.35;92.00;87.00;91.00;722707;64322052.00
20100607;88.50;95.20;88.01;94.09;805975;74746096.00
20100608;93.79;94.88;91.87;93.26;359055;33450450.00
20100609;93.41;98.24;93.41;95.25;692349;66353136.00
20100610;95.95;100.00;94.23;99.60;1290473;125410168.00
20100611;100.00;100.90;97.00;97.30;680434;66966848.00
20100617;97.46;98.48;90.09;92.00;523290;49224924.00
20100618;91.94;91.94;82.80;82.80;1155854;98756576.00
20100621;82.70;86.88;77.70;85.80;933687;77943304.00
20100622;84.79;86.85;83.60;84.44;492343;42115140.00
20100623;83.85;86.47;82.89;84.85;400668;33925252.00
20100624;85.79;85.79;84.21;84.96;349114;29671450.00
20100625;84.14;84.95;79.60;80.20;394476;32145910.00
20100628;79.69;80.49;77.70;78.15;514179;40322908.00
20100629;77.68;79.08;70.34;70.38;1333826;97779872.00
20100630;68.18;70.08;68.18;69.00;740299;51082892.00
20100701;69.02;69.88;64.60;65.18;1097662;72648896.00
20100702;65.01;65.99;60.32;62.90;1006344;63506784.00
20100705;61.60;63.00;60.60;62.18;542926;33403860.00
20100706;61.89;65.20;61.89;63.88;603185;38621752.00
20100707;63.88;66.40;63.74;66.22;664016;43206244.00
20100708;66.60;67.00;63.66;66.30;597287;38955840.00
20100709;66.13;71.30;65.00;70.86;715842;49440868.00
20100712;70.68;71.66;69.00;69.74;348091;24439278.00
20100713;69.74;69.74;65.01;66.98;781834;52258940.00
20100715;66.98;69.69;65.00;65.23;524312;35545444.00
20100716;65.23;65.51;61.98;65.18;498056;31744222.00
20100719;63.82;66.85;63.37;66.30;436736;28266100.00
20100720;66.32;71.17;66.00;69.45;1095279;75324632.00
20100721;69.33;74.75;69.03;71.01;829736;59413916.00
20100722;71.03;71.89;69.54;71.36;496304;35134672.00
20100723;71.36;72.48;70.00;71.01;373907;26663996.00
20100726;71.50;71.50;69.50;71.01;472234;33252224.00
20100727;71.01;72.30;70.90;71.20;301758;21554246.00
20100728;70.50;72.95;70.50;72.82;639056;46020200.00
20100729;72.95;73.50;71.50;72.05;478288;34625292.00
20100730;72.00;72.47;69.47;70.60;598704;42229212.00
20100802;71.10;72.50;71.10;72.50;786036;56392440.00
20100803;72.67;73.00;70.09;70.09;732912;52550448.00
20100804;70.30;70.86;68.05;70.00;755835;52700504.00
20100805;70.03;74.00;70.00;71.90;1179336;85468296.00
20100806;71.86;75.95;71.51;75.91;1258547;92984088.00
20100809;76.00;76.60;75.11;76.30;912483;69262688.00
20100810;76.00;77.75;73.80;74.39;714295;54038960.00
20100811;74.29;75.97;73.70;75.00;807781;60538232.00
20100812;74.30;77.30;73.00;76.44;892375;67276688.00
20100813;76.31;77.65;75.70;77.56;632033;48581472.00
20100816;77.35;83.00;77.10;82.49;1644341;133109336.00
20100817;81.78;83.15;81.01;82.99;918036;75430576.00
20100818;83.05;84.88;82.40;84.49;1152369;96632336.00
20100819;83.20;85.98;83.20;84.48;680745;57553444.00
20100820;83.50;84.40;80.04;80.38;1043921;85266248.00
20100823;80.33;83.36;78.30;80.00;1682484;135329824.00
20100824;79.11;86.58;79.01;85.00;1094127;91927672.00
20100825;85.00;88.80;84.18;85.30;1510024;130991672.00
20100826;85.02;89.94;84.50;88.80;1126980;100096264.00
20100827;88.30;94.00;88.01;90.99;693636;63430872.00
20100830;91.45;91.45;88.71;90.98;1216705;109429000.00
20100831;89.40;94.00;89.00;90.05;788654;71853624.00
20100901;90.03;90.03;83.18;86.68;804543;70002136.00
20100902;86.90;87.58;84.00;86.30;1126213;96195528.00
20100903;86.30;89.44;84.25;86.40;599279;52255804.00
20100906;86.37;89.26;86.34;88.46;1071413;94675648.00
20100907;88.00;89.20;85.20;88.80;660594;57579524.00
20100908;88.80;88.80;86.85;88.75;464325;40732508.00
20100909;89.03;91.38;87.00;89.00;577016;51487052.00
20100910;87.98;89.99;87.98;89.17;315525;28030240.00
20100913;89.17;90.50;86.50;90.00;914825;81068008.00
20100914;89.50;90.50;87.51;88.40;314149;27789652.00
20100915;89.00;89.20;84.37;88.35;680667;59516968.00
20100916;87.50;88.99;86.01;88.00;292903;25677456.00
20100917;87.50;88.63;85.69;88.00;400018;35011080.00
20100920;87.99;88.18;86.00;88.00;618465;53755624.00
20100921;87.50;87.98;86.01;87.00;222124;19330628.00
20100927;87.10;92.00;86.81;89.60;817039;73441144.00
20100928;89.81;91.80;88.50;89.58;351013;31434060.00
20100929;89.00;91.63;87.60;87.95;290960;26023266.00
20100930;87.20;90.00;87.20;90.00;333895;29582538.00
20101008;89.70;92.89;89.10;89.70;783640;71394280.00
20101011;89.50;89.50;80.74;80.80;1747638;145508080.00
20101012;80.70;85.00;80.00;84.20;887146;73752952.00
20101013;83.69;86.86;81.80;84.34;534317;44825324.00
20101014;85.00;86.00;81.00;85.38;546428;46144108.00
20101015;84.00;88.30;83.73;88.30;929571;80724752.00
20101018;88.01;95.30;88.01;91.29;1510500;139316352.00
20101019;92.49;97.10;90.05;96.70;1218816;115470872.00
20101020;95.00;99.00;91.77;94.90;1280467;121099576.00
20101021;94.90;95.00;92.65;94.00;309888;29011816.00
20101022;93.20;95.20;92.12;92.98;655809;61482852.00
20101025;92.90;94.98;92.10;93.73;694461;65198648.00
20101026;93.59;94.67;91.81;93.91;376482;35108624.00
20101027;93.99;99.22;92.56;98.45;617388;60073100.00
20101028;95.00;101.00;92.00;101.00;967564;94813360.00
20101029;100.00;104.10;98.18;104.00;440806;45168232.00
20101101;103.50;111.19;103.50;107.01;556118;60216292.00
20101102;105.50;107.49;100.00;104.60;558586;58490336.00
20101103;103.63;105.52;102.05;103.50;149119;15503157.00
20101104;103.20;107.38;103.20;107.20;297862;31450426.00
20101105;111.00;111.00;106.33;108.20;379971;40784504.00
20101108;109.00;115.48;107.53;115.20;604625;67842920.00
20101109;114.80;120.32;114.80;119.98;698731;82763144.00
20101110;122.00;125.00;118.48;125.00;697616;84790808.00
20101111;127.00;135.00;127.00;128.66;738077;96303640.00
20101112;126.00;131.00;126.00;130.05;825633;106174640.00
20101115;130.05;137.50;128.60;137.40;514811;68842712.00
20101116;137.80;143.66;136.10;139.90;679943;95269936.00
20101117;138.60;143.00;125.91;125.91;813530;105289328.00
20101118;124.40;132.88;120.00;123.69;651347;80406272.00
20101119;123.70;130.00;122.51;129.00;782420;98881248.00
20101122;128.98;136.00;125.00;135.98;452503;59663392.00
20101123;137.26;137.98;131.18;137.98;821994;110027288.00
20101124;136.59;141.36;134.30;139.90;295279;41120796.00
20101125;139.00;140.50;135.00;135.32;282495;38783056.00
20101126;135.00;135.40;124.55;132.88;1174120;153149312.00
20101129;129.01;133.47;129.01;131.50;343187;45083048.00
20101130;130.29;133.95;127.27;133.88;338734;44090612.00
20101201;133.88;138.50;132.01;138.49;241484;32694424.00
20101202;138.52;140.39;136.51;140.00;238964;33120812.00
20101203;138.72;141.88;138.28;140.96;180139;25294444.00
20101206;141.01;141.66;133.50;139.80;231797;31798652.00
20101207;136.66;150.00;136.66;148.50;289920;42247300.00
20101208;147.10;150.00;144.05;145.29;375156;55318032.00
20101209;145.02;146.10;136.20;139.20;327779;45724800.00
20101210;136.78;139.59;135.98;138.96;106106;14682758.00
20101213;139.51;142.99;138.35;140.95;386959;54142780.00
20101214;141.00;141.51;138.00;140.00;359826;50341276.00
20101215;140.58;140.98;138.01;139.11;223140;31123184.00
20101216;138.51;140.00;136.50;139.11;197641;27462114.00
20101217;137.26;143.50;137.19;143.50;262419;37159496.00
20101220;144.60;145.00;139.00;140.00;96299;13610166.00
20101221;140.01;143.66;138.00;138.99;169380;23560506.00
20101222;139.90;141.49;138.00;140.00;190570;26669906.00
20101223;140.00;140.84;134.50;139.00;191655;26546604.00
20101224;137.01;140.00;133.45;140.00;165741;22719064.00
20101227;138.00;140.80;134.18;139.80;145249;20208514.00
20101228;138.88;140.60;128.13;138.70;282079;38537404.00
20101229;136.55;139.90;135.00;138.68;104811;14512093.00
20101230;137.03;138.50;136.00;136.00;85179;11672940.00
20101231;136.08;137.59;133.02;135.30;279220;37775312.00
20110104;135.00;136.40;130.05;134.50;290064;38455124.00
20110105;134.50;134.50;126.01;128.01;586995;75482488.00
20110106;127.38;132.98;126.06;129.00;280448;36051764.00
20110107;129.87;132.39;124.00;124.00;387769;49491848.00
20110110;125.95;126.00;120.00;124.00;449679;55350464.00
20110111;121.15;123.99;121.15;123.74;92350;11298121.00
20110112;123.00;124.65;120.21;121.05;159625;19428774.00
20110113;122.26;125.99;120.61;125.98;175641;21753644.00
20110114;125.88;129.58;124.78;126.10;58219;7406361.50
20110117;125.11;126.97;118.00;123.88;185868;22671290.00
20110118;122.02;127.00;118.33;122.50;86554;10496777.00
20110119;121.48;124.49;120.00;123.12;115908;14182971.00
20110120;122.99;122.99;118.00;122.50;99270;11993581.00
20110121;120.68;122.98;120.68;121.50;198276;24140360.00
20110124;120.40;121.97;109.51;118.69;383142;45410668.00
20110125;116.84;117.50;110.02;117.40;275904;31512882.00
20110126;118.99;119.00;114.45;118.87;61283;7229464.00
20110127;118.79;126.50;116.88;124.50;121365;15104175.00
20110128;125.45;125.45;122.00;124.68;84252;10457043.00
20110131;124.85;127.31;124.51;126.30;57335;7237535.50
20110201;126.29;126.39;125.00;126.28;44420;5579139.00
20110209;125.03;126.35;124.18;125.68;27651;3459825.75
20110210;123.67;125.68;123.60;125.68;36462;4548313.00
20110211;124.21;128.33;123.01;128.01;162972;20689696.00
20110214;128.80;131.87;128.05;130.18;199033;25928108.00
20110215;128.98;129.99;127.90;127.90;73410;9444086.00
20110216;127.40;128.53;126.30;127.53;67544;8574513.00
20110217;127.98;130.00;126.14;129.99;141340;18166790.00
20110218;129.30;129.30;127.52;128.69;37163;4767108.50
20110221;128.00;129.88;127.35;127.80;85184;10957849.00
20110222;128.20;129.97;125.22;129.50;111551;14238960.00
20110223;127.01;129.92;127.01;128.97;130637;16877936.00
20110224;127.50;128.99;123.00;125.70;149580;18798618.00
20110225;125.00;125.00;120.33;123.39;219380;26775118.00
20110228;120.95;123.00;120.20;120.20;192823;23390706.00
20110301;120.00;120.00;115.85;118.60;347617;40606192.00
20110302;117.10;118.80;116.00;117.26;58746;6866576.50
20110303;116.58;118.20;112.50;113.86;199808;22844964.00
20110304;111.20;113.97;109.55;113.00;185423;20636498.00
20110307;112.80;113.00;109.52;111.90;344515;38182700.00
20110308;110.90;111.79;107.50;109.89;503437;54724156.00
20110309;109.65;109.93;106.80;109.15;355890;38478004.00
20110310;108.50;111.35;108.11;110.99;346379;38241340.00
20110311;110.47;114.80;109.85;113.35;339911;38560948.00
20110314;113.35;114.91;112.00;112.60;180539;20471522.00
20110315;111.56;115.26;109.00;113.19;407669;45564640.00
20110316;113.16;113.88;112.01;112.20;133350;14984746.00
20110317;112.00;112.00;108.00;109.00;219928;23974140.00
20110318;108.88;110.00;108.20;110.00;104679;11433393.00
20110321;109.49;110.00;107.00;110.00;60043;6518173.00
20110322;108.51;115.00;108.00;115.00;122005;13576883.00
20110323;112.00;115.18;111.16;114.40;168842;19224924.00
20110324;114.40;114.50;112.61;114.00;95206;10822755.00
20110325;114.00;115.59;113.08;115.10;185793;21343872.00
20110328;113.85;114.83;112.80;113.11;144139;16402599.00
20110329;112.65;112.65;106.22;112.00;135830;15136465.00
20110330;108.53;110.95;108.20;109.29;98584;10755273.00
20110331;108.25;109.38;107.90;109.00;101119;10982195.00
20110401;109.00;109.00;105.34;107.90;259694;27732154.00
20110406;105.10;107.15;104.00;107.00;175900;18604016.00
20110407;105.56;107.15;102.16;106.93;294903;30876450.00
20110408;105.80;109.50;104.01;108.88;330534;35523476.00
20110412;107.88;116.62;107.88;113.90;382648;43743452.00
20110413;113.90;115.79;113.00;114.40;190623;21808730.00
20110414;113.99;117.66;113.98;117.15;555352;64524532.00
20110415;117.15;119.98;115.42;119.50;256182;30136902.00
20110418;119.80;120.03;119.01;120.03;153350;18343594.00
20110419;119.70;120.99;117.50;120.00;169550;20299894.00
20110420;120.00;122.96;119.00;120.00;88390;10618690.00
20110421;120.00;120.66;117.50;119.90;144612;17294584.00
20110422;119.99;120.20;118.01;119.00;29119;3445649.00
20110425;118.00;118.01;114.18;115.08;56716;6570867.50
20110426;113.12;115.50;112.66;113.80;45469;5175705.50
20110427;113.48;113.78;110.55;112.98;20822;2341240.75
20110428;112.97;112.99;103.00;108.86;168262;17897586.00
20110429;103.80;108.86;103.80;108.86;55519;5924855.00
20110503;108.00;110.85;107.98;108.88;81335;8844972.00
20110504;108.98;109.99;107.11;108.00;75800;8275266.50
20110505;106.99;108.97;106.99;108.91;45734;4943927.50
20110506;107.00;109.91;107.00;108.00;61896;6754384.50
20110509;107.01;107.81;105.88;106.00;70440;7474826.50
20110510;104.00;105.49;102.51;104.40;109367;11329738.00
20110511;103.91;105.97;103.90;104.99;78451;8277709.00
20110512;104.60;105.70;103.00;103.99;67200;6977964.00
20110516;102.51;106.60;102.51;103.65;51651;5380190.50
20110517;102.66;104.24;102.20;103.62;61008;6276548.00
20110518;102.93;104.00;102.80;103.80;39004;4025993.25
20110519;103.99;103.99;102.00;103.70;80910;8320136.00
20110520;103.88;104.00;102.38;103.70;83554;8645560.00
20110523;103.98;104.66;102.00;103.00;59750;6140376.00
20110524;102.96;105.00;102.96;105.00;156492;16261296.00
20110525;104.01;114.70;104.01;108.00;130787;14297466.00
20110526;108.48;112.71;105.01;108.20;99021;10809198.00
20110527;51.03;54.99;51.03;51.80;218073;11468849.00
20110530;49.41;51.69;49.41;51.26;133801;6779179.00
20110531;51.20;51.28;48.56;51.00;240868;12000118.00
20110601;49.02;50.98;49.02;50.24;81910;4118386.75
20110602;49.10;50.79;48.90;50.20;108250;5368567.00
20110603;49.28;50.79;49.28;50.20;155721;7804823.00
20110607;49.99;51.50;49.84;51.00;190825;9731620.00
20110608;52.00;52.00;50.45;51.03;282405;14408056.00
20110609;51.48;51.49;50.40;50.56;113058;5737659.50
20110610;50.56;50.56;49.20;50.30;98882;4946915.00
20110613;50.87;50.87;49.75;50.05;94240;4721694.00
20110614;50.74;51.00;49.91;50.17;214516;10748886.00
20110615;50.05;50.36;49.25;49.60;225352;11260377.00
20110616;49.60;49.60;48.57;48.96;109898;5371799.00
20110617;48.96;49.46;48.50;48.80;91820;4485383.00
20110620;48.10;48.97;45.35;47.50;281692;13087611.00
20110621;46.98;47.80;45.67;47.75;230106;10790121.00
20110622;47.96;47.96;46.65;47.10;61200;2876742.00
20110623;46.18;47.60;46.18;47.48;350718;16516005.00
20110624;46.70;48.10;46.56;48.00;608076;28894072.00
20110627;47.29;48.20;47.29;48.00;235996;11298883.00
20110628;47.91;47.92;47.00;47.08;301516;14272202.00
20110629;47.10;47.10;44.88;45.90;654523;30062400.00
20110630;45.00;46.60;43.75;46.60;1079123;48583596.00
20110701;45.60;46.18;45.13;45.79;824328;37667916.00
20110704;45.50;46.15;45.44;46.06;1013158;46573528.00
20110705;46.27;47.19;45.79;45.97;932185;43263748.00
20110706;46.25;46.45;45.71;46.15;589855;27140362.00
20110707;45.81;47.50;45.81;46.78;962201;45048892.00
20110708;46.75;47.87;46.10;46.86;573848;26999278.00
20110711;47.00;47.28;45.83;46.32;680801;31499376.00
20110712;46.01;46.01;44.52;45.50;429698;19439160.00
20110713;45.01;45.76;44.70;45.61;557463;25229424.00
20110714;45.78;46.48;45.03;46.39;819998;37672888.00
20110715;46.50;47.99;46.20;47.60;1419947;67325528.00
20110718;47.90;49.28;47.90;48.71;1477559;71821072.00
20110719;48.95;48.95;46.90;47.50;672592;32051494.00
20110720;47.80;48.35;46.91;47.40;1247861;59058532.00
20110721;47.60;47.60;45.60;45.82;657372;30357940.00
20110722;45.80;46.07;45.36;45.50;648791;29537532.00
20110726;44.00;44.49;43.00;44.16;670835;29334134.00
20110727;44.03;45.19;43.50;45.10;482045;21531400.00
20110728;45.10;45.92;44.64;45.50;593048;26952708.00
20110729;45.60;45.98;44.51;44.73;398375;17963772.00
20110801;44.73;45.80;44.00;44.28;446242;19789000.00
20110802;44.01;44.38;43.21;44.37;305853;13348192.00
20110803;44.00;46.23;43.50;45.56;663321;30089424.00
20110804;45.50;46.34;44.80;45.08;412768;18703876.00
20110805;43.80;45.26;43.13;45.15;717766;31986564.00
20110808;44.89;45.45;41.02;42.90;644405;28379824.00
20110809;40.90;43.33;39.13;42.70;683962;28584102.00
20110810;43.49;43.55;42.81;43.19;528744;22818296.00
20110811;41.36;44.38;41.36;43.85;670793;29245438.00
20110812;44.30;44.85;43.86;44.40;718135;31766510.00
20110815;44.34;44.76;44.06;44.48;832634;36983768.00
20110816;44.70;46.99;44.59;46.20;1459461;67060964.00
20110817;46.50;46.60;45.37;45.45;591210;27069022.00
20110818;45.46;45.63;44.03;44.20;451962;20293700.00
20110819;43.46;44.80;43.00;44.80;513176;22500040.00
20110822;44.80;45.68;44.57;44.76;314785;14208334.00
20110823;44.86;45.96;44.68;45.90;648812;29350402.00
20110824;46.04;46.69;45.60;45.83;619464;28632464.00
20110825;46.73;47.97;45.45;45.73;835602;38813844.00
20110826;45.10;46.00;45.00;45.77;536076;24474594.00
20110829;45.53;46.84;45.01;46.22;621414;28768936.00
20110830;46.36;46.80;45.32;45.36;648438;29898170.00
20110831;45.50;45.68;44.01;44.90;335688;14973399.00
20110901;45.03;45.40;44.33;44.55;372294;16766389.00
20110902;43.94;44.73;42.60;43.40;755187;32855534.00
20110905;43.00;43.00;41.00;41.97;351128;14707667.00
20110906;41.50;41.90;40.55;40.89;497668;20373342.00
20110907;41.40;41.80;40.90;41.61;267945;11062461.00
20110908;41.98;43.61;41.80;42.50;737173;31254596.00
20110909;42.19;42.47;41.50;41.69;111581;4680381.00
20110913;40.88;42.80;40.06;40.27;139880;5649254.50
20110914;40.60;40.98;39.70;39.90;250753;10031215.00
20110915;40.05;40.05;39.20;39.67;604862;24061210.00
20110916;40.11;40.11;39.13;39.49;220041;8689373.00
20110919;39.10;39.11;37.01;37.35;313979;11827166.00
20110920;37.20;37.20;35.00;36.35;971680;34755064.00
20110921;35.99;37.00;35.30;36.80;1507720;54401184.00
20110922;36.40;36.40;34.60;34.60;844671;29877074.00
20110923;33.60;33.97;33.08;33.26;531901;17837298.00
20110926;33.47;33.47;31.98;32.30;668026;21772246.00
20110927;32.40;32.70;31.54;32.30;591947;19029948.00
20110928;32.30;32.60;30.23;31.00;702618;22188494.00
20110929;30.56;30.75;29.55;30.27;1054673;31744636.00
20110930;30.26;30.66;29.80;30.65;491802;14921985.00
20111010;30.66;30.82;29.88;29.99;299475;9033065.00
20111011;30.81;31.00;29.02;29.67;637593;19218124.00
20111012;29.51;30.75;29.11;30.71;618120;18739868.00
20111013;30.68;31.56;30.54;31.46;917715;28658676.00
20111014;31.43;31.98;31.02;31.45;616342;19379802.00
20111017;31.43;31.90;31.35;31.70;775369;24526386.00
20111018;31.31;31.79;31.03;31.46;608611;19080232.00
20111019;31.48;31.49;30.22;30.40;263265;8101498.00
20111020;30.39;30.39;28.00;28.59;724691;20929538.00
20111021;28.55;29.02;28.20;28.70;438154;12581495.00
20111024;28.46;29.06;28.04;28.98;237503;6781820.50
20111025;28.70;30.35;28.70;30.19;578136;17229738.00
20111026;30.17;30.97;29.79;30.60;703877;21552046.00
20111027;31.00;31.76;30.61;30.90;687979;21575424.00
20111028;31.70;32.50;31.06;32.39;1166613;37398348.00
20111031;33.49;33.64;32.87;33.16;1265474;42027284.00
20111101;32.98;33.03;31.97;32.70;828954;26998874.00
20111102;31.35;33.69;31.32;33.60;774812;25196222.00
20111103;33.72;35.42;33.35;34.81;1354401;47169360.00
20111104;34.55;35.32;34.38;34.95;824841;28847452.00
20111107;34.95;37.55;34.75;36.44;844581;30738744.00
20111108;36.50;36.85;35.11;35.23;600901;21501504.00
20111109;35.35;35.60;34.07;35.20;854009;29709806.00
20111110;34.40;36.16;34.40;34.55;1106563;39242476.00
20111114;35.30;35.50;34.82;35.44;752344;26500520.00
20111115;35.40;36.07;35.16;36.01;563106;20130466.00
20111116;36.10;36.24;34.02;34.38;584179;20431290.00
20111117;34.48;35.10;34.08;34.30;646138;22341832.00
20111118;33.75;34.18;32.60;32.90;701214;23199304.00
20111121;32.95;33.19;31.10;31.87;541139;17227252.00
20111122;32.03;33.17;32.00;32.36;556545;18049342.00
20111123;32.37;32.52;30.90;31.00;660371;20704684.00
20111124;30.60;31.38;30.06;30.83;485514;14957495.00
20111125;30.84;31.52;30.36;31.14;529200;16424955.00
20111128;31.41;32.09;30.80;30.91;757094;23918478.00
20111129;31.20;31.40;30.81;31.22;499164;15500466.00
20111130;31.25;31.30;29.88;31.24;852729;26016782.00
20111201;31.88;33.10;31.44;31.87;1370314;43979432.00
20111202;31.30;31.66;30.22;30.80;403028;12389143.00
20111205;29.90;30.10;28.29;28.75;330667;9651514.00
20111206;28.75;28.75;27.50;27.95;615596;17178722.00
20111207;27.90;28.11;27.27;27.45;338663;9361953.00
20111208;27.13;28.00;26.50;27.28;491249;13406893.00
20111209;26.99;27.66;26.54;26.80;335366;9029536.00
20111212;26.86;27.19;25.68;25.95;704134;18530004.00
20111213;25.88;25.88;24.00;24.83;749090;18411662.00
20111214;24.47;24.87;24.18;24.48;529473;13045647.00
20111215;24.35;24.98;23.95;24.56;580089;14127516.00
20111216;24.54;25.60;24.31;25.25;590940;14708379.00
20111219;25.25;25.67;24.64;25.67;730761;18300856.00
20111220;25.47;26.15;24.96;24.97;609681;15502078.00
20111221;25.10;25.48;23.60;24.20;855213;20943060.00
20111222;23.81;23.90;21.88;23.39;1501534;34066848.00
20111223;23.01;24.49;22.07;24.02;3536986;81835400.00
20111226;23.80;23.80;23.00;23.06;2183897;51151728.00
20111227;22.90;22.95;20.75;20.75;2511648;53777340.00
20111228;19.89;20.50;19.00;19.40;2383139;46509336.00
20111229;19.50;19.70;18.81;18.95;1375036;26556522.00
20111230;19.00;19.48;19.00;19.20;1195373;23016802.00
20120104;19.40;19.98;18.81;18.81;2150720;41814092.00
20120105;18.50;18.52;17.61;17.72;1541356;27709144.00
20120106;17.31;18.04;17.31;17.83;1293611;22874032.00
20120109;17.83;19.01;17.40;18.82;5387994;98677096.00
20120110;18.80;19.87;18.75;19.79;5796414;111558304.00
20120111;19.78;20.29;19.32;19.54;6084682;119936000.00
20120113;19.35;19.35;17.59;17.59;4275832;77997040.00
20120116;16.52;16.70;15.83;16.00;5243073;85105512.00
20120117;15.98;17.11;15.90;17.07;5925810;98080992.00
20120118;17.30;17.30;15.45;15.56;6713261;110088712.00
20120119;15.51;17.12;15.44;17.12;8612588;144286752.00
20120120;18.00;18.66;17.56;17.88;6307253;113273592.00
20120130;17.98;18.30;17.56;17.94;3928573;70738944.00
20120131;17.80;17.96;17.08;17.57;4049201;70380976.00
20120201;17.48;18.05;17.35;17.69;3594490;63656428.00
20120202;17.70;18.88;17.69;18.48;5032644;91813776.00
20120203;18.39;19.34;18.26;19.14;5917876;111493408.00
20120206;19.20;19.68;18.83;19.14;5367218;103361696.00
20120207;19.00;19.00;18.39;18.53;3933599;73227904.00
20120208;18.50;20.38;18.41;19.42;10846072;212668064.00
20120209;19.46;20.48;19.32;20.00;9215786;183144624.00
20120210;19.95;20.18;19.60;19.85;5518217;109735464.00
20120213;19.61;21.10;19.61;20.80;7909067;162966880.00
20120214;20.87;20.87;20.38;20.85;4278192;88111640.00
20120215;20.79;21.19;20.44;21.14;4823038;100698760.00
20120216;21.08;21.85;20.25;20.55;6077398;127172712.00
20120217;20.70;20.76;20.01;20.38;4600157;93333472.00
20120220;20.79;20.79;20.22;20.34;4637186;94913544.00
20120221;20.35;20.87;20.08;20.87;4805872;98147512.00
20120222;20.80;21.62;20.80;21.49;6656009;141820352.00
20120223;21.74;22.38;21.02;21.48;6843913;148682352.00
20120224;21.60;21.94;21.23;21.69;5081735;109569656.00
20120227;21.69;21.94;21.42;21.44;6078253;131498288.00
20120228;21.24;21.38;20.42;20.95;5565357;116228752.00
20120229;20.79;20.85;20.37;20.78;3136484;64813848.00
20120301;20.70;21.20;20.56;20.98;3289381;69042736.00
20120302;21.00;21.56;21.00;21.56;4190926;89195488.00
20120305;21.94;21.95;21.14;21.26;4756557;102659680.00
20120306;21.00;21.10;20.40;20.72;4195068;86781368.00
20120307;20.51;21.20;20.30;20.70;3806158;79388128.00
20120308;20.65;21.38;20.65;21.18;3262644;68716848.00
20120309;21.29;21.88;21.06;21.85;5517258;118160112.00
20120312;21.80;22.18;21.40;21.88;4825698;104949016.00
20120313;21.96;23.20;21.66;22.90;6474292;144785488.00
20120314;23.15;23.17;20.69;21.09;8192675;181316992.00
20120315;20.91;21.16;19.66;19.93;4890113;99028608.00
20120316;19.94;20.55;19.54;20.36;3766871;75994032.00
20120319;20.15;20.41;19.83;20.38;3122151;62972364.00
20120320;20.35;20.35;19.25;19.25;3582329;70531168.00
20120321;19.15;19.43;18.40;18.73;4683147;88181912.00
20120322;18.73;19.03;18.58;18.73;2701878;50849600.00
20120323;18.52;18.69;18.03;18.24;2876957;52660036.00
20120326;18.29;18.36;18.05;18.27;1671818;30406294.00
20120327;18.49;18.63;18.32;18.42;2400649;44373408.00
20120328;18.35;18.38;17.51;17.52;3106711;55543704.00
20120329;17.32;17.32;16.60;16.85;2526207;43078668.00
20120330;16.65;17.05;16.46;16.60;1759039;29324256.00
20120405;16.65;17.24;16.60;17.13;2150637;36583752.00
20120406;17.12;17.43;16.96;17.19;2080061;35730916.00
20120409;17.14;17.14;16.71;16.74;1507934;25512412.00
20120410;16.60;17.08;16.00;17.08;2212029;36472220.00
20120411;16.70;17.09;16.61;16.99;1754239;29631798.00
20120412;16.99;17.43;16.99;17.39;2338354;40291404.00
20120413;17.45;18.09;17.45;18.03;3462804;61854724.00
20120416;17.90;17.97;17.56;17.77;1984193;35298604.00
20120417;17.77;18.46;17.77;17.95;2665045;48306360.00
20120418;18.04;18.48;17.78;18.36;3495692;63579260.00
20120419;18.40;18.68;18.16;18.29;2529998;46604044.00
20120420;18.18;18.45;18.10;18.37;2133598;38984572.00
20120423;18.19;18.19;16.53;16.53;5644077;95560200.00
20120424;16.20;16.36;15.55;16.26;3694468;58856072.00
20120425;16.19;16.53;15.87;16.35;2294585;37138088.00
20120426;16.57;16.58;16.10;16.29;1561768;25429632.00
20120427;16.30;16.55;16.20;16.41;1204475;19748412.00
20120502;16.80;16.82;16.46;16.53;1611337;26769896.00
20120503;16.55;16.56;16.02;16.30;1826988;29776554.00
20120504;16.54;17.18;16.54;16.99;3913897;66343380.00
20120507;17.01;18.69;16.91;18.69;8748088;160740704.00
20120508;19.37;20.56;19.23;20.56;10945975;221529952.00
20120509;21.00;21.16;19.66;19.99;14276913;289663168.00
20120510;19.58;19.86;19.26;19.73;6770465;132812712.00
20120511;19.62;20.50;19.28;19.69;7832183;155600000.00
20120514;19.67;21.66;19.43;20.86;10431754;214702384.00
20120515;20.38;20.59;19.95;20.25;5403846;109134008.00
20120516;20.22;21.18;20.01;20.40;5357426;110134056.00
20120517;20.45;22.30;20.43;21.84;8874722;189741216.00
20120518;21.50;24.02;21.38;23.30;13393563;310820416.00
20120521;23.31;23.43;21.59;21.60;9685195;214547632.00
20120522;21.45;22.35;21.30;21.84;5615944;123053016.00
20120523;21.70;21.70;19.90;20.60;6596862;137108624.00
20120524;20.79;21.72;20.20;21.06;6008694;126125344.00
20120525;20.90;21.78;20.50;20.60;5183778;109576744.00
20120528;20.59;21.39;20.30;21.29;5359169;111906736.00
20120529;21.29;23.42;21.12;23.42;11170643;252612816.00
20120530;23.77;25.76;23.52;24.53;19819857;494787616.00
20120531;24.10;25.78;24.00;24.85;14216271;356528992.00
20120601;24.60;25.46;24.00;24.02;8515886;208021600.00
20120604;23.28;25.33;22.91;24.18;9108356;221072192.00
20120605;24.09;24.34;23.01;23.21;6625982;156173168.00
20120606;23.15;23.93;23.05;23.38;5094666;119944064.00
20120607;23.78;25.19;23.72;24.26;9081488;222207664.00
20120608;24.60;24.60;23.78;24.34;5993692;145135392.00
20120611;24.20;26.65;24.20;26.50;12178065;315840448.00
20120612;26.10;26.48;25.24;25.35;7998847;205131600.00
20120613;25.35;26.27;25.34;25.88;7644430;197388752.00
20120614;25.78;25.80;25.22;25.42;4393112;111902536.00
20120615;25.31;26.38;25.00;26.30;6697993;172166992.00
20120618;26.38;27.36;26.12;26.50;6843757;182871200.00
20120619;26.37;26.37;25.47;25.54;5098577;131346000.00
20120620;25.45;25.90;25.01;25.21;4098327;103857536.00
20120621;25.02;25.20;23.70;23.70;5225703;125830832.00
20120625;23.04;23.89;22.79;22.79;3289564;76825568.00
20120626;22.64;22.77;21.71;22.58;4349130;96699056.00
20120627;22.56;23.05;22.30;22.30;3344247;75838752.00
20120628;22.25;23.05;22.02;22.35;3909122;88215680.00
20120629;22.15;23.10;21.90;23.10;3496915;79424304.00
20120702;23.35;24.60;23.35;24.18;5415994;130589608.00
20120703;24.22;24.48;23.61;24.15;4323129;103992976.00
20120704;24.18;24.57;23.69;23.91;3046108;73145864.00
20120705;23.78;24.45;23.70;23.87;4768440;114760856.00
20120706;24.01;24.16;22.01;23.10;5446457;124740728.00
20120709;22.88;22.88;21.55;21.82;2757962;61530264.00
20120710;21.82;22.17;21.60;21.69;1948613;42706052.00
20120711;21.69;21.69;20.70;21.19;2588284;54324220.00
20120712;21.40;22.33;21.35;22.31;3472197;76203928.00
20120713;22.29;22.88;21.75;21.98;3340818;74495048.00
20120716;21.98;21.98;19.78;19.78;3695317;76313536.00
20120717;19.26;19.95;19.00;19.85;1830693;36000356.00
20120718;19.80;19.91;18.70;19.74;2913772;56175452.00
20120719;19.83;20.18;19.50;19.81;2624293;52333448.00
20120720;19.78;20.05;19.23;19.25;1882753;36906648.00
20120723;19.15;19.55;18.76;19.30;1403518;27068936.00
20120724;19.00;20.19;18.79;19.82;2288477;45056096.00
20120725;19.70;20.60;19.60;19.97;2722420;54889604.00
20120726;19.76;20.39;19.71;19.79;1872119;37374628.00
20120727;19.90;20.12;19.33;19.37;1592052;31216876.00
20120730;19.25;19.59;18.00;18.00;2343591;43600532.00
20120731;17.82;17.98;17.08;17.40;2126881;37035496.00
20120801;17.30;17.98;17.21;17.63;1567743;27746628.00
20120802;17.59;18.20;17.34;17.98;1813038;32149446.00
20120803;18.00;18.47;17.85;18.46;1887073;34378376.00
20120806;18.38;19.12;18.08;19.03;2544732;47879732.00
20120807;19.00;19.34;18.72;19.23;2286839;43589480.00
20120808;19.15;19.28;18.70;19.17;1966994;37389864.00
20120809;19.12;19.48;18.82;19.30;2371712;45630656.00
20120810;19.26;19.26;18.89;18.95;1425213;27165612.00
20120813;18.95;19.17;18.67;18.70;1679510;31778074.00
20120814;18.70;19.21;18.10;19.21;2313118;43176244.00
20120815;19.05;19.58;19.02;19.05;2067656;39842888.00
20120816;19.00;19.35;18.60;18.64;1139689;21521264.00
20120817;18.63;18.63;18.15;18.41;1065985;19539846.00
20120820;18.28;18.76;17.80;18.59;1168891;21410980.00
20120821;18.50;19.86;18.50;19.68;3345028;64632136.00
20120822;20.11;20.77;19.68;19.81;4116298;83314920.00
20120823;19.51;20.09;19.40;19.85;1981880;39077336.00
20120824;19.85;20.03;19.30;19.55;1711181;33628460.00
20120827;19.40;20.29;19.36;19.69;3293889;65630744.00
20120828;20.22;20.48;19.75;20.10;2602762;52280380.00
20120829;20.11;20.45;19.88;20.08;2283834;46128628.00
20120830;19.90;20.16;18.11;18.37;3424018;64823808.00
20120831;18.30;18.69;18.00;18.64;1497001;27473014.00
20120903;18.12;19.02;18.12;18.80;1531338;28624950.00
20120904;18.80;18.90;18.46;18.46;1629469;30441204.00
20120905;18.47;18.60;18.10;18.34;1446299;26553104.00
20120906;18.46;20.17;18.46;20.17;4082045;79671208.00
20120907;21.00;22.00;20.66;21.42;7768550;165839936.00
20120910;21.25;22.85;21.05;22.08;7320939;161101008.00
20120911;21.90;22.23;21.61;22.06;4019270;88092832.00
20120912;22.23;22.41;21.70;22.16;3013873;66360072.00
20120913;22.22;22.50;21.21;21.32;3038401;66659540.00
20120914;21.45;21.91;20.70;21.60;3199849;68424568.00
20120917;21.35;21.35;20.58;20.59;2208489;46395096.00
20120918;20.46;20.98;20.40;20.70;1829176;37930276.00
20120919;20.89;21.19;20.65;20.82;1803519;37690716.00
20120920;20.60;20.85;19.10;19.20;2751236;54978876.00
20120921;19.23;19.39;18.36;18.58;2438364;45887656.00
20120924;18.51;19.16;18.17;19.05;1825765;34115380.00
20120925;18.94;19.18;18.70;18.80;1346949;25548232.00
20120926;18.79;18.99;17.81;17.99;1544113;28188944.00
20120927;17.98;18.87;17.97;18.68;1500093;27639086.00
20120928;18.58;20.55;18.33;20.07;3495613;69209664.00
20121008;19.85;20.33;19.52;19.85;1658312;32826146.00
20121009;19.99;20.53;19.65;20.49;2839357;57424364.00
20121010;20.39;21.18;20.31;20.83;3273056;68311896.00
20121011;20.62;20.75;20.01;20.09;2222359;45351324.00
20121012;20.22;20.58;19.68;20.18;1858084;37326360.00
20121015;20.80;20.80;19.50;19.94;1509841;30276022.00
20121016;19.94;20.19;19.43;19.76;1331370;26455042.00
20121017;19.85;20.23;19.51;19.95;1123939;22306654.00
20121018;19.90;20.48;19.76;20.13;2347630;47522312.00
20121019;20.12;20.25;19.70;19.94;1092879;21825274.00
20121022;19.78;20.10;19.19;20.09;1867627;36619408.00
20121023;19.99;20.46;19.80;19.86;2221538;44853868.00
20121024;19.61;19.68;19.01;19.22;2029343;39319988.00
20121025;19.29;19.55;18.61;18.61;1542731;29331182.00
20121026;18.65;18.78;18.13;18.30;1418251;26066534.00
20121029;18.20;18.65;18.20;18.42;906355;16729672.00
20121030;18.42;18.84;18.42;18.77;1151732;21524980.00
20121031;18.75;18.91;18.41;18.81;768626;14353889.00
20121101;19.10;19.55;19.10;19.25;1460827;28190020.00
20121102;19.07;19.37;18.90;19.19;1417369;27149942.00
20121105;19.18;19.30;18.61;18.78;1081735;20363980.00
20121106;18.70;18.91;18.31;18.80;1097665;20424890.00
20121107;18.78;19.09;18.52;19.07;1166014;21866782.00
20121108;19.00;19.00;18.38;18.44;1189996;22105824.00
20121109;18.36;18.52;17.98;18.08;1041221;18983262.00
20121112;18.20;18.90;18.20;18.40;1896432;35187436.00
20121113;18.40;19.16;18.31;18.58;2722334;51024708.00
20121114;18.50;18.58;17.75;18.28;2232553;40393244.00
20121115;18.00;18.61;17.81;18.02;1474564;26911410.00
20121116;18.40;18.95;18.07;18.60;3398093;63305432.00
20121119;18.60;18.93;18.23;18.85;1982922;37027716.00
20121120;18.94;19.10;18.49;18.91;2701617;50851604.00
20121121;18.90;18.93;18.47;18.83;1952932;36447732.00
20121122;18.75;18.96;18.50;18.57;1515082;28363502.00
20121123;18.65;18.71;18.30;18.47;1257321;23220420.00
20121126;18.51;18.52;17.92;18.10;1349465;24580072.00
20121127;17.98;18.10;16.51;16.55;2188549;37362112.00
20121128;16.51;16.55;15.76;15.87;1798153;28723278.00
20121129;15.96;16.18;15.45;15.69;1225012;19321800.00
20121130;15.51;15.95;15.51;15.89;1045417;16522465.00
20121203;15.89;15.94;15.00;15.08;1353272;20885904.00
20121204;15.04;15.20;14.06;15.18;2318116;33695912.00
20121205;14.89;16.00;14.85;15.90;2367599;37044852.00
20121206;15.86;16.10;15.70;15.84;1269504;20142966.00
20121207;15.85;16.66;15.72;16.47;1866522;30379204.00
20121210;16.47;16.91;16.29;16.66;1936561;32136844.00
20121211;16.52;16.70;16.35;16.35;1279548;21122762.00
20121212;16.35;16.84;16.06;16.78;2175533;35810708.00
20121213;16.82;16.85;16.06;16.26;1414506;23315940.00
20121214;16.24;17.10;16.11;16.93;3178169;53281388.00
20121217;16.94;16.98;16.60;16.72;2169366;36343396.00
20121218;16.74;16.94;16.53;16.68;1821423;30496164.00
20121219;16.70;17.00;16.61;16.85;2038472;34330992.00
20121220;16.77;16.94;16.50;16.86;1831314;30664080.00
20121221;17.00;17.18;16.72;16.95;2343182;39738468.00
20121224;17.16;17.19;16.90;17.05;1814233;30928982.00
20121225;17.01;18.03;16.94;17.77;3805435;67118040.00
20121226;17.79;18.40;17.79;18.37;3818388;68958672.00
20121227;18.63;19.05;18.17;18.40;4389240;81511016.00
20121228;18.40;19.05;17.93;18.45;3752903;69668616.00
20121231;18.45;18.96;18.20;18.30;2248037;41622052.00
20130104;18.36;18.61;17.79;18.00;2162253;39034704.00
20130107;18.20;18.25;17.76;18.23;1583823;28575798.00
20130108;18.28;19.15;18.28;18.63;3569819;66953360.00
20130109;18.50;19.15;18.35;18.50;4269593;80088624.00
20130110;18.54;18.79;18.46;18.72;2284161;42529056.00
20130111;18.90;20.09;18.60;19.66;5250463;100377080.00
20130114;20.13;20.48;19.67;20.29;6168817;124053808.00
20130115;20.20;21.78;20.05;21.19;6527406;137458192.00
20130116;21.14;21.14;20.17;20.47;3866811;79727688.00
20130117;20.45;20.65;19.80;19.83;2778720;55857916.00
20130118;19.80;21.30;19.80;21.00;4674187;96914560.00
20130121;21.06;21.36;20.78;21.05;2685496;56547640.00
20130122;21.14;21.14;20.15;20.20;2509981;51427396.00
20130123;20.22;20.72;19.74;20.50;2289129;46091056.00
20130124;20.40;20.80;19.50;19.89;2965184;59584056.00
20130125;19.82;20.08;19.70;19.99;1417170;28153718.00
20130128;19.98;20.60;19.92;20.56;1912088;38750256.00
20130129;20.81;21.21;20.50;20.58;2711067;56276004.00
20130130;20.48;20.75;19.90;20.01;2242768;45144320.00
20130131;20.10;20.71;19.92;20.48;2175128;44219272.00
20130201;20.30;20.75;20.20;20.44;1753060;35830416.00
20130204;20.43;20.68;19.70;19.80;2464483;49391708.00
20130205;19.68;20.25;19.50;20.04;1334152;26622602.00
20130206;20.05;20.24;19.91;20.08;1318176;26462080.00
20130207;20.01;20.80;19.81;20.59;2653243;54399784.00
20130208;20.65;21.17;20.40;20.96;2532074;52823928.00
20130218;21.73;23.06;21.73;23.06;3044301;69104816.00
20130219;24.60;25.37;23.73;23.87;13338508;328382240.00
20130220;24.45;26.23;24.20;25.40;13170980;334206816.00
20130221;23.81;24.77;23.29;24.24;11023790;265577296.00
20130222;23.98;24.82;23.78;23.95;6890992;167570848.00
20130225;23.95;25.80;23.85;25.09;9437575;235227584.00
20130226;24.75;25.55;23.80;23.80;6138408;151538848.00
20130227;23.66;24.23;22.62;24.00;6650303;156048320.00
20130228;23.90;23.95;23.13;23.82;8931694;210666944.00
20130301;23.90;25.15;23.72;24.80;9375523;229862912.00
20130304;24.60;25.63;23.75;24.11;9734330;242530816.00
20130305;23.90;24.65;23.40;24.37;6294768;151895024.00
20130306;24.60;24.88;23.84;24.44;5608693;136657360.00
20130307;24.20;24.30;22.88;23.43;5125717;121091144.00
20130308;23.37;23.59;22.67;22.95;3084307;71211104.00
20130311;22.88;23.46;22.71;23.01;1956687;45357228.00
20130312;23.21;23.72;21.76;22.30;4373816;98872760.00
20130313;22.00;22.28;21.20;21.59;2532515;54524956.00
20130314;21.56;21.97;21.53;21.72;1693956;36848068.00
20130315;21.72;22.82;21.55;22.50;3178091;70967312.00
20130318;22.48;23.17;22.38;22.44;2404375;54835404.00
20130319;22.65;22.68;21.60;22.00;2466318;54462528.00
20130320;22.04;22.93;21.70;22.80;3285512;73588528.00
20130321;22.73;24.25;22.60;23.55;5799608;136379920.00
20130322;23.59;23.78;23.28;23.45;3456912;81313304.00
20130325;23.51;23.72;22.65;22.72;3267426;75338536.00
20130326;22.59;22.59;21.91;22.15;3138018;69607784.00
20130327;22.30;22.50;21.78;22.15;2939985;64854168.00
20130328;22.15;22.96;21.51;22.03;4392735;98584776.00
20130329;22.00;22.68;22.00;22.20;2144956;47904468.00
20130401;22.37;23.27;22.30;23.03;2527136;57855948.00
20130402;22.83;23.70;22.69;22.93;3741110;86396864.00
20130403;22.90;23.34;21.89;22.23;2452749;54802196.00
20130408;22.03;22.19;21.31;22.02;1981213;42928716.00
20130409;22.08;22.68;22.02;22.59;1447120;32430758.00
20130410;22.59;22.89;22.01;22.39;1427233;31925348.00
20130411;22.40;22.79;22.12;22.64;1738360;39211316.00
20130412;22.41;22.64;22.12;22.33;971398;21749152.00
20130415;22.28;22.58;21.70;22.30;973990;21604802.00
20130416;21.90;22.37;21.41;22.32;1182275;26068782.00
20130417;22.42;23.00;22.35;23.00;2124003;48482064.00
20130418;23.00;24.14;22.70;23.80;4698261;111388152.00
20130419;23.55;24.17;23.55;24.02;3055649;73146344.00
20130422;23.93;24.80;23.66;24.65;4060467;99177560.00
20130423;24.60;24.65;23.73;23.74;3155489;76270104.00
20130424;23.75;24.70;23.75;24.51;2506219;61019940.00
20130425;24.51;24.91;23.75;24.01;3392661;82695328.00
20130426;24.15;24.39;23.30;23.56;1600101;38220344.00
20130502;23.25;24.26;23.25;24.01;1386589;33170474.00
20130503;24.73;26.41;24.73;25.99;5935990;153998544.00
20130506;25.61;27.18;25.57;26.90;5843061;154212784.00
20130507;27.30;29.20;27.30;28.99;7467317;210617888.00
20130508;29.31;30.04;28.61;29.82;6493756;190796224.00
20130509;29.25;30.17;28.66;29.60;5101821;150036352.00
20130510;29.30;30.60;28.72;28.85;3938267;115933584.00
20130513;28.80;29.50;28.22;29.26;3360969;96530928.00
20130514;29.01;29.60;28.22;28.49;3172841;91772224.00
20130515;28.38;30.40;28.00;30.15;5592448;164688384.00
20130516;29.80;32.15;29.52;29.94;6582891;203254608.00
20130517;29.80;31.86;29.80;31.09;3637236;112948416.00
20130520;31.20;32.23;30.70;31.71;3468625;110065048.00
20130521;31.69;33.39;31.10;33.00;4763511;155721264.00
20130522;32.95;33.60;31.81;32.30;3574243;116425328.00
20130523;32.00;33.50;31.81;32.61;2579669;84442632.00
20130524;32.90;33.35;32.02;32.90;2188289;71754032.00
20130527;33.29;36.19;33.14;36.19;4789343;168774112.00
20130528;37.45;37.70;35.34;36.23;4892266;178779024.00
20130529;35.90;36.80;35.53;35.85;2130176;76697848.00
20130530;35.80;38.67;35.42;37.72;3843618;142385888.00
20130531;37.40;40.30;37.10;38.48;2673616;104096008.00
20130603;38.97;38.97;35.62;36.00;3528271;130700256.00
20130604;36.06;36.87;33.98;35.30;3893289;137915648.00
20130605;35.24;36.50;34.19;34.72;2993979;105377824.00
20130606;34.68;35.00;33.62;33.85;2251808;76966208.00
20130607;33.85;35.11;33.85;35.06;2971494;102931632.00
20130613;34.80;36.09;32.00;36.02;3103289;108203664.00
20130614;35.88;37.66;35.88;36.94;3337113;123322840.00
20130617;37.08;39.60;36.50;38.28;2862266;109224152.00
20130618;38.00;38.37;37.00;37.90;1480028;55703432.00
20130619;38.70;38.70;36.37;36.37;2363151;87438240.00
20130620;35.60;36.35;32.76;33.50;4019297;137176880.00
20130621;32.99;35.10;32.02;34.20;2094298;70977752.00
20130624;33.61;34.30;32.00;33.09;2572401;85585088.00
20130625;32.88;35.67;31.20;35.18;4511526;151521712.00
20130626;35.18;38.70;34.66;38.70;5355886;202336384.00
20130627;40.00;42.33;39.00;40.58;5149205;210408160.00
20130628;39.74;41.30;38.30;39.10;2426976;95711288.00
20130701;39.15;40.95;39.15;40.03;2738411;110078608.00
20130702;40.03;41.48;39.50;40.18;2420065;97740968.00
20130703;39.96;41.70;39.58;40.75;3156090;128503344.00
20130704;40.30;40.50;38.31;39.11;2921224;115080544.00
20130705;38.75;39.44;37.23;37.50;1735240;66662548.00
20130708;36.81;38.86;35.10;37.24;1628618;60227508.00
20130709;37.00;38.11;36.52;37.36;1256091;47145176.00
20130710;37.20;38.93;37.00;38.92;1716587;65438876.00
20130711;39.30;40.28;38.60;39.00;1934172;76002336.00
20130712;38.92;41.08;38.88;39.90;2411688;97161192.00
20130715;40.50;42.20;40.13;42.10;3599212;148391440.00
20130716;42.12;42.48;40.80;41.00;1604343;66275788.00
20130717;41.54;41.54;39.50;40.10;1593276;64300276.00
20130718;39.98;41.00;39.11;40.30;989650;39894100.00
20130719;40.30;41.58;39.00;39.01;1592115;64147444.00
20130722;37.98;41.00;37.98;40.68;2164812;87140144.00
20130723;41.49;43.00;40.90;40.90;3407680;142886336.00
20130724;41.30;42.96;39.75;42.00;3966422;163480624.00
20130725;42.20;42.20;39.00;39.01;3044698;122697672.00
20130726;38.95;39.77;37.45;39.00;2061215;79850368.00
20130729;39.10;39.10;36.68;37.30;1475700;55873500.00
20130730;37.18;37.83;35.80;37.00;1691831;61870588.00
20130731;37.10;38.80;37.00;38.29;1638673;62426008.00
20130801;38.52;40.23;38.03;39.68;2351530;92917728.00
20130802;39.68;40.60;38.66;38.70;1942563;76864808.00
20130805;38.70;39.12;37.60;38.50;1973058;75372376.00
20130806;38.65;38.65;37.50;38.16;2712398;102994784.00
20130807;38.01;38.19;36.80;37.00;2776205;103317128.00
20130808;37.83;38.50;37.30;37.42;1757937;66516432.00
20130809;37.31;37.87;36.30;36.83;1392320;51567752.00
20130812;37.96;38.55;36.96;37.66;2730631;103329408.00
20130813;37.18;37.95;36.95;37.59;1535660;57545924.00
20130814;37.55;37.83;35.80;36.00;3682525;133846416.00
20130815;36.33;36.36;34.69;34.69;3091132;108918664.00
20130816;34.55;35.48;34.09;34.57;2440820;85430120.00
20130819;34.57;34.94;33.81;34.87;3373069;115952816.00
20130820;34.88;35.21;34.34;35.12;1965196;68513488.00
20130821;35.11;35.95;34.70;35.93;2441941;87167280.00
20130822;35.93;36.20;35.62;35.91;1907746;68574096.00
20130823;36.02;36.70;35.00;36.45;2170495;78395120.00
20130826;36.51;36.69;35.20;36.48;1457806;52741372.00
20130827;36.42;36.42;35.50;35.73;1247641;44590920.00
20130828;35.40;36.11;35.00;35.02;1223641;43635668.00
20130829;35.01;35.45;33.00;33.19;2611637;89002640.00
20130830;33.43;33.48;31.90;32.73;3296045;107532376.00
20130902;32.53;33.35;32.50;32.99;1450426;47612936.00
20130903;33.30;33.60;32.12;33.10;2735995;90133736.00
20130904;32.99;32.99;31.85;32.24;2749970;88867320.00
20130905;32.28;32.75;31.50;32.71;3268078;104908600.00
20130906;32.40;34.53;32.01;33.85;3538794;117922144.00
20130909;33.90;34.50;33.30;34.26;2630543;89171424.00
20130910;34.00;34.95;33.61;33.92;2710426;92870320.00
20130911;33.81;33.85;31.80;31.90;2403950;77866984.00
20130912;32.04;32.82;31.71;31.85;1231143;39606568.00
20130913;32.24;32.49;31.80;32.31;1112457;35852872.00
20130916;32.29;33.15;32.11;33.15;1551183;50832864.00
20130917;33.16;33.80;32.71;32.80;1321365;44066648.00
20130918;32.81;33.68;32.81;33.52;1575329;52524220.00
20130923;33.86;34.89;33.68;34.40;3613699;124170360.00
20130924;34.45;35.30;34.41;35.00;4078208;142290704.00
20130925;35.14;35.39;34.58;34.88;1976012;69064680.00
20130926;34.81;35.10;33.61;34.18;1576285;54118872.00
20130927;33.85;34.70;33.72;34.59;1014676;34772736.00
20130930;34.96;35.29;34.70;35.20;1563413;54820300.00
20131008;35.23;37.66;35.23;37.19;3721235;137649104.00
20131009;37.00;40.35;36.41;39.31;3524435;137563408.00
20131010;39.58;39.72;37.75;38.18;2431718;93135632.00
20131011;39.90;41.50;39.90;40.81;5706718;233287888.00
20131014;40.31;41.82;39.90;41.82;2438035;99885200.00
20131015;42.97;43.32;41.84;42.01;3436117;146453680.00
20131016;41.16;41.80;38.22;39.34;3766166;149047184.00
20131017;39.65;43.00;39.60;40.30;3561473;146948288.00
20131018;40.51;41.14;38.86;39.88;2465695;97505568.00
20131021;39.89;42.20;39.25;41.25;3135779;129208848.00
20131022;41.17;43.00;40.00;40.25;3586050;149042320.00
20131023;40.18;40.18;37.45;38.00;5041330;192625968.00
20131024;37.37;37.80;36.62;37.00;2161879;80496856.00
20131025;37.00;37.46;36.30;36.67;3054564;113071680.00
20131028;36.52;37.26;35.01;36.85;1484151;54196176.00
20131029;36.80;37.56;34.48;36.59;2517004;89646296.00
20131030;36.59;37.00;36.15;36.89;941186;34511504.00
20131031;36.57;36.62;35.20;35.20;985296;35388888.00
20131101;34.91;35.85;34.00;34.66;1291806;45157012.00
20131104;34.66;36.70;34.66;35.83;1372112;49448376.00
20131105;35.89;37.17;35.23;37.10;1756855;64407508.00
20131106;37.09;40.81;36.99;39.82;8557749;342907968.00
20131107;39.00;39.77;37.91;38.25;4006844;155067984.00
20131108;38.20;38.85;37.28;37.72;1966261;75065840.00
20131111;37.41;39.20;37.41;38.34;1700101;65126216.00
20131112;38.35;39.30;37.50;38.30;1812722;69479136.00
20131113;38.28;38.50;36.68;36.70;2099043;78229176.00
20131114;36.60;37.15;35.61;36.75;2104386;76522488.00
20131115;36.78;39.30;36.78;38.11;2984051;114119768.00
20131118;39.00;39.00;38.07;38.49;1766662;67859536.00
20131119;38.69;39.85;38.30;38.86;2590398;101330680.00
20131120;38.80;39.46;38.40;39.10;1959666;76364432.00
20131121;38.90;40.24;38.44;39.23;2327262;91673328.00
20131122;39.15;39.49;38.42;38.54;1492561;58119056.00
20131125;38.54;38.56;37.39;37.39;1748750;65955688.00
20131126;37.27;38.20;37.20;37.52;1527780;57460396.00
20131127;37.40;39.08;37.21;39.08;2396637;91539048.00
20131128;38.99;39.04;35.17;37.41;10518366;383145440.00
20131129;36.24;37.29;35.90;36.85;3784752;139120464.00
20131202;35.00;35.45;33.21;33.33;5710355;194564864.00
20131203;32.78;35.00;32.11;34.28;2611333;88404648.00
20131204;34.11;35.33;34.05;34.06;2439078;84515520.00
20131205;33.69;34.50;33.38;33.40;1463363;49491352.00
20131206;33.41;34.08;32.90;33.39;1562556;52124292.00
20131209;33.70;34.40;33.11;34.40;1550170;52602856.00
20131210;34.40;34.50;33.68;33.90;851704;29032034.00
20131211;33.99;34.43;33.66;34.00;764464;26041860.00
20131212;34.01;34.79;33.72;34.68;1314614;45328360.00
20131213;34.50;35.98;34.02;35.55;1858401;65433856.00
20131216;35.47;36.50;35.20;36.11;1638969;58826784.00
20131217;36.00;36.98;35.80;36.50;1857837;67831736.00
20131218;36.85;36.88;35.00;35.70;588281;21145750.00
20131219;35.98;38.57;35.98;37.48;3158653;118224672.00
20131220;37.15;37.95;36.60;37.31;1142474;42770428.00
20131223;37.01;37.65;35.51;37.13;1168437;42942132.00
20131224;37.13;38.69;36.75;38.36;1751102;66525340.00
20131225;38.41;38.90;38.30;38.57;1198661;46279928.00
20131226;38.27;38.76;37.86;38.00;1735479;66523804.00
20131227;38.05;39.00;37.80;38.45;1463822;56425508.00
20131230;38.38;39.40;38.38;38.71;1268298;49291820.00
20131231;38.80;39.25;38.65;39.10;1618228;63165336.00
20140102;39.09;39.45;37.80;38.75;1019546;39506152.00
20140103;38.75;39.18;38.30;38.38;992396;38500028.00
20140106;38.50;38.50;36.98;37.78;1163186;43754056.00
20140107;37.18;38.13;37.18;37.90;655277;24760610.00
20140108;38.02;40.60;38.01;39.88;2958434;118168984.00
20140109;39.61;40.60;39.55;39.65;1840761;73855992.00
20140110;39.77;39.77;38.85;39.30;1055429;41356672.00
20140113;39.31;40.51;39.31;40.32;2360277;94857424.00
20140114;40.60;40.70;39.81;40.40;1457826;58803184.00
20140115;40.18;40.80;39.35;39.55;1255528;50107656.00
20140116;39.55;40.79;39.55;40.00;1634735;65727788.00
20140117;40.00;40.32;39.00;39.17;788049;31223670.00
20140120;38.99;39.80;37.06;37.28;1807435;68704320.00
20140121;36.81;37.53;36.20;36.99;1213307;44819608.00
20140122;37.30;38.00;37.00;37.89;1129679;42231484.00
20140123;37.80;38.15;37.43;37.92;975373;36818560.00
20140124;37.85;38.27;37.20;37.55;2556855;96215248.00
20140127;37.53;37.89;36.60;36.90;2159996;79690248.00
20140128;36.65;37.28;35.88;36.59;1119079;40820576.00
20140129;37.00;37.42;36.38;37.00;1616430;59633204.00
20140130;37.00;37.20;36.36;36.39;801604;29419980.00
20140207;35.90;37.12;35.90;36.95;1066937;39274984.00
20140210;37.19;39.01;37.19;38.84;2632846;100622352.00
20140211;39.06;40.57;38.45;39.74;3605141;142397728.00
20140212;40.12;41.80;39.85;40.36;3725570;152346656.00
20140213;40.62;41.20;39.28;39.31;2345070;94193992.00
20140214;39.30;40.17;38.75;40.00;2169885;85639976.00
20140217;40.00;40.90;39.52;40.22;2951191;118662776.00
20140218;40.50;40.60;39.10;39.64;2112992;83784176.00
20140219;39.96;40.50;39.17;40.25;3032852;120846752.00
20140220;40.51;41.15;38.80;39.16;2628147;104916960.00
20140221;38.76;39.51;37.65;38.47;2063144;79208984.00
20140224;38.50;38.62;37.30;37.80;2293972;86823056.00
20140225;37.99;38.13;35.50;36.30;3285429;121275736.00
20140226;35.70;36.30;34.48;36.00;2054234;72680176.00
20140227;36.01;36.63;34.82;35.17;2033961;72455424.00
20140228;35.20;35.49;34.60;34.80;1843848;64536256.00
20140303;34.93;37.13;34.53;37.13;2909900;104525856.00
20140304;37.00;37.00;35.58;36.12;1934018;69940712.00
20140305;36.18;36.58;35.27;35.43;1737694;62019500.00
20140306;35.30;35.61;34.81;35.40;1157317;40764848.00
20140307;35.41;35.78;34.87;34.97;1255715;44333000.00
20140310;35.18;35.89;34.00;34.01;1788748;62774944.00
20140311;33.53;34.19;33.50;34.07;657714;22234820.00
20140515;33.00;33.00;30.66;30.66;6848650;212533952.00
20140516;29.78;30.40;27.59;28.04;6644999;187785776.00
20140519;27.92;28.34;26.80;27.57;2891504;79636944.00
20140520;27.67;28.30;27.38;27.75;2689228;75005256.00
20140521;27.78;27.85;27.32;27.68;1783426;49264868.00
20140522;27.87;28.38;27.79;28.06;2860945;80520120.00
20140523;28.07;28.22;27.50;28.20;2518324;70414200.00
20140526;28.33;29.08;28.33;29.02;3242711;93316952.00
20140527;29.02;29.30;28.40;29.04;2651351;76179120.00
20140528;29.00;29.18;28.65;29.09;2413626;69917320.00
20140529;29.12;29.49;28.70;28.80;2572084;74810576.00
20140530;28.80;28.83;27.86;28.35;2034862;57565116.00
20140603;28.45;28.45;28.00;28.01;1450744;40829852.00
20140604;28.15;28.58;27.90;28.57;2161317;61313544.00
20140605;28.70;28.89;28.33;28.58;2265601;64817204.00
20140606;28.74;28.76;28.09;28.57;2443633;69382736.00
20140609;28.50;28.50;28.00;28.00;2104767;59342752.00
20140610;28.00;28.36;27.60;28.34;1804705;50763340.00
20140611;28.80;30.55;28.66;29.66;5553098;165538416.00
20140612;29.31;29.93;29.02;29.69;2849095;83917856.00
20140613;29.76;30.22;29.52;29.91;2397768;71807024.00
20140616;29.95;30.30;29.79;29.88;1930469;57922768.00
20140617;30.01;30.09;29.40;29.63;1733012;51334876.00
20140618;29.59;29.88;29.32;29.39;1465835;43407064.00
20140619;29.50;29.57;28.11;28.53;1362748;39549612.00
20140620;28.15;28.71;28.15;28.70;1346418;38268896.00
20140623;28.68;29.32;28.68;29.01;1248253;36117440.00
20140624;28.98;29.15;28.91;29.02;851970;24724722.00
20140625;29.00;29.16;28.42;28.75;992990;28493178.00
20140626;28.82;30.08;28.76;29.90;2595265;76637792.00
20140627;29.90;30.45;29.90;30.05;3381811;102152664.00
20140630;30.30;30.48;29.62;30.05;2149686;64612752.00
20140701;30.40;30.40;29.70;29.91;1735829;51973564.00
20140702;30.00;30.38;29.80;30.25;1577384;47598660.00
20140703;30.30;30.66;29.90;30.55;2253867;68423712.00
20140704;30.49;30.77;30.05;30.61;2022067;61597808.00
20140707;30.62;31.08;30.61;31.08;2607638;80545256.00
20140708;31.05;31.90;30.72;31.80;2925825;91507984.00
20140709;31.57;33.54;31.50;32.70;5283691;172989056.00
20140710;32.59;32.90;31.97;32.70;2150313;70090888.00
20140721;30.00;31.38;29.30;29.30;6125016;181292672.00
20140722;28.95;29.37;28.44;29.00;2763099;80253792.00
20140723;29.04;29.35;27.60;27.74;2805064;79724200.00
20140724;27.70;27.74;26.02;26.68;3189639;85602240.00
20140725;26.81;27.30;26.54;26.85;2285681;61436880.00
20140728;27.00;27.67;26.82;27.48;2544084;69354128.00
20140729;27.47;28.46;27.40;28.05;2709856;76087280.00
20140730;28.11;28.65;28.01;28.25;2161215;61072336.00
20140731;28.48;28.56;28.01;28.30;1433711;40481452.00
20140801;28.29;28.60;28.01;28.07;1941787;55001732.00
20140804;28.11;28.80;28.11;28.44;3210761;91340368.00
20140805;28.45;28.98;28.22;28.94;2771720;79582056.00
20140806;28.75;29.12;28.71;28.87;1728201;49895572.00
20140807;28.93;29.15;28.25;28.36;2107009;60763708.00
20140808;28.32;28.72;28.32;28.72;1428440;40765212.00
20140811;28.88;29.35;28.74;29.24;2077100;60661716.00
20140812;29.15;29.34;28.98;29.24;2034812;59442884.00
20140813;29.28;29.36;29.07;29.30;1545275;45123596.00
20140814;29.45;29.86;29.20;29.24;1914950;56557880.00
20140815;29.75;30.60;29.45;30.20;3434128;103605416.00
20140818;30.23;30.50;30.10;30.33;2802404;84762552.00
20140819;30.50;31.43;30.36;30.60;3526304;108552608.00
20140820;30.80;30.80;30.20;30.35;1963714;59816820.00
20140821;30.33;31.00;30.23;30.99;2838343;87198856.00
20140822;31.00;31.26;30.60;30.90;2765562;85387584.00
20140825;30.75;30.90;30.17;30.19;2161716;65566812.00
20140826;30.09;30.56;29.50;29.58;2084028;62422572.00
20140827;29.53;30.29;29.51;29.90;1600810;48026760.00
20140828;30.01;30.35;29.53;29.64;1578470;47276804.00
20140829;29.90;30.86;29.68;30.70;2191259;66865736.00
20140901;30.78;32.30;30.64;32.06;4099442;130319408.00
20140902;32.10;32.16;31.69;32.07;2380761;75905424.00
20140903;32.08;32.60;31.73;32.12;2405757;77527064.00
20140904;32.28;34.42;32.02;33.40;4651212;155025472.00
20140905;33.57;34.39;32.94;33.70;4198458;141380752.00
20140909;34.87;35.80;34.66;35.03;4310366;151190800.00
20140910;35.30;35.66;34.43;35.55;3440432;120993600.00
20140911;35.65;35.65;34.70;34.90;2173944;76364088.00
20140912;34.92;34.98;33.90;34.07;3973518;135672944.00
20140915;34.20;34.50;33.65;33.98;3069342;103913120.00
20140916;34.11;34.27;32.18;32.26;3113454;104039744.00
20140917;32.49;32.82;31.45;32.16;3921367;125719984.00
20140918;32.17;33.00;31.88;33.00;2893859;94358944.00
20140919;33.27;33.79;33.01;33.23;2214913;73950872.00
20140922;33.03;33.04;31.70;31.79;2944582;95330416.00
20140923;31.71;32.57;31.70;32.35;2910316;93934128.00
20140924;32.39;33.48;32.34;33.23;2716084;89963392.00
20140925;33.25;33.67;32.60;32.76;2776299;92317256.00
20140926;32.75;33.35;32.55;32.82;1820186;59862868.00
20140929;33.01;34.40;33.01;34.10;4057667;137832016.00
20140930;33.92;35.47;33.92;35.19;3947451;138245984.00
20141008;35.33;36.48;35.33;35.64;3478016;125063240.00
20141009;35.69;36.60;35.22;35.88;3629851;130997688.00
20141010;35.87;37.27;35.47;36.30;3028085;110421280.00
20141013;36.00;36.00;34.72;35.40;3128847;110208576.00
20141014;35.40;35.68;35.11;35.19;2050690;72653288.00
20141015;35.08;36.29;35.01;35.81;1879570;67079372.00
20141016;35.75;36.35;35.55;35.57;1660985;59681956.00
20141017;35.57;35.57;34.82;35.22;1988854;69892232.00
20141020;35.61;36.79;35.61;36.60;3367195;122141616.00
20141021;36.84;37.65;36.40;36.40;3790261;141253104.00
20141022;36.37;37.25;36.30;37.00;2712880;100275376.00
20141023;36.65;37.24;35.64;35.97;2004661;72537120.00
20141024;35.65;36.25;34.55;34.62;1804819;63897600.00
20141027;34.63;35.75;34.56;35.44;1425264;50349692.00
20141028;35.45;36.65;35.45;36.62;1876773;68113136.00
20141029;36.68;36.97;36.26;36.40;2172565;79353720.00
20141030;36.31;36.87;36.00;36.14;1670247;60773148.00
20141031;36.13;37.16;36.13;37.00;3474611;128219344.00
20141103;37.57;37.93;36.63;37.17;2043824;76223688.00
20141104;37.47;37.47;35.87;36.24;2475472;90020872.00
20141105;36.23;36.85;35.90;36.74;1388590;50627232.00
20141106;36.55;38.16;36.55;37.98;3566427;134720480.00
20141107;38.17;38.97;37.51;37.62;2430085;93336080.00
20141110;38.00;38.19;37.20;37.55;1453905;54621476.00
20141111;37.61;38.05;34.77;35.06;3900810;140244736.00
20141112;35.13;35.84;35.00;35.69;1452222;51690264.00
20141113;35.68;35.82;34.02;34.33;2041079;70426920.00
20141114;34.46;34.92;33.00;33.70;2582974;87304184.00
20141117;33.73;34.84;33.12;34.45;1612455;55369900.00
20141118;34.60;35.30;34.60;34.85;1474795;51628028.00
20141119;34.86;35.35;34.60;34.91;1117945;39095856.00
20141120;34.99;35.25;34.80;35.02;717179;25060962.00
20141121;35.04;36.76;34.95;36.18;2162824;77033336.00
20141124;36.56;36.56;35.70;36.28;1974483;71320280.00
20141125;36.51;37.42;36.50;36.99;2228846;82692648.00
20141126;37.40;37.55;36.66;37.12;2346324;87047568.00
20141127;37.90;38.17;37.35;37.58;2422072;91474016.00
20141128;37.60;38.60;37.44;38.50;3423360;130299808.00
20141201;38.50;38.64;36.79;37.70;2975308;111516448.00
20141202;38.41;41.38;38.41;38.81;5331258;211455216.00
20141203;39.38;41.39;38.68;41.19;7985094;317981600.00
20141204;41.40;41.44;40.85;41.19;5433677;223575936.00
20141205;40.81;45.20;39.61;43.33;6371463;265162208.00
20141208;42.90;46.61;42.52;44.94;3904631;175404448.00
20141209;44.80;46.09;43.20;43.20;3957631;175833184.00
20141210;43.19;47.52;43.19;47.52;4945276;230179248.00
20141211;50.50;52.27;49.68;50.96;7330223;375531488.00
20141212;50.01;51.61;48.15;51.40;4671473;233746480.00
20141215;50.20;51.73;50.00;50.80;2565461;130192312.00
20141216;50.90;51.89;48.97;49.00;3666646;183687312.00
20141217;48.30;48.70;45.73;46.97;4869867;228941216.00
20141218;46.56;49.00;46.11;46.94;3559393;170046992.00
20141219;46.17;47.60;45.10;47.00;5494697;251169536.00
20141222;46.00;46.50;43.88;45.10;2779503;126290968.00
20141223;45.27;45.50;44.40;44.85;2984118;134071664.00
20141224;45.15;46.96;45.15;46.19;2286720;105287672.00
20141225;46.29;46.68;45.35;46.30;1965836;90523160.00
20141226;46.60;47.37;45.95;46.83;1995487;93120072.00
20141229;46.68;47.95;44.28;45.98;3984635;183980016.00
20141230;45.15;45.98;44.60;44.96;3585911;162436384.00
20141231;44.85;45.88;43.78;44.61;2178315;97039432.00
20150105;44.50;45.45;44.10;44.51;2379500;106660232.00
20150106;44.82;47.80;44.82;47.57;2585880;119486936.00
20150107;47.36;48.48;46.33;46.80;1392152;65452556.00
20150108;46.70;47.50;46.13;46.61;1199045;56147348.00
20150109;46.50;47.34;45.10;45.60;1256749;58777584.00
20150112;45.62;45.73;43.80;44.80;1941466;86904840.00
20150113;44.88;45.49;44.31;45.33;1264301;56887504.00
20150114;45.39;45.94;44.50;45.38;671922;30530192.00
20150115;45.15;47.33;45.15;45.32;1651172;76054920.00
20150116;44.70;46.18;44.28;46.00;2074548;94342776.00
20150119;45.65;47.29;44.50;45.22;1998537;92240448.00
20150120;45.00;46.88;45.00;46.70;1938585;89424152.00
20150121;47.49;48.33;47.00;48.16;2819340;135107888.00
20150122;48.11;51.00;47.52;49.97;3061580;149845392.00
20150123;49.50;50.50;48.14;48.49;1925155;94435792.00
20150126;49.60;49.98;48.66;49.01;2223870;109459104.00
20150127;49.36;50.93;48.32;49.54;2084041;103138440.00
20150128;49.52;50.65;49.20;49.30;2272219;113457272.00
20150129;49.86;49.86;47.50;47.50;1651746;79696112.00
20150130;47.60;48.56;46.75;46.88;1772426;84064664.00
20150202;46.00;46.00;45.00;45.84;1900099;86592088.00
20150203;45.71;46.50;45.71;46.20;1324379;61004776.00
20150204;46.20;46.50;45.19;45.40;1443152;65922052.00
20150205;46.00;46.18;44.95;45.61;1849386;84250168.00
20150206;45.30;45.97;45.26;45.54;1629659;74320352.00
20150209;45.54;46.20;45.31;45.91;1336744;61487072.00
20150210;45.95;46.58;45.26;46.41;1119491;51556688.00
20150211;46.96;47.66;46.39;46.70;1149751;54062056.00
20150212;46.70;47.45;46.45;46.75;995692;46616752.00
20150213;47.07;49.35;46.76;48.86;2040214;98359888.00
20150216;48.92;50.00;48.92;49.67;2222882;110217384.00
20150217;49.40;49.66;48.18;48.59;1393134;67869440.00
20150225;48.65;53.45;48.65;52.05;6246141;324416160.00
20150226;52.40;52.44;50.62;51.97;2758418;142335536.00
20150227;52.00;52.44;51.20;52.12;1972476;102361360.00
20150302;54.50;56.99;53.46;54.80;5539836;305737728.00
20150303;56.80;60.28;55.08;57.30;6279362;363746240.00
20150304;59.28;60.16;57.34;58.06;4033180;235914336.00
20150305;58.06;60.00;56.60;59.83;3746136;219892192.00
20150306;65.81;65.81;65.81;65.81;2697008;177490096.00
20150309;69.50;69.56;62.44;63.50;19513405;1273989120.00
20150310;63.00;66.96;62.50;64.91;12956727;840753344.00
20150311;64.43;66.15;63.37;63.47;11826010;765374720.00
20150312;64.00;64.44;59.80;59.88;11914748;734136832.00
20150313;60.97;61.00;59.34;60.38;9294127;558714752.00
20150316;60.99;62.68;60.80;62.28;9580864;591330496.00
20150317;67.11;68.51;64.10;68.51;15652956;1057622464.00
20150318;70.39;75.36;69.00;72.90;20318191;1472171008.00
20150319;72.00;78.85;71.21;78.22;14640966;1103440384.00
20150320;77.35;83.49;76.00;80.88;17502545;1387291392.00
20150323;82.48;88.97;82.00;88.97;14190913;1229811200.00
20150324;92.49;97.87;91.00;97.87;14406405;1352285952.00
20150325;101.00;107.66;100.77;107.66;9000713;949624512.00
20150326;100.01;107.00;96.89;96.89;24197651;2422009600.00
20150327;96.50;99.45;91.60;98.62;13843912;1336544128.00
20150330;100.00;106.51;95.61;98.62;13187961;1332598784.00
20150331;108.48;108.48;108.48;108.48;2486769;269764704.00
20150401;119.33;119.33;119.33;119.33;662340;79037032.00
20150402;131.26;131.26;131.26;131.26;410294;53855192.00
20150403;138.90;144.39;134.00;144.39;16953874;2368983296.00
20150407;49.00;51.96;44.98;48.20;89256006;4346577920.00
20150408;47.00;48.30;43.38;43.98;69859194;3161765888.00
20150409;43.50;48.38;42.60;48.38;90486277;4136912384.00
20150410;47.79;49.90;45.81;46.20;90409389;4309966336.00
20150413;44.65;45.70;43.33;44.41;52263674;2320249344.00
20150414;44.70;45.98;43.36;43.51;45809305;2040942976.00
20150415;42.38;42.45;39.16;39.16;66739798;2668635904.00
20150416;37.40;39.36;35.50;38.12;59989449;2275952384.00
20150417;38.65;39.10;37.01;37.22;47347448;1791618688.00
20150420;37.50;37.52;34.00;34.17;58907221;2097012480.00
20150421;34.80;37.48;34.62;37.08;52599986;1910150912.00
20150422;36.00;37.48;35.01;37.40;78140898;2858515968.00
20150423;37.40;38.25;36.70;36.84;69008206;2585357056.00
20150424;35.80;37.99;35.50;37.00;53986128;1982039040.00
20150427;37.19;38.65;36.63;37.29;50039941;1876958592.00
20150428;37.51;41.02;37.01;38.69;149308672;5888595968.00
20150429;36.98;38.18;34.90;36.80;82965747;3020959488.00
20150430;36.30;37.49;36.00;36.03;51328103;1876502528.00
20150504;36.14;36.49;34.95;35.15;42717322;1513187200.00
20150505;35.60;36.08;35.01;35.26;31090076;1104992512.00
20150506;36.06;36.31;34.87;35.14;34095855;1219562496.00
20150507;35.16;35.29;32.50;33.59;39260900;1322294016.00
20150508;33.80;35.50;33.80;35.06;37562703;1297854336.00
20150511;35.50;36.85;35.12;36.71;67398610;2434159872.00
20150526;40.38;40.38;40.38;40.38;2336846;94361840.00
20150527;44.30;44.36;41.68;42.00;112559914;4824939008.00
20150528;42.55;43.50;37.80;37.84;86636537;3543559424.00
20150529;37.47;38.80;34.85;37.22;50449861;1871656192.00
20150601;37.84;38.78;37.12;38.51;47531233;1805865472.00
20150602;38.68;40.44;38.68;39.96;52952688;2094245120.00
20150603;40.59;40.74;38.00;38.86;51614832;2030329216.00
20150604;39.29;41.00;36.68;40.59;64188663;2549910016.00
20150605;41.70;44.40;41.70;43.00;88929409;3812002048.00
20150608;43.00;43.48;40.11;40.42;58755517;2425521920.00
20150609;39.90;41.47;38.85;39.53;37466924;1499721472.00
20150610;39.53;40.67;39.00;40.04;33496563;1342082688.00
20150611;40.09;40.26;39.00;39.55;33300652;1318561792.00
20150612;39.30;39.79;38.50;38.71;39218045;1525992704.00
20150615;38.72;39.20;36.50;36.68;38364581;1449291136.00
20150616;36.00;36.00;33.22;33.97;39114550;1349293312.00
20150617;33.97;35.50;33.70;35.48;31101097;1072973248.00
20150618;35.47;35.47;32.55;32.96;26946739;922752128.00
20150619;32.00;32.00;29.66;29.66;28031505;855148032.00
20150623;29.56;29.95;26.79;28.97;31208272;889978752.00
20150624;29.61;29.99;28.84;29.72;26387630;779189696.00
20150625;30.09;30.30;27.42;27.80;26838842;787387200.00
20150626;27.18;27.18;25.02;25.02;29252706;750248128.00
20150629;25.50;25.57;22.52;22.52;34989374;812142656.00
20150630;21.45;24.69;20.27;24.19;56887547;1256749952.00
20150701;23.90;25.00;21.89;22.20;51887303;1247704320.00
20150702;22.39;23.00;20.40;20.59;37988533;826538688.00
20150703;19.88;21.79;18.53;19.70;41022869;816129664.00
20150706;21.67;21.67;18.00;19.13;44297227;881206656.00
20150707;18.45;18.45;17.22;17.22;22327785;393724256.00
20150710;18.94;18.94;18.18;18.94;17678968;334278144.00
20150713;20.83;20.83;20.83;20.83;6859411;142881536.00
20150714;22.91;22.91;22.91;22.91;6495147;148803824.00
20150715;23.00;23.00;20.62;20.62;60615804;1309420544.00
20150716;19.99;22.00;18.95;21.29;45808251;948999936.00
20150717;21.40;23.40;21.05;23.15;52927974;1183216000.00
20150720;23.16;24.50;22.80;23.81;58924880;1391935104.00
20150721;23.29;24.38;22.90;23.88;42214675;1000556480.00
20150722;24.40;25.35;24.07;24.75;57338024;1418181632.00
20150723;25.05;25.88;24.40;25.69;54086863;1363425536.00
20150724;25.88;26.38;24.52;24.73;59449647;1520956800.00
20150727;23.80;24.89;22.26;22.26;43747113;1038290240.00
20150728;20.17;22.38;20.04;20.80;41569508;868908544.00
20150729;21.35;22.38;20.06;22.18;33660825;710111040.00
20150730;22.00;22.62;21.03;21.06;33553051;737638528.00
20150731;20.61;21.48;20.30;20.67;21675583;451498208.00
20150803;20.79;21.65;20.15;20.68;32214107;678090112.00
20150804;20.78;22.75;20.69;22.75;38446531;838372096.00
20150805;23.45;24.60;23.00;23.85;57858225;1384141568.00
20150806;23.41;24.39;23.01;24.24;43230455;1033919232.00
20150807;24.47;25.12;24.24;24.49;47140000;1162492288.00
20150810;25.19;25.80;24.37;25.57;57732322;1447376768.00
20150811;25.80;27.38;25.60;26.04;67658791;1789755392.00
20150812;25.50;26.51;24.50;24.53;50495496;1284918912.00
20150813;24.32;25.69;24.32;25.68;36661579;910725760.00
20150814;25.85;26.20;25.69;25.94;39421306;1022269056.00
20150817;26.10;26.58;25.10;25.77;33119882;856367424.00
20150818;25.80;25.86;23.19;23.19;43583640;1068475520.00
20150819;22.00;23.59;21.03;23.50;38862679;870420864.00
20150820;23.00;23.40;21.91;21.94;24713712;560398912.00
20150821;21.41;21.98;20.37;20.38;23069032;490054720.00
20150824;19.02;19.80;18.34;18.34;18976641;353938464.00
20150825;16.51;17.25;16.51;16.51;26820759;445411104.00
20150826;16.20;16.99;14.95;15.01;36745369;588395008.00
20150827;15.61;16.01;14.47;16.01;28633572;443563072.00
20150828;16.51;17.42;16.07;17.42;34711126;574155712.00
20150831;17.34;17.34;16.20;16.21;24762790;413910752.00
20150901;16.01;16.08;14.65;14.65;25185632;384758368.00
20150902;13.99;15.90;13.67;14.79;29589931;438294784.00
20150907;15.18;15.99;15.18;15.59;28132883;440059584.00
20150908;15.38;17.15;15.21;17.13;29697204;478005280.00
20150909;17.39;18.00;17.13;17.69;45038550;791165248.00
20150910;17.30;17.57;16.88;16.97;27100354;467505440.00
20150911;16.98;17.36;16.67;17.17;22528693;384452384.00
20150914;17.59;17.68;15.45;15.45;31394515;515149792.00
20150915;14.99;15.38;13.96;14.05;25038644;367682432.00
20150916;14.32;15.46;14.23;15.46;24175686;356961152.00
20150917;15.74;16.48;15.33;15.44;34813640;553144256.00
20150918;15.70;16.36;15.48;16.14;24531531;388440288.00
20150921;15.90;17.30;15.71;17.30;33531529;559436096.00
20150922;17.25;17.52;16.66;16.90;33898746;578374784.00
20150923;16.51;17.27;16.38;16.97;27453442;463649088.00
20150924;17.15;17.60;16.95;17.22;25630669;442291776.00
20150925;17.18;17.18;15.74;16.46;32036611;531068160.00
20150928;16.54;17.35;16.11;17.26;27306813;460328960.00
20150929;16.98;16.98;16.41;16.69;21944019;367448448.00
20150930;16.93;17.08;16.30;16.56;17400533;290052992.00
20151008;17.52;18.22;17.27;18.22;43258605;777273280.00
20151009;18.22;18.78;18.02;18.59;51696881;954780224.00
20151012;18.88;20.35;18.87;20.08;49557219;978550208.00
20151013;19.79;20.38;19.64;20.15;40956402;821403520.00
20151014;20.00;21.47;19.85;20.39;51939870;1072781696.00
20151015;20.42;21.34;19.96;21.31;45328416;940961792.00
20151016;21.82;22.59;21.00;21.90;60666656;1320273920.00
20151019;22.08;22.85;21.75;22.22;59967252;1333941248.00
20151020;22.23;22.59;21.55;22.56;47920003;1057379968.00
20151021;22.58;22.67;20.30;20.30;63223745;1349437952.00
20151022;20.28;21.60;20.28;21.59;46401178;973453120.00
20151023;21.99;23.75;21.85;23.75;64551926;1467238528.00
20151026;25.00;25.48;23.65;23.80;78335087;1929575552.00
20151027;23.05;24.50;21.92;24.15;57754925;1338385280.00
20151028;24.00;24.80;23.18;23.29;49251129;1189408768.00
20151029;23.50;23.79;22.66;23.16;33875054;789266368.00
20151030;23.02;23.43;22.23;22.69;30538623;699197952.00
20151102;22.02;23.21;21.90;22.15;29300729;660639296.00
20151103;22.30;22.65;21.91;22.36;23324073;520563296.00
20151104;22.60;24.39;22.60;24.39;46543510;1097276800.00
20151105;24.60;24.65;23.52;24.10;52422308;1261966336.00
20151106;24.19;24.63;23.94;24.42;39535986;964236608.00
20151109;24.02;24.78;23.50;24.43;46236631;1120602496.00
20151110;24.25;25.43;24.10;24.55;43931022;1090350976.00
20151111;24.58;26.35;24.15;25.87;59099943;1480862848.00
20151112;25.51;27.31;25.51;26.78;73220423;1931113728.00
20151113;26.31;26.48;24.78;25.28;51923475;1337726080.00
20151116;24.83;26.14;24.41;26.07;35625411;900130432.00
20151117;26.50;26.96;25.35;25.43;53062557;1395538816.00
20151118;25.44;25.51;24.21;24.31;33509105;832019904.00
20151119;24.50;25.03;24.27;24.92;30058355;740606656.00
20151120;25.02;25.29;24.61;25.06;30394739;759390976.00
20151123;24.87;25.10;24.08;24.20;31689893;780569472.00
20151124;24.19;24.68;23.50;24.68;29211338;700030464.00
20151125;24.68;25.67;24.51;25.45;36676775;921157376.00
20151126;25.78;25.80;24.29;24.43;34650021;865566272.00
20151127;24.21;24.67;22.20;22.36;37906723;899200384.00
20151130;22.36;23.30;21.38;23.01;29399626;665589312.00
20151201;23.20;23.87;22.57;23.44;27680666;645538048.00
20151202;23.14;23.25;21.78;22.70;24105249;543912512.00
20151203;22.96;23.31;22.72;23.30;19445669;448435072.00
20151204;23.17;23.29;22.00;22.80;21342950;488484544.00
20151207;22.97;23.13;22.57;22.96;14313796;327738464.00
20151208;23.00;23.13;22.06;22.15;18329080;414044000.00
20151209;21.93;22.18;21.60;21.70;16793753;366110176.00
20151210;21.70;22.34;21.61;21.90;14164603;311658432.00
20151211;22.00;22.27;21.61;21.94;13867952;304325312.00
20151214;21.71;22.81;21.62;22.80;14885889;331573248.00
20151215;22.82;23.25;22.66;22.78;15757656;362018880.00
20151216;22.87;23.20;22.71;23.00;15150266;348168768.00
20151217;23.31;23.76;23.31;23.65;23394491;551008576.00
20151218;23.57;23.88;23.19;23.28;19466634;456444928.00
20151221;23.31;23.55;23.11;23.49;15565608;363444384.00
20151222;23.51;23.97;23.47;23.83;19404562;460413760.00
20151223;23.88;23.99;23.01;23.04;21206718;496102976.00
20151224;22.97;23.15;22.48;23.08;12935413;294925440.00
20151225;23.10;23.38;22.88;23.08;10576198;244735536.00
20151228;23.11;23.20;22.01;22.01;18802644;426337024.00
20151229;21.89;22.17;21.81;22.16;11305472;248709600.00
20151230;22.18;22.33;21.92;22.20;12664665;280223264.00
20151231;22.20;22.29;21.70;21.71;12154420;266729840.00
20160104;22.03;22.20;19.62;19.65;14181096;302184256.00
20160105;18.80;20.13;18.35;19.64;19681726;381048288.00
20160106;19.80;20.18;19.55;20.08;13310762;264723536.00
20160107;19.68;19.85;18.07;18.07;4693006;87922344.00
20160108;18.35;19.15;17.00;18.41;20366173;376768192.00
20160111;18.02;18.38;16.57;16.58;18887370;331781696.00
20160112;16.77;17.10;16.16;16.91;18746204;313598720.00
20160113;17.08;17.13;15.95;16.01;15117560;251386080.00
20160114;15.28;17.00;15.28;16.96;16777641;273589536.00
20160115;16.77;17.13;16.10;16.31;17993324;300149248.00
20160118;16.10;17.31;16.06;17.06;16295081;274898688.00
20160119;16.97;17.68;16.71;17.65;18971515;327091136.00
20160120;17.55;17.77;17.20;17.35;15843756;276974592.00
20160121;17.08;17.58;16.39;16.42;15833929;269634592.00
20160122;16.71;16.98;16.29;16.89;12839271;213785568.00
20160125;17.07;17.18;16.70;16.96;9383002;159563136.00
20160126;16.64;16.75;15.30;15.34;15091459;242157408.00
20160127;15.38;15.66;14.33;15.39;15835897;240728544.00
20160128;15.22;15.50;14.35;14.50;12683291;190147040.00
20160129;14.49;15.42;14.47;15.21;13529866;203136064.00
20160201;15.29;15.47;14.83;15.15;11091389;168603472.00
20160202;15.21;16.27;15.21;15.92;15420028;243800944.00
20160203;15.94;16.34;15.73;16.22;14832699;238343248.00
20160204;16.40;16.61;16.20;16.40;13746681;225490640.00
20160205;16.42;16.49;15.94;16.03;10986845;177509136.00
20160215;15.38;16.07;15.38;15.86;9551212;149740864.00
20160216;16.05;17.45;16.05;17.45;25364464;439236800.00
20160217;17.55;17.75;17.12;17.60;29039320;507670208.00
20160218;17.59;17.78;17.31;17.75;26221711;460214240.00
20160219;17.70;18.86;17.47;18.76;34380300;624424960.00
20160222;19.25;19.25;18.51;18.81;26389291;495502240.00
20160223;18.81;18.81;17.99;18.35;22151988;406615552.00
20160224;18.35;18.84;17.90;18.84;21652110;397536608.00
20160225;18.61;18.65;16.96;16.96;28014162;497843488.00
20160226;17.10;17.58;16.76;17.27;20823057;358237504.00
20160229;17.10;17.20;15.60;16.00;19264359;309931968.00
20160301;16.00;16.91;15.81;16.75;19198625;313664928.00
20160302;16.90;17.80;16.79;17.74;22926026;396280640.00
20160303;17.70;18.20;17.51;17.60;22071142;392918272.00
20160304;17.60;17.80;16.52;16.72;19559702;335780800.00
20160307;17.01;17.68;17.00;17.30;15393411;267584480.00
20160308;17.39;17.39;16.00;17.36;17726055;298313408.00
20160309;16.89;17.28;16.66;16.71;11992596;202668336.00
20160310;16.80;17.06;16.47;16.49;11258827;188746928.00
20160311;16.42;16.77;16.30;16.69;9012667;149483504.00
20160314;16.97;17.71;16.95;17.44;18741008;327335040.00
20160315;17.44;17.77;17.15;17.20;13426690;234260992.00
20160316;17.50;17.59;16.73;16.82;13741955;234801424.00
20160317;17.00;17.82;16.90;17.72;22553947;393918752.00
20160318;17.99;18.49;17.72;18.35;30955216;561119680.00
20160321;18.60;18.80;18.21;18.56;30121298;555369024.00
20160322;18.34;18.57;18.19;18.35;23024257;422621920.00
20160323;18.31;18.61;18.22;18.56;20540994;378786016.00
20160324;18.38;18.43;18.01;18.02;22313928;406800320.00
20160325;17.90;18.15;17.78;18.12;13758779;247759616.00
20160328;18.15;18.64;17.92;17.98;19406096;356342528.00
20160329;17.95;17.97;17.41;17.65;13707959;242367472.00
20160330;17.70;18.50;17.70;18.48;18009699;327684640.00
20160331;18.60;18.64;18.25;18.33;16915351;311214048.00
20160401;18.20;18.25;17.70;18.15;15519157;279807744.00
20160405;18.07;18.67;18.05;18.56;18785334;346482016.00
20160406;18.51;19.17;18.43;18.94;24095447;452612448.00
20160407;18.88;18.94;18.25;18.25;19340643;358148352.00
20160408;18.32;18.44;17.95;18.16;14091203;256711072.00
20160414;18.60;19.23;18.50;18.69;30186840;570597760.00
20160415;18.59;18.99;18.50;18.70;14840726;277236544.00
20160418;18.56;18.69;18.11;18.17;11066613;202069872.00
20160419;18.29;18.49;18.08;18.27;7884518;143746336.00
20160420;18.33;18.39;16.87;17.13;16657320;291941440.00
20160421;17.90;17.90;17.36;17.39;14075791;248674560.00
20160422;17.06;17.50;17.06;17.49;6694343;116261456.00
20160425;17.40;17.43;17.10;17.33;6078481;104696016.00
20160426;17.33;17.73;17.33;17.73;7299345;127944128.00
20160427;17.56;17.69;17.34;17.39;7437842;130424240.00
20160428;17.30;17.79;16.59;17.68;13806986;236463728.00
20160429;17.56;17.72;17.49;17.53;6714045;118121480.00
20160503;17.51;18.60;17.51;18.54;18504831;338622912.00
20160504;18.39;18.65;18.32;18.38;11242654;207481696.00
20160505;18.40;18.74;18.21;18.62;12709169;235001696.00
20160506;18.62;18.65;17.79;17.79;14154899;257141808.00
20160509;17.61;17.75;17.13;17.20;9351346;161869424.00
20160510;17.22;17.42;17.10;17.19;5610039;96770672.00
20160511;17.24;17.44;17.10;17.14;5231274;90248760.00
20160512;17.00;17.65;16.73;17.47;8303640;143574720.00
20160513;17.48;17.63;17.12;17.23;6517804;113526048.00
20160516;17.18;17.52;17.10;17.46;5094968;88569344.00
20160517;17.50;17.56;17.19;17.38;5963990;103618232.00
20160518;17.31;17.45;16.84;17.12;7598998;130510720.00
20160519;17.21;17.49;17.15;17.17;6402532;111036064.00
20160520;17.23;17.50;17.01;17.43;6045735;104581320.00
20160523;17.50;17.69;17.43;17.55;6555345;115246208.00
20160524;17.56;17.59;17.31;17.40;5799687;101122936.00
20160525;17.59;17.84;17.36;17.38;6655295;117261520.00
20160526;17.30;17.45;17.05;17.38;7369560;127016896.00
20160527;17.34;17.44;17.22;17.26;4483868;77754856.00
20160530;17.17;17.24;16.95;17.05;4980642;85184920.00
20160531;17.15;17.83;17.08;17.81;11966945;210266384.00
20160601;17.81;18.05;17.73;17.83;9918022;177440992.00
20160602;17.85;17.99;17.75;17.95;8045357;143789760.00
20160603;18.05;18.23;17.93;18.00;10549313;190936032.00
20160606;18.00;18.19;17.71;17.83;7343643;131499744.00
20160607;18.00;18.00;17.74;17.85;5564168;99171816.00
20160608;17.81;18.03;17.54;17.91;8886161;158036000.00
20160613;17.60;17.82;16.97;16.99;12499580;217047232.00
20160614;16.99;17.10;16.78;17.04;6511546;110388744.00
20160615;16.93;17.52;16.81;17.35;9087241;157499680.00
20160616;17.51;17.78;17.30;17.62;11027409;193513040.00
20160617;17.73;17.94;17.62;17.71;9742426;173485248.00
20160620;17.70;17.70;17.32;17.48;5979962;104526584.00
20160621;17.68;17.78;17.20;17.25;6805732;119150888.00
20160622;17.21;17.65;17.18;17.48;7100423;123007848.00
20160623;17.50;17.97;17.49;17.74;12487022;221986016.00
20160624;17.74;17.87;16.91;17.30;11708569;204682288.00
20160627;17.10;18.24;17.10;18.15;19021272;341395904.00
20160628;18.12;18.44;18.00;18.25;15375142;279985536.00
20160629;18.26;18.45;18.05;18.14;10595141;192624448.00
20160630;18.19;18.38;18.10;18.21;11186559;204171728.00
