20091030;74.00;108.00;65.01;75.15;11110913;865163392.00
20091102;67.64;74.99;67.64;68.58;4326984;301303840.00
20091103;71.00;71.98;68.18;69.45;2503327;175888384.00
20091104;69.85;73.50;69.51;72.24;2065914;147980000.00
20091105;71.82;75.29;70.21;72.88;2281412;166084704.00
20091106;72.00;72.75;69.60;70.41;1626976;115327880.00
20091109;70.10;70.58;68.55;69.08;980399;67931944.00
20091110;69.29;71.46;68.50;68.65;1082126;75335096.00
20091111;68.01;69.98;67.62;69.38;1011687;69592760.00
20091112;69.22;70.37;68.81;69.71;1010936;70324240.00
20091113;69.89;74.80;69.66;72.70;2160550;156726240.00
20091116;72.01;73.69;71.66;73.00;1118794;81384584.00
20091117;72.82;74.08;71.30;71.93;988927;71716392.00
20091118;71.82;73.90;71.61;73.19;1313077;95686136.00
20091119;73.30;80.20;73.02;76.64;2954669;226012384.00
20091120;75.93;77.50;74.23;75.15;1303910;98419232.00
20091123;75.31;78.88;75.31;77.65;1299536;99879512.00
20091124;77.71;78.40;70.58;71.10;1787271;133644464.00
20091125;71.76;75.10;70.52;74.90;1285436;94204464.00
20091126;74.90;76.77;73.25;74.05;1453026;108763352.00
20091127;73.80;76.98;73.00;76.38;1617788;121882696.00
20091130;76.94;77.97;74.51;77.57;1381966;105681896.00
20091201;77.57;77.88;75.61;76.80;1175977;89982656.00
20091202;77.00;80.88;76.55;79.39;1924244;152275664.00
20091203;79.00;84.33;78.45;83.90;2043902;167996096.00
20091204;80.98;81.94;75.51;76.65;2222206;173402256.00
20091207;76.03;78.16;74.81;77.20;971963;74737792.00
20091208;77.00;79.30;75.50;78.79;1112060;86419648.00
20091209;78.24;81.14;77.51;79.00;1353528;107599616.00
20091210;78.68;80.40;77.81;77.88;939325;74049712.00
20091211;77.35;78.34;73.00;74.66;1265254;95612192.00
20091214;75.00;75.00;72.00;73.67;681634;49988908.00
20091215;73.71;75.28;73.51;74.20;513672;38144056.00
20091216;74.00;74.35;72.00;72.31;714710;52172060.00
20091217;72.00;72.29;68.53;69.20;913289;63845824.00
20091218;68.21;71.24;66.13;69.12;940979;64359208.00
20091221;69.00;70.82;68.35;69.78;402976;28074094.00
20091222;69.61;69.86;66.80;66.88;545308;36929344.00
20091223;66.68;68.69;66.52;68.28;532747;36300208.00
20091224;67.76;69.66;66.90;69.48;635578;43588904.00
20091225;69.20;69.20;66.90;67.09;727413;49054176.00
20091228;67.00;68.29;67.00;67.60;386314;26167112.00
20091229;67.85;68.50;67.51;68.38;451816;30738890.00
20091230;68.89;75.22;68.81;74.50;3035337;225917840.00
20091231;72.99;73.26;71.50;72.28;1436233;103890240.00
20100104;72.90;73.75;72.00;72.65;752808;54884716.00
20100105;72.66;75.22;72.66;73.40;1024539;75889824.00
20100106;73.36;73.37;71.10;71.11;859352;61730976.00
20100107;70.76;71.50;68.80;68.95;730498;51005476.00
20100111;67.89;70.20;67.02;69.28;706094;48555696.00
20100112;68.98;71.47;68.98;70.90;553496;39132344.00
20100113;70.00;71.96;69.01;71.48;623991;44065876.00
20100114;71.40;74.72;71.30;73.87;964211;70904760.00
20100115;73.61;73.86;72.40;73.28;502000;36595832.00
20100118;73.01;74.38;72.63;73.40;443803;32497694.00
20100119;73.29;73.40;71.29;71.46;492747;35355148.00
20100120;71.05;71.40;67.75;67.75;858805;59189848.00
20100121;67.86;68.90;67.60;68.41;300726;20534464.00
20100122;67.55;67.60;65.02;65.70;655622;43344648.00
20100125;64.00;65.10;63.52;63.88;425258;27244756.00
20100126;65.15;65.63;63.80;64.16;471773;30559478.00
20100127;65.56;65.60;64.22;64.46;365233;23694720.00
20100128;64.63;64.63;61.41;62.39;520696;32385986.00
20100129;61.26;63.50;61.25;62.15;451326;28252602.00
20100201;57.00;63.50;57.00;57.97;2768516;160746528.00
20100202;57.97;58.76;57.00;57.11;952728;55235956.00
20100203;57.00;57.20;54.05;56.59;953057;53055556.00
20100204;56.06;58.00;55.50;57.09;637126;36446160.00
20100205;56.60;59.68;56.00;58.78;827017;48244760.00
20100208;59.00;61.89;58.99;60.98;899957;54760252.00
20100209;61.10;61.60;60.11;61.12;528921;32158170.00
20100210;61.90;64.35;61.90;64.00;1029103;65360968.00
20100211;63.99;68.45;63.58;66.75;1201067;79733384.00
20100212;66.74;73.42;66.50;73.41;1547473;108629720.00
20100222;73.41;74.40;70.50;72.60;1388440;100374000.00
20100223;72.22;77.80;72.22;77.72;1844577;139093376.00
20100224;77.80;84.00;76.80;82.30;2256643;180879568.00
20100226;88.00;89.90;81.50;82.08;4700471;399714880.00
20100301;81.00;83.25;80.00;81.95;1839356;150615680.00
20100302;81.55;84.99;81.50;82.99;1836560;153627136.00
20100303;83.00;84.48;81.70;81.78;1339112;110876912.00
20100304;81.40;81.98;78.01;78.10;1336362;106862088.00
20100305;78.40;80.54;78.40;79.99;1148150;91671760.00
20100308;80.40;84.60;80.22;83.50;1661134;137136416.00
20100309;83.49;83.49;82.30;82.98;769960;63817008.00
20100310;82.60;84.48;80.80;81.06;825739;68072392.00
20100311;81.00;87.51;80.60;86.94;2253806;190322912.00
20100312;86.49;89.88;84.20;84.50;2230540;194045712.00
20100315;83.78;86.06;83.40;85.20;874908;73920144.00
20100316;85.50;85.90;81.11;82.65;1123081;93358128.00
20100317;82.21;84.72;82.21;84.60;966383;81074560.00
20100318;84.98;84.98;83.60;83.85;654705;55028780.00
20100319;83.94;85.85;83.53;84.47;737905;62480424.00
20100322;84.98;89.62;84.56;88.65;1449176;126276112.00
20100323;88.30;93.97;88.00;92.27;1844782;168909232.00
20100324;91.98;94.10;91.61;92.40;1342074;124322128.00
20100325;92.60;98.68;92.02;97.20;1607237;154203216.00
20100326;94.90;95.49;90.00;92.99;1632279;152107472.00
20100329;92.99;95.50;89.52;94.15;1341344;124390528.00
20100330;93.88;99.88;93.60;97.65;1440384;140979360.00
20100331;97.90;99.50;96.80;98.55;1092545;107192296.00
20100401;98.10;103.96;97.01;97.30;1828183;184397184.00
20100406;97.38;104.97;97.38;104.70;1438143;147245680.00
20100407;105.50;107.89;104.01;106.80;1437285;152648400.00
20100408;106.05;107.98;102.00;102.89;1372581;144175552.00
20100409;102.88;113.18;102.88;113.18;1871951;203740768.00
20100412;117.00;121.48;112.22;119.99;2380779;279108960.00
20100413;118.40;119.78;107.99;107.99;2717557;301188032.00
20100414;106.70;115.60;104.00;114.35;1949355;213776224.00
20100415;114.00;118.59;102.92;103.55;2580621;281945472.00
20100416;45.98;50.26;45.19;48.62;4420141;213450032.00
20100419;47.50;49.85;46.13;46.40;3792385;181306944.00
20100420;45.00;45.70;41.76;42.10;4473116;190225472.00
20100421;42.02;43.50;41.33;43.18;3402213;145954864.00
20100422;43.48;45.95;42.78;45.24;4324212;191729904.00
20100423;44.75;45.39;42.01;42.60;3672610;160717280.00
20100426;42.25;42.25;40.01;40.85;2459418;100827936.00
20100427;40.49;41.75;40.05;41.46;2501178;102881448.00
20100428;41.30;43.56;40.20;41.70;2613428;109940032.00
20100429;41.44;43.40;41.44;41.84;2493155;106064720.00
20100430;42.10;45.90;40.50;45.20;4067930;174820384.00
20100504;43.98;48.50;43.62;47.80;4519882;213847536.00
20100505;47.81;49.75;47.00;49.15;3782251;183822944.00
20100506;49.16;49.16;44.60;44.77;3894163;183462288.00
20100507;43.09;45.78;41.90;44.00;3327420;145501536.00
20100510;43.50;44.38;39.60;40.00;3289433;135260096.00
20100511;41.00;42.00;39.61;40.48;2428204;99076432.00
20100512;40.77;42.10;40.30;41.45;2693272;111406912.00
20100513;41.20;42.00;38.85;41.41;2505704;101647008.00
20100514;41.03;41.40;40.02;40.85;1828207;74170976.00
20100517;40.05;41.30;39.57;40.00;1858578;75109016.00
20100518;39.62;40.20;36.90;39.09;2615688;100963344.00
20100519;39.00;40.99;38.02;40.30;2746784;109524368.00
20100520;39.70;41.20;39.40;40.09;1967276;79328504.00
20100521;38.64;41.65;38.51;41.30;2893819;116374320.00
20100524;41.50;43.65;41.26;43.11;2914371;124596632.00
20100525;42.80;43.50;41.43;41.82;2639852;112094872.00
20100526;41.24;42.30;40.40;40.75;1880630;77351664.00
20100527;40.80;42.75;40.38;42.40;2104832;87641032.00
20100528;42.83;44.60;42.60;43.65;3338067;146150848.00
20100531;43.30;46.57;43.30;44.49;4490206;202753344.00
20100601;44.02;46.18;43.40;46.03;4777605;215405152.00
20100602;45.90;46.30;43.90;45.78;3538449;160114320.00
20100603;46.15;48.48;46.12;46.90;4534936;215211152.00
20100604;46.69;48.30;45.80;48.18;3738705;175529840.00
20100607;46.80;49.95;46.22;48.94;5029914;244094992.00
20100608;49.00;49.78;47.15;47.98;3959259;190236640.00
20100609;48.00;49.52;47.30;47.98;4898518;237146592.00
20100610;47.75;50.90;47.50;50.26;4837695;238628144.00
20100611;50.15;51.30;49.88;49.88;3718343;187478736.00
20100617;50.00;50.48;46.11;46.14;3105084;148720560.00
20100618;45.85;46.00;41.53;41.53;3891026;168768944.00
20100621;41.55;43.65;40.55;43.21;2483065;105244680.00
20100622;43.22;43.93;42.58;42.60;1833281;79391296.00
20100623;42.17;43.75;41.60;43.44;1643852;70647768.00
20100624;43.40;43.75;42.85;43.20;1206710;52184448.00
20100625;43.00;43.20;40.00;41.00;2278991;94422144.00
20100628;40.30;41.31;40.11;40.44;1345150;54534640.00
20100629;40.40;40.90;37.25;37.36;2572852;99253952.00
20100630;37.00;38.50;35.60;38.12;1817107;67059388.00
20100701;37.60;38.17;36.50;36.55;1067381;39783352.00
20100702;36.22;36.98;34.50;36.89;1859852;66760056.00
20100705;35.89;36.86;35.20;36.47;1134992;41021616.00
20100706;36.39;38.45;36.00;38.13;1692864;64129356.00
20100707;38.10;38.87;37.61;38.52;1337289;51309116.00
20100708;38.59;38.98;37.52;38.00;1205247;45946132.00
20100709;37.64;39.74;37.63;39.22;1373045;53396820.00
20100712;39.50;39.50;38.58;38.96;1347583;52619188.00
20100713;38.90;38.96;37.51;38.58;1312109;50073060.00
20100714;38.80;39.43;38.30;38.66;1167027;45310492.00
20100715;38.60;38.60;37.30;37.45;1031738;39104808.00
20100716;37.00;37.27;36.07;36.88;1138622;41644408.00
20100719;36.00;37.60;36.00;37.40;853916;31640832.00
20100720;37.69;39.36;37.41;39.00;1462968;56425980.00
20100721;39.16;39.89;38.69;38.79;1559653;61201372.00
20100722;38.39;39.48;38.38;39.35;1021571;40000084.00
20100723;39.35;40.10;39.03;39.88;1562488;61984560.00
20100726;40.00;40.40;39.35;39.93;1076719;42930220.00
20100727;40.20;40.20;39.10;39.25;1148656;45479848.00
20100728;39.25;39.88;38.90;39.83;1322481;52265656.00
20100729;39.03;39.63;39.03;39.29;2615699;102816624.00
20100730;39.16;39.16;37.76;38.23;2306432;88367976.00
20100802;38.18;39.68;38.00;39.50;2589442;101646576.00
20100803;39.78;39.80;38.75;38.86;1861324;73006664.00
20100804;38.88;39.10;37.78;38.50;1768917;67735064.00
20100805;38.70;39.29;38.50;38.62;1579744;61475808.00
20100806;38.70;39.34;38.20;39.33;1781073;69271152.00
20100809;39.50;40.78;39.31;40.69;2676952;107988624.00
20100810;40.70;40.72;38.62;38.66;2307208;91266840.00
20100811;38.59;39.13;38.08;38.79;1035722;40063368.00
20100812;38.31;38.77;38.00;38.13;1379273;52830656.00
20100813;38.16;38.60;37.50;38.48;1213924;46170796.00
20100816;38.55;39.26;38.25;39.18;1587752;61818672.00
20100817;39.00;39.62;38.80;39.19;1658962;65037892.00
20100818;39.58;40.76;39.58;39.91;2898713;116545008.00
20100819;39.69;40.10;39.16;39.47;1720359;67942848.00
20100820;38.99;39.10;38.05;38.18;1595804;61421812.00
20100823;38.10;38.45;37.73;37.79;1035452;39384644.00
20100824;37.82;38.27;37.50;38.24;876626;33272932.00
20100825;38.06;38.06;36.80;36.86;1556373;58157156.00
20100826;36.61;37.47;36.42;36.81;798986;29368970.00
20100827;36.66;38.19;36.55;37.72;1086400;40671032.00
20100830;37.99;38.17;37.55;38.12;1401062;53198268.00
20100831;38.07;38.07;37.00;37.69;1276295;47949048.00
20100901;37.66;37.77;36.45;36.78;1526645;56581420.00
20100902;36.95;37.24;36.42;36.88;1098915;40447684.00
20100903;36.84;37.96;36.55;37.61;1737676;65162556.00
20100906;37.85;38.50;37.65;37.69;1899328;72287040.00
20100907;37.70;37.78;36.88;37.34;932708;34724652.00
20100908;37.35;38.11;37.34;37.80;1103319;41596196.00
20100909;38.00;40.76;37.83;39.96;4708499;185826608.00
20100910;39.35;41.10;38.89;40.58;3528256;142112976.00
20100913;40.50;42.48;40.13;40.20;3443259;141613936.00
20100914;39.83;40.99;39.80;39.85;1892126;76120224.00
20100915;39.42;39.99;37.68;38.25;2065117;79697456.00
20100916;37.96;38.20;36.15;36.20;2332942;85556088.00
20100917;36.28;36.70;36.10;36.29;936452;33990100.00
20100920;36.28;36.70;35.00;35.47;997349;35674260.00
20100921;35.47;35.82;34.27;34.37;976093;33840848.00
20100927;34.37;35.10;33.68;34.75;1140040;39083936.00
20100928;34.88;34.97;34.10;34.57;660249;22782392.00
20100929;34.30;34.91;34.30;34.58;702472;24338264.00
20100930;34.50;35.70;34.40;35.38;578011;20333728.00
20101008;35.42;36.00;35.00;35.60;1009099;35908776.00
20101011;35.50;35.50;34.61;34.92;1603572;55940660.00
20101012;34.95;36.05;34.84;35.28;1162193;41158104.00
20101013;35.40;36.50;35.25;36.39;1643835;58868240.00
20101014;36.42;37.79;36.01;36.70;2168257;80168136.00
20101015;36.30;36.62;35.48;35.83;1537300;55395116.00
20101018;35.90;35.90;34.13;34.96;1099910;38315760.00
20101019;34.95;38.46;34.51;38.46;2505282;95422024.00
20101020;39.50;41.50;39.00;39.97;5292628;212289792.00
20101021;39.70;39.80;37.00;39.00;2161979;84311072.00
20101022;38.66;41.54;38.66;40.72;2797158;114224128.00
20101025;41.10;42.42;41.01;41.57;2560425;106799864.00
20101026;41.41;41.41;39.23;40.50;2416578;97353880.00
20101027;40.07;40.47;38.69;38.90;1711300;67587584.00
20101028;38.50;39.15;37.70;38.83;1383175;53111956.00
20101029;38.60;40.03;38.30;39.24;1804786;71204080.00
20101101;39.20;41.65;39.09;40.78;4290891;174196880.00
20101102;40.80;41.50;39.40;39.68;2762100;111797952.00
20101103;38.99;38.99;37.24;37.32;3116705;117649976.00
20101104;37.35;37.58;36.70;37.15;2035914;75454552.00
20101105;37.80;38.25;37.59;37.88;1672867;63289328.00
20101108;38.00;39.25;38.00;38.83;1948040;75569384.00
20101109;38.89;39.18;38.00;38.56;1736671;66732740.00
20101110;38.37;40.30;38.11;40.03;3270101;129911296.00
20101111;39.85;42.40;39.71;40.64;5838715;241139408.00
20101112;40.50;44.00;40.29;42.77;7967745;335951616.00
20101115;43.50;47.05;43.50;47.05;8947674;414253952.00
20101116;46.99;48.15;45.00;46.17;6730556;314464512.00
20101117;45.32;47.25;41.55;41.56;5975748;262662432.00
20101118;42.10;43.10;41.00;42.50;3006934;127328984.00
20101119;42.91;46.60;42.33;46.10;4722674;212438112.00
20101122;46.40;49.00;44.73;46.21;5213682;246564432.00
20101123;45.20;47.39;43.50;46.50;3469594;157535616.00
20101124;46.30;48.50;46.30;48.11;3448544;164171008.00
20101125;49.50;49.70;46.75;47.27;3148617;150616128.00
20101126;47.08;47.88;46.70;47.30;2845859;134250480.00
20101129;47.30;47.78;46.11;46.30;2414780;112778760.00
20101130;47.00;48.45;43.50;45.00;3937753;180726912.00
20101201;44.88;45.33;43.66;44.70;1737587;77325320.00
20101202;45.01;45.99;44.75;44.82;1420304;64486300.00
20101203;44.81;45.55;43.89;44.30;1221235;54372676.00
20101206;44.41;45.82;44.03;45.26;1971914;88758128.00
20101207;45.02;46.27;44.35;45.46;1661122;75518264.00
20101208;45.98;46.50;45.03;45.20;1787582;81859488.00
20101209;44.90;45.02;43.30;43.60;1705924;75359376.00
20101210;43.61;45.13;43.60;44.66;1441774;64258620.00
20101213;45.00;48.00;45.00;47.37;2641859;124197968.00
20101214;47.40;48.30;46.90;47.93;2438520;115951088.00
20101215;47.90;48.34;46.87;46.90;2540086;121151832.00
20101216;47.01;49.90;46.71;49.31;3164739;153349424.00
20101217;49.75;53.78;49.75;52.78;5096653;266237536.00
20101220;53.90;54.19;51.04;52.45;4777554;250116912.00
20101221;52.38;55.05;52.25;52.60;4274468;230484160.00
20101223;52.58;54.95;51.69;54.20;3362153;180918160.00
20101224;53.76;54.70;50.70;51.52;3375259;177835840.00
20101227;51.53;54.51;48.47;50.40;3618079;190062976.00
20101228;49.51;52.39;49.20;51.60;2849818;146694864.00
20101229;52.00;56.68;52.00;56.68;4415088;243473888.00
20101230;56.00;57.46;55.30;56.96;3618821;203232176.00
20101231;56.77;57.99;56.12;57.77;2720451;155161088.00
20110104;57.80;62.80;57.68;61.30;3159332;192025040.00
20110105;61.38;66.00;60.03;66.00;3814819;243247200.00
20110106;65.92;68.44;63.65;63.98;4016002;262884320.00
20110107;63.98;65.78;62.28;65.00;3468081;222006816.00
20110110;65.00;65.69;62.50;62.50;2675576;170610800.00
20110111;62.09;62.47;60.80;62.00;1770576;108767840.00
20110112;62.90;68.20;62.00;68.20;3750268;243686624.00
20110113;68.21;69.50;66.01;68.00;2744142;186161408.00
20110114;67.50;67.50;63.85;63.85;2540019;165552864.00
20110117;62.61;62.61;57.47;57.47;3471218;206381776.00
20110118;56.03;59.63;54.95;59.24;2991511;172786896.00
20110119;58.67;60.80;57.82;59.50;1930927;114818888.00
20110120;58.80;61.89;58.21;58.71;2237393;135129264.00
20110121;58.81;60.88;58.00;60.69;2001646;119544840.00
20110124;60.73;64.18;60.73;63.10;2936066;184366080.00
20110125;63.00;63.00;56.79;57.33;2971890;172385472.00
20110126;57.32;58.00;53.91;56.88;1758529;99095280.00
20110127;56.59;58.83;55.33;57.80;1393775;80848552.00
20110128;57.80;58.65;57.10;57.70;1164449;67425368.00
20110131;57.86;59.00;55.58;58.40;1682795;96404224.00
20110201;58.41;62.60;57.75;61.78;2132033;128740144.00
20110209;60.52;65.60;60.08;63.80;2065201;131224704.00
20110210;63.72;65.25;63.00;64.90;1701303;109518160.00
20110211;67.99;69.55;65.06;65.70;2751997;184250768.00
20110214;65.00;65.49;63.01;64.90;2372535;152248128.00
20110215;65.13;66.99;64.30;66.15;1759747;115224056.00
20110216;65.98;68.17;65.26;68.10;1918596;128509304.00
20110217;68.00;70.98;67.80;68.90;2357154;163034144.00
20110218;68.73;69.39;65.00;66.00;2535131;169192480.00
20110221;65.18;67.98;65.18;66.93;1750364;116320896.00
20110222;67.00;69.51;66.00;66.89;2930937;199131264.00
20110223;66.85;72.49;66.05;71.89;4053836;285820032.00
20110225;68.88;69.70;64.70;65.24;6952246;462653984.00
20110228;66.02;67.00;65.01;66.88;2835261;187255312.00
20110301;66.88;66.88;64.01;64.75;2833263;184663056.00
20110302;64.65;64.65;62.50;63.44;2490196;157258288.00
20110303;63.07;64.40;60.53;60.60;2729650;169767600.00
20110304;60.92;62.94;60.60;62.12;2095490;129943208.00
20110307;61.98;65.00;61.80;64.57;2118778;135787600.00
20110308;64.53;64.89;63.54;64.82;1241340;79704560.00
20110309;64.40;64.50;62.01;63.50;1946012;122416792.00
20110310;63.20;65.30;62.65;63.52;1836053;117722840.00
20110311;63.00;66.49;62.55;65.70;3385712;220401952.00
20110314;65.41;67.69;65.41;67.21;2635128;175643936.00
20110315;67.00;67.12;63.90;65.30;2246837;146903360.00
20110316;65.31;66.00;64.28;65.00;1419056;92098664.00
20110317;64.90;64.90;61.80;62.10;2723808;171373504.00
20110318;62.62;63.49;62.11;62.95;1062978;66788852.00
20110322;63.40;63.50;61.12;62.56;1190131;73956416.00
20110323;62.56;63.50;61.75;63.06;988664;62058336.00
20110324;63.40;65.99;62.00;65.65;2186887;140758464.00
20110325;65.40;66.77;64.30;64.80;1685912;110178704.00
20110328;64.50;65.68;62.86;63.21;1428233;90941960.00
20110329;63.21;63.25;59.27;61.25;2118757;129519584.00
20110330;61.20;62.43;59.40;59.78;1584940;95937344.00
20110331;26.89;28.35;26.67;27.16;3441230;95346880.00
20110401;26.50;27.40;26.30;26.80;2968936;79257256.00
20110406;26.40;26.40;24.91;25.28;4973877;126540920.00
20110407;25.11;26.45;24.68;26.39;4409904;114289416.00
20110408;26.19;27.35;25.90;26.88;3989497;107030872.00
20110411;27.04;27.04;26.16;26.50;2900382;76740672.00
20110412;26.50;26.92;26.22;26.66;2091001;55765172.00
20110413;26.70;29.33;26.68;29.33;11078606;319141856.00
20110414;29.00;29.96;28.73;29.38;8342195;244830384.00
20110415;29.09;29.90;28.66;29.61;4350614;126992632.00
20110418;29.50;30.28;28.61;29.20;4960193;145001072.00
20110419;28.95;29.60;27.85;28.82;4213430;121086288.00
20110420;28.85;30.62;28.51;30.13;7668593;228538256.00
20110421;30.16;31.20;29.68;29.82;7262755;220815840.00
20110422;29.60;30.45;29.33;29.86;4436654;133082744.00
20110425;29.82;30.28;28.11;28.55;5068119;146393104.00
20110426;28.35;28.38;26.50;26.88;5035718;136932432.00
20110427;26.20;27.49;26.18;26.45;3207858;85970320.00
20110428;26.58;26.79;23.81;24.77;7540477;187247952.00
20110429;24.58;25.79;24.47;25.37;2826693;71389344.00
20110503;25.06;25.90;24.62;25.61;2324027;59046412.00
20110504;25.60;26.24;25.05;25.44;2982806;76611344.00
20110505;25.16;25.90;24.72;25.32;2108261;53547416.00
20110506;25.01;25.55;24.85;25.03;1990888;50193460.00
20110509;25.10;26.18;25.05;25.95;3349096;86428288.00
20110510;25.98;26.18;25.54;26.08;1745333;45047608.00
20110511;25.92;26.41;25.72;25.83;1781687;46386152.00
20110512;25.60;25.80;24.71;24.83;2412771;60964724.00
20110513;24.82;25.10;24.52;24.98;1759532;43717880.00
20110517;25.01;26.17;25.00;25.67;2663874;68711040.00
20110518;25.64;25.80;25.24;25.52;1265297;32314858.00
20110519;25.41;25.88;24.83;24.98;1950913;49409436.00
20110520;25.03;25.30;24.16;24.45;2004695;49456644.00
20110523;24.00;24.45;22.70;22.85;3353491;78641936.00
20110524;22.90;24.48;22.59;24.10;3256741;77158232.00
20110525;23.85;24.06;22.88;22.90;2360808;55379464.00
20110526;23.16;23.65;22.85;22.91;1518140;35156056.00
20110527;22.85;23.45;22.35;22.90;2058908;47119768.00
20110530;22.62;23.60;22.31;23.12;2389616;55546168.00
20110531;23.44;23.66;22.67;23.47;1947385;45133664.00
20110601;23.60;23.65;23.21;23.50;1595047;37464564.00
20110602;23.26;23.26;22.41;22.81;2466464;56114888.00
20110603;22.71;23.28;22.60;23.22;1705777;39218940.00
20110607;23.19;23.19;22.85;23.00;1253691;28796302.00
20110608;22.81;23.23;22.77;23.21;1375175;31687260.00
20110609;23.06;23.20;22.78;22.80;1311938;30046532.00
20110610;22.70;22.98;22.35;22.75;1301308;29418100.00
20110613;22.51;22.80;21.74;22.30;2031315;45200636.00
20110614;22.25;22.60;22.01;22.43;1261522;28204568.00
20110615;22.35;22.42;21.95;21.98;1085622;24109226.00
20110616;21.60;21.73;21.00;21.02;1769877;37791572.00
20110617;20.90;21.60;20.81;20.82;1409538;29774172.00
20110620;20.75;20.82;20.00;20.20;1574045;31930858.00
20110621;20.38;20.48;20.15;20.35;973408;19753274.00
20110622;20.81;20.86;20.21;20.28;1046812;21413662.00
20110623;20.21;21.72;20.08;21.50;3221999;68340824.00
20110624;21.35;22.09;21.25;21.73;3130993;67961184.00
20110627;21.73;23.13;21.73;22.74;3445605;78220376.00
20110628;22.74;23.18;22.54;22.91;1814766;41463780.00
20110629;23.00;23.10;22.55;22.88;1993917;45512956.00
20110630;22.80;24.50;22.80;24.13;3675752;87378056.00
20110701;24.13;24.79;23.82;23.90;3055482;74009744.00
20110704;23.85;24.50;23.85;24.29;2542339;61642704.00
20110705;24.29;24.50;24.06;24.41;1916552;46606456.00
20110706;24.44;24.44;23.84;24.20;2269372;54639648.00
20110707;24.15;24.95;23.80;24.20;3750202;91278440.00
20110708;24.15;24.52;23.83;24.20;1641742;39785444.00
20110711;23.95;24.60;23.87;24.43;1655741;40289764.00
20110712;24.25;24.39;23.75;23.75;1871373;45018032.00
20110713;23.67;24.52;23.67;24.49;2591023;63026060.00
20110714;24.56;25.19;24.20;25.17;3616769;89408608.00
20110715;25.16;25.75;24.91;25.35;3195707;81113832.00
20110718;25.58;26.17;25.15;25.23;3194767;81723472.00
20110719;25.10;25.10;24.30;24.38;2348273;57550976.00
20110720;24.51;24.70;23.87;24.40;1692962;41150036.00
20110721;24.58;24.67;24.00;24.04;1749086;42534744.00
20110722;24.05;24.35;23.81;24.08;1730864;41715384.00
20110725;23.88;24.04;22.53;22.67;2496478;58149992.00
20110726;22.68;22.88;22.17;22.63;1659766;37292820.00
20110727;22.56;23.51;22.30;23.39;1780569;41018640.00
20110728;23.20;24.43;23.01;24.28;2981370;71225488.00
20110729;24.12;24.79;23.68;23.98;2960849;71757544.00
20110801;24.35;25.86;24.35;25.35;5613075;142116144.00
20110802;24.99;25.78;24.67;25.70;4986526;126150504.00
20110803;25.50;26.33;25.20;25.49;4859801;125551488.00
20110804;25.28;26.50;25.21;25.78;4945201;128813464.00
20110805;25.00;26.47;24.52;25.80;5022749;128333784.00
20110808;25.50;25.79;23.80;24.77;5183548;129133208.00
20110809;23.91;24.99;23.60;24.61;3848971;93988016.00
20110810;25.35;26.76;25.01;26.30;6102868;158247120.00
20110811;25.96;28.36;25.85;27.57;9288123;253248528.00
20110812;27.51;28.20;27.20;27.75;6317979;174749872.00
20110815;27.75;28.59;27.60;27.93;5386134;151561232.00
20110816;28.18;28.30;27.28;27.48;4109941;113590952.00
20110818;27.39;27.64;26.51;26.69;3560788;95777352.00
20110819;25.96;26.58;25.79;26.55;3413291;89403224.00
20110822;26.74;27.24;26.00;26.27;3433867;91721256.00
20110823;26.32;27.28;26.32;27.11;4243982;114303576.00
20110824;27.25;27.60;26.73;26.79;3866530;105006984.00
20110825;26.75;26.98;26.10;26.90;3940015;104400920.00
20110826;26.76;27.25;26.63;26.97;2234021;60158444.00
20110829;26.77;27.79;26.60;27.69;4875784;132882496.00
20110830;27.90;27.90;26.80;26.90;4023596;110150472.00
20110831;26.63;26.95;25.62;26.40;4718176;123310376.00
20110901;26.15;26.54;25.70;25.94;1972857;51441132.00
20110902;26.05;26.05;25.17;25.62;1722540;44035232.00
20110905;25.30;25.36;24.88;25.09;1909610;47972388.00
20110906;24.81;25.08;24.48;24.76;1964400;48579536.00
20110907;25.00;26.15;24.60;26.00;3105428;78767840.00
20110908;26.20;26.23;25.62;25.75;2477306;64220820.00
20110909;25.78;26.13;25.28;25.30;1309476;33560072.00
20110913;24.89;24.90;24.25;24.31;2024241;49484336.00
20110914;24.55;24.98;24.26;24.96;1761502;43440448.00
20110915;24.95;25.68;24.88;25.05;1880761;47542528.00
20110916;25.18;25.43;24.90;24.93;1233589;31021806.00
20110920;24.16;24.47;23.64;24.12;2526653;60667688.00
20110921;24.24;25.05;23.90;24.95;2082978;51362436.00
20110922;24.75;24.82;24.03;24.08;1767972;43164400.00
20110923;23.74;23.75;22.99;23.10;3425544;79786016.00
20110926;23.11;23.50;22.02;22.20;2789358;63426164.00
20110927;22.51;22.75;21.86;22.30;2158927;48078664.00
20110928;22.55;22.55;21.60;21.70;2067597;45684872.00
20110929;21.10;21.49;20.50;20.57;2664907;55651648.00
20110930;20.55;21.15;20.47;20.92;1927469;40178712.00
20111010;21.10;21.49;20.82;21.29;1646544;34818760.00
20111011;21.98;21.99;20.91;21.32;2200560;47565900.00
20111012;21.09;22.30;20.93;22.20;3159207;69190768.00
20111013;22.18;22.98;22.10;22.77;2702441;61382448.00
20111014;22.67;22.85;22.40;22.66;1957992;44160320.00
20111017;22.69;22.86;22.18;22.40;1869424;41986964.00
20111018;22.20;22.29;20.90;20.97;2563840;55607168.00
20111019;21.00;21.28;20.46;20.76;1981607;41096328.00
20111020;20.70;20.70;19.89;20.23;2241912;45161188.00
20111021;20.20;20.53;20.11;20.28;1188489;24125018.00
20111024;20.28;21.07;19.88;20.92;1648212;33808760.00
20111025;20.92;21.78;20.74;21.54;2358357;50400804.00
20111026;21.58;22.11;21.30;21.63;2255611;48846448.00
20111027;21.52;22.15;21.40;21.50;1628795;35447592.00
20111028;21.99;22.35;21.72;22.14;2413412;53177956.00
20111031;22.28;23.40;22.10;23.22;4265829;98128608.00
20111101;23.00;23.43;22.82;23.02;2486087;57527344.00
20111102;22.62;23.44;22.11;23.42;3706756;84459600.00
20111103;23.62;24.63;23.52;23.55;4148805;100254520.00
20111104;23.78;24.13;23.38;23.76;2153928;51172768.00
20111107;23.62;24.10;23.29;23.72;2609355;62005272.00
20111108;23.70;23.85;22.92;22.92;1966277;45862424.00
20111109;23.13;23.69;22.90;23.69;2034549;47563360.00
20111110;23.36;24.88;23.25;24.41;6500133;158136848.00
20111111;24.51;24.77;23.77;24.10;3379164;81885112.00
20111114;24.40;24.81;24.29;24.71;3461661;85143936.00
20111115;24.71;24.89;24.46;24.71;2441030;60302060.00
20111116;24.61;24.69;23.75;24.09;3313853;79687008.00
20111117;24.50;24.75;23.74;23.76;3186320;76811288.00
20111118;23.35;23.45;22.60;22.60;3235238;74417992.00
20111121;22.62;22.92;22.36;22.70;1699073;38326752.00
20111122;22.47;23.08;22.21;22.89;2065676;46986664.00
20111123;22.81;23.33;22.60;22.71;1694476;38875648.00
20111124;22.23;22.82;22.15;22.43;1610814;36130028.00
20111125;22.45;22.76;22.32;22.70;1441391;32569618.00
20111128;22.80;23.05;22.61;22.76;1729914;39465696.00
20111129;23.00;23.99;22.71;23.95;2594887;60504636.00
20111130;23.80;23.86;21.98;22.65;3006394;68782744.00
20111201;23.35;23.70;23.05;23.07;2934491;68519944.00
20111202;23.20;23.49;22.11;22.27;2272182;51379012.00
20111205;22.27;22.40;21.44;21.45;1447671;31398042.00
20111206;21.40;21.85;21.23;21.58;1082009;23320610.00
20111207;21.60;21.91;21.41;21.69;845849;18359694.00
20111208;21.50;22.16;21.21;21.86;1173589;25554610.00
20111209;21.63;21.91;21.37;21.51;891950;19282120.00
20111212;21.50;21.99;21.10;21.13;1349777;29108494.00
20111213;20.95;21.15;20.34;20.50;1363589;28164572.00
20111214;20.58;20.85;20.35;20.50;926548;19057616.00
20111215;20.49;20.50;19.89;20.19;1704543;34383752.00
20111216;20.28;21.24;20.28;21.22;1623846;33610148.00
20111219;21.10;21.70;20.83;21.63;1849316;39163068.00
20111220;21.54;21.77;21.10;21.21;1288272;27610740.00
20111221;21.33;21.60;20.47;20.49;1161411;24460104.00
20111222;20.13;20.55;19.50;20.10;2578230;51663532.00
20111223;20.07;20.49;19.84;20.02;1623605;32721436.00
20111226;20.00;20.25;19.53;19.57;1413573;28080622.00
20111227;19.46;19.64;17.61;17.61;4280743;78529168.00
20111228;17.26;17.48;16.39;17.05;3604511;60498392.00
20111229;16.95;17.65;16.83;17.35;2218659;38564728.00
20111230;17.52;18.24;17.41;17.73;1874372;33587288.00
20120104;17.86;18.18;17.38;17.40;1596315;28331590.00
20120105;17.30;18.08;16.64;16.70;3611101;62728468.00
20120106;16.74;17.40;16.40;17.33;1613499;27272008.00
20120109;17.50;18.78;17.11;18.78;2762926;49758272.00
20120110;18.78;19.25;18.47;19.15;3524444;66463716.00
20120111;19.08;19.19;18.75;18.90;2022354;38311136.00
20120112;18.70;19.15;18.58;18.82;1832316;34541124.00
20120113;18.69;18.82;17.40;17.56;2865225;51574628.00
20120116;17.30;17.70;16.80;16.89;1865208;32044122.00
20120117;17.00;18.10;16.98;18.02;2477792;43449156.00
20120118;18.01;18.55;17.30;17.40;2296510;41240812.00
20120119;17.65;18.25;17.42;18.00;1895157;34039168.00
20120120;18.25;19.02;18.02;18.78;2667337;49521592.00
20120130;18.90;19.15;18.50;18.63;1843188;34752156.00
20120131;18.55;18.97;18.31;18.94;1484980;27794846.00
20120201;18.96;19.53;18.63;18.98;2815266;54262432.00
20120202;19.19;19.43;19.02;19.38;1971271;37959780.00
20120203;19.25;19.59;19.10;19.40;2403855;46405940.00
20120206;19.43;19.59;19.10;19.28;1950493;37700624.00
20120207;19.07;19.20;18.68;18.96;1974137;37337740.00
20120208;18.96;19.66;18.72;19.53;2086768;40217096.00
20120209;19.55;19.77;19.28;19.49;2182158;42639284.00
20120210;19.48;19.64;19.28;19.40;1741363;33862836.00
20120213;19.10;19.78;19.00;19.53;2071249;40216492.00
20120214;19.41;20.13;19.39;19.66;2407952;47736216.00
20120215;19.70;19.94;19.39;19.80;2191965;43125160.00
20120216;19.70;20.28;19.62;19.99;2449438;48967864.00
20120217;20.11;20.36;19.73;19.85;1489294;29675042.00
20120220;20.05;20.28;19.83;19.83;2048434;41042904.00
20120221;19.76;20.08;19.52;19.95;2226241;44125300.00
20120222;20.00;21.06;19.93;20.89;5510200;113712232.00
20120223;20.95;21.10;20.66;20.87;3085981;64382204.00
20120224;20.87;21.25;20.72;21.01;2502132;52480952.00
20120227;21.06;21.38;20.75;20.75;2973952;62738224.00
20120228;20.78;20.93;20.03;20.39;3054274;62336084.00
20120229;20.00;20.00;19.00;19.10;8138055;158326096.00
20120301;19.00;19.76;18.93;19.55;3528881;68715856.00
20120302;19.60;20.08;19.54;19.97;3209269;63639820.00
20120305;20.02;20.69;19.97;19.97;4016301;81570080.00
20120306;19.90;20.05;19.28;19.89;2924079;57512992.00
20120307;19.64;19.98;19.46;19.57;2778763;54810916.00
20120308;19.69;20.14;19.58;19.84;2261586;44867452.00
20120309;19.99;20.54;19.84;20.34;3329416;67509432.00
20120312;20.45;20.67;20.25;20.40;2261110;46198928.00
20120313;20.47;20.59;20.14;20.44;2889618;58886224.00
20120314;20.59;21.05;19.10;19.46;5414576;110241496.00
20120315;19.41;19.74;19.00;19.16;3415373;65842584.00
20120316;19.30;19.99;19.00;19.81;2621392;50992904.00
20120319;19.70;20.16;19.43;20.04;2802780;55302196.00
20120320;20.00;20.03;19.28;19.33;3054535;59629992.00
20120321;19.60;19.63;19.01;19.40;2326950;44879860.00
20120322;19.30;19.40;18.95;19.21;2395423;45812404.00
20120326;18.79;18.96;18.30;18.47;3047793;56683304.00
20120327;18.67;18.67;18.13;18.16;2751747;50693844.00
20120328;18.23;18.23;17.41;17.55;3203485;56877340.00
20120329;17.40;17.45;16.50;16.99;4564150;77536272.00
20120330;17.01;17.14;16.78;17.08;1862084;31590660.00
20120405;17.01;17.77;16.92;17.70;2596275;45257912.00
20120406;17.70;17.88;17.34;17.55;2134517;37601876.00
20120409;17.55;17.55;17.12;17.15;1546225;26771850.00
20120410;16.98;17.45;16.63;17.44;1788231;30441586.00
20120411;17.26;17.89;17.11;17.65;2114037;37226156.00
20120412;17.70;18.10;17.58;18.04;2341656;41932988.00
20120413;18.05;18.18;17.88;17.99;2001061;36050636.00
20120416;17.81;18.12;17.76;17.90;1702872;30564844.00
20120417;17.87;17.98;17.53;17.57;1699355;30014228.00
20120418;17.65;18.12;17.60;18.04;1882281;33749768.00
20120419;18.13;18.34;17.90;18.06;1736164;31497946.00
20120420;18.09;18.36;17.82;18.31;2390745;43222828.00
20120423;18.21;18.21;17.37;17.46;3603134;63653648.00
20120424;17.25;18.00;17.08;18.00;3526008;62390932.00
20120425;18.25;18.88;18.25;18.47;4523026;84175376.00
20120426;18.29;18.76;18.05;18.17;2627738;48159044.00
20120427;18.10;18.88;18.10;18.62;3606082;66993152.00
20120502;18.95;18.95;18.53;18.67;2857344;53360356.00
20120503;18.74;19.59;18.50;19.34;3952020;75262704.00
20120504;19.17;20.20;19.17;19.93;5862600;115965272.00
20120507;19.81;21.08;19.77;20.81;6622377;136691104.00
20120508;20.85;21.35;20.57;20.72;4688261;97824712.00
20120509;20.57;20.67;20.30;20.36;3438523;70268008.00
20120510;20.32;21.29;20.25;20.32;5398176;111521296.00
20120511;20.32;20.45;19.90;20.20;3010245;60692240.00
20120514;20.30;20.69;20.00;20.30;2678446;54523460.00
20120515;20.05;20.57;19.79;20.45;2786789;55871764.00
20120516;20.30;20.88;20.30;20.56;2758356;56725404.00
20120517;20.56;21.18;20.38;20.41;4113534;85293056.00
20120518;20.09;20.26;19.63;19.67;3668573;73151296.00
20120521;19.70;20.09;19.55;19.88;1691484;33570312.00
20120522;20.01;20.12;19.78;20.08;1337124;26698840.00
20120523;20.05;20.30;19.30;20.24;2905178;57525516.00
20120524;20.06;20.42;19.88;19.95;1597447;32182466.00
20120525;19.96;20.46;19.85;19.93;1796657;36211652.00
20120528;19.85;20.11;19.31;20.05;2098633;41592120.00
20120529;20.02;20.77;20.00;20.60;3205767;65963152.00
20120530;20.48;20.86;20.48;20.73;2490444;51538540.00
20120531;20.80;21.20;20.63;21.14;4250580;88994664.00
20120601;21.08;21.25;20.68;20.96;2620578;54980604.00
20120604;20.48;20.73;20.00;20.18;2928747;59688760.00
20120605;20.15;20.50;20.10;20.27;1718624;34833672.00
20120606;20.25;20.38;20.02;20.20;1167651;23587900.00
20120607;20.40;20.54;20.06;20.28;1259932;25625892.00
20120608;20.40;20.58;20.14;20.20;1596758;32521120.00
20120611;20.35;20.82;20.25;20.82;1844988;38021204.00
20120612;20.66;21.30;20.63;20.93;3829133;80696568.00
20120613;20.97;21.30;20.88;21.16;2114893;44678336.00
20120614;21.19;21.23;20.55;20.69;2112097;44044340.00
20120615;20.67;22.00;20.67;22.00;6356410;137270752.00
20120618;22.01;22.27;21.80;22.21;3961701;87395584.00
20120619;22.20;22.20;21.86;22.02;2086744;45891488.00
20120620;22.08;22.11;21.50;21.89;2470319;53732048.00
20120621;21.86;22.75;21.60;22.68;3692886;81553392.00
20120625;22.50;22.80;21.58;21.89;3973061;88096696.00
20120626;21.64;21.70;20.84;21.51;3694656;78504888.00
20120627;21.45;21.75;21.23;21.47;1700539;36601496.00
20120628;21.47;22.15;21.37;21.78;2774026;60541412.00
20120629;21.66;22.13;21.25;22.07;3147398;68070560.00
20120702;22.05;22.47;21.92;22.37;2721740;60471832.00
20120703;22.37;22.80;21.86;21.89;3439954;76880960.00
20120704;21.90;22.09;21.59;21.95;1531764;33425806.00
20120705;21.98;22.00;21.30;21.65;2430616;52501968.00
20120706;21.77;21.80;20.67;21.46;4036406;85493520.00
20120709;21.20;21.24;20.39;20.53;2622149;54599724.00
20120710;20.47;20.82;20.16;20.70;1895879;38916616.00
20120711;20.53;20.87;20.51;20.67;1225530;25368928.00
20120712;20.72;21.40;20.60;21.38;2849215;59854408.00
20120713;21.25;21.65;21.15;21.49;2151184;46030592.00
20120716;21.35;21.55;20.28;20.30;1905037;39635112.00
20120717;20.30;20.80;20.24;20.57;1207710;24766458.00
20120718;20.35;20.85;20.00;20.81;1714231;35116868.00
20120719;20.80;21.62;20.69;21.38;2726320;58109700.00
20120720;21.30;21.87;21.23;21.38;2607844;56496148.00
20120723;21.28;22.18;21.11;21.89;3071973;66932372.00
20120724;21.70;22.10;21.60;21.77;2112731;46125564.00
20120725;21.88;22.06;21.67;22.05;2069939;45321820.00
20120726;22.25;23.51;22.25;23.04;8296136;190993184.00
20120727;23.08;23.20;22.30;22.88;3735773;84906400.00
20120730;22.70;23.00;22.14;22.14;2186000;49253288.00
20120731;22.15;22.68;22.10;22.40;2528831;56517952.00
20120801;22.39;23.14;22.20;23.11;3217705;73604192.00
20120802;23.10;23.23;22.58;22.93;2496763;57102436.00
20120803;22.95;23.45;22.62;23.40;3028787;70209776.00
20120806;23.45;23.85;23.21;23.60;3363114;79484632.00
20120807;23.60;23.88;23.22;23.34;3097548;72851344.00
20120808;23.34;23.48;22.85;23.12;2209052;50978824.00
20120809;22.99;23.95;22.88;23.79;3392954;80261424.00
20120810;23.85;24.33;23.41;24.15;4190971;100378480.00
20120813;23.95;24.26;23.58;23.97;2872911;68598104.00
20120814;23.80;24.16;23.50;23.98;2600006;62067036.00
20120815;24.00;24.40;23.68;24.22;3338292;80418312.00
20120816;24.06;24.17;23.25;23.50;3095482;73513288.00
20120817;23.45;23.45;22.62;22.92;2373546;54539484.00
20120820;22.82;23.79;22.63;23.69;2650984;61978704.00
20120821;23.70;24.34;23.69;23.77;2625225;63086836.00
20120822;23.70;24.29;23.68;23.99;2030126;48779004.00
20120823;23.86;24.38;23.86;24.13;1872506;45235708.00
20120824;24.03;24.19;23.20;23.21;2087310;49186616.00
20120827;23.15;23.70;22.93;23.30;2082913;48614860.00
20120828;23.15;23.80;23.13;23.56;1625783;38195552.00
20120829;23.56;24.37;23.40;23.98;3416753;82220904.00
20120830;25.80;26.38;23.19;23.91;7288614;179394816.00
20120831;23.62;23.88;22.70;23.32;3362199;78422304.00
20120903;23.12;24.00;23.12;23.91;2214954;52494908.00
20120904;23.96;25.10;23.85;24.44;5082263;125051464.00
20120905;24.40;25.80;24.40;25.51;7474728;189291312.00
20120906;25.52;25.88;25.13;25.37;3580653;90820856.00
20120907;25.70;26.25;25.30;25.78;5550582;143004208.00
20120910;25.68;26.35;25.46;25.69;3805971;98752600.00
20120911;25.62;25.82;25.10;25.44;2514684;63827352.00
20120912;25.50;26.18;25.20;25.89;4215164;108410080.00
20120913;25.79;25.98;25.12;25.19;2634981;67124088.00
20120914;25.36;25.49;24.60;25.10;2620083;65607512.00
20120917;25.06;25.13;24.68;24.90;1447187;35982792.00
20120918;24.88;25.23;24.50;24.98;1175722;29337128.00
20120919;24.93;25.19;24.58;24.80;1514953;37576908.00
20120920;24.59;24.59;23.50;23.80;3543068;84804584.00
20120921;23.73;23.98;23.00;23.17;2088931;49005292.00
20120924;23.16;23.40;22.50;23.15;2814139;64605408.00
20120925;23.19;23.79;23.00;23.36;2771243;64778420.00
20120926;23.10;23.33;22.28;22.60;2413624;54761952.00
20120927;22.62;23.24;22.62;23.05;2983541;68735776.00
20120928;22.95;23.61;22.76;23.50;2450962;56986380.00
20121008;23.60;23.90;23.30;23.72;1654344;39145436.00
20121009;23.74;24.80;23.74;24.50;3516760;85936704.00
20121010;24.70;25.37;24.48;25.03;3524589;88287160.00
20121011;25.04;25.13;24.60;25.00;3351070;83406936.00
20121012;24.90;25.15;24.00;24.32;2840433;69253008.00
20121015;24.22;24.85;24.05;24.65;2585889;63202508.00
20121016;24.70;25.11;24.58;24.89;3289913;81895592.00
20121017;24.92;25.30;24.71;25.10;1874244;46877240.00
20121018;25.00;25.52;24.91;25.35;2414849;61068196.00
20121019;25.40;25.50;25.01;25.49;1707362;43115408.00
20121022;25.25;26.09;25.24;26.08;3237105;83533488.00
20121023;25.83;26.30;25.69;26.10;3222403;83725672.00
20121024;25.90;26.02;25.26;25.40;2627077;67304560.00
20121025;25.35;25.70;24.90;24.93;1670232;42209660.00
20121026;24.52;25.48;24.48;25.14;3639837;91033400.00
20121029;24.99;25.39;24.71;25.26;1718865;43118324.00
20121030;25.20;25.94;25.19;25.75;2153214;55230344.00
20121031;25.62;25.88;25.40;25.75;1288036;33053420.00
20121101;25.72;25.88;25.48;25.69;1600230;41172936.00
20121102;25.78;25.95;25.20;25.42;1921677;48979404.00
20121105;25.42;25.48;24.72;25.06;2055952;51285832.00
20121106;25.20;25.21;24.60;25.15;1557310;38790468.00
20121107;25.04;25.20;24.85;24.93;1418747;35511332.00
20121108;24.83;25.36;24.73;24.88;1598237;40110844.00
20121109;24.75;25.60;24.75;25.44;2913171;73876456.00
20121112;25.39;25.78;24.96;25.50;2304373;58456560.00
20121113;25.48;25.78;25.31;25.68;2814347;72046624.00
20121114;25.60;25.78;25.12;25.41;2681252;68394560.00
20121115;25.32;25.32;24.78;25.00;1229747;30775900.00
20121116;24.90;24.99;24.32;24.53;1186860;29149362.00
20121119;24.60;24.65;23.92;24.00;1832365;44331952.00
20121120;24.05;24.40;23.98;24.15;1220162;29472668.00
20121121;24.15;24.35;23.41;24.19;2081550;49744624.00
20121122;24.15;24.68;23.94;23.94;1751000;42564052.00
20121123;24.05;24.36;23.90;23.99;1346855;32454422.00
20121126;24.05;24.23;23.75;23.75;705894;16942806.00
20121127;23.70;23.70;23.00;23.25;1218421;28359880.00
20121128;23.20;23.22;22.51;22.80;1567876;35681088.00
20121129;22.82;23.12;22.61;22.86;1007381;23050452.00
20121130;22.86;23.10;22.42;23.02;1009321;23019370.00
20121203;22.99;23.15;22.63;22.65;576947;13183713.00
20121204;22.64;22.68;21.68;22.50;1803059;39805520.00
20121205;22.42;23.70;22.23;23.61;1590304;36918952.00
20121206;23.59;24.07;23.40;24.03;1686364;40128564.00
20121207;24.00;24.38;23.88;24.07;1797503;43355100.00
20121210;24.08;24.49;24.02;24.22;1156150;27997024.00
20121211;24.22;25.06;24.11;24.50;2634751;65227120.00
20121212;24.50;24.74;24.09;24.24;1293118;31441760.00
20121213;24.10;24.39;23.78;23.79;1182187;28359572.00
20121214;23.90;25.05;23.83;24.95;2858715;70598920.00
20121217;24.71;25.35;24.59;24.70;1905614;47461940.00
20121218;24.65;25.04;24.51;24.90;1777134;44108948.00
20121219;24.74;25.40;24.74;25.20;2191345;55254084.00
20121220;25.15;25.20;24.71;25.00;1670586;41707724.00
20121221;25.17;25.86;25.16;25.55;4637937;118299496.00
20121224;25.55;26.15;25.49;25.77;2908870;75075288.00
20121225;25.62;26.20;25.45;26.08;4301533;111123904.00
20121226;26.08;26.79;25.99;26.69;4333017;114932568.00
20121227;26.68;26.78;26.18;26.59;3157686;83595336.00
20121228;26.55;26.88;26.44;26.81;2188440;58471356.00
20121231;26.88;27.00;26.10;26.97;3669103;97609128.00
20130104;26.90;26.90;25.90;26.15;3374532;88340352.00
20130107;26.18;27.49;26.03;27.32;5657654;152896944.00
20130108;27.32;28.09;27.21;27.88;4447378;123273136.00
20130109;27.59;27.59;26.76;27.40;4570949;124041776.00
20130110;27.36;28.44;27.30;28.44;5222131;146666304.00
20130111;28.65;28.86;27.92;27.94;6567578;187079568.00
20130114;28.27;29.57;28.00;29.27;7196671;208580128.00
20130115;29.41;29.99;29.00;29.53;4621233;136522128.00
20130116;29.13;29.97;28.98;29.96;4180735;122772768.00
20130117;29.99;30.98;29.98;30.50;6294496;192599872.00
20130118;31.00;33.00;30.49;32.70;11048592;350086752.00
20130121;33.00;33.40;31.90;32.33;8404760;273599136.00
20130122;32.00;32.47;31.04;31.66;5977994;189697616.00
20130123;31.60;33.36;31.06;33.36;8757936;282728864.00
20130124;33.90;33.96;30.89;31.20;9564206;309505152.00
20130125;31.50;33.28;31.30;31.80;8225338;265790304.00
20130128;32.00;33.74;31.20;33.55;10275953;333392896.00
20130129;33.35;35.19;33.20;33.76;10448950;358130880.00
20130130;33.60;33.60;32.30;32.80;8693313;285168032.00
20130131;32.63;33.16;31.18;31.70;8168457;260373120.00
20130201;31.69;32.48;31.46;31.80;5856855;187016528.00
20130204;31.74;32.22;30.97;31.48;5022940;157977296.00
20130205;31.50;32.85;31.30;32.69;5449930;176654512.00
20130206;32.70;32.93;32.30;32.65;3124819;101859872.00
20130207;32.70;34.50;32.40;34.39;7731187;258909696.00
20130208;34.19;34.98;33.75;33.84;8967471;306771072.00
20130218;33.79;34.30;32.81;33.60;5601611;187888000.00
20130219;33.69;34.20;32.40;32.68;6459926;214108592.00
20130220;32.70;34.15;32.34;33.99;6782868;227018448.00
20130221;33.69;33.90;32.25;32.25;6891824;227054816.00
20130222;32.30;32.90;31.60;31.66;5572742;180244768.00
20130225;31.56;33.24;31.25;32.80;7313222;237562592.00
20130226;32.83;36.00;32.83;34.91;19148699;663688960.00
20130227;35.20;36.39;34.51;35.49;14521781;514681824.00
20130228;34.80;35.20;34.00;35.15;10119862;351175328.00
20130301;34.90;36.69;34.60;36.26;11556260;416520576.00
20130304;36.11;36.94;34.50;35.00;9705143;346231296.00
20130305;34.90;36.07;34.73;35.92;7703981;273778912.00
20130306;35.98;37.19;35.03;35.38;10607540;383363232.00
20130307;35.13;35.70;33.30;34.07;9291332;319589088.00
20130308;34.07;34.49;33.46;34.10;4653070;158153856.00
20130311;34.20;34.48;33.60;33.87;3990188;135629648.00
20130312;33.70;34.00;31.83;32.21;8745987;285805312.00
20130313;32.21;32.35;30.80;31.57;6486157;204156000.00
20130314;31.60;32.11;31.01;31.55;5451829;172498128.00
20130315;31.60;33.40;31.60;32.50;8241782;269825248.00
20130318;32.46;33.60;32.19;32.93;5951273;196780176.00
20130319;32.82;33.10;31.70;32.94;4296933;139379728.00
20130320;32.98;34.18;32.98;33.95;5941618;199836368.00
20130321;34.88;35.53;34.31;34.75;9064020;316660960.00
20130322;34.74;35.78;34.61;35.21;5714116;201430608.00
20130325;35.59;35.59;34.51;34.95;4828750;169245008.00
20130326;34.86;35.30;33.96;34.24;5003632;172192512.00
20130327;34.25;34.97;34.04;34.60;3273680;113013544.00
20130328;34.05;34.87;33.65;34.78;5128025;175964128.00
20130329;34.73;35.37;34.20;34.40;4703581;163524928.00
20130401;34.25;34.25;32.90;33.20;6088441;203236576.00
20130402;32.33;32.33;29.88;29.88;18763371;581895168.00
20130403;29.35;29.78;28.59;29.60;8463616;247586704.00
20130408;29.00;30.55;28.86;30.40;7693361;227861824.00
20130409;30.58;31.40;30.58;31.31;7411356;230154144.00
20130410;31.23;31.40;30.65;30.97;4233903;131109360.00
20130411;31.25;31.64;30.61;30.68;3324214;103604288.00
20130412;30.36;30.97;30.00;30.10;2868871;87535904.00
20130415;30.02;30.48;29.65;30.33;2979432;89721200.00
20130416;29.99;31.31;29.73;31.28;4055916;124759144.00
20130417;31.18;31.64;30.81;31.57;3855518;120833392.00
20130418;31.30;32.50;31.22;32.13;5560803;178173056.00
20130419;32.15;33.18;32.05;33.12;6066759;198429472.00
20130422;33.12;34.91;33.00;34.33;7952300;270373760.00
20130423;34.30;34.32;33.31;33.43;5790259;195907248.00
20130424;33.55;35.35;33.55;35.00;6719945;233307296.00
20130425;35.26;36.92;33.33;33.36;14271707;503970368.00
20130426;33.76;34.36;33.20;33.52;5304643;179006736.00
20130502;33.21;35.06;33.00;34.70;5131579;176664384.00
20130503;34.98;36.20;34.78;35.25;5403064;192526224.00
20130506;35.26;38.68;35.26;38.29;11334858;425621056.00
20130507;38.18;38.65;37.00;37.78;7434893;281062464.00
20130508;37.95;39.81;37.95;38.40;9211996;357371296.00
20130509;38.00;39.35;37.55;39.35;8328893;320274560.00
20130510;39.27;39.30;37.60;37.90;5725700;219330688.00
20130513;37.98;38.25;37.20;37.75;4167748;157018016.00
20130514;37.99;39.19;37.31;38.36;5968275;228177168.00
20130515;38.50;40.00;38.40;39.60;8518068;335532448.00
20130516;39.73;39.80;37.22;37.99;12358170;476364032.00
20130517;37.70;38.49;37.11;37.80;6276811;237265568.00
20130520;38.35;39.85;37.80;39.62;9099889;354119552.00
20130521;39.95;39.98;38.62;39.49;6046276;237167312.00
20130522;39.56;39.68;37.70;37.98;6474049;247007008.00
20130523;37.58;39.62;37.35;38.18;6141058;236663120.00
20130524;38.18;39.71;38.18;39.69;7633007;299138944.00
20130527;40.10;41.41;39.85;40.91;10276320;417292224.00
20130528;41.00;41.00;38.50;38.57;8808778;345255328.00
20130529;38.62;39.53;38.33;39.04;5055531;197101232.00
20130530;39.69;41.16;39.35;40.26;9496828;382525376.00
20130531;40.31;40.42;39.00;39.20;5702105;225347792.00
20130603;38.44;39.49;38.23;39.24;6244502;243000096.00
20130604;39.00;39.00;37.10;37.32;6852902;258733408.00
20130605;37.35;38.08;37.10;37.73;4562117;171312688.00
20130606;37.60;38.29;37.11;37.24;3278308;123637944.00
20130607;37.49;38.33;37.20;37.60;3689136;139202880.00
20130613;37.33;37.33;35.76;36.74;3518100;128426200.00
20130614;36.88;38.71;36.86;38.71;5023009;190887264.00
20130617;38.70;40.45;38.50;39.39;11075518;437997120.00
20130618;39.01;40.90;38.40;39.96;8451628;337857472.00
20130619;39.80;41.60;39.62;41.30;8817219;361033760.00
20130620;41.20;41.44;38.70;38.98;6571572;264717824.00
20130621;38.30;40.00;37.00;39.77;6205754;238977440.00
20130624;39.60;40.46;37.05;37.10;6749139;260535008.00
20130625;36.83;37.79;33.39;36.26;9920165;352424320.00
20130626;36.27;38.43;36.27;38.30;9024889;337549568.00
20130627;38.22;40.10;37.79;38.06;8487236;330838240.00
20130628;37.88;38.83;36.90;37.15;5491370;206887328.00
20130701;37.10;40.25;36.81;39.97;7546936;294707968.00
20130702;39.97;41.57;39.50;40.99;12573187;511347840.00
20130703;41.10;42.60;39.84;41.90;11847057;491063680.00
20130704;41.70;42.79;41.00;41.10;8333508;349046272.00
20130705;41.13;41.77;39.45;39.82;5872537;238272384.00
20130708;39.00;40.87;38.53;39.09;6153173;243872128.00
20130709;38.91;40.70;38.78;40.35;5240288;207879552.00
20130710;40.40;42.21;40.17;41.99;7566281;314660416.00
20130711;42.04;42.66;41.11;42.09;7755497;325886464.00
20130712;42.18;46.26;42.18;44.50;12680701;565316928.00
20130715;45.30;48.95;45.30;48.95;18112405;870432064.00
20130716;49.50;49.68;47.30;48.80;12371804;598817216.00
20130717;48.78;49.35;47.05;48.00;9590808;462402720.00
20130718;47.99;50.50;47.60;49.20;11150996;550337792.00
20130719;49.90;51.18;47.88;47.88;11065322;547957504.00
20130722;47.75;49.23;47.55;48.96;7509151;364550688.00
20130723;48.96;52.00;47.89;51.18;11439790;567906368.00
20130724;51.00;51.87;50.31;50.86;7357242;375226624.00
20130725;50.55;50.85;47.07;47.07;10484098;507536288.00
20130726;47.07;47.97;45.16;47.65;9876494;461398336.00
20130729;46.82;48.36;45.72;45.83;5733475;270141472.00
20130730;45.87;47.28;44.91;46.50;6611818;304584096.00
20130731;45.86;46.87;45.00;45.90;5641127;259322752.00
20130801;46.36;50.14;46.32;50.00;10603635;513113472.00
20130802;50.01;51.60;49.33;50.00;8985597;453125248.00
20130805;50.70;50.70;48.65;49.65;7132517;351949376.00
20130806;49.70;50.30;48.98;49.45;5387140;267695088.00
20130807;49.10;49.10;46.68;46.82;9276217;440527552.00
20130808;46.60;47.96;45.90;47.32;5451442;257251136.00
20130809;46.90;47.84;45.19;45.98;6687590;307929216.00
20130812;46.60;47.96;45.66;47.00;7483408;351690944.00
20130813;47.00;48.35;46.48;47.99;6145148;292942816.00
20130814;48.05;48.10;46.77;47.56;3764399;178498272.00
20130815;47.30;47.91;46.20;46.30;3777325;176865696.00
20130816;46.00;46.95;44.50;44.50;6185975;281421024.00
20130819;44.45;46.48;44.44;46.40;4563238;207992336.00
20130820;46.49;46.80;45.55;45.89;3757023;173039168.00
20130821;45.68;46.29;45.50;46.21;2785713;128155616.00
20130822;46.22;47.05;45.80;46.83;4629252;215270000.00
20130823;47.18;48.28;46.70;48.13;8130419;386628480.00
20130826;48.05;48.53;47.26;47.88;5517344;263596976.00
20130827;47.98;48.26;46.70;47.30;3971281;187990976.00
20130828;46.70;47.26;45.50;45.75;6275031;289275936.00
20130829;45.58;46.09;45.50;45.59;3303185;151235168.00
20130830;45.85;48.08;44.40;46.19;9518241;442894752.00
20130902;45.80;46.86;44.80;46.46;4102025;188998592.00
20130903;46.50;48.18;46.10;47.77;5652743;267596768.00
20130904;48.00;48.28;47.30;47.95;4962785;237647248.00
20130905;47.79;49.55;47.11;49.40;8278276;402865920.00
20130906;49.58;49.60;48.56;48.62;5243772;256571872.00
20130909;48.48;48.50;46.31;47.50;7127837;336394016.00
20130910;47.52;47.74;46.31;46.47;4874398;228705312.00
20130911;46.56;46.94;44.20;45.46;6646843;300492544.00
20130912;45.46;46.12;44.29;44.65;5164184;232745440.00
20130913;44.30;45.70;44.30;45.48;3302917;149293856.00
20130916;45.16;46.43;45.00;45.70;3738246;171091024.00
20130917;45.72;45.88;44.55;44.55;3344487;150141184.00
20130918;44.75;44.78;42.81;43.89;3771866;165230144.00
20130923;43.51;45.54;43.51;45.53;4560436;204369264.00
20130924;45.70;45.99;44.78;45.19;4511131;204283872.00
20130925;44.98;45.70;44.10;44.41;3549534;159255968.00
20130926;44.45;44.45;42.31;42.40;5439889;235393520.00
20130927;42.30;43.40;42.24;42.44;3793791;162502368.00
20130930;42.88;44.50;42.88;43.94;3915871;172157248.00
20131008;43.80;46.30;43.60;45.30;5161729;235193568.00
20131009;45.15;46.11;44.72;45.72;4817170;218944656.00
20131010;45.68;45.68;43.84;44.38;4386655;195701344.00
20131011;44.83;45.07;43.80;44.59;2913241;129658408.00
20131014;44.80;46.50;44.51;46.29;5923978;270201376.00
20131015;46.90;46.99;44.91;45.50;4469935;205107760.00
20131016;45.40;45.49;42.93;43.28;4366327;191197552.00
20131017;43.70;43.78;42.65;42.76;3200761;137891936.00
20131018;42.90;43.70;42.50;43.38;3491574;150340928.00
20131021;43.43;44.99;43.30;44.62;4277833;189678992.00
20131022;44.20;44.99;42.91;43.02;4327724;190197808.00
20131023;42.85;43.00;39.71;40.52;9471301;387277824.00
20131024;40.20;40.82;38.08;38.79;8285028;323855936.00
20131025;38.60;39.00;38.00;38.85;5782187;223137776.00
20131028;38.90;40.15;38.52;39.22;5380306;212418976.00
20131029;38.99;39.99;37.35;38.40;4678267;179737456.00
20131030;38.45;39.80;37.57;39.56;3915760;151917056.00
20131031;39.40;39.55;38.50;38.69;2886327;112443552.00
20131101;38.69;39.22;37.88;38.16;2937645;113158384.00
20131104;37.97;38.62;37.67;38.60;2113981;80889760.00
20131105;38.88;40.33;38.04;40.02;4786709;189059552.00
20131106;39.98;40.38;39.20;39.20;3210836;128149000.00
20131107;39.15;39.46;38.33;38.39;2192249;85266312.00
20131108;38.30;38.47;36.68;36.73;4623241;172420960.00
20131111;37.00;37.61;36.70;37.33;2946470;109795272.00
20131112;37.58;38.18;37.25;37.91;5883622;221139840.00
20131113;38.00;38.95;37.60;37.66;4139483;158545504.00
20131114;37.66;39.16;37.66;38.80;3932563;151937552.00
20131115;38.90;40.10;38.84;39.35;4231894;167724256.00
20131118;39.45;40.53;39.45;39.84;5136398;205659312.00
20131119;39.90;40.10;39.25;39.48;3394747;134520176.00
20131120;39.55;40.24;39.00;40.03;3960836;157690224.00
20131121;40.21;40.99;39.65;40.05;3532700;141965216.00
20131122;40.05;40.23;39.21;39.50;2454271;97204264.00
20131125;39.55;42.50;39.34;42.20;8442607;348656448.00
20131126;41.90;42.58;41.40;41.82;3884465;163063664.00
20131127;41.80;42.49;41.78;42.15;3333610;140392048.00
20131128;43.58;43.91;42.44;42.62;5451234;234395088.00
20131129;42.60;44.88;42.41;44.68;7500423;331083584.00
20131202;42.60;43.30;40.25;40.69;8992287;376822176.00
20131203;40.21;42.08;38.62;41.86;6051048;245380976.00
20131204;41.45;42.57;40.70;40.87;3670704;153373312.00
20131205;40.90;40.95;39.86;40.13;3418109;137307648.00
20131206;39.90;40.69;39.65;39.83;2948098;118070592.00
20131209;40.19;42.02;39.92;41.94;5187104;213134256.00
20131210;41.88;43.43;41.50;41.99;6085440;258783712.00
20131211;42.00;43.36;41.81;42.68;3680184;157299056.00
20131212;42.74;43.53;42.60;42.96;3272386;141290256.00
20131213;42.98;44.38;42.68;44.03;4429226;194374448.00
20131216;44.18;44.55;42.50;43.00;5577039;243421424.00
20131217;42.78;43.48;42.02;43.29;3846065;164472912.00
20131218;43.36;44.37;42.38;44.35;4324921;188733824.00
20131219;43.92;45.88;43.82;44.80;6097134;273662464.00
20131220;44.65;46.25;44.33;44.85;5897251;267806560.00
20131223;44.80;45.00;42.30;43.05;4342121;187355136.00
20131224;42.92;44.88;42.61;44.88;4292154;188751264.00
20131225;44.53;45.21;44.03;45.21;4477736;200285232.00
20131226;45.21;46.50;44.38;44.50;6457056;294532224.00
20131227;44.88;47.26;44.66;46.19;7394014;342378592.00
20131230;46.28;49.95;45.70;49.52;11724763;568903360.00
20131231;48.90;49.48;47.21;48.70;8250114;399479904.00
20140102;48.35;50.88;48.00;49.00;9135126;453711680.00
20140103;48.55;49.98;48.00;49.51;8045431;394079680.00
20140106;49.12;51.30;48.65;48.88;8311077;415616032.00
20140107;48.49;49.28;47.49;48.95;6271393;303267904.00
20140108;49.99;50.58;49.14;49.68;6382822;317757728.00
20140109;49.18;49.60;47.47;47.53;6395999;311232480.00
20140110;47.19;48.12;46.30;46.48;4632635;218217200.00
20140113;46.55;48.50;46.55;47.57;4029277;192174016.00
20140114;47.75;52.33;47.72;52.33;12613325;636699648.00
20140115;52.33;52.51;51.30;52.08;8963041;465118560.00
20140116;52.00;53.65;50.50;50.77;10267024;532236672.00
20140117;50.30;52.20;50.11;50.94;5652866;289465856.00
20140120;50.55;52.20;48.73;49.68;6927571;347959552.00
20140121;49.60;51.95;49.11;51.90;6935770;352201024.00
20140122;52.07;54.80;51.96;53.39;11906862;633718336.00
20140123;53.16;54.43;52.56;53.73;5505056;295808032.00
20140124;53.28;54.68;53.25;53.50;5540863;298263616.00
20140127;53.00;54.50;52.36;53.15;5515538;295256992.00
20140128;53.66;56.50;53.02;56.00;9068738;496411040.00
20140129;56.00;56.40;54.58;56.17;7142651;396776928.00
20140130;55.90;57.00;55.10;55.40;3901149;218532240.00
20140207;55.19;59.18;54.82;58.53;6617421;382536640.00
20140210;58.60;59.58;57.39;59.00;5132867;301279904.00
20140211;59.20;60.25;56.48;57.50;7776287;451681536.00
20140212;57.25;58.30;56.06;58.25;5142070;294819328.00
20140213;57.98;58.10;54.95;54.95;7330423;412818144.00
20140214;55.10;59.16;54.50;58.70;8267799;472542400.00
20140217;59.14;60.28;58.25;59.96;6349580;376612000.00
20140218;59.50;59.96;57.51;58.08;5204363;304065152.00
20140219;58.01;58.40;56.88;57.56;5080643;292696096.00
20140220;58.58;59.70;57.02;57.98;5558916;324941952.00
20140221;57.97;58.98;57.28;58.50;4022421;234709792.00
20140224;57.90;58.48;56.70;57.42;5381564;308776096.00
20140225;57.30;60.23;53.25;53.34;11638860;663871872.00
20140226;52.70;54.40;50.41;54.40;8099719;425510848.00
20140227;54.21;55.70;51.35;51.60;6997342;372668032.00
20140228;50.70;52.90;50.67;52.31;5192877;269989920.00
20140303;52.23;53.80;52.00;53.72;4142346;220220688.00
20140304;54.37;54.37;51.76;53.12;4269439;227172624.00
20140305;54.12;54.99;53.48;54.00;4918207;266562192.00
20140306;53.96;54.69;52.52;54.15;4213557;226985568.00
20140307;54.00;54.80;53.01;53.23;3010078;162122624.00
20140310;52.00;52.90;50.98;51.39;3409484;176469744.00
20140311;51.30;51.85;50.02;50.88;3076824;157421456.00
20140312;50.78;51.69;49.99;50.82;3820915;193857376.00
20140313;51.28;52.72;51.02;52.40;3261359;169992128.00
20140314;52.00;53.28;51.60;51.98;3025933;158628832.00
20140317;51.98;54.97;51.70;54.68;5435957;292291840.00
20140318;54.68;55.23;53.80;54.30;3565678;194453712.00
20140319;54.28;54.94;53.22;54.71;2806161;151982016.00
20140320;54.71;55.15;52.00;52.00;4036817;216228800.00
20140321;51.48;51.95;48.28;49.90;8228343;410650688.00
20140324;49.60;49.80;47.80;48.08;4788232;233321504.00
20140325;48.49;49.55;48.00;49.34;3341595;163960208.00
20140326;49.33;50.15;49.30;49.69;2925178;145421088.00
20140327;49.37;49.38;46.38;46.38;5386117;256501440.00
20140328;46.50;46.83;44.70;46.39;5834935;265560896.00
20140331;46.28;46.80;45.39;45.70;2245695;103367392.00
20140401;46.07;48.22;45.85;48.01;4429292;209104928.00
20140402;48.10;48.34;46.70;47.45;2897152;137247248.00
20140403;47.80;48.93;47.07;47.48;2872031;137754640.00
20140404;47.50;48.79;47.20;48.21;2469509;119019416.00
20140408;47.80;49.64;47.31;49.53;3422623;167661232.00
20140409;49.75;51.29;49.63;51.00;3906536;197925792.00
20140410;53.08;53.08;50.30;50.54;9357913;485464544.00
20140411;49.80;51.66;49.36;50.65;3743505;189136528.00
20140414;50.68;52.62;50.38;52.18;4345009;225422032.00
20140415;52.20;53.42;51.73;52.38;3939298;207771120.00
20140416;52.00;52.50;51.18;52.03;2630475;136205440.00
20140417;51.68;52.91;51.68;51.85;2173061;113553448.00
20140418;51.70;52.55;51.55;52.30;2210839;115390616.00
20140421;52.10;52.78;51.22;51.42;3071515;160056512.00
20140422;51.06;51.52;48.90;49.89;4193458;209422176.00
20140423;49.77;50.60;49.36;50.38;1902358;95332600.00
20140424;50.20;50.48;48.36;48.68;3393993;166842416.00
20140425;48.30;49.27;48.05;48.20;2331068;113333776.00
20140428;48.25;49.49;46.98;49.20;3580227;173877088.00
20140429;49.10;49.52;48.01;49.50;2888446;141210032.00
20140430;49.59;49.77;48.85;49.40;2138418;105535352.00
20140505;49.62;50.22;49.21;49.95;2256280;112398448.00
20140506;49.90;51.15;49.88;51.01;3395776;171848768.00
20140507;50.85;51.18;49.68;49.82;2477433;124540728.00
20140508;49.86;50.95;49.50;49.90;2671464;134511984.00
20140509;49.70;49.93;48.28;48.67;2136766;104597392.00
20140512;49.04;50.20;48.81;49.90;2271053;112655600.00
20140513;49.99;51.13;49.80;50.39;2817843;142287248.00
20140514;50.40;50.68;49.88;50.20;1453486;72864864.00
20140515;50.10;50.74;49.49;49.80;1930747;96561920.00
20140516;49.60;49.79;46.16;47.15;5818432;277033120.00
20140519;47.39;47.64;46.20;46.70;2679156;126106928.00
20140520;47.25;48.52;47.12;47.48;3242998;155327760.00
20140521;47.48;48.39;47.10;48.34;2230499;106879384.00
20140522;48.35;49.29;48.20;48.75;3089009;151015232.00
20140523;48.71;49.80;48.20;49.65;2327201;114178992.00
20140526;49.80;51.30;49.50;51.30;4657758;235008112.00
20140527;51.30;51.30;50.35;50.65;2693798;136574736.00
20140528;50.67;51.80;50.46;51.74;3985374;204746560.00
20140529;51.67;51.80;49.86;49.90;4432004;224199184.00
20140530;49.80;50.55;49.51;50.25;2601819;130428016.00
20140603;50.68;51.86;50.60;50.69;3618010;185379312.00
20140604;50.52;50.69;49.08;49.89;3496882;174383808.00
20140605;49.89;52.45;49.61;52.41;6763170;348141184.00
20140606;52.88;55.27;52.60;53.46;10209583;550932672.00
20140609;53.50;54.83;53.20;53.30;6335100;341650592.00
20140610;53.66;54.35;51.83;54.30;7672004;407658976.00
20140611;54.31;57.25;54.10;56.60;10553808;588037120.00
20140612;25.80;27.21;25.20;25.59;31629770;826570112.00
20140613;25.20;26.78;25.11;26.25;23223377;605740096.00
20140616;26.20;26.60;25.68;26.44;15777822;413680320.00
20140617;26.20;27.89;26.03;26.95;27613031;747621056.00
20140618;27.13;27.47;26.11;26.80;19258402;514485024.00
20140619;26.95;27.08;25.60;25.92;15614282;411192736.00
20140620;25.80;26.55;25.43;26.55;12016036;312594016.00
20140623;26.56;27.22;26.43;26.99;13963292;375959008.00
20140624;27.35;28.28;27.15;27.96;23224485;645843008.00
20140625;27.80;28.19;27.38;27.70;14735093;408240448.00
20140626;27.80;29.55;27.80;29.37;25723653;741201024.00
20140627;29.35;29.67;28.89;29.20;17350237;506852288.00
20140630;29.21;29.93;28.70;29.40;20814654;610376960.00
20140701;29.50;29.99;29.25;29.41;15074727;445651072.00
20140702;29.52;29.89;28.50;29.07;17585224;512023264.00
20140703;28.90;28.98;28.01;28.39;18086010;516794272.00
20140704;28.49;29.75;28.47;29.58;24255284;713237888.00
20140707;29.78;29.80;28.89;29.36;15068266;441317120.00
20140708;29.19;29.66;28.59;29.64;15587972;455699136.00
20140709;29.64;29.64;28.27;28.37;20716569;597504512.00
20140710;28.39;28.79;27.30;27.51;17265533;485196256.00
20140711;27.25;28.03;27.10;27.61;11109763;306093248.00
20140714;27.61;28.46;27.61;28.39;11393881;319885248.00
20140715;28.85;28.95;27.69;28.05;13058714;370254976.00
20140716;28.05;28.49;27.03;27.35;12076037;334688192.00
20140717;27.31;27.65;26.88;27.09;9096691;247340144.00
20140718;27.17;27.33;26.35;26.65;11268212;302127968.00
20140721;26.66;26.94;25.87;26.88;11851330;312457024.00
20140722;26.89;28.27;26.71;28.03;16169011;445391360.00
20140723;28.08;28.18;27.10;27.36;12154224;335697376.00
20140724;27.25;27.32;26.08;26.59;14050542;373931040.00
20140725;26.62;27.64;26.56;27.16;10195320;277309824.00
20140728;27.16;27.85;26.88;27.61;13047008;357879424.00
20140729;27.68;28.19;27.42;27.99;15151532;422576832.00
20140730;28.18;28.78;27.99;28.30;19888900;563093888.00
20140731;28.32;28.50;28.11;28.30;9492876;268150048.00
20140801;28.30;28.35;27.43;27.45;12558334;350964352.00
20140804;27.40;27.94;27.40;27.68;8767060;242537360.00
20140805;27.70;29.33;27.36;29.27;32582025;933402688.00
20140806;29.00;29.27;28.75;29.01;17609098;510728320.00
20140807;29.00;29.49;28.60;28.70;15005762;435550112.00
20140808;28.61;29.18;28.60;28.85;9493614;274561184.00
20140811;29.15;29.58;28.92;29.36;14749842;432864192.00
20140812;29.30;29.73;29.10;29.18;12503247;367641984.00
20140813;29.13;29.13;28.20;28.56;16678719;476512320.00
20140814;28.66;29.10;28.33;28.63;11714802;336658080.00
20140815;28.64;28.93;28.50;28.73;8935680;256883248.00
20140818;28.81;29.26;28.80;29.18;12151010;352954048.00
20140819;29.47;29.47;28.90;29.08;14452937;421389216.00
20140820;29.55;30.40;29.55;29.83;27113885;811650112.00
20140821;30.77;32.81;30.16;32.81;43915694;1380730112.00
20140822;32.81;35.68;32.15;33.88;51681967;1749798400.00
20140825;34.00;34.74;33.00;33.08;28788089;969689152.00
20140826;33.01;33.32;31.81;32.17;25526212;826515008.00
20140827;32.16;33.14;32.00;32.60;18316719;597347840.00
20140828;32.61;32.61;31.63;32.10;14198853;455967616.00
20140829;32.03;33.44;32.03;33.29;14685364;481813792.00
20140901;33.61;34.18;33.20;33.74;15818771;532509056.00
20140902;33.98;34.31;33.24;33.82;20540219;693613056.00
20140903;33.88;34.54;33.40;34.22;22493808;763934400.00
20140904;34.11;34.42;33.87;34.04;17742151;605260032.00
20140905;34.06;34.59;34.00;34.09;14096824;482500224.00
20140909;34.10;34.29;33.37;33.82;12107043;409241056.00
20140910;33.82;34.54;33.55;34.26;14253526;488588128.00
20140911;34.26;35.83;34.21;34.84;24883655;871271744.00
20140912;34.74;36.25;34.63;36.18;21298709;755402112.00
20140915;36.26;38.55;36.26;37.00;31631837;1185202944.00
20140916;37.00;37.19;34.88;35.00;26551565;955163456.00
20140917;35.00;35.67;34.36;35.55;18775758;658387648.00
20140918;35.40;35.85;35.20;35.45;11484440;408370848.00
20140919;35.45;35.60;34.56;35.06;16068397;562105344.00
20140922;34.91;34.91;33.62;33.91;16817660;573717184.00
20140923;33.91;34.83;33.90;34.68;12482540;430011968.00
20140924;34.68;35.66;34.40;35.33;13487019;475424544.00
20140925;35.47;35.83;34.85;35.06;15170373;535138656.00
20140926;35.00;36.00;34.86;35.99;16862471;598408768.00
20140929;36.10;36.58;35.53;35.82;14021132;504753984.00
20140930;35.93;36.08;35.55;35.80;10650674;380532256.00
20141008;35.88;36.08;35.50;35.94;12611503;451697600.00
20141009;35.94;36.48;35.35;35.85;14516488;521349472.00
20141010;35.65;35.66;34.68;34.79;16966234;593782272.00
20141013;34.51;34.52;33.60;33.85;16399498;555798144.00
20141014;33.80;34.50;33.78;34.01;10600733;362163424.00
20141015;34.40;34.47;33.83;34.28;7399091;252887680.00
20141016;34.35;34.40;33.42;33.43;12003339;407002080.00
20141017;33.32;34.28;32.31;34.14;14489802;482884704.00
20141020;34.34;34.63;34.12;34.31;8983655;308772640.00
20141021;34.31;34.57;33.88;33.90;7796471;266264528.00
20141022;34.06;34.20;33.44;33.46;6693834;226222784.00
20141023;33.46;33.56;32.85;32.93;7339497;242457680.00
20141024;32.97;33.47;32.97;33.18;4786496;159220416.00
20141027;32.61;32.65;31.62;32.25;13577062;437073376.00
20141028;32.28;33.51;32.28;33.50;11857506;389786240.00
20141029;33.68;34.27;33.68;34.02;13353130;453459552.00
20141030;34.02;34.19;33.54;33.57;8098032;273645088.00
20141031;33.50;34.15;33.40;33.84;9997071;337642656.00
20141103;33.84;36.23;33.84;36.23;29889671;1052265728.00
20141104;36.79;38.20;35.75;35.86;42580506;1572337408.00
20141105;36.04;36.46;35.00;35.93;19769224;704183488.00
20141106;36.30;38.01;35.80;37.85;28612146;1053454720.00
20141107;38.02;38.18;36.68;37.02;26045280;974262464.00
20141110;37.10;37.37;36.11;36.47;15903111;581296896.00
20141111;36.46;36.47;34.02;34.95;24749385;868139264.00
20141112;34.95;35.48;34.62;35.37;10991708;386457248.00
20141113;35.05;35.05;33.80;34.04;16776655;573503168.00
20141114;33.89;34.50;33.56;34.05;7876664;268772064.00
20141117;34.10;35.33;33.58;35.07;13450259;469819744.00
20141118;35.05;35.29;34.61;35.02;9242398;323597216.00
20141119;35.05;35.86;34.86;35.45;12544980;443907168.00
20141120;35.00;35.36;34.80;34.95;8236671;288233760.00
20141121;34.77;35.68;34.77;35.36;11393046;403107616.00
20141124;35.70;35.74;35.10;35.72;13131161;464768384.00
20141125;35.80;38.20;35.73;37.63;36971292;1381257344.00
20141126;38.04;38.43;37.00;37.17;27113205;1018082816.00
20141127;37.27;39.97;36.70;39.46;40173534;1533795456.00
20141128;38.80;40.36;38.43;39.04;41785643;1649448960.00
20141201;39.12;40.20;38.56;39.26;28944678;1139500160.00
20141202;39.26;39.75;38.61;39.02;22191430;867216192.00
20141203;38.99;38.99;37.65;38.52;27922936;1067317376.00
20141204;38.40;39.73;38.40;38.55;26023167;1013755712.00
20141205;38.62;38.80;36.55;37.85;28244571;1064419456.00
20141208;37.30;39.39;37.10;38.19;26819508;1036700864.00
20141209;38.10;39.38;37.03;37.06;28835098;1103239040.00
20141210;36.94;38.90;36.80;38.61;21555464;821452608.00
20141211;38.57;40.79;38.27;40.07;32699817;1294361856.00
20141212;40.00;40.76;39.47;40.49;22723286;913630464.00
20141215;40.19;42.83;40.11;40.64;31469571;1308338816.00
20141216;41.39;42.30;40.00;41.56;30015998;1237384832.00
20141217;41.01;44.29;40.68;44.09;41234691;1754256384.00
20141218;44.09;44.28;42.58;42.85;27440713;1188085248.00
20141219;43.04;43.44;40.66;41.63;21657353;905723712.00
20141222;42.08;42.98;40.15;41.71;24187023;1006430912.00
20141223;41.91;43.97;41.65;41.79;23498890;1005433792.00
20141224;42.01;42.49;40.65;41.35;14305044;592630976.00
20141225;41.53;42.49;40.80;41.93;14384049;602648384.00
20141226;41.94;42.48;41.12;42.30;15710641;655702784.00
20141229;42.20;43.60;41.80;42.00;18994725;811353536.00
20141230;41.50;41.80;38.75;39.18;24726313;992813760.00
20141231;39.00;39.90;38.70;39.39;13404617;526324512.00
20150105;39.20;39.33;37.30;39.01;20750124;798937536.00
20150106;38.76;41.29;38.50;41.22;24357684;975090048.00
20150107;41.21;41.60;40.05;40.18;16364709;663864320.00
20150108;39.90;41.19;39.61;40.15;16205277;656808576.00
20150109;39.85;40.98;39.25;39.36;16149737;647663616.00
20150112;39.14;40.15;38.85;39.55;11279355;444274016.00
20150113;39.60;40.86;39.55;40.42;14763801;595405568.00
20150114;40.00;40.55;39.37;39.82;10383232;413066944.00
20150115;39.76;40.17;39.20;39.40;9107410;360105600.00
20150116;39.43;40.56;39.05;40.05;12255608;489504800.00
20150119;39.00;41.43;38.68;39.39;21421084;861334912.00
20150120;39.20;41.50;39.20;41.27;23290593;941410752.00
20150121;41.09;42.20;40.80;41.99;24892195;1038672704.00
20150122;41.90;42.60;41.62;42.14;15902177;669214592.00
20150123;42.08;42.37;40.90;41.13;16074258;665362688.00
20150126;40.90;41.98;40.90;41.69;11167190;464057504.00
20150127;41.80;42.16;40.77;41.27;11749813;485828512.00
20150128;41.27;42.78;41.20;41.86;22097070;932799936.00
20150129;41.30;42.21;41.20;41.50;10377644;432463872.00
20150130;42.35;42.53;40.55;40.57;15830917;659411904.00
20150202;39.98;40.33;39.41;39.90;12144510;484991040.00
20150203;40.23;41.41;39.97;40.82;12094565;492717696.00
20150204;40.84;41.83;40.44;41.09;14189971;583769856.00
20150205;41.00;42.10;40.71;41.05;15829146;656316352.00
20150206;40.92;41.47;39.70;39.80;11772376;474243552.00
20150209;39.79;40.49;38.92;39.07;9217637;365976064.00
20150210;39.00;39.77;38.88;39.55;6480298;255595984.00
20150211;39.55;40.35;39.55;39.88;6390567;255990736.00
20150212;40.10;40.62;39.47;39.77;7164061;286584064.00
20150213;40.00;40.65;39.90;40.31;10538262;424902880.00
20150216;40.42;42.75;40.21;42.33;21619120;905665152.00
20150217;42.23;42.50;41.40;41.96;14661242;614885248.00
20150225;41.90;43.48;41.80;42.72;17772560;761179520.00
20150226;42.68;43.15;41.97;42.69;10841606;460526592.00
20150227;42.99;44.49;42.99;43.84;21779558;955342592.00
20150302;43.90;44.23;43.11;43.75;16144118;706240512.00
20150303;43.45;43.67;41.97;42.05;22914982;974245760.00
20150304;42.45;42.85;42.05;42.80;12983998;552158912.00
20150305;43.05;43.58;42.20;42.53;13158902;562926400.00
20150306;42.60;42.70;41.38;41.48;12374305;516955200.00
20150309;41.10;45.30;41.02;44.92;39749795;1745173376.00
20150310;44.94;45.16;43.80;43.98;25983330;1150496640.00
20150311;44.10;44.22;42.80;43.08;17177538;743917632.00
20150312;43.20;43.88;41.99;42.50;15581044;667997248.00
20150313;42.89;43.48;42.50;43.35;12148935;524516384.00
20150316;43.61;44.49;43.60;43.95;18682694;822074944.00
20150317;44.23;44.77;43.44;43.92;20629405;907802688.00
20150318;43.79;45.55;43.56;45.29;28459603;1271477760.00
20150319;45.50;45.98;44.40;44.78;23369774;1054308416.00
20150320;44.70;45.20;44.08;44.59;20956673;933575168.00
20150323;44.60;45.78;44.58;45.30;25235673;1139839232.00
20150324;45.80;49.83;45.30;49.83;57740139;2781278976.00
20150325;50.36;54.81;50.35;52.83;76914452;4085577472.00
20150326;53.60;56.66;51.40;53.32;60897426;3289267968.00
20150327;52.30;53.79;51.03;52.00;30000293;1565886336.00
20150330;51.80;53.43;50.58;52.14;29553487;1532944256.00
20150331;51.40;53.35;50.95;51.95;27801344;1455991424.00
20150401;51.71;53.35;51.62;52.82;22169902;1169760000.00
20150402;52.99;53.45;51.75;53.19;27572276;1447306368.00
20150403;53.00;55.05;52.52;54.10;28527804;1543590912.00
20150407;54.60;54.80;53.13;54.00;24906841;1340674432.00
20150408;54.01;54.05;51.51;51.85;27633365;1453834752.00
20150409;51.80;51.82;48.80;51.00;24152973;1213652992.00
20150410;50.00;52.33;49.43;51.59;19139722;983137472.00
20150413;53.58;54.10;51.83;52.56;28501289;1512725632.00
20150414;52.30;52.30;51.00;51.22;18853715;970613760.00
20150415;52.00;56.30;51.80;53.81;39400905;2141274496.00
20150416;52.00;56.24;51.60;55.18;30352735;1649615744.00
20150417;55.20;56.50;54.00;54.85;29530857;1630455296.00
20150420;53.78;54.30;52.18;52.35;26753980;1426415104.00
20150421;52.35;55.16;52.00;54.83;23855484;1291784576.00
20150422;55.02;56.45;54.38;54.99;26528341;1468026368.00
20150423;55.12;60.49;55.12;60.49;52132646;3109019136.00
20150424;61.05;63.50;58.50;60.00;46786921;2851290368.00
20150427;61.00;61.05;57.81;58.16;32774776;1930182144.00
20150428;58.35;59.30;55.50;56.52;27807683;1585308928.00
20150429;56.57;59.85;56.57;58.76;25003887;1461996032.00
20150430;58.83;60.38;58.12;58.13;22482155;1328080768.00
20150504;58.30;61.58;58.04;60.20;26849737;1622193152.00
20150505;60.00;65.38;59.52;62.51;35958926;2248946688.00
20150506;62.55;68.76;61.68;68.29;53323151;3519486208.00
20150507;66.75;68.00;61.50;61.83;35860243;2332879616.00
20150508;62.78;66.15;62.00;65.45;31144663;2002367872.00
20150511;66.00;71.82;65.00;70.45;35517669;2456710656.00
20150512;70.46;72.38;68.00;70.95;36661903;2581738752.00
20150513;69.30;70.00;67.60;68.51;25420076;1754545536.00
20150514;68.46;72.38;67.90;70.65;28922784;2051420928.00
20150515;69.80;70.70;67.32;68.42;23174601;1589793024.00
20150518;68.70;71.49;68.60;70.27;22329854;1565434624.00
20150519;71.99;77.30;68.70;77.30;39869330;2933639936.00
20150520;80.20;85.03;80.00;85.00;30956902;2587462912.00
20150521;86.00;93.50;85.01;93.50;44454827;4044802048.00
20150522;98.50;99.98;90.00;93.49;45600563;4357462528.00
20150525;89.68;97.51;87.01;92.85;34470046;3167375616.00
20150526;92.76;98.89;91.89;97.86;28924617;2797897984.00
20150527;97.86;106.90;93.80;103.84;31256776;3045242112.00
20150528;102.10;113.52;98.00;98.90;35776795;3802950912.00
20150529;100.38;106.00;92.00;103.50;34433703;3509150720.00
20150601;103.28;113.85;101.00;113.85;33295835;3685752320.00
20150602;115.00;125.24;113.70;125.24;32004286;3879347968.00
20150603;130.00;137.59;127.00;128.00;38378341;5078898688.00
20150604;128.69;128.69;115.20;126.00;33520044;4058249472.00
20150605;126.00;134.95;119.00;120.20;29516559;3732269824.00
20150608;120.22;120.25;108.18;108.20;35015639;3914938112.00
20150609;104.80;115.48;103.36;112.20;29539893;3266078976.00
20150610;111.50;119.50;109.00;116.54;27841768;3197500672.00
20150611;114.89;116.50;110.02;111.35;20947975;2354861824.00
20150612;115.00;116.44;110.38;111.15;17798211;1994994304.00
20150615;111.00;111.20;100.04;100.10;31123119;3246579968.00
20150616;97.00;104.00;91.00;101.00;34687390;3360561152.00
20150617;99.50;103.98;96.00;102.72;25374325;2542921216.00
20150618;100.20;103.20;93.80;94.49;24125610;2365960192.00
20150619;91.00;94.99;85.04;85.04;27986465;2488947712.00
20150623;85.31;90.86;83.00;90.78;34443341;3017684736.00
20150624;90.78;93.66;88.30;90.80;28573054;2599537408.00
20150625;93.93;95.00;85.39;86.71;28747459;2630501632.00
20150626;83.21;84.27;78.04;78.04;26179685;2100526976.00
20150629;79.79;79.90;70.24;70.24;35868627;2647610880.00
20150630;68.20;77.26;63.22;77.26;44282395;3071828736.00
20150701;77.26;84.99;76.23;80.10;59521306;4838954496.00
20150702;80.90;84.84;77.00;80.80;46640059;3783803392.00
20150703;80.01;88.88;73.97;84.71;49995359;4112420096.00
20150706;93.18;93.18;78.00;87.50;49685595;4344533504.00
20150707;82.11;86.09;78.75;78.75;35687715;2854653696.00
20150708;70.88;85.00;70.88;78.20;82319064;6340695552.00
20150709;78.20;86.02;78.20;86.02;39186238;3284580864.00
20150710;90.49;94.62;88.60;94.62;33110461;3089031680.00
20150713;97.80;104.08;95.88;104.08;52347552;5272651776.00
20150714;100.00;109.60;98.00;98.83;50372865;5164375552.00
20150715;95.00;97.95;88.95;88.95;34220165;3161307136.00
20150716;84.89;94.99;81.60;90.99;29287277;2625842176.00
20150717;90.00;100.09;89.52;100.09;33358772;3203718400.00
20150720;101.39;103.88;95.50;98.02;38873759;3872849664.00
20150721;96.00;101.20;94.80;99.53;27403464;2709534976.00
20150722;99.00;101.00;95.01;99.03;30279175;2970154752.00
20150723;98.00;100.00;96.50;98.80;29636178;2921411328.00
20150724;98.82;101.99;93.28;94.75;32264509;3177251328.00
20150727;91.50;97.40;85.28;85.31;33611493;3079614720.00
20150728;83.50;90.00;78.01;85.34;32178348;2702287104.00
20150729;86.80;91.90;82.10;91.44;29592007;2567154944.00
20150730;89.50;92.20;85.00;85.80;26052415;2331173888.00
20150731;84.08;90.39;83.20;85.82;24301553;2119829504.00
20150803;83.00;84.98;77.24;77.28;24531218;1952259584.00
20150804;76.83;84.20;76.82;84.08;23134220;1857520128.00
20150805;83.85;85.85;80.40;80.71;20919786;1738558208.00
20150806;78.80;83.05;78.15;80.00;13952940;1127045632.00
20150807;82.00;84.00;80.72;82.84;18791868;1549406080.00
20150810;84.00;89.98;83.01;87.76;25614989;2208684288.00
20150811;87.77;88.45;84.88;86.10;25260614;2187770112.00
20150812;84.95;90.00;84.60;86.20;23972971;2099051776.00
20150813;85.29;86.74;81.80;85.77;20944884;1771997312.00
20150814;86.50;87.20;84.60;84.71;16572291;1419750912.00
20150817;84.69;85.98;83.00;83.30;13657580;1145305856.00
20150818;83.99;88.00;77.68;79.90;31611791;2675274240.00
20150819;77.50;84.01;73.55;82.55;24973864;1960801920.00
20150820;81.00;82.20;77.58;77.60;15999092;1278356864.00
20150821;76.94;78.80;73.90;74.05;16281490;1241225856.00
20150824;70.89;72.50;66.65;66.65;13444531;911018176.00
20150825;59.99;60.95;59.99;59.99;12905468;775400128.00
20150826;57.74;60.70;53.99;53.99;36442257;2029626240.00
20150827;55.80;56.00;48.59;53.28;33392215;1758342784.00
20150828;53.91;58.61;52.75;58.61;36666295;2027065472.00
20150831;59.00;59.00;55.29;57.01;30461625;1739929088.00
20150901;56.00;56.00;51.49;52.40;23226491;1234956416.00
20150902;48.59;54.00;47.80;51.80;25932975;1320950912.00
20150907;52.35;55.60;52.10;52.58;17389459;938208064.00
20150908;52.03;56.58;51.50;56.40;19230090;1034529344.00
20150909;57.45;62.04;57.00;62.04;36664424;2213576448.00
20150910;60.00;61.40;58.40;58.80;23687403;1423535744.00
20150911;58.80;61.18;58.59;59.60;17848927;1068215232.00
20150914;60.17;60.79;53.64;53.64;19622952;1100260480.00
20150915;51.00;52.00;48.28;48.28;17840739;885826560.00
20150916;48.65;53.11;48.42;53.11;21030869;1062666432.00
20150917;53.00;56.72;51.51;51.75;27458377;1471234816.00
20150918;52.51;53.50;51.26;52.26;15874379;829961536.00
20150921;51.49;56.19;51.49;56.18;23095349;1257267712.00
20150922;56.88;57.67;55.13;56.51;23053667;1306856576.00
20150923;55.05;57.22;55.05;56.11;17101616;960407360.00
20150924;56.30;60.59;56.30;59.43;27045840;1589161088.00
20150925;58.88;59.30;54.35;55.30;20493202;1165202944.00
20150928;55.58;59.80;54.61;59.13;19330298;1109756416.00
20150929;57.43;58.35;56.05;56.79;15256045;873562368.00
20150930;57.70;58.35;55.55;56.70;11445901;654462912.00
20151008;59.01;61.90;58.65;61.00;22162079;1337385472.00
20151009;61.19;66.65;60.72;64.73;27461986;1753930752.00
20151012;66.20;69.55;66.00;68.58;24876004;1699895424.00
20151013;67.30;69.35;67.01;68.53;20545414;1401543424.00
20151014;67.88;68.50;66.03;66.27;17804483;1192703872.00
20151015;66.40;70.62;66.29;70.28;22756744;1572979968.00
20151016;72.80;72.80;68.75;71.14;24346925;1728625152.00
20151019;71.10;71.10;67.50;69.95;22127203;1533406336.00
20151020;70.20;74.99;70.20;73.15;24922563;1828436224.00
20151021;72.89;74.19;66.50;67.10;26857994;1892979712.00
20151022;67.31;71.13;67.09;70.71;21750005;1510255616.00
20151023;72.20;77.78;71.37;77.78;31446693;2343665408.00
20151026;80.36;85.00;76.81;82.30;44345773;3600423680.00
20151027;80.99;82.30;76.61;80.90;26017052;2069212544.00
20151028;80.90;85.25;80.08;81.50;27751530;2293507328.00
20151029;82.07;82.55;78.02;79.99;20268129;1616119808.00
20151030;79.80;79.80;76.58;77.26;17852417;1391964160.00
20151102;75.00;79.01;74.01;75.02;14851567;1137727488.00
20151103;75.99;76.48;73.60;74.30;13243839;988841024.00
20151104;76.86;81.73;76.86;81.73;28422209;2260487680.00
20151105;81.00;81.97;78.87;79.81;28466712;2284826624.00
20151106;81.00;84.48;80.51;81.93;26800597;2215266048.00
20151109;81.00;88.35;80.50;85.20;35838995;3038706944.00
20151110;84.03;85.50;82.60;84.50;20646879;1740765184.00
20151111;85.66;87.38;84.29;85.99;22800090;1952862592.00
20151112;85.90;85.90;81.80;82.78;29165833;2426598656.00
20151113;80.79;81.98;79.20;80.55;16365299;1322678912.00
20151116;79.00;88.61;78.50;88.61;44707407;3827488000.00
20151117;92.00;92.02;84.00;84.80;55364104;4850532864.00
20151118;85.00;85.83;80.88;81.17;24702357;2052230912.00
20151119;82.58;83.68;81.74;83.50;20460566;1694885760.00
20151120;83.90;84.08;81.50;83.00;20156003;1664915456.00
20151123;83.10;85.68;82.50;83.13;24433606;2045694976.00
20151124;85.18;86.63;83.05;83.60;30745382;2606411776.00
20151125;83.60;84.42;81.90;83.90;26044202;2160318976.00
20151126;83.98;84.30;80.90;80.92;24372102;1995892352.00
20151127;80.80;80.80;73.15;74.50;25434077;1966401280.00
20151130;74.50;75.50;68.68;73.88;22045055;1604569600.00
20151201;73.61;75.00;72.00;74.20;14274329;1052650496.00
20151202;74.91;74.96;71.50;74.46;12282511;907019712.00
20151203;74.69;76.92;74.69;76.61;14093448;1072763008.00
20151204;76.65;77.40;74.58;74.70;14690241;1116337792.00
20151207;74.62;75.50;73.81;74.35;12105340;902251968.00
20151208;74.35;74.35;72.00;72.25;13437041;977912320.00
20151209;72.25;73.24;71.04;71.60;10852753;782365376.00
20151210;71.40;72.73;70.88;71.80;11944641;859665792.00
20151211;72.22;73.00;71.55;72.14;12743329;921637248.00
20151214;70.87;71.98;69.01;71.90;18745730;1319480320.00
20151215;72.40;73.20;71.65;72.06;17031051;1232175104.00
20151216;72.50;72.95;71.39;71.43;16483523;1187612416.00
20151217;71.93;73.80;71.80;73.71;27878421;2036993280.00
20151218;74.00;74.37;72.44;72.71;17274974;1264247040.00
20151221;71.96;73.40;71.40;72.68;14163378;1021294208.00
20151222;73.20;73.35;72.21;72.99;11593078;844740096.00
20151223;73.25;73.88;71.80;71.90;14218272;1036384320.00
20151224;71.68;72.46;71.00;71.99;12527299;897628224.00
20151225;72.19;72.30;71.15;71.46;9402302;672468480.00
20151228;71.46;72.50;70.05;70.05;12600227;899770752.00
20151229;69.50;70.30;68.33;69.40;12337847;852898496.00
20151230;69.70;70.45;69.32;70.18;11217147;785314304.00
20151231;70.65;70.86;68.50;68.50;9565772;663938816.00
20160104;68.52;68.92;61.65;61.77;13316376;860795008.00
20160105;56.50;61.50;56.50;59.46;18894203;1120696832.00
20160106;59.91;61.41;59.90;61.30;12783611;775075584.00
20160107;60.30;60.30;55.17;55.21;3468526;198760080.00
20160108;56.80;57.90;52.23;55.98;16521063;924641600.00
20160111;54.95;55.53;50.50;50.66;17042367;906412608.00
20160112;51.69;52.62;50.10;51.88;17080520;879764992.00
20160113;52.28;52.69;50.00;50.01;13245657;681658624.00
20160114;48.31;54.49;48.06;54.13;21035996;1087480320.00
20160115;53.80;53.99;51.16;51.58;17118243;901384768.00
20160118;50.03;56.45;50.03;55.07;25989127;1408177408.00
20160119;54.57;56.30;53.55;56.27;24838414;1367408000.00
20160120;56.00;56.40;54.33;54.86;15594600;863176896.00
20160121;54.27;55.70;52.00;52.01;14948212;808647552.00
20160122;52.84;53.26;51.05;52.79;11245257;591156864.00
20160125;53.50;53.65;52.51;52.95;9639917;512350688.00
20160126;52.21;52.35;48.00;48.08;14772514;740972032.00
20160127;48.61;49.99;46.00;49.49;16388055;787407424.00
20160128;48.11;49.71;46.64;47.20;10486455;506148416.00
20160129;47.40;49.98;47.00;49.42;13442166;655932992.00
20160201;49.40;49.40;47.80;48.59;9819157;476965440.00
20160202;48.67;51.28;48.67;50.39;12085553;608321536.00
20160203;49.63;51.16;49.02;50.65;11260054;563364416.00
20160204;50.90;52.40;50.90;51.70;11407101;590348032.00
20160205;52.10;52.20;51.01;51.04;8111728;418174976.00
20160215;49.00;51.80;48.61;51.68;9488542;480076864.00
20160216;52.49;54.37;52.26;53.85;14335055;768191616.00
20160217;53.85;54.26;52.85;54.02;13504666;723675072.00
20160218;54.35;55.22;53.56;53.72;15344640;834563712.00
20160219;53.73;54.90;53.25;54.25;14414806;779840192.00
20160222;55.15;55.39;54.30;55.39;16936870;928119296.00
20160223;55.87;56.68;54.39;54.75;18923067;1053867648.00
20160224;54.48;55.20;52.56;53.91;14046852;755063040.00
20160225;53.69;53.84;48.52;48.52;20540387;1040405440.00
20160226;48.90;49.62;47.40;48.66;12286339;598927936.00
20160229;48.65;48.65;43.79;44.01;17579190;794473088.00
20160301;44.30;45.98;43.68;45.60;13886237;623023424.00
20160302;45.49;48.41;45.30;48.02;13960441;653231104.00
20160303;48.18;49.49;47.71;48.71;16382521;794230080.00
20160304;48.50;48.50;45.01;45.84;14511763;679400128.00
20160307;46.34;48.35;46.34;47.19;10960314;520384320.00
20160308;47.54;49.20;44.50;48.89;18737551;887458560.00
20160309;47.60;49.95;47.01;49.64;21260067;1036161344.00
20160310;51.00;52.50;49.45;49.45;31029202;1587655168.00
20160311;48.35;48.84;47.11;47.93;15466776;741991616.00
20160314;48.75;51.30;48.65;50.30;20536016;1030283392.00
20160315;49.95;50.35;49.00;49.15;12614810;625349376.00
20160316;49.98;50.18;47.90;48.15;14302738;699486272.00
20160317;48.52;52.28;48.51;51.46;29827469;1508954240.00
20160318;51.77;54.48;51.00;53.73;32805300;1733515648.00
20160321;54.88;55.60;53.90;54.93;29507894;1615610368.00
20160322;54.70;55.46;54.01;54.46;19765221;1081812864.00
20160323;54.26;55.85;54.25;55.76;23200679;1277172992.00
20160324;55.00;58.88;54.71;55.18;30688909;1739216000.00
20160325;54.70;56.28;53.70;54.88;19432503;1067735040.00
20160328;55.42;57.35;54.68;55.12;20426469;1144680320.00
20160329;55.00;55.30;52.81;53.38;16651369;895938752.00
20160330;54.24;56.56;54.20;56.56;22769017;1261243008.00
20160331;57.00;58.18;56.17;56.55;22970703;1312753152.00
20160401;55.90;55.97;54.50;55.60;16767291;925411008.00
20160405;55.38;58.50;55.28;58.00;22462048;1283715072.00
20160406;59.00;63.80;58.64;63.80;53870642;3341057024.00
20160407;65.87;65.87;62.56;63.50;45936923;2950837760.00
20160408;63.31;63.96;59.90;61.73;38352428;2367919616.00
20160411;62.40;63.35;61.00;61.73;31792765;1977376768.00
20160412;28.10;28.66;26.90;27.56;62444696;1736958720.00
20160413;27.79;29.55;27.68;28.32;69669607;1993985024.00
20160414;28.60;28.94;27.89;28.36;45163388;1277424128.00
20160415;28.35;28.36;27.94;28.16;28372826;797646528.00
20160418;27.83;28.66;27.48;28.40;40079651;1121760768.00
20160419;28.51;29.15;28.11;29.05;54170421;1555052928.00
20160420;29.02;29.08;26.81;27.36;64705455;1800325632.00
20160421;27.00;27.64;26.68;26.77;31946114;869003008.00
20160422;26.75;27.14;26.46;27.02;24272479;652200128.00
20160425;26.79;26.79;25.59;26.27;28589380;750110144.00
20160426;26.14;26.95;26.12;26.72;22385960;595992768.00
20160427;27.05;27.43;26.62;26.79;27860666;754980608.00
20160428;27.06;27.15;26.01;26.66;23786890;632792512.00
20160429;26.35;26.66;26.20;26.30;16506032;435741696.00
20160503;26.36;27.39;26.25;27.39;34045279;921655232.00
20160504;27.36;27.55;27.04;27.17;28574534;779502208.00
20160505;27.06;27.35;27.01;27.25;21033704;572107840.00
20160506;27.40;27.40;26.02;26.08;36566210;972869120.00
20160509;26.00;26.00;25.00;25.05;26956219;680473536.00
20160510;25.03;25.35;25.00;25.15;14246005;358256768.00
20160511;25.38;25.46;24.80;24.89;16922536;424883584.00
20160512;24.56;24.60;23.63;24.43;19719326;475732224.00
20160513;24.44;24.93;24.02;24.22;15033490;368725728.00
20160516;24.20;24.65;24.01;24.61;15030498;366765312.00
20160517;24.82;25.32;24.40;24.91;23205181;577697280.00
20160518;24.80;24.80;23.82;24.08;19021302;462364288.00
20160519;24.30;24.85;24.15;24.30;17976998;440602464.00
20160520;24.00;24.65;23.80;24.54;14999155;365262368.00
20160523;24.68;25.12;24.61;24.83;18017173;447575776.00
20160524;24.87;24.95;24.22;24.31;14494399;355635232.00
20160525;24.58;25.13;24.27;24.71;27178152;671997632.00
20160526;24.60;24.77;23.75;24.46;27852998;673143552.00
20160527;24.35;24.60;24.15;24.33;15963939;389683168.00
20160530;24.28;24.49;23.85;24.10;13039284;315215520.00
20160531;24.27;25.57;24.03;25.57;44064432;1101759488.00
20160601;25.57;25.87;25.28;25.40;36273538;927881856.00
20160602;25.45;26.43;25.34;26.35;43216112;1125096832.00
20160603;26.40;26.50;25.88;26.15;36818213;964297280.00
20160606;26.28;26.98;26.24;26.60;38569565;1026205568.00
20160607;26.75;27.07;26.38;26.54;31232795;833321600.00
20160608;26.33;26.88;26.03;26.66;32995765;874103040.00
20160613;26.05;26.40;24.60;24.70;34835746;896886912.00
20160614;24.60;25.10;24.60;24.84;18802227;466619136.00
20160615;24.12;25.82;24.12;25.49;30613072;773077632.00
20160616;25.50;25.68;24.90;25.10;28106556;709208000.00
20160617;25.24;25.70;25.00;25.11;23153122;587312512.00
20160620;25.11;25.25;24.69;25.01;17224407;429494368.00
20160621;25.27;25.68;24.79;24.90;23720370;599178496.00
20160622;24.84;25.30;24.70;25.24;17275839;432315584.00
20160623;25.18;25.23;24.79;24.91;18910705;472180928.00
20160624;24.98;25.23;23.73;24.47;27329798;671170304.00
20160627;24.44;25.29;24.30;25.14;24869883;620386816.00
20160628;24.98;25.59;24.90;25.44;32988779;835040000.00
20160629;25.52;25.65;25.28;25.49;26505825;674009344.00
20160630;25.50;25.68;25.33;25.39;21116864;537612992.00
