20091030;37.00;64.88;37.00;50.08;15016121;686712192.00
20091102;45.07;52.53;45.07;51.85;9289688;445886016.00
20091103;50.01;51.00;46.67;46.67;4783047;229675744.00
20091104;45.55;47.98;44.18;46.74;4168956;191432624.00
20091105;46.00;48.35;44.61;46.60;4351300;202885440.00
20091106;45.98;46.97;44.61;44.80;2848969;129138800.00
20091109;45.20;45.30;42.00;42.75;2214530;95389696.00
20091110;42.80;43.55;40.56;40.75;2736701;114831096.00
20091111;40.39;40.98;38.90;40.44;2405324;95713728.00
20091112;40.00;41.92;39.81;40.96;1997486;81899448.00
20091113;41.15;44.38;40.68;43.76;4164120;180025680.00
20091116;43.28;43.80;42.21;43.45;2427490;104274160.00
20091117;43.01;44.09;42.98;43.12;1346767;58436036.00
20091118;43.16;44.96;43.01;44.29;2349734;103485048.00
20091119;44.39;48.70;43.80;47.15;4712165;220042688.00
20091120;46.96;48.39;46.00;46.39;2685667;125943240.00
20091123;46.11;47.85;46.09;47.07;1763006;82581584.00
20091124;47.50;47.87;42.50;42.92;2713830;123289560.00
20091125;42.80;44.98;42.20;44.70;2241509;98261584.00
20091126;44.50;45.39;43.49;43.90;1874386;82996464.00
20091127;43.95;48.01;43.36;47.98;4953833;230010192.00
20091130;47.49;48.40;45.62;47.98;2743800;129251000.00
20091201;47.50;48.59;46.80;47.61;2260058;107330928.00
20091202;47.79;50.50;47.32;48.80;3426708;167602128.00
20091203;48.50;53.50;48.23;52.20;3974170;202410032.00
20091204;50.18;51.01;46.98;47.70;4223121;204019488.00
20091207;47.00;48.98;46.53;48.05;1950038;93506824.00
20091208;48.00;49.68;47.21;49.15;2005312;97472496.00
20091209;50.32;54.00;50.30;52.34;5439749;286009632.00
20091210;51.00;51.90;49.80;50.69;3099998;156976768.00
20091211;50.12;51.19;47.20;48.58;2163237;105876712.00
20091214;48.00;48.76;46.53;47.38;1399546;66183900.00
20091215;47.61;48.85;47.12;47.85;1209502;58057828.00
20091216;47.77;47.77;44.80;45.18;1692465;77506056.00
20091217;44.80;45.27;42.00;42.17;1644354;70999816.00
20091218;41.80;43.97;40.03;42.75;1856238;77627832.00
20091221;42.40;43.31;42.00;43.03;769956;33019040.00
20091222;43.01;43.35;40.10;40.88;857819;35546548.00
20091223;40.49;42.36;40.49;41.88;921318;38522428.00
20091224;41.12;42.90;41.01;42.64;966648;40779720.00
20091225;42.30;42.56;41.00;41.01;1014643;41944956.00
20091228;41.55;42.12;41.29;41.50;653841;27220446.00
20091229;41.79;41.85;40.88;41.45;629748;26030432.00
20091230;41.71;43.50;41.23;42.96;1541026;65707048.00
20091231;42.90;43.42;42.01;42.67;675951;28726964.00
20100104;43.00;43.15;42.30;42.50;632517;26946210.00
20100105;42.73;42.73;41.11;42.00;1001423;41801120.00
20100106;42.09;42.09;41.06;41.06;850850;35172292.00
20100107;41.06;41.47;40.07;40.13;822604;33565088.00
20100108;40.00;40.43;38.35;39.07;1011815;39635236.00
20100111;39.50;39.79;38.46;39.24;678716;26589276.00
20100112;39.25;40.39;39.25;40.33;732771;29344866.00
20100113;39.90;40.67;39.40;40.11;705283;28266966.00
20100114;40.00;42.60;40.00;42.16;1694529;70908208.00
20100115;42.23;42.79;41.50;41.93;774293;32478964.00
20100118;41.75;42.29;41.61;41.82;571072;23894634.00
20100119;41.99;41.99;40.66;41.25;821095;33915944.00
20100120;41.68;41.68;38.65;39.09;1179051;47173768.00
20100121;39.17;39.80;38.75;39.20;429335;16844122.00
20100122;38.50;38.78;36.60;36.80;1001952;37657456.00
20100125;36.01;36.65;35.10;35.30;854781;30542800.00
20100126;35.81;36.15;34.30;34.51;760992;26849310.00
20100127;34.60;34.77;33.80;34.17;506590;17387936.00
20100128;33.56;34.24;33.25;33.56;591576;19815784.00
20100129;33.68;34.68;33.40;33.99;727640;24845824.00
20100201;30.59;32.97;30.59;31.16;4368520;135230736.00
20100202;31.02;31.43;30.50;30.64;1354398;41845992.00
20100203;30.65;30.86;28.51;30.22;1481681;43799588.00
20100204;30.01;30.73;29.52;30.55;934035;28414822.00
20100205;29.81;31.25;29.80;30.38;999786;30636970.00
20100208;30.02;31.30;30.02;31.08;888543;27553832.00
20100209;30.97;31.28;30.60;30.89;539037;16630738.00
20100210;31.49;32.96;31.11;32.80;1420516;45648680.00
20100211;32.92;33.99;32.68;33.45;1425510;47451096.00
20100212;33.20;34.18;33.03;33.93;1013133;33915612.00
20100222;33.93;33.93;32.68;32.70;983610;32637004.00
20100223;33.00;33.76;32.72;33.73;833350;27649012.00
20100224;33.99;35.35;33.90;35.20;1747739;60942212.00
20100225;35.50;36.55;35.02;35.38;1904394;67931896.00
20100226;35.36;36.33;34.88;35.63;1199456;42957948.00
20100301;35.40;36.33;35.10;36.16;1146755;41193452.00
20100302;36.19;36.38;35.75;36.20;1166133;42035340.00
20100303;36.20;36.37;35.07;35.24;1372909;48785304.00
20100304;35.50;35.67;33.20;33.27;1259912;43313464.00
20100305;33.30;34.48;33.28;34.22;863261;29426666.00
20100308;34.20;35.15;34.08;34.86;609720;21175238.00
20100309;34.84;35.41;34.40;35.33;858270;30141538.00
20100310;35.40;35.76;34.50;35.00;797874;28044798.00
20100311;34.89;35.55;34.15;35.50;993396;34659968.00
20100312;35.53;37.45;35.05;36.23;2412381;88140384.00
20100315;36.55;36.97;35.80;36.70;1261361;46102900.00
20100316;36.93;37.50;35.80;36.40;1129354;41279460.00
20100317;36.10;37.15;36.08;37.07;870900;32090112.00
20100318;37.38;38.25;37.03;37.95;1470324;55536016.00
20100319;37.99;38.19;37.25;37.55;1035200;38927532.00
20100322;37.65;37.99;36.70;37.51;928986;34554268.00
20100323;37.40;38.88;37.08;38.42;1495530;56939704.00
20100324;38.20;40.70;38.19;40.21;2021259;80652568.00
20100325;40.09;41.38;39.46;41.10;2224264;90647448.00
20100326;40.02;40.50;38.00;39.86;1643978;65347064.00
20100330;41.00;43.55;40.50;42.94;2972520;126733424.00
20100331;42.50;46.45;42.09;44.83;2945909;131702664.00
20100401;44.88;46.50;44.50;45.00;3254026;148517216.00
20100402;44.10;45.35;43.60;44.32;1888070;83652776.00
20100406;44.21;45.50;44.20;45.48;1372795;61902208.00
20100407;45.50;46.97;45.10;46.78;1911755;88159760.00
20100408;46.60;47.50;43.83;44.40;2018136;92825656.00
20100409;44.06;46.40;44.06;46.38;1761091;80552744.00
20100412;46.30;48.87;46.30;48.66;2608881;124724992.00
20100413;48.60;49.40;43.88;45.15;3049168;141616880.00
20100414;44.78;45.14;43.00;43.70;1800689;79014800.00
20100415;42.60;43.20;40.50;41.12;3172126;131355384.00
20100416;40.88;42.50;40.06;41.60;1694429;70607120.00
20100419;41.00;42.35;40.18;40.20;1461464;60051884.00
20100420;39.98;40.49;36.20;38.95;1164908;44917860.00
20100421;39.68;41.30;39.01;41.02;1263515;51275524.00
20100422;41.00;42.77;40.80;41.85;1611468;67499520.00
20100423;41.60;42.17;40.00;40.49;1405289;57697780.00
20100426;40.30;40.30;39.05;39.42;912340;36136428.00
20100427;39.40;40.79;37.56;38.90;1101830;43462980.00
20100429;39.20;39.87;36.30;36.40;1148210;43767424.00
20100430;36.60;37.00;34.20;34.96;1045812;36585316.00
20100504;33.70;36.18;33.70;35.90;690354;24568462.00
20100505;35.41;37.60;35.10;37.60;909305;33302512.00
20100506;37.10;38.16;35.86;35.98;939650;35032372.00
20100507;35.40;37.26;35.00;36.80;1005790;36591548.00
20100510;36.62;37.45;34.02;35.30;912020;32544154.00
20100511;36.28;36.50;34.30;34.51;939309;33378756.00
20100512;18.02;18.68;17.08;17.30;1632495;28693882.00
20100513;17.20;17.50;16.08;17.39;1755948;29645398.00
20100514;17.00;17.78;16.81;17.42;1222432;21202020.00
20100517;17.18;17.18;15.80;15.89;1335920;22121528.00
20100518;15.80;16.24;15.47;15.98;1189360;18918286.00
20100519;15.89;16.70;15.65;16.39;1760379;28660368.00
20100520;16.39;16.68;16.02;16.13;1207617;19750702.00
20100521;15.80;16.79;15.50;16.78;1686282;27568176.00
20100524;16.78;18.33;16.78;18.33;2878851;51290932.00
20100525;18.07;18.99;17.91;18.60;3247649;60152660.00
20100526;18.46;19.04;18.23;18.51;2053585;38387396.00
20100527;18.38;20.30;18.27;20.09;3164091;61058272.00
20100528;20.30;21.75;20.01;21.02;4893530;102473792.00
20100531;21.03;22.15;20.25;20.83;4336841;92303416.00
20100601;20.66;20.66;19.20;19.80;3762429;74636848.00
20100602;19.48;20.66;19.10;20.66;2744679;54358992.00
20100603;21.28;22.73;21.25;22.34;8262594;184042080.00
20100604;21.76;24.50;21.60;24.38;9540215;221034464.00
20100607;23.55;25.49;23.16;24.69;9656015;237578672.00
20100608;24.02;24.55;23.50;24.00;5179003;123831728.00
20100609;23.82;24.87;23.01;23.68;5952704;143508192.00
20100610;23.57;24.30;23.50;24.30;4671103;112086456.00
20100611;24.40;25.39;24.00;25.20;7193437;178441680.00
20100617;25.10;25.12;22.70;22.76;5154353;123866040.00
20100621;21.01;23.65;20.48;22.70;4494757;98497384.00
20100622;22.50;22.97;21.87;21.88;2833271;63220968.00
20100623;21.61;22.80;21.51;22.42;2480139;55303476.00
20100624;22.20;22.55;21.82;22.20;1669717;36992528.00
20100625;22.22;22.67;21.20;21.71;2051335;45194896.00
20100628;21.44;21.97;20.60;21.00;1844475;39128288.00
20100629;20.82;21.00;19.00;19.44;2791709;55188756.00
20100630;18.82;20.59;18.70;20.56;3682124;73591352.00
20100701;20.28;20.50;19.40;19.40;2612827;51854464.00
20100702;19.20;19.40;17.58;18.65;2458341;45539700.00
20100705;18.08;18.48;17.71;18.03;1394794;25301456.00
20100706;18.00;18.86;17.76;18.80;1960414;36578948.00
20100707;18.85;19.51;18.85;19.30;1672665;32077926.00
20100708;19.37;19.97;18.89;19.65;2661932;51838628.00
20100709;19.31;20.20;19.20;20.00;2534458;50239836.00
20100712;19.90;20.23;19.62;19.82;1611744;32119260.00
20100713;19.70;19.76;18.95;19.59;2005049;38878596.00
20100714;19.51;19.88;19.20;19.40;1350475;26366076.00
20100715;19.28;19.76;18.71;18.75;1679500;32316806.00
20100716;18.51;19.20;18.21;19.18;1384659;25992210.00
20100719;18.80;19.58;18.58;19.40;1425782;27331868.00
20100720;19.31;20.15;19.25;19.97;2328890;46126176.00
20100721;19.96;20.41;19.56;19.77;2188685;43718392.00
20100722;19.73;20.12;19.60;20.05;1468320;29206590.00
20100723;20.05;20.98;20.05;20.73;4325405;89000488.00
20100726;21.00;21.30;20.39;20.79;2547527;52958984.00
20100727;20.61;20.65;20.20;20.32;1924448;39334448.00
20100728;20.27;20.78;20.20;20.69;2005955;41318568.00
20100729;20.75;21.20;20.51;20.77;2066966;43118196.00
20100730;20.60;20.82;20.11;20.48;1642295;33476084.00
20100802;20.40;21.00;20.30;21.00;2341429;48504492.00
20100803;21.05;21.10;20.45;20.45;1874435;38951424.00
20100804;20.17;20.50;20.01;20.45;1747614;35326496.00
20100805;20.37;22.49;20.25;22.17;6253335;134886352.00
20100806;22.04;22.66;21.70;22.39;4519474;100464464.00
20100809;22.39;23.46;22.13;22.93;3614864;82501664.00
20100810;22.80;25.06;22.60;24.09;8510193;206582208.00
20100811;23.85;24.98;23.58;24.78;7531462;184239456.00
20100812;24.38;24.49;23.43;23.49;5283973;126688936.00
20100813;23.47;23.70;22.70;23.36;3177127;73403896.00
20100816;23.21;25.70;23.21;25.70;8071269;203961744.00
20100817;25.80;25.80;24.87;25.28;6307593;159552832.00
20100818;25.23;25.98;24.74;25.19;5336629;135595808.00
20100819;25.20;25.29;24.30;24.82;4024657;99466936.00
20100820;24.64;25.10;23.45;23.59;3596620;87030488.00
20100823;23.48;24.29;23.25;23.79;2831372;67013688.00
20100824;23.79;24.00;23.12;23.72;2473564;58439124.00
20100825;23.59;23.65;22.02;22.20;2893782;66529000.00
20100826;22.24;22.59;21.97;22.48;2152571;47989640.00
20100827;22.80;23.99;22.79;23.72;3463527;81512952.00
20100830;23.72;24.38;23.52;24.23;3166181;76362576.00
20100831;24.38;25.20;24.18;24.80;4111095;102152992.00
20100901;24.60;24.70;23.10;23.21;4190402;99701368.00
20100902;23.45;23.57;22.75;23.40;3143070;73013568.00
20100903;23.41;23.89;22.85;23.50;2853743;66638276.00
20100906;23.72;23.75;22.66;22.69;3161012;72591728.00
20100907;22.70;23.18;22.63;23.07;1845559;42275524.00
20100908;23.00;23.18;22.66;22.98;1730468;39542452.00
20100909;23.25;24.50;23.25;23.65;5316850;127318360.00
20100910;23.83;25.89;23.81;25.64;8886369;220371520.00
20100913;25.50;25.50;24.60;24.80;5711176;142050784.00
20100914;24.78;25.00;24.15;24.72;4137454;101816824.00
20100915;24.50;24.79;23.45;23.70;3451902;83296696.00
20100916;23.48;23.89;22.30;22.56;3338230;76277504.00
20100917;22.57;23.18;22.50;22.57;1765941;40260816.00
20100920;22.70;22.90;21.48;21.51;2018514;44339836.00
20100921;21.56;21.70;20.61;20.84;1603987;33632888.00
20100928;21.27;21.60;20.75;20.84;2027030;42992564.00
20100929;20.85;21.27;20.85;21.26;1312469;27625158.00
20100930;21.02;21.87;20.91;21.70;1407570;30412328.00
20101008;22.00;22.25;21.82;22.09;1881018;41552024.00
20101011;22.00;22.85;21.45;22.63;3393873;74476144.00
20101012;22.46;22.57;22.18;22.25;1906939;42578872.00
20101013;22.25;22.47;21.70;22.28;2099823;46309228.00
20101014;22.29;22.46;21.29;21.29;1972912;43010496.00
20101015;21.18;21.47;20.60;20.81;2191344;45843296.00
20101018;20.81;20.81;19.50;20.12;2422786;48138460.00
20101019;20.13;22.13;20.06;22.13;4374273;95171264.00
20101020;22.13;23.40;21.80;22.72;5328137;121299008.00
20101021;22.55;23.23;21.81;22.82;3053215;68663584.00
20101022;22.66;23.67;22.65;22.97;3525009;81836960.00
20101025;22.71;23.50;22.60;23.23;3203268;74408920.00
20101026;23.30;23.42;22.41;23.03;3676352;84088616.00
20101027;24.65;25.18;23.20;23.33;6875648;167037760.00
20101028;23.00;23.62;22.38;23.50;3710095;84998056.00
20101029;23.39;24.15;22.70;23.18;3630716;85452936.00
20101101;22.56;23.83;22.50;23.64;6196763;144604304.00
20101102;23.50;23.51;22.60;22.73;4821703;110633320.00
20101103;22.50;22.50;21.49;21.49;3646856;79598576.00
20101104;21.27;21.94;21.27;21.86;2260994;48909468.00
20101105;22.10;22.18;21.61;22.01;2703865;59230404.00
20101108;22.10;22.78;21.96;22.60;3143204;70553712.00
20101109;22.65;23.38;22.63;23.23;4480447;103487200.00
20101110;23.24;24.49;23.24;23.81;7555099;181314352.00
20101111;23.54;24.50;23.12;23.86;7692814;183945632.00
20101112;23.77;24.85;22.45;22.71;8044781;192331424.00
20101115;22.98;24.98;22.91;24.98;9028230;220291056.00
20101116;26.01;27.43;25.01;26.40;20218901;529826912.00
20101117;25.30;25.90;23.76;23.80;10097665;248512816.00
20101118;23.77;24.84;23.40;24.44;6038815;146080400.00
20101119;24.44;25.60;24.10;25.60;7704559;191723696.00
20101122;25.71;26.35;25.28;26.00;8731832;225252160.00
20101123;25.66;25.80;24.31;25.21;5326118;133303392.00
20101124;24.88;26.62;24.75;26.57;7118487;185024896.00
20101125;26.49;27.09;25.62;25.94;7023517;185242080.00
20101126;25.81;26.51;25.02;25.91;4816266;124703528.00
20101129;25.97;27.47;25.85;27.22;8302098;223285872.00
20101130;27.29;27.29;24.75;25.66;7160721;185384432.00
20101201;25.48;25.65;24.71;25.05;3100551;77820344.00
20101202;25.35;25.50;24.91;24.99;2726395;68562864.00
20101203;25.06;25.06;23.88;24.25;3347493;81230144.00
20101206;24.24;24.24;23.48;23.60;2257083;53500436.00
20101207;23.62;24.47;23.62;24.29;2582924;62387644.00
20101208;24.30;24.55;23.90;23.93;1622687;39281344.00
20101209;23.98;24.24;23.35;23.35;1894984;44904464.00
20101210;23.15;23.75;22.88;23.65;1761926;41197404.00
20101213;23.76;24.54;23.72;24.37;2661622;64815076.00
20101214;24.38;24.70;24.15;24.42;2564626;62564784.00
20101215;24.40;24.40;24.02;24.18;1889319;45706684.00
20101216;24.18;24.79;24.03;24.50;2436378;59775100.00
20101217;24.50;24.53;24.15;24.20;2030946;49348172.00
20101220;24.20;24.36;22.70;23.32;3527320;82675176.00
20101221;23.29;23.64;22.90;23.45;1858616;43382896.00
20101222;23.50;23.65;23.00;23.13;1711816;39648444.00
20101223;23.01;23.18;22.61;22.62;1422402;32519194.00
20101224;22.56;22.56;21.58;22.10;1754318;38635904.00
20101227;22.01;22.49;21.00;21.28;1702066;37200708.00
20101228;21.28;21.45;20.76;20.89;1435817;30193718.00
20101229;21.00;21.47;20.91;21.47;1023630;21757166.00
20101230;21.35;21.86;21.22;21.56;1071917;23080206.00
20101231;21.46;21.85;21.46;21.82;1068121;23160318.00
20110104;21.90;22.16;21.66;22.05;1275335;27911850.00
20110105;22.00;22.65;21.81;22.14;1588748;35427592.00
20110106;22.12;22.16;21.00;21.40;1457338;31544924.00
20110107;21.45;22.20;21.45;21.74;1288208;28151906.00
20110110;21.64;21.73;20.31;21.12;1033126;22014668.00
20110111;20.59;21.13;20.42;20.95;1187968;24650728.00
20110112;20.83;21.10;20.33;20.83;1127891;23295398.00
20110113;21.10;21.10;20.38;20.51;1087444;22380910.00
20110114;20.61;21.26;20.44;20.73;2949352;61370620.00
20110117;20.60;20.60;19.01;19.06;2058702;40409136.00
20110118;19.15;19.25;18.88;19.05;818654;15603690.00
20110119;19.10;19.50;18.95;19.50;1121151;21609192.00
20110120;19.40;19.40;18.30;18.36;1218822;22939956.00
20110121;18.18;18.86;18.18;18.43;718357;13261612.00
20110124;18.43;18.49;17.82;17.99;866185;15765696.00
20110125;17.87;18.20;17.87;18.16;674722;12164235.00
20110126;18.16;18.45;18.13;18.40;659594;12084231.00
20110127;18.35;18.75;18.12;18.69;1132459;20983162.00
20110128;18.69;18.85;18.51;18.75;714687;13369602.00
20110131;18.67;18.93;18.60;18.85;738591;13876924.00
20110201;18.90;18.90;18.53;18.78;633790;11868199.00
20110209;18.70;19.06;18.51;18.65;808592;15209752.00
20110210;18.68;20.00;18.60;19.76;2091748;40899308.00
20110211;19.85;20.26;19.65;19.94;1548730;30909852.00
20110214;20.00;20.24;19.71;20.18;1739004;34730220.00
20110215;20.25;20.35;20.00;20.14;1521004;30663746.00
20110216;20.08;20.49;20.00;20.37;1490611;30275558.00
20110217;20.38;20.55;19.90;20.15;1822207;36750772.00
20110218;20.15;20.39;19.90;20.14;1349762;27185862.00
20110221;20.00;20.48;19.90;20.47;1848626;37356616.00
20110222;20.60;20.79;19.70;19.76;1958817;39707948.00
20110223;19.75;20.38;19.68;20.13;1513551;30428952.00
20110224;20.09;20.64;20.00;20.23;1286200;26122504.00
20110225;20.16;20.36;19.97;20.20;1081094;21778904.00
20110228;20.21;20.40;19.98;20.35;1050218;21240026.00
20110301;20.50;20.99;20.37;20.67;2165253;44851272.00
20110302;20.55;21.15;20.50;20.89;1864450;38840700.00
20110303;21.05;21.08;20.01;20.07;1888045;38642764.00
20110304;20.13;20.30;19.88;20.22;1010078;20333710.00
20110307;20.30;20.59;20.15;20.58;2097967;42664756.00
20110308;20.58;20.77;20.36;20.62;1200634;24697218.00
20110309;20.63;20.66;20.27;20.40;1218932;24842152.00
20110310;20.49;20.60;20.26;20.44;1178306;24092464.00
20110311;20.44;20.93;20.40;20.61;2429051;50328608.00
20110314;20.75;21.37;20.50;21.35;3634076;76704120.00
20110315;21.35;21.35;20.40;20.92;2688696;55944664.00
20110316;20.92;21.10;20.60;20.99;1829418;37968716.00
20110317;20.78;21.25;20.49;20.60;2190044;45541656.00
20110318;20.77;20.92;20.55;20.60;1071264;22144438.00
20110321;20.40;20.58;19.60;19.62;2862527;56859444.00
20110322;19.63;19.78;19.06;19.32;1323219;25548568.00
20110323;19.40;19.59;19.26;19.45;1019764;19804188.00
20110324;19.48;19.87;19.35;19.72;1353393;26644166.00
20110325;19.80;19.85;19.61;19.73;1045750;20612720.00
20110328;19.74;19.80;19.35;19.35;1275279;24930494.00
20110329;19.37;19.40;18.50;18.64;2078250;39079828.00
20110330;18.63;18.95;18.55;18.65;1344154;25159298.00
20110331;18.70;18.95;18.56;18.69;914405;17106962.00
20110401;18.68;18.84;18.56;18.80;763219;14283583.00
20110406;18.81;18.86;18.60;18.77;903029;16936362.00
20110407;18.80;19.24;18.75;19.07;1137880;21686608.00
20110408;19.01;19.25;19.01;19.16;935034;17899960.00
20110411;19.18;19.30;18.84;18.95;1255605;23953096.00
20110412;18.88;19.10;18.86;18.91;544897;10329502.00
20110413;18.85;19.57;18.83;19.48;1703241;32910142.00
20110414;19.46;19.70;19.32;19.44;1300628;25408288.00
20110415;19.40;19.70;19.35;19.61;1015524;19833976.00
20110418;19.60;19.60;19.15;19.18;964546;18638932.00
20110419;19.11;19.18;18.46;18.61;2070273;38756020.00
20110421;18.49;18.64;17.93;18.39;2181710;39789392.00
20110422;18.35;18.35;17.99;18.10;1243096;22559316.00
20110425;18.12;18.25;17.71;17.88;1092449;19607194.00
20110426;17.88;17.91;17.30;17.47;848349;14885554.00
20110427;17.50;17.60;17.30;17.43;718139;12518099.00
20110428;17.45;17.64;16.89;16.99;822099;14172549.00
20110429;17.00;17.20;16.61;17.20;734380;12430222.00
20110503;17.20;17.66;17.18;17.60;593699;10374910.00
20110504;17.60;17.60;16.98;17.16;593422;10284111.00
20110505;17.18;17.49;17.18;17.37;394074;6849091.50
20110506;13.55;13.90;13.40;13.76;530950;7284413.00
20110509;13.85;13.97;13.56;13.86;686710;9497539.00
20110510;13.86;13.99;13.73;13.80;434286;5989773.00
20110511;13.82;13.82;13.50;13.60;809889;11007068.00
20110512;13.51;13.61;13.22;13.37;795623;10674189.00
20110513;13.34;13.48;13.23;13.47;476154;6367924.50
20110516;13.39;13.48;13.16;13.23;565202;7531518.00
20110517;13.22;13.49;13.16;13.40;678652;9038196.00
20110518;13.39;13.49;13.25;13.39;408950;5474354.00
20110519;13.45;13.60;13.31;13.50;948641;12797933.00
20110520;13.45;13.56;13.34;13.44;434578;5817781.00
20110523;13.40;13.40;12.50;12.50;1186095;15216317.00
20110524;12.30;12.96;12.06;12.78;1466834;18387682.00
20110525;12.70;12.75;12.25;12.31;581651;7246135.00
20110526;12.40;12.59;11.90;11.93;691787;8435291.00
20110527;11.91;12.05;11.40;11.41;1009063;11738054.00
20110530;11.40;11.69;11.12;11.42;1261265;14466707.00
20110531;11.48;11.67;11.18;11.61;1122777;12817813.00
20110601;11.58;12.15;11.55;11.92;1611108;19199920.00
20110602;11.71;11.80;11.42;11.51;1420052;16449249.00
20110603;11.50;12.08;11.46;11.86;1370117;16244851.00
20110607;11.83;12.25;11.77;11.98;1139451;13713769.00
20110608;11.95;11.95;11.57;11.79;1051164;12321658.00
20110609;11.76;11.88;11.60;11.60;743619;8725845.00
20110610;11.61;11.69;11.28;11.48;784077;8973244.00
20110613;11.30;11.67;11.28;11.60;836971;9634150.00
20110614;11.50;11.85;11.50;11.74;625609;7330711.00
20110615;11.71;11.75;11.44;11.45;542434;6277244.50
20110616;11.35;11.45;11.20;11.20;573556;6475306.50
20110617;11.16;11.62;11.16;11.30;913312;10443882.00
20110620;11.22;11.50;10.85;10.97;706952;7801972.50
20110621;10.99;11.09;10.86;11.08;407504;4479976.00
20110622;11.20;11.20;10.97;11.13;459634;5093156.00
20110623;11.10;11.55;10.80;11.45;1408822;15997676.00
20110624;11.37;11.77;11.33;11.71;1887199;21908416.00
20110627;11.71;12.20;11.71;11.92;1829221;21822022.00
20110628;11.95;12.08;11.69;11.80;1298851;15336498.00
20110629;11.70;11.95;11.66;11.66;992591;11699453.00
20110630;11.62;11.87;11.62;11.80;841037;9912035.00
20110701;12.12;12.98;12.00;12.98;5848244;74987576.00
20110704;13.00;13.80;12.70;13.53;7037656;93862264.00
20110705;13.50;13.50;13.24;13.43;3086193;41124520.00
20110706;13.30;13.78;13.23;13.52;3114872;42134840.00
20110707;13.34;13.58;13.20;13.25;2579389;34370116.00
20110708;13.25;13.25;12.81;13.00;2083065;26980626.00
20110711;13.00;13.18;12.82;13.14;1478848;19321844.00
20110712;13.00;13.09;12.85;12.90;1197909;15486714.00
20110713;12.83;13.34;12.83;13.25;1708371;22487964.00
20110714;13.23;13.57;13.11;13.53;2388233;32040946.00
20110715;13.54;14.17;13.50;13.93;4063148;56667660.00
20110718;13.85;15.15;13.80;14.25;4111696;59660672.00
20110719;14.20;14.24;13.70;13.71;1958975;27280374.00
20110720;13.75;13.99;13.52;13.85;1388567;19074014.00
20110721;13.73;13.88;13.35;13.35;1189664;16180513.00
20110722;13.30;13.88;13.30;13.60;1404324;19142122.00
20110725;13.49;13.49;12.65;12.82;1765839;23138588.00
20110726;12.88;13.08;12.62;13.04;1014684;13065879.00
20110727;13.00;13.53;12.84;13.52;1662646;22159120.00
20110728;13.35;13.68;13.21;13.55;1986417;26728196.00
20110729;13.45;13.58;13.04;13.25;1659939;22069240.00
20110801;13.22;13.79;13.12;13.60;2224980;30186392.00
20110802;13.57;14.05;12.95;14.05;3592291;49076900.00
20110803;13.86;14.48;13.75;13.95;3525904;49947988.00
20110804;13.84;14.28;13.62;13.70;2029625;28118588.00
20110805;13.22;13.42;13.00;13.16;1685677;22304660.00
20110808;13.00;13.10;12.02;12.06;2310195;28660490.00
20110809;11.50;12.08;11.18;11.80;1889207;22099488.00
20110810;12.16;12.25;11.92;12.02;1501137;18153250.00
20110811;11.76;12.77;11.65;12.59;2181020;26709012.00
20110812;12.78;12.78;12.49;12.55;1676339;21192708.00
20110815;12.47;13.16;12.47;12.90;2101635;27211682.00
20110816;12.88;13.30;12.80;12.90;2411236;31490434.00
20110817;12.98;13.33;12.76;13.16;2287546;29999488.00
20110818;13.14;13.18;12.42;12.43;2766385;35224136.00
20110819;12.18;12.43;11.85;12.36;2007493;24368704.00
20110822;12.30;12.63;12.30;12.39;1135852;14161426.00
20110823;12.39;12.91;12.39;12.90;2203947;28054070.00
20110824;13.11;14.19;13.10;13.65;7021115;96914072.00
20110825;13.50;13.88;13.15;13.80;3958223;53534744.00
20110826;13.73;14.28;13.60;13.94;4273345;59727156.00
20110829;13.85;14.35;13.70;14.24;4997379;70449936.00
20110830;14.33;14.40;13.60;13.69;4099869;57427776.00
20110831;13.61;13.77;13.41;13.65;1815904;24618822.00
20110901;13.65;13.96;13.53;13.78;2100277;28879772.00
20110902;13.61;13.85;13.31;13.38;1525544;20626138.00
20110905;13.18;13.39;13.00;13.05;1592870;20927782.00
20110906;13.00;13.15;12.78;12.82;1213666;15696344.00
20110907;12.88;13.42;12.82;13.40;1875389;24680114.00
20110908;13.40;13.97;13.31;13.57;2990057;40680720.00
20110909;13.51;13.68;13.21;13.23;1839310;24594402.00
20110913;13.00;13.00;12.50;12.69;1622781;20671988.00
20110914;12.76;12.97;12.49;12.95;1134326;14449399.00
20110915;12.95;13.10;12.90;12.97;1051344;13662638.00
20110916;13.10;13.18;12.79;12.85;929277;12066124.00
20110919;12.85;12.85;12.45;12.48;1081802;13559116.00
20110920;12.47;12.69;12.42;12.52;914718;11483719.00
20110921;12.49;12.94;12.30;12.88;1466206;18651334.00
20110922;12.80;12.84;12.46;12.47;1266620;16010460.00
20110923;12.31;12.31;12.01;12.28;1255572;15277295.00
20110926;12.20;12.34;12.01;12.04;783029;9516423.00
20110927;12.10;12.28;11.98;12.12;644296;7815934.00
20110928;12.20;12.25;11.70;11.80;1030525;12315634.00
20110929;11.61;11.85;11.40;11.40;875498;10182493.00
20110930;11.42;11.65;11.35;11.52;553974;6365117.50
20111010;11.64;11.64;11.30;11.33;546285;6236506.50
20111011;11.85;12.05;11.43;11.60;1016194;11920280.00
20111012;11.45;12.10;11.38;12.07;1462438;17374916.00
20111013;11.96;12.43;11.96;12.28;1649850;20232354.00
20111014;12.23;12.29;11.96;12.13;1107648;13415940.00
20111017;12.19;12.27;12.00;12.24;887110;10781324.00
20111018;12.12;12.19;11.85;11.85;1072960;12904664.00
20111019;11.88;12.06;11.76;11.88;577063;6875351.50
20111020;11.80;11.80;11.26;11.45;942760;10785597.00
20111021;11.54;11.54;11.21;11.25;509359;5773922.50
20111024;11.22;11.61;10.91;11.53;944531;10724048.00
20111025;11.50;11.90;11.39;11.82;1677102;19686666.00
20111026;11.71;12.18;11.70;11.96;2051225;24527408.00
20111027;12.19;13.05;12.18;12.41;4147147;52104368.00
20111028;12.42;12.59;12.24;12.58;2655023;33057276.00
20111031;12.82;13.56;12.82;13.01;5131893;67527992.00
20111101;12.80;13.48;12.65;13.38;5366897;70868152.00
20111102;13.02;13.66;12.95;13.58;4978015;66053544.00
20111103;13.55;13.98;13.25;13.28;6090374;82978280.00
20111104;13.36;13.78;13.24;13.50;4423870;59760168.00
20111107;13.36;13.57;13.20;13.23;2778691;37154704.00
20111108;13.37;13.70;13.26;13.47;3964675;53510704.00
20111109;13.60;14.63;13.57;14.59;9840276;138675456.00
20111110;14.31;14.97;14.10;14.22;8513481;123203344.00
20111111;14.18;14.58;13.97;14.15;5454617;77984144.00
20111114;14.29;14.72;14.16;14.58;5484274;79655640.00
20111115;14.57;14.58;14.23;14.50;4149588;59675448.00
20111116;14.41;14.53;13.52;13.75;4582851;63987632.00
20111117;13.70;14.13;13.55;13.75;3813195;52793384.00
20111118;13.60;13.75;13.37;13.50;2831381;38318100.00
20111121;13.48;13.50;13.09;13.36;1928225;25526874.00
20111122;13.21;13.67;13.15;13.62;1650066;22147654.00
20111123;13.51;13.94;13.42;13.81;2901997;39781092.00
20111124;13.64;14.17;13.56;13.90;3767271;52435088.00
20111125;13.76;13.95;13.21;13.30;3063498;41719852.00
20111128;13.30;13.38;12.93;13.10;2383650;31225720.00
20111129;13.32;14.13;13.29;13.90;4692364;64594980.00
20111130;13.90;13.92;12.95;13.40;4169700;56071468.00
20111201;13.90;14.74;13.61;14.51;15622695;226206384.00
20111202;14.20;14.31;13.39;13.48;9559888;132235112.00
20111205;13.39;13.40;12.50;12.55;4018705;51813708.00
20111206;12.35;12.89;12.26;12.73;2970506;37408540.00
20111207;12.65;13.17;12.51;12.94;2952272;37974860.00
20111208;12.77;13.04;12.38;12.76;3097573;39503776.00
20111209;12.70;13.05;12.56;12.63;1974602;25298420.00
20111212;12.63;12.79;12.40;12.40;1578813;19859132.00
20111213;12.11;12.27;11.71;11.83;2097610;24986712.00
20111214;11.80;11.94;11.53;11.60;1341613;15810316.00
20111215;11.60;11.84;11.50;11.65;1705450;19918972.00
20111216;11.66;12.19;11.65;12.15;2264298;26967738.00
20111219;11.96;12.50;11.93;12.50;2357952;28676434.00
20111220;12.42;12.80;12.28;12.46;2860304;35858024.00
20111221;12.57;12.58;11.80;11.84;2350661;28910152.00
20111222;11.75;12.45;11.57;12.28;3362150;40769052.00
20111223;12.09;12.47;12.01;12.15;2381337;29095984.00
20111226;12.08;12.37;11.85;11.87;1347816;16413888.00
20111227;11.87;12.17;11.64;11.74;1923072;22991988.00
20111228;11.55;11.65;11.02;11.42;2304241;25881420.00
20111229;11.32;11.47;11.26;11.31;1061420;12050840.00
20111230;11.44;11.61;11.36;11.45;1088467;12523211.00
20120104;11.64;11.69;11.00;11.04;1605279;18239656.00
20120105;10.90;10.98;9.94;9.99;2585368;26869396.00
20120106;9.99;10.16;9.70;10.10;1571120;15618697.00
20120109;10.18;10.56;9.96;10.51;1440701;14904788.00
20120110;10.60;10.95;10.52;10.93;1880789;20295062.00
20120111;10.89;11.16;10.83;10.86;1541083;16946190.00
20120112;10.85;11.08;10.78;10.79;1137459;12400707.00
20120113;10.73;10.85;10.17;10.20;1738124;18107044.00
20120116;10.10;10.19;9.77;9.81;1492254;14901504.00
20120117;9.85;10.50;9.78;10.45;1289530;13087522.00
20120118;10.50;10.60;9.95;10.03;1346032;13781552.00
20120119;10.01;10.46;10.01;10.32;1712025;17602200.00
20120120;10.34;10.47;10.25;10.44;1387574;14406307.00
20120130;10.57;10.57;10.34;10.43;1456746;15228407.00
20120131;10.43;10.45;10.16;10.33;798582;8188418.00
20120201;10.35;10.57;10.27;10.40;1423136;14870578.00
20120202;10.47;10.54;10.32;10.54;1196464;12487824.00
20120203;10.52;10.75;10.49;10.73;1470088;15665529.00
20120206;10.85;10.85;10.60;10.72;1431860;15315290.00
20120207;10.84;11.34;10.80;10.99;4102727;45406248.00
20120208;10.82;11.20;10.75;11.17;2585571;28452518.00
20120209;11.13;11.48;11.01;11.30;3280621;36933392.00
20120210;11.28;11.34;11.12;11.20;2124323;23838638.00
20120213;11.19;11.44;11.00;11.31;2306899;25947364.00
20120214;11.27;11.31;11.08;11.19;1593341;17830244.00
20120215;11.19;11.40;11.09;11.34;2040349;23003564.00
20120216;11.33;11.50;11.10;11.22;2272652;25652908.00
20120217;11.30;11.32;10.96;11.11;1766243;19640080.00
20120220;11.27;11.42;11.16;11.17;2339779;26400752.00
20120221;11.16;11.32;10.98;11.30;1642224;18345486.00
20120222;11.28;11.69;11.27;11.66;4351793;50206456.00
20120223;11.79;11.88;11.47;11.57;3146593;36666508.00
20120224;11.51;11.81;11.46;11.78;2980892;34811716.00
20120227;11.85;11.86;11.63;11.71;3226083;37932952.00
20120228;11.64;11.70;11.39;11.53;2342433;27003554.00
20120229;11.50;11.61;11.31;11.35;1413179;16205444.00
20120301;11.28;11.48;11.28;11.36;1067797;12152057.00
20120302;11.45;11.68;11.35;11.63;1517288;17524218.00
20120305;11.63;11.69;11.52;11.59;1555992;18065164.00
20120306;11.51;11.62;11.29;11.34;1563819;17803454.00
20120307;11.27;11.47;11.20;11.29;1250100;14194271.00
20120308;11.28;11.63;11.28;11.55;2065948;23755500.00
20120309;11.60;11.76;11.56;11.74;2130128;24898714.00
20120312;11.77;11.97;11.67;11.94;3262619;38502012.00
20120313;11.98;11.98;11.74;11.86;2184003;25849434.00
20120314;11.91;12.00;11.20;11.27;3535842;41449200.00
20120315;11.28;11.37;10.90;11.05;2027334;22545344.00
20120316;11.05;11.40;11.05;11.37;1664489;18751678.00
20120319;11.37;11.65;11.32;11.58;1785009;20557286.00
20120320;11.58;11.60;11.16;11.18;1824499;20624288.00
20120321;11.22;11.31;11.00;11.16;1218818;13599149.00
20120322;11.18;11.39;11.15;11.28;961814;10861862.00
20120323;11.20;11.23;11.01;11.11;1016137;11307172.00
20120326;11.09;11.30;11.01;11.16;808475;9044412.00
20120327;11.25;11.50;11.18;11.43;1831065;20819420.00
20120328;11.40;11.44;10.64;10.72;2081562;22967418.00
20120329;10.65;10.70;10.40;10.50;1219943;12897115.00
20120330;10.52;10.62;10.08;10.22;1091128;11336470.00
20120405;10.21;10.50;10.14;10.45;1048605;10879012.00
20120406;10.50;10.52;10.36;10.42;1055896;11004114.00
20120409;10.36;10.47;10.18;10.18;1003910;10304467.00
20120410;10.10;10.29;9.95;10.28;1141343;11553839.00
20120411;10.16;10.32;10.11;10.25;820479;8376209.50
20120412;10.25;10.57;10.21;10.55;1597053;16652007.00
20120413;10.55;10.70;10.51;10.67;1545694;16381352.00
20120416;10.62;10.64;10.48;10.55;629737;6650884.00
20120417;10.53;10.76;10.51;10.55;1205794;12827036.00
20120419;10.75;11.59;10.70;11.26;4917628;54976360.00
20120420;11.20;11.27;11.00;11.20;2703191;30097896.00
20120423;11.08;11.26;10.35;10.53;2990088;32202614.00
20120424;10.41;10.50;9.90;10.32;1845794;18849054.00
20120425;10.32;10.41;10.16;10.39;1129692;11615875.00
20120426;10.40;10.40;10.15;10.23;952397;9758010.00
20120427;10.23;10.66;10.03;10.49;2115464;22053092.00
20120502;10.60;10.80;10.50;10.68;1434683;15279246.00
20120503;10.70;10.92;10.60;10.83;1179294;12709923.00
20120504;10.70;10.75;10.45;10.70;1336361;14190307.00
20120507;10.58;10.86;10.56;10.85;1311563;14042495.00
20120508;10.85;10.90;10.64;10.74;1087700;11701247.00
20120509;10.62;10.69;10.33;10.35;1240650;12981011.00
20120510;10.38;10.68;10.34;10.53;1188584;12539808.00
20120511;10.55;10.73;10.39;10.59;1256925;13281832.00
20120514;10.66;10.88;10.57;10.67;1890096;20284302.00
20120515;10.55;10.58;10.30;10.49;1113305;11621783.00
20120516;10.49;10.58;10.28;10.36;823259;8581277.00
20120517;10.30;10.56;10.30;10.52;916397;9612326.00
20120518;10.48;10.51;10.28;10.31;850774;8825346.00
20120521;10.34;10.45;10.18;10.21;718992;7411792.50
20120522;10.30;10.52;10.25;10.44;890443;9263896.00
20120523;10.38;10.58;10.28;10.53;1321040;13792775.00
20120524;10.50;10.58;10.32;10.36;661599;6906814.50
20120525;10.36;10.44;10.11;10.17;807322;8279373.00
20120528;10.10;10.20;9.90;10.18;994090;10012419.00
20120529;10.25;10.34;10.11;10.30;765144;7847727.50
20120530;10.50;10.99;10.38;10.65;3755696;40468840.00
20120531;10.50;10.64;10.29;10.50;2051862;21565670.00
20120601;10.48;10.60;10.45;10.57;1186134;12480089.00
20120604;10.50;10.50;10.19;10.20;1167517;12056835.00
20120605;10.20;10.42;10.13;10.26;984620;10123258.00
20120606;10.26;10.35;10.16;10.25;624261;6394506.00
20120607;10.37;10.39;10.16;10.23;772675;7940451.50
20120608;10.35;10.35;10.15;10.18;645263;6617105.50
20120611;10.19;10.38;10.10;10.37;1139051;11676905.00
20120612;10.27;10.54;10.25;10.52;1660567;17375444.00
20120613;10.46;10.64;10.45;10.63;1828676;19284828.00
20120614;10.67;10.77;10.45;10.55;1839012;19560932.00
20120615;10.60;10.92;10.60;10.78;2670251;28750922.00
20120618;10.85;10.96;10.73;10.76;1744639;18922764.00
20120619;10.76;11.78;10.75;11.14;6587470;74447520.00
20120620;11.18;11.28;10.75;10.83;3422801;37492356.00
20120621;10.75;10.82;10.51;10.55;1959324;20744914.00
20120625;10.48;10.66;10.30;10.30;1328788;13943722.00
20120626;10.28;10.60;10.26;10.52;1291062;13474192.00
20120627;10.45;10.45;10.21;10.26;1900444;19611588.00
20120628;10.29;10.45;10.11;10.15;1143659;11751415.00
20120629;10.12;10.40;10.07;10.38;1405212;14401742.00
20120702;10.46;10.71;10.37;10.61;1650554;17416430.00
20120703;10.59;10.90;10.51;10.64;2113523;22620394.00
20120704;10.60;10.82;10.50;10.58;1743062;18581460.00
20120705;10.44;10.44;10.18;10.26;1547587;15881484.00
20120706;10.30;10.78;10.19;10.66;2072155;21731590.00
20120709;10.59;10.83;10.53;10.53;2889464;30953734.00
20120710;10.46;10.55;10.20;10.35;1467188;15181315.00
20120711;10.24;10.40;10.22;10.38;754088;7774352.50
20120712;10.40;10.77;10.27;10.70;1922157;20348036.00
20120713;10.70;10.78;10.42;10.44;1332776;14110315.00
20120716;10.30;10.42;9.61;9.65;2883749;28651080.00
20120717;9.61;9.80;9.58;9.66;886336;8558447.00
20120718;9.66;9.66;9.29;9.51;1323302;12468771.00
20120719;9.88;10.29;9.75;9.79;2329988;23289678.00
20120720;9.65;9.85;9.64;9.66;1154468;11225066.00
20120723;9.55;9.85;9.45;9.78;1276265;12408451.00
20120724;9.70;9.84;9.68;9.80;730518;7146338.50
20120725;9.70;9.89;9.68;9.73;740133;7257085.50
20120726;9.70;9.85;9.66;9.66;574484;5592326.50
20120727;9.70;9.78;9.55;9.57;540651;5217078.50
20120730;9.57;9.65;9.33;9.34;574378;5428496.00
20120731;9.23;9.45;9.20;9.30;485649;4521578.50
20120801;9.21;9.45;9.21;9.38;371946;3491983.00
20120802;9.38;9.50;9.32;9.41;391174;3678333.00
20120803;9.43;9.57;9.34;9.57;514006;4875294.50
20120806;9.40;9.75;9.40;9.71;677682;6533083.50
20120807;9.72;9.93;9.72;9.82;995348;9784285.00
20120808;9.89;9.89;9.66;9.72;639704;6228179.50
20120809;9.72;9.95;9.68;9.91;947286;9318974.00
20120810;9.91;9.91;9.74;9.86;580392;5690334.50
20120813;9.85;9.94;9.73;9.83;1014290;10013044.00
20120814;9.82;10.04;9.69;10.03;1019810;10069941.00
20120815;9.94;10.09;9.94;10.03;833232;8332387.50
20120816;9.95;10.11;9.92;10.11;1103438;11089450.00
20120817;10.05;10.34;10.05;10.27;1541525;15734777.00
20120820;10.24;10.85;10.22;10.50;3658539;38599480.00
20120821;10.50;10.74;10.46;10.59;2161672;22866504.00
20120822;10.50;10.79;10.40;10.60;1466160;15611393.00
20120823;10.75;11.22;10.75;11.08;4436412;48902288.00
20120824;11.10;11.24;10.81;11.08;3695736;40821940.00
20120827;11.05;11.29;10.92;11.00;2389984;26568806.00
20120828;10.98;10.98;10.48;10.72;2555963;27250426.00
20120829;10.76;11.33;10.70;11.00;3805733;42309776.00
20120830;10.90;11.23;10.70;10.88;2657224;28938480.00
20120831;10.90;11.06;10.71;10.98;1004941;11004141.00
20120903;10.88;11.75;10.88;11.58;3640751;41402216.00
20120904;11.56;11.78;11.51;11.58;2423806;28158024.00
20120905;11.49;11.79;11.46;11.63;1172846;13678673.00
20120906;11.55;11.78;11.25;11.41;1933014;22080222.00
20120907;11.43;11.70;11.34;11.55;2270730;26152486.00
20120910;11.48;11.54;11.33;11.40;1234878;14093515.00
20120911;11.38;11.70;11.30;11.65;1893589;21856698.00
20120912;11.68;11.97;11.60;11.75;1695534;20014836.00
20120913;11.75;11.85;11.38;11.38;1407926;16424240.00
20120914;11.50;11.68;11.18;11.37;1194921;13505150.00
20120917;11.37;11.39;10.86;10.88;1117437;12295333.00
20120918;10.80;11.05;10.75;11.04;709855;7800378.50
20120919;11.04;11.15;10.86;10.98;1043318;11456792.00
20120920;10.82;10.96;10.75;10.90;968910;10543427.00
20120921;10.85;11.05;10.71;10.78;1325604;14440633.00
20120924;10.62;10.75;10.20;10.34;1367110;14234641.00
20120925;10.29;10.48;10.29;10.30;314997;3265585.25
20120926;10.28;10.49;10.21;10.28;430397;4456490.00
20120927;10.55;11.31;10.54;10.88;3320144;36467412.00
20120928;10.51;11.15;10.31;10.71;2258191;24003214.00
20121008;10.65;10.78;10.65;10.75;656429;7029622.50
20121009;10.80;11.04;10.79;10.98;1316549;14440667.00
20121010;10.90;11.09;10.80;11.01;1337308;14673657.00
20121011;11.08;12.11;11.08;11.84;8690836;103027960.00
20121012;11.64;11.70;11.26;11.38;4088013;47002736.00
20121015;11.42;11.90;11.42;11.75;3045059;35586796.00
20121016;11.69;11.86;11.59;11.68;2073450;24277946.00
20121017;11.62;11.70;11.31;11.46;1735271;19849918.00
20121018;11.49;12.55;11.44;12.45;6953943;84221752.00
20121019;12.42;12.60;12.26;12.50;5500582;68503512.00
20121022;12.50;12.53;12.23;12.49;3249351;40238888.00
20121023;12.48;12.74;12.03;12.07;2589457;31902954.00
20121024;12.07;12.28;11.91;12.08;1719550;20807536.00
20121025;12.13;12.20;11.62;11.72;2745073;32416654.00
20121026;11.69;11.81;11.45;11.75;1635359;19050704.00
20121029;11.82;11.89;11.48;11.85;1218897;14269482.00
20121030;11.81;12.17;11.68;11.87;1700807;20250512.00
20121031;11.88;11.92;11.55;11.72;1051063;12333612.00
20121101;11.68;12.36;11.68;12.19;3192774;38940848.00
20121102;12.16;12.78;12.08;12.72;3558100;44677852.00
20121105;12.60;13.20;12.46;12.55;3741619;48074680.00
20121106;12.39;12.78;12.20;12.46;2051366;25557638.00
20121107;12.50;12.75;12.15;12.30;2098019;26074786.00
20121108;12.18;12.38;11.82;11.84;2130703;25707452.00
20121109;11.80;12.10;11.60;11.65;1712400;20225118.00
20121112;11.67;11.88;11.53;11.79;1249171;14610169.00
20121113;11.68;11.77;11.40;11.65;1495393;17346578.00
20121114;11.65;12.08;11.65;11.84;1870314;22248120.00
20121115;11.83;12.40;11.80;11.89;2652512;32122284.00
20121116;11.80;11.93;11.53;11.86;1221511;14286720.00
20121119;11.87;11.87;11.32;11.48;1356924;15596238.00
20121120;11.51;11.69;11.41;11.44;852639;9833404.00
20121121;11.43;11.63;11.28;11.61;1292309;14852662.00
20121122;11.55;11.76;11.31;11.47;874943;10110363.00
20121123;11.39;11.65;11.39;11.49;868166;9999498.00
20121126;11.50;11.58;11.16;11.33;1103502;12465389.00
20121127;11.33;11.33;10.99;11.00;1045234;11602589.00
20121128;10.88;11.05;10.60;10.78;824869;8886020.00
20121129;10.68;10.97;10.68;10.87;571700;6195395.50
20121130;10.98;11.11;10.78;10.98;784523;8618392.00
20121203;11.00;11.10;10.18;10.46;1318542;13887984.00
20121204;10.44;10.46;10.00;10.40;605579;6217521.50
20121205;10.30;10.97;10.29;10.85;1221779;13139347.00
20121206;10.96;11.10;10.78;10.90;824186;8985401.00
20121207;10.90;11.14;10.83;11.14;1012957;11168460.00
20121210;11.15;11.23;10.92;11.16;1637976;18116906.00
20121211;11.10;11.15;10.84;10.86;1319728;14463415.00
20121212;10.82;10.90;10.60;10.73;975408;10505927.00
20121213;10.73;10.87;10.56;10.58;619340;6614389.50
20121214;10.51;11.10;10.51;11.02;1363555;14848617.00
20121217;11.02;11.17;10.91;11.16;1641613;18156256.00
20121218;11.19;11.69;11.17;11.41;3101717;35626528.00
20121219;11.31;11.76;11.31;11.36;1611215;18509164.00
20121220;11.30;11.38;11.11;11.26;1075828;12084036.00
20121221;11.33;11.45;11.18;11.42;1345937;15222252.00
20121224;11.41;11.90;11.41;11.67;1869003;21849970.00
20121225;11.60;11.89;11.56;11.81;2119308;24922364.00
20121226;11.85;12.08;11.60;12.02;2274053;26939276.00
20121227;11.97;12.07;11.70;11.72;1843761;21804658.00
20121228;11.75;11.80;11.45;11.79;1628346;18971226.00
20121231;11.79;11.79;11.38;11.46;2989483;34414180.00
20130104;11.60;12.05;11.46;12.00;3146029;37161752.00
20130107;12.65;13.12;12.57;12.60;7849360;100443576.00
20130108;12.46;13.10;12.42;12.54;5801539;74005232.00
20130109;12.46;12.52;12.10;12.17;4020190;49191992.00
20130110;12.17;12.50;12.13;12.50;2686188;33118062.00
20130111;12.50;12.50;12.00;12.06;2314461;28259762.00
20130114;12.04;12.87;12.02;12.80;4481139;56504080.00
20130115;12.85;13.04;12.60;12.77;4180183;53530848.00
20130116;12.77;12.85;12.49;12.68;2417941;30600212.00
20130117;12.65;12.99;12.51;12.90;2861088;36544100.00
20130118;12.89;13.09;12.70;13.00;3016140;38923068.00
20130121;13.25;13.64;13.10;13.44;5603582;75094712.00
20130122;13.40;13.44;12.88;12.92;3836898;50472120.00
20130123;12.85;13.10;12.70;12.95;1865237;24083392.00
20130124;12.87;13.09;12.24;12.38;3723169;47118244.00
20130125;12.35;13.08;12.29;13.03;3440107;43923844.00
20130128;13.05;13.78;13.04;13.77;6483531;87138520.00
20130129;13.75;13.77;13.42;13.53;4314216;58484860.00
20130130;13.47;13.94;13.31;13.55;3675212;50117756.00
20130131;13.45;13.53;13.30;13.41;2373906;31752822.00
20130201;13.60;13.75;13.40;13.58;2795602;38071904.00
20130204;13.58;13.75;13.28;13.58;2683690;36043144.00
20130205;13.40;13.94;13.40;13.80;4218955;57755640.00
20130206;13.82;14.87;13.66;14.47;9181816;131608320.00
20130207;14.35;14.48;14.18;14.19;5098144;72882152.00
20130208;14.22;14.44;14.10;14.38;2729060;38994520.00
20130218;14.52;14.57;14.06;14.10;3009599;42851944.00
20130219;14.08;14.28;13.88;14.08;3394235;47695512.00
20130220;14.00;14.86;14.00;14.76;5607472;81457168.00
20130221;14.67;14.80;14.28;14.36;4014559;58202820.00
20130222;14.46;14.51;13.96;13.98;3412547;48566856.00
20130225;13.91;15.20;13.86;14.83;5365979;78306984.00
20130226;14.74;15.05;14.67;14.75;5843855;86626080.00
20130227;14.66;15.09;14.55;14.98;4936325;73159912.00
20130228;15.05;15.16;14.81;15.08;3560005;53326752.00
20130301;15.09;15.79;15.09;15.72;6358279;98981528.00
20130304;15.55;16.29;15.12;15.33;7084546;111063632.00
20130305;15.25;16.10;15.25;16.09;5121049;80935728.00
20130306;16.15;16.58;15.85;16.15;6636702;107260072.00
20130307;16.10;16.25;15.47;15.61;5146148;81336616.00
20130308;15.61;16.15;15.55;15.72;4146294;65617972.00
20130311;15.60;16.44;15.51;16.41;5255956;84803296.00
20130312;16.27;16.46;15.50;15.69;5854214;93187128.00
20130313;15.70;15.72;15.30;15.42;4028585;62154856.00
20130314;15.35;15.67;15.30;15.40;1821488;28222210.00
20130315;15.37;16.27;15.33;15.88;5154305;81826504.00
20130318;15.84;16.00;15.50;15.66;2749202;43239352.00
20130319;15.56;15.87;15.38;15.64;2167580;33718820.00
20130320;15.66;16.08;15.56;16.03;4091651;64951516.00
20130321;15.98;16.28;15.90;16.13;3734915;60038440.00
20130322;16.22;16.22;15.91;15.99;2232344;35830496.00
20130325;16.01;16.12;15.35;15.38;4225269;65838568.00
20130326;15.38;15.64;15.13;15.51;3870477;59699256.00
20130328;16.21;16.95;15.82;16.48;11291160;185180992.00
20130329;16.30;16.85;16.21;16.85;6953347;115085360.00
20130401;17.18;17.75;16.80;17.47;9492114;164387040.00
20130402;17.43;17.55;16.70;16.92;5194996;88982512.00
20130403;17.10;17.50;16.58;17.33;6925514;118834792.00
20130408;17.19;17.70;16.66;17.65;6021769;103746448.00
20130409;17.64;17.64;17.31;17.38;3393385;59103036.00
20130410;17.37;17.79;16.90;17.19;3086595;53566424.00
20130411;17.25;17.35;16.76;16.98;2571825;43905480.00
20130412;16.90;17.58;16.89;17.28;3290476;56775212.00
20130415;17.35;17.55;17.00;17.02;2522585;43703172.00
20130416;16.80;18.20;16.62;18.19;4766144;83867728.00
20130417;18.12;18.66;18.01;18.45;4322897;79286920.00
20130418;18.10;19.80;18.06;19.26;5163904;98804720.00
20130419;19.15;19.85;19.02;19.30;3943702;76668952.00
20130422;19.05;20.20;19.05;20.08;4578626;90250512.00
20130423;20.09;20.09;19.35;19.60;4533679;89081648.00
20130424;19.60;20.48;19.34;20.14;4641900;92146696.00
20130425;20.00;20.35;19.11;19.13;4670928;92129408.00
20130426;19.19;19.35;18.85;18.85;2387536;45509552.00
20130502;18.78;19.95;18.63;19.95;3581132;70055248.00
20130503;19.99;20.45;19.91;20.30;3101475;62356780.00
20130506;20.33;20.50;20.06;20.15;3096343;62795592.00
20130507;20.00;20.90;19.95;20.22;3543642;72785672.00
20130508;20.20;20.70;20.10;20.59;2291746;46891596.00
20130509;20.56;20.97;19.70;19.94;4376141;88597032.00
20130510;19.89;20.05;19.02;19.58;5695088;110560600.00
20130513;19.52;19.99;19.50;19.98;2618165;51569776.00
20130514;19.94;20.02;19.34;19.54;1638449;32077034.00
20130515;19.55;20.30;19.55;20.21;2993863;59771048.00
20130516;20.23;20.61;19.69;19.78;4056641;81714232.00
20130517;19.79;19.95;19.28;19.50;3066481;60132360.00
20130520;19.51;19.55;18.50;19.10;4887508;92792072.00
20130521;19.00;19.48;18.81;19.44;2849658;54830684.00
20130522;19.45;19.80;19.02;19.46;2700557;52393152.00
20130523;19.35;19.82;19.26;19.60;2573981;50470116.00
20130524;19.60;20.15;19.46;20.15;4042373;80536112.00
20130527;20.13;20.50;19.96;20.43;3150411;63974520.00
20130528;20.40;20.40;19.00;19.06;4752682;92350520.00
20130529;19.00;19.47;18.75;18.87;2994133;56925128.00
20130530;18.79;19.28;18.72;19.25;2043321;38945796.00
20130531;20.28;21.18;19.96;20.53;9073747;187259344.00
20130603;20.53;20.55;19.39;19.50;5404039;107987400.00
20130604;19.56;19.63;18.60;19.15;2892545;55142908.00
20130605;19.00;19.55;19.00;19.34;1534766;29549800.00
20130606;19.30;19.34;19.07;19.14;1350957;25886684.00
20130607;19.22;19.48;18.71;18.96;1718656;32724234.00
20130613;14.90;14.90;14.00;14.41;1959655;28272862.00
20130614;14.38;14.90;14.35;14.90;2436121;35810068.00
20130617;14.90;15.43;14.66;15.18;3952385;59584480.00
20130618;15.07;15.18;14.50;14.76;2231130;32956190.00
20130619;14.82;14.93;14.50;14.81;1431243;21089844.00
20130620;14.81;14.81;13.68;13.78;2880005;41067236.00
20130621;13.47;13.79;13.17;13.63;2017008;27135394.00
20130624;13.49;13.49;12.51;12.76;2877756;37453264.00
20130625;12.76;13.17;11.77;12.81;4623632;57577580.00
20130626;12.88;13.27;12.66;13.20;3979834;52022572.00
20130627;13.34;14.26;13.25;13.71;9002738;123726232.00
20130628;14.20;14.54;13.52;14.48;7951235;112924736.00
20130701;14.28;14.85;14.08;14.80;6896780;100204136.00
20130702;14.79;15.98;14.77;15.90;8921282;138306288.00
20130703;15.80;16.27;15.70;16.11;6085978;97402232.00
20130704;16.02;16.32;15.85;15.90;4781190;76749448.00
20130705;15.88;16.94;15.75;16.60;7176835;118224704.00
20130708;16.25;17.27;16.01;16.70;6227434;104270184.00
20130709;16.40;16.61;15.80;16.47;4581147;74535880.00
20130710;16.27;16.91;16.27;16.77;3360455;55644584.00
20130711;16.60;17.15;16.57;16.96;4201229;71200456.00
20130712;16.98;18.09;16.86;17.75;6412719;112869968.00
20130715;17.53;18.66;17.53;18.61;8819853;160718352.00
20130716;18.70;18.80;18.21;18.61;5076304;94106184.00
20130717;18.58;18.78;18.25;18.51;4347857;80498672.00
20130718;18.50;19.06;18.28;18.63;3871219;72293936.00
20130719;18.62;19.00;17.80;18.15;5119377;94230416.00
20130722;18.05;19.05;18.02;18.86;7214600;133343104.00
20130723;19.35;19.49;18.63;18.94;12532817;237957056.00
20130724;18.50;18.98;18.35;18.61;6393382;119538064.00
20130725;18.40;18.98;17.38;17.68;7088804;127870552.00
20130726;17.51;18.20;17.50;17.85;3144302;56327064.00
20130729;17.75;18.20;17.53;17.60;2043181;36423268.00
20130730;17.79;18.20;16.80;17.86;4858549;85641840.00
20130731;17.92;18.19;17.71;17.71;2361152;42362028.00
20130801;17.77;18.45;17.77;18.37;3211607;58325776.00
20130802;18.44;18.62;18.07;18.09;3196874;58739864.00
20130805;18.06;18.16;17.66;17.98;3348225;59926576.00
20130806;17.98;18.30;17.66;18.10;3586362;64576344.00
20130807;18.15;18.19;17.50;17.80;3347763;59481404.00
20130808;17.66;18.08;17.60;17.82;1954786;34845456.00
20130809;17.88;18.60;17.88;18.50;7093012;130110584.00
20130812;18.47;19.09;17.91;18.29;4535121;83815872.00
20130813;18.24;18.43;17.71;18.13;2048841;37074880.00
20130814;18.23;18.23;17.95;18.02;2338947;42300712.00
20130815;17.98;18.15;17.55;17.61;2474381;44085472.00
20130816;17.52;17.70;16.51;16.66;3436616;59219452.00
20130819;16.80;17.31;16.80;17.21;1991313;33986656.00
20130820;17.18;17.18;16.50;16.80;4026267;67411880.00
20130821;16.65;16.83;16.51;16.64;2794659;46447468.00
20130822;16.49;17.52;16.45;17.52;5749930;97609904.00
20130823;17.19;17.92;17.03;17.45;6105762;106914616.00
20130826;17.48;19.00;17.48;18.60;6937373;128518472.00
20130827;18.45;18.77;18.12;18.48;3956269;72862720.00
20130828;18.32;18.32;17.45;17.76;5121429;91570256.00
20130829;17.60;17.79;17.11;17.21;2351227;40852596.00
20130830;17.02;17.42;16.76;16.82;3304098;56196564.00
20130902;16.66;17.21;16.64;17.12;2204058;37262268.00
20130903;17.12;17.58;16.96;17.27;1995038;34478256.00
20130904;17.27;17.27;16.90;16.91;1903076;32347230.00
20130905;16.80;17.18;16.78;16.92;1920485;32606224.00
20130906;16.91;17.28;16.80;17.10;2358907;40192964.00
20130909;17.05;17.05;16.50;16.61;4086335;68470528.00
20130910;16.73;17.10;16.50;16.74;4522019;75660616.00
20130911;16.65;16.75;16.10;16.15;3717806;60453848.00
20130912;16.15;16.41;16.06;16.17;2350133;38090420.00
20130913;16.21;16.33;15.99;16.31;2937428;47359428.00
20130916;16.35;17.08;16.35;16.68;4286135;71792728.00
20130917;16.77;16.95;16.50;16.52;2699357;44995948.00
20130918;16.66;17.10;16.48;16.95;3515605;59081728.00
20130923;16.98;17.06;16.64;16.96;3994466;67413832.00
20130924;16.88;17.24;16.78;16.88;3453339;58839940.00
20130925;16.82;17.23;16.80;17.06;2532837;43265288.00
20130926;17.09;17.22;16.78;17.05;2559806;43516056.00
20130927;16.98;17.44;16.90;17.18;3177237;54893196.00
20130930;17.16;17.50;17.10;17.49;2258914;39158200.00
20131008;17.54;17.70;17.33;17.70;2592349;45514856.00
20131009;17.70;18.64;17.68;18.20;5472214;100455688.00
20131010;18.21;18.22;17.33;17.49;4732581;84246344.00
20131011;17.48;17.90;17.36;17.62;2972545;52313256.00
20131014;17.65;17.75;17.10;17.27;4246763;73168032.00
20131015;17.48;17.80;17.42;17.66;4438854;77994048.00
20131016;17.71;17.79;16.61;16.86;3535525;60105992.00
20131017;16.93;17.03;16.55;16.69;3020333;50659980.00
20131018;16.68;16.80;16.40;16.65;2143875;35543328.00
20131021;16.73;17.19;16.73;17.09;2374709;40491780.00
20131022;17.00;17.39;16.87;16.91;2946489;50248556.00
20131023;16.78;17.27;16.68;16.84;2946045;49810456.00
20131024;16.78;17.19;16.77;16.88;3250519;54891416.00
20131025;16.88;17.18;15.48;15.59;4755891;76136880.00
20131028;15.61;15.69;15.36;15.36;1867820;29055130.00
20131029;15.26;15.30;14.24;14.84;3285119;48498460.00
20131030;14.80;15.15;14.70;15.11;1173652;17540634.00
20131031;15.08;15.08;14.60;14.80;1259795;18636664.00
20131101;14.68;15.37;14.60;15.18;1593234;23868272.00
20131104;15.22;15.24;14.55;14.58;1823471;27186034.00
20131105;14.58;15.27;14.50;15.09;1935594;28916800.00
20131106;15.07;15.35;14.83;14.86;1326297;20027382.00
20131107;14.86;15.16;14.80;14.94;1281298;19194370.00
20131108;14.88;14.97;14.78;14.86;857608;12750353.00
20131111;14.82;15.34;14.57;15.20;1330285;19912974.00
20131112;15.20;15.33;15.00;15.13;1455456;22036804.00
20131113;15.14;15.19;14.83;14.84;958253;14329968.00
20131114;14.85;15.15;14.65;15.00;1290572;19323288.00
20131115;15.05;15.77;14.96;15.47;3616067;55977584.00
20131118;15.63;16.04;15.40;15.52;2685339;41846736.00
20131119;15.53;15.70;15.45;15.62;1748051;27207096.00
20131120;15.63;15.66;15.27;15.38;2494092;38379832.00
20131121;15.35;15.38;14.97;15.05;2306716;34736252.00
20131122;15.05;15.08;14.72;14.85;1674086;24885850.00
20131125;14.84;15.07;14.75;14.95;1242101;18588482.00
20131126;14.95;15.08;14.81;14.84;1604876;23862944.00
20131127;14.85;15.15;14.81;15.14;2040493;30637026.00
20131128;15.15;15.51;15.09;15.43;2756067;42332456.00
20131129;15.45;16.07;15.33;15.90;4467936;70254952.00
20131202;15.45;15.45;14.40;14.42;4401776;65351220.00
20131203;14.41;14.79;14.20;14.64;2111465;30784782.00
20131204;14.60;15.15;14.56;14.70;2168165;32353608.00
20131205;14.67;14.90;14.67;14.68;1386459;20451916.00
20131206;14.65;14.73;14.44;14.60;1118727;16309035.00
20131209;14.67;14.93;14.61;14.70;1446076;21400410.00
20131210;14.71;14.86;14.65;14.77;1435107;21181008.00
20131211;14.78;14.82;14.56;14.60;1297557;19091270.00
20131212;14.68;15.24;14.62;14.99;2613185;39112736.00
20131213;14.97;15.10;14.82;14.99;1832906;27465774.00
20131216;14.96;14.96;14.56;14.68;1606959;23787250.00
20131217;14.68;14.98;14.60;14.87;1031514;15298976.00
20131218;14.84;15.40;14.75;15.15;2315363;34940372.00
20131219;15.25;15.43;15.08;15.15;2323626;35492132.00
20131220;15.19;16.33;15.09;16.08;7165349;113028128.00
20131223;16.88;17.69;16.72;17.69;27705426;483663744.00
20131224;17.40;17.47;16.51;16.74;20502941;349550656.00
20131225;16.41;16.49;16.05;16.47;10931162;177887200.00
20131226;16.43;16.75;15.79;15.81;8623468;141137088.00
20131227;15.89;16.30;15.55;16.20;5841218;93246344.00
20131230;16.18;16.45;16.02;16.28;5105035;83030416.00
20131231;16.15;16.29;15.81;16.15;4833543;77282408.00
20140102;16.55;17.17;16.55;17.03;9699910;163995600.00
20140103;16.80;17.35;16.65;17.24;7132531;121835672.00
20140106;17.06;17.68;16.71;16.80;6812601;117255672.00
20140107;16.72;17.59;16.30;17.50;7383059;126261864.00
20140108;17.63;19.25;17.51;18.78;13963032;255612688.00
20140109;18.59;18.96;18.08;18.18;8615928;159451440.00
20140110;18.00;18.49;17.78;18.12;4275765;77244320.00
20140113;18.02;18.28;17.73;17.90;3693110;66105988.00
20140114;17.83;18.35;17.72;18.32;3239474;58484372.00
20140115;18.25;18.52;18.12;18.45;4204378;77002504.00
20140116;18.48;18.90;18.28;18.50;4075810;75734984.00
20140117;18.41;18.65;18.08;18.40;3155513;57882236.00
20140120;18.25;18.30;17.51;17.81;5250956;94265560.00
20140121;17.78;18.22;17.78;18.14;2682647;48112336.00
20140122;18.15;18.34;17.89;18.09;3314091;59827124.00
20140123;18.09;18.13;16.89;17.05;16339761;281480576.00
20140124;16.97;17.16;16.88;17.03;7930003;134959088.00
20140127;16.95;17.12;16.55;16.90;7984225;134295760.00
20140128;16.85;17.19;16.82;17.00;4993096;85042496.00
20140129;17.12;17.12;16.68;16.92;4141038;69950960.00
20140130;16.85;16.97;16.68;16.68;2816941;47427552.00
20140207;16.71;17.15;16.60;17.09;3742948;63531160.00
20140210;17.15;17.65;17.15;17.50;6386969;111353448.00
20140211;17.65;17.65;17.03;17.19;5671219;98150336.00
20140212;17.19;17.53;17.11;17.50;5016757;86736480.00
20140213;17.49;17.50;16.79;16.80;5118697;87761144.00
20140214;16.80;17.10;16.65;17.07;3531256;59772360.00
20140217;17.12;17.41;17.10;17.37;4371978;75629032.00
20140218;17.37;17.99;17.28;17.85;9051395;159904560.00
20140219;17.79;18.20;17.71;17.83;8619669;154744640.00
20140220;17.84;17.95;17.20;17.28;5237982;91275160.00
20140221;17.35;17.66;17.29;17.45;3167606;55408012.00
20140224;17.41;18.27;17.30;18.27;8914713;159456352.00
20140225;18.82;19.18;17.50;17.87;15034458;279890400.00
20140226;17.66;17.70;16.69;17.34;7233537;124062008.00
20140227;17.30;17.88;16.87;16.92;5877949;102177920.00
20140228;16.71;16.94;16.16;16.76;4397616;72924856.00
20140303;16.81;16.96;16.55;16.90;3237595;54185848.00
20140304;16.85;17.09;16.56;16.77;2756032;46355356.00
20140305;16.76;16.95;16.70;16.75;1975771;33262192.00
20140306;16.76;17.04;16.56;16.93;2617463;44045884.00
20140307;16.93;17.13;16.85;17.00;2512571;42650684.00
20140310;16.99;16.99;16.15;16.15;3633807;59984852.00
20140311;16.10;16.35;15.65;15.84;3564032;56979064.00
20140312;15.82;16.15;15.41;15.57;2813511;44253344.00
20140313;15.52;15.79;15.50;15.72;3188857;49852428.00
20140314;15.72;15.82;15.47;15.60;2485186;38842180.00
20140317;15.57;16.10;15.57;16.02;2836408;45092680.00
20140613;13.02;14.50;13.00;13.87;12111200;169157120.00
20140616;13.80;14.24;13.77;14.17;7181426;101062232.00
20140617;14.08;14.16;13.92;13.95;2675677;37424560.00
20140618;14.00;14.10;13.48;13.50;3715568;50865088.00
20140619;13.50;13.66;12.65;12.99;2537314;33667752.00
20140620;12.99;13.40;12.90;13.38;4210851;55367460.00
20140623;13.37;13.59;13.33;13.42;2481011;33391504.00
20140624;13.42;14.07;13.42;13.87;4337494;59994008.00
20140625;13.87;13.90;13.67;13.82;2357651;32498250.00
20140626;13.88;14.20;13.83;14.07;4124430;58078748.00
20140627;14.02;14.35;14.01;14.17;3494236;49687540.00
20140630;14.20;14.32;14.09;14.14;3225405;45821328.00
20140701;14.14;14.30;13.97;14.27;4391482;61989104.00
20140702;14.26;14.53;14.20;14.40;4560195;65743132.00
20140703;14.39;15.08;14.32;14.84;6411697;95110376.00
20140704;14.82;14.99;14.66;14.84;3499623;51745140.00
20140707;14.78;15.02;14.67;15.01;3539188;52526208.00
20140708;15.04;15.14;14.83;15.00;3775544;56574660.00
20140709;14.99;14.99;14.56;14.57;4029576;59467768.00
20140710;14.50;14.95;14.48;14.68;2878592;42404996.00
20140711;14.71;15.37;14.70;15.15;5272571;79835744.00
20140714;15.35;15.45;15.12;15.25;4065293;61989308.00
20140715;15.25;15.34;14.86;15.06;3944820;59311660.00
20140716;15.05;15.31;15.01;15.07;2910575;44046608.00
20140717;15.01;15.04;14.59;14.71;2779875;40992084.00
20140718;14.65;14.91;14.58;14.71;1562179;23090388.00
20140721;14.63;14.79;14.37;14.54;1931203;28166966.00
20140722;14.48;14.81;14.45;14.76;2048086;30021238.00
20140723;14.85;14.88;14.38;14.42;2127001;30959188.00
20140724;14.55;15.10;14.45;14.62;5531928;81559496.00
20140725;14.54;14.75;14.51;14.63;2342013;34270452.00
20140728;14.68;15.04;14.57;14.90;3774209;55837224.00
20140729;14.88;15.45;14.88;15.20;5972463;90779776.00
20140730;15.14;15.45;14.98;15.37;4606813;70054048.00
20140731;15.36;15.50;15.14;15.23;3862822;59087412.00
20140801;15.24;15.78;15.11;15.30;9135205;141460720.00
20140804;15.43;15.49;15.20;15.36;4310946;66100592.00
20140805;15.28;15.35;15.00;15.28;5445113;82564192.00
20140806;15.20;15.33;15.16;15.24;3040880;46325888.00
20140807;15.27;15.44;15.18;15.22;3791641;58080060.00
20140808;15.20;15.42;15.20;15.29;2406369;36787864.00
20140811;15.35;16.42;15.35;16.20;12570657;200879488.00
20140812;16.20;16.45;16.00;16.30;7648353;123912176.00
20140813;16.29;16.66;16.12;16.45;6465168;105872000.00
20140814;16.42;17.28;16.34;16.96;10777324;182383120.00
20140815;16.98;17.11;16.80;16.97;3908574;66181216.00
20140818;16.98;17.35;16.76;16.88;5591200;94864936.00
20140819;16.87;16.95;16.50;16.80;5004335;83579528.00
20140820;16.70;16.77;16.40;16.59;4328920;71764448.00
20140821;16.58;16.95;16.45;16.91;5069633;84813448.00
20140822;16.88;17.09;16.61;16.74;4514074;75583880.00
20140825;16.80;17.04;16.35;16.82;5282985;88082800.00
20140826;16.80;16.83;16.50;16.62;3996896;66551420.00
20140827;16.62;16.67;16.44;16.48;2529043;41805116.00
20140828;16.51;16.56;16.33;16.53;2613141;42911904.00
20140829;16.46;16.98;16.46;16.93;4240872;71425752.00
20140901;17.30;17.56;17.03;17.41;6031192;104770032.00
20140902;17.43;17.60;17.22;17.41;4478307;77876112.00
20140903;17.31;18.21;17.31;17.94;7119788;127023488.00
20140904;17.93;18.26;17.82;18.15;4745669;85726288.00
20140905;18.40;18.59;17.80;17.96;4013089;72484832.00
20140909;17.87;18.55;17.66;18.32;4264277;77254352.00
20140910;18.25;18.42;18.11;18.21;2262394;41282268.00
20140911;18.21;18.39;17.80;17.89;3912915;70733064.00
20140912;17.73;18.54;17.73;18.25;3139444;57292680.00
20140915;18.30;18.40;18.02;18.27;2695413;48987000.00
20140916;18.27;18.34;17.17;17.19;5698511;101025048.00
20140917;17.15;17.30;16.71;17.20;5010221;85246632.00
20140918;17.01;17.66;17.01;17.51;3416287;59314128.00
20140919;17.50;17.64;17.28;17.50;2340674;40863520.00
20140922;17.56;17.64;17.30;17.43;1851000;32293542.00
20140923;17.43;17.95;17.37;17.90;2695898;47867216.00
20140924;18.30;19.15;18.30;18.36;7199981;133984688.00
20140925;18.38;18.49;18.20;18.27;3428574;62830972.00
20140926;18.20;18.45;18.16;18.26;2287260;41790728.00
20140929;18.32;18.42;18.23;18.37;2998327;54872744.00
20140930;18.43;18.50;18.27;18.47;2769371;50831004.00
20141008;18.45;18.88;18.39;18.82;3537938;66201580.00
20141009;18.85;18.85;18.21;18.55;3600935;66756216.00
20141010;18.55;18.64;18.14;18.18;3474486;63742172.00
20141013;18.17;18.39;18.06;18.30;2816498;51338144.00
20141014;18.35;18.42;18.18;18.35;2804484;51365156.00
20141015;18.40;19.33;18.36;19.30;10246012;194411056.00
20141016;19.15;19.62;18.80;18.80;7754551;148709904.00
20141017;18.65;18.84;18.00;18.50;4794808;88142208.00
20141020;18.49;18.95;18.49;18.82;3214551;60402892.00
20141021;19.00;19.00;18.28;18.30;2758867;51080432.00
20141022;18.32;18.44;17.95;17.97;2891845;52441828.00
20141023;17.97;18.17;17.46;17.48;3720736;65954712.00
20141024;17.51;17.83;17.50;17.57;1850115;32719590.00
20141027;17.54;18.14;17.49;18.00;2307967;41385160.00
20141028;17.98;18.34;17.97;18.30;2878411;52551364.00
20141029;18.39;18.76;18.33;18.48;3327111;61792492.00
20141030;18.68;19.17;18.68;18.89;5360481;101923104.00
20141031;18.79;18.96;18.50;18.60;2954918;55077860.00
20141103;18.59;18.89;18.56;18.63;2278122;42645524.00
20141104;18.63;18.75;18.29;18.32;1967262;36261532.00
20141105;18.32;18.36;18.03;18.15;1610001;29198316.00
20141106;18.20;18.40;18.04;18.36;2113521;38531864.00
20141107;18.37;18.68;18.21;18.29;2820475;52181848.00
20141110;18.20;18.34;17.86;18.10;2247577;40565608.00
20141111;18.05;18.15;16.99;17.25;4031883;70464560.00
20141112;17.20;17.45;17.08;17.30;3303255;56965580.00
20141113;17.25;17.25;16.46;16.82;4158364;69733080.00
20141114;16.83;16.85;16.55;16.70;2553521;42571104.00
20141117;16.75;17.10;16.74;16.97;2845761;48276740.00
20141118;16.94;17.29;16.90;17.05;2362830;40363976.00
20141119;17.10;17.35;17.10;17.27;1942111;33498836.00
20141120;17.20;17.56;17.11;17.50;3927631;68131632.00
20141121;17.45;17.76;17.45;17.54;2564409;45310680.00
20141124;17.68;17.75;17.38;17.56;2410404;42189284.00
20141125;17.75;17.79;17.55;17.79;3094509;54761280.00
20141126;17.80;17.98;17.56;17.83;2275385;40478620.00
20141127;17.83;18.10;17.83;17.93;2736869;49118928.00
20141128;17.89;18.28;17.87;17.99;3090957;55894212.00
20141201;18.01;18.05;17.10;17.27;4705854;81925936.00
20141202;17.17;17.50;17.17;17.38;2396366;41692964.00
20141203;17.50;17.55;17.12;17.45;4076721;70453008.00
20141204;17.45;17.81;17.40;17.64;3912576;69061168.00
20141205;17.61;17.61;16.81;16.89;6661689;113480240.00
20141208;16.81;17.07;16.59;16.74;4611335;77316696.00
20141209;16.76;17.26;16.60;16.81;6350948;107811240.00
20141210;16.88;17.78;16.86;17.60;6083473;106118768.00
20141211;17.50;17.89;17.45;17.61;3507704;62014264.00
20141212;17.68;17.96;17.62;17.82;3475036;61862264.00
20150318;19.60;19.60;19.60;19.60;1156353;22664518.00
20150319;21.56;21.56;21.56;21.56;237076;5111358.50
20150320;23.72;23.72;23.52;23.72;9965554;236254112.00
20150323;24.50;25.98;24.30;25.82;24494495;607258688.00
20150324;26.20;27.35;24.61;26.87;18314314;485398496.00
20150325;27.10;27.10;25.82;26.09;11572395;303940384.00
20150326;25.90;25.90;24.51;24.90;11652938;292634464.00
20150327;24.80;25.67;24.80;25.18;5906418;149445840.00
20150330;25.00;25.45;24.62;25.30;6543171;163889824.00
20150331;25.25;26.18;24.97;25.73;7690451;198306560.00
20150401;25.72;26.63;25.50;26.29;7315150;191615488.00
20150402;26.23;26.95;25.82;26.30;8013473;211174720.00
20150403;26.29;28.60;25.87;28.03;9737054;261496528.00
20150407;28.03;29.97;27.51;29.40;10703844;305551840.00
20150408;29.50;29.73;27.80;28.35;8777267;250791536.00
20150409;28.55;28.67;26.66;27.65;7376170;202114800.00
20150410;27.49;29.50;27.10;29.31;6978314;199258928.00
20150413;29.35;30.80;29.35;29.80;7519855;226626880.00
20150414;29.68;29.68;28.00;28.85;5611971;162835984.00
20150415;28.58;28.60;26.80;26.88;6710188;184889024.00
20150416;26.40;28.56;26.20;27.10;6141101;169286352.00
20150417;21.07;21.50;20.50;20.59;7700622;160619216.00
20150420;20.30;20.31;18.87;18.92;13166509;257425216.00
20150421;19.20;20.15;19.10;20.04;6829135;134620688.00
20150422;20.30;20.60;20.12;20.37;8203120;166640480.00
20150423;20.66;22.35;20.35;22.25;14578697;312551744.00
20150424;21.83;24.48;21.65;24.48;23532295;564034752.00
20150427;24.90;25.30;23.50;24.20;14965651;364367328.00
20150428;24.30;25.58;23.80;24.44;13202866;326043648.00
20150429;24.45;25.10;23.70;24.65;8327704;203126704.00
20150430;24.66;25.22;23.80;23.87;9435578;231080544.00
20150504;23.77;23.78;22.55;23.00;8399903;193207680.00
20150505;22.85;23.20;21.65;22.16;10691040;237432320.00
20150506;22.20;23.11;21.81;22.00;7568859;170929232.00
20150507;21.80;22.58;21.48;21.68;5752548;127035392.00
20150508;22.20;23.00;21.96;22.99;8757266;196657056.00
20150511;23.02;24.19;23.01;23.87;11339904;268463776.00
20150512;24.00;24.37;23.20;23.65;11841975;279411808.00
20150513;23.27;23.32;22.65;23.12;9923662;228330720.00
20150514;23.21;24.50;22.86;24.09;12174922;288233760.00
20150515;23.88;23.88;23.01;23.12;7238613;168995008.00
20150518;23.29;24.62;23.08;24.62;14581723;351818688.00
20150519;24.67;24.99;23.86;24.42;12502990;304535456.00
20150520;24.47;26.00;24.47;25.19;16092678;410787968.00
20150521;25.92;27.71;25.88;27.71;15667386;424441408.00
20150522;28.51;29.92;27.25;28.86;19895565;570533376.00
20150525;28.01;29.50;27.50;28.68;15418981;440320096.00
20150526;28.65;31.00;28.35;30.99;13574144;407799008.00
20150527;31.00;33.87;30.95;33.00;14956710;485323712.00
20150528;33.15;33.45;29.70;29.70;15162184;480987168.00
20150529;29.06;31.27;28.13;30.28;12856008;384287360.00
20150601;31.12;32.98;31.12;32.15;9588323;307712768.00
20150602;32.98;33.30;32.00;33.13;10805839;355035872.00
20150603;33.30;33.41;30.58;31.82;12392261;395853664.00
20150604;31.80;32.82;29.00;31.82;9486771;298275424.00
20150605;32.90;35.00;32.01;34.19;14860423;501889728.00
20150608;34.99;35.88;33.00;33.65;12031404;410813824.00
20150609;33.00;33.65;31.80;32.22;8332984;273403360.00
20150610;32.23;35.44;32.10;35.44;10757975;368377664.00
20150611;36.10;38.98;36.10;38.98;8885873;333218912.00
20150612;40.60;42.78;38.88;38.88;14221514;571927936.00
20150615;42.00;42.77;40.25;40.61;15440199;637733568.00
20150616;39.00;42.50;38.00;41.00;13290395;542285056.00
20150617;40.75;41.96;37.30;39.52;12759526;497859264.00
20150618;39.34;40.32;37.01;37.34;7472736;288174624.00
20150619;35.82;35.82;33.61;33.61;9742213;333767424.00
20150623;32.20;33.50;30.25;32.54;9208766;293757408.00
20150624;32.55;34.50;31.62;33.00;11549333;382203712.00
20150625;33.20;33.49;30.02;31.10;7615043;244289184.00
20150626;30.00;30.00;27.99;27.99;7004516;199618720.00
20150629;28.80;28.80;25.19;25.19;10467457;270099136.00
20150630;23.97;26.98;22.67;26.89;14294813;353890944.00
20150701;26.20;28.40;24.20;24.70;12346748;332053632.00
20150702;24.20;25.40;22.23;22.23;12058267;282517088.00
20150703;21.20;23.50;20.01;21.40;12833891;275864096.00
20150706;23.54;23.54;19.26;20.08;14053833;299677088.00
20150713;22.09;22.09;22.09;22.09;226362;5000336.50
20150714;24.30;24.30;24.30;24.30;149890;3642327.00
20150715;26.73;26.73;22.68;25.80;26586674;673808576.00
20150716;25.35;28.38;23.86;28.38;19638536;521049440.00
20150717;28.38;30.55;27.80;29.78;22236494;650745152.00
20150720;28.50;30.32;28.38;29.11;18514718;540918144.00
20150721;29.09;29.80;28.38;28.84;10359812;301435712.00
20150722;28.76;30.14;28.51;29.37;11106565;324922240.00
20150723;29.37;30.10;28.70;29.87;11018924;325501824.00
20150724;30.16;30.77;28.40;28.87;13235058;394122816.00
20150727;27.78;28.75;25.98;25.98;12648856;345446464.00
20150728;24.00;25.98;23.38;23.62;13376566;320521344.00
20150729;24.40;25.28;22.71;25.24;9530987;228228320.00
20150730;25.00;25.60;23.58;23.67;8225155;203789824.00
20150731;22.99;24.16;22.80;23.13;5731583;134730512.00
20150803;22.68;22.80;20.82;20.84;8525856;182851456.00
20150804;20.89;22.88;20.80;22.85;7890457;171846960.00
20150805;22.85;23.71;22.63;22.94;8557093;198810752.00
20150806;22.30;23.30;22.10;22.80;5214352;118801728.00
20150807;23.16;25.06;23.12;24.95;10879038;262511456.00
20150810;25.37;26.63;25.01;26.05;9331399;240397936.00
20150811;26.04;26.49;25.48;25.76;7390134;192181312.00
20150812;25.83;27.01;25.60;25.84;8945492;235884496.00
20150813;26.50;26.95;26.04;26.90;8908747;236948544.00
20150814;27.01;27.20;26.30;26.51;7432607;198885472.00
20150817;26.10;26.47;25.08;25.77;8655689;221374432.00
20150818;25.80;26.31;23.19;23.19;9808917;242638432.00
20150819;22.58;23.98;22.00;23.80;7655707;176426752.00
20150820;23.58;23.94;22.90;22.92;4910834;114390424.00
20150821;22.53;22.78;21.00;21.21;7643757;167373648.00
20150824;20.30;20.49;19.09;19.09;8203347;159150624.00
20150825;17.28;18.27;17.18;17.18;6641332;116667824.00
20150826;17.50;18.22;16.30;16.60;8407177;145765504.00
20150827;17.24;17.77;16.66;17.75;7182789;124657512.00
20150828;18.01;19.25;17.80;19.25;7629220;140638640.00
20150831;19.00;19.00;17.90;17.98;5228998;96214320.00
20150901;17.79;18.32;16.79;16.85;6153050;106751816.00
20150902;16.00;17.77;15.77;16.39;5773625;97183632.00
20150907;16.80;17.77;16.80;17.01;5415298;93535152.00
20150908;16.90;18.65;16.63;18.49;6229552;109365968.00
20150916;17.00;20.34;16.71;19.84;12444918;226601424.00
20150917;19.40;20.08;18.75;18.99;13296430;258907504.00
20150918;19.08;19.61;18.40;19.40;7364073;140186768.00
20150921;19.01;21.20;18.88;21.19;10804650;220887440.00
20150922;21.40;22.08;20.70;20.90;9962835;212978192.00
20150923;20.50;22.70;20.27;21.93;11208702;243157280.00
20150924;21.70;22.28;20.96;21.66;7311977;158613808.00
20150925;21.66;22.02;19.77;20.22;7693390;159986832.00
20150928;20.15;22.20;19.89;21.80;9150749;195537488.00
20150929;21.20;22.65;21.14;22.37;10404045;230823024.00
20150930;22.49;22.49;21.01;21.81;5769183;125585784.00
20151008;23.12;23.20;22.30;22.48;7440070;169720704.00
20151009;22.59;22.70;21.85;22.50;6930056;154048976.00
20151012;22.49;23.80;22.48;23.41;8519516;199421792.00
20151013;23.66;24.32;23.38;23.81;5190712;124041232.00
20151014;23.81;23.97;23.30;23.62;6229343;147035344.00
20151015;23.28;24.30;23.28;24.23;6427087;153620176.00
20151016;24.28;25.30;24.08;24.78;7358847;180814784.00
20151019;24.78;25.46;24.28;24.51;7674795;190421248.00
20151020;24.31;24.87;24.30;24.84;7995769;196783824.00
20151021;24.80;26.00;22.70;23.00;14523073;357939936.00
20151022;23.18;24.99;22.98;24.58;9588870;229397024.00
20151023;26.01;26.53;25.61;26.15;14489816;378609632.00
20151026;26.51;26.81;25.31;25.75;10321036;266888176.00
20151027;25.80;27.09;24.66;27.00;11376295;294736576.00
20151028;26.70;27.58;25.86;26.00;7686112;204347888.00
20151029;26.44;26.50;25.20;25.92;6206986;160755920.00
20151030;26.20;26.49;25.15;25.98;7798111;201671536.00
20151102;25.05;25.98;24.71;25.17;6202518;157200048.00
20151103;25.17;25.52;24.60;24.98;4374692;109691736.00
20151104;25.08;26.49;25.08;26.36;7252679;188651152.00
20151105;26.39;26.83;25.57;25.80;8089317;210201168.00
20151106;25.67;28.16;25.67;27.89;11828092;323019168.00
20151109;28.50;30.68;28.40;30.68;16414827;492821344.00
20151110;31.61;33.75;31.29;32.35;20114039;654535168.00
20151111;32.65;35.58;31.78;35.49;13732240;465231552.00
20151112;35.55;36.83;34.25;35.58;12344706;437449888.00
20151113;34.53;34.98;32.20;32.21;14035075;465908640.00
20151124;35.43;35.43;33.35;35.43;13633827;472078368.00
20151125;36.59;38.81;35.88;35.98;14133181;525124352.00
20151126;36.30;38.42;35.30;35.99;11823408;438193280.00
20151127;35.85;38.14;34.01;35.10;14674966;536906176.00
20151130;35.25;38.61;34.81;38.61;15566123;571315904.00
20151201;39.80;42.00;36.60;38.11;13405935;532902464.00
20151202;37.10;38.91;34.88;37.16;8987922;330388384.00
20151203;37.88;39.50;37.35;39.13;7684996;297656160.00
20151204;39.40;41.00;37.66;38.20;8960045;353437024.00
20151207;37.65;38.10;36.60;37.48;6738299;250353216.00
20151208;37.22;39.28;36.52;37.96;7319377;279363136.00
20151209;37.08;39.50;37.02;39.28;8208032;317829440.00
20151210;38.70;43.20;38.70;40.99;13195553;544385216.00
20151211;40.99;41.88;38.73;39.40;8004123;321663488.00
20151214;38.19;39.18;36.26;37.80;10386576;388019840.00
20151215;38.58;39.00;37.61;37.85;6666081;254772528.00
20151216;37.79;38.80;37.72;38.44;5700015;218126832.00
20151217;38.60;40.65;38.60;39.90;9542955;380048224.00
20151218;39.55;43.89;39.55;43.89;11939763;505886880.00
20151221;47.80;48.28;44.44;46.00;22249249;1039169664.00
20151222;46.22;50.60;46.22;50.60;20832494;1029330560.00
20151223;50.60;50.88;45.54;45.90;21161572;1019579008.00
20151224;45.05;49.61;44.50;47.53;19554910;939571712.00
20151225;47.60;50.16;47.06;48.00;11490422;562390720.00
20151228;47.88;49.36;46.42;47.48;9594809;458009792.00
20151229;47.58;48.28;43.95;45.13;12343375;556218176.00
20151230;45.50;45.99;44.12;45.17;10389981;467094912.00
20151231;45.25;45.40;42.75;43.28;9750372;425531104.00
20160104;43.10;44.11;38.95;38.95;8467698;347513632.00
20160105;36.50;37.59;35.06;35.07;20378888;735577792.00
20160106;35.73;36.68;35.10;36.30;14783838;534333152.00
20160107;35.00;35.00;32.67;32.67;3761300;125273960.00
20160108;32.98;33.70;29.88;32.31;16277125;522178688.00
20160111;31.88;33.60;29.16;29.75;15204699;481454368.00
20160112;30.18;32.66;29.90;31.65;16555177;516003552.00
20160113;31.65;33.15;31.10;31.20;12924105;415989824.00
20160114;29.90;34.32;29.81;34.32;14731294;483799008.00
20160115;34.80;35.79;34.00;34.73;18937062;664097664.00
20160118;33.85;36.49;33.58;35.50;13322871;473883648.00
20160119;35.30;37.01;34.25;36.95;13518741;483894176.00
20160120;36.95;37.19;34.86;35.86;12341154;443588224.00
20160121;35.09;35.95;32.27;32.27;13330286;460969344.00
20160122;32.00;33.28;30.30;32.82;12913431;412181696.00
20160125;33.49;33.50;31.38;31.92;10748672;346697120.00
20160126;31.20;31.22;28.73;28.73;13611752;404584704.00
20160127;29.00;29.10;26.01;27.69;12551660;339329600.00
20160128;26.66;28.38;26.26;27.41;12650035;349115872.00
20160129;26.91;30.02;26.91;29.28;10428669;300142368.00
20160201;28.80;29.26;27.98;28.67;9056615;258801344.00
20160202;28.80;30.95;28.67;30.31;10095877;304698336.00
20160203;29.90;31.24;29.78;30.84;7402513;226814816.00
20160204;31.30;33.60;31.20;32.88;10359748;336111552.00
20160205;32.85;32.95;31.80;31.94;5441466;176094944.00
20160215;30.96;32.68;29.95;31.75;5197496;163390160.00
20160216;31.98;33.57;31.92;33.07;9123632;301128288.00
20160217;32.81;33.21;32.00;32.91;7456627;243093056.00
20160218;33.18;34.14;32.05;32.16;10467272;347432544.00
20160219;32.30;32.41;31.13;31.58;9721741;308255168.00
20160222;32.22;32.68;31.64;32.07;8716050;280421792.00
20160223;32.06;32.48;30.30;31.36;9955166;312598304.00
20160224;31.00;31.49;29.80;30.94;8612511;263275936.00
20160225;30.64;30.80;27.85;27.85;12998920;376905664.00
20160226;28.05;28.50;26.74;27.31;7761825;213234080.00
20160229;27.31;27.31;24.58;24.58;7340291;182960784.00
20160301;24.59;25.10;22.50;24.46;14058783;335657792.00
20160302;24.25;26.69;23.50;26.50;14808441;368640032.00
20160303;26.28;27.79;26.06;26.80;14849842;403177920.00
20160304;26.58;27.59;25.10;25.87;14093951;377040032.00
20160307;26.98;27.25;26.10;26.45;10458487;279399808.00
20160308;25.99;27.20;24.60;26.94;10551517;272491808.00
20160309;26.29;28.60;25.88;26.94;11922510;326184896.00
20160310;27.00;27.40;26.12;26.21;6813912;181544080.00
20160311;25.80;26.39;25.40;25.90;4364722;113027632.00
20160314;26.48;27.80;26.40;27.30;8574093;233996672.00
20160315;27.36;28.38;27.18;27.56;10282182;286789152.00
20160316;28.27;28.50;26.60;26.80;7261613;198194544.00
20160317;27.11;29.40;26.88;29.36;14324509;405973984.00
20160318;29.75;31.85;29.75;30.99;15125479;465854304.00
20160321;31.58;31.80;30.52;31.40;16613245;514464384.00
20160322;30.77;31.39;30.61;30.80;9483534;293714880.00
20160323;30.35;31.33;30.35;31.15;9209230;284768800.00
20160324;30.69;31.49;30.04;30.06;9916490;304526496.00
20160325;30.00;30.99;30.00;30.80;8856063;270969568.00
20160328;31.33;31.42;29.60;29.75;10073342;307997792.00
20160329;29.80;29.80;28.10;28.56;8366963;240972784.00
20160330;28.80;29.94;28.44;29.94;10213554;296972928.00
20160331;30.10;30.39;29.56;29.65;7706193;230819072.00
20160401;29.20;29.64;28.20;28.67;8799891;252662112.00
20160405;29.30;30.50;29.30;30.37;12393819;371583136.00
20160406;30.00;30.88;29.90;30.46;10137831;308733760.00
20160407;30.89;30.94;29.50;29.52;8483560;255448624.00
20160408;29.31;30.00;29.29;30.00;6879826;203176912.00
20160411;31.45;33.00;31.43;33.00;10524681;345240576.00
20160412;36.30;36.30;34.70;35.65;46017501;1651482880.00
20160413;35.26;37.90;34.73;37.25;38907185;1404745344.00
20160414;36.70;37.38;35.66;36.35;23223052;845591424.00
20160415;27.68;28.66;27.00;27.54;21674215;602256384.00
20160418;27.35;27.35;26.00;26.43;16084629;425393888.00
20160419;26.88;27.49;26.70;27.05;15315128;414199488.00
20160420;27.11;27.38;24.35;24.75;27580254;700481408.00
20160421;24.41;25.37;24.10;24.29;16067121;399169888.00
20160422;23.90;25.78;23.65;25.13;19242457;483034560.00
20160425;24.60;24.95;24.05;24.85;11513684;282439040.00
20160426;24.80;25.57;24.53;25.45;12020249;303103392.00
20160427;25.70;25.96;24.70;24.90;12616343;319273504.00
20160428;24.80;25.45;24.19;25.43;13089452;323212864.00
20160429;25.00;25.78;24.90;25.58;13393469;341486688.00
20160503;24.50;26.23;24.40;26.18;23216326;586006848.00
20160504;26.04;26.15;25.50;25.57;18100188;467348064.00
20160505;24.79;25.08;24.52;24.93;16431139;407554400.00
20160506;24.81;25.08;22.98;22.99;18811358;451008704.00
20160509;22.50;22.76;21.03;21.25;12077758;263426320.00
20160510;21.25;22.18;21.18;21.56;9561643;208245248.00
20160511;21.80;21.97;21.21;21.38;6292132;135993632.00
20160512;21.52;22.27;20.90;22.18;11411113;249183168.00
20160513;22.08;22.30;21.58;21.80;7889643;172792480.00
20160516;21.90;22.84;21.70;22.80;10170554;227508176.00
20160517;22.85;23.89;22.44;23.35;13057424;301904864.00
20160518;22.90;22.91;21.83;22.04;8688434;194613360.00
20160519;22.05;22.92;22.00;22.13;8981914;202366336.00
20160520;21.84;22.47;21.70;22.38;5668620;125858936.00
20160523;22.48;22.85;22.35;22.52;6196281;140002224.00
20160524;22.53;22.68;22.01;22.19;4646872;103288360.00
20160525;22.49;22.59;21.91;22.03;5129669;114120656.00
20160526;21.90;22.15;21.28;22.07;5483292;118850872.00
20160527;21.82;22.17;21.82;21.86;3936192;86504112.00
20160530;21.72;22.14;21.37;21.77;3702437;80630744.00
20160531;21.71;23.15;21.70;23.09;11781052;266497584.00
20160601;23.99;25.40;23.99;25.40;17270767;435905664.00
20160602;25.10;25.49;24.41;25.05;28355698;704494912.00
20160603;24.91;25.98;24.52;25.47;24728024;625932160.00
20160606;25.47;25.65;24.86;25.15;12900287;324025568.00
20160607;25.26;25.26;24.78;25.00;8407279;209822368.00
20160608;25.05;25.70;24.60;25.05;12798769;324162624.00
20160613;24.79;24.79;23.50;23.53;12468437;303158976.00
20160614;23.28;23.68;23.10;23.40;7404870;173246496.00
20160615;23.11;24.48;23.01;24.25;10306616;247544176.00
20160616;24.30;24.99;24.06;24.73;12015726;295795104.00
20160617;25.49;27.20;25.49;27.20;17064302;460609504.00
20160620;27.89;28.00;26.31;26.62;27424870;737395264.00
20160621;27.11;27.27;26.10;27.05;27450771;736193408.00
20160622;26.90;27.49;26.80;27.31;19860681;538880448.00
20160623;27.08;27.15;26.46;26.50;14578633;388948960.00
20160624;26.20;27.15;25.02;26.88;21335543;565126400.00
20160627;26.49;27.87;26.40;27.86;19661644;539147008.00
20160628;28.00;29.87;27.86;28.50;23695425;686176576.00
20160629;28.30;29.36;27.85;28.69;17833572;508567200.00
20160630;28.60;30.40;28.30;29.88;22762362;670144064.00
