20091030;35.00;62.38;34.11;40.25;16849321;691750400.00
20091102;36.23;42.49;36.23;40.25;9204825;359029248.00
20091103;38.90;39.97;36.23;36.49;6529638;243128192.00
20091104;36.98;38.17;36.52;37.29;3767384;140487904.00
20091105;36.97;39.20;35.90;37.82;4641902;174680864.00
20091106;37.25;37.91;36.00;36.46;3210884;117957488.00
20091109;36.59;36.85;35.48;35.74;1878446;67471400.00
20091110;35.87;36.56;35.52;35.82;1868064;67259960.00
20091111;35.75;36.16;35.05;36.05;1782974;63363832.00
20091112;35.98;36.67;35.85;36.46;1740490;63144844.00
20091113;36.46;39.90;36.38;38.56;4732485;181090304.00
20091116;38.99;38.99;37.82;38.88;2805376;108227384.00
20091117;38.56;39.67;38.19;38.54;2292609;88924256.00
20091118;38.38;40.27;38.21;39.90;3628722;142895744.00
20091119;39.90;43.85;39.59;41.95;5118588;213827920.00
20091120;41.21;42.58;40.82;41.43;2817571;116989208.00
20091123;41.70;43.41;41.45;42.65;2125683;90252552.00
20091124;44.81;45.88;39.01;40.80;4545114;196671680.00
20091125;40.20;43.48;39.50;42.88;3924895;163020336.00
20091126;42.40;43.46;41.00;42.30;3687280;155544912.00
20091127;41.88;43.94;41.00;42.97;3576125;152694592.00
20091130;43.01;43.93;41.10;43.39;2961339;126679008.00
20091201;43.39;45.88;42.80;44.88;4138844;184397440.00
20091202;44.55;47.28;44.00;46.21;4460278;203735424.00
20091203;46.00;48.28;45.31;48.28;4662416;220738768.00
20091204;46.59;47.80;43.45;43.69;4801784;215440864.00
20091207;43.02;44.40;42.52;43.73;2548354;111102968.00
20091208;43.79;45.50;43.56;45.01;2790586;124669720.00
20091209;44.43;46.52;44.21;45.20;3351960;152797440.00
20091210;45.01;45.80;43.80;44.08;2150499;95491768.00
20091211;44.00;44.07;41.38;42.05;2454883;104929368.00
20091214;42.08;42.49;40.20;41.39;1363297;56232628.00
20091215;41.87;42.50;41.42;41.75;1059307;44374424.00
20091216;41.33;41.65;39.51;39.88;1717681;69301792.00
20091217;39.40;40.25;37.50;37.80;1638320;62949140.00
20091218;37.80;39.60;36.26;38.72;1927588;72808280.00
20091221;38.68;39.24;37.86;39.05;1059211;41166772.00
20091222;39.45;39.45;36.81;37.01;956166;36148580.00
20091223;36.90;38.45;36.76;38.06;1252616;47509788.00
20091224;37.50;39.00;37.22;38.81;1210043;46492764.00
20091225;38.20;38.77;37.37;37.40;1365303;51458356.00
20091228;37.65;38.30;37.21;37.64;702694;26561756.00
20091229;37.90;38.28;37.25;37.90;800296;30171270.00
20091230;38.01;41.06;38.01;39.50;2264506;89875328.00
20091231;39.44;39.52;38.50;39.16;1105204;43052956.00
20100104;39.70;39.70;39.05;39.30;725275;28525216.00
20100105;39.60;39.60;38.34;38.86;748376;28943678.00
20100106;38.68;38.90;37.50;37.51;1278731;48593528.00
20100107;37.60;38.58;37.55;37.84;1407266;53565612.00
20100108;37.00;37.66;36.02;36.53;1072379;39365944.00
20100111;36.41;36.96;35.70;36.18;991676;35975480.00
20100112;36.16;36.96;36.14;36.95;786420;28894002.00
20100113;36.23;37.28;36.20;37.22;768806;28394764.00
20100114;37.60;39.35;37.35;38.70;1894594;73121624.00
20100115;38.97;39.38;38.05;38.52;1060225;40815392.00
20100118;38.85;38.85;38.20;38.36;643336;24704226.00
20100119;38.36;38.50;37.41;37.50;790097;29813876.00
20100120;37.18;37.98;36.01;36.59;1031626;37923280.00
20100121;36.48;36.94;36.40;36.68;422413;15486884.00
20100122;36.00;36.28;34.40;34.75;977407;34340448.00
20100125;34.20;34.20;32.86;33.50;768660;25761482.00
20100126;33.51;34.19;31.50;32.32;809539;26795820.00
20100127;32.38;32.90;32.00;32.26;472487;15312731.00
20100128;31.73;32.39;31.30;31.73;669797;21240060.00
20100129;31.80;32.87;31.74;32.48;851094;27676028.00
20100201;29.23;31.00;29.23;29.50;3904626;115389736.00
20100202;29.40;29.98;28.70;28.85;1558583;45625908.00
20100203;28.82;29.18;27.00;28.43;1541006;42874156.00
20100204;28.01;28.90;27.81;28.42;932408;26552390.00
20100205;28.00;29.07;27.40;28.40;873245;24847656.00
20100208;28.45;29.50;28.45;29.04;883433;25712194.00
20100209;29.04;29.08;28.61;29.00;460824;13286644.00
20100210;29.39;30.23;29.00;30.05;1771624;52540076.00
20100211;30.09;30.99;29.81;30.66;1545429;47063824.00
20100212;30.71;31.22;30.30;31.06;970971;29830564.00
20100222;31.00;32.25;30.53;31.90;1792292;56997768.00
20100223;35.09;35.09;35.09;35.09;1135456;39843152.00
20100224;37.00;38.38;36.13;37.03;4168920;155510464.00
20100225;36.61;38.21;36.61;37.15;2552065;95524256.00
20100226;36.96;38.88;36.92;37.90;2633549;99990328.00
20100301;38.02;38.87;37.10;38.33;2577071;98261400.00
20100302;38.36;39.98;38.33;39.34;2684139;105279256.00
20100303;39.01;41.16;38.50;38.79;4259326;170505504.00
20100304;38.65;38.70;37.00;37.01;2794982;105768264.00
20100305;37.26;38.50;37.15;38.50;1957164;74273576.00
20100308;38.80;39.97;38.50;39.33;1744242;68805656.00
20100309;39.40;42.00;39.00;41.32;3459894;140867728.00
20100311;40.40;41.60;39.49;41.10;2544647;103077616.00
20100312;41.44;42.65;40.60;41.10;2640290;110406112.00
20100315;41.17;43.00;40.80;42.50;2274500;96159928.00
20100316;42.49;43.30;40.50;40.85;2165436;90597904.00
20100317;41.00;41.55;40.21;41.52;1673080;68655816.00
20100318;41.66;42.30;40.60;41.18;1720920;71357344.00
20100319;41.39;42.81;41.03;42.39;2237773;94635752.00
20100322;42.45;43.40;42.13;42.49;1698533;72779664.00
20100323;42.30;43.29;41.60;43.00;1894858;80544536.00
20100324;43.01;44.84;42.80;44.00;2262182;99786600.00
20100325;44.09;46.49;43.58;45.61;2360785;107218528.00
20100326;44.59;48.39;44.00;47.99;3307192;152206448.00
20100329;48.29;48.60;45.62;47.51;2982513;140663072.00
20100330;47.08;49.88;47.08;48.84;1892874;92518128.00
20100331;48.70;53.68;48.20;52.80;2616726;134330192.00
20100401;52.81;53.99;51.02;51.50;2385389;126131344.00
20100402;50.20;50.90;48.60;49.62;2620254;130492784.00
20100406;49.30;50.88;49.20;50.88;1750235;87966688.00
20100407;50.89;51.80;49.52;50.90;1811046;91651024.00
20100408;50.80;52.35;49.58;49.58;1870453;95554232.00
20100409;49.30;51.19;48.95;50.68;1642420;82736816.00
20100412;50.68;53.38;50.61;53.12;1925868;100688288.00
20100413;53.53;53.88;47.81;47.81;3397947;167631472.00
20100414;46.90;47.60;45.22;46.70;2051934;95129624.00
20100415;44.50;45.69;43.00;43.63;4524994;200600704.00
20100416;43.00;44.40;42.71;44.20;2837889;124417208.00
20100419;43.80;46.29;43.27;46.01;3516270;159085328.00
20100420;46.58;48.68;45.90;48.12;3195129;151988336.00
20100421;47.32;49.21;46.60;48.94;2684670;129579840.00
20100422;48.78;49.90;48.01;48.95;1712568;83759280.00
20100423;48.85;49.79;48.20;49.10;1599131;78396504.00
20100426;50.30;50.98;44.99;45.69;1857984;90305432.00
20100427;45.20;46.38;42.00;43.41;1569825;68809496.00
20100428;42.80;44.60;42.12;43.60;912546;39981392.00
20100429;43.95;44.68;42.88;42.88;812127;35661340.00
20100430;42.55;43.35;40.90;42.22;861120;36062604.00
20100504;41.00;43.50;41.00;43.50;866972;37136772.00
20100505;42.88;45.47;42.88;45.45;1081943;47876856.00
20100506;45.03;46.50;44.50;45.00;1183622;53807112.00
20100507;43.51;46.35;43.51;46.00;1423790;64704524.00
20100510;45.90;45.96;42.04;43.30;1144529;50299788.00
20100511;44.02;44.94;38.97;38.97;1453996;60694516.00
20100512;39.00;39.41;36.60;38.98;885208;34011984.00
20100513;39.00;40.98;39.00;40.68;872923;35146164.00
20100514;40.38;41.96;40.01;41.61;679647;28154682.00
20100517;43.36;45.33;42.00;42.15;1972011;86011704.00
20100518;42.70;44.50;42.00;43.40;1548653;67276064.00
20100519;42.70;45.99;42.16;45.25;1922726;85063728.00
20100520;44.50;48.20;44.20;46.90;2341656;108361616.00
20100524;48.80;51.50;47.99;49.90;2484333;123521352.00
20100525;49.10;50.95;48.65;49.88;1813391;90105320.00
20100526;49.90;52.07;49.03;49.33;1630870;82528368.00
20100527;48.86;51.10;47.68;50.71;2099332;103956464.00
20100528;51.20;51.75;49.25;50.00;1298317;65321532.00
20100531;50.00;53.20;49.67;50.01;2204444;113761336.00
20100601;49.15;51.18;48.20;51.18;2364145;117688536.00
20100602;51.18;51.50;47.00;50.16;2372757;117687920.00
20100603;49.92;53.85;49.62;53.39;3418196;178012464.00
20100604;52.56;54.00;51.45;53.80;2083264;109541296.00
20100607;53.00;56.40;52.10;55.64;2455294;135469920.00
20100608;55.56;56.50;54.50;55.72;1707088;95016184.00
20100609;56.00;57.40;53.74;54.30;2512398;139211200.00
20100610;54.40;55.68;54.01;55.39;1872586;102582528.00
20100611;55.10;55.95;53.35;53.50;2332222;126568744.00
20100617;53.81;54.35;51.52;51.61;1562355;83023128.00
20100618;51.49;51.99;48.60;49.00;1804972;90801280.00
20100621;48.91;53.20;48.60;52.88;1826607;93399832.00
20100622;52.80;53.39;51.97;52.32;1112895;58614604.00
20100623;52.00;54.65;51.80;54.11;1610441;86375304.00
20100624;54.11;55.32;53.03;54.00;1238858;67504520.00
20100625;53.80;53.90;51.15;52.17;1865253;97440760.00
20100628;51.88;51.88;49.50;51.00;917018;46513576.00
20100629;51.00;51.58;45.90;45.90;1445681;68833432.00
20100630;44.50;46.95;44.00;46.50;1392574;62882804.00
20100701;46.50;46.60;44.30;45.10;969934;43958848.00
20100702;44.60;45.29;42.10;44.98;1589530;69440904.00
20100705;43.99;44.68;42.51;44.01;705301;30750924.00
20100706;44.39;46.17;44.01;45.62;1150290;52278468.00
20100707;45.60;46.52;45.10;46.52;1063436;48848104.00
20100708;46.98;46.98;45.22;46.22;1022954;47144340.00
20100709;46.11;47.54;45.53;46.75;1141125;53157044.00
20100712;46.84;47.27;45.02;45.68;979641;45201664.00
20100713;44.91;46.54;44.05;46.36;1187097;53699672.00
20100714;46.00;46.80;44.11;44.87;1544392;70261672.00
20100715;44.25;44.42;43.01;43.01;1055742;46108300.00
20100716;42.69;44.20;42.55;43.88;629879;27502704.00
20100719;43.12;45.35;43.12;44.90;976679;43750276.00
20100720;45.11;46.16;44.80;46.14;997331;45516708.00
20100721;46.14;48.73;46.13;48.26;2660414;127535544.00
20100722;47.70;48.30;47.25;48.29;1101936;52748984.00
20100723;48.66;49.12;47.51;48.78;1027806;49640724.00
20100726;48.81;49.20;48.21;48.59;750487;36459384.00
20100727;48.50;49.20;47.65;47.80;720177;34824092.00
20100728;47.80;49.65;47.40;49.39;1114281;54152756.00
20100729;49.47;49.69;48.53;49.39;1096421;53820880.00
20100730;49.39;49.39;48.00;48.80;661842;32147016.00
20100802;48.78;49.97;48.51;49.78;818373;40509140.00
20100803;49.78;50.34;47.81;47.81;872383;42773476.00
20100804;47.38;48.35;47.05;48.00;621176;29546866.00
20100805;48.01;48.80;47.61;47.94;511796;24715926.00
20100806;48.00;51.80;47.96;51.00;1849730;91890976.00
20100809;50.60;51.50;50.30;51.05;1249558;63593952.00
20100810;51.03;51.37;48.30;48.30;1421705;70308808.00
20100811;48.60;49.46;48.01;48.58;705742;34412856.00
20100812;47.88;50.49;47.86;48.90;1037287;51295940.00
20100813;48.50;50.44;48.50;49.84;827759;41033432.00
20100817;50.90;50.94;49.18;49.32;1634694;81611712.00
20100818;49.30;49.88;48.00;48.28;1177637;57493696.00
20100819;48.02;49.20;47.91;48.26;779608;37783988.00
20100820;48.00;48.50;46.50;46.60;1108933;52353228.00
20100823;46.50;46.93;45.62;45.70;922855;42641236.00
20100824;45.88;46.84;45.50;46.48;587839;27279876.00
20100825;46.40;46.47;44.50;44.98;832776;37742116.00
20100826;45.02;45.50;44.20;44.58;638913;28546794.00
20100827;44.29;46.09;44.29;45.95;1187595;54167504.00
20100830;45.97;46.70;45.30;46.62;1745520;80483320.00
20100831;46.48;46.76;45.56;46.42;1073311;49531916.00
20100901;46.00;46.69;43.36;43.99;1392578;62188188.00
20100902;44.50;44.95;43.36;44.39;1360553;59808520.00
20100903;44.40;46.02;44.05;45.80;1466222;66483284.00
20100906;45.60;46.35;43.80;44.25;1033227;46350736.00
20100907;43.78;44.44;42.92;44.16;881883;38344092.00
20100908;43.90;45.99;43.80;44.81;934274;42159388.00
20100909;44.99;46.12;44.91;45.66;1344467;61403052.00
20100910;46.00;46.03;44.55;45.48;771635;34905564.00
20100913;45.08;45.81;45.08;45.43;956591;43557328.00
20100914;45.27;47.20;45.26;46.66;1381902;63840764.00
20100915;46.40;47.00;44.87;45.04;1247742;57398600.00
20100916;45.10;45.29;43.12;43.67;1061850;46256220.00
20100917;43.71;43.96;42.80;43.10;703481;30500734.00
20100920;43.19;43.55;41.80;43.00;709103;30196240.00
20100921;43.22;43.90;42.70;43.75;424439;18463962.00
20100927;43.78;45.05;43.78;44.99;584764;26132674.00
20100928;44.99;45.66;44.75;45.36;734440;33256900.00
20100929;45.37;46.20;44.50;44.60;704786;32094268.00
20100930;44.40;44.79;44.01;44.60;328172;14559812.00
20101008;44.47;45.80;44.47;45.35;855007;38752968.00
20101011;45.20;45.27;43.04;43.53;903536;39597176.00
20101012;43.60;44.30;43.30;43.37;500771;21935902.00
20101013;43.30;47.55;43.08;47.00;1848620;83814040.00
20101014;47.77;48.07;45.50;46.40;2318450;108846240.00
20101015;47.00;49.88;46.51;48.54;2707449;131496824.00
20101018;49.58;51.65;48.55;49.50;2318243;115574752.00
20101019;49.81;53.50;48.20;52.02;2646380;135644560.00
20101020;51.01;53.35;50.15;51.23;1802224;93010168.00
20101021;51.95;51.95;48.30;49.00;1159805;57210208.00
20101022;48.92;50.90;48.39;49.46;925830;45757184.00
20101025;49.50;52.49;49.50;51.40;1400811;72186776.00
20101026;50.80;54.20;50.52;52.55;1550466;82067496.00
20101027;52.40;53.50;50.70;50.78;932330;48163324.00
20101028;51.14;52.36;51.00;51.40;730656;37676696.00
20101029;52.00;56.54;51.70;55.31;2561627;140891968.00
20101101;57.00;60.84;57.00;60.17;2991730;177561408.00
20101102;59.00;62.00;57.00;58.20;2644578;157274208.00
20101103;57.32;59.84;56.01;56.13;1713268;99221032.00
20101104;56.60;57.90;55.80;57.66;1135204;64457164.00
20101105;58.33;58.66;56.88;57.88;879207;50656464.00
20101108;58.00;62.25;58.00;60.66;1532146;92441208.00
20101109;59.90;59.96;56.28;57.99;3958750;226006208.00
20101110;57.00;57.86;56.60;56.98;1722874;98722816.00
20101111;56.40;58.40;56.40;56.50;1511478;87015312.00
20101112;56.50;57.20;51.70;53.00;1826138;98943752.00
20101115;53.86;55.80;53.11;55.80;1300195;71189608.00
20101116;56.00;57.80;53.32;55.46;1482850;83517040.00
20101117;54.56;56.97;53.10;55.23;1526010;84770152.00
20101118;55.65;56.37;53.88;55.00;717545;39208316.00
20101119;55.18;56.85;54.70;56.70;1210520;67767592.00
20101122;56.60;58.37;56.40;57.00;1491433;85793272.00
20101123;56.98;56.98;54.42;56.19;844964;46900556.00
20101124;55.77;56.82;55.77;56.20;2203253;123826936.00
20101125;56.60;58.18;55.53;55.90;1610006;91327192.00
20101126;56.00;56.49;54.01;54.75;1180391;65111020.00
20101129;54.74;55.15;53.90;54.00;1577236;85874888.00
20101130;53.98;54.69;50.08;51.29;1802442;93453624.00
20101201;51.99;52.25;51.01;51.90;921915;47620912.00
20101202;52.41;52.75;51.53;51.70;829688;43231836.00
20101203;51.59;51.59;50.41;51.01;1141233;57926496.00
20101206;51.37;51.70;50.66;51.48;788849;40241768.00
20101207;51.38;52.55;51.03;52.21;812844;42186064.00
20101208;52.25;52.54;51.00;51.00;949815;49327920.00
20101209;51.00;51.48;50.60;50.66;647996;33143134.00
20101210;50.00;52.30;49.85;52.10;555690;28486712.00
20101213;52.35;54.43;52.31;54.13;1473731;79371392.00
20101214;54.47;54.47;53.80;53.98;753748;40746116.00
20101215;53.98;56.09;53.82;56.00;1917549;105992976.00
20101216;55.88;56.90;55.31;55.68;1132181;63564536.00
20101217;55.34;56.49;55.34;55.87;740428;41494320.00
20101220;56.40;56.43;52.12;55.70;1271559;69579696.00
20101221;55.50;55.70;54.50;54.94;646931;35572036.00
20101222;54.53;54.74;53.50;53.77;960090;51750696.00
20101223;53.70;53.90;51.84;52.00;1460767;77012384.00
20101224;51.49;51.50;50.50;51.40;929163;47254108.00
20101227;51.51;52.33;49.79;50.01;820377;42146636.00
20101228;49.90;50.80;49.57;50.12;483404;24231410.00
20101229;49.90;51.88;49.90;51.61;503844;25821654.00
20101230;51.80;52.36;51.21;52.36;685076;35632624.00
20101231;52.50;53.96;52.02;53.00;743570;39549184.00
20110104;53.50;54.48;53.00;53.11;816007;43631680.00
20110105;53.00;55.40;52.70;55.13;1250874;68193512.00
20110106;54.80;54.89;53.74;53.93;731159;39546588.00
20110107;54.10;55.20;52.41;53.20;642284;34610300.00
20110110;53.20;54.50;52.62;53.20;798435;42939144.00
20110111;52.81;52.81;51.20;52.62;724702;37805704.00
20110112;52.62;53.59;50.70;51.78;1010010;52202732.00
20110113;51.80;52.11;50.81;51.86;421983;21754626.00
20110114;51.92;51.92;50.01;50.70;480676;24518872.00
20110117;50.43;51.16;49.50;49.80;495158;24814386.00
20110118;49.50;50.50;49.50;50.50;230342;11547288.00
20110119;50.24;52.18;50.21;51.73;354163;18148014.00
20110120;51.22;51.86;49.10;49.33;701214;35494384.00
20110121;48.99;50.79;48.50;49.65;822205;41131484.00
20110124;49.99;51.00;49.05;50.00;613374;30749022.00
20110125;50.02;50.88;47.31;47.80;571173;27710624.00
20110126;47.90;48.25;47.80;48.16;267831;12855602.00
20110127;47.10;49.50;47.08;48.80;526389;25469186.00
20110128;49.00;49.18;47.81;48.50;367018;17759528.00
20110131;48.00;48.99;48.00;48.75;412322;20102332.00
20110201;48.99;49.71;48.75;49.71;467404;23053394.00
20110209;49.55;51.00;49.12;50.50;484854;24488804.00
20110210;50.10;51.70;49.26;51.65;613623;31150646.00
20110211;51.30;51.63;51.00;51.40;342733;17593678.00
20110214;51.40;52.40;50.70;51.95;700639;36242920.00
20110215;51.86;52.36;51.25;51.32;637306;32887566.00
20110216;51.15;52.22;51.15;51.99;594561;30769062.00
20110217;52.01;53.57;51.51;53.57;908266;48063976.00
20110218;53.99;53.99;52.50;53.30;646820;34499280.00
20110221;53.00;55.20;52.76;54.62;866808;47136536.00
20110222;54.93;55.08;53.65;54.18;1094995;59450148.00
20110223;54.01;56.50;53.99;55.85;979749;54343932.00
20110224;54.90;55.90;53.92;55.30;1811898;99127744.00
20110225;54.90;55.50;53.33;53.60;1271383;69088304.00
20110301;56.00;57.80;55.70;56.01;2188597;124340576.00
20110302;55.99;58.00;55.50;56.90;1019311;58314880.00
20110303;56.51;57.79;55.58;56.01;717622;40476480.00
20110304;56.01;56.90;55.85;56.80;400547;22640492.00
20110307;56.88;57.00;56.11;56.80;433517;24597944.00
20110308;56.80;57.60;56.38;56.80;309053;17585142.00
20110309;56.80;57.20;55.80;56.32;637945;35843448.00
20110310;55.96;56.83;55.96;56.16;379382;21400996.00
20110311;56.16;58.70;55.51;58.23;874366;50366612.00
20110314;56.68;57.10;54.88;56.16;1892168;105731632.00
20110316;54.50;55.00;53.00;53.99;2083840;112076200.00
20110317;49.95;50.00;48.59;48.59;3604464;176576144.00
20110318;48.59;48.99;47.58;48.68;1518499;73569320.00
20110321;49.01;50.28;48.51;48.74;2036115;100084000.00
20110322;48.88;49.10;47.63;49.10;997937;48343168.00
20110323;48.85;49.44;48.71;48.90;767819;37729896.00
20110324;48.70;49.19;48.30;48.48;856840;41620076.00
20110325;48.50;48.50;47.35;47.75;1276869;61056628.00
20110328;47.70;47.70;45.63;46.87;1302694;60234256.00
20110329;46.48;46.50;44.50;45.64;866096;39527012.00
20110330;45.07;45.49;44.10;45.38;951284;42494040.00
20110331;45.00;45.70;44.88;44.93;764385;34623632.00
20110401;45.12;46.02;44.60;46.00;634841;28867030.00
20110406;45.75;46.18;45.56;46.00;390829;17920776.00
20110407;45.70;46.59;45.38;46.36;368441;17058592.00
20110408;46.36;46.49;45.83;46.49;329696;15225646.00
20110411;46.49;46.78;46.05;46.41;248848;11502681.00
20110412;46.13;46.67;46.12;46.42;261600;12138073.00
20110413;46.12;47.06;46.00;46.80;334744;15669916.00
20110414;46.66;47.71;46.66;47.28;367150;17392016.00
20110418;47.20;47.78;46.30;47.62;319173;15133948.00
20110419;47.37;47.68;46.90;47.65;328459;15479170.00
20110420;47.90;47.99;47.30;47.77;245969;11697051.00
20110421;47.59;47.59;46.93;47.25;265186;12489514.00
20110422;47.25;47.80;46.46;47.60;498589;23524900.00
20110425;47.60;47.60;46.50;46.59;236745;11103982.00
20110426;46.60;47.20;46.50;46.89;325730;15254426.00
20110427;46.90;47.53;46.62;46.97;350033;16552047.00
20110428;46.97;47.60;44.62;46.01;614584;28713568.00
20110429;45.90;47.50;45.90;47.40;265837;12480403.00
20110503;47.49;48.89;47.10;48.09;629620;30213716.00
20110504;48.08;48.19;47.24;47.33;425251;20226858.00
20110505;47.33;47.99;46.81;47.84;250205;11930191.00
20110506;47.81;47.94;47.10;47.57;180267;8579210.00
20110509;48.00;49.29;48.00;48.39;492546;23955062.00
20110510;48.80;48.80;48.06;48.50;353089;17088098.00
20110511;48.50;48.86;48.31;48.46;205071;9967686.00
20110512;48.40;48.46;47.64;48.16;132236;6385836.50
20110513;48.60;48.66;48.12;48.66;210082;10165254.00
20110516;24.33;24.55;23.27;24.25;324834;7886260.50
20110517;23.75;24.25;23.75;24.10;208332;5001587.00
20110518;24.09;24.10;23.51;23.69;294140;7014794.00
20110519;23.93;23.93;22.93;23.50;465227;10802837.00
20110520;23.50;23.50;22.33;22.78;850649;19218792.00
20110523;22.53;22.77;22.35;22.64;282177;6372539.50
20110524;22.90;23.63;22.56;23.34;550154;12759597.00
20110525;23.36;23.36;22.37;22.78;752518;17216536.00
20110526;22.55;22.77;22.15;22.22;415112;9248426.00
20110527;22.35;22.50;22.10;22.15;358333;7969179.50
20110530;22.34;22.97;22.33;22.41;438365;9933463.00
20110531;22.38;22.85;22.19;22.69;247175;5564956.00
20110601;22.70;22.83;22.36;22.65;212980;4808363.50
20110602;21.72;22.60;21.72;22.16;275892;6095158.50
20110607;22.25;22.66;22.25;22.56;425349;9593208.00
20110608;22.59;22.68;22.48;22.64;160789;3628339.50
20110609;22.66;22.80;22.58;22.75;479659;10901012.00
20110610;22.75;22.84;22.41;22.82;407688;9237157.00
20110613;22.82;23.66;22.75;23.50;522683;12129067.00
20110614;23.59;23.85;23.33;23.50;343990;8147072.00
20110615;23.58;23.67;23.12;23.38;449284;10511498.00
20110616;23.49;23.49;22.80;22.88;134791;3107268.00
20110617;22.62;23.25;22.62;23.01;252400;5834860.00
20110620;23.00;23.08;22.70;23.03;115200;2640212.00
20110621;22.93;23.13;22.93;23.07;181200;4175307.75
20110622;23.00;23.56;23.00;23.27;114530;2658689.25
20110623;23.15;23.60;22.95;23.52;273243;6387148.00
20110624;23.52;23.80;23.06;23.75;546661;12911278.00
20110627;23.65;24.48;23.61;24.08;619101;14998244.00
20110628;23.77;24.05;23.61;23.85;303668;7215319.00
20110629;23.86;23.86;23.57;23.62;225148;5332993.00
20110630;23.48;23.80;23.45;23.76;256500;6076354.00
20110701;23.69;23.79;23.45;23.45;482184;11358589.00
20110704;23.34;24.20;23.25;24.18;458291;10891436.00
20110705;24.16;24.30;23.80;24.00;458118;11006267.00
20110706;24.13;24.13;23.70;24.06;400535;9551170.00
20110707;23.76;24.27;23.68;23.99;910768;21789898.00
20110708;24.04;25.00;23.73;24.86;1578629;38910824.00
20110711;24.90;27.35;24.87;26.92;3306610;87090280.00
20110712;26.50;27.34;26.35;27.19;2442571;65836972.00
20110713;27.25;29.54;27.25;29.30;4246791;121630544.00
20110714;29.00;29.66;28.50;29.19;1808246;52418372.00
20110715;29.00;29.43;28.40;29.30;2455471;70736592.00
20110718;29.30;29.69;29.06;29.32;2300618;67654192.00
20110719;29.28;30.98;29.25;29.52;3315868;99794944.00
20110720;29.78;30.75;29.60;30.01;2803270;84531512.00
20110722;30.01;32.00;29.81;32.00;3691935;114462960.00
20110725;32.00;32.85;30.35;31.43;3748708;117353736.00
20110726;31.43;31.43;30.35;30.83;2633407;80811232.00
20110727;30.88;31.04;30.50;30.90;1771690;54527372.00
20110728;30.50;30.50;29.04;29.60;2190453;64750492.00
20110729;29.40;30.39;29.30;29.60;1858794;55393848.00
20110801;29.60;30.20;29.12;29.80;1251185;37183920.00
20110802;29.78;30.70;29.10;30.61;1332374;39684176.00
20110803;30.61;30.76;30.10;30.58;905960;27582812.00
20110804;30.69;30.87;29.61;30.22;990951;29860218.00
20110805;28.90;30.00;28.71;29.50;1407750;41000208.00
20110808;28.63;28.98;26.55;27.20;1768792;48449112.00
20110809;26.10;27.15;25.81;26.97;1564624;41534892.00
20110810;27.10;28.43;27.00;27.60;1401160;38676056.00
20110811;27.30;28.15;26.82;28.03;863130;23702644.00
20110812;28.03;28.65;27.90;28.40;1109259;31367110.00
20110815;28.40;29.00;28.01;28.86;581762;16647603.00
20110816;28.86;28.90;28.20;28.20;884623;25184180.00
20110817;27.91;28.38;27.91;28.09;461234;12964837.00
20110818;28.02;28.03;26.81;27.60;448402;12339776.00
20110819;27.02;27.85;26.63;27.17;663809;17975212.00
20110822;26.85;27.40;26.85;27.17;274300;7458079.00
20110823;27.20;27.85;27.20;27.75;468318;12888860.00
20110824;28.01;28.16;27.58;27.73;835668;23271810.00
20110825;27.56;27.91;27.40;27.88;497285;13752444.00
20110826;27.88;29.92;27.60;29.60;1131693;32402436.00
20110829;29.55;30.80;29.30;30.55;1802055;54475924.00
20110830;30.83;30.83;29.30;29.70;1066162;31989764.00
20110831;29.25;30.30;29.25;29.80;947727;28268200.00
20110901;29.80;30.57;29.80;30.15;1976666;59589908.00
20110902;30.40;30.44;29.81;29.89;1328477;39949228.00
20110905;29.60;29.85;28.93;28.99;1018372;29704150.00
20110906;29.00;29.22;28.12;28.48;2090751;59840948.00
20110907;27.99;29.54;27.99;29.53;1214134;35030576.00
20110908;29.60;30.28;29.31;30.07;1325956;39791260.00
20110909;30.00;30.55;29.78;30.17;893263;27014166.00
20110913;29.22;29.75;28.90;29.18;942682;27521486.00
20110914;29.35;30.35;29.18;30.20;1328032;39288232.00
20110915;29.68;30.45;29.67;30.24;561031;16943418.00
20110916;30.45;30.48;29.80;30.35;535966;16227943.00
20110919;30.01;30.30;29.40;29.79;430697;12790198.00
20110920;29.22;30.00;29.05;29.85;508029;14982779.00
20110921;29.96;30.87;29.95;30.80;1050331;32168962.00
20110922;30.60;30.68;29.71;29.97;637967;19292542.00
20110923;29.27;29.79;29.27;29.76;416534;12287946.00
20110926;29.55;29.94;29.31;29.59;213841;6320991.50
20110927;29.66;29.79;29.02;29.26;542920;15836902.00
20110928;29.26;29.44;28.09;28.76;416187;12004800.00
20110929;28.03;28.92;27.20;27.23;489169;13567169.00
20110930;27.23;27.48;26.50;27.30;502915;13555665.00
20111010;27.55;27.55;27.05;27.20;383598;10459178.00
20111011;27.50;28.00;25.90;27.20;576041;15730650.00
20111012;27.00;28.75;26.50;28.75;843913;23419948.00
20111013;28.36;28.97;28.36;28.75;537089;15440302.00
20111014;28.80;29.88;28.70;29.88;1024345;29836528.00
20111017;30.02;31.69;29.50;31.60;2249111;69948624.00
20111018;31.00;31.74;30.50;31.19;1200271;37260996.00
20111019;31.23;31.46;30.52;31.29;785049;24390066.00
20111020;31.30;32.58;30.60;31.30;2188700;69300496.00
20111021;31.30;31.64;29.11;29.29;1720038;51094960.00
20111024;29.36;30.00;27.56;29.28;1471683;42055516.00
20111025;29.04;30.12;28.68;30.12;900395;26617276.00
20111026;29.70;31.20;29.68;30.48;1305979;39925668.00
20111027;30.74;30.84;29.60;29.98;673909;20291952.00
20111028;30.26;30.87;29.65;30.55;1026839;31145476.00
20111031;30.58;30.95;29.60;30.20;1043983;31418414.00
20111101;30.00;31.47;29.72;31.47;1385811;42579960.00
20111102;30.80;33.36;30.55;33.10;2745569;88623040.00
20111103;33.06;33.93;32.11;32.25;2621066;86430024.00
20111104;32.15;33.20;32.15;33.20;1461980;47851756.00
20111107;33.10;33.18;32.58;32.68;1496565;49022116.00
20111108;32.68;33.22;32.43;32.79;946846;31029298.00
20111109;33.08;34.38;32.81;34.12;1395269;47224264.00
20111110;33.53;34.85;33.53;34.16;1394060;47958892.00
20111111;34.21;34.95;33.90;34.20;1169364;40151788.00
20111114;34.02;34.85;34.02;34.77;1248260;42979388.00
20111115;34.78;34.91;34.00;34.09;898624;30872934.00
20111116;34.18;34.39;32.78;33.10;1413471;47012948.00
20111117;33.00;33.54;32.88;33.50;652345;21674222.00
20111118;33.50;33.50;32.50;32.50;606823;19876936.00
20111121;32.49;33.31;31.52;33.31;536482;17286454.00
20111122;33.24;34.17;32.68;33.85;1133199;38142924.00
20111123;33.98;34.50;33.03;33.46;864930;29102342.00
20111124;33.00;33.40;32.40;32.95;572543;18849978.00
20111125;32.60;33.57;32.60;33.00;378122;12521051.00
20111128;33.42;33.71;32.35;33.53;519624;17326786.00
20111129;33.75;34.19;33.00;33.75;725283;24403270.00
20111130;33.62;34.67;32.42;32.80;1666479;55667452.00
20111201;32.90;34.00;32.90;33.30;871111;29127014.00
20111202;32.86;33.49;32.60;32.91;540752;17757428.00
20111205;32.61;32.94;30.08;31.30;1003217;31482330.00
20111206;31.20;31.46;30.00;31.20;836702;25531264.00
20111207;30.72;31.14;30.01;30.30;998708;30337344.00
20111208;30.00;30.49;29.60;30.30;338775;10150754.00
20111209;30.00;30.38;29.47;30.10;231750;6950787.00
20111212;30.02;30.30;29.55;29.80;699089;20851898.00
20111213;29.25;29.50;27.82;28.40;941951;26826624.00
20111214;27.86;28.40;27.58;28.10;754208;21060976.00
20111215;28.00;28.48;27.30;27.65;441865;12256699.00
20111216;27.78;28.32;27.60;28.32;421099;11764433.00
20111219;28.35;28.60;27.43;28.50;453720;12761722.00
20111220;28.29;29.12;28.29;28.79;598342;17269048.00
20111221;29.20;29.80;28.32;28.60;247748;7173320.00
20111222;28.48;28.48;25.80;26.30;1029856;27698466.00
20111223;26.30;26.38;24.83;25.00;1104028;28008276.00
20111226;25.00;25.78;23.00;24.00;934988;23032364.00
20111227;23.87;24.63;23.25;24.00;619339;14809697.00
20111228;23.88;24.08;23.43;24.00;662916;15859680.00
20111229;23.98;24.17;23.36;24.10;424749;10205081.00
20111230;24.15;24.74;24.10;24.54;289437;7111834.00
20120104;24.75;25.18;24.50;24.54;358662;8940844.00
20120105;24.73;24.73;23.35;23.35;497124;12012497.00
20120106;23.20;23.20;21.90;23.01;905189;20241592.00
20120109;23.10;24.74;22.52;23.70;422950;9925005.00
20120110;23.60;24.54;23.16;24.50;1161091;28087256.00
20120111;24.31;24.69;23.95;24.38;422892;10229258.00
20120112;23.88;24.66;23.88;24.21;279690;6788700.00
20120113;24.37;24.37;22.00;22.00;724664;16449013.00
20120116;21.89;21.89;20.10;20.85;702608;14562553.00
20120117;20.02;22.38;20.02;21.94;508428;10925636.00
20120118;22.30;22.97;20.03;20.79;485852;10547881.00
20120119;20.41;21.25;20.22;21.00;387272;8053300.00
20120120;21.06;21.78;21.00;21.78;282499;6043856.00
20120130;22.09;23.96;22.08;22.80;875749;20264902.00
20120131;22.41;22.86;21.80;22.40;345602;7699553.50
20120201;22.45;23.38;22.27;22.90;513597;11804789.00
20120202;22.68;23.59;22.68;23.50;637743;14853462.00
20120203;23.35;23.68;23.03;23.56;508607;11898932.00
20120206;23.93;24.26;23.28;23.31;759577;17983370.00
20120207;23.18;23.52;22.61;22.97;745858;17060086.00
20120208;22.55;23.40;22.55;23.38;1017670;23462018.00
20120209;23.74;24.14;23.26;23.88;860195;20414086.00
20120210;23.91;24.26;23.61;23.88;665827;15991058.00
20120213;23.61;24.84;21.88;24.50;707119;17209192.00
20120214;24.50;25.18;24.11;24.79;573211;14255437.00
20120215;24.79;25.02;24.58;24.90;613915;15246887.00
20120216;24.90;24.90;24.18;24.41;646160;15848490.00
20120217;24.12;24.56;24.12;24.32;461197;11234001.00
20120220;24.50;25.13;24.41;24.41;883107;21906914.00
20120221;23.95;25.40;23.95;25.10;1230908;30754224.00
20120222;25.10;25.60;24.86;25.50;1515157;38407232.00
20120223;25.31;25.70;25.00;25.06;1024741;25912326.00
20120224;25.00;25.29;24.98;25.11;717300;17993284.00
20120227;25.10;25.20;24.75;24.76;1212454;30261256.00
20120228;24.60;24.68;24.03;24.19;1176042;28519554.00
20120229;24.21;24.47;24.12;24.13;515081;12538156.00
20120301;24.00;24.29;24.00;24.11;432324;10449409.00
20120302;24.15;24.50;24.13;24.35;708787;17249764.00
20120305;24.55;25.00;24.55;24.75;770319;19058824.00
20120306;24.62;24.62;23.90;24.14;617943;14897339.00
20120307;24.16;24.35;23.55;23.90;404235;9717585.00
20120308;24.04;24.50;23.90;24.32;542183;13180898.00
20120309;24.60;24.60;24.33;24.50;535700;13099118.00
20120312;25.10;25.90;24.81;24.93;1773088;44719116.00
20120313;25.01;27.00;25.01;26.60;3603169;94609608.00
20120314;26.70;26.72;25.15;25.26;2342370;60645576.00
20120315;25.27;26.55;24.61;25.80;2126689;54814300.00
20120316;25.82;26.32;25.64;26.12;1706276;44296508.00
20120319;26.25;26.50;25.68;26.36;1391831;36401516.00
20120320;26.55;27.00;26.03;26.16;1403504;37107248.00
20120321;26.25;26.62;25.60;26.23;1245151;32416738.00
20120322;26.23;26.28;25.66;26.05;724358;18721344.00
20120323;26.15;26.31;25.30;25.40;672324;17263664.00
20120326;25.42;26.25;25.42;25.68;1268110;32725236.00
20120327;25.75;25.81;25.43;25.73;536145;13745014.00
20120328;25.50;25.50;23.60;23.90;950595;23123352.00
20120329;23.90;24.26;22.94;23.09;725152;16982128.00
20120330;22.81;23.39;22.50;23.07;463398;10731605.00
20120405;23.11;24.37;23.11;24.11;673742;16208314.00
20120406;24.29;24.33;24.02;24.20;354188;8561778.00
20120409;24.36;24.36;23.84;24.13;267416;6440383.50
20120410;24.15;24.95;23.45;24.76;601510;14629737.00
20120411;24.46;25.18;24.22;24.91;307946;7655166.50
20120412;24.55;25.26;24.55;25.17;335369;8411871.00
20120413;25.30;25.40;25.04;25.23;363478;9162024.00
20120416;25.16;25.20;24.80;24.82;320341;8002166.50
20120417;24.90;25.16;24.40;24.57;293710;7274479.00
20120418;24.57;25.35;24.57;25.18;446302;11144032.00
20120419;25.14;25.68;25.10;25.35;412314;10435999.00
20120420;25.63;25.65;25.11;25.46;378618;9621928.00
20120423;25.05;25.35;23.71;23.81;858149;20858250.00
20120424;23.44;24.12;23.13;23.99;432664;10221816.00
20120425;23.82;24.71;23.48;24.16;412017;9964951.00
20120426;24.01;24.26;23.02;23.36;807246;18898744.00
20120427;23.38;23.38;22.86;23.06;334094;7727160.50
20120502;23.03;23.28;22.60;22.75;694108;15865359.00
20120503;22.75;22.99;22.18;22.54;585233;13126014.00
20120504;22.54;22.79;22.18;22.78;652478;14631272.00
20120507;22.51;23.15;22.21;23.12;558097;12659784.00
20120508;23.13;23.60;22.92;23.48;614778;14373455.00
20120509;23.45;23.45;22.68;22.97;342156;7864356.00
20120510;23.35;23.70;22.68;22.72;775463;17955988.00
20120511;22.70;22.80;22.22;22.30;747022;16737120.00
20120514;22.35;22.50;21.90;22.36;865492;19180874.00
20120515;22.27;22.48;21.75;22.08;627141;13807250.00
20120516;21.70;22.28;21.69;22.00;533150;11673730.00
20120517;22.07;22.45;21.45;22.25;864904;19150566.00
20120518;22.09;22.59;21.81;22.59;655040;14611679.00
20120521;22.48;22.94;22.23;22.94;464601;10474695.00
20120522;22.90;23.50;22.75;23.48;542219;12547713.00
20120523;23.35;23.55;23.20;23.55;695494;16265591.00
20120524;23.50;23.63;23.00;23.35;548663;12785677.00
20120525;23.30;23.66;22.87;23.59;631311;14754611.00
20120528;23.18;23.70;22.91;23.59;418459;9746577.00
20120529;23.61;23.88;23.31;23.77;1078169;25400430.00
20120530;24.20;24.57;23.80;24.34;2343739;56661364.00
20120531;24.35;25.20;24.33;24.99;2126415;52663180.00
20120601;24.97;24.97;24.03;24.30;1321140;32124408.00
20120604;23.79;23.79;23.10;23.23;767611;17950116.00
20120605;23.23;23.48;22.92;23.23;682147;15776996.00
20120606;23.37;23.47;22.90;23.41;420047;9707295.00
20120607;23.71;23.74;23.01;23.31;210221;4905007.00
20120608;23.40;23.43;23.00;23.27;303171;7039215.50
20120611;23.27;23.33;22.93;23.28;446549;10353276.00
20120612;23.25;23.55;22.89;22.95;295160;6823056.50
20120613;22.74;23.11;22.50;23.04;611440;13968531.00
20120614;22.81;23.03;22.48;22.78;601495;13649683.00
20120615;22.80;22.98;22.36;22.59;409534;9292048.00
20120618;22.83;23.17;22.59;22.62;522618;11871658.00
20120619;22.55;22.70;22.25;22.55;326930;7357551.00
20120620;22.37;22.67;22.37;22.48;268637;6062020.50
20120621;22.52;22.52;21.58;22.10;582220;12744143.00
20120625;22.10;22.19;21.67;21.80;407260;8942890.00
20120626;21.61;22.00;21.50;21.87;255428;5551028.50
20120627;22.40;22.40;21.41;21.92;234869;5158497.50
20120628;22.00;22.00;21.60;21.73;214850;4693672.00
20120629;21.55;22.00;21.53;21.70;228600;4959209.50
20120702;21.85;22.19;21.72;21.99;408920;8988991.00
20120703;21.99;22.28;21.89;22.11;369096;8159196.00
20120704;22.25;23.25;21.92;23.00;666758;15033544.00
20120705;22.78;22.78;22.01;22.30;287141;6386800.00
20120706;22.20;22.41;21.85;22.28;351284;7770135.00
20120709;21.72;22.17;21.72;21.97;181885;3981719.00
20120710;21.65;21.95;21.46;21.78;223159;4838307.50
20120711;21.48;21.50;20.11;21.10;330874;6928914.50
20120712;21.10;21.20;20.70;21.17;249842;5225474.00
20120713;21.50;21.50;20.84;21.12;169013;3554740.75
20120716;20.70;21.00;20.50;20.66;305817;6334589.00
20120717;20.64;20.87;20.37;20.75;62066;1285024.50
20120718;20.55;21.00;20.55;21.00;126460;2632235.50
20120719;21.16;21.20;20.94;21.17;175904;3717469.00
20120720;21.00;21.30;20.95;21.09;89440;1886009.25
20120723;21.94;21.94;20.97;21.00;168400;3569004.50
20120724;21.20;21.27;20.95;21.20;117308;2477517.75
20120725;21.01;21.20;21.00;21.11;97482;2054756.88
20120726;21.01;21.36;20.70;21.00;88500;1860123.00
20120727;20.87;21.19;20.00;20.88;80238;1661239.38
20120730;20.21;20.85;20.19;20.76;127578;2608803.75
20120731;20.31;20.49;19.00;19.81;393316;7773314.50
20120801;19.56;20.16;19.20;19.67;378053;7464393.00
20120802;19.51;19.80;19.15;19.22;208579;4067754.75
20120803;18.81;19.80;18.81;19.75;145696;2844723.00
20120806;19.69;19.96;19.51;19.92;208452;4117407.25
20120807;19.90;20.15;19.80;20.15;158613;3155706.50
20120808;20.80;20.80;20.00;20.10;175344;3583898.25
20120809;20.25;20.60;19.84;20.59;359376;7311765.50
20120810;20.41;20.66;20.27;20.36;168000;3432508.00
20120813;20.35;20.37;20.00;20.00;193435;3899641.25
20120814;19.70;20.17;19.70;20.07;162484;3244896.00
20120815;20.26;20.90;19.62;20.12;109984;2216648.00
20120816;19.77;20.14;19.76;20.10;91259;1818569.88
20120817;19.81;20.25;19.81;20.09;72110;1444706.25
20120820;19.82;20.28;19.72;20.23;136682;2728494.00
20120821;20.29;20.76;20.01;20.50;434391;8921998.00
20120822;20.48;21.03;20.48;20.64;452460;9432775.00
20120823;20.45;21.45;20.45;21.36;973224;20421574.00
20120824;21.36;22.69;21.36;21.93;941571;20770200.00
20120827;23.99;24.12;22.03;22.10;2678173;62798676.00
20120828;21.82;23.78;21.50;23.00;1885471;42854108.00
20120829;24.00;25.17;23.30;24.20;3651499;88756064.00
20120830;23.48;23.88;22.00;23.06;2839741;65451828.00
20120831;22.86;23.83;22.52;23.31;1538684;36188824.00
20120903;23.18;24.29;23.18;23.49;1263279;30141768.00
20120904;23.74;24.13;23.10;23.72;1358247;31954100.00
20120905;23.22;23.80;23.05;23.36;752786;17577094.00
20120906;23.54;24.60;23.20;24.50;2260158;54740812.00
20120907;24.60;25.13;24.06;24.49;2267469;55791564.00
20120910;24.40;24.42;23.61;23.90;1632715;39101940.00
20120911;23.81;25.00;23.68;24.85;1311297;31992152.00
20120912;24.91;25.15;24.32;24.40;882464;21686212.00
20120913;23.85;24.46;23.40;23.60;693616;16537904.00
20120914;23.60;23.95;22.92;23.30;1131467;26226442.00
20120917;23.30;23.80;22.61;22.66;604450;13824384.00
20120918;23.10;23.12;21.90;22.31;1296232;29036510.00
20120919;22.11;22.36;21.75;22.08;505446;11121000.00
20120920;22.06;22.15;21.12;21.43;721535;15765283.00
20120921;21.60;21.79;20.00;20.51;1714839;35512832.00
20120924;20.11;20.60;20.06;20.30;380853;7699743.00
20120925;20.42;20.45;19.89;20.35;349368;7065412.00
20120926;20.41;20.46;19.22;19.50;393828;7883589.50
20120927;19.80;20.18;19.55;19.96;360967;7179472.00
20120928;19.90;20.50;19.72;20.45;622043;12617682.00
20121008;20.45;20.57;20.03;20.24;358010;7283962.50
20121009;20.19;21.02;20.13;20.90;693367;14429286.00
20121010;20.95;20.95;20.19;20.61;849198;17540990.00
20121011;20.61;20.74;20.28;20.28;537800;11019752.00
20121012;20.12;20.49;20.12;20.36;391100;7931092.00
20121015;20.10;20.40;19.58;19.80;585510;11628390.00
20121016;20.10;20.10;19.20;19.24;1034098;20149192.00
20121017;19.48;19.75;19.40;19.66;421081;8255851.50
20121018;19.67;19.96;19.56;19.88;455637;9021824.00
20121019;19.90;20.38;19.25;19.68;760843;15120641.00
20121022;19.34;19.59;19.20;19.56;647977;12574491.00
20121023;19.32;21.25;19.32;20.74;2082695;42731476.00
20121024;20.70;20.76;19.87;20.20;2015636;40893056.00
20121025;20.30;20.58;19.43;19.59;1939972;38689032.00
20121026;19.39;19.39;17.63;17.63;2215265;39804092.00
20121029;17.43;17.72;17.10;17.29;1523697;26385160.00
20121030;17.29;17.29;16.66;17.23;1153806;19566848.00
20121031;17.08;17.35;16.85;17.18;1344819;22991464.00
20121101;17.00;17.48;17.00;17.46;724468;12547938.00
20121102;17.40;17.56;17.20;17.50;432491;7511676.00
20121105;17.35;17.60;17.27;17.35;360700;6253043.00
20121106;17.35;17.40;16.90;17.39;368907;6318802.50
20121107;16.92;17.37;16.92;17.24;649605;11080094.00
20121108;17.08;17.18;16.55;16.76;879439;14755676.00
20121109;16.76;16.76;16.42;16.69;383390;6338950.50
20121112;16.75;16.78;16.48;16.62;126500;2106196.00
20121113;16.58;16.60;15.70;15.90;518200;8366297.50
20121114;15.90;15.90;15.00;15.52;784167;12194183.00
20121115;15.30;15.30;14.80;15.03;692200;10433466.00
20121116;14.90;15.55;14.90;15.43;973848;14867801.00
20121119;15.43;15.43;15.12;15.35;238840;3639431.50
20121120;15.30;15.35;14.99;15.15;367000;5589803.00
20121121;15.16;15.35;15.02;15.29;271000;4115494.00
20121122;15.29;15.29;15.07;15.12;96699;1461593.88
20121123;15.19;15.39;15.17;15.32;140050;2142242.50
20121126;15.32;15.44;15.07;15.14;171851;2618011.50
20121127;15.08;15.08;14.00;14.42;653499;9427258.00
20121128;14.05;14.29;13.87;14.14;295600;4150427.75
20121129;14.04;14.30;14.00;14.12;97900;1380837.00
20121130;14.01;14.29;13.99;14.26;183221;2596128.75
20121203;14.00;14.69;14.00;14.28;184202;2631085.25
20121204;14.27;14.35;13.53;14.30;406741;5693294.00
20121205;13.56;15.16;13.56;15.00;921072;13547453.00
20121206;14.53;14.98;14.53;14.75;437389;6451670.50
20121207;14.92;15.17;14.57;15.11;463845;6922695.50
20121210;15.20;15.59;14.92;15.50;716450;11005958.00
20121211;15.50;15.50;15.08;15.20;410728;6272127.50
20121212;15.20;15.20;14.74;14.92;470186;6997718.00
20121213;14.90;14.90;14.66;14.70;362158;5337246.50
20121214;14.52;15.28;14.51;15.25;950699;14305096.00
20121217;15.70;16.10;15.30;15.66;1306439;20558374.00
20121218;15.69;15.69;15.10;15.36;780085;11948663.00
20121219;15.50;16.56;15.46;16.30;2216679;35874004.00
20121220;16.08;16.40;15.95;16.37;1590093;25726620.00
20121221;16.17;17.09;15.70;16.50;1471629;24429834.00
20121224;16.49;16.69;16.04;16.38;969908;15927339.00
20121225;16.02;16.80;16.02;16.55;1107961;18355362.00
20121226;16.42;17.18;16.26;17.06;941222;15961212.00
20121227;17.05;17.48;16.69;16.83;777312;13077043.00
20121228;16.93;17.00;16.61;17.00;942440;15825948.00
20121231;16.90;18.19;16.90;18.19;1697907;29861580.00
20130104;18.29;18.29;17.44;17.76;1132087;20011524.00
20130107;17.40;17.72;17.40;17.72;703898;12360174.00
20130108;17.73;18.18;17.73;18.08;1011801;18113198.00
20130109;18.08;18.30;17.50;17.56;752345;13391357.00
20130110;17.74;18.05;17.60;17.63;795261;14119339.00
20130111;17.86;18.46;17.58;17.98;1464872;26550408.00
20130114;17.99;19.39;17.76;19.08;1513318;28228398.00
20130115;19.10;20.10;18.82;19.90;2598189;51380976.00
20130116;19.90;20.88;19.71;19.95;3211543;65033652.00
20130117;19.93;20.49;19.52;20.28;2175587;43705332.00
20130118;22.31;22.31;22.31;22.31;5771068;128752528.00
20130121;24.54;24.54;23.43;24.54;11086324;269181504.00
20130122;22.99;23.27;22.20;22.48;8753202;198436176.00
20130123;22.02;23.25;21.90;22.72;5241070;118378312.00
20130124;22.80;23.19;21.55;21.58;3944624;88292536.00
20130125;21.40;22.29;19.50;21.59;2168965;46127432.00
20130128;21.43;22.30;21.23;21.88;1746866;38333728.00
20130129;21.91;23.82;21.70;22.96;3031527;69860528.00
20130130;22.65;23.70;22.35;22.97;2342370;54111228.00
20130131;22.51;22.93;21.80;21.87;1435522;31777920.00
20130201;21.86;22.59;21.52;22.07;886997;19634284.00
20130204;22.07;22.07;21.30;21.35;980224;21059090.00
20130205;21.28;21.95;21.28;21.71;817021;17720156.00
20130206;21.75;22.85;21.57;22.76;1734712;39208452.00
20130207;22.67;23.20;22.35;23.05;831339;19071164.00
20130208;22.85;23.40;22.49;23.29;1166713;26904628.00
20130218;23.31;23.70;22.81;23.32;989653;23115924.00
20130219;23.29;23.29;22.50;22.61;814016;18516344.00
20130220;22.36;23.55;22.36;23.31;1361795;31587658.00
20130221;23.10;24.14;23.05;23.25;1447509;34077724.00
20130222;23.32;23.98;22.89;23.45;865944;20406738.00
20130225;23.45;24.43;23.45;24.12;1322755;31971258.00
20130226;24.39;24.40;23.80;23.82;786013;18814022.00
20130227;23.70;24.70;23.68;24.20;1769743;42986568.00
20130228;24.20;24.20;23.48;23.82;831626;19716964.00
20130301;23.59;24.33;23.59;23.93;632886;15163261.00
20130304;23.93;23.94;22.51;22.70;1059540;24486848.00
20130305;22.66;23.15;22.00;22.69;1035279;23277584.00
20130306;22.69;23.14;22.33;22.55;684625;15564760.00
20130307;22.41;22.74;21.70;21.80;820987;18231138.00
20130308;21.72;22.19;21.42;21.83;483546;10586053.00
20130311;21.59;22.30;21.59;22.07;197195;4339475.00
20130312;22.10;22.32;20.88;21.25;493192;10578693.00
20130313;21.45;21.45;20.79;21.15;312840;6552984.50
20130314;21.28;21.40;21.00;21.26;247243;5251692.00
20130315;21.01;22.21;21.01;21.98;611564;13374323.00
20130318;21.81;22.13;21.50;21.79;302279;6593036.50
20130319;21.58;21.96;21.55;21.89;485271;10514442.00
20130320;22.00;22.44;21.90;22.35;586810;13025871.00
20130321;22.52;22.85;22.31;22.85;600847;13570116.00
20130322;22.85;22.95;22.60;22.75;430848;9791012.00
20130325;22.90;22.99;22.51;22.65;392981;8950071.00
20130326;22.70;22.87;22.10;22.63;547829;12331303.00
20130327;22.43;22.88;22.43;22.57;417655;9471384.00
20130328;20.50;22.60;20.40;21.45;461273;10116401.00
20130329;21.46;21.97;21.23;21.65;453201;9756491.00
20130401;20.65;21.70;20.59;21.41;253609;5449705.00
20130402;21.41;22.15;21.10;21.21;516954;11165183.00
20130403;21.12;21.21;20.28;20.30;740833;15238750.00
20130408;20.15;20.56;19.11;20.53;482320;9623169.00
20130409;20.57;20.70;20.30;20.46;272100;5564668.00
20130523;22.51;22.51;22.51;22.51;346621;7802438.50
20130524;24.00;24.70;23.39;24.09;5883729;141390288.00
20130527;24.09;26.50;23.91;26.48;6055308;151867280.00
20130528;26.01;26.40;24.82;24.99;3853917;97986768.00
20130529;24.78;25.30;24.70;24.89;2206499;55104064.00
20130530;25.01;26.53;25.01;25.76;2929756;75737768.00
20130531;25.29;25.72;24.70;24.73;1813298;45312304.00
20130603;24.81;24.84;23.81;23.93;1492524;36147456.00
20130604;23.95;24.50;23.78;23.93;1033557;24901600.00
20130605;23.85;25.23;23.85;24.40;1573519;38808304.00
20130606;24.40;24.47;23.95;23.98;1176977;28348586.00
20130607;24.22;24.24;23.35;23.46;1089575;25899750.00
20130613;23.39;23.39;21.80;22.44;1207645;27125446.00
20130614;22.56;22.99;22.28;22.80;1941552;43935884.00
20130617;22.75;22.98;22.14;22.36;1358132;30676134.00
20130618;22.47;22.65;21.98;22.41;734577;16307881.00
20130619;22.52;23.20;22.02;22.83;1094774;24991422.00
20130620;22.65;22.93;21.61;21.65;1075261;23874656.00
20130621;21.11;21.77;20.80;21.40;840802;17932896.00
20130624;21.57;22.35;21.01;21.45;1427435;31014062.00
20130625;21.50;21.70;19.31;20.82;1784599;36329132.00
20130626;20.82;21.49;20.12;21.44;939759;19731950.00
20130627;21.26;22.26;20.90;21.17;1854738;40162380.00
20130628;21.00;21.00;20.01;20.13;1402354;28576344.00
20130701;20.13;20.62;19.75;20.56;607541;12388358.00
20130702;20.41;21.45;20.41;21.31;898196;18972814.00
20130703;21.17;21.79;20.63;21.50;968671;20666514.00
20130704;21.38;21.76;21.02;21.21;735905;15781331.00
20130705;21.20;21.30;20.81;20.82;670943;14138970.00
20130708;20.65;20.65;19.61;19.66;1015517;20395880.00
20130709;19.38;20.09;19.30;19.84;450789;8938173.00
20130710;19.94;20.40;19.75;20.40;468966;9462871.00
20130711;20.60;20.88;20.15;20.73;659686;13542945.00
20130712;20.78;21.85;20.67;21.23;1149850;24659086.00
20130715;21.41;21.85;21.20;21.65;1012247;21760384.00
20130716;21.74;22.98;21.10;22.86;1881322;42009100.00
20130717;22.77;24.47;22.50;23.70;3252019;77864384.00
20130718;23.70;24.35;23.10;23.79;1738931;41505408.00
20130719;23.80;24.17;22.20;22.34;1384075;32317112.00
20130722;22.15;24.19;22.01;24.05;1689900;39789936.00
20130723;24.05;24.90;23.63;24.00;2457052;59466980.00
20130724;24.20;24.27;23.84;24.22;1585207;38137940.00
20130725;24.23;24.40;23.08;23.30;1234307;29172256.00
20130726;23.50;23.81;23.01;23.51;629956;14760687.00
20130729;23.15;23.70;22.50;22.75;745141;17081828.00
20130730;22.79;22.99;21.94;22.48;752674;16862694.00
20130731;22.58;22.72;22.11;22.26;661586;14830342.00
20130801;22.36;23.18;22.21;23.11;947340;21739728.00
20130802;21.70;25.42;21.70;25.41;6391400;155335776.00
20130805;25.20;26.15;24.90;25.69;3769082;96611248.00
20130806;25.49;25.93;24.95;25.60;2551632;65196732.00
20130807;25.61;25.77;24.00;24.50;2436657;60224124.00
20130808;24.49;24.78;24.14;24.58;1666468;40946668.00
20130809;24.60;26.95;24.60;26.54;3547052;91553920.00
20130812;26.21;27.68;25.67;26.50;2941305;78766384.00
20130813;26.50;27.01;26.25;26.80;1398828;37398504.00
20130814;26.80;27.67;26.76;27.42;2140249;58048404.00
20130815;27.65;28.75;27.01;27.95;1917994;53539984.00
20130816;27.85;28.69;27.00;27.10;1356935;37867024.00
20130819;27.15;28.72;27.12;28.09;1194992;33667116.00
20130820;28.00;28.59;27.43;27.90;937102;26056418.00
20130821;27.66;28.20;27.66;28.01;1091319;30555958.00
20130822;27.70;28.17;27.61;27.94;997677;27863264.00
20130823;27.98;28.05;26.70;27.30;1311167;36020228.00
20130826;27.30;27.65;26.80;27.36;928473;25233820.00
20130827;27.45;27.65;26.88;27.18;697058;18870804.00
20130828;27.00;27.40;26.10;26.30;997315;26636658.00
20130829;26.23;26.82;26.20;26.50;576010;15253158.00
20130830;26.50;26.69;25.07;25.59;1184358;30532968.00
20130902;25.58;26.03;25.01;25.99;745029;19133854.00
20130903;25.99;26.91;25.76;26.79;842064;22361912.00
20130904;26.79;27.18;26.10;26.55;1120755;30048020.00
20130905;26.59;26.76;26.07;26.36;565794;14968984.00
20130906;26.30;27.64;26.25;27.40;1132219;30652596.00
20130909;27.50;28.11;27.11;27.99;1057613;29282448.00
20130910;27.99;28.06;27.12;27.20;1423061;38989524.00
20130911;27.25;27.25;25.50;26.32;1074064;28464946.00
20130912;26.10;26.99;25.85;26.49;491740;12910841.00
20130913;26.74;26.74;26.05;26.35;993794;26191366.00
20130916;26.16;27.25;26.16;26.50;942452;25111116.00
20130917;26.79;27.50;26.53;26.78;1275494;34494776.00
20130918;26.70;27.29;26.66;27.12;620552;16768455.00
20130923;27.11;27.96;26.99;27.02;1296492;35474168.00
20130924;27.06;27.65;26.85;27.60;1071693;29315980.00
20130925;27.60;27.78;27.08;27.21;708297;19366190.00
20130926;27.01;27.35;26.20;26.30;850660;22582240.00
20130927;26.26;26.50;26.09;26.33;392954;10335640.00
20130930;26.59;27.30;26.46;27.20;778519;21028938.00
20131008;27.26;27.62;27.00;27.33;970931;26504538.00
20131009;27.42;27.98;27.00;27.77;1423108;39128968.00
20131010;27.46;28.72;27.41;28.41;1781397;50648808.00
20131011;28.48;29.70;28.25;29.28;1629283;47690424.00
20131014;29.55;32.20;29.28;31.74;3161615;97895464.00
20131015;31.75;31.75;29.20;30.30;3149036;95649168.00
20131016;30.30;31.00;29.21;30.81;1453131;44041656.00
20131017;30.82;33.86;30.51;32.72;2003810;64674388.00
20131018;33.09;33.25;32.31;32.73;1050013;34414784.00
20131021;32.83;33.46;32.06;32.88;1695610;55915952.00
20131022;32.89;33.36;31.65;31.70;1090882;35287480.00
20131023;31.50;31.90;29.82;30.73;1312833;40438976.00
20131024;30.62;31.27;30.50;30.55;380887;11709466.00
20131025;30.83;31.44;29.50;29.90;602973;18185648.00
20131028;30.40;30.60;29.70;30.44;857284;25889716.00
20131029;30.50;30.67;28.49;29.10;846919;25004994.00
20131030;29.08;29.75;28.70;29.27;717068;20877906.00
20131031;29.28;29.66;28.51;28.79;691844;20073278.00
20131101;28.55;28.55;27.95;28.19;930385;26131480.00
20131104;28.00;29.76;27.91;29.75;1246476;36303320.00
20131105;29.78;31.50;29.63;31.28;1921228;59145872.00
20131106;31.25;31.81;31.14;31.46;1497454;47235888.00
20131107;31.38;31.68;30.30;30.30;894809;27689028.00
20131108;31.97;31.97;30.21;30.34;1658108;50968768.00
20131111;30.00;30.95;29.00;29.00;1786691;53206304.00
20131112;29.00;29.72;28.68;29.40;803916;23463952.00
20131113;29.34;30.60;29.11;29.87;1046024;31342284.00
20131114;29.96;30.40;29.56;30.22;960673;28956862.00
20131115;30.22;31.00;30.10;30.51;1053121;32144572.00
20131118;30.42;31.43;30.31;31.05;1551139;48051272.00
20131119;31.06;31.35;30.89;31.20;1094600;34083568.00
20131120;31.20;34.32;31.00;34.32;5555331;186824000.00
20131121;34.32;34.99;33.70;34.61;2735704;93617616.00
20131122;34.80;35.10;33.83;34.90;1709326;59132996.00
20131231;36.00;37.21;33.97;36.20;3324186;119380888.00
20140102;35.95;36.99;35.25;36.21;1734643;63077848.00
20140103;36.22;37.10;36.22;36.65;1153488;42227860.00
20140106;36.43;36.98;35.30;35.60;1166907;42304852.00
20140107;35.75;36.00;34.80;35.35;1288703;45579588.00
20140108;35.35;36.40;35.35;35.79;704678;25265168.00
20140109;36.00;39.06;35.35;37.83;2151307;81158640.00
20140110;37.60;38.95;37.57;37.89;1165804;44482012.00
20140113;37.85;38.38;37.62;37.95;580792;22054784.00
20140114;38.24;39.50;37.67;39.36;989812;38226752.00
20140115;39.34;41.97;39.34;41.42;1667389;68054392.00
20140116;41.50;42.50;40.00;41.25;1456748;60119732.00
20140117;41.61;41.68;39.80;39.80;1053427;43013488.00
20140120;39.70;40.30;37.70;37.92;1942836;74615784.00
20140121;37.88;39.76;37.68;39.38;1247961;48279184.00
20140122;39.38;41.39;39.00;40.90;1732454;69602536.00
20140123;40.60;41.17;39.00;39.20;2419765;95700464.00
20140124;38.51;39.98;38.49;39.23;1760425;69098280.00
20140127;38.80;40.23;36.20;37.80;5683422;215317680.00
20140128;37.60;38.72;36.63;36.69;2132116;79728872.00
20140129;36.95;37.44;36.45;36.45;1440298;52899696.00
20140130;36.39;37.67;36.22;37.57;1082235;40378396.00
20140207;37.60;38.88;36.56;38.78;1062035;40202944.00
20140210;39.03;39.48;38.54;38.96;1202225;46928388.00
20140211;38.85;39.40;37.52;38.06;1040020;39939544.00
20140212;37.69;39.30;37.69;39.15;1158320;45013896.00
20140213;39.47;39.47;38.36;38.37;1086245;42286768.00
20140214;38.37;38.88;38.00;38.49;928043;35652260.00
20140217;38.01;39.88;37.95;39.70;1385522;54229256.00
20140218;39.70;40.88;38.81;40.44;1412177;56771928.00
20140219;40.45;44.48;40.22;44.40;2508544;108084776.00
20140220;44.40;45.32;42.92;43.26;1235249;54408836.00
20140221;43.15;44.20;41.01;44.11;1327437;56120724.00
20140224;43.60;44.27;42.54;43.18;647046;28017142.00
20140225;43.18;44.00;41.82;41.90;1018617;43477360.00
20140226;41.50;42.85;40.50;42.25;934994;39178880.00
20140227;42.25;43.87;40.80;41.03;947471;40264320.00
20140228;41.00;41.80;39.21;41.70;1128975;45448012.00
20140303;41.70;42.20;40.02;42.16;496043;20836156.00
20140304;41.87;44.00;41.04;43.18;696382;29774556.00
20140305;43.70;43.70;42.00;42.20;598177;25322370.00
20140306;41.90;43.36;41.00;42.50;490539;20828144.00
20140307;43.38;45.39;42.20;44.89;1491584;66105484.00
20140310;44.80;45.38;42.80;42.90;873225;38491564.00
20140311;42.66;43.54;42.02;42.34;522852;22347210.00
20140312;42.26;43.07;41.00;42.01;568249;23904164.00
20140313;42.48;45.00;42.04;44.43;1072709;47191444.00
20140314;44.18;46.98;43.61;46.00;1739204;79849448.00
20140317;46.00;46.99;45.81;46.00;646081;29826758.00
20140318;45.83;48.50;45.81;48.43;1306402;62022344.00
20140319;48.43;48.43;46.70;47.20;946004;44722968.00
20140320;47.20;47.57;45.58;45.69;732953;33940288.00
20140321;45.50;47.50;44.00;47.40;939793;43373000.00
20140324;47.69;48.50;46.40;46.79;588113;27751666.00
20140325;46.76;46.98;46.01;46.41;393069;18242618.00
20140326;46.89;48.55;46.55;48.16;757443;36368876.00
20140404;45.00;46.70;43.34;44.96;1940383;87010688.00
20140408;44.00;44.00;42.00;42.53;1652434;70999824.00
20140409;42.50;43.55;42.30;43.20;489871;21060812.00
20140410;43.20;43.83;42.50;42.94;457688;19860566.00
20140411;42.51;42.51;41.31;42.14;657485;27476500.00
20140414;41.84;42.80;41.84;42.76;554151;23459854.00
20140415;43.06;44.78;42.35;44.23;745248;32739794.00
20140416;44.06;44.39;42.00;42.00;578769;24918576.00
20140417;42.38;43.19;41.89;42.80;313564;13299173.00
20140418;42.75;43.00;38.52;38.52;2339355;91825664.00
20140421;36.40;38.27;36.00;37.80;1942937;72659136.00
20140422;37.74;37.74;34.83;36.30;1575235;56451196.00
20140423;36.05;37.30;35.00;36.35;670807;24411674.00
20140424;36.35;37.50;35.99;36.70;419878;15512761.00
20140425;36.70;36.99;35.02;36.00;730893;26318510.00
20140428;36.00;36.00;34.85;35.25;520652;18373322.00
20140429;35.25;35.80;34.86;35.80;382017;13536699.00
20140430;35.90;36.20;35.70;35.78;311339;11183926.00
20140505;35.99;35.99;35.36;35.85;356044;12715553.00
20140506;35.86;36.30;35.22;36.02;409740;14781122.00
20140507;36.10;36.68;35.70;36.09;389309;14035255.00
20140508;36.00;36.58;35.70;35.89;449087;16211262.00
20140509;35.51;35.98;35.37;35.86;447026;15927095.00
20140512;35.86;36.45;35.70;36.15;438781;15802265.00
20140513;36.14;36.41;32.54;32.54;1120178;38213704.00
20140514;31.01;31.25;29.85;30.40;2547995;77463456.00
20140515;30.28;30.75;28.78;28.88;2094037;61758984.00
20140516;29.06;29.40;28.82;29.07;972332;28323000.00
20140519;29.17;29.29;28.50;28.78;881004;25457222.00
20140520;29.12;29.87;29.10;29.45;1203744;35455724.00
20140521;29.44;30.28;29.06;30.08;916659;27368066.00
20140522;30.10;31.17;30.00;30.02;1051322;32135102.00
20140523;30.02;33.02;30.02;33.02;974207;32010804.00
20140526;33.90;34.70;33.50;34.39;2641706;90228080.00
20140527;35.00;35.00;34.01;34.38;773486;26595552.00
20140528;34.39;34.97;34.00;34.89;782232;27121412.00
20140529;34.90;36.59;34.70;35.91;1348874;48643460.00
20140530;35.78;37.00;35.55;36.21;911707;33096398.00
20140603;36.00;37.49;36.00;36.67;554128;20471724.00
20140604;37.01;37.02;36.17;36.45;410676;14979035.00
20140605;36.46;36.98;36.26;36.50;345169;12612937.00
20140606;36.49;36.95;36.00;36.10;392727;14314780.00
20140609;36.48;36.48;34.01;34.50;621303;21726564.00
20140610;34.50;35.34;34.02;35.00;615210;21433030.00
20140611;35.21;35.80;34.70;35.03;543769;19219774.00
20140612;35.32;35.40;34.40;34.42;533220;18574724.00
20140613;34.39;36.50;34.39;36.04;1094378;39257616.00
20140616;37.41;38.91;36.80;37.41;1085871;40824484.00
20140617;37.60;39.60;36.00;38.51;1023828;39406736.00
20140618;38.55;38.75;37.52;38.06;538728;20426212.00
20140619;38.10;38.45;36.71;36.91;510194;19043812.00
20140620;36.91;37.29;36.37;36.78;408834;15041437.00
20140623;36.78;37.00;36.40;36.82;625857;22960804.00
20140624;37.18;38.19;36.72;37.82;802614;30004096.00
20140625;38.01;38.01;36.96;37.02;382980;14266772.00
20140626;37.48;37.50;36.57;37.16;437247;16248989.00
20140627;37.31;37.31;36.55;36.68;389752;14343014.00
20140630;36.75;36.95;36.40;36.90;465891;17091862.00
20140701;37.38;38.40;37.00;37.92;814947;30910600.00
20140702;37.95;39.35;37.92;39.32;1296485;50483264.00
20140703;39.55;39.64;38.84;38.92;478377;18670364.00
20140704;38.85;39.34;37.93;38.19;705590;26955898.00
20140707;38.00;38.74;37.80;38.00;539049;20545632.00
20140708;37.60;37.60;34.20;35.73;1947999;69283472.00
20140709;35.48;37.30;35.00;37.18;1483657;53898148.00
20140710;37.00;37.00;35.85;36.10;610914;22164774.00
20140711;36.30;36.30;34.30;35.20;748139;26291138.00
20140714;35.20;35.50;34.90;35.38;495985;17489286.00
20140715;35.12;35.20;33.65;34.50;476091;16351799.00
20140716;34.50;35.13;34.17;34.67;429890;14877594.00
20140717;34.32;36.40;34.32;35.29;456118;16091640.00
20140718;34.78;36.01;34.78;35.14;260120;9216193.00
20140721;35.95;36.13;35.15;35.88;419354;15063997.00
20140722;35.67;37.00;35.67;36.92;646636;23633168.00
20140723;36.98;37.08;35.80;35.92;451046;16378105.00
20140724;35.63;36.20;35.03;35.80;494833;17705236.00
20140725;35.54;36.85;35.54;36.05;580581;21066370.00
20140728;36.34;36.70;36.20;36.49;448121;16339265.00
20140729;36.39;38.57;35.97;38.50;1691954;63491740.00
20140730;38.29;39.60;38.20;38.70;1102765;42849044.00
20140731;38.50;40.20;38.50;39.40;1130486;45020388.00
20140801;39.50;39.98;38.55;38.71;561047;22014948.00
20140804;39.10;39.38;38.02;38.36;557471;21366330.00
20140805;38.10;39.90;37.66;39.70;831128;32591406.00
20140806;39.90;40.20;39.20;39.84;680877;27146544.00
20140807;39.72;41.75;39.72;40.80;830014;34137664.00
20140808;40.80;44.00;40.67;43.25;1166611;49266504.00
20140811;43.00;43.67;42.80;43.31;807362;34946456.00
20140812;42.96;43.68;42.85;43.28;634024;27442516.00
20140813;43.67;43.75;42.75;43.30;620190;26823238.00
20140814;43.68;44.40;43.04;43.08;707163;31022144.00
20140815;43.08;43.12;42.27;42.70;637066;27156462.00
20140818;42.98;43.68;42.78;42.98;348424;15026466.00
20140819;42.98;43.48;42.72;43.32;357290;15359205.00
20140820;43.68;44.80;43.35;44.31;790895;34965196.00
20140821;44.00;44.70;42.28;43.38;789812;34165512.00
20140822;43.59;43.67;42.52;43.10;472618;20285366.00
20140825;42.61;42.80;41.53;42.42;674972;28441442.00
20140826;41.67;42.80;41.31;41.45;286992;12004151.00
20140827;41.20;41.78;40.60;41.53;466248;19240260.00
20140828;41.54;42.19;41.03;41.50;468328;19429352.00
20140829;41.10;42.01;41.10;41.65;245047;10219083.00
20140901;41.63;42.50;41.30;41.98;293965;12386558.00
20140902;42.59;42.59;41.81;41.98;497577;20904868.00
20140903;42.18;42.19;40.10;41.40;1817749;74277168.00
20140904;41.59;41.59;40.68;40.82;1556610;63744116.00
20140905;40.69;41.12;40.40;40.49;1539708;62584704.00
20140909;40.52;40.80;39.70;40.03;1472788;59077780.00
20140910;40.03;41.00;39.82;40.65;2731313;110529104.00
20140911;40.99;41.54;40.20;40.49;3363004;138130928.00
20140912;40.50;40.55;40.00;40.20;2990313;120231464.00
20140915;40.30;40.41;39.98;40.40;1927946;77465072.00
20140916;40.40;41.00;40.05;40.05;1987933;80623648.00
20140917;40.00;40.01;37.90;38.32;2162316;83435280.00
20140918;38.02;38.80;38.02;38.56;897698;34592612.00
20140919;38.56;38.87;38.38;38.55;1144862;44194680.00
20140922;38.60;38.60;37.47;37.49;1189330;45282804.00
20140923;37.49;37.71;36.80;37.68;1876370;69894904.00
20140924;37.60;38.32;37.25;38.10;1659891;62891136.00
20140925;38.53;40.10;38.50;39.57;3036975;119721624.00
20140926;39.00;39.56;38.71;39.20;1466018;57394408.00
20140929;39.21;40.08;38.41;38.49;2279055;88976696.00
20140930;38.49;38.87;38.30;38.74;1183299;45645168.00
20141008;38.53;38.87;38.53;38.68;1278990;49463244.00
20141009;38.90;39.50;38.67;39.48;1705616;66683304.00
20141010;39.49;39.60;38.60;38.75;1720550;66940840.00
20141013;38.76;38.79;37.64;37.88;1186326;45072028.00
20141014;37.89;38.46;37.67;37.80;952927;36212176.00
20141015;38.01;38.30;37.46;37.80;709750;26862560.00
20141016;37.90;37.90;36.52;36.52;1935368;71632712.00
20141017;36.52;36.85;34.98;35.75;1096867;39586244.00
20141020;35.68;36.85;35.68;36.68;654101;23803480.00
20141021;36.80;39.26;36.80;38.11;1798005;68546584.00
20141022;38.12;38.85;37.74;37.83;951273;36439784.00
20141023;38.30;38.30;37.20;37.30;509330;19062216.00
20141024;37.20;37.75;36.50;37.02;447435;16622106.00
20141027;36.42;37.42;36.42;36.79;466411;17205864.00
20141028;36.80;38.97;36.80;38.30;1195255;45495860.00
20141029;38.30;39.07;38.30;38.91;1414599;54932688.00
20141030;38.80;39.18;38.22;38.45;981246;37862792.00
20141031;38.45;38.64;37.01;37.37;1683163;63244876.00
20141103;37.50;38.60;37.37;38.37;1071363;40924864.00
20141104;38.80;39.73;38.37;39.28;2069152;81254208.00
20141105;38.99;39.55;38.53;39.24;1295508;50739992.00
20141106;39.29;41.08;39.24;40.96;3140801;126725016.00
20141107;41.08;41.40;40.04;41.39;3315929;135297472.00
20141110;41.35;41.90;40.48;40.89;2256903;92918816.00
20141111;40.90;41.28;38.31;39.70;1963506;77338904.00
20141112;39.56;39.57;38.65;39.00;1201211;46806940.00
20141113;39.00;40.09;37.30;38.83;2881682;112434328.00
20141114;38.22;38.96;38.22;38.44;885913;34247648.00
20141117;38.51;39.42;38.31;38.88;2832102;110298896.00
20141118;38.88;39.22;38.49;39.01;1293157;50124504.00
20141119;38.92;38.92;38.00;38.36;1261596;48464956.00
20141120;38.36;38.60;37.35;37.80;1767437;66715776.00
20141121;37.79;38.14;37.41;38.01;1004399;38151020.00
20141124;38.28;38.68;37.79;37.88;948257;36068712.00
20141125;37.88;40.10;37.88;39.61;3229556;126450392.00
20141126;39.63;39.99;38.85;39.18;1404679;55214160.00
20141127;39.20;39.98;38.80;39.30;1319268;51910988.00
20141128;39.21;39.73;38.39;38.60;1954408;75651776.00
20141201;38.11;38.50;37.25;37.84;1404583;53158416.00
20141202;37.84;38.34;37.41;38.27;1549794;58887648.00
20141203;38.80;38.90;37.80;38.21;1922401;73558288.00
20141204;38.46;40.00;38.27;39.93;4106237;161408384.00
20141205;40.00;43.76;38.80;42.50;5053929;207530592.00
20141208;42.40;44.99;40.91;44.58;4656680;202212896.00
20141209;43.00;46.20;42.11;42.11;3744667;166858528.00
20141210;42.05;45.35;42.05;45.00;2926135;129914984.00
20141211;44.00;47.50;44.00;45.25;1655517;75204824.00
20141212;44.98;45.71;44.44;44.53;1569455;70446312.00
20141215;44.53;46.01;44.20;45.92;2119815;95656008.00
20141216;46.28;46.45;44.62;45.74;1371905;62464320.00
20141217;45.42;46.08;44.84;45.58;1304740;59263324.00
20141218;45.80;46.88;44.99;46.50;1616257;74239496.00
20141219;46.00;46.38;43.98;45.28;1848573;83381976.00
20141222;44.40;46.50;40.75;40.75;3050841;129166432.00
20141223;39.80;40.99;38.99;39.03;1201055;47952236.00
20141224;39.59;40.73;39.11;39.98;1093290;43495632.00
20141225;39.45;42.00;37.88;41.56;3588985;142997408.00
20141226;40.96;42.23;40.11;41.41;1689347;70414936.00
20141229;41.32;41.40;39.70;39.98;2038275;82207536.00
20141230;40.50;40.55;39.02;39.15;1803870;71962664.00
20141231;39.29;41.23;39.29;40.88;1820109;73031400.00
20150105;40.40;40.80;39.71;39.99;1472370;59075772.00
20150106;39.99;41.23;39.56;40.81;1122287;45300512.00
20150107;40.88;43.99;40.63;42.74;3165732;133445080.00
20150108;42.65;43.85;42.02;42.36;2202187;94625408.00
20150109;41.83;43.44;41.77;41.84;1337957;56747692.00
20150112;41.69;42.41;40.21;41.35;997333;40834164.00
20150113;41.28;41.79;40.52;41.44;570294;23596498.00
20150114;40.97;41.58;40.55;41.12;1205778;49277328.00
20150115;41.13;41.65;40.43;41.41;876421;35954888.00
20150116;42.36;43.40;41.41;43.05;1918432;82134224.00
20150119;41.95;43.69;40.60;42.04;1680997;71622408.00
20150120;41.75;43.28;41.75;42.78;1498880;63922428.00
20150121;42.94;44.99;42.51;44.27;2572362;113005408.00
20150122;44.50;47.21;42.66;46.99;2872837;131801280.00
20150123;46.98;49.00;46.20;47.98;2579369;123270320.00
20150126;48.78;49.30;46.80;47.99;2991562;142747616.00
20150127;47.80;50.10;47.79;49.44;3022614;148404400.00
20150128;49.36;49.99;48.15;48.67;1183932;57834956.00
20150216;46.00;47.50;44.57;46.85;6030193;276188192.00
20150217;46.60;46.60;45.73;46.09;2359521;108591728.00
20150225;46.00;46.21;42.60;43.16;2686418;120025160.00
20150226;43.50;43.78;42.92;43.68;1773271;76706656.00
20150227;43.64;44.74;43.64;44.09;2006059;88790032.00
20150302;44.39;45.58;44.39;45.22;2514312;113577032.00
20150303;45.21;47.98;45.21;47.40;3809277;179092080.00
20150304;47.88;48.67;46.82;47.70;2503746;118708624.00
20150305;48.20;48.20;46.23;46.62;1846308;86319152.00
20150306;46.31;47.00;44.71;45.11;1798839;81567080.00
20150309;44.80;46.36;44.32;45.98;1213732;55256724.00
20150310;46.03;47.32;46.03;46.96;1571385;73748376.00
20150311;47.31;48.58;47.31;48.45;2553533;122738208.00
20150312;48.50;49.50;47.35;48.50;6019344;291542688.00
20150313;48.50;50.20;48.10;50.20;3650341;180083440.00
20150316;50.50;51.05;49.78;50.19;4006406;201360912.00
20150317;50.00;50.96;48.66;49.13;3141252;155879776.00
20150318;49.48;49.80;49.02;49.57;1486098;73413416.00
20150319;49.33;50.95;49.05;49.96;1980367;98145176.00
20150320;49.96;50.22;47.30;48.80;2765644;135310816.00
20150323;48.80;49.50;48.07;49.36;2186495;107408952.00
20150324;49.01;49.54;47.50;48.43;2149916;104402088.00
20150325;48.60;49.35;48.00;49.20;4161457;203475920.00
20150326;48.90;48.90;47.27;47.44;4305507;206196464.00
20150327;47.35;50.15;45.00;49.80;5185394;248539792.00
20150330;49.80;50.00;48.39;48.70;4963223;242426448.00
20150331;48.58;49.00;48.03;48.59;3723580;180714448.00
20150401;48.68;49.49;48.29;48.92;3111341;151976624.00
20150402;49.20;52.30;48.58;50.67;6232138;311652160.00
20150403;50.12;54.00;49.71;53.00;6625616;342223680.00
20150407;53.21;55.18;53.21;53.60;4402891;238097936.00
20150408;53.47;55.00;51.33;54.42;4627635;248999968.00
20150409;54.04;55.90;52.50;55.06;4079428;222237600.00
20150410;54.49;54.98;52.95;54.07;3785965;205186512.00
20150413;54.02;54.39;53.06;53.43;2977946;159536720.00
20150414;53.43;58.53;51.70;57.10;4983618;274466368.00
20150415;56.13;57.55;55.21;55.21;3477365;196778384.00
20150416;56.48;60.00;55.01;57.86;4784386;278621344.00
20150417;58.92;59.95;56.00;56.00;3673632;212283552.00
20150420;54.32;57.20;53.91;54.60;3641907;201475568.00
20150421;54.50;56.89;54.50;56.65;2074151;116461792.00
20150422;56.99;59.00;56.80;59.00;3681688;213983968.00
20150423;58.50;64.90;58.50;64.80;6899951;427756256.00
20150424;64.90;64.91;62.00;63.00;3401672;215713376.00
20150427;64.00;67.99;62.72;65.99;4439413;290620352.00
20150428;67.70;69.12;63.69;64.71;3412001;225081920.00
20150429;65.00;70.80;62.00;69.51;4226457;280238048.00
20150430;69.00;74.80;68.68;73.40;3843558;280629536.00
20150504;74.00;78.80;71.01;75.34;3682712;273773856.00
20150505;75.00;75.00;70.00;72.29;3063899;219449440.00
20150506;72.00;73.80;68.01;68.30;2813725;201017760.00
20150507;69.19;71.89;66.56;70.00;2602331;180040128.00
20150508;70.11;74.20;70.00;74.00;2329362;168201888.00
20150511;74.02;81.40;74.00;81.40;3336443;265236608.00
20150512;81.50;89.54;81.50;89.54;4154019;357153408.00
20150513;89.54;95.10;84.01;89.50;4475476;406375808.00
20150514;92.00;92.10;86.30;87.89;2481923;221014272.00
20150515;88.27;94.00;81.08;89.30;4339135;386312992.00
20150518;90.58;92.48;86.80;88.20;4443201;395507200.00
20150519;88.40;89.60;84.70;85.67;3917336;338376416.00
20150520;86.80;94.24;85.30;92.93;5216100;471051680.00
20150521;92.00;97.29;91.53;94.16;4112845;389181792.00
20150522;94.16;98.00;88.77;93.00;4438538;412131552.00
20150525;90.00;93.00;88.18;90.30;3378394;305615072.00
20150526;90.71;96.00;90.71;95.80;4509782;420857600.00
20150527;96.05;99.50;94.00;94.50;4628379;451716800.00
20150528;94.70;98.80;85.05;85.60;5815389;538413120.00
20150529;86.99;89.49;83.00;86.17;5053239;434799616.00
20150601;87.05;94.79;87.05;94.79;4144787;386490720.00
20150602;100.00;104.27;99.50;104.27;4636112;475259296.00
20150603;104.10;107.98;99.00;99.45;5393788;551916608.00
20150604;98.21;101.98;89.55;93.80;4359178;413748864.00
20150605;96.05;100.00;92.88;96.50;3711500;357624896.00
20150608;96.61;96.62;89.00;89.43;3894844;353749056.00
20150609;89.51;92.68;87.01;91.70;4286785;381777312.00
20150610;91.00;92.70;88.00;90.70;3248540;293155488.00
20150611;89.03;91.72;87.88;90.26;3164441;284476000.00
20150612;90.00;92.02;89.44;91.38;3214163;292659648.00
20150615;91.66;92.77;84.88;88.00;5129183;452366080.00
20150616;87.00;87.50;79.20;83.02;4953430;412047808.00
20150617;84.23;86.00;79.10;84.80;4296995;357057984.00
20150618;84.15;85.96;80.50;80.80;2859445;240436896.00
20150619;79.99;82.00;72.72;72.72;3226569;252754464.00
20150623;72.73;74.71;66.00;72.79;2790798;198418576.00
20150624;73.50;78.73;73.13;77.48;3778257;287828256.00
20150625;78.51;81.50;76.02;77.82;4328066;341323808.00
20150626;70.53;77.00;70.04;70.04;3085254;222298768.00
20150629;72.04;73.50;63.04;63.04;3205845;208991312.00
20150630;56.74;69.34;56.74;68.00;4611023;284732832.00
20150701;66.00;72.00;61.20;61.20;4641172;316680672.00
20150702;61.20;61.58;55.08;55.08;4532706;255424336.00
20150703;52.18;54.50;49.57;49.57;4659006;235484480.00
20150706;54.00;54.00;44.61;46.70;6007346;280179424.00
20150707;21.90;22.40;21.00;21.00;1987100;42061808.00
20150715;23.10;23.10;22.10;23.10;20519662;473738752.00
20150716;20.79;24.23;20.79;23.89;25798976;585878208.00
20150717;23.90;26.28;23.52;26.28;16290925;408017696.00
20150720;26.98;28.15;25.50;27.00;20323887;550085312.00
20150721;26.60;29.34;25.80;28.88;17869100;501293696.00
20150722;28.70;29.10;27.00;28.02;18188538;511827296.00
20150723;27.95;29.10;27.53;28.74;14698713;418038432.00
20150724;28.38;29.30;27.00;27.25;20852897;592638272.00
20150727;25.39;26.39;24.53;24.53;17542204;442208128.00
20150728;22.08;23.80;22.08;22.08;21109746;469805792.00
20150729;22.08;22.96;20.02;22.62;20279734;432649600.00
20150730;22.42;23.49;21.58;21.65;20229401;457664096.00
20150731;20.90;21.36;19.60;20.07;12301107;253543360.00
20150803;19.61;19.69;18.06;18.06;15584663;288713568.00
20150804;18.10;19.87;18.10;19.87;13168759;250418496.00
20150805;21.00;21.86;20.31;21.86;25903202;561579968.00
20150806;21.80;23.14;21.11;22.98;31824675;711027648.00
20150807;23.19;23.79;22.10;23.26;23380765;539325824.00
20150810;23.60;25.18;22.87;24.65;23849393;574155840.00
20150811;24.63;26.80;24.12;25.85;25158751;641835136.00
20150812;25.40;26.20;24.03;24.09;18763206;471332768.00
20150813;23.90;26.50;23.63;26.50;22255226;557157952.00
20150814;27.35;28.65;27.07;27.97;24937097;695010496.00
20150817;27.38;28.97;26.68;28.38;18985213;526175008.00
20150818;27.90;28.48;25.54;25.54;17701132;472643872.00
20150819;23.68;26.50;23.09;26.09;19657036;485504992.00
20150820;25.70;28.70;24.90;27.48;28060806;768913408.00
20150821;26.58;26.98;24.73;24.73;19847335;505214240.00
20150824;23.59;23.91;22.26;22.26;11461174;260765584.00
20150825;20.03;20.38;20.03;20.03;9466382;189952912.00
20150826;19.80;20.61;18.03;18.03;22042923;414383264.00
20150827;18.20;18.95;16.23;17.56;25935270;454171904.00
20150828;18.25;19.20;17.29;19.01;22608158;409208096.00
20150831;18.70;18.70;17.11;17.11;16692650;296839936.00
20150901;16.30;16.35;15.40;15.40;15066374;234544944.00
20150902;13.87;16.08;13.86;13.90;19005753;275475968.00
20150907;14.11;15.05;13.98;14.18;19659880;286281184.00
20150908;14.09;15.60;13.60;15.57;23891902;345465408.00
20150909;15.87;16.80;15.61;16.58;28437793;463172672.00
20150910;16.00;17.50;15.90;16.83;28854953;484159456.00
20150911;16.83;17.44;16.74;17.10;21179971;361800896.00
20150914;17.10;17.30;15.39;15.39;18931436;304984608.00
20150915;14.30;14.76;13.85;13.85;15724649;222951904.00
20150916;13.85;15.24;13.65;15.24;24768487;355409760.00
20150917;15.27;16.69;14.90;15.41;29666415;469291680.00
20150918;15.69;16.40;15.30;16.08;19381758;306083808.00
20150921;15.78;17.69;15.57;17.69;27457604;468871648.00
20150922;19.00;19.18;17.69;18.22;41556867;767809600.00
20150923;17.90;18.69;17.68;18.25;25524627;464215712.00
20150924;18.20;18.98;17.88;18.51;24390268;449365440.00
20150925;18.10;18.33;16.70;16.93;20633748;358333184.00
20150928;16.85;17.95;16.80;17.91;15664588;274489312.00
20150929;17.48;19.00;17.30;18.44;27539772;503974688.00
20150930;18.39;18.94;17.77;18.67;25288957;465832672.00
20151008;19.80;20.54;19.16;20.35;24437819;491984608.00
20151009;20.16;20.96;19.98;20.54;23113407;471815072.00
20151012;21.00;22.47;20.68;21.90;23808450;520570432.00
20151013;21.60;23.37;21.41;23.30;25859498;586794688.00
20151014;23.33;24.10;22.60;23.45;27918156;650895616.00
20151015;23.00;24.53;22.77;24.51;23782309;565020608.00
20151016;24.88;25.06;23.60;24.36;28004565;679107264.00
20151019;24.40;25.33;22.51;23.10;30562397;729855680.00
20151020;23.21;24.30;23.16;24.00;22152548;526061056.00
20151021;24.02;24.02;21.60;23.06;35870491;814598080.00
20151022;23.20;24.00;22.10;23.92;27060153;627799424.00
20151023;24.20;24.60;23.19;24.00;25326680;603533888.00
20151026;24.46;25.28;23.70;24.66;27389997;672203392.00
20151027;24.66;24.66;22.33;24.11;18911554;446958080.00
20151028;23.75;24.48;22.53;22.80;15715774;370173856.00
20151029;23.02;23.60;22.21;23.02;16678237;382293120.00
20151030;22.81;24.99;22.75;24.13;28575789;691930688.00
20151102;23.03;26.28;23.00;24.94;27909372;704541824.00
20151103;25.34;25.75;24.03;24.50;13837657;341574976.00
20151104;24.45;26.80;24.45;26.72;21657977;562580928.00
20151105;26.40;27.16;25.65;26.05;22899811;600128832.00
20151106;26.05;26.96;25.80;26.32;17407416;458472736.00
20151109;26.00;26.55;25.00;25.98;17795817;461333664.00
20151110;25.56;26.49;25.35;25.70;13896741;359935264.00
20151111;25.60;28.27;25.34;28.27;26156419;707059712.00
20151112;29.00;30.98;29.00;30.35;28188829;849103616.00
20151113;30.00;31.79;29.40;29.40;19706864;600652032.00
20151116;29.31;30.68;28.68;30.24;13057031;391826624.00
20151117;30.87;32.55;30.00;30.27;17318791;536947136.00
20151118;30.27;30.60;28.28;28.35;13047234;384742176.00
20151119;28.45;30.27;28.45;30.18;13284138;394786432.00
20151120;30.09;30.77;29.19;29.64;13868535;414517344.00
20151123;29.80;30.06;28.50;28.79;12934798;377583264.00
20151124;28.78;29.30;28.00;29.11;8953119;254891920.00
20151125;29.01;30.20;28.48;29.96;11726795;347899360.00
20151126;30.00;30.29;28.98;28.99;8479909;249626928.00
20151127;28.99;29.28;26.09;26.09;13607962;375595712.00
20151130;26.24;26.36;23.50;25.26;17713690;441926816.00
20151201;25.19;25.19;23.90;24.44;12189447;298437120.00
20151202;24.66;25.43;23.26;25.13;12402374;302707040.00
20151203;25.20;26.69;24.81;26.18;10332411;266103232.00
20151204;26.18;26.20;25.30;25.60;8219457;211925920.00
20151207;25.65;26.57;25.21;26.00;8220023;214321056.00
20151208;26.00;26.00;25.01;25.10;6307070;159868896.00
20151209;24.95;25.35;24.30;24.33;6565201;162718656.00
20151210;24.03;26.55;24.03;24.89;12604371;315618752.00
20151211;24.80;25.49;24.61;24.99;6261964;156456032.00
20151214;24.77;25.50;24.33;25.48;6977812;174478000.00
20151215;25.50;26.27;25.40;25.71;7616953;196619792.00
20151216;25.82;26.68;25.70;26.49;9894602;259812192.00
20151217;27.00;27.75;26.78;26.98;10304357;279913184.00
20151218;26.70;27.15;26.12;26.20;8584011;227997952.00
20151221;26.40;26.49;26.10;26.39;5264577;138447408.00
20151222;26.48;26.83;26.15;26.76;5717009;151707120.00
20151223;26.81;26.82;25.82;25.88;5994310;157354704.00
20151224;25.78;25.78;24.80;25.26;6345973;159654304.00
20151225;25.40;26.18;25.25;25.61;6714942;172578304.00
20151228;25.61;26.18;24.66;24.93;6597434;168550240.00
20151229;24.50;25.05;24.49;24.94;4560798;112782664.00
20151230;25.06;26.66;24.58;26.60;12443937;321067392.00
20151231;26.20;27.61;26.00;26.59;12709889;343620512.00
20160104;26.57;26.57;23.93;23.93;6579056;163826592.00
20160105;22.02;23.52;21.54;22.41;11348697;255528288.00
20160106;22.45;22.89;21.59;22.64;8051126;179327056.00
20160107;22.00;22.20;20.38;20.38;1557829;32665678.00
20160108;20.80;21.19;18.41;19.68;9436724;187006128.00
20160111;19.00;19.16;17.71;17.71;8634659;157673616.00
20160112;17.70;18.39;16.80;18.00;9828734;173517888.00
20160113;18.05;18.41;16.95;16.98;5914154;105473528.00
20160114;16.10;18.10;16.03;17.90;7607787;130504808.00
20160115;17.69;18.39;17.18;17.40;6654515;118395960.00
20160118;17.05;18.22;16.91;17.94;6642554;117924872.00
20160119;17.89;18.65;17.61;18.56;7074830;128768264.00
20160120;18.43;18.98;18.10;18.41;7687843;142948064.00
20160121;18.00;18.66;17.30;17.31;6675199;120598296.00
20160122;17.66;17.83;16.73;17.34;7600687;130854912.00
20160125;17.49;17.76;16.95;17.48;5454533;95206120.00
20160126;17.15;17.35;15.73;15.73;7000670;115717088.00
20160127;15.61;15.86;14.38;15.35;8878021;133388656.00
20160128;14.92;15.27;14.36;14.44;6881362;101952192.00
20160129;14.23;15.25;14.23;15.08;8011733;118879432.00
20160201;14.92;15.10;14.27;14.55;5609096;82436600.00
20160202;14.69;15.55;14.55;15.32;7215756;109788648.00
20160203;15.10;15.80;14.88;15.62;6791662;103533192.00
20160204;15.84;16.39;15.60;16.08;7217408;115931152.00
20160205;16.10;16.26;15.75;15.80;4734044;75474648.00
20160215;14.85;15.79;14.85;15.58;4589016;70277776.00
20160216;15.63;16.80;15.63;16.60;9541087;155391376.00
20160217;16.56;17.48;16.32;16.78;9133158;151872128.00
20160218;16.83;17.27;16.44;16.84;10663041;179444720.00
20160219;16.67;17.50;16.32;17.48;14140507;243994784.00
20160222;17.49;17.81;17.18;17.72;16630364;290999104.00
20160223;17.62;18.19;16.68;17.20;13473859;231725328.00
20160224;17.11;17.69;16.52;17.05;9828197;166680736.00
20160225;17.08;17.08;15.35;15.35;11622726;186669152.00
20160226;15.32;15.65;14.55;14.90;9339828;140251200.00
20160229;14.65;14.72;13.41;13.44;9642523;131760992.00
20160301;13.60;14.01;13.17;13.84;8240201;112099896.00
20160302;13.99;14.69;13.80;14.61;9596645;136294800.00
20160303;14.56;15.08;14.48;14.49;10217507;150462256.00
20160304;14.39;14.58;13.53;13.73;8151025;114879200.00
20160307;13.91;14.82;13.91;14.43;8377314;120898896.00
20160308;14.49;15.14;13.70;15.14;12915543;188352416.00
20160309;14.87;15.37;14.51;14.71;10028539;149655184.00
20160310;14.71;14.97;14.38;14.38;7283457;106767032.00
20160311;14.10;14.98;14.05;14.40;5181777;74398608.00
20160314;14.68;15.45;14.52;15.13;10620723;160684592.00
20160315;15.14;15.65;14.97;15.00;10087481;154240048.00
20160316;15.45;15.45;14.65;14.68;7283204;109142112.00
20160317;14.51;15.54;14.51;15.37;11364587;171837824.00
20160318;15.88;16.48;15.51;16.16;13327817;212407680.00
20160321;16.48;16.97;16.18;16.60;12226085;201197760.00
20160322;16.48;16.98;16.10;16.42;11695918;194455488.00
20160323;16.69;17.18;16.48;17.05;13615234;229459392.00
20160324;16.95;17.48;16.65;16.67;13727301;233693376.00
20160325;16.39;16.80;16.27;16.63;7764147;128378664.00
20160328;16.84;17.07;16.20;16.34;9470313;157692064.00
20160329;16.21;16.78;15.48;15.70;9578914;152187728.00
20160330;15.83;16.32;15.77;16.29;8627023;138261696.00
20160331;16.44;16.58;16.05;16.12;10306790;167673840.00
20160401;16.05;16.20;15.45;15.91;8315613;131311472.00
20160405;15.90;16.67;15.76;16.59;11281712;183529664.00
20160406;16.45;16.95;16.41;16.84;12689315;212000976.00
20160407;16.96;17.30;16.66;16.83;14804742;251465056.00
20160408;16.59;17.27;16.58;17.05;14018029;237635760.00
20160411;17.19;17.45;16.92;17.33;14899911;256721856.00
20160412;17.20;17.79;16.67;16.96;10695856;181545968.00
20160413;17.03;17.66;17.03;17.30;14951551;260353184.00
20160414;17.39;17.77;17.15;17.46;9024290;156678816.00
20160415;17.48;17.56;17.12;17.35;10050376;174394288.00
20160418;17.06;17.17;16.60;16.89;10823438;182343952.00
20160419;16.93;17.08;16.60;16.78;6759724;113484624.00
20160420;16.70;17.10;15.40;15.70;10930533;178636464.00
20160421;15.66;16.36;15.51;15.63;9388359;148785680.00
20160422;15.48;15.80;15.46;15.78;4595182;72005960.00
20160425;15.78;15.78;15.16;15.45;5069388;78344728.00
20160426;15.45;15.79;15.30;15.79;4260135;66341724.00
20160427;15.79;15.99;15.70;15.90;4799773;75904520.00
20160428;15.89;15.90;15.45;15.73;5307839;82881672.00
20160429;15.67;15.85;15.59;15.61;2986654;46948920.00
20160503;15.78;16.27;15.53;16.23;6156733;98775032.00
20160504;16.05;17.80;16.05;16.76;20984025;357254080.00
20160505;16.56;17.39;16.52;17.26;14166250;241346912.00
20160506;17.12;17.25;16.15;16.19;11143868;186073776.00
20160509;15.90;16.06;15.54;15.70;6845930;107908592.00
20160510;15.57;15.78;15.24;15.43;4661405;72119224.00
20160511;15.58;15.71;15.29;15.35;4038046;62740784.00
20160512;15.25;16.89;14.98;16.89;15649498;254211248.00
20160513;17.20;17.76;17.01;17.59;21364454;372482272.00
20160516;17.33;18.00;17.23;17.98;17656920;311503904.00
20160517;17.86;18.18;17.31;17.50;19389749;344093568.00
20160518;17.20;18.65;17.01;18.26;24680488;445091488.00
20160519;18.20;18.68;17.90;17.97;19159300;350408992.00
20160520;18.14;18.34;17.47;18.04;13341566;238871360.00
20160523;18.00;19.38;17.90;19.37;18775572;351538624.00
20160524;19.12;19.20;18.62;18.80;13046759;246241376.00
20160525;19.01;19.50;18.31;18.39;10659164;200032176.00
20160526;18.31;18.54;17.17;18.19;11625137;207166736.00
20160527;18.02;18.88;17.91;17.91;10106408;185831296.00
20160530;17.69;18.54;17.30;18.46;12994901;235513616.00
20160531;18.48;19.34;18.37;19.23;15790448;299566528.00
20160601;19.22;19.91;19.02;19.13;16459956;319831392.00
20160602;19.14;19.80;18.95;19.79;14835064;287911968.00
20160603;19.90;19.90;19.35;19.37;14758955;288292896.00
20160606;19.20;19.43;18.72;19.07;10081965;191804256.00
20160607;19.08;19.23;18.91;19.06;6953206;132648936.00
20160608;19.07;19.83;18.71;19.55;12848871;247881200.00
20160613;19.10;19.47;17.70;18.02;11199675;212186912.00
20160614;18.00;18.30;17.72;18.19;6694410;120403968.00
20160615;18.23;19.88;18.23;19.55;17090531;330566272.00
20160616;19.59;20.85;19.26;20.16;23323195;468242144.00
20160617;20.21;20.48;19.80;19.96;12731269;255212912.00
20160620;19.85;20.32;19.70;19.99;8887027;177646336.00
20160621;20.20;20.70;19.54;19.80;13863380;280108768.00
20160622;19.80;20.10;19.56;20.07;7933948;157135568.00
20160623;20.00;20.29;19.45;19.73;8318050;164390784.00
20160624;19.58;19.99;18.58;19.24;11217083;216972576.00
20160627;18.98;19.97;18.80;19.95;8985193;176064368.00
20160628;19.98;20.29;19.64;19.78;9522867;189255152.00
20160629;20.00;20.02;19.56;19.60;7069184;139355040.00
20160630;19.60;20.40;19.51;19.60;8420414;166417584.00
