20091030;29.00;51.60;26.01;35.60;11928354;408864704.00
20091102;32.04;34.75;32.04;32.30;6783237;220613008.00
20091103;32.40;33.20;30.32;30.93;3922059;124729960.00
20091104;31.20;32.28;30.61;31.76;3014698;95081040.00
20091105;31.30;33.48;30.82;32.38;3703053;119302136.00
20091106;32.10;32.47;31.16;31.35;1935847;61232080.00
20091109;31.41;31.56;30.41;30.61;1575374;48526284.00
20091110;30.66;30.90;29.69;29.71;1783194;53946496.00
20091111;29.60;29.97;28.68;29.79;1416815;41510472.00
20091112;29.79;30.36;29.50;30.28;1281070;38433712.00
20091113;30.32;32.88;30.03;32.12;3495506;111039440.00
20091116;32.10;32.33;31.00;32.11;1945413;61769508.00
20091117;32.11;32.70;31.71;32.42;1842431;59504736.00
20091118;32.26;34.24;32.20;34.12;3053908;102016664.00
20091119;34.12;37.53;33.72;37.28;4466934;162642144.00
20091120;36.90;39.50;36.50;39.26;4677123;179324560.00
20091123;39.20;41.13;38.33;39.42;2632334;103610848.00
20091124;38.91;39.40;35.48;35.48;3121773;116815752.00
20091125;35.50;38.10;34.77;37.75;2338600;85454008.00
20091126;37.60;38.49;36.02;36.88;2138067;79610632.00
20091127;36.97;38.79;36.50;38.10;2838109;107434832.00
20091130;38.31;38.31;35.70;37.72;1902885;70748568.00
20091201;37.50;37.99;36.80;37.50;1673106;62379624.00
20091202;37.67;39.95;37.51;39.20;3051120;118386680.00
20091203;38.95;43.12;38.62;43.12;4015910;165631104.00
20091204;41.00;42.35;38.81;39.42;3453336;138881472.00
20091207;39.00;42.25;38.58;41.19;2355968;95775584.00
20091208;41.00;42.58;40.00;41.95;2611249;108758560.00
20091209;41.92;44.98;41.00;42.74;3745597;162528688.00
20091210;42.75;43.09;41.10;41.50;1714755;71696304.00
20091211;41.51;42.29;38.88;39.50;1729124;69542872.00
20091214;39.40;40.32;37.99;38.59;1295037;50333636.00
20091215;38.76;39.60;38.58;39.00;867042;33795632.00
20091216;39.00;39.20;36.95;37.21;1255757;47415612.00
20091217;37.10;37.50;34.22;34.51;1667554;58972984.00
20091218;34.01;35.99;32.23;35.00;1789324;60822368.00
20091221;34.49;36.19;34.20;35.86;983009;34720068.00
20091222;35.99;36.08;33.50;34.00;887855;30646590.00
20091223;33.90;35.40;33.90;35.00;968070;33798756.00
20091224;34.10;35.57;34.04;35.50;1196729;42041220.00
20091225;35.37;35.50;33.93;33.94;961760;33117494.00
20091228;34.20;34.73;33.90;34.50;737897;25368110.00
20091229;34.55;34.59;33.77;34.30;566740;19379898.00
20091230;34.37;35.68;34.18;34.85;976392;34166236.00
20091231;34.70;35.37;34.20;34.80;595506;20600804.00
20100104;34.91;35.20;34.63;34.90;535817;18670852.00
20100105;34.90;35.01;33.76;34.49;636655;21830690.00
20100106;34.30;34.30;33.48;33.48;890527;30113596.00
20100107;33.51;33.77;32.50;32.57;886926;29224744.00
20100108;32.65;32.88;30.95;31.60;905108;28581702.00
20100111;31.50;32.38;31.25;31.89;563892;17921004.00
20100112;32.00;32.60;31.58;32.47;620095;20090844.00
20100113;32.00;32.68;31.70;32.32;700321;22559626.00
20100114;32.60;34.66;32.51;34.18;1361642;46048244.00
20100115;34.41;34.82;33.89;34.17;770320;26361224.00
20100118;34.10;34.39;33.51;33.94;528336;17861682.00
20100119;33.96;33.97;33.01;33.09;595037;19779586.00
20100120;33.05;33.36;31.01;31.35;754614;24135018.00
20100121;31.35;32.20;31.35;31.75;363065;11506068.00
20100122;31.50;31.50;30.00;30.15;663597;20130248.00
20100125;30.00;30.00;28.86;29.10;600897;17608384.00
20100126;29.50;29.67;28.65;28.68;455235;13251357.00
20100127;29.00;29.10;28.52;28.62;330802;9543885.00
20100128;28.53;29.00;27.82;28.06;444846;12534896.00
20100129;28.11;28.78;27.90;28.29;422782;12045976.00
20100201;27.50;28.29;27.09;27.66;937553;25862938.00
20100202;26.50;27.48;26.41;26.80;2630045;70853152.00
20100203;26.44;26.49;24.68;25.97;1705492;43728260.00
20100204;25.80;26.39;25.51;26.12;876951;22874338.00
20100205;25.51;26.70;25.50;26.12;788075;20660028.00
20100208;26.25;26.88;26.16;26.66;956766;25475852.00
20100209;26.79;26.79;26.01;26.29;495223;13078656.00
20100210;26.50;27.80;26.31;27.57;1219876;33117998.00
20100211;27.50;28.48;27.28;28.01;1211548;33953868.00
20100212;27.85;28.80;27.68;28.69;952526;26894738.00
20100222;28.60;28.65;27.71;27.74;784082;22040506.00
20100223;27.50;28.30;27.30;28.30;668109;18562608.00
20100224;28.19;29.78;28.19;29.65;1295913;37975184.00
20100225;30.00;30.95;29.82;29.94;1750878;53212804.00
20100226;30.02;30.35;29.55;29.87;910408;27281940.00
20100301;29.95;30.66;29.95;30.35;793494;24098224.00
20100302;30.10;31.00;30.10;30.63;908667;27840896.00
20100303;30.64;30.79;29.75;29.88;959977;28835136.00
20100304;29.80;30.15;28.38;28.50;901197;26222020.00
20100305;28.55;29.51;28.55;29.36;754662;21962012.00
20100308;29.79;30.18;29.10;30.00;597111;17769900.00
20100309;29.98;30.00;29.22;29.73;516890;15312386.00
20100310;29.72;30.37;29.45;29.73;532104;15900665.00
20100311;29.60;30.10;28.91;30.00;715154;21180860.00
20100312;30.08;31.30;29.85;30.43;1888006;58046348.00
20100315;30.43;31.36;30.42;31.36;1339053;41396176.00
20100316;31.58;31.82;30.00;30.56;1192053;36613912.00
20100317;30.56;31.49;30.52;31.45;1130883;35215160.00
20100318;31.74;31.74;31.12;31.53;1054477;33103380.00
20100319;31.53;31.70;31.08;31.29;771801;24201948.00
20100322;31.27;31.77;31.10;31.71;762595;23950994.00
20100323;31.66;32.35;30.91;31.88;1386374;43896980.00
20100324;32.00;33.47;31.90;33.09;1990914;65563120.00
20100325;33.09;36.39;32.90;35.43;2832642;99102040.00
20100326;34.78;34.90;33.66;34.49;1679272;57576092.00
20100329;34.13;34.97;32.50;33.92;2070298;69442848.00
20100330;33.46;34.49;33.25;34.00;1704365;58199184.00
20100331;34.00;35.86;33.90;35.20;2125894;74419752.00
20100401;35.21;37.37;35.00;35.57;2665512;96807112.00
20100402;35.13;35.66;34.50;35.09;1370134;48066244.00
20100406;35.13;36.10;35.13;36.10;1456622;52011504.00
20100407;36.22;36.95;35.90;36.95;1788747;65317424.00
20100408;36.75;37.80;36.00;36.00;2106122;77810688.00
20100409;35.60;37.31;35.60;37.25;1633015;59626100.00
20100412;37.41;37.93;36.80;37.88;1832059;68695000.00
20100413;38.00;38.10;34.09;34.48;2666749;94756336.00
20100414;34.13;34.88;33.72;34.07;1154715;39512092.00
20100415;34.20;34.55;31.65;31.97;1766093;57542028.00
20100419;32.37;33.28;31.90;31.95;1573687;51169116.00
20100420;31.90;32.68;30.38;32.50;1029338;32552746.00
20100421;32.48;33.95;32.05;33.76;1146526;38207800.00
20100422;34.17;35.20;33.76;34.47;1676768;58015836.00
20100423;34.50;35.16;33.50;34.02;1198986;41204924.00
20100426;34.05;34.50;33.70;34.01;798553;27284794.00
20100427;33.77;34.10;31.68;32.62;1022943;33342612.00
20100428;32.49;33.05;31.73;32.00;599189;19306758.00
20100429;32.13;32.67;31.18;31.18;684777;22011684.00
20100430;31.44;31.44;29.78;30.13;936638;28256414.00
20100504;29.50;30.84;29.01;30.40;585530;17694016.00
20100505;29.80;32.38;29.73;32.33;881562;27652078.00
20100506;32.30;32.88;31.22;31.32;933214;30000616.00
20100507;30.50;32.00;29.93;31.52;805957;25245896.00
20100510;31.52;31.85;28.68;29.23;920186;27482260.00
20100511;29.88;30.15;28.60;29.01;587860;17324426.00
20100512;28.58;29.35;28.05;28.40;572153;16430817.00
20100513;28.30;29.30;27.60;29.21;618607;17666154.00
20100514;28.90;29.49;28.73;29.30;489051;14272988.00
20100517;29.00;29.10;27.10;27.28;703936;19838146.00
20100518;27.28;27.55;25.88;27.32;844937;22568314.00
20100520;27.32;28.17;27.02;27.18;598102;16551180.00
20100521;26.22;28.58;26.18;28.58;895169;24809578.00
20100524;28.89;30.33;28.80;30.20;1082526;32078798.00
20100525;29.80;30.71;29.60;29.80;1272505;38235212.00
20100526;29.58;30.50;29.50;30.28;649295;19606454.00
20100527;30.20;31.98;29.90;31.65;961879;29885076.00
20100528;31.92;32.85;31.53;32.33;1321556;42460660.00
20100531;21.60;22.70;21.03;21.38;2465030;53880392.00
20100601;20.58;21.22;19.90;20.45;1569251;32084632.00
20100602;20.09;20.91;19.95;20.85;1114209;22730416.00
20100603;20.83;22.00;20.80;21.26;2209074;47636236.00
20100604;21.26;22.39;21.25;22.34;2214664;48375268.00
20100607;21.91;23.48;21.48;23.19;4145945;95070376.00
20100608;23.00;23.35;22.38;22.85;2388625;54345056.00
20100609;22.88;23.50;22.40;22.88;2989521;68790640.00
20100610;22.88;23.48;22.77;23.48;2532501;58850656.00
20100611;23.65;24.29;23.51;24.08;2997180;71776136.00
20100617;24.29;24.30;22.01;22.21;2802425;64969844.00
20100618;21.98;21.98;20.31;20.33;2394884;49852800.00
20100621;20.16;21.28;19.50;20.93;1690806;34615468.00
20100622;20.82;21.30;20.62;20.75;1166323;24523712.00
20100623;20.76;21.42;20.55;21.10;1069698;22489802.00
20100624;21.11;21.25;20.71;20.97;886832;18613368.00
20100625;20.98;20.98;20.01;20.14;1071506;21850710.00
20100628;20.14;20.44;19.70;19.74;803070;15995373.00
20100629;19.90;19.99;18.27;18.28;1338699;25211758.00
20100630;18.25;18.79;17.30;18.67;1063475;19265632.00
20100701;18.67;18.78;17.80;17.90;655869;11933199.00
20100702;17.71;18.10;16.48;17.51;1272552;21952794.00
20100705;16.90;17.65;16.62;17.34;602177;10349492.00
20100706;17.12;18.25;17.10;18.25;1159175;20806468.00
20100707;18.50;18.50;17.91;18.35;711088;12968847.00
20100708;18.40;18.47;17.91;18.36;654970;11921800.00
20100709;18.39;18.97;18.06;18.82;903557;16866580.00
20100712;18.83;18.98;18.52;18.72;792842;14861171.00
20100713;18.55;18.81;17.91;18.57;1005240;18396372.00
20100714;18.72;18.97;18.50;18.65;1103478;20678552.00
20100715;18.66;18.74;17.63;18.00;1205774;22108762.00
20100716;17.73;17.98;16.25;17.97;1086223;18932854.00
20100719;17.50;18.25;17.35;18.18;655190;11724734.00
20100720;18.22;18.81;18.15;18.77;1222410;22711538.00
20100721;18.80;19.17;18.55;18.71;1066564;20147802.00
20100722;18.69;18.90;18.40;18.84;816483;15296187.00
20100723;18.90;19.37;18.90;19.25;1456075;27913610.00
20100726;19.26;19.47;18.93;19.25;857272;16432706.00
20100727;19.25;19.58;19.16;19.27;965575;18694514.00
20100728;19.27;19.58;19.12;19.50;1009328;19583874.00
20100729;19.75;19.75;19.18;19.40;1217445;23684010.00
20100730;19.28;19.38;18.89;19.10;996430;19055408.00
20100802;19.09;19.75;18.90;19.75;1299122;25281432.00
20100803;19.80;20.44;19.51;19.78;1576995;31401600.00
20100804;19.69;19.86;19.30;19.78;999507;19583802.00
20100805;19.78;20.46;19.77;19.98;1600490;32196408.00
20100806;19.99;20.85;19.88;20.81;2070107;42334624.00
20100809;20.78;21.80;20.78;21.62;2597899;55648616.00
20100810;21.58;21.58;20.32;20.32;2274376;47627360.00
20100811;20.25;20.88;20.06;20.64;1068821;21921248.00
20100812;20.40;20.88;20.12;20.45;1291880;26537310.00
20100813;20.49;20.66;20.00;20.56;974611;19891176.00
20100816;20.75;21.88;20.70;21.69;2611048;56353108.00
20100817;21.75;21.75;21.27;21.46;1623029;34829708.00
20100818;21.36;21.68;21.10;21.50;1469646;31437270.00
20100819;21.43;21.58;21.07;21.29;1131144;24116222.00
20100820;21.16;21.38;20.33;20.40;1344733;27943440.00
20100823;20.36;21.04;20.36;21.04;1831033;38028180.00
20100824;20.81;20.90;20.39;20.67;1080866;22339082.00
20100825;20.45;20.71;19.86;19.87;1142875;23107326.00
20100826;19.86;20.10;19.75;19.96;632385;12580406.00
20100827;19.90;20.16;19.52;20.15;835462;16579631.00
20100830;20.21;20.58;20.07;20.51;981688;20031748.00
20100901;20.51;20.65;19.45;19.54;1773957;35396240.00
20100902;19.69;19.91;19.40;19.70;1057009;20765740.00
20100903;19.70;20.15;19.64;19.98;1302400;25951444.00
20100906;19.90;20.14;19.50;19.63;1328744;26151432.00
20100907;19.63;19.77;19.45;19.74;768226;15041159.00
20100908;19.70;19.90;19.50;19.88;909766;17916234.00
20100909;20.09;20.79;19.96;20.70;3412271;70189152.00
20100910;20.98;21.60;20.23;21.32;3596554;75595688.00
20100913;21.30;22.22;21.19;21.85;3953499;86166744.00
20100914;21.75;21.87;21.30;21.42;2023274;43482648.00
20100915;21.49;21.50;20.60;20.67;1807894;37727952.00
20100916;20.53;20.97;19.81;20.05;1269338;25708408.00
20100917;20.07;20.40;19.81;19.98;743146;14863874.00
20100920;19.88;20.04;18.97;18.99;1213724;23468558.00
20100921;18.94;19.20;18.21;18.44;750458;13889044.00
20100927;18.58;19.10;18.50;19.10;592697;11168058.00
20100928;19.00;19.00;18.46;18.54;712978;13292200.00
20100929;18.50;18.67;18.02;18.18;590019;10841567.00
20100930;18.02;18.61;18.02;18.52;395733;7298797.50
20101008;18.54;19.13;18.53;18.95;673281;12772761.00
20101011;18.96;19.28;18.66;19.09;1058470;20037564.00
20101012;19.10;19.35;18.90;19.30;862385;16545682.00
20101013;19.20;19.47;18.89;19.39;882244;16887780.00
20101014;19.42;19.49;18.75;18.77;937959;17873966.00
20101015;18.74;18.74;18.20;18.33;998533;18353978.00
20101018;18.34;18.60;17.36;18.48;1582527;28124706.00
20101019;18.49;20.33;18.30;20.33;3932086;78228744.00
20101020;20.26;21.62;19.80;20.06;3350382;69048448.00
20101021;20.02;20.02;19.30;19.69;1567179;30634202.00
20101022;19.68;20.72;19.60;20.07;1784251;36107704.00
20101025;20.25;20.80;20.07;20.48;1742324;35702012.00
20101026;20.41;20.42;19.73;20.28;1793591;35891408.00
20101027;20.40;21.10;20.31;20.39;2434836;50424180.00
20101028;20.23;20.23;19.80;20.18;1188062;23732788.00
20101029;20.19;20.53;19.90;20.42;1876368;38215576.00
20101101;20.43;21.20;20.42;21.09;2902325;60912664.00
20101102;21.15;21.40;20.66;20.71;2048795;42695244.00
20101103;20.65;20.65;20.01;20.07;1691969;34281548.00
20101104;20.00;20.45;20.00;20.38;1047097;21172610.00
20101105;20.56;20.61;20.20;20.54;1047074;21423224.00
20101108;20.58;21.04;20.50;21.04;1981429;41283072.00
20101109;21.20;21.39;20.70;21.37;2615116;55140560.00
20101110;21.37;22.51;21.20;21.94;4218409;93364232.00
20101111;21.77;22.17;21.28;21.28;2862850;62262316.00
20101112;21.18;21.18;19.71;19.71;2593360;53046080.00
20101115;19.75;21.08;19.75;21.06;2585415;52870280.00
20101116;21.20;22.00;20.65;21.78;4596816;98930024.00
20101117;21.50;21.78;20.36;20.60;2415155;51208652.00
20101118;20.63;21.40;20.30;21.40;1484297;30997256.00
20101119;21.50;22.29;21.42;22.19;3729070;82022544.00
20101122;22.30;22.95;22.02;22.13;3713482;83552912.00
20101123;22.00;22.86;21.01;22.70;3158275;69662304.00
20101124;22.30;23.23;22.00;23.15;4356134;98992664.00
20101125;23.01;23.14;22.20;22.42;3184450;72008000.00
20101126;22.05;22.77;22.01;22.46;1665858;37335980.00
20101129;22.53;22.99;22.21;22.92;2103042;47738824.00
20101130;22.90;22.91;20.63;21.44;3043249;65563524.00
20101201;21.15;21.58;20.56;21.15;1233875;25978306.00
20101202;21.30;21.48;20.90;20.95;1088695;22978274.00
20101203;20.81;21.09;20.53;20.59;1073289;22269918.00
20101206;20.67;20.68;19.90;19.98;1220207;24594244.00
20101207;19.98;20.42;19.80;20.30;756186;15274217.00
20101208;20.30;20.67;20.21;20.39;738730;15101551.00
20101209;20.40;20.40;19.89;19.90;670197;13435654.00
20101210;19.79;20.14;19.60;20.09;622732;12456379.00
20101213;20.16;20.88;20.09;20.78;1240652;25610630.00
20101214;20.84;20.97;20.59;20.92;774353;16083840.00
20101215;20.90;21.09;20.40;20.57;990257;20600764.00
20101216;20.77;21.02;20.56;20.83;878417;18323796.00
20101217;20.85;21.25;20.84;21.00;1262523;26594036.00
20101220;21.06;21.50;20.00;20.83;1485572;31118080.00
20101221;20.60;21.10;20.30;20.90;898427;18763048.00
20101222;20.98;21.08;20.61;20.72;774354;16093613.00
20101223;20.70;20.79;19.95;20.02;1000483;20280942.00
20101224;19.94;19.98;19.24;19.27;1035254;20177350.00
20101227;19.45;19.58;18.50;18.55;872117;16607146.00
20101228;18.54;18.78;18.40;18.56;592272;11013904.00
20101229;18.81;18.86;18.55;18.83;445617;8347300.50
20101230;18.83;19.08;18.66;18.85;518070;9787173.00
20101231;18.72;19.30;18.72;19.11;394720;7535712.00
20110104;19.17;20.05;19.11;19.86;1111537;21818556.00
20110105;19.85;19.98;19.65;19.71;734157;14544999.00
20110106;19.60;19.87;19.40;19.55;452292;8841744.00
20110107;19.55;19.69;19.32;19.62;288817;5633416.00
20110110;19.51;19.66;19.00;19.02;546032;10569870.00
20110111;18.96;18.96;18.48;18.70;372356;6942884.00
20110112;18.70;18.99;18.62;18.99;237625;4468481.00
20110113;18.91;19.06;18.75;18.85;288980;5460267.00
20110114;18.65;18.89;18.56;18.68;273392;5123155.00
20110117;18.52;18.58;17.70;17.76;462258;8300225.00
20110118;17.62;17.84;17.61;17.71;404441;7153992.50
20110119;17.87;17.98;17.70;17.94;284090;5070498.00
20110120;17.83;17.93;17.02;17.18;417645;7284506.00
20110121;17.03;17.49;17.02;17.30;269320;4645236.50
20110124;17.20;17.45;16.83;16.98;393900;6734533.00
20110125;17.10;17.10;16.65;16.75;304446;5100488.00
20110126;16.99;17.14;16.75;17.14;255635;4344179.00
20110127;17.09;17.53;16.92;17.38;394689;6817205.50
20110128;17.50;17.55;17.29;17.46;296938;5158465.00
20110131;17.50;17.58;17.30;17.55;279621;4892860.00
20110201;17.51;17.60;17.40;17.44;234931;4112123.00
20110209;17.49;17.55;17.17;17.20;305471;5310805.00
20110210;17.20;17.90;17.07;17.90;558917;9884882.00
20110211;17.85;18.43;17.72;18.29;740439;13398749.00
20110214;18.29;18.63;18.12;18.30;856405;15764774.00
20110215;18.30;18.57;18.21;18.43;594165;10940792.00
20110216;18.66;19.00;18.44;18.98;1077908;20257144.00
20110217;18.98;18.98;18.59;18.83;912612;17105016.00
20110218;18.80;18.80;18.40;18.46;730571;13546330.00
20110221;18.45;18.74;18.24;18.66;471172;8759243.00
20110222;18.68;18.83;18.05;18.06;672793;12347692.00
20110223;18.06;18.40;18.05;18.25;407671;7431670.00
20110224;18.32;18.93;18.24;18.90;1661777;30979046.00
20110225;18.88;18.97;18.56;18.68;846937;15863983.00
20110228;18.88;19.23;18.65;19.20;768597;14597674.00
20110301;19.25;19.30;18.88;19.00;778956;14876616.00
20110302;19.12;19.12;18.66;18.85;631026;11906302.00
20110303;18.74;19.20;18.05;18.37;496352;9317416.00
20110304;18.38;18.95;18.35;18.90;478577;8874967.00
20110307;18.90;18.95;18.78;18.90;548850;10350928.00
20110308;18.90;18.90;18.63;18.82;496799;9306783.00
20110309;18.79;19.14;18.68;19.10;995274;18765676.00
20110310;19.00;19.17;18.80;18.98;588769;11177501.00
20110311;19.07;19.08;18.85;18.92;440445;8363590.50
20110314;19.04;19.65;18.94;19.62;1304962;25238670.00
20110315;19.67;19.67;18.60;19.18;974593;18620494.00
20110316;18.91;19.47;18.91;19.20;553035;10584657.00
20110317;19.12;19.24;18.61;18.75;828029;15668365.00
20110318;18.80;18.96;18.61;18.70;323714;6063245.00
20110321;18.70;18.70;18.28;18.33;454359;8377322.00
20110322;18.34;18.51;18.17;18.24;306917;5607103.00
20110323;18.38;18.50;18.20;18.42;310974;5726445.50
20110324;18.47;18.53;18.30;18.37;362336;6676419.00
20110325;18.36;18.49;18.30;18.43;300659;5535626.50
20110328;18.38;18.54;18.02;18.10;635714;11621764.00
20110329;18.12;18.12;17.40;17.48;925886;16377047.00
20110330;17.48;17.63;17.38;17.50;394891;6902823.00
20110331;17.53;17.69;17.38;17.42;321616;5631023.00
20110401;17.49;17.89;17.40;17.79;281195;4938554.00
20110406;17.55;17.78;17.44;17.57;385694;6767205.50
20110407;17.67;17.77;17.56;17.77;314093;5557186.50
20110408;17.80;17.93;17.60;17.89;552994;9840731.00
20110411;18.25;18.45;18.10;18.12;1104614;20138542.00
20110412;18.21;18.80;18.13;18.55;1087257;20097296.00
20110413;18.55;18.71;18.28;18.66;500367;9294641.00
20110414;18.78;18.78;18.33;18.39;498691;9218509.00
20110415;18.39;18.54;18.18;18.33;444866;8137857.00
20110418;18.32;18.62;18.29;18.61;481346;8878183.00
20110419;18.44;18.70;18.30;18.55;731530;13583151.00
20110420;18.75;18.98;18.42;18.89;922381;17247298.00
20110421;18.89;19.04;18.70;18.81;707477;13347855.00
20110422;18.98;19.01;18.55;18.61;553417;10385802.00
20110425;18.35;18.36;17.78;17.78;821875;14769958.00
20110426;17.66;17.87;17.15;17.44;523928;9125603.00
20110427;17.33;17.57;17.23;17.35;251150;4368939.50
20110428;17.36;17.50;16.70;16.89;388655;6661585.50
20110429;16.89;17.23;16.88;17.21;140622;2403087.75
20110503;17.23;17.46;17.04;17.37;223061;3858396.00
20110504;17.21;17.44;17.08;17.10;203113;3507708.75
20110505;17.01;17.49;17.01;17.38;266368;4616737.50
20110506;17.40;17.52;17.18;17.48;207896;3615979.75
20110509;17.60;17.75;17.48;17.55;250765;4415887.50
20110511;17.55;17.66;17.35;17.50;204432;3585773.50
20110512;17.70;17.80;17.45;17.46;290745;5123050.00
20110513;17.50;17.65;17.30;17.50;166914;2910796.25
20110516;17.52;17.58;17.43;17.55;162745;2850556.00
20110517;17.59;17.59;17.20;17.20;505174;8744272.00
20110518;17.21;17.29;17.14;17.16;545210;9389073.00
20110519;11.43;11.43;11.00;11.03;549436;6154936.00
20110520;11.02;11.09;10.62;10.75;778940;8441658.00
20110523;10.70;10.70;10.21;10.22;701743;7298892.00
20110524;10.22;11.13;10.11;10.93;1305335;13988559.00
20110525;10.93;10.99;10.52;10.56;911013;9774288.00
20110526;10.66;10.82;10.50;10.50;432837;4628865.00
20110527;10.49;10.75;10.31;10.45;439266;4623838.50
20110530;10.18;10.73;10.18;10.51;538509;5683847.00
20110531;10.48;10.83;10.41;10.75;434516;4613699.50
20110601;10.77;10.86;10.58;10.73;350910;3766556.25
20110602;10.60;10.63;10.24;10.44;380487;3971041.75
20110603;10.44;10.63;10.40;10.56;414806;4365791.00
20110607;10.56;10.75;10.44;10.74;511464;5445778.50
20110608;10.80;10.80;10.55;10.67;331144;3522774.00
20110609;10.70;10.74;10.50;10.50;331818;3527478.75
20110610;10.44;10.53;10.25;10.48;292350;3038425.75
20110613;10.40;10.60;10.29;10.52;206987;2170722.75
20110614;10.64;10.70;10.51;10.59;311935;3308656.75
20110615;10.55;10.68;10.39;10.41;238333;2505976.75
20110616;10.41;10.47;10.19;10.23;331687;3421461.25
20110617;10.20;10.34;10.11;10.20;212184;2168370.25
20110620;10.20;10.31;10.12;10.21;248990;2547134.50
20110621;10.25;10.32;10.14;10.28;189242;1939966.13
20110622;10.28;10.37;10.16;10.19;244599;2502071.75
20110623;10.20;10.50;10.12;10.46;709223;7351937.00
20110624;10.39;10.78;10.38;10.66;928605;9855737.00
20110627;10.70;10.90;10.63;10.78;644136;6949654.00
20110628;10.83;10.93;10.66;10.84;519612;5622649.00
20110629;10.79;10.88;10.59;10.66;575911;6185385.00
20110630;10.65;10.80;10.55;10.70;441550;4730928.00
20110701;10.80;11.07;10.73;11.00;1272123;13943207.00
20110704;11.04;11.30;10.94;11.25;1239394;13786035.00
20110705;11.26;11.45;11.21;11.26;1039499;11765889.00
20110706;11.26;11.36;11.12;11.32;756388;8513655.00
20110707;11.30;11.43;11.19;11.22;1103700;12470411.00
20110708;11.22;11.28;11.02;11.16;712787;7922201.50
20110711;11.10;11.25;11.10;11.24;495732;5554838.50
20110712;11.15;11.17;11.00;11.01;652098;7227530.50
20110713;11.01;11.24;11.01;11.23;494664;5515972.00
20110714;11.30;11.66;11.25;11.61;1598855;18351560.00
20110715;11.61;12.06;11.54;11.93;2418481;28753092.00
20110718;11.81;12.10;11.70;11.70;2857530;34070164.00
20110719;11.61;11.70;11.29;11.38;1543020;17693614.00
20110720;11.43;11.57;11.27;11.43;699303;7974024.00
20110721;11.48;11.48;11.25;11.25;660135;7470461.50
20110722;11.29;11.43;11.27;11.33;505605;5735672.50
20110725;11.33;11.33;10.69;10.71;895329;9798077.00
20110726;10.70;10.80;10.55;10.75;540487;5770746.00
20110727;10.65;10.96;10.53;10.90;598953;6464536.50
20110728;10.81;10.83;10.64;10.77;409157;4400625.00
20110729;10.78;10.95;10.70;10.78;601824;6508114.00
20110801;10.68;10.96;10.65;10.92;614745;6670813.50
20110802;10.92;10.92;10.61;10.88;514744;5514626.00
20110803;10.79;11.40;10.65;11.38;1989553;22264938.00
20110804;11.36;11.45;11.16;11.18;1149823;12968623.00
20110808;10.82;10.82;10.06;10.14;1843301;19072580.00
20110809;9.83;10.17;9.44;10.06;1388229;13549835.00
20110810;10.27;10.30;10.07;10.08;995396;10133956.00
20110811;9.86;10.34;9.72;10.32;1179464;11973524.00
20110812;10.41;10.60;10.32;10.44;859244;8977459.00
20110815;10.45;10.72;10.38;10.64;819030;8658779.00
20110816;10.76;10.76;10.48;10.60;778463;8239404.00
20110817;10.65;10.67;10.47;10.59;485052;5136596.00
20110818;10.51;10.64;10.22;10.31;590683;6153220.50
20110819;10.03;10.26;10.00;10.25;569444;5764644.00
20110822;10.12;10.38;10.12;10.25;515238;5290596.00
20110823;10.26;10.63;10.26;10.61;799034;8346363.50
20110824;10.67;10.94;10.60;10.68;1473097;15903320.00
20110825;10.71;10.80;10.50;10.76;974614;10398085.00
20110826;10.76;10.98;10.70;10.95;1133461;12336122.00
20110829;10.89;11.02;10.78;10.93;1215649;13293355.00
20110830;10.95;11.08;10.70;10.70;948729;10296537.00
20110831;10.69;10.72;10.43;10.49;716552;7535603.00
20110901;10.55;10.77;10.52;10.56;594047;6318212.00
20110902;10.65;10.65;10.32;10.35;506361;5269399.50
20110905;10.31;10.44;10.01;10.05;685185;6984494.00
20110906;10.07;10.10;9.97;10.00;402599;4039767.75
20110907;10.11;10.35;10.09;10.32;514401;5246752.50
20110908;10.32;10.44;10.26;10.26;499081;5159440.00
20110909;10.31;10.38;10.15;10.17;337854;3456055.00
20110913;9.95;10.06;9.91;10.00;321542;3201959.75
20110914;10.10;10.12;9.86;10.12;327574;3283088.25
20110915;10.19;10.25;10.12;10.13;276100;2808907.00
20110916;10.15;10.23;10.08;10.08;270905;2746742.25
20110919;10.08;10.08;9.90;9.95;384149;3821115.75
20110920;9.90;10.02;9.86;9.92;419507;4167298.00
20110921;9.91;10.18;9.81;10.15;704299;7072819.50
20110922;10.15;10.15;9.90;9.90;465737;4661008.00
20110923;9.85;9.85;9.60;9.72;608307;5897042.50
20110926;9.68;9.79;9.48;9.50;373399;3586559.00
20110927;9.58;9.65;9.49;9.60;238790;2285885.25
20110928;9.60;9.73;9.45;9.49;284821;2730823.75
20110929;9.49;9.49;9.18;9.22;401048;3732944.75
20110930;9.21;9.28;9.02;9.15;278637;2547359.25
20111010;9.16;9.27;9.08;9.09;193545;1776567.63
20111011;9.29;9.36;9.03;9.11;265944;2456068.25
20111012;9.07;9.46;9.00;9.42;365251;3416004.75
20111013;9.41;9.60;9.40;9.52;400160;3804863.25
20111014;9.46;9.52;9.30;9.41;331429;3120648.00
20111017;9.57;9.57;9.37;9.48;255676;2421797.00
20111018;9.38;9.43;9.22;9.25;283856;2639447.25
20111019;9.25;9.33;9.20;9.21;162303;1499542.50
20111020;9.11;9.20;8.84;8.84;380950;3403361.50
20111021;8.85;8.87;8.75;8.78;240892;2124085.50
20111024;8.85;8.94;8.58;8.91;238669;2091829.00
20111025;8.90;9.25;8.90;9.16;433092;3935972.00
20111026;9.10;9.39;9.10;9.30;730561;6785753.50
20111027;9.30;9.39;9.21;9.24;466519;4349299.00
20111028;9.38;9.43;9.28;9.40;594657;5565062.00
20111031;9.40;9.49;9.34;9.46;579742;5465732.50
20111101;9.40;9.66;9.35;9.62;1048616;9995790.00
20111102;9.50;9.89;9.40;9.89;1254857;12120951.00
20111103;9.96;10.14;9.88;9.96;1679338;16870154.00
20111104;9.98;10.33;9.98;10.33;2039558;20772806.00
20111107;10.66;10.70;10.15;10.22;2218401;23095252.00
20111108;10.33;10.35;10.01;10.10;1153229;11727923.00
20111109;10.17;10.38;9.92;10.38;1481475;15063225.00
20111110;10.21;11.03;10.15;10.66;3937213;42083324.00
20111111;10.66;11.43;10.61;11.17;4213105;46697656.00
20111114;11.35;11.55;11.13;11.20;3461962;38968540.00
20111115;11.16;11.25;11.05;11.20;2109690;23520220.00
20111116;11.19;11.22;10.65;10.77;1759818;19214824.00
20111117;10.76;10.98;10.65;10.74;1118148;12098442.00
20111118;10.72;10.72;10.20;10.30;1156032;12041944.00
20111121;10.33;10.45;10.14;10.32;785068;8067564.50
20111122;10.37;10.46;10.14;10.44;664498;6864560.00
20111123;10.50;10.56;10.31;10.37;688890;7190052.00
20111124;10.40;10.40;10.07;10.19;758040;7741198.50
20111125;10.19;10.28;10.00;10.11;538022;5453247.00
20111128;10.10;10.24;10.02;10.15;440357;4471693.50
20111129;10.22;10.50;10.22;10.46;939802;9746720.00
20111130;10.56;10.56;9.58;9.76;1101160;11098982.00
20111201;10.20;10.23;9.91;10.14;1137828;11472848.00
20111202;10.14;10.14;9.51;9.51;1978220;19179314.00
20111205;9.50;9.50;9.15;9.21;594780;5489957.50
20111206;9.23;9.41;9.15;9.35;370544;3421864.25
20111207;9.35;9.45;9.26;9.41;312020;2925663.50
20111208;9.40;9.48;9.07;9.30;600485;5588714.00
20111209;9.11;9.24;8.96;9.10;486108;4437397.00
20111212;9.11;9.19;9.03;9.05;255680;2332339.00
20111213;8.91;9.13;8.86;8.86;459124;4100540.00
20111214;8.80;8.96;8.73;8.79;319113;2829343.25
20111215;8.87;8.90;8.70;8.79;494942;4355390.00
20111216;8.78;9.16;8.77;9.13;597870;5359021.00
20111219;9.03;9.26;8.95;9.26;648916;5894667.50
20111220;9.19;9.34;9.05;9.07;401186;3696432.00
20111221;9.14;9.29;8.95;8.95;580332;5295898.00
20111222;8.88;9.19;8.58;9.05;770617;6786886.00
20111223;8.90;9.25;8.90;9.12;414241;3779464.25
20111226;9.16;9.20;9.00;9.01;312950;2850948.75
20111227;9.05;9.05;8.67;8.75;305250;2688088.50
20111228;8.75;8.81;8.40;8.71;340952;2917732.25
20111229;8.56;8.72;8.56;8.59;228261;1971240.63
20111230;8.80;8.82;8.63;8.74;256793;2246601.50
20120104;8.82;8.92;8.52;8.52;249899;2182040.50
20120105;8.43;8.57;7.82;7.98;636586;5191957.50
20120106;8.00;8.03;7.70;8.00;641250;5028259.50
20120109;8.08;8.29;7.78;8.28;593070;4804964.00
20120110;8.24;8.65;8.18;8.57;712670;6044131.00
20120111;8.63;8.66;8.45;8.56;500094;4285145.50
20120112;8.47;8.63;8.46;8.50;349254;2983165.50
20120113;8.54;8.54;7.93;7.95;680772;5547595.00
20120116;7.90;8.04;7.75;7.75;330769;2597431.00
20120117;7.92;8.23;7.80;8.21;500463;4032784.25
20120118;8.26;8.29;7.85;7.92;500270;4051583.00
20120119;7.92;8.16;7.91;8.08;414291;3341697.75
20120120;8.10;8.23;8.08;8.20;480667;3927853.00
20120130;8.37;8.37;8.17;8.25;373363;3098267.50
20120131;8.10;8.24;8.05;8.14;331967;2692042.25
20120201;8.14;8.30;8.08;8.09;346250;2833517.25
20120202;8.06;8.28;8.06;8.25;301802;2474424.50
20120203;8.25;8.46;8.24;8.43;620927;5190261.50
20120206;8.43;8.53;8.40;8.50;554439;4693579.00
20120207;8.48;8.48;8.24;8.34;388186;3238126.75
20120208;8.32;8.60;8.27;8.55;605783;5136784.50
20120209;8.55;8.82;8.50;8.75;984513;8558987.00
20120210;8.71;8.86;8.66;8.80;631067;5529069.50
20120213;8.82;8.96;8.60;8.83;638445;5640929.50
20120214;8.83;8.90;8.74;8.85;406060;3583098.75
20120215;8.80;9.04;8.77;9.01;621161;5557646.00
20120216;8.97;9.08;8.76;8.94;721705;6424886.50
20120217;8.94;8.99;8.80;8.86;458609;4068835.50
20120220;8.93;9.00;8.80;8.80;522029;4648676.50
20120221;8.81;9.05;8.71;9.05;655176;5817069.50
20120222;9.04;9.28;9.00;9.24;769071;7028490.50
20120223;9.24;9.32;9.07;9.17;826085;7582061.00
20120224;9.11;9.29;9.11;9.24;695396;6404817.50
20120227;9.24;9.45;9.18;9.36;1063384;9889880.00
20120228;9.25;9.36;9.08;9.24;632669;5819551.00
20120229;9.11;9.22;8.97;8.97;822559;7466097.50
20120301;8.93;9.07;8.88;8.93;710049;6381780.50
20120302;8.90;9.20;8.90;9.20;846419;7712182.00
20120305;9.22;9.29;9.12;9.26;621749;5724733.50
20120306;9.25;9.25;9.04;9.08;475861;4338464.00
20120307;9.07;9.17;8.97;9.05;681969;6169249.50
20120308;9.10;9.24;9.02;9.17;759751;6964148.50
20120309;9.23;9.48;9.19;9.48;1108224;10388503.00
20120312;9.51;9.82;9.50;9.69;1746023;16888338.00
20120313;9.60;9.79;9.60;9.72;835679;8086558.00
20120314;9.72;9.89;9.07;9.19;1636567;15670339.00
20120315;9.26;9.46;9.08;9.38;1325986;12332272.00
20120316;9.34;9.79;9.34;9.75;1451015;13913394.00
20120319;9.78;10.04;9.70;9.99;1663271;16501047.00
20120320;9.96;9.96;9.56;9.66;983001;9527906.00
20120321;9.75;9.75;9.40;9.71;623720;5975955.50
20120323;9.55;9.70;9.36;9.39;536381;5063891.50
20120326;9.48;9.50;9.30;9.40;359735;3378261.50
20120327;9.47;9.50;9.27;9.28;421552;3948955.00
20120328;9.23;9.25;8.60;8.61;736456;6525022.00
20120329;8.61;8.70;8.40;8.57;363680;3119927.25
20120330;8.58;8.67;8.45;8.60;365291;3128151.75
20120405;8.68;8.85;8.61;8.77;287499;2514998.75
20120406;8.82;8.87;8.74;8.84;300146;2643750.00
20120409;8.78;8.91;8.78;8.83;245792;2175871.75
20120410;8.80;9.09;8.64;9.09;314029;2778193.50
20120411;8.85;8.93;8.71;8.80;383355;3390795.50
20120412;8.84;9.07;8.75;9.07;627513;5590499.50
20120413;8.98;9.08;8.93;9.04;406876;3669913.75
20120416;8.97;9.13;8.91;9.05;368877;3330757.00
20120417;9.02;9.10;8.92;8.94;304396;2733913.75
20120418;8.98;9.13;8.94;9.09;398728;3609220.50
20120419;9.12;9.27;9.09;9.18;464356;4259172.00
20120420;9.18;9.24;9.10;9.23;392579;3603834.50
20120423;9.17;9.26;8.68;8.73;832326;7482642.00
20120424;8.70;8.95;8.48;8.80;527909;4600698.50
20120425;8.76;8.93;8.74;8.88;386039;3406924.00
20120426;8.93;8.99;8.85;8.93;299283;2664365.00
20120427;8.95;9.05;8.83;8.94;283484;2537785.25
20120502;9.21;9.22;9.07;9.17;654387;5991064.50
20120503;9.15;9.39;9.07;9.38;713415;6605014.00
20120504;9.38;9.40;9.14;9.30;509371;4722821.00
20120507;9.31;9.51;9.14;9.50;807070;7492383.50
20120508;9.44;9.51;9.30;9.51;838852;7907452.00
20120509;9.40;9.50;9.27;9.42;717994;6724566.00
20120510;9.30;9.70;9.30;9.49;808140;7704198.00
20120511;9.50;9.50;9.37;9.38;461744;4349639.50
20120514;9.48;9.64;9.29;9.45;914949;8665829.00
20120515;9.33;9.40;9.14;9.34;691088;6403354.00
20120516;9.33;9.33;9.23;9.31;321065;2981680.75
20120517;9.30;9.40;9.24;9.34;390621;3650341.75
20120518;9.29;9.40;8.88;9.02;687857;6281343.00
20120521;8.95;9.04;8.81;8.97;429863;3829188.75
20120522;8.97;9.68;8.97;9.49;1489198;14037689.00
20120523;9.43;9.86;9.37;9.72;1671400;16067037.00
20120524;9.82;9.82;9.56;9.68;1434931;13894924.00
20120525;9.68;9.87;9.55;9.68;1749682;17042418.00
20120528;9.68;10.30;9.68;10.30;2242003;22453626.00
20120529;10.29;10.60;10.08;10.46;2309223;24095950.00
20120530;10.40;10.58;10.30;10.45;1080723;11279180.00
20120531;10.30;10.47;10.22;10.44;667434;6923976.00
20120601;10.34;10.50;10.30;10.50;662256;6864236.50
20120604;10.30;10.57;10.17;10.42;965285;9985019.00
20120605;10.33;10.68;10.31;10.50;937238;9864885.00
20120606;10.63;10.79;10.33;10.59;718912;7589375.00
20120607;10.50;10.73;10.40;10.49;813039;8584667.00
20120608;10.50;10.55;10.05;10.49;724091;7498806.50
20120611;10.30;10.56;10.30;10.52;388124;4065008.75
20120612;10.53;10.95;10.32;10.70;896418;9559909.00
20120613;10.70;11.12;10.60;10.96;1062560;11576715.00
20120614;10.91;11.06;10.75;10.93;751290;8213481.50
20120615;10.93;11.08;10.77;10.88;758974;8313510.00
20120618;10.85;10.90;10.61;10.90;875889;9428952.00
20120619;10.74;10.90;10.74;10.81;479812;5193390.00
20120620;10.74;10.80;10.55;10.63;583825;6211417.50
20120621;10.54;10.60;10.16;10.49;832600;8610267.00
20120625;10.47;10.49;10.21;10.42;265428;2748362.00
20120626;10.40;10.45;10.20;10.36;261962;2705894.50
20120627;10.30;10.56;10.30;10.43;303333;3177587.75
20120628;10.43;10.60;10.38;10.40;215120;2257856.50
20120629;10.32;10.58;10.28;10.56;385007;4032899.75
20120702;10.68;11.20;10.60;10.97;1272978;13923696.00
20120703;11.65;12.07;11.65;12.07;3814925;45982524.00
20120704;12.45;12.49;11.83;11.91;5831153;70498744.00
20120705;11.60;12.25;11.51;12.04;3502454;41939584.00
20120706;11.91;12.15;11.40;12.04;2582511;30565936.00
20120709;12.00;12.80;11.90;12.33;4549898;56318800.00
20120710;12.07;12.24;11.71;12.19;2544051;30559160.00
20120711;12.00;12.68;11.81;12.65;3749626;46442980.00
20120712;12.65;12.68;12.18;12.25;3013172;37323252.00
20120713;12.18;12.95;12.16;12.88;3659120;46300760.00
20120716;12.75;13.26;12.40;12.43;3738150;48225380.00
20120717;12.22;12.85;11.81;12.50;2240682;27749788.00
20120718;12.40;12.55;11.84;12.55;2634654;32059604.00
20120719;12.40;12.54;12.16;12.28;994462;12317978.00
20120720;12.21;12.47;12.12;12.17;735479;9012682.00
20120723;12.00;12.60;12.00;12.58;1327920;16457779.00
20120724;12.48;12.93;12.35;12.58;842028;10605268.00
20120725;12.47;12.93;12.42;12.60;1632180;20835134.00
20120726;12.52;12.80;12.31;12.46;764649;9603096.00
20120727;12.47;12.60;11.82;12.25;1767793;21341332.00
20120730;11.98;12.19;11.97;12.02;449926;5435405.50
20120731;12.05;12.22;11.88;12.10;395951;4779901.50
20120801;12.10;12.66;12.10;12.38;573374;7122731.00
20120802;12.36;13.49;12.36;13.45;3918975;51166228.00
20120803;13.17;13.76;12.95;13.54;2828714;37623456.00
20120806;13.55;13.95;13.35;13.71;2670495;36535492.00
20120807;13.80;13.80;13.41;13.74;2405840;32606956.00
20120808;13.51;13.68;13.21;13.29;1505605;20249690.00
20120809;13.20;13.75;13.15;13.63;1745734;23469890.00
20120810;13.60;13.73;13.35;13.54;1146486;15518477.00
20120813;13.48;14.52;13.40;13.85;2559742;35987884.00
20120814;13.86;14.50;13.71;14.35;2291748;32334526.00
20120815;14.28;15.00;14.01;14.10;2987448;43740048.00
20120816;14.05;14.40;13.52;13.62;1713003;23707100.00
20120817;13.62;13.90;13.34;13.60;909726;12265927.00
20120820;13.49;14.12;13.33;13.95;1049329;14530639.00
20120821;14.10;14.58;13.90;14.28;1919863;27339578.00
20120822;14.28;14.85;14.15;14.45;1930453;27889038.00
20120823;14.35;14.76;13.99;14.17;1342568;19118320.00
20120824;14.01;14.32;13.61;13.80;1142629;15774010.00
20120827;13.80;14.18;13.53;13.69;1283344;17702520.00
20120828;13.69;13.78;13.21;13.54;1866622;25145818.00
20120829;13.39;13.93;13.37;13.56;806735;11050094.00
20120830;13.48;13.69;12.35;12.35;2609569;33153064.00
20120831;12.11;12.90;12.06;12.75;1018317;12779340.00
20120903;12.48;12.95;12.48;12.86;839703;10721273.00
20120904;12.87;13.41;12.84;12.84;1848188;24292356.00
20120905;12.85;13.10;12.41;12.68;1262440;15934939.00
20120906;12.76;12.91;12.66;12.82;1121530;14328058.00
20120907;12.82;13.40;12.82;13.25;1381328;18180552.00
20120910;13.15;13.68;12.98;13.61;1257336;16700904.00
20120911;13.60;14.38;13.38;14.13;2909079;40835596.00
20120912;14.13;14.30;13.92;14.15;936836;13263561.00
20120913;14.15;14.30;13.85;13.86;712828;10074130.00
20120914;13.86;14.00;13.60;13.84;584779;8066762.00
20120917;13.60;13.82;12.90;13.20;1620679;21326430.00
20120918;13.00;13.57;12.92;13.54;617841;8235297.00
20120919;13.52;13.59;13.06;13.55;376718;5069085.50
20120920;13.49;13.61;13.18;13.40;634682;8513916.00
20120921;13.36;13.50;13.23;13.40;335502;4483443.00
20120924;13.40;13.61;12.66;13.40;950591;12450321.00
20120925;13.17;13.34;12.88;12.95;610005;8028668.50
20120926;12.95;13.00;12.18;12.38;849220;10791458.00
20120927;12.50;13.03;12.31;12.97;567523;7257709.00
20120928;12.90;13.13;12.68;13.11;632215;8185880.50
20121008;12.92;13.08;12.58;12.98;528386;6778346.00
20121009;12.98;13.18;12.81;13.01;1485935;19407458.00
20121010;12.92;14.03;12.92;13.65;2894160;39515760.00
20121011;13.60;14.06;13.47;13.58;1505849;20694774.00
20121012;13.50;13.74;13.18;13.41;1264632;17032366.00
20121015;13.41;13.41;12.99;13.31;756426;10010657.00
20121016;13.23;14.15;13.23;13.98;1809437;25149872.00
20121017;14.02;14.15;13.68;13.96;1111089;15390174.00
20121018;13.90;14.08;13.78;13.95;840047;11714090.00
20121019;13.80;14.08;13.70;13.97;692874;9615957.00
20121022;13.88;14.33;13.80;14.33;1287238;18260404.00
20121023;14.35;14.35;13.80;13.89;1657000;23235618.00
20121024;13.69;14.04;13.69;13.71;705759;9757686.00
20121025;13.74;13.86;13.08;13.20;973308;13062768.00
20121026;12.99;13.40;12.99;13.04;1301235;17165700.00
20121029;13.00;13.30;13.00;13.30;801619;10533459.00
20121030;13.35;13.65;13.19;13.58;532911;7167406.50
20121031;13.56;13.70;13.50;13.70;470188;6402760.00
20121101;13.77;13.82;13.47;13.71;782385;10638149.00
20121102;13.61;13.76;13.38;13.56;773927;10496140.00
20121105;13.40;13.58;13.09;13.40;638000;8469115.00
20121106;13.29;13.43;13.06;13.40;499481;6570880.50
20121107;13.37;13.42;13.10;13.33;398166;5293454.50
20121108;13.29;13.29;12.85;12.85;618049;8024565.00
20121109;12.73;12.87;12.51;12.87;452344;5757304.00
20121112;12.92;13.09;12.60;12.97;662625;8546563.00
20121113;12.96;12.99;12.58;12.99;387150;4956228.50
20121114;12.90;12.99;12.66;12.71;519491;6661452.50
20121115;12.61;13.04;12.61;12.80;596206;7627170.50
20121116;12.70;12.90;12.55;12.90;431661;5480413.50
20121119;12.68;12.88;12.68;12.78;493397;6286760.00
20121120;12.88;12.90;12.59;12.80;971018;12348358.00
20121121;12.80;12.87;12.60;12.86;466968;5956133.00
20121122;12.88;12.88;12.46;12.60;1394804;17656044.00
20121123;12.47;12.75;12.45;12.65;442954;5608929.50
20121126;12.78;12.78;12.50;12.73;377651;4759367.50
20121127;12.73;12.73;12.26;12.26;679720;8406423.00
20121128;12.19;12.29;11.70;11.74;1454175;17350440.00
20121129;11.68;11.80;11.58;11.60;630515;7333704.00
20121130;11.64;11.68;11.38;11.65;239134;2766272.75
20121203;11.50;11.70;11.47;11.50;222731;2575358.50
20121204;11.45;11.69;11.20;11.58;344820;3924576.50
20121205;11.58;12.30;11.51;12.22;824087;9921374.00
20121206;12.01;12.45;12.00;12.35;309582;3808820.75
20121207;12.16;12.87;12.16;12.84;476817;6015661.00
20121210;12.70;12.90;12.64;12.79;217560;2771803.00
20121211;12.72;12.85;12.68;12.68;178896;2289437.00
20121212;12.60;12.78;12.40;12.68;273449;3443893.25
20121213;12.51;12.68;12.37;12.41;144151;1805080.00
20121214;12.63;12.95;12.41;12.78;730173;9238630.00
20121217;12.76;12.88;12.25;12.59;2758761;34313612.00
20121218;12.58;12.60;12.40;12.50;608703;7594155.50
20121219;12.41;12.85;12.20;12.80;1122203;14202676.00
20121220;12.80;12.87;12.64;12.81;355006;4530600.50
20121221;12.68;13.68;12.68;13.67;1580081;21144728.00
20121224;13.52;14.16;13.50;13.99;1869856;26069030.00
20121225;13.82;14.20;13.82;14.00;898389;12606169.00
20121226;13.91;14.53;13.86;14.53;1080854;15371998.00
20121227;14.46;14.58;14.07;14.45;924416;13220847.00
20121228;14.30;14.65;14.20;14.65;1240264;18052020.00
20121231;14.65;14.91;14.35;14.90;1695192;24973110.00
20130104;14.99;14.99;14.05;14.20;877170;12570511.00
20130107;14.20;14.80;14.18;14.45;1295444;18650380.00
20130108;14.30;14.57;14.30;14.40;729775;10540523.00
20130109;14.50;14.50;14.03;14.04;882795;12594278.00
20130110;13.96;14.20;13.90;14.17;1106826;15535769.00
20130111;14.10;14.27;13.84;13.89;815480;11506716.00
20130114;13.89;14.55;13.69;14.50;1206671;17421970.00
20130115;14.50;14.66;14.33;14.62;754970;10945905.00
20130116;14.61;14.68;14.28;14.62;1216531;17564060.00
20130117;14.60;14.99;14.09;14.19;1886686;27290764.00
20130118;14.20;15.30;14.19;15.28;2275203;33254778.00
20130121;15.25;15.98;15.20;15.80;2786850;43622584.00
20130122;15.85;15.96;15.31;15.53;1044141;16279909.00
20130123;15.45;15.78;15.06;15.51;738274;11411738.00
20130124;15.39;15.68;14.53;15.50;1203106;18248222.00
20130125;15.10;15.98;15.01;15.88;1671124;26061574.00
20130128;15.80;16.33;15.55;16.16;2567432;41010848.00
20130129;16.10;16.53;15.80;16.35;2509588;40912564.00
20130130;16.13;16.38;15.98;16.01;910555;14713148.00
20130131;15.91;16.00;15.33;15.69;1412609;22034950.00
20130201;15.66;15.86;15.11;15.50;1289530;19801966.00
20130204;15.47;15.48;14.75;14.92;1322276;19912458.00
20130205;14.74;15.19;14.61;15.00;904723;13562504.00
20130206;15.00;15.33;14.73;15.10;1394180;20983912.00
20130207;15.01;15.87;15.01;15.71;1515814;23517560.00
20130208;15.70;15.99;15.59;15.80;1285506;20298618.00
20130218;15.80;15.94;15.52;15.60;758593;11928640.00
20130219;15.61;15.94;15.45;15.69;918370;14360608.00
20130220;15.63;16.56;15.52;16.55;2492266;40404832.00
20130221;16.40;16.77;15.96;16.53;1726582;28409644.00
20130222;16.30;16.59;16.03;16.05;730710;11905028.00
20130225;16.05;16.80;16.05;16.55;745087;12308689.00
20130226;17.80;18.21;17.05;18.20;7861537;140754464.00
20130227;17.60;17.85;16.87;17.04;4149354;71712672.00
20130228;16.97;17.18;16.57;17.16;2873545;48485012.00
20130301;17.17;17.53;17.07;17.46;2334731;40433036.00
20130304;17.29;17.35;16.60;16.75;1984189;33679336.00
20130305;17.08;18.30;16.90;17.77;3862339;68281632.00
20130306;17.79;19.50;17.68;19.05;3845280;71802760.00
20130307;19.10;19.89;18.30;18.60;4722381;89662608.00
20130308;18.22;18.77;18.08;18.32;2051645;37602040.00
20130311;18.35;18.98;18.35;18.65;2543485;47594472.00
20130312;18.62;18.74;17.12;17.38;4009454;70941040.00
20130313;17.27;17.65;17.18;17.35;1818978;31616898.00
20130314;17.44;17.61;17.02;17.12;2720116;47079892.00
20130315;17.39;17.96;17.15;17.67;4721534;83290480.00
20130318;17.50;18.15;17.47;17.71;2122628;37796588.00
20130319;17.62;17.75;16.70;16.93;3382974;57926148.00
20130320;16.92;17.37;16.92;17.34;2959948;50892516.00
20130321;17.40;18.12;17.25;18.00;4046081;71969752.00
20130322;18.00;18.20;17.76;18.13;2945318;52988728.00
20130325;18.05;18.40;17.83;18.07;2337758;42135284.00
20130326;18.20;18.43;17.75;18.10;2442290;44047024.00
20130327;18.00;18.61;17.95;18.40;5367404;98651648.00
20130328;18.20;18.41;17.50;17.63;3611193;64682212.00
20130329;17.58;17.99;17.41;17.66;2572243;45501156.00
20130401;17.65;18.06;17.58;17.69;2123678;37616260.00
20130402;17.60;17.60;16.37;16.45;4465483;75376288.00
20130403;16.42;16.66;15.91;16.20;2107356;34180996.00
20130408;16.00;16.83;15.91;16.70;1698161;27946158.00
20130409;16.85;16.85;16.51;16.73;1600472;26692514.00
20130410;16.69;16.80;16.22;16.43;1694694;27905276.00
20130411;16.59;16.59;15.98;16.09;1354389;21824560.00
20130412;16.09;16.32;15.98;16.32;898731;14561560.00
20130415;16.32;16.42;16.06;16.09;924006;14928923.00
20130416;7.95;8.11;7.70;7.99;1697693;13452748.00
20130417;7.99;8.29;7.90;8.26;3279434;26820814.00
20130418;8.20;8.29;8.10;8.19;2708181;22189132.00
20130419;8.20;8.32;8.07;8.26;6939841;56977168.00
20130422;8.20;8.47;8.16;8.41;5806434;48646416.00
20130423;8.33;8.56;7.93;8.02;8019399;65599160.00
20130424;8.00;8.15;7.89;8.13;4951522;39566884.00
20130425;8.10;8.10;7.74;7.85;5094181;40277240.00
20130426;7.81;7.89;7.48;7.51;4182193;31834806.00
20130502;7.50;7.67;7.42;7.63;1694797;12847127.00
20130503;7.61;7.75;7.50;7.71;4500852;34462540.00
20130506;7.75;7.86;7.65;7.80;3631727;28272288.00
20130507;7.77;7.82;7.60;7.73;3728493;28647186.00
20130508;7.71;8.00;7.71;7.95;5161221;40776412.00
20130509;7.95;8.15;7.88;8.12;5119015;41092732.00
20130510;8.10;8.11;7.83;7.95;3739534;29807124.00
20130513;7.97;8.03;7.84;7.98;2085318;16605942.00
20130514;7.94;8.01;7.80;7.85;2175681;17157524.00
20130515;7.85;8.04;7.82;8.03;2731341;21668490.00
20130516;8.03;8.10;7.80;7.86;5052424;40203028.00
20130517;7.86;7.93;7.78;7.88;4572004;35995480.00
20130520;7.91;7.98;7.52;7.68;11065198;84593856.00
20130521;7.63;7.73;7.59;7.69;5812467;44409632.00
20130522;7.71;7.74;7.62;7.64;4764251;36585772.00
20130523;7.62;7.72;7.60;7.65;3823270;29294868.00
20130524;7.68;8.07;7.62;8.05;9159572;72012576.00
20130527;8.04;8.81;8.04;8.77;18113319;152814896.00
20130528;8.78;8.79;8.33;8.45;11451795;97704120.00
20130529;8.40;8.58;8.24;8.46;5750744;48269476.00
20130530;8.40;8.73;8.30;8.52;10163223;87378504.00
20130531;8.53;8.60;8.32;8.39;5922318;49986812.00
20130603;8.38;8.55;8.08;8.12;6099031;50588236.00
20130604;8.08;8.14;7.61;7.80;8456310;65977708.00
20130605;7.75;7.88;7.65;7.87;3306456;25761360.00
20130606;7.81;7.83;7.59;7.69;3272588;25235522.00
20130607;7.70;7.77;7.56;7.58;3181264;24301470.00
20130613;7.57;7.57;7.15;7.31;2980714;21707416.00
20130614;7.36;7.82;7.33;7.75;4667043;35584468.00
20130617;7.76;7.86;7.58;7.64;2765242;21312110.00
20130618;7.64;7.72;7.48;7.59;1614283;12242475.00
20130619;7.51;7.64;7.46;7.56;1449618;10934721.00
20130620;7.53;7.58;7.32;7.34;2118363;15747852.00
20130621;7.20;7.37;7.07;7.24;2027698;14673879.00
20130624;7.12;7.28;6.82;6.96;3170616;22355098.00
20130625;6.86;7.10;6.26;7.02;3879561;25953654.00
20130626;7.00;7.19;6.84;7.19;2968786;20988690.00
20130627;7.18;7.25;6.86;6.91;3213219;22848478.00
20130628;6.90;7.07;6.79;6.85;1662459;11457455.00
20130701;6.81;7.09;6.81;7.06;1730448;12076389.00
20130702;7.06;7.37;7.02;7.30;3836072;27810820.00
20130703;7.29;7.37;7.09;7.30;2984353;21645614.00
20130704;7.23;7.41;7.11;7.26;3355529;24362116.00
20130705;7.26;7.34;7.13;7.16;1778280;12858288.00
20130708;7.05;7.08;6.68;6.71;2680405;18432100.00
20130709;6.70;6.77;6.61;6.69;1418405;9502729.00
20130710;6.69;6.87;6.69;6.85;1682002;11438710.00
20130711;6.84;7.12;6.84;7.08;3122621;21876538.00
20130712;6.90;7.13;6.90;7.02;4414504;30962166.00
20130715;7.01;7.20;6.99;7.18;3591703;25547660.00
20130716;7.19;7.25;7.09;7.18;2689007;19226008.00
20130717;7.16;7.27;7.12;7.16;3314090;23854350.00
20130718;7.11;7.22;7.11;7.16;2041912;14619216.00
20130719;7.16;7.25;6.91;6.91;3862588;27479654.00
20130722;6.88;6.96;6.81;6.94;3013504;20758164.00
20130723;6.98;7.23;6.94;7.23;4133422;29515154.00
20130724;7.24;7.78;7.17;7.66;9883945;75004088.00
20130725;7.53;7.95;7.53;7.67;9633374;75071840.00
20130726;7.66;7.89;7.54;7.70;4596300;35448804.00
20130729;7.70;7.90;7.58;7.85;5501363;42814352.00
20130730;7.90;8.40;7.89;8.33;13844706;113471208.00
20130731;8.20;9.16;8.15;8.70;19177104;166707504.00
20130801;8.50;8.79;8.41;8.79;13800357;118664176.00
20130802;8.78;8.97;8.61;8.66;11247337;98429376.00
20130805;8.61;8.85;8.60;8.69;8252046;71965120.00
20130806;8.71;8.76;8.33;8.55;9691945;82779496.00
20130807;8.55;8.58;8.08;8.10;8717366;72428320.00
20130808;8.05;8.55;8.01;8.36;8913693;74724272.00
20130809;8.35;8.47;8.11;8.20;6210391;51125832.00
20130812;8.20;8.48;8.19;8.28;5990298;49897320.00
20130813;8.29;8.43;8.19;8.35;6178745;51301420.00
20130814;8.36;8.43;8.30;8.43;6609558;55358012.00
20130815;8.49;8.51;8.03;8.06;11979748;97970848.00
20130816;7.96;8.15;7.80;7.80;5976803;47521012.00
20130819;7.75;8.01;7.71;8.00;3070145;24330602.00
20130820;8.00;8.12;7.95;8.08;3291236;26497622.00
20130821;8.10;8.12;7.97;8.02;2990048;23971030.00
20130822;8.00;8.09;7.97;8.06;2673154;21508982.00
20130823;8.03;8.13;7.82;7.97;4143180;33198718.00
20130826;7.97;8.10;7.97;8.10;3819701;30757670.00
20130827;8.13;8.58;8.10;8.54;13922518;117447616.00
20130828;8.50;8.50;8.16;8.17;17959101;149370176.00
20130829;8.10;8.25;7.87;7.94;6939768;55692664.00
20130830;7.88;7.94;7.61;7.67;6255293;48837700.00
20130902;7.61;7.97;7.51;7.82;3507015;27179350.00
20130903;7.81;7.94;7.75;7.82;3248816;25465130.00
20130904;7.88;7.88;7.73;7.75;3005344;23369890.00
20130905;7.75;7.86;7.69;7.83;4189453;32584810.00
20130906;7.84;8.01;7.83;8.00;4858599;38517112.00
20130909;8.00;8.08;7.86;7.93;3717013;29554136.00
20130910;7.91;7.96;7.78;7.85;3327901;26124656.00
20130911;7.85;7.85;7.63;7.69;3829260;29465044.00
20130912;7.70;7.83;7.65;7.72;2425610;18768648.00
20130913;7.70;7.79;7.52;7.71;4475053;34284000.00
20130916;7.71;7.79;7.64;7.75;2701942;20876482.00
20130917;7.75;7.94;7.75;7.83;4858745;38203824.00
20130918;7.84;7.89;7.71;7.79;2116550;16488559.00
20130923;7.85;8.23;7.85;8.20;9098109;73838392.00
20130924;8.18;8.25;8.02;8.22;6096240;49786260.00
20130925;8.20;8.20;8.03;8.04;3889923;31498858.00
20130926;8.05;8.22;8.04;8.09;4570439;37123344.00
20130927;8.10;8.22;8.09;8.14;4404347;35992836.00
20130930;8.15;8.21;8.00;8.09;4186679;33734576.00
20131008;8.03;8.10;7.94;8.08;3629712;29133462.00
20131009;8.08;8.39;8.04;8.38;8083621;66788492.00
20131010;8.35;8.37;8.14;8.18;6726462;55317280.00
20131011;8.22;8.25;8.03;8.13;5018345;40775924.00
20131014;8.09;8.21;8.08;8.16;4416578;36013696.00
20131015;8.23;8.48;8.23;8.34;7371907;61524564.00
20131016;8.31;8.33;8.00;8.04;5621524;45445612.00
20131017;8.07;8.20;8.05;8.06;3414555;27706076.00
20131018;8.05;8.15;8.01;8.12;2531223;20502090.00
20131021;8.11;8.35;8.10;8.33;6867974;56669384.00
20131022;8.35;8.37;8.17;8.21;5753902;47391336.00
20131023;8.21;8.22;7.90;7.90;5585481;44805252.00
20131024;7.91;7.99;7.87;7.91;2096073;16612022.00
20131025;7.95;7.98;7.62;7.72;3674437;28500074.00
20131028;7.51;7.70;7.20;7.37;5770006;42466300.00
20131029;7.36;7.36;6.81;7.03;4447281;31446176.00
20131030;7.02;7.17;6.95;7.14;1916958;13615612.00
20131031;7.15;7.24;7.12;7.14;1848234;13265491.00
20131101;7.12;7.18;7.01;7.12;1449038;10270075.00
20131104;7.18;7.19;7.10;7.14;1448058;10323064.00
20131105;7.12;7.20;7.05;7.19;1423505;10136396.00
20131106;7.18;7.25;7.12;7.13;1565933;11251645.00
20131107;7.12;7.14;7.02;7.03;1335348;9448274.00
20131108;6.98;7.07;6.80;6.88;1528100;10569900.00
20131111;6.83;7.08;6.83;7.05;1298722;9090249.00
20131112;7.01;7.14;7.01;7.14;1564222;11089838.00
20131113;7.13;7.14;6.98;7.04;1806532;12738803.00
20131114;7.07;7.20;7.00;7.17;2582564;18430396.00
20131115;7.17;7.30;7.15;7.24;3587331;25995558.00
20131118;7.30;7.35;7.21;7.30;3881755;28237496.00
20131119;7.33;7.48;7.28;7.40;3883720;28695050.00
20131120;7.40;7.53;7.33;7.40;2929947;21695000.00
20131121;7.37;7.38;7.23;7.28;3045178;22186620.00
20131122;7.25;7.32;7.17;7.18;2392700;17316014.00
20131125;7.24;7.90;7.19;7.90;8802136;67861232.00
20131126;8.07;8.08;7.75;7.84;12752382;100658704.00
20131127;7.77;7.96;7.76;7.89;5901879;46315624.00
20131128;7.84;8.03;7.79;7.89;5040001;39913920.00
20131129;7.81;7.95;7.81;7.94;3719080;29340344.00
20131202;7.50;7.90;7.25;7.31;5518861;41743472.00
20131203;7.20;7.54;7.15;7.41;3441276;25376454.00
20131204;7.41;7.79;7.39;7.61;4479030;34246052.00
20131205;7.68;7.99;7.56;7.85;5042105;39256584.00
20131206;7.81;7.89;7.77;7.80;2644115;20709734.00
20131209;7.92;7.99;7.80;7.95;3161442;25076498.00
20131210;7.85;7.96;7.84;7.88;1613485;12728593.00
20131211;7.88;7.95;7.74;7.81;1949634;15288615.00
20131212;7.80;7.85;7.75;7.78;1832107;14287852.00
20131213;7.76;7.99;7.74;7.88;2088347;16466333.00
20131216;7.86;7.92;7.65;7.66;1994400;15481246.00
20131217;7.75;7.75;7.57;7.59;1401573;10707525.00
20131218;7.58;7.74;7.54;7.69;1714826;13166342.00
20131219;7.70;7.77;7.62;7.62;1340546;10291580.00
20131220;7.59;7.68;7.38;7.40;1581876;11872516.00
20131223;7.50;8.14;7.35;7.84;8958826;70417320.00
20131224;7.85;7.86;7.56;7.62;9664594;74594208.00
20131225;7.67;7.67;7.40;7.58;5170827;39019248.00
20131226;7.61;7.88;7.50;7.81;7574875;58664120.00
20131227;7.79;8.07;7.72;7.93;7112277;56578808.00
20131230;8.02;8.22;7.96;8.08;7698299;62460700.00
20131231;8.07;8.59;8.00;8.23;13774627;115187936.00
20140102;8.28;8.76;8.23;8.74;13366792;114954696.00
20140103;8.70;8.89;8.53;8.78;14349919;125335736.00
20140106;8.79;8.80;8.26;8.53;9542612;81116576.00
20140107;8.38;8.72;8.21;8.63;6306289;53727772.00
20140108;8.59;9.08;8.59;9.00;11085761;99193296.00
20140109;9.00;9.00;8.29;8.40;8648039;75638008.00
20140110;8.40;8.60;8.10;8.19;6890192;57365372.00
20140113;8.25;8.77;8.15;8.65;11505736;98909632.00
20140114;8.58;8.97;8.55;8.90;7985114;70049896.00
20140115;8.82;9.00;8.71;8.84;6164286;54566136.00
20140116;8.84;9.40;8.71;9.20;13525549;123115472.00
20140117;9.09;9.43;9.02;9.13;8395677;77327504.00
20140120;9.11;9.17;8.50;8.66;8674572;76205360.00
20140121;8.66;8.90;8.56;8.90;7358427;64101404.00
20140122;8.83;9.05;8.73;9.02;8547639;76051224.00
20140123;9.08;9.13;8.88;9.05;7625312;68588016.00
20140124;9.00;9.35;8.93;9.19;9692369;89008096.00
20140127;9.09;10.11;9.09;9.90;20238507;198728080.00
20140128;9.89;10.19;9.71;9.91;10971222;109195240.00
20140129;9.90;10.77;9.79;10.57;9068528;93487632.00
20140130;10.57;11.14;10.39;10.80;9138323;99519392.00
20140207;10.81;11.10;10.45;10.95;11056415;118787352.00
20140210;10.90;11.07;10.62;10.88;11347851;122718432.00
20140211;10.80;10.90;10.36;10.40;9810020;103437552.00
20140212;10.48;10.60;10.32;10.55;6290209;65916804.00
20140213;10.50;10.50;10.02;10.11;7326317;75260008.00
20140214;10.09;10.57;9.93;10.56;6223341;63745828.00
20140217;10.47;10.95;10.43;10.80;8859843;95404600.00
20140218;10.80;10.80;10.28;10.70;6508907;68934824.00
20140219;10.49;10.87;10.36;10.38;9444701;99248016.00
20140220;10.40;10.58;9.95;10.13;6009293;61330820.00
20140221;10.15;10.37;10.03;10.21;3507430;35668156.00
20140224;10.21;10.52;10.13;10.50;7451715;77209608.00
20140225;10.50;11.55;10.50;10.84;20967145;234159856.00
20140226;10.54;11.38;9.80;11.31;16225607;176987792.00
20140227;11.32;12.18;10.80;11.00;15615025;179448160.00
20140228;11.13;11.35;10.60;10.85;12841210;139787296.00
20140303;10.81;11.90;10.75;11.90;14841303;168387520.00
20140304;11.75;12.10;11.48;11.90;8773559;103724680.00
20140305;12.04;12.04;11.27;11.32;7973817;92026856.00
20140306;11.33;11.80;11.32;11.38;9130363;106014248.00
20140307;11.33;12.41;11.33;12.30;14760425;177527488.00
20140310;12.00;12.98;11.90;12.10;11169977;139045008.00
20140311;12.00;12.39;11.51;11.88;6347224;75473848.00
20140312;11.71;12.09;10.69;10.70;10944325;122100976.00
20140313;10.70;10.80;10.35;10.63;9294844;98124280.00
20140314;10.63;11.23;10.56;11.00;7569890;83158784.00
20140317;10.90;11.42;10.86;11.37;5950486;66665984.00
20140318;11.35;11.88;11.31;11.67;6788673;79126504.00
20140319;11.61;11.94;11.48;11.78;5326749;62210148.00
20140320;11.85;11.85;11.00;11.19;5008715;57667320.00
20140321;11.00;11.26;10.71;11.10;5453964;59719260.00
20140324;11.06;11.40;10.76;11.14;4349942;48340900.00
20140325;11.07;11.65;11.05;11.63;6877034;78301264.00
20140326;11.63;12.05;11.50;11.70;7337675;86717488.00
20140327;11.65;11.80;11.25;11.26;3896123;44669836.00
20140328;11.26;11.36;10.18;10.44;9430584;100564664.00
20140331;10.45;10.51;9.40;9.45;9353708;92112056.00
20140401;9.36;9.80;9.36;9.76;5075478;48882688.00
20140402;9.67;10.17;9.58;9.78;6848453;67561736.00
20140403;9.81;9.85;9.60;9.74;2469656;24043438.00
20140404;9.74;9.83;9.60;9.78;3389505;32894522.00
20140408;9.72;9.92;9.26;9.91;6175753;59542496.00
20140409;9.92;10.18;9.85;10.05;4864453;48799260.00
20140410;10.07;10.56;10.05;10.30;8537665;88568808.00
20140411;10.25;10.42;10.13;10.39;2959887;30422670.00
20140414;10.31;10.45;9.98;10.30;4190056;42623288.00
20140415;10.25;10.27;10.05;10.23;2282862;23164770.00
20140416;10.19;10.19;9.96;10.12;4133477;41553728.00
20140417;10.17;10.19;10.05;10.08;2008220;20308920.00
20140418;10.14;10.48;10.11;10.38;5623638;58114616.00
20140421;10.37;10.44;10.09;10.20;2936906;30273024.00
20140422;10.15;10.21;9.36;9.99;7432452;72090880.00
20140423;9.75;9.94;9.65;9.76;1884088;18371764.00
20140424;9.80;9.81;9.52;9.64;1612010;15605766.00
20140425;9.65;9.69;9.04;9.16;3735694;34887032.00
20140428;9.15;9.15;8.56;8.73;3700827;32354242.00
20140429;8.70;9.10;8.68;9.00;2258485;20139364.00
20140430;9.00;9.35;8.89;9.29;2312049;21303592.00
20140505;9.29;9.41;9.15;9.38;1579823;14704276.00
20140506;9.31;9.57;9.28;9.39;1986723;18769912.00
20140507;9.31;9.32;8.90;9.06;2828948;25641494.00
20140508;8.98;9.11;8.91;8.94;1226515;11070800.00
20140509;8.93;9.00;8.61;8.75;1942027;16993538.00
20140512;8.83;9.02;8.68;8.98;2247466;19901076.00
20140513;9.04;9.09;8.88;9.00;1904456;17093964.00
20140514;9.09;9.26;9.00;9.21;2772577;25312098.00
20140515;9.25;9.33;8.96;9.21;2388322;21777206.00
20140516;9.13;9.20;8.82;9.08;2020560;18128072.00
20140519;9.07;9.16;8.84;9.00;1327254;11901681.00
20140520;9.05;9.24;9.05;9.09;1749100;15995826.00
20140521;9.09;9.21;8.92;9.17;1201044;10953079.00
20140522;9.20;9.34;9.13;9.13;2412104;22331452.00
20140523;9.08;9.32;9.08;9.29;1640189;15161053.00
20140526;9.29;9.65;9.29;9.61;3540755;33713192.00
20140527;9.61;9.61;9.47;9.57;1782454;16976478.00
20140528;9.51;9.63;9.48;9.62;2208340;21120740.00
20140529;9.62;9.97;9.50;9.77;5935764;58224528.00
20140530;9.71;9.84;9.59;9.84;1956976;19027056.00
20140603;9.80;9.98;9.51;9.65;5593862;53739412.00
20140604;9.58;9.62;9.13;9.38;4415464;41074952.00
20140605;9.40;9.47;9.25;9.46;2125705;19883430.00
20140606;9.41;9.59;9.37;9.50;1825001;17293450.00
20140609;9.49;9.49;9.19;9.35;1450153;13525911.00
20140610;9.30;9.54;9.23;9.47;1385528;13058247.00
20140611;9.43;9.91;9.40;9.75;5797446;56672912.00
20140612;9.75;10.08;9.70;10.01;5160158;51245388.00
20140613;10.01;10.31;9.93;10.31;5578604;56626608.00
20140616;10.30;10.77;10.20;10.65;6736949;71546800.00
20140617;10.79;10.79;10.34;10.51;3917118;40957816.00
20140618;10.63;10.63;10.40;10.48;3255770;34196816.00
20140619;10.46;10.78;10.30;10.46;5677728;60015152.00
20140620;10.40;11.27;10.30;11.25;6537986;71776392.00
20140623;11.25;11.63;11.10;11.19;3931219;44624836.00
20140624;11.25;11.60;11.20;11.34;3859897;43935624.00
20140625;11.30;11.35;11.05;11.14;2246665;25060552.00
20140626;11.12;11.81;11.06;11.62;5755564;66519980.00
20140627;11.60;11.90;11.46;11.76;3578001;41759052.00
20140630;12.20;12.94;12.18;12.44;10289230;129276992.00
20140701;12.50;12.75;12.30;12.65;5604976;70359520.00
20140702;12.35;13.07;12.35;13.02;5102689;64764068.00
20140703;12.94;14.13;12.88;13.55;8797615;120385992.00
20140704;13.62;13.79;13.29;13.45;5227938;70629360.00
20140707;13.49;13.80;13.30;13.60;4726484;63807656.00
20140708;13.61;13.73;13.11;13.60;3863852;51821992.00
20140709;13.61;13.61;12.99;12.99;3570067;47331348.00
20140710;12.97;13.29;12.66;13.01;4561738;58969896.00
20140711;13.17;13.50;12.87;13.24;3871502;51409336.00
20140714;13.30;13.90;13.04;13.83;4737098;63912040.00
20140715;13.85;14.33;13.26;13.35;6158302;85182624.00
20140716;13.43;13.51;12.90;13.22;3532510;46668924.00
20140717;13.22;13.26;12.69;13.10;4391572;56780180.00
20140718;13.05;13.10;12.76;13.04;2381034;30799716.00
20140721;12.90;13.17;12.67;13.03;2852803;36829968.00
20140722;13.05;13.54;12.92;13.51;3025432;40349260.00
20140723;13.41;13.77;12.90;12.99;3417252;45437028.00
20140724;12.85;13.04;12.41;12.87;5584069;70478056.00
20140725;12.80;13.48;12.68;13.25;2952504;38958244.00
20140728;13.26;13.90;13.08;13.55;4081885;55466636.00
20140729;13.55;13.62;13.32;13.60;2559003;34478732.00
20140730;13.59;13.92;13.43;13.72;1921609;26256880.00
20140731;13.70;14.00;13.56;14.00;3470237;47920788.00
20140801;13.81;14.45;13.66;13.85;3478091;48754964.00
20140804;13.89;14.15;13.70;13.72;2815719;39163096.00
20140805;13.70;13.78;13.30;13.40;4464451;60046532.00
20140806;13.44;13.88;13.34;13.71;3015354;41093420.00
20140807;13.71;13.79;13.47;13.57;1835749;25002312.00
20140808;13.60;14.52;13.57;14.36;5919855;83973480.00
20140811;14.40;14.50;14.19;14.50;2198281;31638024.00
20140812;14.58;14.88;14.20;14.33;2613258;37930560.00
20140813;14.36;14.40;13.80;13.96;2485136;34959116.00
20140814;13.90;14.25;13.90;14.00;1582173;22308178.00
20140815;14.00;14.32;13.95;14.13;2857525;40158856.00
20140818;14.15;14.43;13.91;14.30;3998809;56394556.00
20140819;14.28;14.32;13.85;13.99;5640918;78700472.00
20140820;14.04;14.08;13.78;14.00;3691856;51293652.00
20140821;13.99;14.28;13.87;14.28;3702643;52106012.00
20140822;14.82;15.50;14.70;14.98;14509141;217790032.00
20140825;14.60;15.77;14.50;15.63;11385624;173320624.00
20140826;15.64;15.73;15.05;15.20;6785540;104166344.00
20140925;16.72;16.72;16.72;16.72;708901;11852825.00
20140926;17.60;18.39;16.80;17.80;18337303;326175392.00
20140929;17.75;18.37;17.32;17.49;7952555;141687856.00
20140930;17.49;17.60;16.91;17.11;5917186;101271904.00
20141008;17.18;18.82;17.01;18.52;8522630;152810304.00
20141009;18.40;18.52;17.70;18.00;6200285;111764528.00
20141010;18.09;18.68;17.83;17.99;5300807;96321560.00
20141013;17.84;17.84;17.04;17.13;7015104;121040080.00
20141014;17.26;17.54;17.06;17.14;4812878;83206352.00
20141015;17.16;17.56;17.04;17.43;5251923;91192856.00
20141016;17.27;17.80;16.80;16.93;5696513;98963000.00
20141017;16.85;16.98;15.97;16.45;7286906;118819392.00
20141020;16.45;16.93;16.35;16.93;3671093;61253812.00
20141021;16.88;17.33;16.70;16.90;2908370;49604764.00
20141022;16.77;16.97;16.17;16.33;4512213;74474360.00
20141023;15.80;16.43;15.56;16.00;4907860;78040648.00
20141024;15.90;16.44;15.81;16.35;2526582;40963524.00
20141027;16.05;16.91;16.05;16.85;2882996;47959612.00
20141028;16.88;17.64;16.88;17.55;6874282;119754488.00
20141029;17.59;17.87;17.49;17.72;4706654;83360376.00
20141030;17.59;18.10;17.40;17.49;4388772;78178248.00
20141031;17.53;17.76;16.88;17.35;3383306;58439048.00
20141103;17.30;17.58;17.11;17.26;2547742;44198536.00
20141104;17.21;17.56;16.96;17.21;2837506;48957780.00
20141105;17.20;17.37;16.96;17.10;1988019;33925744.00
20141106;17.05;18.02;17.04;17.95;5541617;98325904.00
20141107;18.04;18.10;17.32;17.36;3587742;63571280.00
20141110;17.30;17.30;16.40;16.50;4396085;73459896.00
20141111;16.57;16.59;15.48;16.26;5177457;82084936.00
20141112;15.99;16.40;15.71;16.32;3290841;52731552.00
20141113;16.29;16.32;15.60;16.10;2622829;41586860.00
20141114;15.92;16.07;15.76;15.90;1410471;22375420.00
20141117;15.96;16.48;15.77;16.44;2642580;43015980.00
20141118;16.37;16.37;16.10;16.30;690319;11211550.00
20141119;15.93;16.42;15.93;16.13;1027516;16642178.00
20141120;16.01;16.29;15.80;15.92;1756472;27942784.00
20141121;15.91;16.24;15.90;16.10;1390761;22421896.00
20141124;16.18;16.18;15.60;15.77;3848359;60892572.00
20141125;15.76;16.66;15.15;16.66;8246106;128838552.00
20141126;16.30;16.59;16.26;16.48;2794561;45962132.00
20141127;16.44;16.75;16.15;16.60;4211685;69147872.00
20141128;16.46;17.00;16.36;17.00;4670254;78428880.00
20141201;17.03;17.50;16.82;16.82;4572438;78782000.00
20141202;16.80;17.70;16.70;17.67;5210997;90547352.00
20141203;17.66;18.08;17.12;17.80;4607502;80601296.00
20141204;17.67;18.28;17.65;18.28;5831768;104667200.00
20141205;18.25;18.25;17.10;17.20;5022836;87637424.00
20141208;17.25;17.25;15.90;16.20;5706578;93117888.00
20141209;15.80;16.38;14.58;15.60;6812370;106980824.00
20141210;15.26;16.30;15.01;16.30;3203015;51252084.00
20141211;16.15;16.30;15.90;16.29;1702827;27388714.00
20141212;16.08;16.38;15.85;16.20;2174883;35001872.00
20141215;16.20;16.82;15.92;16.80;3777147;61719912.00
20141216;16.80;16.80;16.30;16.36;1886984;31060908.00
20141217;16.36;16.36;15.91;16.04;2032183;32676974.00
20141218;16.04;16.16;15.26;16.10;1425078;22846822.00
20141219;16.10;16.10;15.20;15.65;3534160;55020412.00
20141222;15.21;15.60;14.09;15.40;4989740;73234504.00
20141223;15.02;15.30;14.50;14.90;2430699;36352928.00
20141224;15.00;15.26;14.74;15.20;3401847;51105820.00
20141225;15.20;15.29;14.99;15.20;1527337;23115544.00
20141226;15.26;15.41;15.11;15.15;1444473;22002168.00
20141229;15.16;15.16;14.38;14.85;3038009;44530652.00
20141230;14.80;14.95;14.10;14.55;3032706;44119180.00
20141231;14.30;14.92;14.15;14.85;2204674;32292132.00
20150105;14.85;15.05;13.91;14.05;3994588;56642456.00
20150106;14.10;14.36;13.81;14.14;5109420;71850336.00
20150107;14.16;14.22;14.00;14.05;2785459;39232204.00
20150108;14.00;14.51;13.97;14.50;3185090;45504156.00
20150109;14.31;14.65;14.25;14.25;1753301;25281968.00
20150112;14.07;14.42;13.85;14.29;2659507;37815096.00
20150113;14.08;15.72;14.08;15.72;5419967;82761864.00
20150114;16.20;17.29;16.20;16.70;10436404;175508304.00
20150115;16.45;16.75;15.98;16.16;4057771;66053116.00
20150116;16.38;16.82;16.04;16.71;4391941;72373760.00
20150119;16.48;17.96;16.11;16.95;8246463;141907056.00
20150120;17.03;17.92;17.03;17.70;5347648;94235832.00
20150121;17.70;18.16;17.39;17.55;5977342;105998120.00
20150122;17.69;17.69;16.84;17.19;5790259;99183496.00
20150123;17.23;17.30;16.85;16.90;2663830;45232388.00
20150126;17.27;17.27;16.69;17.04;3072796;52216544.00
20150127;17.08;17.25;16.91;17.13;2294262;39181284.00
20150128;17.15;17.40;16.77;16.79;2456083;42094776.00
20150129;16.80;16.92;16.33;16.40;2243190;37151244.00
20150130;16.48;16.56;15.99;15.99;1491200;24218344.00
20150202;15.95;16.34;15.62;16.08;3947204;62766828.00
20150203;16.06;17.00;15.99;17.00;3169857;52728452.00
20150204;16.89;17.16;16.75;16.85;1575026;26659868.00
20150205;16.93;17.50;16.66;17.06;2415317;41489452.00
20150206;17.12;17.30;16.60;16.85;2564947;43317524.00
20150209;16.77;16.93;16.25;16.30;1166374;19197396.00
20150210;16.30;16.46;16.00;16.20;2721706;44293388.00
20150211;16.20;17.22;16.08;17.10;2715864;45147704.00
20150212;17.23;17.47;17.00;17.41;2743884;47304520.00
20150213;17.40;18.16;17.40;17.98;4224958;75730272.00
20150216;17.96;18.93;17.82;18.69;3995984;73707184.00
20150217;18.68;20.30;18.60;19.85;6254258;123509608.00
20150225;20.07;21.18;18.88;19.00;6955713;138184560.00
20150226;19.18;19.97;18.36;19.96;4253741;81590160.00
20150227;19.85;20.28;19.51;19.80;3188529;63565412.00
20150302;19.66;21.78;19.00;21.78;7851315;166008272.00
20150303;22.00;23.68;21.80;22.75;8602758;195580496.00
20150304;22.40;25.03;22.31;25.03;15008225;369334720.00
20150305;25.11;26.50;24.33;25.30;12449519;315902144.00
20150306;25.31;25.85;23.98;24.00;8432975;211444016.00
20150309;23.84;26.40;23.68;25.60;7485427;189220816.00
20150310;25.36;27.98;25.00;27.20;6575273;173575568.00
20150311;27.00;27.00;25.26;25.80;4938468;128527408.00
20150312;25.70;25.95;23.84;24.93;5101791;125336728.00
20150313;24.85;25.00;23.60;24.80;7613355;185579088.00
20150316;25.00;27.28;24.92;27.28;12626580;339821792.00
20150317;27.46;27.46;26.05;26.77;8027011;213262032.00
20150318;26.69;27.50;26.21;26.78;6321356;170242928.00
20150319;26.91;26.99;25.68;25.90;5412091;141354048.00
20150320;25.89;26.13;25.05;25.93;5557312;142373936.00
20150323;25.87;25.87;25.00;25.65;9691912;246342944.00
20150324;25.62;25.63;23.86;24.98;10566064;263095744.00
20150325;24.90;25.92;24.30;25.59;9676457;243996048.00
20150326;25.25;25.25;23.20;23.66;8935581;217675472.00
20150327;23.86;24.79;23.80;24.24;5171831;126173672.00
20150330;24.45;24.95;24.00;24.67;4378206;107127184.00
20150331;24.75;26.03;24.11;25.20;10826015;272652384.00
20150401;25.61;27.49;25.51;26.93;11889671;316482240.00
20150402;27.00;28.34;26.70;27.45;7914211;219348688.00
20150403;27.31;28.50;26.69;28.46;7642883;211471408.00
20150407;28.14;31.31;27.66;29.55;10928113;322402976.00
20150408;29.53;30.00;27.40;28.24;7738847;221528960.00
20150409;28.28;29.00;26.00;27.33;7781867;214734320.00
20150410;27.20;30.06;27.20;30.06;6837715;199273744.00
20150413;31.60;33.07;31.55;33.07;11744596;384996768.00
20150414;34.00;35.48;32.09;34.99;13729754;466617056.00
20150415;33.98;37.98;32.00;34.29;11646571;397619584.00
20150416;33.90;37.72;33.20;35.66;11485756;419839200.00
20150417;35.60;35.60;32.09;32.11;17499396;582005184.00
20150420;31.38;31.70;28.90;30.05;13763900;416892928.00
20150421;29.81;31.48;29.50;31.36;12554359;384616576.00
20150422;30.98;32.75;30.80;31.50;11700389;368908608.00
20150423;31.29;33.60;30.37;32.66;14917462;479648192.00
20150424;32.05;35.60;31.95;34.89;16348280;551160640.00
20150427;35.28;36.62;33.12;33.50;11237843;386761920.00
20150428;33.88;34.00;31.18;31.82;7320819;237472144.00
20150429;31.82;32.87;31.32;32.08;6829372;221333152.00
20150430;32.30;35.06;32.09;34.14;11806535;396634816.00
20150504;34.13;34.18;32.50;33.80;6520067;218437248.00
20150505;33.78;33.80;30.80;31.95;7075421;227230608.00
20150506;31.95;34.98;31.23;33.55;10058094;336846528.00
20150507;33.93;36.91;33.24;36.25;12042943;427955264.00
20150508;36.99;39.88;35.30;39.88;15543760;589850816.00
20150511;39.40;43.55;37.98;42.10;21807895;899375488.00
20150512;41.31;46.01;41.10;45.22;11257111;497642880.00
20150513;43.00;48.63;42.90;47.79;7427753;348503008.00
20150514;47.88;48.77;43.01;43.01;15506007;695158016.00
20150515;42.99;46.08;41.05;44.50;13404831;589719296.00
20150518;44.39;48.95;44.39;48.95;6573156;315106528.00
20150519;51.00;53.85;48.00;52.20;12075607;627445440.00
20150520;52.80;57.42;52.80;57.42;6389325;361604288.00
20150521;57.42;63.10;55.69;59.55;12845692;761522752.00
20150522;58.58;61.00;54.54;56.00;11982693;674426240.00
20150525;53.76;54.49;51.35;53.70;9524267;503762464.00
20150526;52.61;59.00;52.61;58.79;11078526;612351616.00
20150527;59.00;59.55;55.45;56.90;7487539;426985376.00
20150528;58.01;61.00;54.47;55.27;11140585;643691328.00
20150529;54.20;59.25;49.74;57.58;10573852;597115008.00
20150601;59.00;63.00;57.65;61.21;6753570;412812032.00
20150602;60.89;66.58;60.50;65.49;5811091;370871360.00
20150603;64.34;65.96;59.00;62.32;6351730;393414016.00
20150604;60.00;62.50;56.50;60.51;5197023;311405344.00
20150605;60.70;64.44;59.71;60.60;7179834;443623552.00
20150608;57.18;60.01;54.54;54.54;7541999;424323872.00
20150609;54.55;56.18;50.00;52.60;8304261;433570880.00
20150610;52.93;56.24;52.10;54.98;5752368;314387072.00
20150611;55.00;57.60;54.44;56.98;4984809;281699488.00
20150612;56.90;57.55;55.65;57.00;6860549;385943840.00
20150615;56.10;56.55;51.70;53.02;6827114;363702688.00
20150616;51.90;52.60;48.30;49.01;6861409;346007808.00
20150617;48.10;51.36;44.11;50.50;9959459;463764992.00
20150618;48.90;49.84;45.45;45.45;6456308;305103200.00
20150619;43.60;49.61;42.31;46.68;6848207;321320864.00
20150623;48.01;51.00;47.50;49.43;5249555;258704144.00
20150624;49.81;52.75;48.81;51.78;6342230;324391360.00
20150625;51.60;53.00;46.60;48.34;3972006;198251264.00
20150626;46.60;46.60;43.51;43.51;6519777;289613696.00
20150629;44.90;44.91;39.16;39.16;5754528;228230960.00
20150630;35.24;43.00;35.24;42.71;6919012;267390880.00
20150701;41.85;44.44;38.44;38.44;4835517;201400288.00
20150702;36.60;39.99;34.60;34.60;7462713;262858688.00
20150703;32.78;35.35;31.14;31.14;4902299;157522432.00
20150706;34.24;34.24;28.03;28.03;6838697;206091728.00
20150720;30.83;30.83;30.83;30.83;77140;2378226.25
20150721;33.91;33.91;33.91;33.91;217454;7373865.00
20150722;37.30;37.30;37.30;37.30;894020;33346946.00
20150723;40.99;40.99;38.30;39.88;16485740;653754816.00
20150724;39.20;43.87;39.20;43.03;15288944;634504256.00
20150727;41.00;43.51;38.73;38.73;11169275;464053632.00
20150728;35.90;38.20;34.86;34.86;9806898;346859712.00
20150729;35.50;36.21;31.37;35.19;19337930;628855232.00
20150730;33.80;34.80;31.67;31.67;12474345;418463712.00
20150731;29.59;30.99;28.50;28.55;11886556;348408448.00
20150803;27.50;27.50;25.70;25.70;7983317;208862176.00
20150804;25.60;28.27;23.50;28.27;20620346;537526528.00
20150805;28.27;30.85;27.96;29.81;19349929;567588480.00
20150806;28.40;30.68;28.08;29.14;11195599;331508544.00
20150807;29.55;31.94;28.81;31.85;15006753;454238592.00
20150810;31.95;34.45;31.95;34.20;13048683;437680608.00
20150811;33.82;34.50;32.80;33.03;11995612;402236192.00
20150812;33.25;34.10;31.40;31.40;6721381;221353648.00
20150813;31.02;32.65;30.26;32.50;8610035;272012800.00
20150814;32.62;33.38;31.12;31.44;7940648;255087056.00
20150817;30.90;31.00;28.89;29.89;9741513;289660192.00
20150818;30.20;31.40;26.90;27.00;10874325;322472384.00
20150819;25.66;28.90;25.05;28.57;8816436;236472112.00
20150820;28.00;28.76;26.80;27.13;6202297;172607024.00
20150821;26.25;27.12;24.60;24.65;6109804;157803936.00
20150824;23.00;23.56;22.19;22.19;5893394;131865112.00
20150825;20.00;21.21;19.97;19.97;9109867;185528960.00
20150826;20.01;21.65;18.40;19.75;11278442;227564080.00
20150827;20.38;21.00;19.81;20.98;6963985;143157296.00
20150828;21.49;23.00;21.45;22.99;7560443;165956192.00
20150831;22.49;22.74;21.13;21.17;7724682;170554768.00
20150901;20.90;20.90;19.05;19.05;5971049;116953640.00
20150902;17.85;19.90;17.55;17.83;5365712;99457040.00
20150907;18.51;19.61;18.48;19.27;7357898;141176384.00
20150908;19.18;21.20;18.75;21.20;7583055;153546096.00
20150909;22.40;23.32;22.00;23.32;7861894;181850768.00
20150910;23.32;24.16;23.00;23.35;10369480;244342800.00
20150911;23.06;23.98;22.50;23.44;9461647;220410608.00
20150914;23.39;23.40;21.10;21.10;8190982;179370608.00
20150915;20.21;20.80;18.99;19.27;8795959;174200144.00
20150916;19.57;21.20;19.20;21.20;11284361;226756080.00
20150917;21.32;23.32;21.25;22.52;15965536;364564000.00
20150918;23.09;24.00;22.76;23.48;12436751;289898400.00
20150921;23.00;25.83;22.81;25.83;8528199;212539424.00
20150922;28.41;28.41;28.01;28.41;8277518;235126576.00
20150923;28.34;30.00;27.71;28.30;29409534;843291328.00
20150924;28.20;28.86;26.85;27.51;19164793;532597728.00
20150925;27.42;28.30;24.76;25.85;21143055;557894976.00
20150928;26.50;28.44;25.50;28.44;23992426;661531584.00
20150929;27.70;28.40;26.51;27.35;18422585;506706624.00
20150930;27.00;28.25;25.80;26.75;11145554;300562688.00
20151008;28.00;29.35;27.55;28.21;17995433;512087136.00
20151009;27.77;28.10;26.82;27.67;16005148;439434976.00
20151012;27.85;30.39;27.71;29.38;18910656;550456640.00
20151013;28.94;31.60;28.53;31.19;17503101;532948768.00
20151014;30.51;31.16;29.46;30.18;13525778;409732128.00
20151015;29.80;31.60;29.56;31.22;12216075;374027680.00
20151016;31.25;32.47;29.91;30.61;14957355;459613344.00
20151019;30.24;30.41;29.10;29.74;14430614;427807616.00
20151020;29.90;30.90;29.50;30.43;12870050;389607520.00
20151021;30.41;33.00;28.82;29.40;22197124;694521472.00
20151022;30.01;32.34;29.51;32.34;22759932;718105280.00
20151023;34.50;35.57;33.66;34.12;25240498;878507456.00
20151026;34.14;34.37;31.85;33.00;17905944;584636096.00
20151027;32.40;34.54;31.20;33.85;14182133;470169056.00
20151028;33.28;33.87;31.70;32.00;11176597;364009216.00
20151029;31.99;32.40;31.13;31.71;7903552;252262112.00
20151030;32.34;32.48;30.33;30.90;9854884;307653952.00
20151102;29.36;30.33;27.94;28.16;16277772;474288960.00
20151103;28.28;29.86;27.66;29.18;12651564;363077856.00
20151104;29.26;31.35;29.26;31.30;11503939;352765824.00
20151105;31.42;31.99;30.40;30.85;10046655;312152960.00
20151106;31.20;33.58;30.86;32.78;14501875;473623328.00
20151109;32.50;36.06;32.50;36.06;19695193;681379072.00
20151110;36.09;37.90;34.80;36.47;18962445;687396544.00
20151111;35.75;40.12;35.60;40.12;17259028;667604736.00
20151112;40.42;44.13;39.76;42.90;17759966;747058432.00
20151113;41.90;42.59;39.60;39.99;10694660;435846304.00
20151218;42.00;42.00;37.90;39.34;27354026;1095444736.00
20151221;40.32;43.20;39.45;39.65;19113021;781090880.00
20151222;39.02;41.78;38.53;41.39;13977402;563392256.00
20151223;40.74;41.15;37.25;37.80;13434139;527679840.00
20151224;37.22;38.43;36.71;38.00;8229980;309707488.00
20151225;38.49;38.80;36.40;36.96;13048193;486707584.00
20151228;37.00;37.85;36.40;36.43;16808704;625197824.00
20151229;36.30;36.90;34.95;35.67;13710646;486408576.00
20151230;35.90;37.29;35.85;37.25;15940315;582122240.00
20151231;37.73;37.78;35.45;35.51;11207600;406608768.00
20160104;35.00;35.00;31.96;31.96;10687874;348463616.00
20160105;29.26;31.07;28.76;29.42;12834216;382525152.00
20160106;29.60;30.25;28.12;29.69;12951571;377434784.00
20160107;28.70;28.70;26.72;26.72;3124875;85365616.00
20160108;27.00;27.92;24.18;26.18;13510788;355647200.00
20160111;25.05;26.03;23.56;23.56;10411337;257149648.00
20160112;23.51;25.46;22.85;25.00;13857016;336650176.00
20160113;25.00;25.72;23.64;23.90;10133300;252395904.00
20160114;22.53;26.29;22.51;26.29;13581164;346533632.00
20160115;27.58;28.41;27.00;27.56;24263795;672102080.00
20160118;27.10;29.60;27.06;28.19;17701400;502682528.00
20160119;27.78;29.00;27.20;28.82;16670912;470536960.00
20160120;28.23;28.70;27.50;28.18;13604490;382864224.00
20160121;27.77;29.30;27.19;27.50;21907198;625826304.00
20160122;27.50;28.15;25.90;27.53;14488429;392360480.00
20160125;27.87;28.66;26.70;27.33;13367009;370684512.00
20160126;27.00;27.00;24.60;24.60;11954514;304670400.00
20160127;24.50;24.59;22.15;23.90;12101233;281536416.00
20160128;23.36;24.00;22.60;23.10;8966005;209577472.00
20160129;22.25;24.52;22.24;24.07;11877905;279408352.00
20160201;23.76;24.34;22.88;23.23;8805998;207359216.00
20160202;23.48;25.20;23.20;24.54;9394420;229574016.00
20160203;24.18;24.90;23.80;24.70;6954482;169173616.00
20160204;24.90;26.65;24.78;26.10;10475050;267611696.00
20160205;26.17;26.17;25.30;25.30;7110571;182086864.00
20160215;24.58;27.33;24.21;26.66;10118922;265454576.00
20160216;26.69;28.97;26.51;27.99;11108551;310384608.00
20160217;28.00;28.28;27.20;27.95;9031648;250463616.00
20160218;28.48;28.56;27.20;27.30;11327172;312704480.00
20160219;27.01;27.50;26.55;27.07;9594526;259270576.00
20160222;27.61;27.90;26.92;27.44;11450636;313125760.00
20160223;27.70;28.96;27.06;28.96;19735244;553607360.00
20160224;28.58;28.82;27.33;28.09;13422118;376626528.00
20160225;27.89;27.89;25.28;25.28;11037235;291198624.00
20160226;25.10;25.60;23.80;24.04;10785827;264119568.00
20160229;23.90;23.90;21.64;21.64;8895708;195521296.00
20160301;21.65;22.26;19.92;21.67;13807749;289865824.00
20160302;21.47;23.06;21.10;22.86;12764366;282146880.00
20160303;22.81;23.86;22.35;22.53;11509630;266105440.00
20160304;22.38;22.48;20.40;20.48;11466676;244050352.00
20160307;20.90;21.83;20.70;20.91;10872775;229549888.00
20160308;20.63;21.24;19.40;21.00;12926529;263145760.00
20160309;20.42;22.97;20.03;21.41;14576810;314638464.00
20160310;21.41;21.70;20.51;20.68;9306161;195492576.00
20160311;20.41;21.15;20.22;20.85;6172900;128187424.00
20160314;21.40;22.50;21.18;21.94;12647686;277761824.00
20160315;21.80;22.86;21.80;22.10;13663180;306183840.00
20160316;22.56;22.89;21.32;21.46;8939055;195913216.00
20160317;21.51;23.32;21.34;23.21;22376487;502888320.00
20160318;23.18;24.98;23.01;24.65;19670702;475099808.00
20160321;25.18;25.63;24.32;25.40;24682629;610306560.00
20160322;24.80;25.40;24.66;24.68;13500938;337330080.00
20160323;24.60;25.24;24.50;25.08;11465959;285202208.00
20160324;24.84;25.10;24.03;24.07;13354760;327945344.00
20160325;23.87;24.42;23.53;24.01;11697521;280025536.00
20160328;24.25;24.69;22.91;23.00;13053029;310728736.00
20160329;23.00;23.21;21.80;22.19;13374667;300839168.00
20160330;22.50;23.67;22.23;23.65;13116803;299772352.00
20160331;23.80;24.09;23.07;23.29;12693205;299587136.00
20160401;23.07;23.25;21.92;22.62;16889151;377785664.00
20160405;22.66;24.57;22.42;24.55;22470248;530602816.00
20160406;24.15;24.55;23.79;24.20;16544907;399812352.00
20160407;24.41;24.65;23.31;23.36;19235224;457334688.00
20160408;23.10;23.10;22.40;22.99;13344587;304087200.00
20160411;23.50;25.29;23.36;25.29;26377875;646400320.00
20160412;26.30;26.78;25.31;25.99;50958545;1330704640.00
20160413;26.00;27.37;25.51;26.86;39316468;1044539584.00
20160414;26.50;26.92;26.20;26.69;19940774;529639744.00
20160415;26.58;27.46;26.20;26.47;16453370;440689408.00
20160418;25.89;25.89;25.18;25.40;14364298;365905056.00
20160419;25.70;25.95;25.20;25.61;11103796;283526048.00
20160420;25.59;25.70;23.05;23.05;29454679;701453952.00
20160421;22.80;23.20;22.35;22.49;13907101;317902496.00
20160422;22.25;23.64;22.11;23.17;13197818;304451392.00
20160425;22.90;22.98;22.19;22.88;9366081;212264464.00
20160426;22.79;23.15;22.38;23.08;11790821;268179040.00
20160427;23.09;23.12;22.55;22.57;11253766;256824992.00
20160428;22.72;22.72;21.65;22.58;13522775;300384928.00
20160429;22.30;22.60;22.12;22.20;8447824;188527344.00
20160503;21.15;22.85;21.10;22.81;21452205;468036800.00
20160504;22.49;22.75;22.18;22.24;14733624;330260384.00
20160505;21.70;22.19;21.51;21.94;16271633;354942912.00
20160506;21.99;22.36;20.31;20.47;19022301;408546112.00
20160509;19.92;20.22;19.11;19.27;12643088;247882800.00
20160510;19.27;19.66;19.20;19.43;8145264;158471376.00
20160511;19.50;19.65;19.17;19.43;9172059;178422224.00
20160512;19.05;19.58;18.70;19.52;8839315;169921264.00
20160513;19.41;19.79;19.09;19.21;6730030;130326496.00
20160516;19.21;19.57;19.01;19.57;5987716;115719232.00
20160517;19.60;20.56;19.20;19.95;13079324;259645408.00
20160518;19.61;19.68;18.79;19.11;9331136;179092896.00
20160519;19.25;20.20;19.25;19.69;15113782;300224032.00
20160520;19.49;20.25;19.30;20.20;10365933;206342912.00
20160523;20.22;20.55;20.02;20.39;9050010;184014736.00
20160524;20.41;20.42;19.82;19.95;5813537;116397560.00
20160525;20.15;20.38;19.60;19.66;6844697;136529936.00
20160526;19.62;20.08;19.30;20.02;7541368;148368256.00
20160527;20.09;20.09;19.73;19.78;4651128;92504568.00
20160530;19.60;20.14;19.41;19.83;4663623;92643472.00
20160531;19.88;20.87;19.88;20.84;11018122;226406016.00
20160601;21.28;21.99;21.15;21.16;13678023;294111392.00
20160602;20.88;21.30;20.75;21.23;9858848;207700224.00
20160603;21.26;21.75;20.98;21.53;12525368;267337456.00
20160606;21.67;21.67;21.08;21.22;7760876;165202464.00
20160607;21.33;21.33;20.98;21.10;5753873;121449048.00
20160608;21.11;21.27;21.00;21.07;6053448;128099048.00
20160613;21.00;21.00;19.25;19.50;7847525;160081440.00
20160614;19.40;19.59;19.25;19.45;6024373;116839032.00
20160615;19.20;20.19;19.19;19.97;5943289;118124800.00
20160616;19.90;19.97;19.38;19.44;8975483;176176864.00
20160617;19.60;21.38;19.60;21.38;11068497;233607744.00
20160620;21.85;21.85;21.03;21.09;16253647;346868320.00
20160621;21.47;21.47;20.55;20.80;13410820;280585472.00
20160622;20.75;21.75;20.75;21.72;17741661;379268768.00
20160623;21.70;21.70;21.02;21.25;11178348;238375680.00
20160624;21.29;21.50;20.30;20.97;12357490;260503856.00
20160627;20.74;22.01;20.71;21.99;14638135;315315808.00
20160628;22.00;23.30;21.96;22.50;21266932;484454560.00
20160629;22.60;23.15;22.21;22.38;12015775;271809760.00
20160630;22.38;23.14;22.14;22.85;12168244;276128544.00
