20091225;30.00;31.00;26.95;26.99;27644342;802655168.00
20091228;26.61;28.80;26.61;28.32;10774184;302599616.00
20091229;28.00;30.56;27.51;30.26;12691563;368550112.00
20091230;29.50;30.40;29.00;29.04;8574459;253870944.00
20091231;29.10;29.98;28.60;29.10;5349545;156120592.00
20100104;29.28;29.38;28.41;28.68;4262781;122278368.00
20100105;28.80;28.88;27.52;28.42;4717201;132638304.00
20100106;28.12;28.15;27.65;27.79;3763158;104906408.00
20100107;27.68;28.18;27.30;27.40;3536118;98231272.00
20100108;27.00;27.35;25.60;26.41;4989008;131478600.00
20100111;26.34;26.72;25.63;26.35;3138808;82220944.00
20100112;26.44;26.90;25.96;26.76;3242614;86608328.00
20100113;26.20;26.64;26.00;26.18;3014182;79110064.00
20100114;26.13;27.76;26.12;27.56;5090027;138678384.00
20100115;27.60;27.79;27.01;27.25;2898643;78894424.00
20100118;27.24;27.38;26.80;27.02;2219120;59863516.00
20100119;26.93;27.16;26.41;26.60;2503402;66583924.00
20100120;26.34;26.86;25.70;26.34;3348592;87726928.00
20100121;26.22;26.59;26.01;26.20;1851122;48711052.00
20100122;25.99;25.99;24.46;24.71;3389880;84626952.00
20100125;24.50;24.68;23.88;23.99;2073142;50141040.00
20100126;24.02;24.45;23.30;23.42;1895002;45130628.00
20100127;23.39;23.64;22.99;23.16;1902868;44295484.00
20100128;23.19;23.29;22.56;22.73;2199024;50382000.00
20100129;22.41;23.10;22.41;22.72;1848714;42136720.00
20100201;22.01;22.31;20.48;20.85;2781298;58621880.00
20100202;21.00;21.32;20.83;21.00;1900516;40146796.00
20100203;21.02;21.20;19.60;20.68;2692580;54561492.00
20100204;20.60;21.03;20.32;20.69;1873493;38928812.00
20100205;20.07;20.98;19.88;20.29;1706617;34887436.00
20100208;20.29;20.95;20.29;20.91;1621492;33666564.00
20100209;20.79;20.81;20.43;20.60;963556;19807936.00
20100210;20.88;21.86;20.81;21.69;2901115;62282168.00
20100211;21.50;22.17;21.33;21.84;2347885;51018212.00
20100212;21.81;22.05;21.61;21.98;1583684;34574080.00
20100222;22.00;22.09;21.45;21.46;1363739;29764734.00
20100223;21.38;21.73;21.04;21.65;1440834;30789216.00
20100224;21.60;23.33;21.42;23.30;3262491;73537944.00
20100225;23.31;23.65;23.10;23.56;3420095;79929384.00
20100226;23.38;23.48;22.95;22.98;1957831;45412000.00
20100301;22.80;23.45;22.75;23.23;1715684;39906492.00
20100302;23.23;23.87;23.15;23.37;2111500;49726384.00
20100303;23.26;23.63;23.26;23.35;2436197;57135232.00
20100304;23.36;23.40;21.88;21.95;2765781;62406588.00
20100305;21.96;22.32;21.96;22.16;1311780;29048066.00
20100308;22.20;22.56;22.01;22.44;1325077;29614300.00
20100309;22.44;22.44;22.05;22.36;1148162;25533820.00
20100310;22.36;22.60;22.10;22.31;1148492;25618450.00
20100311;22.28;22.53;21.90;22.45;1466334;32707138.00
20100312;22.47;24.49;22.28;23.58;6730715;159447744.00
20100315;23.65;23.75;22.83;23.36;2489710;57710916.00
20100316;23.36;23.45;22.59;22.98;2127447;48983368.00
20100317;23.01;23.60;22.86;23.56;2127996;49695292.00
20100318;23.50;23.99;23.35;23.52;2194977;51991340.00
20100319;23.59;23.79;23.26;23.52;1785060;41956196.00
20100322;23.50;23.62;23.20;23.41;1660586;38776352.00
20100323;23.42;23.68;23.06;23.51;2963092;69429336.00
20100325;23.85;25.50;23.85;24.75;11999424;294715520.00
20100326;24.01;24.27;23.51;23.79;5399450;128959240.00
20100329;23.56;23.95;23.22;23.78;3957406;93114744.00
20100330;23.80;24.63;23.53;24.53;4679261;113722168.00
20100331;24.55;25.70;24.43;25.20;7355561;185497984.00
20100401;25.38;25.97;25.01;25.13;8269904;212185696.00
20100402;24.92;25.40;24.66;25.15;4082849;102368912.00
20100406;25.48;25.79;25.24;25.59;3791232;96497896.00
20100407;25.62;25.94;25.31;25.91;4853152;124743120.00
20100408;26.28;26.98;25.58;25.58;6367583;167363936.00
20100409;25.38;26.10;25.23;26.07;4563786;117393144.00
20100412;25.63;25.96;25.20;25.88;7301356;186262592.00
20100413;25.70;25.70;23.48;23.82;7281166;177759104.00
20100414;23.59;23.98;23.03;23.46;3161313;74255192.00
20100415;23.44;23.88;22.11;22.41;4361140;99546848.00
20100416;22.45;22.95;22.13;22.70;2526837;57228176.00
20100419;22.52;23.32;22.34;22.58;3502747;79885504.00
20100420;22.56;22.70;21.39;22.44;2514133;55272928.00
20100421;22.39;23.35;22.30;23.32;2888532;66641884.00
20100422;23.30;23.90;23.00;23.56;2616462;61685356.00
20100423;23.65;24.00;22.91;23.15;2133085;49944828.00
20100426;23.09;23.15;22.15;22.55;1882082;42443140.00
20100427;22.41;22.55;21.30;21.73;2066105;45152516.00
20100428;21.80;23.00;21.31;22.93;3397266;76328032.00
20100429;23.47;23.78;22.98;22.98;3578419;83607536.00
20100430;23.11;23.11;22.01;22.74;1918291;43073808.00
20100505;22.48;23.29;22.07;23.29;1819381;41601320.00
20100506;23.25;23.99;23.12;23.63;4888281;116097192.00
20100507;23.31;24.96;23.11;24.53;6296367;153496752.00
20100510;24.55;24.55;22.08;22.62;5037264;116839856.00
20100511;22.90;23.32;22.01;22.41;2873835;65587148.00
20100512;22.08;22.10;20.17;20.69;3659764;76586376.00
20100513;20.50;21.17;20.18;21.16;1643026;34248564.00
20100514;21.00;21.47;20.73;21.20;1485603;31500420.00
20100517;20.81;20.99;19.80;19.89;1545819;31536708.00
20100518;19.77;20.15;18.80;19.84;1454925;28247254.00
20100519;19.69;20.58;19.50;20.00;1254911;25321658.00
20100520;19.87;21.29;19.80;20.46;2414913;50280756.00
20100521;19.98;21.83;19.80;21.82;3461053;73554480.00
20100524;21.95;22.90;21.65;22.45;2836651;63852692.00
20100525;22.08;22.89;22.05;22.72;2758696;62270264.00
20100526;22.50;22.79;22.12;22.38;1483271;33269542.00
20100527;22.39;23.49;22.20;23.19;2511609;57787320.00
20100528;23.30;23.55;22.70;22.82;1741090;40110340.00
20100531;22.50;23.05;21.68;21.68;2353830;52414020.00
20100601;21.25;21.89;20.88;21.27;1390325;29602364.00
20100602;21.20;21.85;20.98;21.80;1026866;22052926.00
20100603;21.90;22.39;21.60;21.92;1487500;32868390.00
20100604;21.76;22.34;21.62;22.27;830748;18252268.00
20100607;21.90;23.27;21.80;22.90;2723619;61921700.00
20100608;22.88;23.38;22.52;23.10;1973878;45501104.00
20100609;23.28;23.46;22.62;23.10;2653676;61289732.00
20100610;23.18;23.80;23.01;23.60;3401972;79788032.00
20100611;23.68;24.23;23.43;23.95;3548875;84793848.00
20100617;24.10;24.21;23.00;23.05;2199299;51464148.00
20100618;22.86;22.99;20.82;21.40;3133561;68300936.00
20100621;21.35;22.35;20.91;22.30;1361910;29732946.00
20100622;22.78;23.58;22.50;22.59;2285263;52656908.00
20100623;22.08;22.84;21.70;22.49;1530086;34066920.00
20100624;22.45;22.80;22.10;22.31;706772;15882533.00
20100625;22.10;22.80;22.10;22.51;1289274;29003400.00
20100628;22.63;22.76;21.70;21.76;1051712;23163180.00
20100629;21.79;21.88;20.08;20.37;1576568;32645798.00
20100630;20.00;20.65;19.75;20.46;928636;18821832.00
20100701;20.26;20.57;19.94;19.94;714484;14423587.00
20100702;19.85;20.39;19.05;20.29;1073252;21238338.00
20100705;20.00;20.57;19.60;20.40;692948;13983924.00
20100706;20.40;20.93;20.23;20.75;1476260;30480400.00
20100707;20.79;20.88;20.48;20.69;1060592;21915254.00
20100708;20.80;21.24;20.30;21.20;2147263;44851512.00
20100709;21.15;22.75;21.15;22.38;3035078;66430120.00
20100712;22.05;23.45;22.05;23.30;4049515;92832288.00
20100713;23.05;23.55;22.51;23.45;4793726;110513264.00
20100714;23.50;23.79;22.60;23.37;4787758;111202776.00
20100715;23.45;23.45;22.30;22.56;1857873;42628072.00
20100716;22.30;22.98;22.10;22.80;1723853;38957992.00
20100719;22.47;24.19;22.47;23.96;3769979;89324464.00
20100720;24.12;24.45;23.71;24.03;3922343;94512952.00
20100721;23.98;25.15;23.98;24.83;5627460;139322672.00
20100722;24.78;25.02;24.40;24.99;3359753;83448096.00
20100723;24.88;25.20;24.00;24.57;3642116;89627016.00
20100726;24.45;25.85;24.45;25.26;5498481;139892608.00
20100727;25.33;26.06;25.01;25.44;4311506;110049248.00
20100729;26.00;26.48;25.40;25.54;5175976;134194008.00
20100730;25.30;25.45;24.76;25.00;1965868;49346232.00
20100802;24.92;25.60;24.92;25.36;2126799;53756920.00
20100803;25.43;25.68;24.67;25.00;2282289;57431296.00
20100804;25.00;25.10;24.30;24.85;2252300;55284048.00
20100805;24.80;25.85;24.80;25.45;2982482;76098224.00
20100806;25.52;26.50;25.52;26.29;3360751;87862296.00
20100809;26.30;26.50;25.60;26.23;2692460;69956504.00
20100810;26.00;26.05;24.86;24.86;1857992;47269232.00
20100811;24.81;25.15;24.01;24.80;1777706;43818416.00
20100812;24.70;26.05;24.60;25.40;3382391;86615600.00
20100813;25.41;26.20;25.41;25.98;2804053;72757160.00
20100816;26.15;28.12;26.02;27.80;4299651;117633480.00
20100817;27.79;28.23;27.36;28.10;2092812;58195328.00
20100818;27.90;28.10;27.05;27.98;1891161;51964796.00
20100819;27.90;28.04;27.06;27.98;2029833;56241728.00
20100820;27.48;27.50;26.69;27.02;2591612;70261616.00
20100823;27.00;27.22;26.75;27.02;2213058;59627940.00
20100824;27.08;27.89;26.81;27.73;1535577;42186656.00
20100825;27.51;27.55;26.30;26.36;1789645;47985292.00
20100826;26.50;26.92;26.05;26.41;994994;26378720.00
20100827;26.19;26.76;26.17;26.47;608211;16078024.00
20100830;26.65;27.80;26.65;27.78;1830547;49965060.00
20100831;27.78;28.58;27.40;28.20;1685753;47509920.00
20100901;28.18;28.20;26.58;26.95;1768996;48345860.00
20100902;27.00;27.95;26.89;27.45;1109950;30440762.00
20100903;27.45;28.00;27.11;27.65;1062451;29345328.00
20100906;27.15;27.70;25.50;26.30;3029095;79313904.00
20100907;26.00;26.39;25.69;26.36;1126840;29485462.00
20100908;26.25;26.50;26.01;26.30;835551;21972332.00
20100909;26.37;26.90;26.07;26.13;1139137;30099476.00
20100910;26.30;26.46;25.47;26.14;761510;19805694.00
20100913;26.13;26.88;26.00;26.66;1413422;37604340.00
20100914;26.67;27.93;26.67;27.42;2467876;67816728.00
20100915;27.80;28.26;25.88;26.30;2630165;71366304.00
20100916;25.90;26.10;24.20;25.00;2212084;55538644.00
20100917;25.00;25.30;24.85;25.05;699647;17497712.00
20100920;25.01;25.34;24.39;24.54;407244;10128115.00
20100921;24.58;24.80;24.20;24.24;513703;12577265.00
20100927;24.31;24.90;24.31;24.80;353109;8723623.00
20100928;24.51;24.80;24.46;24.48;367011;9023664.00
20100929;25.03;25.59;24.20;24.48;997549;24980762.00
20100930;23.98;24.70;23.60;24.53;532220;12897091.00
20101008;24.75;25.27;24.40;25.15;1202284;29871278.00
20101011;25.15;25.20;24.06;24.22;1607922;39086244.00
20101012;24.40;24.40;23.87;23.97;1305878;31398144.00
20101013;23.90;24.50;23.63;24.41;1303989;31335934.00
20101014;24.35;24.82;23.88;24.54;1959363;47653572.00
20101015;24.40;24.80;24.35;24.49;1211506;29693420.00
20101018;24.30;24.30;23.11;23.86;1864899;43889360.00
20101019;23.99;25.49;23.50;24.90;3847802;95904768.00
20101020;24.80;25.53;24.50;24.66;2559975;64125032.00
20101021;24.63;24.95;24.22;24.95;1194318;29251090.00
20101022;24.86;25.53;24.86;25.19;1285481;32421204.00
20101025;25.19;26.30;25.19;26.00;2356087;61164868.00
20101026;26.40;26.40;25.39;26.15;2003825;51712980.00
20101027;26.02;26.02;25.08;25.10;2926617;74482416.00
20101028;25.10;25.58;24.63;25.30;2018965;50520640.00
20101029;25.30;27.09;25.30;26.59;4787397;126584888.00
20101101;27.62;29.24;27.62;29.24;5299490;151821104.00
20101102;29.18;29.86;28.03;28.11;3751949;108660600.00
20101103;27.81;29.05;27.72;27.74;2202848;62578296.00
20101104;28.20;28.58;27.30;28.58;2024387;56587364.00
20101105;28.90;29.50;28.51;28.71;2572707;74475464.00
20101108;29.10;30.70;28.71;30.48;4205121;123755624.00
20101109;30.40;30.60;29.08;29.85;2698084;80271936.00
20101110;29.98;31.29;29.60;30.61;2389568;73482744.00
20101111;30.40;32.16;30.40;30.60;2597186;81636256.00
20101112;30.59;31.15;28.40;28.61;2649127;78543232.00
20101115;28.99;31.06;28.60;30.90;2276426;68187560.00
20101116;30.50;32.48;29.80;30.40;2874522;89799720.00
20101117;29.99;31.50;28.70;28.82;1654343;49435676.00
20101118;29.19;29.98;28.33;29.78;1362684;39755064.00
20101119;30.10;31.28;29.40;31.11;2787548;85072600.00
20101122;31.05;33.30;30.67;31.58;3010691;97847560.00
20101123;31.41;33.08;31.00;32.65;2484332;79556504.00
20101124;32.67;33.50;32.28;32.96;1245756;41036932.00
20101125;32.97;33.50;31.29;31.91;2384982;76757320.00
20101126;31.62;32.18;30.83;31.30;1675580;52885932.00
20101129;31.40;32.80;31.08;32.48;1696077;54441844.00
20101130;32.80;33.38;31.11;32.93;3058170;98651144.00
20101201;32.80;35.03;32.72;34.35;2812978;96397520.00
20101202;34.25;34.91;33.72;34.01;2222502;76233992.00
20101203;34.57;34.90;32.88;33.01;1994367;67611856.00
20101206;32.50;33.36;31.88;32.05;1307363;42429408.00
20101207;32.19;34.23;31.92;33.86;1269563;42040844.00
20101208;33.90;35.49;32.12;32.80;4885830;165815168.00
20101209;32.60;32.60;31.11;31.51;2373381;74872472.00
20101210;31.75;32.24;31.18;31.90;1145249;36505296.00
20101213;31.83;33.25;31.83;33.06;2179555;71804328.00
20101214;33.16;34.27;33.01;33.45;1659543;55945288.00
20101215;33.39;33.45;32.42;32.60;1458218;47662440.00
20101216;32.58;34.20;32.49;33.45;1440631;48436328.00
20101217;33.51;34.46;33.50;33.99;1177071;40024652.00
20101220;34.30;34.46;31.90;32.30;2711931;88218912.00
20101221;32.50;33.50;32.40;32.50;1468235;48232252.00
20101222;32.38;32.38;30.30;30.48;3575248;109601496.00
20101223;30.11;30.34;29.58;30.10;1399101;41980680.00
20101224;29.99;30.66;28.72;29.16;1410858;41642016.00
20101227;29.50;29.90;28.80;29.06;2466016;72061440.00
20101228;28.52;28.60;27.75;27.92;7046124;197357360.00
20101229;27.95;28.74;27.22;28.67;5671765;158548288.00
20101230;28.63;30.30;28.28;28.93;7020487;204236704.00
20101231;29.03;31.57;29.03;30.85;6960584;213282160.00
20110104;30.80;31.72;30.56;31.50;5098759;158300112.00
20110105;31.42;31.73;30.60;30.71;4371925;136538464.00
20110106;30.60;30.94;29.35;29.40;6267580;188589936.00
20110107;29.01;29.85;28.61;28.85;5293319;155572960.00
20110110;28.90;29.78;28.75;29.18;3044799;89310456.00
20110111;29.15;29.88;28.66;29.88;2502071;73762336.00
20110112;29.97;30.47;28.80;29.15;3589124;106758576.00
20110113;29.39;29.52;28.85;29.49;1220466;35703824.00
20110114;29.28;30.24;29.16;29.49;1832468;54364540.00
20110117;29.20;29.60;26.80;27.77;2803399;78592280.00
20110118;27.76;28.30;27.35;27.65;1094319;30522796.00
20110119;27.98;28.40;27.51;28.22;1505324;42216368.00
20110120;28.29;29.50;28.06;28.12;2660269;76751160.00
20110121;28.00;29.48;27.70;29.27;2044382;58987204.00
20110124;29.58;30.22;28.09;28.09;1693316;49588412.00
20110125;28.29;29.00;26.89;28.18;1727813;47746368.00
20110126;28.15;29.27;28.15;29.00;1209397;34964744.00
20110127;29.04;29.94;28.53;29.73;3400641;99838888.00
20110128;29.50;29.96;29.32;29.63;1670018;49584052.00
20110131;29.50;30.15;28.85;29.99;2022800;60167804.00
20110201;29.71;30.00;29.13;29.13;1378516;40630916.00
20110209;29.09;30.10;28.91;30.07;2363573;69700152.00
20110210;30.05;31.84;29.52;31.00;4472376;138623296.00
20110211;31.69;31.69;30.45;30.75;2995066;92798168.00
20110214;30.60;31.60;30.60;31.28;2315065;72149160.00
20110215;31.10;32.50;31.04;31.95;3236912;103548672.00
20110216;31.72;33.40;31.56;32.51;2747663;89922880.00
20110217;32.30;33.89;32.01;33.38;3546466;117142624.00
20110218;33.50;35.60;33.06;35.00;4573700;158945408.00
20110221;35.70;37.58;35.40;36.73;13155933;478091872.00
20110222;36.85;36.98;35.00;36.55;6895873;248809296.00
20110223;36.18;38.49;36.12;37.40;5151815;194748384.00
20110224;36.96;37.30;35.68;35.71;3102542;112577016.00
20110225;35.78;36.20;34.95;35.11;2937319;103847248.00
20110228;35.25;35.93;34.90;35.66;3817861;135205184.00
20110301;35.78;36.38;34.58;36.28;3746571;133016280.00
20110302;35.70;36.63;35.30;36.58;2242532;80800712.00
20110303;36.55;36.55;34.60;34.60;2803066;99256736.00
20110304;34.59;34.90;33.80;34.28;2066677;70614464.00
20110307;34.57;34.61;33.29;33.77;2557985;86329720.00
20110308;33.77;34.29;33.77;33.86;1672757;56908992.00
20110309;33.88;34.21;32.99;33.01;4181034;139690000.00
20110310;33.29;34.40;33.20;33.64;4502540;152715792.00
20110311;33.14;33.95;33.14;33.52;3334280;112516120.00
20110314;33.40;34.82;33.21;34.75;3884754;132558232.00
20110315;34.60;36.30;33.89;35.50;6701065;234640928.00
20110316;35.58;37.30;35.55;36.40;5874459;215022816.00
20110317;36.05;37.93;36.05;37.33;9688075;360021440.00
20110318;37.41;37.73;36.80;37.26;3910076;145394176.00
20110321;36.90;37.23;34.57;34.97;4662858;165533760.00
20110322;34.97;35.55;33.40;33.40;4172170;142033888.00
20110323;33.40;33.77;33.10;33.60;3584397;120022352.00
20110324;34.20;34.48;33.43;34.12;2544482;86794920.00
20110325;33.86;34.46;33.86;34.06;2216991;75836704.00
20110328;34.12;34.16;31.05;31.25;5378057;174236064.00
20110329;31.20;31.95;30.60;30.60;3099257;96834224.00
20110330;30.60;31.90;30.50;31.73;3184034;99820624.00
20110331;31.60;31.99;30.97;31.49;2484718;78333016.00
20110401;31.48;32.40;31.42;31.68;2011932;64386256.00
20110406;31.30;31.75;30.50;30.65;1531246;47429776.00
20110407;30.72;31.18;29.85;31.10;2671198;80735032.00
20110408;30.99;31.22;30.38;30.81;2270481;69888112.00
20110411;31.09;31.13;29.52;29.71;2467443;73961768.00
20110412;29.70;30.09;29.60;29.95;1685996;50356004.00
20110413;29.88;30.75;29.61;30.34;1874161;56896668.00
20110414;30.50;30.71;29.75;30.30;1262782;38254864.00
20110415;30.49;30.49;29.19;29.32;2927766;87147240.00
20110418;29.01;29.30;28.64;28.92;1966774;57002116.00
20110419;28.85;30.18;28.80;30.00;2394970;70521144.00
20110420;29.99;30.90;29.60;30.23;2704080;81756824.00
20110421;30.35;30.43;29.68;29.98;2393709;71781136.00
20110422;29.94;30.45;29.30;30.39;1861747;55721584.00
20110425;30.16;30.81;29.71;29.98;2149304;65393968.00
20110426;29.63;29.86;29.01;29.26;1549611;45573644.00
20110427;29.19;29.68;26.91;27.20;3368599;93730104.00
20110428;27.20;27.50;26.33;26.38;1807448;48488724.00
20110429;26.21;26.69;25.96;26.37;2251780;59418988.00
20110503;26.40;27.25;26.40;27.22;2625877;70698104.00
20110504;27.06;27.59;26.80;27.53;1859218;50465648.00
20110506;27.41;28.28;27.15;27.80;2031792;56403644.00
20110509;27.61;28.20;27.56;27.70;1469693;41008104.00
20110510;27.65;27.95;26.81;27.29;1592670;43606468.00
20110511;27.22;27.49;26.89;27.40;1273879;34608892.00
20110512;27.24;27.24;25.77;25.83;2411953;63719596.00
20110513;25.75;26.09;24.84;25.66;2407812;61325892.00
20110516;25.56;26.23;25.30;26.07;1420346;36823264.00
20110517;26.05;26.25;25.68;25.85;1289124;33452392.00
20110518;25.70;25.84;25.20;25.24;1957454;49918960.00
20110519;25.33;25.60;25.06;25.09;1556634;39372244.00
20110520;25.03;25.77;24.86;25.77;2278689;57754940.00
20110523;25.68;25.68;24.45;24.64;1764477;44120868.00
20110524;24.63;25.85;24.11;25.24;2869991;72273424.00
20110525;25.19;25.19;23.70;23.70;2838031;69016656.00
20110526;23.91;24.18;23.00;23.22;1794303;42589228.00
20110527;23.23;23.97;22.97;23.44;1993961;47014036.00
20110530;23.40;24.19;23.16;23.81;3248169;77572496.00
20110531;24.00;24.18;23.30;24.08;2676432;63709172.00
20110601;24.06;24.55;23.73;24.34;3311247;79986520.00
20110602;23.94;23.95;22.84;23.37;3133789;73279768.00
20110603;23.65;24.48;23.65;24.35;3555937;86012952.00
20110607;24.10;24.63;23.86;24.55;2583556;62744316.00
20110608;24.50;24.50;23.96;24.36;2478560;60032720.00
20110609;24.10;24.19;23.23;23.25;2479902;58573348.00
20110610;23.25;23.40;22.76;23.20;1995385;45948304.00
20110613;22.85;23.34;22.38;23.07;2120316;48512284.00
20110614;23.08;23.45;22.90;23.42;2601029;60433128.00
20110615;23.41;23.43;22.50;22.59;2676518;61587496.00
20110616;22.35;22.35;21.31;21.40;4155478;90040688.00
20110617;21.23;21.60;20.81;20.84;3171782;67035024.00
20110620;20.51;21.08;20.51;20.87;2385988;49571724.00
20110621;20.92;21.08;20.50;20.97;2116499;44088652.00
20110622;20.99;21.05;20.28;20.46;1947221;40005100.00
20110623;20.30;21.61;19.96;21.43;5385633;113109408.00
20110624;21.20;22.46;21.01;22.31;6373195;140494880.00
20110627;22.50;22.99;22.18;22.55;6494783;147115968.00
20110628;22.50;22.75;22.21;22.61;3333633;75133824.00
20110629;22.65;23.36;22.53;22.55;4124297;94805360.00
20110630;22.64;23.11;22.60;22.81;2983974;68181504.00
20110701;22.88;23.40;22.87;23.10;4132461;95897800.00
20110704;23.17;23.90;22.90;23.85;5802918;135979680.00
20110705;23.90;23.90;23.38;23.61;3677041;86937312.00
20110706;23.41;24.00;23.26;23.79;3679737;86904400.00
20110707;23.87;24.45;23.53;23.82;5391329;129636928.00
20110708;23.80;23.99;23.45;23.71;2687406;63605284.00
20110712;23.49;23.59;22.49;22.55;5971219;136915312.00
20110713;22.66;23.89;22.57;23.75;5699874;131825256.00
20110714;23.65;24.48;23.65;24.40;5782440;139625392.00
20110715;25.00;25.75;24.80;25.52;9908956;250805088.00
20110718;25.75;26.16;25.30;25.50;7913875;203935136.00
20110719;25.20;26.80;24.86;26.31;9395095;244116896.00
20110720;26.32;26.97;25.70;25.98;5750047;151404640.00
20110721;26.11;26.13;25.10;25.11;4203790;106844360.00
20110722;25.10;25.75;24.97;25.48;3819413;96998312.00
20110725;24.99;25.30;23.58;23.89;4735087;115547840.00
20110726;23.70;24.48;23.70;24.42;3308583;80180304.00
20110727;24.20;25.48;23.88;25.46;4206997;105138672.00
20110728;25.02;25.64;24.78;25.52;3696715;92977160.00
20110729;25.51;25.51;24.70;24.90;2697758;67642984.00
20110801;25.00;26.33;25.00;26.06;6178592;160151504.00
20110802;25.85;27.29;25.20;27.10;7146483;187945424.00
20110803;26.66;27.75;26.30;27.23;5372389;145049488.00
20110804;27.10;27.10;26.21;26.22;4408353;117581416.00
20110805;25.15;26.10;24.81;25.59;4135346;105510208.00
20110808;25.18;25.51;24.20;25.08;4807395;120169200.00
20110809;24.38;27.59;24.01;27.58;9417073;248542160.00
20110810;27.34;28.48;26.82;27.14;14498729;399100608.00
20110811;26.40;28.35;26.21;28.09;8812203;242970864.00
20110812;28.44;29.20;27.75;27.82;6676455;189068784.00
20110815;27.72;28.19;27.45;28.00;5418637;150842656.00
20110816;28.09;28.09;27.15;27.60;6196073;170925808.00
20110817;27.24;27.41;26.68;26.79;5385483;145174032.00
20110818;26.66;27.35;26.52;26.70;3708081;99889240.00
20110819;26.15;27.10;26.06;27.05;3162978;84156968.00
20110822;26.98;27.39;25.75;25.75;4387012;116840896.00
20110823;25.59;26.27;25.26;26.27;4141308;106890384.00
20110824;26.50;26.94;26.01;26.26;3546011;94077160.00
20110825;26.18;26.45;25.32;25.98;3523930;90986736.00
20110826;25.77;26.58;25.70;26.46;2385986;62630600.00
20110829;26.40;27.34;26.22;26.73;3171898;85433784.00
20110830;27.20;27.27;25.60;25.63;3159559;83321560.00
20110831;25.46;25.83;24.73;24.98;3291676;82582216.00
20110901;25.07;25.45;24.60;24.75;1670666;41732732.00
20110902;24.75;24.98;23.93;23.97;2129931;51556016.00
20110905;23.75;23.75;22.58;22.75;2693883;61992732.00
20110906;22.23;22.99;22.23;22.46;2004534;45219552.00
20110907;22.88;23.25;22.36;23.07;2547833;58266364.00
20110908;23.20;23.39;21.90;21.94;2796610;63254752.00
20110909;22.00;22.28;21.75;22.08;2823295;61965940.00
20110913;21.70;21.70;21.13;21.37;1751690;37410200.00
20110914;21.36;22.19;21.36;22.17;2098790;45669880.00
20110915;22.21;22.60;21.81;21.85;1860323;41386444.00
20110916;22.15;22.19;21.61;21.65;1300734;28445942.00
20110919;21.41;21.65;20.90;20.91;1251405;26524752.00
20110920;20.68;21.28;20.68;20.98;1248791;26191334.00
20110921;21.00;21.97;20.83;21.97;2234888;48069012.00
20110922;21.70;21.94;20.60;20.60;2393423;51388160.00
20110923;20.26;20.90;20.11;20.77;2126088;43638668.00
20110926;20.63;20.93;20.00;20.21;1434579;29426956.00
20110927;20.43;20.65;20.15;20.44;2430290;49436560.00
20110928;20.61;20.95;20.20;20.29;1517479;31264920.00
20110929;20.18;20.48;19.96;20.06;1770491;35788000.00
20110930;20.05;20.25;19.06;19.38;2186861;42723812.00
20111010;19.45;19.67;18.91;18.91;1604318;30699866.00
20111011;19.50;19.55;18.00;18.11;3382265;63365272.00
20111012;18.09;18.98;17.42;18.85;6234883;113841360.00
20111013;18.75;19.52;18.53;19.15;4277698;81932512.00
20111014;19.14;19.15;18.53;18.80;2592162;48752436.00
20111017;18.79;19.21;18.75;18.93;1728251;32797780.00
20111018;18.70;18.78;17.94;17.97;2609339;47834500.00
20111019;17.90;18.27;17.61;17.69;1660330;29707262.00
20111020;17.45;17.59;16.58;16.84;3293276;55911564.00
20111021;16.70;16.88;16.45;16.45;1386573;23095750.00
20111024;16.11;16.84;15.92;16.77;3592016;58722992.00
20111025;16.66;17.39;16.40;17.34;3423216;58077932.00
20111026;17.17;17.82;17.11;17.35;3830889;66878140.00
20111027;17.39;17.85;17.25;17.28;2933758;51321300.00
20111028;17.51;17.96;17.31;17.94;5030832;88745456.00
20111031;17.95;18.50;17.81;18.15;3718198;67574664.00
20111101;17.92;18.43;17.82;18.41;3710885;66971112.00
20111102;18.04;19.98;17.90;19.44;7854695;147509312.00
20111103;19.37;19.65;19.12;19.12;7347097;142758576.00
20111104;19.28;19.68;19.02;19.28;4662638;90162976.00
20111107;19.20;19.58;18.95;18.98;3076128;59193624.00
20111108;18.95;19.09;18.40;18.45;3095202;57894792.00
20111109;18.60;19.08;18.35;19.08;3226897;60444416.00
20111110;18.88;19.62;18.75;19.13;4968559;95427520.00
20111111;19.09;19.28;18.66;18.66;3022914;57384808.00
20111114;18.95;19.60;18.83;19.48;3966669;76726448.00
20111115;19.50;19.65;19.31;19.49;2677683;52093916.00
20111116;19.65;20.36;18.83;19.00;6353708;124795008.00
20111117;19.05;19.31;18.66;18.92;3071694;58238884.00
20111118;18.63;18.88;17.92;18.01;5307486;96692728.00
20111121;18.01;18.10;17.00;17.50;2326723;40816400.00
20111122;17.23;17.56;17.08;17.43;1494642;25967660.00
20111123;17.50;17.64;16.90;16.91;2223421;38450488.00
20111124;16.75;17.06;16.48;16.75;2507466;42122492.00
20111125;16.62;16.96;16.40;16.48;2015267;33633124.00
20111128;16.60;16.65;16.34;16.57;1350162;22309266.00
20111129;16.80;17.18;16.65;17.16;3064416;51798876.00
20111130;17.10;17.10;15.49;15.70;3685745;59972692.00
20111201;16.46;16.49;15.94;16.14;3817044;62034244.00
20111202;16.02;16.06;15.36;15.37;2779360;43213824.00
20111205;15.38;15.41;14.07;14.19;3535705;51650564.00
20111206;14.02;14.45;14.02;14.44;2404991;34295716.00
20111207;14.35;14.49;14.18;14.33;2051933;29422642.00
20111208;14.29;14.67;13.72;14.48;4689445;66917128.00
20111209;14.15;14.37;14.02;14.13;2511223;35576864.00
20111212;14.11;14.29;14.03;14.06;1849363;26160358.00
20111213;13.83;13.98;13.26;13.31;2836434;38288404.00
20111214;13.29;13.48;13.01;13.10;1705157;22673230.00
20111215;13.03;13.44;12.83;13.10;3362212;44033432.00
20111216;13.18;14.14;13.18;14.01;6911719;94028688.00
20111219;13.91;14.79;13.79;14.61;9340949;133026792.00
20111220;14.41;14.64;14.06;14.17;6527824;93837264.00
20111221;14.37;14.44;13.23;13.32;6184739;86804064.00
20111222;13.01;13.46;12.21;13.18;5864605;75381496.00
20111223;13.02;13.70;12.92;13.55;5236252;69981816.00
20111226;13.35;13.66;13.01;13.08;3487224;46672624.00
20111227;13.00;13.11;12.50;12.57;2967696;38100808.00
20111228;12.32;12.74;12.11;12.68;3137520;38778044.00
20111229;12.51;13.40;12.46;12.86;4330274;56198320.00
20111230;12.88;13.30;12.88;13.14;3353430;43834460.00
20120104;13.26;13.78;12.66;12.66;4033262;53536500.00
20120105;12.56;12.85;12.15;12.23;3680802;45852120.00
20120106;12.09;12.75;11.90;12.71;3860939;47450072.00
20120109;12.71;13.98;12.48;13.78;7656240;102544760.00
20120110;13.60;14.35;13.55;14.29;8333925;116484608.00
20120111;14.21;14.45;13.91;14.30;6706181;95219984.00
20120112;14.18;14.75;13.94;13.98;7989983;113998552.00
20120113;13.90;13.99;13.18;13.19;7039646;95316560.00
20120116;12.85;13.05;12.40;12.41;4384702;55853448.00
20120117;12.40;13.63;12.40;13.48;5417527;70397952.00
20120118;13.49;13.69;12.60;12.72;5952804;78426416.00
20120119;12.72;13.99;12.23;13.99;9918480;133640888.00
20120120;14.48;14.74;14.20;14.49;12456664;180225072.00
20120130;14.42;14.74;14.10;14.20;10781261;155503616.00
20120131;13.86;13.95;13.05;13.42;11992082;161121696.00
20120201;13.30;13.80;13.15;13.46;8110312;109782592.00
20120202;13.47;13.86;13.12;13.86;7533187;101824328.00
20120203;13.67;14.56;13.67;14.32;10322566;146469984.00
20120206;14.37;14.68;14.03;14.58;9399148;134886640.00
20120207;14.45;14.45;13.90;14.08;6637740;93828416.00
20120208;14.08;15.07;13.96;14.93;10613366;154982576.00
20120209;14.89;15.46;14.75;14.89;12839260;193548064.00
20120210;14.77;15.20;14.66;15.15;8239708;123170248.00
20120213;14.90;15.43;14.84;15.18;7746253;117508904.00
20120214;15.15;15.27;14.85;14.96;4904543;73506528.00
20120215;14.92;15.58;14.72;15.40;8525231;129582064.00
20120216;15.33;15.48;14.98;15.19;5953459;90646880.00
20120217;15.24;15.32;14.75;14.93;5016411;75146792.00
20120220;15.15;15.29;14.91;14.91;4718540;71132584.00
20120221;14.88;15.67;14.70;15.55;7975272;121347936.00
20120222;15.60;15.93;15.47;15.80;9507006;149444896.00
20120223;15.77;15.87;15.35;15.56;7118097;111156072.00
20120224;15.48;15.88;15.48;15.74;6689352;104914488.00
20120227;15.92;15.97;15.57;15.57;9099565;143370336.00
20120228;15.44;15.57;14.95;15.13;7172208;108953488.00
20120229;14.96;15.08;14.69;14.75;5389354;79930768.00
20120301;14.70;15.06;14.62;14.86;5954512;88326232.00
20120302;14.90;15.06;14.85;15.00;7434091;111078216.00
20120305;15.01;15.10;14.76;14.80;6153531;91943176.00
20120306;14.62;14.70;14.30;14.40;6609129;95492424.00
20120307;14.19;14.63;14.15;14.42;4125257;59531668.00
20120308;14.43;14.90;14.43;14.63;4747928;69683416.00
20120309;14.68;15.00;14.66;14.96;4700037;69680528.00
20120312;15.03;15.14;14.80;14.93;4025509;60170576.00
20120313;14.94;15.45;14.88;15.28;7361445;111745896.00
20120314;15.34;15.40;14.04;14.20;9383635;139444016.00
20120315;14.19;14.32;13.35;13.47;6648634;91040784.00
20120316;13.51;13.73;13.31;13.73;4610371;62602916.00
20120319;13.70;13.98;13.40;13.83;4754769;64802800.00
20120320;13.85;13.85;13.31;13.32;4319404;58198288.00
20120321;13.40;13.56;13.20;13.51;3207074;42971044.00
20120322;13.54;13.67;13.27;13.49;2875350;38779616.00
20120323;13.44;13.44;13.02;13.11;3301475;43623856.00
20120326;13.13;13.28;12.95;13.10;2148661;28126812.00
20120327;13.15;13.23;12.75;12.79;3249541;42293424.00
20120328;12.76;12.76;12.10;12.11;3777331;46564428.00
20120329;12.01;12.21;11.80;11.92;2892963;34791620.00
20120330;11.67;11.67;10.73;10.73;10452779;113614248.00
20120405;10.46;10.94;10.29;10.86;6334411;67368088.00
20120406;10.80;10.94;10.57;10.88;4651417;50117976.00
20120409;10.86;11.03;10.66;10.72;4232750;45818404.00
20120410;10.76;10.89;10.20;10.67;4222642;44505544.00
20120411;10.40;10.87;10.32;10.70;3062242;32505576.00
20120412;10.70;10.96;10.62;10.94;4959051;53692344.00
20120413;11.00;11.13;10.94;11.04;4859093;53551612.00
20120416;10.98;11.09;10.86;11.02;3375513;37001024.00
20120417;11.03;11.18;10.90;10.93;3675218;40515764.00
20120418;10.94;11.30;10.88;11.21;4848534;53799912.00
20120420;11.06;11.18;10.95;11.15;4522347;50114180.00
20120423;11.00;11.00;10.04;10.04;10430680;106640984.00
20120424;9.61;9.88;9.50;9.81;7152957;69468272.00
20120425;9.71;9.91;9.67;9.87;4159238;40858876.00
20120426;9.88;9.89;9.66;9.79;4093021;39986820.00
20120427;9.70;10.20;9.60;10.05;5029126;49569660.00
20120502;10.28;10.39;10.06;10.28;4955949;50752232.00
20120503;10.15;10.35;10.11;10.20;2529726;25858812.00
20120504;10.20;10.49;10.17;10.39;3230451;33509248.00
20120507;10.25;10.70;10.19;10.60;3482752;36242168.00
20120508;10.60;10.66;10.42;10.52;3267711;34478532.00
20120509;10.40;10.40;10.15;10.17;2171746;22221296.00
20120510;10.10;10.59;10.10;10.49;3571189;36963412.00
20120511;10.48;10.61;10.25;10.33;2804175;29253590.00
20120514;10.26;10.42;9.98;10.00;3102735;31602104.00
20120515;9.95;9.96;9.70;9.81;3033527;29831536.00
20120516;9.80;9.95;9.75;9.78;2188758;21534154.00
20120517;9.83;10.10;9.73;10.01;2280435;22573592.00
20120518;9.88;10.16;9.82;9.94;3174897;31790604.00
20120521;9.83;9.91;9.63;9.71;2646451;25777462.00
20120522;9.80;9.90;9.73;9.86;1761329;17293306.00
20120523;9.86;9.86;9.50;9.63;2523255;24366116.00
20120524;9.66;10.33;9.64;9.97;5536214;55749700.00
20120525;9.95;9.95;9.52;9.57;3047314;29518466.00
20120528;9.52;9.54;9.11;9.47;2896020;26950896.00
20120529;9.48;9.79;9.36;9.66;2380971;22998738.00
20120530;9.62;9.95;9.60;9.77;2424160;23724186.00
20120531;9.79;10.09;9.68;9.90;3218214;31874382.00
20120601;10.00;10.00;9.68;9.78;2716695;26598714.00
20120604;9.60;9.60;9.32;9.38;2432232;23040102.00
20120605;9.42;9.46;9.29;9.35;1740761;16312579.00
20120606;9.37;9.49;9.32;9.39;1348025;12662045.00
20120607;9.46;9.58;9.31;9.42;2288138;21586042.00
20120608;9.48;9.49;9.16;9.22;1674433;15633858.00
20120611;9.25;9.44;9.22;9.44;1334714;12488615.00
20120612;9.40;9.60;9.30;9.44;1706163;16169859.00
20120613;9.46;9.61;9.43;9.61;1959728;18694028.00
20120614;9.56;9.67;9.44;9.47;1917740;18278602.00
20120615;9.52;9.57;9.38;9.54;1535965;14584342.00
20120618;9.58;10.16;9.56;9.83;5441845;53770700.00
20120619;9.76;9.82;9.63;9.71;3265180;31728726.00
20120620;9.76;9.85;9.70;9.76;2173882;21253248.00
20120621;9.80;9.80;9.45;9.49;2420642;23171718.00
20120625;9.43;9.47;9.10;9.13;1958925;18173124.00
20120626;9.10;9.32;9.04;9.19;1721666;15835221.00
20120627;9.20;9.26;9.08;9.09;1642095;15056224.00
20120628;9.15;9.23;8.87;8.88;1715209;15596291.00
20120629;8.75;9.77;8.72;9.26;3794103;34720248.00
20120702;9.25;9.41;9.17;9.30;2878027;26681640.00
20120703;9.26;9.48;9.15;9.22;2273628;21104072.00
20120704;9.33;9.44;9.18;9.28;2514315;23392906.00
20120705;9.27;9.27;8.79;8.85;2548856;22768446.00
20120706;8.94;8.98;8.63;8.93;1866649;16509040.00
20120709;8.88;8.90;8.25;8.26;3883905;33150622.00
20120710;8.25;8.49;8.07;8.28;2571553;21243140.00
20120711;8.24;8.32;8.11;8.28;1602663;13165664.00
20120712;8.27;8.41;8.11;8.34;1836450;15224823.00
20120713;8.27;8.53;8.22;8.22;2485975;20791742.00
20120716;7.79;7.79;7.40;7.40;4524660;34069224.00
20120717;7.40;7.53;7.29;7.45;2171573;16114956.00
20120718;7.38;7.64;7.38;7.64;2288478;17193608.00
20120719;7.60;7.79;7.52;7.63;2468498;18989552.00
20120720;7.67;7.80;7.55;7.60;2269064;17459596.00
20120723;7.50;7.55;7.32;7.44;4850430;35886096.00
20120724;7.39;7.57;7.39;7.54;2261508;16943652.00
20120725;7.49;7.69;7.45;7.49;1665850;12612413.00
20120726;7.47;7.63;7.40;7.45;1685814;12633695.00
20120727;7.46;7.56;7.41;7.50;1331373;9995747.00
20120730;7.43;7.50;6.91;7.00;3523436;24984516.00
20120731;6.96;6.99;6.79;6.87;1785699;12270473.00
20120801;6.90;7.06;6.86;6.98;1992389;13911186.00
20120802;6.98;7.17;6.98;7.04;2581589;18245532.00
20120803;7.00;7.16;7.00;7.15;2257615;16012570.00
20120806;7.07;7.29;7.05;7.27;2343922;16860850.00
20120807;7.27;7.60;7.25;7.40;3510517;26009770.00
20120808;7.37;7.43;7.31;7.41;2057014;15173337.00
20120809;7.42;7.50;7.28;7.45;2257773;16686024.00
20120810;7.44;7.57;7.42;7.50;2324818;17432328.00
20120813;7.48;7.49;7.16;7.18;2799351;20446316.00
20120814;7.15;7.21;6.93;7.17;2603258;18417448.00
20120815;7.17;7.23;7.03;7.09;1526709;10861391.00
20120816;7.00;7.13;7.00;7.13;1072873;7593393.50
20120817;7.31;7.84;7.30;7.41;7521007;56786408.00
20120820;7.18;7.32;7.06;7.26;4222648;30306338.00
20120821;7.24;7.55;7.20;7.45;4898487;36056248.00
20120822;7.41;7.55;7.32;7.39;3799399;28191688.00
20120823;7.37;7.52;7.25;7.52;3715084;27548286.00
20120824;7.45;7.50;7.20;7.21;3636589;26636978.00
20120827;7.14;7.15;6.86;6.94;3166024;22067402.00
20120828;6.97;7.13;6.88;7.01;2397671;16885390.00
20120829;7.02;7.27;6.85;7.04;4851986;34455876.00
20120830;6.95;7.08;6.56;6.73;5161397;35245524.00
20120831;6.82;7.10;6.82;6.83;3845838;26690940.00
20120903;6.72;6.96;6.61;6.90;2875835;19560550.00
20120904;6.86;7.06;6.83;6.94;3509763;24404416.00
20120905;6.83;7.63;6.81;7.34;10108994;74317936.00
20120906;7.26;7.44;7.16;7.31;6450693;46801924.00
20120907;7.30;7.63;7.22;7.61;9286524;69301376.00
20120910;7.59;7.74;7.48;7.74;6297246;48226244.00
20120911;7.68;7.93;7.60;7.86;6563370;50929840.00
20120912;7.86;7.89;7.63;7.74;5311963;41105620.00
20120913;8.06;8.45;7.78;7.80;15620513;126917656.00
20120914;7.78;7.97;7.50;7.60;8063500;61728896.00
20120917;7.48;7.59;7.20;7.20;4551047;33534912.00
20120918;7.13;7.33;7.12;7.20;2563974;18544382.00
20120919;7.20;7.33;7.18;7.26;1865214;13530937.00
20120920;7.26;7.26;6.86;6.87;2609321;18440758.00
20120921;6.87;6.98;6.81;6.85;1871594;12893221.00
20120924;6.80;7.00;6.70;6.92;2765058;18966156.00
20120925;6.94;6.98;6.80;6.80;1399465;9621903.00
20120926;6.82;6.85;6.58;6.60;1931314;12944666.00
20120927;6.65;6.92;6.35;6.75;2715998;18312422.00
20120928;6.73;6.91;6.70;6.86;1800624;12270186.00
20121008;6.85;6.94;6.81;6.87;1435483;9848448.00
20121009;6.86;7.12;6.86;7.10;2429678;17065276.00
20121010;7.08;7.26;7.01;7.21;3134749;22473098.00
20121011;7.17;7.18;7.06;7.10;2483128;17663010.00
20121012;7.20;7.24;6.81;6.89;4002780;27916050.00
20121015;6.71;6.77;6.20;6.32;9610557;61226456.00
20121016;6.36;6.53;6.36;6.38;4935801;31888548.00
20121017;6.39;6.52;6.34;6.46;3107396;19978398.00
20121018;6.48;6.63;6.46;6.62;4341293;28449774.00
20121019;6.66;6.66;6.54;6.58;2987490;19728788.00
20121022;6.52;6.67;6.51;6.65;2224514;14691724.00
20121023;6.65;6.73;6.64;6.66;3809732;25444452.00
20121024;6.70;6.85;6.62;6.82;4013275;27135816.00
20121025;6.80;7.04;6.76;6.77;6003356;41397008.00
20121026;6.80;6.83;6.50;6.50;3810703;25104296.00
20121029;6.70;7.15;6.70;7.15;12510077;88952008.00
20121030;7.18;7.35;6.88;6.99;15044990;106648248.00
20121031;6.90;7.12;6.56;6.93;9177440;63022492.00
20121101;6.86;7.16;6.84;7.07;9949334;69894784.00
20121102;7.05;7.05;6.89;7.01;4832309;33651732.00
20121105;6.99;7.01;6.70;6.80;5123331;34852712.00
20121106;6.87;6.87;6.57;6.72;4111455;27418832.00
20121107;6.73;6.82;6.66;6.70;2366430;15922687.00
20121108;6.58;6.59;6.33;6.34;4012544;25970564.00
20121109;6.26;6.37;6.25;6.31;2070245;13037390.00
20121112;6.34;6.40;6.30;6.40;1479125;9390425.00
20121113;6.40;6.47;6.16;6.19;2132471;13401158.00
20121114;6.21;6.24;6.10;6.22;1368879;8465675.00
20121115;6.18;6.20;6.02;6.02;2302446;14052954.00
20121116;6.05;6.05;5.87;5.92;2253731;13355212.00
20121119;5.92;6.00;5.87;5.98;1408824;8365075.00
20121120;5.99;6.06;5.96;5.97;1564529;9396254.00
20121121;5.95;6.10;5.89;6.09;1637587;9855706.00
20121122;6.08;6.08;5.98;6.02;1010367;6093821.00
20121123;6.05;6.07;5.98;6.01;1147580;6924834.00
20121126;6.01;6.03;5.81;5.85;1859898;10952504.00
20121127;5.81;5.82;5.55;5.58;2474206;13984759.00
20121128;5.52;5.66;5.47;5.54;1694979;9387069.00
20121129;5.58;5.66;5.49;5.50;2014427;11263425.00
20121130;5.50;5.58;5.46;5.56;1280962;7095809.00
20121203;5.51;5.58;5.30;5.30;1981852;10720309.00
20121204;5.30;5.41;5.21;5.38;1531717;8111174.50
20121205;5.35;5.67;5.34;5.56;2885451;16033009.00
20121206;5.56;5.64;5.53;5.57;2027206;11308939.00
20121207;5.55;5.75;5.54;5.72;2737324;15478840.00
20121210;5.73;5.93;5.66;5.88;3499029;20407850.00
20121211;5.90;6.07;5.81;5.81;3739106;22201578.00
20121212;5.80;5.88;5.69;5.80;2130455;12260767.00
20121213;5.85;5.96;5.70;5.73;2693505;15776749.00
20121214;5.67;6.08;5.65;6.02;4769930;28054184.00
20121217;6.03;6.24;5.94;6.10;6358674;38585692.00
20121218;6.09;6.21;5.97;6.13;5188170;31506562.00
20121219;6.12;6.25;6.01;6.08;3169770;19412992.00
20121220;6.37;6.55;6.02;6.10;9888818;61890792.00
20121221;6.06;6.15;5.99;6.01;4700740;28398190.00
20121224;5.96;6.18;5.92;6.10;4634215;28142108.00
20121225;6.08;6.20;6.01;6.19;5174855;31757754.00
20121226;6.17;6.31;6.16;6.28;5014547;31251692.00
20121227;6.29;6.40;6.18;6.26;5394615;33936624.00
20121228;6.19;6.27;6.12;6.23;4258696;26398454.00
20121231;6.20;6.23;6.10;6.13;4542390;27981432.00
20130104;6.19;6.39;6.18;6.29;7528178;47456360.00
20130107;6.28;6.39;6.23;6.38;4910915;31101256.00
20130108;6.38;6.50;6.28;6.43;5820049;37164000.00
20130109;6.44;6.62;6.36;6.44;6522816;42335512.00
20130110;6.40;6.74;6.37;6.72;10801531;71256976.00
20130111;6.67;6.77;6.43;6.48;8095438;53531488.00
20130114;6.42;6.66;6.42;6.64;6482153;42552860.00
20130115;6.66;6.86;6.59;6.76;6510273;44000572.00
20130116;6.78;6.81;6.53;6.66;5099640;34066772.00
20130117;6.65;6.68;6.46;6.52;3821247;25060248.00
20130118;6.55;6.63;6.46;6.60;3569032;23391634.00
20130121;6.64;6.65;6.55;6.61;3492804;23054540.00
20130122;6.59;6.65;6.40;6.46;3764028;24656942.00
20130123;6.44;6.47;6.29;6.39;3783530;24150830.00
20130124;6.40;6.47;6.16;6.17;4153182;26252038.00
20130125;6.15;6.29;6.14;6.27;2595308;16071592.00
20130128;6.28;6.29;6.18;6.29;8036784;50025840.00
20130129;6.30;6.34;6.25;6.28;3902606;24548810.00
20130130;6.29;6.30;6.15;6.23;4139442;25735450.00
20130131;6.13;6.13;5.95;6.01;5872893;35319664.00
20130201;5.99;6.07;5.96;6.03;3113374;18759502.00
20130204;6.04;6.08;5.93;5.94;3105376;18590428.00
20130205;5.92;6.02;5.88;6.02;2446581;14587485.00
20130206;6.02;6.08;6.00;6.05;2783042;16814146.00
20130207;6.04;6.04;5.90;5.91;5751968;34175376.00
20130208;5.94;6.05;5.92;6.02;3373220;20256584.00
20130218;6.07;6.27;6.04;6.25;6908111;42728720.00
20130219;6.22;6.40;6.18;6.32;8532980;53850840.00
20130220;6.28;6.43;6.23;6.43;6971570;44147280.00
20130221;6.38;6.53;6.27;6.32;6560415;41967880.00
20130222;6.31;6.36;6.24;6.25;3509716;22057274.00
20130225;6.27;6.38;6.26;6.35;3139077;19875590.00
20130226;6.31;6.45;6.15;6.16;3989930;25262314.00
20130227;6.17;6.26;6.12;6.16;3516180;21732852.00
20130228;6.24;6.58;6.17;6.42;8829700;56570828.00
20130301;6.32;6.65;6.31;6.55;8421484;54413960.00
20130304;6.47;6.63;6.25;6.30;7148304;45929824.00
20130305;6.30;6.47;6.28;6.45;5537542;35478452.00
20130306;6.46;6.76;6.44;6.67;9534444;63190040.00
20130307;6.64;6.92;6.55;6.66;8812497;59347548.00
20130308;6.67;6.76;6.46;6.50;4937521;32399004.00
20130311;6.49;6.54;6.43;6.46;3371707;21833004.00
20130312;6.46;6.52;6.07;6.15;5069607;31736012.00
20130313;6.18;6.18;5.93;5.99;3656496;22001170.00
20130314;6.00;6.06;5.93;5.99;1761251;10572095.00
20130315;5.98;6.12;5.96;6.01;3076037;18583482.00
20130318;6.00;6.00;5.80;5.82;2563112;15111771.00
20130319;5.85;5.86;5.54;5.73;4295735;24435696.00
20130320;5.69;5.90;5.69;5.90;2991121;17409524.00
20130321;5.88;5.96;5.86;5.91;2919127;17280652.00
20130322;5.85;5.91;5.81;5.91;2083160;12220290.00
20130325;5.90;5.91;5.84;5.90;2074346;12192965.00
20130326;5.90;6.08;5.75;6.04;4701687;27888966.00
20130327;6.00;6.04;5.83;5.92;2961553;17635906.00
20130328;5.89;5.89;5.68;5.69;2652206;15301072.00
20130329;5.70;5.85;5.67;5.70;2034410;11686392.00
20130401;5.64;5.76;5.60;5.73;1858676;10607927.00
20130402;5.73;5.81;5.65;5.72;1675796;9604742.00
20130403;5.74;5.76;5.60;5.67;1846039;10434774.00
20130408;5.57;5.71;5.53;5.70;1895213;10628221.00
20130409;5.69;5.78;5.66;5.72;1196490;6857828.50
20130410;5.81;5.93;5.77;5.82;3673045;21490712.00
20130411;5.80;5.85;5.72;5.77;1866100;10824460.00
20130412;5.77;5.84;5.75;5.81;1486854;8617832.00
20130415;5.82;5.82;5.61;5.62;2095900;11898904.00
20130416;5.52;5.68;5.51;5.65;1082377;6051591.00
20130417;5.65;5.68;5.61;5.65;709823;4008565.75
20130418;5.65;5.73;5.62;5.65;716733;4074327.75
20130419;5.64;5.82;5.64;5.80;1883084;10860442.00
20130422;5.74;6.10;5.70;6.05;5841739;34814456.00
20130423;6.02;6.17;5.97;6.13;6286064;38191072.00
20130424;6.05;6.20;6.01;6.17;5325281;32517306.00
20130425;6.17;6.17;6.01;6.02;3148995;19201924.00
20130426;6.03;6.26;5.97;6.10;4740276;28865534.00
20130502;6.06;6.23;6.01;6.17;4952692;30548552.00
20130503;6.16;6.47;6.12;6.37;8457358;53515440.00
20130506;6.37;6.39;6.25;6.29;8389248;52907224.00
20130507;6.29;6.54;6.28;6.40;12299977;78929728.00
20130508;6.37;6.42;6.25;6.36;8965804;56715980.00
20130509;6.30;6.33;5.96;6.10;9967206;60875532.00
20130510;6.04;6.07;5.85;5.98;11550050;68918288.00
20130513;5.95;6.06;5.95;6.05;5181308;31200776.00
20130514;6.03;6.06;5.85;6.01;5279858;31518542.00
20130515;6.03;6.18;6.00;6.16;7152792;43610372.00
20130516;6.24;6.38;6.12;6.16;11018676;68981432.00
20130517;6.08;6.55;6.08;6.46;15050679;95895728.00
20130520;6.41;6.74;6.37;6.65;15538146;101577472.00
20130521;6.88;6.95;6.52;6.69;15330198;103070960.00
20130522;6.73;7.15;6.68;6.75;17510690;120458896.00
20130523;6.57;6.73;6.49;6.53;10715552;70556552.00
20130524;6.54;6.95;6.54;6.85;10475879;70773696.00
20130527;6.85;6.97;6.72;6.89;9987976;68349328.00
20130528;6.85;6.94;6.62;6.70;7455231;50309516.00
20130529;6.70;6.96;6.69;6.91;8092295;55611452.00
20130530;6.88;6.93;6.79;6.85;6161721;42109704.00
20130531;6.84;7.34;6.83;6.97;13586336;96565296.00
20130626;6.27;6.77;6.27;6.56;21054373;135824352.00
20130627;6.47;7.22;6.33;7.22;26034411;176655664.00
20130628;7.05;7.78;6.97;7.36;27739890;203229984.00
20130701;7.23;7.86;7.07;7.73;21035089;157617296.00
20130702;7.60;7.92;7.51;7.60;17580262;134376992.00
20130703;7.52;7.95;7.32;7.82;18039053;137792816.00
20130704;7.72;7.82;7.41;7.47;15361703;117077696.00
20130705;7.42;7.63;7.10;7.14;12212810;90221776.00
20130708;6.91;6.91;6.50;6.58;15074907;100937896.00
20130709;6.52;6.70;6.45;6.65;7374282;48495468.00
20130710;6.60;6.84;6.55;6.82;8079150;54187324.00
20130711;6.82;6.96;6.66;6.84;8594203;58674332.00
20130712;7.29;7.52;7.08;7.12;15743499;114910648.00
20130715;7.18;7.75;7.11;7.51;14284848;107608112.00
20130716;7.69;7.83;7.41;7.60;16772416;128466440.00
20130717;7.60;7.61;7.35;7.37;9925310;74172376.00
20130718;7.37;8.11;7.31;8.11;20602545;163789568.00
20130719;8.23;8.50;7.98;7.98;21295764;175985056.00
20130722;7.85;8.30;7.80;8.26;12935996;104497992.00
20130723;8.22;8.33;8.03;8.26;10396471;85046632.00
20130724;8.24;8.30;7.90;8.08;10794352;87807408.00
20130725;8.04;8.07;7.55;7.57;11255451;87606712.00
20130726;7.61;8.33;7.51;8.33;14191531;113776304.00
20130729;8.71;8.95;8.48;8.52;21328154;185359024.00
20130730;8.40;8.52;7.67;8.00;14172238;114420120.00
20130731;7.90;8.60;7.80;8.12;11094050;91165128.00
20130801;8.09;8.50;8.05;8.37;9052927;75534592.00
20130802;8.43;9.19;8.37;8.64;15910375;140436992.00
20130805;8.59;8.78;8.46;8.62;8739227;75306624.00
20130806;8.63;9.01;8.52;8.84;11425182;100432400.00
20130807;8.78;8.93;8.40;8.50;10729583;92061984.00
20130808;8.38;8.65;8.25;8.57;6930670;58758288.00
20130809;8.50;8.64;8.17;8.34;8855187;74015936.00
20130812;8.34;8.53;8.24;8.48;7941767;66410592.00
20130813;8.46;8.48;8.30;8.36;7937200;66456136.00
20130814;8.37;8.42;8.05;8.18;7463024;61247532.00
20130815;8.14;8.30;8.01;8.24;4561003;37489848.00
20130816;8.18;8.52;8.07;8.10;7634519;63559044.00
20130819;8.01;8.29;7.91;8.29;4383307;35783036.00
20130820;8.28;8.49;8.24;8.48;6908240;57917516.00
20130821;8.42;8.47;8.18;8.33;8164897;67907808.00
20130822;8.29;8.41;8.20;8.23;4497248;37323232.00
20130823;8.23;8.36;7.56;7.86;8145390;64292496.00
20130826;7.83;8.05;7.81;7.96;5352904;42503732.00
20130827;7.93;8.02;7.85;7.91;4625030;36594208.00
20130828;7.87;7.91;7.60;7.66;6405323;49787040.00
20130829;7.65;7.87;7.62;7.82;5373726;41516124.00
20130830;7.79;7.79;7.21;7.35;11178098;83355424.00
20130902;7.36;7.50;7.30;7.43;5389122;39844524.00
20130903;7.40;7.50;7.37;7.45;5701514;42395068.00
20130904;7.44;7.45;7.27;7.41;4550638;33532384.00
20130905;7.42;7.78;7.41;7.66;9198852;70276288.00
20130906;7.65;7.75;7.57;7.66;5315822;40765032.00
20130909;7.66;7.68;7.48;7.59;4710967;35632968.00
20130910;7.56;7.78;7.55;7.71;4539721;34945832.00
20130911;7.72;7.75;7.41;7.44;4675194;35120212.00
20130912;7.52;7.60;7.42;7.50;3295819;24701284.00
20130913;7.46;7.57;7.34;7.55;3293019;24568624.00
20130916;7.55;7.69;7.53;7.57;3029759;23078290.00
20130917;7.57;7.78;7.56;7.61;4640175;35590084.00
20130918;7.51;7.71;7.51;7.70;3009708;23033226.00
20130923;7.68;8.05;7.68;8.03;8343103;66061552.00
20130924;7.98;8.06;7.86;7.95;5366398;42591132.00
20130925;7.88;7.91;7.48;7.55;9602692;73539600.00
20130926;7.55;7.60;7.27;7.32;5516184;40882432.00
20130927;7.28;7.39;7.28;7.31;2926510;21478598.00
20130930;7.35;7.52;7.34;7.51;3344534;24866176.00
20131008;7.50;7.59;7.39;7.59;5290218;39592084.00
20131009;7.56;7.56;7.48;7.56;3847111;28929500.00
20131010;7.53;7.78;7.49;7.56;5279387;40347584.00
20131011;7.56;7.83;7.53;7.80;6954384;53624000.00
20131014;7.81;7.81;7.66;7.75;4816636;37258456.00
20131015;7.64;7.64;7.45;7.47;6807098;51218544.00
20131016;7.49;7.54;7.25;7.29;3891687;28674738.00
20131017;7.32;7.50;7.30;7.35;3584914;26432098.00
20131018;7.35;7.40;7.28;7.34;2415621;17737734.00
20131021;7.31;7.52;7.21;7.50;4227226;31345282.00
20131022;7.50;7.80;7.43;7.65;7902197;60704544.00
20131023;7.62;7.68;7.33;7.34;5337358;39950864.00
20131024;7.37;7.47;7.28;7.37;2752760;20307800.00
20131025;7.37;7.58;7.33;7.42;4177346;31168734.00
20131028;7.40;7.40;7.00;7.12;4678875;33543022.00
20131029;7.10;7.16;6.49;6.63;5628665;38343984.00
20131030;6.63;6.78;6.60;6.74;2346250;15683930.00
20131031;6.74;6.77;6.61;6.66;1778814;11894517.00
20131101;6.66;6.68;6.46;6.58;2057393;13537975.00
20131105;6.86;7.24;6.80;7.24;3808611;27096956.00
20131106;7.50;7.96;7.39;7.68;21695092;168520544.00
20131107;7.31;7.52;7.27;7.41;8993009;66633408.00
20131108;7.39;7.80;7.29;7.55;10770270;81898080.00
20131111;7.65;7.88;7.54;7.62;5894430;45224860.00
20131112;7.48;7.77;7.34;7.42;7846318;58773400.00
20131113;7.44;7.47;6.87;6.93;8877176;63826996.00
20131114;6.86;7.12;6.82;7.12;5673919;39670240.00
20131115;7.25;7.55;7.12;7.37;7818895;57461380.00
20131118;7.38;7.49;7.31;7.48;6028881;44769196.00
20131119;7.46;8.23;7.45;8.23;18994579;152282448.00
20131120;8.15;8.36;8.04;8.33;19433997;160033776.00
20131121;8.30;8.96;8.16;8.36;18327897;156999648.00
20131122;8.32;8.96;8.32;8.78;16786768;145696112.00
20131125;8.66;8.95;8.50;8.52;12509273;108488912.00
20131126;8.52;8.68;8.35;8.51;7603510;64691596.00
20131127;8.55;8.70;8.42;8.61;8693594;74464752.00
20131128;8.53;8.79;8.49;8.54;9128492;78861560.00
20131129;8.54;9.00;8.50;8.90;12412286;109222216.00
20131202;8.45;8.68;8.01;8.01;13524115;111992736.00
20131203;7.71;8.48;7.55;8.40;13901821;112604208.00
20131204;8.30;9.24;8.25;9.24;14338239;127301688.00
20131205;9.65;10.16;9.42;9.50;36941323;363070944.00
20131206;10.13;10.45;9.76;9.95;38629718;393816128.00
20131209;9.50;9.90;9.47;9.59;21779808;210060320.00
20131210;9.51;10.17;9.51;9.59;27021170;264361248.00
20131211;9.30;9.32;8.74;8.99;19519139;176368768.00
20131212;9.05;9.20;8.93;9.00;12808406;115898280.00
20131213;9.10;9.10;8.90;8.99;8601024;77435592.00
20131216;9.07;9.07;8.57;8.82;6642030;58719324.00
20131217;8.88;8.97;8.67;8.74;8361563;73788096.00
20131218;8.85;9.05;8.61;8.72;12003768;106409976.00
20131219;8.70;8.83;8.45;8.45;6990182;60459760.00
20131220;8.46;8.55;8.04;8.13;7760345;64243744.00
20131223;8.08;8.21;7.95;8.17;3975893;32264850.00
20131224;8.17;8.26;7.98;8.12;4448722;36270144.00
20131225;8.11;8.48;8.07;8.38;6640638;55211176.00
20131226;8.35;8.81;8.30;8.40;13045092;111718824.00
20131227;8.44;8.70;8.29;8.57;9581694;81808848.00
20131230;8.56;8.68;8.45;8.57;6816408;58513300.00
20131231;8.49;8.56;8.16;8.21;6879712;57201496.00
20140102;8.20;8.70;8.15;8.59;8320125;70907624.00
20140103;8.50;9.00;8.50;8.85;13299915;117605064.00
20140106;8.75;9.08;8.60;8.65;9976398;88005720.00
20140107;8.56;8.96;8.48;8.95;8131272;70803992.00
20140108;9.01;9.25;8.88;8.93;9561034;86681496.00
20140109;8.96;9.14;8.52;8.56;8509396;75433736.00
20140110;8.49;8.54;8.19;8.22;5450888;45364060.00
20140113;8.23;8.32;7.90;7.98;5951526;48405912.00
20140114;8.01;8.19;7.97;8.19;9011984;72808296.00
20140115;8.16;8.38;8.11;8.35;11805982;97530184.00
20140116;8.33;8.52;8.24;8.43;10543332;88427008.00
20140117;8.40;8.47;8.24;8.26;6140789;51176660.00
20140120;8.25;8.39;8.11;8.35;6531701;53965780.00
20140121;8.35;9.19;8.32;9.19;14576973;129158896.00
20140122;9.30;9.37;9.06;9.25;19658103;181052384.00
20140123;9.27;9.50;9.10;9.39;16181626;151140544.00
20140124;9.47;9.59;9.32;9.50;13477000;127277848.00
20140127;9.53;10.32;9.42;9.68;17857289;175131360.00
20140128;9.50;9.73;9.18;9.31;12611995;119075016.00
20140129;9.31;9.67;9.31;9.55;8548768;81092280.00
20140130;9.45;9.49;9.21;9.23;6132614;57092308.00
20140207;9.17;9.77;9.00;9.71;9695813;92210096.00
20140210;9.88;10.68;9.76;10.68;14917278;151495344.00
20140211;11.00;11.25;10.61;10.88;24959886;274032960.00
20140212;10.72;11.45;10.72;11.16;17818357;199585232.00
20140213;11.00;11.14;10.46;10.49;13844873;150246464.00
20140214;10.48;11.16;10.18;11.14;15080475;161814336.00
20140217;11.24;11.46;11.11;11.30;17104408;193162192.00
20140218;11.25;11.60;11.03;11.32;15314547;173367616.00
20140219;11.24;11.34;10.98;10.99;10352133;115087528.00
20140220;10.85;10.97;10.35;10.51;11340726;120004992.00
20140221;10.53;10.80;10.46;10.68;6254208;66592740.00
20140224;10.60;11.09;10.35;11.09;8476200;90842640.00
20140225;11.16;11.55;9.98;10.05;16997830;184043440.00
20140226;9.84;10.22;9.63;10.10;8538372;84970064.00
20140227;10.18;10.31;9.55;9.60;12427140;123795280.00
20140228;9.67;9.99;9.40;9.92;7677251;74788616.00
20140604;8.93;9.16;8.93;8.93;8758900;78268888.00
20140605;8.50;8.68;8.26;8.43;22071485;186196096.00
20140606;8.45;8.65;8.36;8.46;14642002;124417064.00
20140609;8.41;8.70;8.38;8.53;10802355;92004160.00
20140611;8.88;9.33;8.56;8.84;17644850;155181584.00
20140612;8.70;8.80;8.38;8.40;12491793;106743848.00
20140613;8.30;8.48;8.26;8.44;7790830;65557872.00
20140616;8.40;8.70;8.37;8.60;8430705;71922584.00
20140617;8.58;8.66;8.41;8.46;5530576;47016400.00
20140618;8.46;9.31;8.46;8.80;20655876;185085808.00
20140619;8.65;8.84;8.01;8.29;11333749;96752144.00
20140620;8.17;8.37;8.10;8.32;5213686;43072604.00
20140623;8.30;8.50;8.27;8.42;5710722;48084928.00
20140624;8.43;8.45;8.24;8.41;5476547;45796164.00
20140625;8.41;8.74;8.37;8.51;8132148;69725656.00
20140626;8.50;8.73;8.48;8.67;8822973;76034384.00
20140627;8.64;8.86;8.53;8.71;8012989;69747888.00
20140630;8.75;8.98;8.58;8.91;10606132;93099944.00
20140701;8.94;8.98;8.77;8.89;10095952;89634376.00
20140702;8.86;8.88;8.64;8.80;9433173;82682000.00
20140703;8.80;8.90;8.70;8.89;8255857;72616240.00
20140704;8.88;9.05;8.72;8.98;11291881;100623608.00
20140707;8.91;8.96;8.76;8.84;7597169;67270552.00
20140708;8.84;8.95;8.66;8.93;8098765;71501920.00
20140709;8.86;8.89;8.62;8.64;9055810;79523720.00
20140710;8.65;8.78;8.51;8.55;5560566;48122044.00
20140711;8.55;8.68;8.54;8.65;5536349;47707976.00
20140714;8.46;8.62;8.39;8.60;7704718;65594880.00
20140715;8.58;8.61;8.44;8.52;4892662;41587380.00
20140716;8.50;8.61;8.37;8.38;4746678;40280624.00
20140717;8.38;8.45;8.22;8.28;3683696;30745690.00
20140718;8.25;8.36;8.24;8.34;3239360;26937940.00
20140721;8.35;8.39;8.23;8.37;3355819;27945468.00
20140722;8.38;8.47;8.32;8.45;3044835;25648060.00
20140723;8.42;8.42;8.05;8.08;7432581;61173880.00
20140724;8.05;8.15;7.58;8.06;11143988;87501200.00
20140725;7.98;8.10;7.91;8.02;3638011;29148720.00
20140728;8.03;8.21;8.02;8.19;4165261;33879936.00
20140729;8.21;8.30;8.13;8.25;4789283;39422856.00
20140730;8.25;8.39;8.20;8.33;4457626;36952100.00
20140731;8.31;8.43;8.29;8.40;5048552;42225916.00
20140801;8.40;8.47;8.26;8.29;6484854;54401912.00
20140804;8.25;8.36;8.22;8.33;4191228;34816472.00
20140805;8.36;8.63;8.28;8.62;8728222;74220664.00
20140806;8.62;8.70;8.54;8.64;7525324;64925396.00
20140807;8.64;8.74;8.55;8.57;7273356;62777164.00
20140808;8.57;8.66;8.53;8.64;4239812;36485040.00
20140811;8.65;8.81;8.65;8.80;6517255;57010656.00
20140812;8.79;8.82;8.71;8.76;4697938;41077256.00
20140813;8.76;8.76;8.40;8.73;7372585;63631784.00
20140814;9.09;9.38;8.90;8.93;18863658;171217728.00
20140815;8.83;9.79;8.83;9.48;21758450;204014800.00
20140818;9.48;10.37;9.36;10.09;22303481;218510528.00
20140819;9.99;10.18;9.71;9.88;12731233;126128976.00
20140820;9.85;10.12;9.71;9.82;11480072;114006488.00
20140821;9.81;10.03;9.71;9.98;9689668;95497616.00
20140822;9.88;10.00;9.54;9.88;14016561;136286256.00
20140825;9.88;9.88;9.66;9.74;7028391;68559608.00
20140826;9.73;10.21;9.62;9.72;18827069;186543888.00
20140827;9.63;10.02;9.30;9.92;14184685;136826400.00
20140828;9.87;9.97;9.59;9.69;7607775;74299352.00
20140829;9.45;9.88;9.45;9.60;8156162;78282048.00
20140901;9.55;9.77;9.49;9.71;7011028;67811208.00
20140902;9.81;10.13;9.80;10.08;11325262;113070176.00
20140903;10.01;10.18;9.89;10.16;11293613;113339152.00
20140904;10.21;10.47;10.11;10.13;11184080;114601016.00
20140905;10.03;10.20;9.88;10.03;10239107;102552400.00
20140909;10.02;10.13;9.73;10.00;6278915;62282460.00
20141107;10.70;10.99;9.85;9.92;32894371;343076096.00
20141110;9.53;9.78;9.10;9.45;18669912;176043312.00
20141111;9.31;9.45;9.02;9.20;9669249;89214952.00
20141112;9.45;9.70;9.38;9.60;9462887;90252528.00
20141113;9.50;9.55;9.13;9.25;7075356;65751152.00
20141114;9.23;9.23;8.70;8.80;9698085;85875824.00
20141117;8.75;8.93;8.62;8.83;6714972;58981168.00
20141118;8.95;9.06;8.84;8.92;4946144;44127756.00
20141119;8.90;9.01;8.81;8.96;4691288;41938212.00
20141120;8.94;9.24;8.83;9.24;7230197;65932940.00
20141121;9.24;9.48;9.16;9.47;6204631;57605424.00
20141124;9.57;9.57;9.28;9.47;7161818;67348576.00
20141125;9.42;9.51;9.37;9.45;4583256;43293516.00
20141126;9.48;9.53;9.24;9.34;6841046;63963268.00
20141127;9.38;9.58;9.31;9.47;6490001;61331460.00
20141128;9.48;9.88;9.42;9.59;9458912;91679384.00
20141201;9.59;9.59;9.33;9.50;5430448;51309596.00
20141202;9.45;9.83;9.40;9.62;7048468;68096080.00
20141203;9.60;9.95;9.51;9.90;9967389;96431184.00
20141204;10.18;10.48;10.02;10.09;12170441;124114000.00
20141205;10.01;10.09;9.40;9.88;10334854;100725224.00
20141208;9.72;10.10;9.58;10.10;7970372;79155112.00
20141209;10.10;10.10;9.22;9.49;9967626;96414880.00
20141210;9.40;9.64;8.91;9.51;7232405;68170664.00
20141211;9.43;9.59;9.18;9.37;8289273;77294288.00
20141212;9.40;9.51;9.29;9.48;6103092;57439384.00
20141215;9.41;9.73;9.38;9.69;6129410;59031296.00
20141216;9.68;9.72;9.47;9.54;5593737;53371760.00
20141217;9.49;9.49;9.18;9.19;5967328;55531544.00
20141218;9.25;9.39;9.05;9.09;4965280;45661492.00
20141219;8.99;8.99;8.35;8.54;10222773;88351904.00
20141222;8.59;8.59;7.69;7.69;10910407;86057440.00
20141223;7.69;7.78;6.92;7.30;10653694;79706888.00
20141224;7.28;7.66;7.03;7.57;11173276;82518096.00
20141225;7.53;7.67;7.34;7.61;6561485;49508584.00
20141226;7.61;7.67;7.45;7.66;6500633;49181812.00
20141229;7.57;8.14;7.50;7.97;8905429;70043640.00
20141230;7.86;7.88;7.17;7.33;9538072;71522328.00
20141231;7.46;8.06;7.45;8.06;7192948;57035368.00
20150105;8.32;8.78;8.03;8.24;13236004;110322344.00
20150106;8.11;8.35;7.98;8.27;6539714;53632776.00
20150107;8.24;8.30;8.08;8.16;4090641;33453968.00
20150108;8.15;8.36;8.10;8.14;3862297;31735620.00
20150109;8.15;8.23;8.06;8.08;3207884;26107704.00
20150112;8.00;8.05;7.69;7.72;4312869;33698736.00
20150113;7.71;7.88;7.69;7.85;2757335;21454050.00
20150114;8.60;8.64;8.30;8.64;5215827;44736088.00
20150115;9.00;9.50;8.89;9.50;18227620;169113648.00
20150116;9.81;9.84;9.17;9.24;15706969;148033488.00
20150119;9.03;9.49;8.70;8.91;11608034;106164008.00
20150120;9.12;9.46;9.06;9.21;10568069;97683840.00
20150121;9.19;9.44;9.14;9.38;9388491;87366032.00
20150122;9.36;9.45;9.23;9.34;6614346;61597104.00
20150123;9.38;10.27;9.28;9.69;13551215;132824776.00
20150126;9.69;9.81;9.55;9.74;7144489;69198376.00
20150127;9.75;9.97;9.60;9.73;7040410;68910712.00
20150128;9.78;9.78;9.62;9.73;5193567;50421128.00
20150129;9.66;9.85;9.60;9.69;4375695;42424544.00
20150130;9.65;9.73;9.27;9.30;6680196;63039360.00
20150202;9.35;10.01;9.33;9.65;8375864;81485592.00
20150203;9.65;9.76;9.47;9.59;6054234;58279856.00
20150204;9.57;9.74;9.52;9.58;4675753;45040692.00
20150205;9.62;9.67;9.42;9.51;4196005;40172124.00
20150206;9.48;9.55;9.02;9.05;5190758;47871412.00
20150209;9.01;9.13;8.86;8.88;2812845;25189544.00
20150210;8.89;9.08;8.80;9.06;2408017;21498220.00
20150211;9.06;9.28;9.02;9.27;3044676;27903038.00
20150212;9.20;9.35;9.15;9.20;2692208;24858880.00
20150213;9.15;9.39;9.15;9.38;4081316;37988848.00
20150216;9.47;9.85;9.46;9.71;5917957;56971460.00
20150217;9.71;9.76;9.55;9.71;3986094;38482460.00
20150225;9.66;9.89;9.55;9.77;5043651;49281844.00
20150226;9.78;9.81;9.56;9.65;6477944;62444144.00
20150227;9.62;9.87;9.58;9.82;6892037;66956948.00
20150302;9.94;10.48;9.84;10.36;12223822;124976672.00
20150303;10.39;10.98;10.14;10.69;13842652;147488896.00
20150304;10.60;10.90;10.50;10.69;9693868;103674440.00
20150305;10.69;11.76;10.62;11.76;16239559;186498992.00
20150306;12.30;12.47;11.50;11.72;20471607;245819120.00
20150309;11.25;11.68;11.25;11.50;10939327;125219344.00
20150310;11.46;12.35;11.46;11.94;12125509;145246800.00
20150311;11.77;13.13;11.77;13.13;13000798;163497712.00
20150312;13.03;13.90;12.55;12.71;19640499;259458000.00
20150313;12.60;12.99;12.25;12.89;10361322;130844696.00
20150316;12.80;13.28;12.72;13.14;10395504;135996496.00
20150317;13.15;13.83;12.60;12.89;12553940;165337216.00
20150318;12.76;13.10;12.65;13.02;9528909;123033144.00
20150319;12.97;13.20;12.70;13.04;9085004;117563824.00
20150320;13.04;13.56;12.89;13.50;11166617;148322464.00
20150323;13.64;14.30;13.33;14.01;11554261;160793424.00
20150324;13.91;14.01;12.81;13.37;15194395;204443456.00
20150325;13.30;13.75;12.90;13.44;12973711;173342448.00
20150326;13.16;13.38;12.78;12.79;11113579;144812080.00
20150327;12.78;13.12;12.70;13.01;6398112;82738816.00
20150330;12.98;13.68;12.86;13.46;10640090;141749840.00
20150331;13.46;13.80;13.25;13.69;10439457;141344656.00
20150401;13.54;14.30;13.52;14.12;10426686;145996096.00
20150402;14.11;14.50;13.85;14.39;12818134;181472544.00
20150403;14.23;14.98;14.09;14.55;11756085;171377520.00
20150407;14.45;15.70;14.30;15.36;12570111;188382896.00
20150408;15.30;15.59;14.31;14.89;13170634;196021776.00
20150409;14.87;14.87;13.46;14.22;11674857;164966496.00
20150410;14.15;15.06;13.95;14.97;9930507;145727536.00
20150413;15.04;15.15;14.65;14.95;9532763;142060288.00
20150414;14.85;15.00;14.32;14.45;9462240;138429840.00
20150415;14.32;14.49;13.20;13.50;9189244;127488448.00
20150416;13.29;13.90;13.04;13.72;6817141;92692440.00
20150417;13.72;13.97;13.55;13.55;7190202;98835832.00
20150420;13.55;14.17;13.20;13.92;10462428;143252048.00
20150421;13.79;14.76;13.71;14.75;9956142;144699968.00
20150422;14.67;15.80;14.61;15.55;13538940;205175952.00
20150423;15.61;16.40;15.46;16.05;12348898;198282512.00
20150424;15.82;16.15;15.27;15.95;12844999;202325856.00
20150427;16.15;17.55;16.15;17.55;4761750;80937344.00
20150428;19.20;19.25;16.58;16.79;17341704;309285088.00
20150429;16.90;17.48;16.00;17.15;8338633;140772288.00
20150430;17.00;17.58;16.50;16.53;7429205;127060176.00
20150504;16.30;16.75;16.07;16.23;6577857;107160288.00
20150505;16.22;16.78;15.75;15.75;7174600;117001440.00
20150506;16.00;16.49;15.61;15.69;7044738;113319928.00
20150507;15.63;16.19;15.52;15.66;6236372;98428008.00
20150508;15.82;17.18;15.82;17.13;10870265;178903616.00
20150511;17.44;17.79;16.84;17.62;12370342;215194480.00
20150512;17.58;18.60;17.45;17.68;10652674;190476784.00
20150513;17.53;18.00;16.95;17.77;11222931;195398880.00
20150514;17.78;18.86;17.60;18.47;11516803;212117552.00
20150515;18.31;18.32;17.43;17.80;9262548;164961664.00
20150518;17.71;19.18;17.16;18.91;9838771;182352496.00
20150519;18.77;20.80;18.30;20.71;15281333;299154528.00
20150520;20.29;21.63;20.20;20.22;12555334;263766608.00
20150521;20.13;20.79;19.89;20.64;9580792;196122608.00
20150522;21.00;21.08;19.50;20.00;11631531;234330016.00
20150525;20.14;20.70;19.48;20.40;10328330;209350624.00
20150526;20.15;21.98;20.15;21.49;10008305;213522928.00
20150527;21.48;23.25;20.65;22.87;14159237;311551040.00
20150528;23.00;23.60;20.58;20.58;14400858;322443872.00
20150529;20.40;21.33;18.58;20.21;13117109;264707264.00
20150601;20.16;21.61;20.00;21.50;11380392;239401136.00
20150602;21.61;23.20;21.32;23.09;13668561;302784768.00
20150603;23.12;24.12;22.30;23.39;13206747;308848224.00
20150604;23.00;23.93;21.05;22.79;13627188;300342528.00
20150605;22.79;23.42;21.80;22.32;13055551;295328224.00
20150608;22.27;22.27;20.81;21.25;12720823;270550016.00
20150609;21.16;21.86;20.81;21.55;9813603;210022864.00
20150610;21.02;22.30;21.02;22.01;10738311;233737712.00
20150611;21.80;22.99;21.70;22.68;11837657;263325056.00
20150612;22.68;23.98;22.53;23.36;11645884;270811616.00
20150615;23.36;23.64;21.88;21.98;12279680;277448096.00
20150616;21.66;21.66;19.78;20.02;11411023;236748944.00
20150617;20.10;20.86;19.02;20.77;9858612;198742752.00
20150618;20.51;21.16;19.81;19.90;7796149;161832224.00
20150619;19.50;19.65;17.91;17.91;8672271;161861488.00
20150623;17.80;18.15;16.12;18.05;8756514;152749392.00
20150624;18.10;18.77;17.50;18.39;8887323;162149152.00
20150625;18.45;18.65;17.18;17.67;9181759;166373952.00
20150626;16.02;17.00;15.90;15.90;9875292;159543312.00
20150629;16.09;16.21;14.31;14.31;8973362;132988000.00
20150630;14.01;15.16;12.88;15.03;11973371;165745984.00
20150701;14.75;15.32;13.53;13.53;9768576;144300064.00
20150702;13.39;13.89;12.18;12.18;10089717;127507872.00
20150703;11.70;12.62;10.96;10.96;10808041;123030976.00
20150706;12.06;12.06;9.86;10.06;11647363;127928424.00
20150707;9.47;9.47;9.05;9.05;8610691;78776672.00
20150708;8.15;8.85;8.15;8.39;19480094;161938768.00
20150709;8.16;9.23;8.10;9.23;12827685;115155256.00
20150710;9.80;10.15;9.57;10.15;4486641;44665584.00
20150713;11.17;11.17;10.80;11.17;11660091;129710520.00
20150714;11.85;12.29;11.17;12.16;25910379;311824992.00
20150715;11.40;11.78;10.94;10.94;14511324;163743344.00
20150716;10.90;12.00;9.90;11.47;17896936;199941024.00
20150717;11.55;12.43;11.55;12.30;17407253;209042112.00
20150720;12.28;12.85;11.91;12.29;16889674;209052768.00
20150721;11.89;12.64;11.70;12.55;14848235;183612464.00
20150722;12.40;13.17;12.18;12.93;14016343;176793280.00
20150723;12.93;13.66;12.69;13.58;12551113;165696288.00
20150724;13.39;13.85;12.70;12.87;14826693;198268496.00
20150727;12.29;13.10;11.58;11.58;12575606;155440880.00
20150728;10.60;11.58;10.42;10.55;15839320;170669696.00
20150729;10.90;11.61;10.50;11.61;16430177;181556000.00
20150730;11.75;12.68;11.61;11.63;17795937;217982000.00
20150731;11.64;12.48;11.59;12.05;13217484;158983408.00
20150803;11.68;12.00;10.85;10.85;11715479;131902640.00
20150804;11.00;11.94;10.95;11.94;10673037;122209608.00
20150805;12.10;12.80;11.96;12.34;15754521;194856512.00
20150806;12.15;13.09;12.02;13.01;15884453;201928336.00
20150807;12.99;13.60;12.80;13.43;15329663;203285824.00
20150810;14.00;14.47;13.70;14.24;13476312;190143808.00
20150811;14.00;15.04;13.80;14.69;18979789;274609568.00
20150812;14.52;15.09;13.86;13.86;13648474;198460064.00
20150813;13.66;15.00;13.66;14.94;13704894;195983584.00
20150814;14.54;15.36;14.54;14.91;13281311;200282896.00
20150817;14.81;15.70;14.61;15.62;12314520;187296608.00
20150818;15.56;15.71;14.06;14.06;13877551;206025664.00
20150819;13.12;15.16;12.95;14.86;15229184;212986560.00
20150820;14.68;15.60;14.50;14.94;13568757;204440720.00
20150821;14.43;14.70;13.45;13.45;13008989;181396768.00
20150824;12.11;13.40;12.11;12.11;2672700;32461060.00
20150825;10.90;10.90;10.90;10.90;1534200;16722780.00
20150826;9.90;11.58;9.81;9.81;16439318;168395744.00
20150827;9.91;10.34;8.83;9.58;14751898;140254880.00
20150828;9.73;10.53;9.65;10.53;14919948;149217488.00
20150831;10.34;10.38;9.84;9.91;9197177;92544664.00
20150901;9.89;10.18;8.92;8.92;11552328;107509536.00
20150902;8.29;9.22;8.03;8.03;12709244;107419400.00
20150907;8.29;8.78;8.08;8.34;9842212;83350960.00
20150908;8.28;9.17;8.17;9.17;11024717;96045472.00
20150909;9.29;9.90;9.13;9.72;11992616;114311336.00
20150910;9.74;10.10;9.41;9.71;13407060;132270560.00
20150911;9.68;9.96;9.51;9.84;9324435;90993768.00
20150914;9.84;9.95;8.86;8.86;8182189;75981952.00
20150915;8.26;8.70;7.97;7.98;9366417;77015776.00
20150916;8.10;8.78;8.08;8.78;8571810;71822792.00
20150917;8.70;9.23;8.57;8.60;10104708;90068344.00
20150918;8.72;8.94;8.50;8.86;6537010;56935972.00
20150921;8.70;9.36;8.63;9.35;7497408;68228696.00
20150922;9.30;9.56;9.11;9.31;8429278;78909696.00
20150923;8.95;9.32;8.86;9.15;8690433;79153864.00
20150924;9.15;9.45;9.15;9.39;6971601;65037032.00
20150925;9.30;9.41;8.75;9.39;11008228;100971624.00
20150928;9.24;9.92;9.10;9.88;10029232;95645360.00
20150929;9.58;9.76;9.30;9.47;7336543;70108120.00
20150930;9.50;10.27;9.37;10.20;12136822;118802936.00
20151008;10.27;10.77;10.16;10.46;17211109;178574192.00
20151009;10.34;10.54;10.18;10.37;10108983;104541640.00
20151012;10.45;10.96;10.37;10.73;11283537;120836400.00
20151013;10.66;11.08;10.64;10.96;9032845;98509672.00
20151014;10.85;11.82;10.74;11.05;14904927;167763680.00
20151015;11.05;11.62;10.83;11.39;13075460;147681136.00
20151016;11.40;12.11;11.23;11.98;15109499;175068928.00
20151019;11.86;12.08;11.42;11.76;11081865;130309872.00
20151020;11.72;12.28;11.60;12.20;10534511;125430560.00
20151021;12.10;12.12;10.98;10.98;14905208;171289872.00
20151022;10.86;11.41;10.61;11.35;10941352;121627440.00
20151023;11.36;11.78;11.26;11.63;11992215;138218352.00
20151026;11.70;11.97;11.45;11.79;11593279;135756544.00
20151027;11.69;12.18;11.08;12.13;12859537;150186256.00
20151028;11.91;12.40;11.70;11.87;10015394;121493608.00
20151029;12.22;12.30;11.75;12.08;8317346;100356248.00
20151030;11.92;12.35;11.65;11.96;7837095;94209152.00
20151102;11.69;11.92;11.30;11.33;8173402;95295384.00
20151103;11.35;11.58;11.28;11.37;5634114;64310412.00
20151104;11.46;12.16;11.46;12.13;8534875;101303600.00
20151105;12.13;12.34;11.85;12.18;11356085;137440544.00
20151106;12.17;12.75;12.16;12.60;10326240;129289560.00
20151109;12.42;12.92;12.11;12.61;9679944;121169928.00
20151110;12.57;13.25;12.50;13.05;12592556;161722224.00
20151111;12.95;13.63;12.88;13.54;11717179;156171232.00
20151112;13.48;14.35;13.34;13.95;15904341;220017424.00
20151113;13.78;13.95;12.98;13.50;11201250;152241264.00
20151116;13.10;14.71;13.03;14.66;12506831;175253792.00
20151117;14.72;14.96;14.00;14.31;16720710;241256288.00
20151118;14.20;14.41;13.55;13.66;8123223;114130248.00
20151119;13.76;14.33;13.68;14.25;7275296;101967712.00
20151120;14.29;14.67;14.00;14.34;9137485;130808576.00
20151123;14.11;14.48;13.55;13.72;11852919;167088464.00
20151124;13.69;14.30;13.60;14.22;9235143;129238944.00
20151125;14.30;14.79;14.23;14.65;9145993;133394352.00
20151126;14.70;15.65;14.47;14.99;13987366;210690112.00
20151127;14.90;15.22;13.49;13.61;13493947;193861616.00
20151130;13.61;13.95;12.36;13.55;10014044;133294240.00
20151201;13.40;14.24;13.21;13.66;9614011;131648496.00
20151202;13.66;13.94;12.81;13.29;7848830;105322216.00
20151203;13.39;14.25;13.21;14.24;9486276;131283528.00
20151204;14.21;15.40;14.07;14.77;16038175;237634576.00
20151207;14.67;15.50;14.41;15.28;12576885;188745136.00
20151208;15.20;15.20;14.65;14.77;8960233;133092920.00
20151209;14.58;14.75;14.36;14.46;6525993;94880256.00
20151210;14.36;15.10;14.36;14.60;7823079;115644880.00
20151211;14.48;15.05;14.31;14.89;7302877;107870800.00
20151214;14.68;14.86;13.80;14.64;8790654;125256120.00
20151215;14.55;15.54;14.46;15.28;9467980;143262256.00
20151216;15.30;15.89;15.14;15.50;11136129;173159504.00
20151217;15.75;15.86;15.40;15.71;10921772;170784720.00
20151218;15.85;16.33;15.50;15.65;10025177;159102224.00
20151221;15.51;15.94;15.18;15.70;9170047;142629984.00
20151222;15.76;15.77;15.32;15.70;6218256;97090424.00
20151223;15.75;16.22;15.31;15.40;10344411;163999040.00
20151224;15.31;15.37;14.86;15.30;7209799;109047112.00
20151225;15.37;15.80;15.28;15.65;5587991;86957008.00
20151228;15.78;16.06;14.89;14.96;8781276;136770272.00
20151229;15.00;15.25;14.72;15.17;7807455;116746104.00
20151230;15.28;15.78;15.14;15.78;8203337;126721608.00
20151231;15.68;15.79;14.95;14.96;8474700;129620432.00
20160104;14.99;15.00;13.46;13.46;7215713;101344544.00
20160105;12.30;13.41;12.26;13.05;10766670;138800496.00
20160106;13.07;13.52;13.01;13.48;6384543;84624768.00
20160107;13.18;13.18;12.13;12.13;1725700;21556918.00
20160108;12.35;12.60;11.51;12.10;8069822;98487272.00
20160111;11.78;12.15;10.89;10.89;7490801;86051728.00
20160112;10.98;11.20;10.02;10.90;5817135;63325688.00
20160113;10.89;11.20;10.40;10.43;4469653;48765700.00
20160114;10.05;11.08;9.95;11.06;6149992;65218836.00
20160115;10.99;11.30;10.40;10.70;6117805;66713748.00
20160118;10.38;11.26;10.31;10.99;6224512;67772112.00
20160119;10.91;11.58;10.86;11.35;6813809;76315040.00
20160120;11.30;11.67;11.29;11.42;7480243;85736832.00
20160121;11.21;11.65;10.84;10.94;5923920;67218776.00
20160122;11.10;11.27;10.72;11.16;3943135;43588624.00
20160125;11.30;11.60;11.20;11.35;4221322;48100044.00
20160126;11.20;11.34;10.22;10.22;5746654;62452848.00
20160127;10.22;10.28;9.39;10.03;6137281;60660744.00
20160128;9.87;10.02;9.36;9.36;4346486;42550392.00
20160129;9.40;9.99;9.15;9.89;5159973;49796048.00
20160201;9.65;9.93;9.50;9.69;4234499;41116736.00
20160202;9.75;10.30;9.73;10.02;5330753;53367764.00
20160203;9.91;10.26;9.76;10.18;4630310;46248440.00
20160204;10.28;10.65;10.19;10.58;7727333;80768120.00
20160205;10.51;10.88;10.44;10.44;4137165;43922056.00
20160215;10.12;10.58;9.96;10.53;5452595;56002524.00
20160216;10.53;11.10;10.53;11.05;5335738;58075308.00
20160217;11.07;11.22;10.88;11.14;5153710;57002292.00
20160218;11.16;11.46;11.15;11.24;6311048;71197544.00
20160219;11.28;11.42;11.07;11.26;4904492;55074524.00
20160222;11.35;11.75;11.27;11.50;6045488;69506792.00
20160223;11.50;11.67;11.16;11.35;5179990;58947880.00
20160224;11.34;11.50;11.15;11.42;3664923;41484256.00
20160225;11.44;11.44;10.28;10.28;8733084;93173272.00
20160226;10.29;10.45;9.79;10.12;5610897;56881564.00
20160229;10.15;10.15;9.11;9.11;6203877;57686516.00
20160301;9.02;9.43;8.82;9.30;6024827;55088084.00
20160302;9.30;9.84;9.23;9.80;6939702;66132040.00
20160303;9.75;10.06;9.68;9.68;5266523;51977912.00
20160304;9.71;9.83;9.11;9.24;5509041;52451036.00
20160307;9.30;9.67;9.30;9.52;4735229;45107808.00
20160308;9.56;9.72;9.01;9.70;4676834;43712016.00
20160309;9.59;9.68;9.35;9.41;3294045;31335332.00
20160310;9.42;9.56;9.24;9.26;3084334;29075916.00
20160311;9.18;9.43;9.15;9.36;3233022;30146910.00
20160314;9.54;10.05;9.52;9.95;6649264;65330336.00
20160315;9.98;10.11;9.86;9.96;5872312;58563852.00
20160316;10.40;10.66;9.95;9.97;8553075;88063504.00
20160317;10.07;10.58;9.96;10.56;9035328;92932112.00
20160318;10.46;11.20;10.46;11.14;10768255;117788120.00
20160321;11.27;11.64;11.00;11.60;9801141;110998504.00
20160322;11.39;12.18;11.33;12.13;11176519;132362144.00
20160323;11.89;12.40;11.69;12.10;6931506;83169024.00
20160324;11.82;12.13;11.56;11.56;7642209;90297016.00
20160325;11.30;11.86;11.30;11.74;4969929;58088336.00
20160328;11.81;12.24;11.50;11.74;5799848;69187424.00
20160329;11.70;11.75;11.19;11.33;6009276;68557680.00
20160330;11.48;11.88;11.42;11.85;6149433;71920576.00
20160331;11.86;12.34;11.79;12.08;7595357;91886776.00
20160401;11.82;12.07;11.50;11.75;6645888;78157576.00
20160405;11.84;12.47;11.75;12.36;9220586;112204688.00
20160406;12.23;12.88;12.23;12.45;9263617;116202128.00
20160407;12.50;12.99;12.30;12.69;7983991;101049336.00
20160408;12.61;12.61;12.03;12.43;6867039;84663456.00
20160411;12.54;13.03;12.43;12.87;7383286;94884744.00
20160412;12.67;12.89;12.30;12.71;5613127;70571136.00
20160413;12.72;13.21;12.71;13.04;7464141;97387264.00
20160414;13.09;13.50;13.09;13.41;7204015;96131880.00
20160415;13.38;13.68;13.20;13.50;6505136;87493816.00
20160418;13.25;13.46;13.00;13.38;5364394;70853680.00
20160419;13.46;13.60;13.05;13.37;6052680;80372304.00
20160420;13.36;13.39;12.03;12.03;12721738;158152800.00
20160421;11.89;12.33;11.79;11.89;6004722;72628224.00
20160422;11.79;12.31;11.68;12.21;5458545;65526188.00
20160425;12.14;12.48;11.96;12.33;4452688;54427252.00
20160426;12.34;12.83;12.31;12.81;5125296;64214504.00
20160427;12.97;13.28;12.77;12.92;6783133;88520672.00
20160428;12.89;13.02;12.35;12.90;5826866;74076128.00
20160429;12.85;13.47;12.76;13.35;7818314;103139040.00
20160503;13.30;14.20;13.30;13.99;11457853;159682992.00
20160504;13.95;14.43;13.63;13.78;8483679;118411136.00
20160505;13.85;14.10;13.70;13.82;5193065;71971592.00
20160506;13.73;13.95;12.60;12.80;11171128;147655744.00
20160509;12.45;12.50;11.89;12.00;7584454;92255592.00
20160510;11.94;12.17;11.85;11.95;3943798;47396092.00
20160511;12.08;12.11;10.96;11.03;11741489;132548888.00
20160512;10.71;10.88;10.15;10.78;7606019;79783824.00
20160513;10.75;11.16;10.45;10.77;5633242;60903004.00
20160516;10.75;11.25;10.75;11.22;5152337;56604552.00
20160517;11.33;11.43;10.95;11.21;4921832;55172688.00
20160518;11.11;11.11;10.21;10.47;5424264;57897392.00
20160519;10.47;10.97;10.45;10.79;5768710;61895028.00
20160520;10.65;11.09;10.51;11.09;4011309;43513936.00
20160523;11.14;11.37;11.09;11.25;3266424;36668384.00
20160524;11.27;11.34;11.00;11.20;3235499;36178516.00
20160525;11.24;11.39;11.02;11.12;2535500;28471688.00
20160526;11.08;11.20;10.64;11.15;3298466;36059948.00
20160527;11.20;11.38;11.10;11.28;3455641;38904992.00
20160530;11.26;11.42;10.90;11.35;3596382;40322768.00
20160531;11.30;11.91;11.24;11.87;5656533;66096936.00
20160601;11.87;12.29;11.85;12.20;6202769;75069152.00
20160602;12.15;12.32;12.05;12.23;4837565;58783760.00
20160603;12.24;12.37;12.10;12.21;4393356;53633732.00
20160606;12.29;12.43;12.12;12.28;4328591;53102940.00
20160607;12.24;12.30;12.05;12.17;3216509;39036788.00
20160608;12.15;12.45;12.01;12.36;5252699;64421596.00
20160613;12.14;12.24;11.32;11.39;6463456;76592008.00
20160614;11.31;11.59;11.22;11.57;4397965;50123324.00
20160615;11.42;12.18;11.31;12.10;5017835;59721980.00
20160616;12.06;12.47;12.00;12.11;4703800;57379772.00
20160617;12.22;12.56;12.06;12.32;6989540;86436008.00
20160620;12.17;12.29;11.60;12.12;5145022;61612144.00
20160621;12.11;12.45;11.87;11.99;5007478;61100744.00
20160622;11.86;12.39;11.86;12.39;4563319;55793988.00
20160623;12.41;12.56;12.06;12.25;4672793;57424580.00
20160624;12.17;12.35;11.66;12.00;4767937;57543768.00
20160627;11.95;12.55;11.76;12.53;5516556;67947760.00
20160628;12.36;12.86;12.36;12.63;5555778;70304384.00
20160629;12.55;12.77;12.51;12.59;4089266;51498060.00
20160630;12.59;13.03;12.43;13.00;7728037;98883808.00
