20101229;40.00;45.08;39.30;39.70;14168087;577662592.00
20101230;39.81;41.59;38.52;41.38;8386790;339231840.00
20101231;40.28;41.15;39.97;40.65;5397810;218832816.00
20110104;41.99;42.68;40.82;42.40;5423845;227154064.00
20110105;41.51;43.40;41.28;43.20;4599745;196196256.00
20110106;43.68;46.21;43.40;44.50;5300603;236817968.00
20110107;43.80;44.48;42.02;42.35;4286360;185274992.00
20110110;42.20;43.15;40.70;41.90;3069757;128591968.00
20110111;41.54;42.49;40.05;40.35;2106847;87017600.00
20110112;40.35;40.74;39.27;39.96;2022675;81097016.00
20110113;39.99;40.77;39.62;40.65;1450468;58245764.00
20110114;40.90;41.42;38.01;38.06;2878667;113172232.00
20110117;37.56;37.80;34.90;34.98;2949350;105936312.00
20110118;34.99;35.77;34.82;35.42;1619618;57453312.00
20110119;35.20;36.59;35.00;36.36;1294718;46612904.00
20110120;36.02;36.80;35.66;36.19;1427616;51589492.00
20110121;36.00;37.44;35.71;36.20;950302;34624964.00
20110124;36.00;36.28;34.25;34.30;1128356;39515376.00
20110125;34.00;34.80;33.90;34.68;751743;25850052.00
20110126;34.68;36.03;34.68;35.50;895414;31873630.00
20110127;35.20;35.90;34.90;35.41;872454;30926112.00
20110131;35.49;36.60;35.40;36.17;831749;30080676.00
20110201;36.20;37.18;36.01;36.60;723034;26451978.00
20110209;36.47;36.86;35.70;35.89;649021;23532436.00
20110210;35.62;37.59;35.50;37.33;966118;35585456.00
20110211;37.20;38.10;37.14;38.01;948020;35706120.00
20110214;38.00;38.30;37.55;38.14;982296;37261404.00
20110215;37.93;38.55;37.60;37.88;1069852;40734732.00
20110216;37.80;38.96;37.70;38.75;979268;37674592.00
20110217;38.84;38.96;37.70;38.19;1042655;39847052.00
20110218;37.96;38.78;37.90;38.49;885801;33937872.00
20110221;38.18;39.15;38.15;39.07;965543;37395324.00
20110222;39.06;39.10;37.86;38.03;1666581;63912788.00
20110223;38.00;38.35;37.80;37.99;1078736;41018604.00
20110224;37.77;39.03;37.70;38.56;1531082;59047652.00
20110225;38.68;38.68;37.81;38.27;989356;37782400.00
20110228;38.15;39.78;38.15;39.61;1420588;55885676.00
20110301;39.50;39.70;38.92;39.39;1087242;42692396.00
20110302;39.39;39.47;37.89;38.47;868678;33569708.00
20110303;38.15;38.58;36.61;37.03;1569808;58898460.00
20110304;36.93;37.63;36.88;37.26;409581;15245560.00
20110307;37.48;37.90;37.33;37.51;571518;21474332.00
20110308;37.51;37.96;37.46;37.62;644199;24280424.00
20110309;37.68;38.69;37.52;38.53;890277;33935996.00
20110310;38.47;38.80;38.37;38.50;820760;31648446.00
20110311;38.50;39.44;38.40;39.00;1204811;47162412.00
20110314;39.09;39.09;38.56;39.06;794554;30834738.00
20110315;39.21;39.21;38.30;38.35;831720;32087042.00
20110316;38.36;38.87;38.18;38.49;604800;23311660.00
20110317;38.20;38.45;37.26;37.44;561611;21315540.00
20110318;37.57;38.40;37.40;38.40;945870;35726472.00
20110321;38.50;39.38;38.43;39.15;850107;33104008.00
20110322;39.15;39.18;38.38;38.55;466264;18011656.00
20110323;38.42;38.70;38.36;38.39;494956;19051248.00
20110324;38.27;38.58;37.76;38.10;559128;21302028.00
20110325;38.30;41.50;38.12;41.05;2632542;105624216.00
20110330;39.00;39.00;37.61;37.80;2613137;100069456.00
20110331;37.86;38.40;37.60;38.00;1285878;48902604.00
20110401;37.95;39.40;37.73;38.64;1152061;44576368.00
20110406;38.21;39.20;37.70;37.79;1145244;43686196.00
20110407;37.90;38.38;37.79;38.25;610928;23243710.00
20110408;38.30;39.30;38.30;39.20;1610360;62604356.00
20110411;39.15;39.20;38.41;38.60;1172758;45542652.00
20110412;38.38;38.88;38.20;38.60;838481;32281550.00
20110413;38.42;39.65;38.42;39.00;1850164;72599584.00
20110414;39.01;39.87;38.68;39.08;1221755;47970480.00
20110415;38.91;39.10;38.12;38.51;1124524;43337808.00
20110418;38.40;38.67;38.16;38.60;605446;23262566.00
20110420;38.15;38.15;37.23;37.90;1693395;63650120.00
20110421;37.96;38.25;37.70;37.79;782421;29613622.00
20110422;37.70;38.25;37.21;37.66;919396;34679116.00
20110425;37.38;37.62;35.90;35.98;1234519;44834276.00
20110426;35.93;35.95;34.70;34.91;1253716;44187068.00
20110427;35.09;35.50;34.40;34.53;397679;13895671.00
20110428;34.60;35.15;34.41;34.51;479195;16664868.00
20110429;34.80;35.99;34.63;35.20;928063;32800794.00
20110503;35.28;36.07;35.26;35.80;599548;21379646.00
20110504;35.51;35.85;35.21;35.23;481400;17115566.00
20110505;35.18;36.18;35.18;36.01;702698;25127216.00
20110506;36.00;36.02;35.56;35.88;533798;19125792.00
20110509;35.99;36.34;35.77;35.96;712679;25685770.00
20110510;17.72;17.72;17.03;17.30;1409220;24314068.00
20110511;17.30;17.35;16.70;17.00;1318694;22335796.00
20110512;16.90;16.92;16.30;16.30;1515128;25204316.00
20110513;16.30;16.47;15.93;16.29;1683413;27262990.00
20110516;16.27;16.46;16.00;16.26;940622;15166849.00
20110517;16.09;16.49;16.00;16.27;798632;12981082.00
20110518;16.22;16.26;15.91;15.95;965807;15499839.00
20110519;15.95;16.19;15.91;16.05;688172;11037213.00
20110520;16.05;16.11;15.26;15.35;1945493;30173834.00
20110523;15.20;15.28;14.41;14.42;1370045;20253046.00
20110524;14.43;15.50;14.29;15.00;1617142;23954740.00
20110525;14.88;15.05;13.88;13.95;1139963;16411698.00
20110526;14.12;14.48;14.12;14.26;1465603;20930562.00
20110527;14.26;14.66;14.15;14.31;831718;11984921.00
20110530;14.30;14.89;14.06;14.54;1217937;17813974.00
20110531;14.55;14.97;14.54;14.95;1494055;22063350.00
20110601;14.93;14.97;14.68;14.94;868711;12887865.00
20110602;14.60;14.80;14.30;14.60;997340;14458994.00
20110603;14.60;15.21;14.51;15.09;1258182;18735548.00
20110607;15.08;15.16;14.86;15.01;630684;9470737.00
20110608;14.81;14.98;14.70;14.87;813769;12057352.00
20110609;14.88;15.16;14.80;14.99;1139157;17049544.00
20110610;14.88;14.90;14.57;14.81;608875;8970328.00
20110613;14.81;14.88;14.36;14.66;557699;8154785.00
20110614;14.65;14.79;14.58;14.78;1513066;22231642.00
20110615;14.60;14.69;14.42;14.49;773640;11244072.00
20110616;14.41;14.47;13.90;14.09;881125;12427918.00
20110617;14.09;14.09;13.80;13.95;507892;7052215.00
20110620;13.94;13.95;13.50;13.50;573325;7838473.50
20110621;13.67;13.75;13.32;13.62;433764;5861031.50
20110622;13.63;13.63;13.34;13.41;732248;9849092.00
20110623;13.44;14.10;13.23;13.95;1295869;17889776.00
20110624;13.96;14.29;13.81;14.15;1399076;19713054.00
20110627;14.24;14.50;14.08;14.30;904990;12949826.00
20110628;14.25;14.60;14.16;14.58;1510367;21747662.00
20110629;14.50;15.20;14.46;14.61;2485591;37041176.00
20110630;14.64;14.88;14.50;14.68;1176320;17298834.00
20110701;14.78;14.96;14.68;14.82;1296127;19248132.00
20110704;14.82;15.11;14.73;14.99;2127402;31777624.00
20110706;15.09;15.65;15.02;15.49;2599472;39993432.00
20110707;15.40;16.13;15.36;15.71;3404981;53983428.00
20110708;15.69;16.05;15.51;15.73;1976991;31146052.00
20110711;15.60;15.89;15.51;15.78;1081441;16943508.00
20110712;15.50;15.82;15.49;15.49;1570790;24570152.00
20110713;15.40;15.95;15.33;15.92;1238006;19434078.00
20110714;15.86;16.50;15.86;16.49;1912616;31070712.00
20110715;16.50;16.94;16.31;16.54;1896206;31580778.00
20110718;16.60;16.70;16.02;16.07;1282783;20948438.00
20110719;16.06;16.06;15.63;15.69;1253496;19793874.00
20110720;15.76;16.02;15.65;15.93;793691;12582385.00
20110721;15.96;15.96;15.54;15.58;706494;11098036.00
20110722;15.57;15.85;15.51;15.59;625178;9774318.00
20110725;15.50;15.50;14.66;14.71;1187461;17789534.00
20110726;14.61;14.87;14.51;14.84;803211;11829720.00
20110727;14.78;15.24;14.64;15.21;1149814;17246068.00
20110728;15.01;15.09;14.81;15.00;759410;11333412.00
20110729;15.01;15.09;14.61;14.63;700170;10379126.00
20110801;14.65;14.94;14.41;14.90;764388;11246650.00
20110802;14.77;15.05;14.45;15.01;1126727;16563818.00
20110803;15.02;16.51;15.01;16.02;4325825;69712144.00
20110804;15.71;16.24;15.71;16.09;2429830;39033192.00
20110805;15.60;16.08;15.25;15.76;2163827;33884500.00
20110808;15.56;15.66;14.18;14.60;3050670;45679164.00
20110809;14.16;14.61;13.62;14.36;1428157;20305388.00
20110810;14.70;14.99;14.48;14.61;1316807;19418464.00
20110811;14.30;15.16;14.16;15.12;1371423;20370804.00
20110812;15.28;15.71;15.17;15.56;2004661;31154014.00
20110816;15.70;15.77;14.80;14.87;3908030;59279736.00
20110817;15.00;15.11;14.56;14.67;2946002;43315912.00
20110818;14.68;14.71;14.25;14.30;1845295;26562346.00
20110819;14.00;14.42;13.85;14.30;1061478;14961908.00
20110822;14.28;14.47;14.02;14.18;777418;11089521.00
20110823;14.27;14.70;14.18;14.68;1423402;20561908.00
20110824;14.70;15.10;14.60;14.60;2701019;40198936.00
20110825;14.53;14.75;14.30;14.62;1626074;23586134.00
20110826;14.62;14.98;14.51;14.92;1805626;26773568.00
20110829;14.87;15.31;14.75;15.10;2367518;35671764.00
20110830;15.15;15.24;14.40;14.51;2255323;33686724.00
20110831;14.46;14.63;14.00;14.26;1385288;19723386.00
20110901;14.26;14.45;14.16;14.34;758682;10847578.00
20110902;14.38;14.38;13.95;14.01;792881;11151417.00
20110905;13.97;13.97;13.41;13.41;1207213;16459580.00
20110906;13.37;13.58;13.32;13.39;608097;8164361.00
20110907;13.50;13.77;13.43;13.76;612155;8330556.50
20110908;13.85;13.85;13.50;13.50;619223;8466393.00
20110909;13.40;13.61;13.38;13.44;543776;7322448.50
20110913;13.35;13.35;12.80;12.96;1169152;15121001.00
20110914;12.99;13.20;12.82;13.17;746327;9703758.00
20110915;13.06;13.23;13.06;13.16;623637;8216018.50
20110916;13.24;13.30;13.00;13.02;443809;5839385.00
20110919;13.00;13.00;12.65;12.66;494209;6319932.00
20110920;12.63;12.80;12.54;12.66;509111;6447405.50
20110921;12.70;13.09;12.64;13.00;958691;12415420.00
20110922;13.00;13.13;12.71;12.72;885208;11484871.00
20110923;12.54;12.67;12.33;12.46;896386;11198591.00
20110926;12.29;12.60;12.00;12.13;926232;11379417.00
20110927;12.30;12.30;12.00;12.17;1526215;18449508.00
20110928;12.17;12.26;11.81;11.87;1076358;12990742.00
20110929;11.78;11.85;11.38;11.42;916159;10597827.00
20110930;11.48;11.54;11.20;11.40;701774;7966259.00
20111010;11.52;11.53;11.36;11.39;337595;3857222.75
20111011;11.64;11.85;11.32;11.55;651482;7548595.00
20111012;11.45;12.05;11.35;11.99;1112942;13151758.00
20111013;12.07;12.27;11.94;12.18;1123887;13600904.00
20111014;12.06;12.15;11.91;12.09;756919;9097491.00
20111017;12.20;12.20;12.00;12.16;653014;7892307.00
20111018;12.05;12.10;11.58;11.65;872817;10338613.00
20111019;11.75;11.76;11.50;11.59;414216;4819121.50
20111020;11.50;11.52;11.00;11.14;837377;9373374.00
20111021;11.14;11.15;10.86;10.87;451295;4951179.00
20111024;10.86;11.21;10.63;11.15;973260;10642375.00
20111025;11.15;11.80;11.15;11.73;1613297;18569774.00
20111026;11.64;12.08;11.48;11.90;1843148;21784408.00
20111027;11.92;11.98;11.65;11.73;1030181;12183054.00
20111028;11.87;12.06;11.75;12.01;1319804;15741364.00
20111031;11.95;12.25;11.91;12.19;1301886;15788169.00
20111101;12.15;12.39;12.10;12.39;1681289;20639710.00
20111102;12.22;12.86;12.10;12.82;2377223;29776634.00
20111103;12.80;13.29;12.71;12.87;3968675;51881096.00
20111104;12.96;13.06;12.72;12.86;1497691;19297312.00
20111107;12.90;12.94;12.78;12.87;882316;11340353.00
20111108;12.85;13.06;12.62;12.69;1718599;22165718.00
20111109;12.74;13.00;12.45;12.99;1851496;23625492.00
20111110;12.85;13.59;12.73;13.40;4208943;56064428.00
20111111;13.23;14.08;13.20;13.54;4639071;63186356.00
20111114;13.65;14.00;13.53;13.83;2966040;40914696.00
20111115;13.81;13.84;13.56;13.80;1966993;26918920.00
20111116;13.81;13.95;13.14;13.20;2254178;30534828.00
20111117;13.24;13.51;13.12;13.25;1497338;19898108.00
20111118;13.21;13.21;12.72;12.74;1412201;18213768.00
20111121;12.75;12.75;12.42;12.61;821022;10307997.00
20111122;12.40;12.72;12.40;12.71;737342;9266720.00
20111123;12.77;12.84;12.61;12.63;477160;6068540.50
20111124;12.50;12.98;12.38;12.83;907683;11531785.00
20111125;12.73;12.95;12.50;12.53;578802;7372258.00
20111128;12.58;12.61;12.38;12.44;481953;6004699.00
20111129;12.52;12.98;12.44;12.98;1036045;13189909.00
20111130;12.90;12.90;11.80;12.27;1561360;19212654.00
20111201;12.65;12.84;12.45;12.46;1109866;14010638.00
20111202;12.30;12.30;11.90;12.10;624855;7556263.50
20111205;12.09;12.09;11.32;11.60;610479;7071359.50
20111206;11.33;11.79;11.33;11.79;477481;5543257.00
20111207;11.77;11.81;11.54;11.71;268589;3143552.25
20111208;11.70;11.90;11.41;11.71;440062;5140343.50
20111209;11.50;11.72;11.47;11.69;267016;3096236.75
20111212;11.60;11.72;11.45;11.47;209900;2430705.75
20111213;11.45;11.45;11.02;11.18;450307;5021362.50
20111214;11.05;11.24;11.00;11.17;238500;2657215.50
20111215;11.07;11.17;10.81;10.96;312196;3421966.75
20111216;10.99;11.37;10.96;11.37;509665;5696543.00
20111219;11.09;11.56;11.07;11.50;410321;4633388.50
20111220;11.45;11.58;11.31;11.32;275133;3150927.75
20111221;11.59;11.62;11.00;11.05;448289;5044585.50
20111222;11.00;11.15;10.59;11.00;534815;5816553.00
20111223;11.00;11.27;10.83;11.13;312695;3481914.00
20111226;11.00;11.37;11.00;11.12;151414;1692513.63
20111227;11.05;11.30;10.74;10.92;397842;4341032.00
20111228;10.91;10.97;10.60;10.75;743065;8006759.00
20111229;10.80;11.00;10.56;10.84;247760;2689120.50
20111230;10.97;11.92;10.84;11.60;556866;6223389.00
20120104;11.40;11.51;11.08;11.10;412702;4656116.00
20120105;11.00;11.17;10.56;10.72;517972;5578240.00
20120106;10.11;10.60;10.11;10.59;605789;6314422.50
20120110;10.98;11.34;10.80;11.29;1056969;11788734.00
20120111;11.12;11.40;11.06;11.24;976164;10960795.00
20120112;11.19;11.33;11.12;11.24;529705;5950299.00
20120113;11.32;11.32;10.50;10.68;768560;8280998.50
20120116;10.50;10.50;9.89;9.95;709548;7207525.00
20120117;9.90;10.38;9.76;10.29;789955;8025169.50
20120118;10.30;10.50;9.71;9.78;905644;9204496.00
20120119;9.84;10.05;9.63;9.97;759867;7483930.00
20120120;10.04;10.20;9.96;10.15;851094;8591262.00
20120130;10.15;10.29;10.06;10.13;960183;9780096.00
20120131;10.04;10.12;9.77;9.95;819401;8115130.50
20120201;9.95;10.16;9.89;9.96;443820;4453377.00
20120202;9.95;10.18;9.94;10.13;918871;9199893.00
20120203;10.08;10.49;10.08;10.36;1366087;14050069.00
20120206;10.46;10.56;10.30;10.51;1413315;14774484.00
20120207;10.48;10.48;10.14;10.21;925374;9474769.00
20120208;10.15;10.52;10.12;10.51;865586;8989173.00
20120209;10.58;10.71;10.47;10.60;1255771;13332462.00
20120210;10.57;10.75;10.51;10.60;787767;8373029.00
20120213;10.52;10.82;10.46;10.78;1016446;10883414.00
20120214;10.78;10.83;10.65;10.75;888562;9521838.00
20120215;10.77;11.02;10.65;11.02;1613491;17561950.00
20120216;11.03;11.08;10.79;10.96;1335845;14623607.00
20120217;10.96;11.02;10.69;10.86;905346;9817638.00
20120220;11.04;11.07;10.84;10.87;1162087;12750189.00
20120221;10.87;11.06;10.75;11.04;838391;9145293.00
20120222;11.04;11.38;11.00;11.34;1668475;18768186.00
20120223;11.33;11.45;11.21;11.40;2122679;24076454.00
20120224;11.43;11.72;11.43;11.61;2058187;23841864.00
20120227;11.58;11.78;11.45;11.46;2031210;23423482.00
20120228;11.46;11.49;11.17;11.29;1484998;16782250.00
20120229;11.40;11.55;11.11;11.30;1024263;11621177.00
20120301;11.36;11.45;11.25;11.39;641974;7287133.50
20120302;11.42;11.65;11.38;11.63;1528073;17592244.00
20120305;11.60;11.69;11.40;11.45;2043127;23485724.00
20120306;11.40;11.44;11.14;11.22;951619;10682046.00
20120307;11.08;11.26;11.06;11.15;789328;8806533.00
20120308;11.15;11.52;11.15;11.52;1353830;15383400.00
20120309;11.58;11.66;11.44;11.66;1432132;16609172.00
20120312;11.66;11.80;11.44;11.74;2079778;24167000.00
20120313;11.70;11.79;11.62;11.73;1250978;14661850.00
20120314;11.80;11.94;11.11;11.19;2213588;25769854.00
20120315;11.16;11.27;10.82;10.97;994289;10959908.00
20120316;10.95;11.35;10.95;11.34;857111;9540837.00
20120319;11.34;11.49;11.25;11.47;759005;8638577.00
20120320;11.41;11.54;10.95;11.15;1014302;11281541.00
20120321;11.11;11.20;10.82;11.01;767770;8438712.00
20120322;11.01;11.15;10.95;11.07;450700;4975399.00
20120323;11.00;11.05;10.71;10.86;867050;9429911.00
20120327;10.88;10.97;10.65;10.70;839726;9088792.00
20120328;10.70;10.70;10.08;10.23;972890;10024029.00
20120329;10.08;10.18;9.83;9.90;1102993;10993278.00
20120330;10.00;10.00;9.71;9.86;638654;6296462.00
20120405;9.86;10.18;9.82;10.15;1268510;12777979.00
20120406;10.15;10.24;10.07;10.15;529489;5377584.00
20120409;10.13;10.23;9.98;10.08;471867;4787340.00
20120410;10.01;10.28;9.88;10.24;553506;5558741.50
20120411;10.24;10.40;9.95;10.30;1002973;10328284.00
20120412;10.30;10.52;10.25;10.50;1026335;10694282.00
20120413;10.59;10.63;10.42;10.50;918591;9659240.00
20120416;10.31;10.50;10.31;10.47;491517;5113726.00
20120417;10.40;10.47;10.31;10.40;573716;5951515.50
20120418;10.50;10.63;10.36;10.58;766443;8057990.00
20120419;10.58;10.80;10.53;10.75;1005506;10722716.00
20120420;10.70;10.78;10.63;10.73;677109;7244309.00
20120424;10.32;10.38;9.91;10.27;1639714;16662205.00
20120425;10.26;10.41;10.08;10.36;764089;7814901.00
20120426;10.39;10.50;10.29;10.45;869531;9071453.00
20120427;10.55;10.55;10.39;10.52;727149;7604397.00
20120502;10.68;10.80;10.56;10.69;1362041;14571536.00
20120503;10.70;10.98;10.61;10.97;911470;9832431.00
20120504;10.96;11.00;10.80;10.92;931367;10142775.00
20120507;10.88;11.06;10.81;11.06;872116;9516763.00
20120508;11.06;11.06;10.87;10.96;771970;8457932.00
20120509;10.88;10.88;10.60;10.67;719121;7689624.50
20120510;10.75;10.80;10.64;10.70;350149;3760028.75
20120511;10.70;10.85;10.61;10.61;516122;5537138.50
20120514;10.75;10.75;10.47;10.50;495799;5249853.50
20120515;10.43;10.45;10.26;10.43;491954;5086529.00
20120516;10.39;10.44;10.30;10.39;257109;2668000.75
20120517;10.39;10.57;10.35;10.53;620537;6495934.00
20120518;10.50;10.50;10.18;10.24;496337;5135863.00
20120521;10.18;10.30;10.05;10.22;682611;6964586.50
20120522;10.30;10.45;10.25;10.38;375839;3890358.75
20120523;10.36;10.42;10.16;10.27;275851;2830949.25
20120524;10.21;10.33;10.11;10.17;341521;3495299.50
20120525;10.22;10.24;10.07;10.20;324332;3301875.75
20120528;10.19;10.30;9.93;10.30;425563;4320889.00
20120529;10.34;10.65;10.28;10.63;1115686;11733431.00
20120530;10.63;10.65;10.52;10.65;626755;6642580.50
20120531;10.61;10.76;10.49;10.75;745752;7951121.50
20120601;10.75;10.76;10.56;10.69;631516;6723433.00
20120604;10.44;10.52;10.31;10.39;491000;5106602.00
20120605;10.23;10.37;10.21;10.34;393901;4043395.25
20120606;10.31;10.35;10.21;10.29;172018;1765538.63
20120607;10.39;10.45;10.12;10.29;556202;5707896.50
20120608;10.31;10.39;10.16;10.17;493709;5084699.00
20120611;10.21;10.40;10.14;10.35;322826;3318925.25
20120612;10.29;10.33;10.17;10.30;437906;4488917.00
20120613;10.29;10.45;10.28;10.40;761115;7884627.00
20120614;10.31;10.41;10.27;10.30;477529;4938961.50
20120615;10.30;10.39;10.19;10.32;353830;3636533.75
20120618;10.35;10.48;10.32;10.47;646099;6728298.00
20120619;10.49;10.65;10.46;10.64;1435995;15167769.00
20120620;10.80;10.98;10.61;10.66;1695393;18346436.00
20120621;10.55;10.57;10.26;10.41;974828;10110607.00
20120625;10.31;10.44;10.15;10.17;345800;3545571.50
20120626;10.03;10.16;9.97;10.10;538949;5414436.50
20120627;10.07;10.21;10.02;10.07;309255;3132653.00
20120628;10.16;10.16;9.98;9.98;319348;3210639.00
20120629;9.98;10.13;9.87;10.09;409388;4096964.00
20120702;10.12;10.20;10.10;10.17;314180;3189680.50
20120703;10.17;10.37;10.07;10.26;575621;5901075.00
20120704;10.32;10.32;10.09;10.10;473100;4809173.00
20120705;10.10;10.10;9.72;9.82;695599;6847203.00
20120706;9.82;9.93;9.62;9.90;493717;4827812.50
20120709;9.90;9.90;9.33;9.48;535810;5175637.50
20120710;9.36;9.49;9.32;9.36;248751;2334292.00
20120711;9.45;9.47;9.32;9.35;207507;1945606.38
20120712;9.45;9.45;9.26;9.40;610101;5694567.50
20120713;9.40;9.44;9.26;9.33;295641;2753101.50
20120716;9.22;9.25;8.40;8.40;1210400;10475570.00
20120717;8.40;8.45;8.12;8.24;1687095;13881724.00
20120718;8.16;8.33;8.12;8.30;591231;4852234.00
20120719;8.30;8.48;8.25;8.36;860521;7231764.50
20120720;8.27;8.39;8.20;8.27;492805;4084323.50
20120723;8.17;8.26;8.06;8.18;724098;5880013.50
20120724;8.18;8.35;8.08;8.25;424182;3489481.75
20120725;8.26;8.35;8.15;8.20;390685;3222285.25
20120726;8.23;8.25;8.09;8.10;591777;4820278.00
20120727;8.20;8.20;8.07;8.11;329610;2671773.75
20120730;8.15;8.19;7.86;7.98;626901;5002606.50
20120731;7.95;7.95;7.76;7.82;377852;2959021.75
20120801;7.78;8.00;7.78;7.98;495674;3934019.25
20120802;7.93;8.05;7.88;7.99;306136;2437994.00
20120803;8.00;8.12;7.90;8.12;480491;3859150.25
20120806;8.01;8.28;8.01;8.25;679789;5551650.50
20120807;8.25;8.38;8.20;8.32;895661;7445602.00
20120808;8.29;8.31;8.15;8.21;505633;4165329.00
20120809;8.21;8.39;8.16;8.36;519128;4302180.00
20120810;8.30;8.42;8.27;8.32;535424;4466340.50
20120813;8.33;8.33;8.10;8.15;640676;5255071.50
20120814;8.10;8.18;7.82;8.15;819098;6565849.00
20120815;8.10;8.13;7.98;8.04;445237;3572523.00
20120816;7.94;8.07;7.94;8.03;184502;1479150.25
20120817;8.03;8.10;8.00;8.08;270699;2180576.50
20120820;7.96;8.13;7.96;8.10;413680;3317041.00
20120821;8.12;8.33;8.04;8.27;1048074;8649356.00
20120822;8.30;8.38;8.20;8.24;772148;6412984.00
20120823;8.22;8.49;8.22;8.48;1457143;12180341.00
20120824;8.41;8.60;8.21;8.32;1157088;9735945.00
20120827;8.23;8.30;8.05;8.19;597522;4865315.00
20120828;8.18;8.32;8.07;8.20;558568;4574542.00
20120829;8.20;8.46;8.17;8.33;1201302;10007938.00
20120830;8.31;8.37;7.83;8.05;1098149;8926143.00
20120831;8.05;8.12;7.91;8.08;308739;2476558.75
20120903;8.04;8.19;8.01;8.12;555652;4515269.50
20120904;8.12;8.24;8.06;8.11;685081;5590133.50
20120905;8.11;8.49;8.10;8.44;1815786;15179083.00
20120906;8.41;8.48;8.32;8.48;1460240;12257668.00
20120907;8.56;8.80;8.50;8.67;2694021;23348908.00
20120910;8.63;8.89;8.63;8.76;1781564;15671945.00
20120911;8.77;8.79;8.60;8.70;1275084;11044085.00
20120912;8.72;8.78;8.56;8.74;836789;7253343.00
20120913;8.69;8.74;8.58;8.59;714689;6182236.00
20120914;8.74;8.76;8.45;8.52;875981;7481086.00
20120917;8.61;8.61;8.15;8.30;726202;6064932.00
20120918;8.28;8.30;8.18;8.28;562336;4636139.50
20120919;8.29;8.34;8.23;8.28;383578;3184088.25
20120920;8.23;8.25;7.96;7.96;589049;4762120.00
20120921;7.96;8.05;7.80;7.90;396611;3155380.50
20120924;7.81;8.05;7.80;7.95;294924;2327604.50
20120925;7.98;8.00;7.87;7.97;250221;1989118.50
20120926;7.90;7.95;7.63;7.65;509468;3952132.00
20120927;7.65;7.97;7.61;7.81;611336;4745328.00
20120928;7.79;8.04;7.75;7.99;1071178;8497657.00
20121008;7.95;8.02;7.80;7.89;421509;3329643.25
20121009;7.95;8.11;7.90;8.08;1018507;8194679.00
20121010;8.01;8.20;8.00;8.17;634911;5171550.00
20121011;8.18;8.19;7.98;8.01;840958;6780054.00
20121012;8.04;8.14;7.91;7.98;395299;3154504.00
20121015;7.94;7.97;7.69;7.76;567123;4408198.00
20121016;7.78;7.89;7.72;7.81;315900;2465222.00
20121017;7.84;7.89;7.76;7.83;308341;2414180.75
20121018;7.83;8.03;7.83;7.96;550547;4368843.00
20121019;7.98;8.03;7.96;8.00;373821;2989792.25
20121022;7.93;8.06;7.90;8.02;620206;4955426.00
20121023;8.01;8.09;7.98;8.00;760050;6097457.00
20121024;8.05;8.37;8.00;8.11;2309598;18966782.00
20121025;8.11;8.15;8.01;8.03;1052199;8498999.00
20121026;7.96;8.05;7.56;7.58;1606529;12398596.00
20121029;7.58;7.66;7.55;7.59;525280;3993640.75
20121030;7.65;7.68;7.48;7.54;952570;7198271.50
20121031;7.54;7.56;7.48;7.56;331499;2494710.50
20121101;7.56;7.68;7.53;7.65;814094;6216177.50
20121102;7.68;7.68;7.58;7.61;869342;6620615.50
20121105;7.60;7.65;7.56;7.63;397888;3029900.75
20121106;7.63;7.80;7.59;7.80;1285743;9877215.00
20121107;7.73;7.77;7.66;7.72;623605;4821800.50
20121108;7.68;7.68;7.48;7.49;692900;5240878.00
20121109;7.46;7.53;7.37;7.37;837525;6225687.00
20121112;7.45;7.45;7.37;7.43;280608;2076252.00
20121113;7.41;7.41;7.29;7.29;355723;2608134.25
20121114;7.29;7.41;7.26;7.37;381901;2803066.25
20121115;7.41;7.45;7.19;7.19;407923;2996159.75
20121116;7.20;7.25;7.17;7.24;322000;2322595.00
20121119;7.21;7.38;7.16;7.30;270391;1966994.75
20121120;7.32;7.34;7.18;7.27;301640;2190304.75
20121121;7.33;7.34;7.10;7.26;982559;7070396.00
20121122;7.19;7.25;7.15;7.23;410049;2954513.75
20121123;7.25;7.29;7.15;7.18;513720;3713247.25
20121126;7.18;7.21;7.04;7.04;383600;2724892.00
20121127;7.04;7.08;6.78;6.80;636625;4388830.50
20121128;6.79;6.79;6.66;6.70;528313;3547844.75
20121129;6.70;6.73;6.61;6.62;320539;2139765.25
20121130;6.64;6.73;6.63;6.67;210096;1401598.88
20121203;6.70;6.73;6.43;6.45;243821;1605648.00
20121204;6.50;6.58;6.34;6.58;444636;2865489.75
20121205;6.52;6.92;6.52;6.82;831787;5658672.00
20121206;6.86;6.87;6.75;6.80;265500;1807471.00
20121207;6.82;6.98;6.80;6.95;611092;4221549.00
20121210;6.99;7.05;6.92;7.03;601471;4209973.50
20121211;7.00;7.05;6.94;7.00;491484;3447694.25
20121212;6.93;7.02;6.87;6.92;581476;4037000.00
20121213;6.95;7.02;6.83;6.86;449858;3109100.75
20121214;6.85;7.17;6.85;7.14;1020542;7219719.50
20121217;7.10;7.19;7.10;7.16;500930;3580149.25
20121218;7.08;7.25;7.04;7.09;892073;6370625.00
20121219;7.10;7.17;7.05;7.16;501572;3577816.50
20121220;7.18;7.20;7.07;7.18;512844;3667619.00
20121221;7.18;7.26;7.11;7.22;745235;5365781.50
20121224;7.39;7.68;7.37;7.42;3168213;23792514.00
20121225;7.33;7.58;7.28;7.53;2170934;16183677.00
20121226;7.50;7.90;7.45;7.85;2829215;21733424.00
20121227;7.84;7.87;7.63;7.63;1982708;15305680.00
20121228;7.63;7.85;7.52;7.75;1465516;11294884.00
20121231;7.73;7.98;7.69;7.90;1636431;12876307.00
20130104;7.97;7.97;7.66;7.75;1625348;12604949.00
20130107;7.72;7.83;7.63;7.80;909910;7054146.00
20130108;7.82;7.95;7.72;7.90;1705431;13393452.00
20130109;7.88;8.02;7.82;7.94;1337069;10615097.00
20130110;7.91;8.04;7.83;7.94;1614649;12813605.00
20130111;7.96;7.96;7.72;7.72;1280455;10056358.00
20130114;7.65;8.04;7.65;8.03;2174897;17175610.00
20130115;8.10;8.31;8.03;8.24;2469623;20246342.00
20130116;8.30;8.30;7.98;8.05;2352112;19052498.00
20130117;8.02;8.16;7.94;7.97;1127461;9057680.00
20130118;7.91;8.06;7.82;8.00;1762933;14004490.00
20130121;8.00;8.11;7.93;8.09;1454850;11653239.00
20130122;8.05;8.12;7.88;7.90;1075027;8587830.00
20130123;7.84;7.91;7.67;7.81;1130006;8781600.00
20130124;7.81;7.92;7.51;7.55;1388510;10734402.00
20130125;7.55;7.63;7.51;7.56;483280;3659995.00
20130128;7.56;7.78;7.53;7.76;690478;5285160.00
20130129;7.75;7.93;7.70;7.90;994920;7823905.00
20130130;7.95;7.95;7.76;7.85;732208;5737399.50
20130131;7.84;7.88;7.71;7.82;728557;5659669.00
20130201;7.82;8.04;7.74;8.02;1200585;9485110.00
20130204;8.01;8.16;7.96;8.15;2280839;18405960.00
20130205;8.16;8.49;8.09;8.48;3165085;26378056.00
20130206;8.44;8.63;8.35;8.51;1885902;16054403.00
20130207;8.51;8.71;8.41;8.71;1654855;14244218.00
20130208;8.77;8.77;8.63;8.71;1177320;10258720.00
20130218;8.80;8.92;8.64;8.92;1450781;12800197.00
20130219;8.85;8.98;8.53;8.57;1514908;13329599.00
20130220;8.53;8.77;8.50;8.67;894863;7746420.00
20130221;8.63;8.66;8.37;8.50;1324885;11231919.00
20130222;8.49;8.52;8.40;8.42;563892;4763831.50
20130225;8.54;8.58;8.44;8.55;586014;4993098.50
20130226;8.68;9.27;8.62;8.83;2685377;23913976.00
20130227;8.80;9.09;8.68;9.01;2167890;19279460.00
20130228;8.94;9.09;8.80;9.05;1607930;14407923.00
20130301;9.10;9.36;9.10;9.33;2886276;26667618.00
20130304;9.24;9.36;8.85;8.88;1992001;18112266.00
20130305;8.88;8.98;8.75;8.95;1301577;11544354.00
20130306;8.93;9.09;8.88;8.94;1657548;14859866.00
20130307;8.90;8.90;8.55;8.60;2327430;20227718.00
20130308;8.63;8.80;8.45;8.52;987728;8485153.00
20130311;8.58;8.74;8.56;8.64;1086315;9398700.00
20130312;8.58;8.66;8.06;8.22;1574095;13136524.00
20130313;8.22;8.28;8.07;8.28;626015;5106211.50
20130314;8.28;8.35;8.13;8.18;646102;5324677.50
20130315;8.20;8.40;8.10;8.21;812688;6719140.00
20130318;8.21;8.21;8.10;8.11;318675;2593167.00
20130319;8.11;8.21;7.89;7.95;1042724;8309742.00
20130320;7.98;8.22;7.93;8.22;896196;7258529.00
20130321;8.30;8.48;8.30;8.39;1397936;11747398.00
20130322;8.32;8.47;8.32;8.46;687453;5779397.00
20130325;8.45;8.46;8.11;8.25;1391513;11499660.00
20130326;8.20;8.22;7.98;8.00;1442339;11581644.00
20130327;7.99;8.11;7.95;8.02;617501;4954137.50
20130328;8.00;8.00;7.67;7.68;1245217;9680888.00
20130329;7.70;7.86;7.68;7.78;786555;6120139.00
20130401;7.81;7.86;7.73;7.82;521861;4070232.25
20130402;7.81;7.87;7.65;7.72;639297;4959731.00
20130403;7.75;7.75;7.57;7.67;463001;3534768.50
20130408;7.51;7.75;7.41;7.71;458492;3471690.75
20130409;7.73;7.81;7.66;7.73;445202;3444078.25
20130410;7.75;7.77;7.60;7.73;309905;2386153.75
20130411;7.75;7.81;7.73;7.77;416152;3231081.75
20130412;7.71;7.80;7.52;7.61;358202;2742814.75
20130415;7.53;7.59;7.43;7.44;350331;2629295.50
20130416;7.35;7.61;7.33;7.60;466005;3487779.50
20130417;7.60;7.65;7.55;7.65;224577;1709174.00
20130418;7.64;7.69;7.57;7.69;320024;2444105.75
20130419;7.65;7.84;7.65;7.77;821941;6397557.50
20130422;7.76;7.84;7.71;7.77;585226;4543315.50
20130423;7.77;7.80;7.44;7.46;832784;6318515.50
20130424;7.46;7.66;7.42;7.61;550387;4163636.25
20130425;7.51;8.08;7.51;7.88;3782307;29707960.00
20130426;7.91;8.10;7.85;8.04;4499956;35945676.00
20130502;8.05;8.12;7.87;8.00;3179659;25394332.00
20130503;8.08;8.28;8.00;8.11;3920800;31935424.00
20130506;8.14;8.40;8.11;8.25;3322244;27504604.00
20130507;8.28;8.37;8.17;8.23;2348247;19330600.00
20130508;8.25;8.39;8.18;8.21;3214137;26568962.00
20130509;8.23;8.44;8.11;8.36;3865382;32146740.00
20130510;8.36;8.72;8.34;8.47;4386640;37468872.00
20130513;8.51;8.65;8.41;8.60;2844963;24236084.00
20130514;8.64;8.79;8.47;8.50;3185737;27422106.00
20130515;8.56;8.83;8.45;8.80;4003570;34800888.00
20130516;8.78;9.03;8.60;8.63;5880306;51754592.00
20130517;8.60;8.85;8.51;8.73;3938360;34211624.00
20130520;8.74;8.95;8.72;8.94;3081113;27257582.00
20130521;9.00;9.05;8.82;8.98;3477202;31018728.00
20130522;8.99;9.01;8.67;8.73;3662217;32203990.00
20130523;8.70;8.88;8.64;8.73;2529485;22160946.00
20130524;8.70;8.95;8.68;8.94;2881509;25442180.00
20130527;8.97;9.21;8.91;9.17;3823362;34742968.00
20130528;9.16;9.16;8.88;9.00;3316817;29837204.00
20130529;9.01;9.09;8.90;9.01;1885592;16958606.00
20130530;9.01;9.13;8.95;9.12;1954739;17716904.00
20130531;9.12;9.18;9.00;9.04;1721800;15600169.00
20130603;9.02;9.05;8.61;8.61;2694188;23929464.00
20130604;8.91;9.46;8.82;9.01;6885239;62769500.00
20130605;8.80;9.00;8.66;8.94;2675626;23571098.00
20130606;9.10;9.20;8.80;8.80;1881645;16879012.00
20130607;8.79;9.46;8.63;9.21;16243055;151010784.00
20130613;8.70;8.75;8.29;8.29;10502268;87586104.00
20130614;8.25;8.45;8.07;8.37;6399337;52964472.00
20130617;8.31;8.39;8.13;8.23;3927092;32439404.00
20130618;8.24;8.48;8.21;8.32;3005948;25052090.00
20130619;8.38;8.38;8.18;8.33;3008250;24895924.00
20130620;8.26;8.28;8.03;8.05;2677395;21853736.00
20130621;7.86;8.00;7.60;7.98;2179830;17067938.00
20130624;8.05;8.05;7.37;7.50;2271113;17382964.00
20130625;7.51;7.55;6.96;7.46;2922462;21267594.00
20130626;7.47;7.66;7.37;7.64;2118515;15953952.00
20130627;7.69;7.79;7.36;7.43;2358141;17939762.00
20130628;7.38;7.60;7.15;7.41;1223848;9080635.00
20130701;7.39;7.69;7.30;7.68;1985017;14985837.00
20130702;7.72;7.89;7.64;7.83;2486463;19357668.00
20130703;7.78;7.94;7.58;7.89;2295171;17811864.00
20130704;7.85;8.03;7.72;7.81;1853478;14669674.00
20130705;7.87;7.90;7.65;7.65;1507941;11708119.00
20130708;7.50;7.72;7.31;7.53;1726371;12952800.00
20130709;7.41;8.28;7.41;7.96;4936265;39400240.00
20130710;7.92;8.20;7.82;8.10;2871684;23058166.00
20130711;8.10;8.33;8.01;8.24;3155987;25927626.00
20130712;8.23;8.38;8.05;8.08;3065934;25194866.00
20130715;8.25;8.89;8.21;8.89;6513721;57093556.00
20130716;9.38;9.78;9.35;9.78;17889795;173031456.00
20130717;9.96;10.36;9.78;10.08;20481044;206293248.00
20130718;9.96;9.96;9.62;9.91;15322625;150839760.00
20130719;10.00;10.17;9.45;9.49;15551256;153946080.00
20130722;9.33;10.44;9.31;10.44;16863986;169972832.00
20130723;10.83;11.48;10.55;11.48;25141537;279252736.00
20130724;11.28;11.88;11.18;11.45;14859382;170276896.00
20130725;11.29;11.45;10.55;10.90;11444120;125783280.00
20130726;10.85;11.99;10.85;11.99;16230014;190911408.00
20130729;12.30;12.57;11.33;11.41;16388430;196939888.00
20130730;11.21;12.55;11.21;12.55;20075280;244376864.00
20130731;12.30;12.45;11.90;12.20;11959488;145157536.00
20130801;12.10;12.75;11.96;12.41;11503906;141572624.00
20130802;12.23;12.68;11.50;11.50;19263472;231444512.00
20130805;11.38;11.65;11.26;11.62;11777897;134493120.00
20130806;11.56;12.05;11.42;11.73;11012819;128845000.00
20130807;11.64;11.75;10.90;11.06;11073088;124096472.00
20130808;11.06;11.35;10.95;11.17;6395928;71480080.00
20130809;11.27;11.27;10.58;10.88;7868403;85947880.00
20130812;10.79;11.07;10.71;11.04;6179400;67352072.00
20130813;11.04;11.24;10.88;11.09;6469373;71902032.00
20130814;11.20;11.21;10.80;11.04;5877394;64725132.00
20130815;11.03;11.49;10.95;11.28;9359377;105826400.00
20130816;11.17;11.65;10.60;10.62;9956220;111720472.00
20130819;10.30;10.88;10.16;10.83;5089453;53733552.00
20130820;10.80;11.20;10.66;11.13;6030829;66076840.00
20130821;11.01;11.20;10.97;11.17;5107853;56661704.00
20130822;11.16;11.29;11.00;11.29;5186395;57925308.00
20130823;11.36;11.45;10.63;10.98;5874541;65213216.00
20130826;10.95;11.23;10.73;11.23;4907240;54023744.00
20130827;11.13;11.25;10.88;11.14;4486687;49605044.00
20130828;11.00;11.03;10.53;10.54;6101011;65645856.00
20130829;10.50;10.64;10.31;10.58;3658265;38369088.00
20130830;10.58;10.62;9.93;10.10;4715205;48369020.00
20130902;10.00;10.33;10.00;10.26;2574430;26273550.00
20130903;10.26;10.54;10.10;10.45;2764595;28701292.00
20130904;10.40;10.45;10.24;10.41;2409350;24898592.00
20130905;10.37;10.66;10.25;10.49;3873006;40587136.00
20130906;10.55;11.00;10.53;10.67;6525219;70364576.00
20130909;10.56;10.65;10.31;10.46;3823609;39830592.00
20130910;10.38;10.62;10.25;10.37;3524735;36733720.00
20130911;10.43;10.50;10.02;10.19;2725817;27724810.00
20130912;10.09;10.34;10.02;10.06;3141752;31848932.00
20130913;10.10;10.28;9.95;10.28;3239367;32884994.00
20130916;10.29;10.46;10.18;10.34;2891462;29980120.00
20130917;10.30;10.34;9.99;10.01;2721999;27519848.00
20130918;10.12;10.12;9.81;10.08;1868308;18617748.00
20130923;10.05;10.46;10.05;10.46;3920771;40564808.00
20130924;10.46;10.79;10.40;10.66;4895169;52069504.00
20130925;10.55;10.74;10.40;10.51;3155174;33312348.00
20130926;10.44;10.96;10.38;10.64;5142960;55162268.00
20130927;10.64;10.74;10.37;10.45;2461318;25893398.00
20130930;10.49;10.75;10.45;10.60;2703867;28747362.00
20131008;10.60;10.89;10.46;10.88;3718184;39863668.00
20131009;10.89;10.97;10.70;10.95;4035168;43862076.00
20131010;10.90;10.90;10.50;10.51;3846844;41082420.00
20131011;10.51;10.62;10.35;10.48;3269796;34239024.00
20131014;10.48;10.59;10.25;10.58;3167735;32895374.00
20131015;10.68;11.40;10.68;11.26;11866739;131420568.00
20131016;11.08;11.19;10.60;10.70;5105635;55470128.00
20131017;10.75;10.94;10.48;10.56;3216264;34453404.00
20131018;10.58;11.62;10.51;11.62;12771904;145211904.00
20131021;11.82;12.43;11.69;11.93;13750742;165432160.00
20131022;11.80;12.38;11.55;11.70;8514442;102121728.00
20131023;11.58;11.98;11.00;11.27;6415652;73329080.00
20131024;11.29;11.36;10.85;10.88;4732802;52197424.00
20131025;10.95;11.03;10.02;10.12;5867746;60944356.00
20131028;10.10;10.23;9.80;10.03;3431832;34201072.00
20131029;10.02;10.09;9.18;9.47;4318233;41563796.00
20131030;9.43;9.62;9.25;9.61;2581803;24495612.00
20131031;9.57;9.68;9.35;9.58;2230119;21317826.00
20131101;9.55;9.90;9.44;9.83;2081729;20262772.00
20131104;9.81;9.86;9.55;9.70;1908657;18526554.00
20131105;9.70;9.89;9.55;9.85;1606554;15617816.00
20131106;9.79;9.96;9.70;9.70;2701571;26588670.00
20131107;9.70;9.70;9.41;9.42;1948623;18531762.00
20131108;9.30;9.45;9.20;9.25;1596281;14833849.00
20131111;9.18;9.40;9.18;9.34;1025971;9559323.00
20131112;9.38;10.27;9.30;10.27;5938564;59328200.00
20131113;10.00;10.18;9.83;9.84;3629881;36336040.00
20131114;9.71;10.59;9.71;10.40;5645732;58496172.00
20131115;10.48;10.95;10.36;10.60;5413774;57600696.00
20131118;10.50;10.80;10.50;10.72;4814636;51184688.00
20131119;10.66;11.03;10.61;10.75;3555100;38489800.00
20131120;10.70;10.85;10.56;10.78;2575253;27575146.00
20131121;10.76;10.87;10.52;10.68;2494390;26727904.00
20131122;10.67;10.70;10.42;10.48;1961119;20650324.00
20131125;10.45;11.02;10.44;10.80;4573968;49386012.00
20131126;10.69;10.95;10.58;10.86;2771921;29830846.00
20131127;10.83;11.23;10.76;11.17;4473211;49738928.00
20131128;11.11;11.31;11.03;11.16;3095996;34571444.00
20131129;11.15;11.57;11.10;11.41;3883498;44276480.00
20131202;10.90;10.90;10.27;10.27;5960628;62251720.00
20131203;9.97;10.27;9.50;10.13;4293254;42501112.00
20131204;10.05;10.42;9.93;10.03;4282063;43639324.00
20131205;10.00;10.15;9.96;9.99;2161561;21667116.00
20131206;9.96;10.10;9.95;10.10;1973610;19774906.00
20131209;10.09;10.32;10.09;10.29;2149911;22008926.00
20131210;10.29;10.35;10.10;10.16;1303309;13294168.00
20131211;10.19;10.39;10.14;10.30;2212178;22749024.00
20131212;10.20;10.45;10.20;10.35;1972415;20446854.00
20131213;10.35;11.21;10.24;10.90;5878428;63797264.00
20131216;10.88;11.11;10.69;10.91;4629012;50492332.00
20131217;10.96;12.00;10.88;12.00;11827928;139612992.00
20131218;12.30;12.30;11.39;11.73;13509464;158478912.00
20131219;11.50;11.78;11.09;11.10;7257228;82340808.00
20131220;10.92;11.56;10.90;11.11;7287859;81955280.00
20131223;11.12;11.15;10.31;10.52;4872218;51707212.00
20131224;10.50;10.96;10.42;10.73;4056169;43542748.00
20131225;10.71;11.29;10.52;11.22;6642340;73455704.00
20131226;11.17;12.34;11.05;12.33;22391470;272428320.00
20131227;11.96;12.68;11.79;12.52;22030105;270236288.00
20131230;12.52;13.77;12.39;13.70;22951314;304999392.00
20131231;13.30;13.34;12.51;12.71;15492928;199463040.00
20140102;12.56;13.42;12.56;13.11;13451291;175926144.00
20140103;13.00;13.14;12.33;12.70;10310711;131342208.00
20140106;12.62;13.23;12.41;12.60;9304259;119175536.00
20140107;12.48;12.95;12.00;12.83;7044789;87961872.00
20140108;12.99;13.99;12.99;13.23;14042317;189808064.00
20140109;13.01;13.66;12.67;12.87;9658346;127979440.00
20140110;12.62;12.98;12.18;12.36;5819676;73079768.00
20140113;12.47;12.76;12.31;12.59;4796960;60172220.00
20140114;12.59;13.76;12.56;13.63;10643161;141857712.00
20140115;13.48;14.18;13.30;13.61;11130231;152785872.00
20140116;13.55;14.45;13.54;13.64;11036592;154272112.00
20140117;13.54;14.37;13.38;14.19;9053352;126820304.00
20140120;14.00;14.19;13.38;13.65;6989327;96015040.00
20140121;13.52;14.49;13.40;14.39;9563710;133965176.00
20140122;14.30;14.66;13.93;14.34;9567466;136884720.00
20140123;14.30;14.45;14.08;14.13;9447879;134543984.00
20140124;13.99;14.15;13.70;14.02;8483647;118085536.00
20140127;13.86;14.15;13.61;13.62;8003386;110936472.00
20140128;13.53;13.88;13.13;13.72;6561856;88900776.00
20140129;13.58;13.94;13.43;13.73;5438308;74270456.00
20140130;13.77;13.85;13.18;13.24;4002102;54122676.00
20140207;13.13;13.78;13.00;13.77;3952786;53577284.00
20140210;13.76;14.39;13.72;14.28;8280863;116804160.00
20140211;14.24;14.71;13.82;14.10;8765776;125253568.00
20140212;14.10;14.35;13.70;14.30;7098910;99718072.00
20140213;14.14;14.25;13.30;13.41;6850800;94656552.00
20140214;13.40;13.67;13.02;13.62;4553157;61264460.00
20140217;13.64;14.10;13.61;14.07;5879687;81384112.00
20140218;14.04;14.07;13.65;13.75;4757503;65944148.00
20140219;13.75;13.83;13.31;13.63;3856998;52295436.00
20140220;13.60;13.63;13.00;13.00;4355491;57601584.00
20140221;13.06;13.25;12.70;12.88;3414268;44332852.00
20140224;12.87;13.23;12.79;13.17;2557330;33306168.00
20140225;13.24;13.60;12.01;12.13;6065706;78661800.00
20140226;12.13;12.21;11.77;12.17;3234876;38858984.00
20140227;12.20;12.42;11.90;11.95;3322723;40525552.00
20140228;11.92;12.35;11.82;12.30;2326617;28126114.00
20140303;12.30;12.54;12.20;12.54;2515927;31150514.00
20140304;12.41;12.42;12.10;12.29;1876145;23024568.00
20140305;12.31;12.72;12.31;12.45;2404525;30084700.00
20140306;12.50;12.71;12.15;12.70;2257142;28056802.00
20140307;12.70;12.78;12.39;12.45;1946135;24512240.00
20140310;12.31;12.31;11.79;11.85;1999624;24058516.00
20140311;11.81;12.08;11.80;12.05;1225950;14626790.00
20140312;12.04;12.14;11.72;11.93;1085055;12971177.00
20140313;11.97;12.24;11.88;12.19;1512945;18323296.00
20140314;12.08;12.39;12.05;12.17;1542472;18827206.00
20140317;12.21;12.65;12.18;12.63;2060132;25743688.00
20140318;12.60;12.75;12.54;12.56;1982188;25043200.00
20140319;12.60;12.67;12.46;12.67;1477836;18612124.00
20140320;12.64;12.75;12.00;12.00;2142682;26515384.00
20140321;11.91;12.51;11.87;12.47;1839086;22396842.00
20140324;12.49;12.56;12.33;12.42;1257823;15662023.00
20140325;12.45;12.88;12.31;12.69;3298614;41876124.00
20140326;12.73;12.78;12.47;12.52;2123453;26788578.00
20140327;12.48;12.51;11.93;11.95;2478834;30140204.00
20140328;11.99;12.09;11.32;11.40;2856816;33239254.00
20140331;11.40;11.52;11.19;11.34;1536244;17403776.00
20140401;11.39;11.55;11.34;11.55;1520502;17451564.00
20140402;11.54;11.54;11.20;11.28;1649551;18607942.00
20140403;11.22;11.48;11.22;11.30;1348224;15311659.00
20140404;11.29;11.52;11.22;11.51;1407275;16056617.00
20140408;11.47;11.72;11.38;11.64;1624191;18791152.00
20140409;11.62;11.88;11.62;11.84;1971751;23266984.00
20140410;11.89;11.99;11.78;11.82;1973873;23437200.00
20140411;11.73;11.75;11.51;11.73;1599928;18625314.00
20140414;11.71;11.92;11.66;11.89;1241950;14696782.00
20140415;11.85;11.95;11.74;11.79;1307183;15462369.00
20140416;11.75;11.92;11.64;11.90;1042935;12287625.00
20140417;11.95;11.98;11.81;11.83;1172895;13932004.00
20140418;11.76;11.95;11.76;11.87;1106704;13128542.00
20140421;11.74;11.89;11.50;11.52;1476984;17302176.00
20140422;11.60;11.60;11.18;11.30;1443084;16388697.00
20140423;11.27;11.38;11.25;11.30;777401;8788130.00
20140424;11.30;11.30;11.07;11.19;1143035;12788561.00
20140425;11.18;11.30;10.96;10.99;1134058;12611970.00
20140428;10.96;11.08;10.68;10.70;1661973;18016554.00
20140429;10.70;10.96;10.64;10.93;1033812;11174418.00
20140430;10.93;11.15;10.90;11.13;1428491;15779471.00
20140505;11.12;11.40;11.04;11.40;2372081;26619486.00
20140506;11.32;11.74;11.29;11.69;2664141;30900852.00
20140507;11.60;11.74;11.53;11.57;1648107;19204166.00
20140508;11.60;11.92;11.60;11.65;1989663;23474160.00
20140509;11.64;11.71;11.40;11.59;1056661;12211418.00
20140512;11.68;11.88;11.60;11.74;1453450;17060082.00
20140513;11.74;11.92;11.63;11.70;1119304;13172411.00
20140514;11.63;11.87;11.52;11.81;951115;11121928.00
20140515;11.75;11.80;11.51;11.54;939149;10939103.00
20140516;11.64;11.64;11.19;11.49;1071823;12167376.00
20140519;11.38;11.52;11.37;11.45;413549;4731527.50
20140520;11.58;11.88;11.58;11.81;1620772;19101874.00
20140521;11.70;12.32;11.67;12.28;2758982;33255930.00
20140522;12.20;12.45;12.13;12.13;1981935;24426818.00
20140523;12.03;12.66;11.96;12.58;3760929;46526236.00
20140526;12.71;12.84;12.52;12.76;4025748;51188316.00
20140527;12.72;12.73;12.43;12.62;2134776;26802264.00
20140528;12.62;12.72;12.48;12.64;1949267;24609414.00
20140529;12.73;12.80;12.27;12.28;2041402;25494370.00
20140530;12.23;12.57;12.22;12.51;1675870;20843018.00
20140603;12.52;12.97;12.48;12.51;2670853;33928420.00
20140604;12.43;12.59;12.11;12.46;1470568;18072202.00
20140605;12.28;12.80;12.28;12.78;2529925;31999560.00
20140606;12.85;13.33;12.81;12.95;5722027;74714120.00
20140609;12.84;13.21;12.80;12.83;2650606;34504016.00
20140610;12.81;13.17;12.65;13.05;3148490;40789424.00
20140611;13.09;13.57;12.91;13.57;4875873;64544992.00
20140612;13.80;13.90;13.22;13.23;5495313;74217072.00
20140613;13.10;13.43;12.95;13.36;4059839;53662852.00
20140616;13.29;13.47;13.21;13.27;2520568;33631692.00
20140617;13.30;13.55;13.07;13.24;2594353;34520836.00
20140618;13.24;13.41;12.82;12.87;2671594;34886636.00
20140619;12.81;12.92;12.11;12.30;3155717;39549548.00
20140620;12.30;12.44;12.18;12.39;1704630;21001772.00
20140623;12.44;12.80;12.38;12.76;2388046;30217604.00
20140624;12.69;13.27;12.69;12.95;2498354;32458666.00
20140625;12.91;13.13;12.88;13.00;1746113;22653814.00
20140626;13.19;13.88;13.19;13.70;7523519;102767240.00
20140627;13.56;14.11;13.56;13.96;6400168;88919704.00
20140630;13.90;14.30;13.68;14.25;5411507;75898192.00
20140701;14.25;14.25;13.80;13.91;4640195;64817788.00
20140702;13.90;14.50;13.73;14.02;5637350;79412720.00
20140703;13.89;14.12;13.70;13.79;4013234;55813380.00
20140704;13.86;14.34;13.82;13.86;5190267;72846032.00
20140707;13.90;14.25;13.62;14.25;5691869;79294712.00
20140708;14.18;14.80;13.93;14.62;7233084;104158952.00
20140709;14.55;14.67;13.90;13.96;5567662;79753488.00
20140710;13.91;14.17;13.90;14.00;3016232;42314580.00
20140711;13.87;14.18;13.85;13.99;3176227;44418820.00
20140714;13.88;14.26;13.83;14.24;3172812;44649272.00
20140715;14.15;14.27;13.71;13.84;3793532;52874816.00
20140716;13.70;13.94;13.43;13.48;3055179;41637360.00
20140717;13.45;13.58;13.36;13.55;1834312;24737090.00
20140718;13.57;13.74;13.45;13.56;1488422;20251902.00
20140721;13.50;13.59;13.20;13.41;1444654;19273072.00
20140722;13.36;13.65;13.36;13.61;1829090;24811022.00
20140723;13.60;13.68;12.86;13.01;3182199;41997128.00
20140724;12.98;13.13;12.86;13.11;1704266;22175210.00
20140725;13.13;13.24;12.97;13.11;1857487;24317622.00
20140728;13.11;13.39;13.05;13.35;2039290;26990794.00
20140729;13.37;13.45;13.26;13.36;1987116;26584512.00
20140730;13.39;13.52;13.32;13.43;1883465;25284272.00
20140731;13.37;13.51;13.36;13.51;2026417;27242354.00
20140801;13.51;13.61;13.14;13.17;3111019;41647412.00
20140804;13.29;13.38;13.18;13.33;1228074;16308969.00
20140805;13.35;13.86;13.33;13.80;4334484;59250396.00
20140806;13.80;14.09;13.73;14.08;5199650;72427928.00
20140807;14.09;14.68;14.09;14.19;6730560;96803224.00
20140808;14.18;14.47;14.11;14.26;2928211;41846332.00
20140811;14.30;14.45;14.16;14.30;3001566;42881376.00
20140812;14.27;14.75;14.27;14.60;3668502;53451328.00
20140813;14.49;14.65;14.05;14.49;3684051;52830176.00
20140814;14.47;14.56;14.22;14.22;2480428;35705684.00
20140815;14.30;14.49;14.16;14.40;1828684;26220920.00
20140818;14.41;14.98;14.30;14.91;4252736;62451064.00
20140819;14.93;15.30;14.57;14.78;3644709;54443092.00
20140820;14.73;14.83;14.58;14.71;2669287;39225312.00
20140821;14.78;15.17;14.62;15.14;3562210;52881860.00
20140822;15.16;15.37;14.90;15.13;3790685;57234396.00
20140825;15.02;15.14;14.70;14.70;2903991;43196668.00
20140826;14.75;15.01;14.40;14.41;2627819;38711752.00
20140827;14.42;14.65;14.36;14.45;1638530;23764910.00
20140828;14.50;14.55;14.31;14.36;1501082;21654682.00
20140829;14.36;14.63;14.26;14.63;1550629;22446812.00
20140901;14.70;14.98;14.65;14.98;2790687;41395416.00
20140902;14.99;15.17;14.90;15.12;3343962;50339904.00
20140903;15.09;15.27;14.85;15.14;4386050;66063608.00
20140904;15.16;15.25;14.92;15.19;3572825;54033616.00
20140905;15.19;15.26;15.10;15.19;2410532;36529040.00
20140909;15.28;15.63;15.24;15.44;3525925;54522596.00
20140910;15.34;15.64;15.20;15.44;2637695;40770896.00
20140911;15.44;15.76;15.11;15.21;4202569;64819540.00
20140912;15.15;15.49;15.15;15.49;2382380;36532512.00
20140915;15.59;16.25;15.58;16.19;5498389;87702928.00
20140916;16.10;16.14;15.25;15.39;5106279;80749296.00
20140917;15.39;15.70;15.23;15.70;2847164;44091160.00
20140918;15.60;15.94;15.49;15.80;2818637;44294120.00
20140919;15.80;15.83;15.44;15.75;2459537;38499180.00
20140922;15.71;15.71;15.16;15.16;2762770;42233924.00
20140923;15.16;15.60;15.11;15.60;2691929;41367004.00
20140924;15.48;15.86;15.43;15.75;2738943;43037344.00
20140925;15.71;16.08;15.71;15.76;4653975;73992008.00
20140926;15.61;16.24;15.61;16.22;3431918;54938976.00
20140929;16.25;16.47;16.12;16.40;3873137;63229112.00
20140930;16.35;16.48;16.16;16.30;2275986;37073784.00
20141008;16.18;16.36;16.11;16.33;1998461;32485904.00
20141009;16.33;16.51;15.92;16.14;3388226;54832600.00
20141010;16.14;16.15;15.86;16.10;3253784;52052836.00
20141013;15.93;16.00;15.51;15.91;2554519;40143692.00
20141014;15.87;16.03;15.55;15.61;2614792;41297284.00
20141015;15.68;16.20;15.52;16.14;4034720;63808188.00
20141016;16.01;16.18;15.48;15.48;3023345;48074996.00
20141017;15.45;15.55;14.78;15.02;4798899;72404752.00
20141020;15.05;15.28;15.05;15.23;1697409;25795910.00
20141021;15.28;15.32;14.90;14.99;2033223;30750618.00
20141022;15.02;15.26;14.94;14.98;2012998;30413188.00
20141023;14.99;15.09;14.52;14.78;2375446;35015584.00
20141024;14.62;15.02;14.62;14.92;1713065;25522132.00
20141027;14.97;15.41;14.89;15.35;2777985;42352376.00
20141028;15.36;15.66;15.27;15.64;3535249;54805664.00
20141029;15.65;15.90;15.53;15.78;2809314;44118896.00
20141030;15.79;15.91;15.57;15.68;2720823;42858956.00
20141031;15.69;15.79;15.36;15.58;2855504;44256468.00
20141103;15.61;16.21;15.52;16.16;4552946;72678488.00
20141104;16.24;16.56;16.01;16.18;5314217;86559696.00
20141105;16.06;16.18;15.65;15.99;2264329;36221292.00
20141106;16.10;16.56;15.93;16.56;3884150;63303940.00
20141107;16.75;17.32;16.37;16.37;7091706;120181312.00
20141110;16.41;16.78;16.30;16.51;2642019;43654184.00
20141111;16.60;16.60;15.73;15.96;4746094;76022384.00
20141112;15.83;16.22;15.82;16.02;3527380;56445600.00
20141113;15.95;16.10;15.45;15.45;3663185;57086588.00
20141114;15.36;15.44;15.16;15.36;1823707;27917350.00
20141117;15.40;15.95;15.22;15.83;2314506;36341588.00
20141118;15.80;15.86;15.57;15.72;1674974;26299308.00
20141119;15.76;15.98;15.61;15.95;2236903;35382292.00
20141120;15.82;15.87;15.71;15.81;1614282;25483990.00
20141121;15.82;16.45;15.79;16.22;3119808;50729912.00
20141124;16.26;16.60;16.26;16.31;2865172;46868928.00
20141125;16.33;17.12;16.29;16.93;5243117;88128664.00
20141126;16.95;17.17;16.57;16.87;4237916;71380384.00
20141127;16.90;17.40;16.70;17.40;7237074;123784128.00
20141128;17.40;17.89;17.12;17.22;6883897;120359560.00
20141201;17.01;17.20;16.66;16.81;4343383;73359176.00
20141202;16.68;17.33;16.68;17.09;4148133;70729648.00
20141203;17.05;17.25;16.65;17.16;4677086;79186024.00
20141204;17.12;17.46;17.05;17.15;4035264;69540120.00
20141205;17.25;17.27;16.01;16.44;5303649;87719080.00
20141208;16.36;16.79;16.12;16.35;3867134;63829692.00
20141209;16.33;16.34;15.38;15.38;6967189;110833896.00
20141210;15.38;15.99;15.23;15.90;4745242;74259816.00
20141211;15.82;16.20;15.60;16.03;3046050;48739912.00
20141212;16.04;16.38;16.04;16.28;2938964;47654388.00
20141215;16.33;16.94;16.33;16.75;3479739;58206652.00
20141216;16.79;16.83;16.41;16.71;2983767;49643268.00
20141217;16.66;17.14;16.31;17.11;5487769;92211256.00
20141218;17.00;17.18;16.74;16.84;3377072;57066444.00
20141219;16.87;16.87;15.90;16.18;4024073;65280876.00
20141222;16.19;16.20;14.90;14.95;4693055;71947720.00
20141223;15.14;15.63;15.07;15.20;2722717;41773076.00
20141224;15.24;15.65;15.24;15.52;1990589;30825442.00
20141225;15.58;15.83;15.42;15.61;1753720;27333604.00
20141226;15.65;15.83;15.50;15.65;1757379;27471588.00
20141229;15.65;15.65;14.98;15.21;2901291;44073392.00
20141230;15.10;15.25;14.71;14.85;2412582;36041396.00
20141231;14.95;15.25;14.90;15.02;1594291;24008790.00
20150105;14.99;14.99;14.65;14.90;2302546;34129608.00
20150106;14.90;15.62;14.80;15.46;2892224;44217664.00
20150107;15.45;15.58;15.16;15.29;1791196;27409482.00
20150108;15.29;15.50;15.17;15.30;1751570;26883936.00
20150109;15.20;15.56;15.18;15.18;2259998;34725432.00
20150112;15.15;15.15;14.53;14.53;2174000;32068314.00
20150113;14.53;14.90;14.52;14.82;2411346;35458420.00
20150114;14.82;14.88;14.69;14.78;1768638;26136334.00
20150115;14.77;15.10;14.75;14.94;1557180;23277736.00
20150116;14.95;15.22;14.90;15.18;2432628;36689772.00
20150119;14.96;15.58;14.72;14.84;4306723;65456432.00
20150120;14.91;15.56;14.91;15.56;3567853;54703108.00
20150121;15.65;15.83;15.50;15.80;4201914;65905940.00
20150122;15.74;15.85;15.60;15.83;2492357;39221632.00
20150123;15.85;15.90;15.51;15.58;2158452;33811864.00
20150126;15.55;15.86;15.55;15.80;1799256;28345966.00
20150127;15.81;15.89;15.50;15.79;2836482;44546016.00
20150128;15.75;16.07;15.62;15.97;3772500;59966780.00
20150129;15.81;16.13;15.68;15.89;2610234;41575896.00
20150130;15.97;16.12;15.53;15.53;2220073;35017388.00
20150202;15.25;15.65;15.23;15.46;1388435;21529906.00
20150203;15.46;15.96;15.46;15.87;2304489;36385336.00
20150204;16.02;16.22;15.80;15.96;3810344;61188864.00
20150205;16.11;16.24;15.90;16.00;3095476;49702260.00
20150206;16.08;16.11;15.42;15.50;2436692;38318088.00
20150209;15.43;15.59;14.98;15.01;2556934;38857692.00
20150210;15.01;15.27;14.91;15.25;1788093;27057216.00
20150211;15.25;15.29;15.01;15.06;3114229;47147808.00
20150212;15.15;15.39;15.11;15.37;2272716;34709200.00
20150213;15.39;15.67;15.38;15.58;2751069;42879088.00
20150216;15.60;15.97;15.59;15.96;2414455;38211012.00
20150217;16.02;16.06;15.67;15.85;2175128;34396380.00
20150225;15.81;16.18;15.81;16.10;4221599;67588688.00
20150226;16.05;16.38;15.98;16.23;4222209;68466856.00
20150227;16.30;16.53;16.20;16.44;4219599;69115168.00
20150302;16.51;16.55;16.30;16.50;4421277;72683080.00
20150303;16.30;16.37;16.00;16.02;5489004;88885832.00
20150304;16.08;16.73;16.00;16.70;6892869;113083064.00
20150305;16.70;16.70;16.32;16.57;3594020;59375460.00
20150306;16.57;16.68;16.00;16.11;4517043;73409888.00
20150309;16.12;17.65;15.94;17.29;9520764;162270144.00
20150310;17.28;17.43;16.95;17.17;6250900;107152664.00
20150311;17.08;17.10;16.80;16.93;4376925;74115304.00
20150312;17.00;17.25;16.54;16.72;4417598;74634576.00
20150313;16.80;17.25;16.71;17.18;4439577;75608376.00
20150316;17.20;17.73;17.20;17.60;5506213;96581552.00
20150317;17.71;18.05;17.42;17.74;6663345;117871224.00
20150318;17.70;18.47;17.57;18.24;6724203;121626648.00
20150319;18.40;18.48;17.98;18.26;5557495;101270664.00
20150320;18.10;18.46;17.91;18.28;5344472;97197456.00
20150323;18.45;19.16;18.36;19.16;7635370;144077744.00
20150324;18.55;19.52;17.62;19.33;19200804;355799904.00
20150325;19.01;20.19;18.75;19.82;17133823;335938816.00
20150326;19.58;20.39;18.60;19.13;10780141;210011440.00
20150327;19.01;19.33;18.72;19.03;5585117;106020704.00
20150330;19.02;19.13;18.36;18.68;7313265;136917504.00
20150331;18.67;18.97;18.52;18.68;5442119;102201776.00
20150401;18.62;19.19;18.60;19.10;5436750;102982800.00
20150402;19.16;19.59;18.90;19.35;7444784;143561344.00
20150403;19.20;19.78;19.06;19.77;8208734;160856192.00
20150407;20.28;20.95;20.21;20.39;8049557;164792880.00
20150408;20.39;20.51;19.00;19.58;8004334;157991984.00
20150409;19.40;20.28;18.52;20.10;7638428;147565408.00
20150410;19.70;22.00;19.70;21.84;11536350;244800896.00
20150413;22.01;22.19;21.03;21.90;8117501;176153712.00
20150414;21.82;21.99;21.15;21.60;5514716;118634160.00
20150415;21.60;21.88;20.34;20.60;6378247;134098376.00
20150416;20.10;21.19;19.86;20.75;4268761;87870320.00
20150417;20.72;20.97;20.19;20.58;5950978;121473128.00
20150420;20.50;20.50;19.28;19.33;4783587;95408920.00
20150421;19.33;20.20;19.33;20.20;4279413;85106000.00
20150422;20.20;20.62;20.20;20.44;4826871;98751784.00
20150423;20.58;21.15;20.30;20.56;6244969;129481104.00
20150424;20.28;20.64;19.80;20.42;5163701;104542800.00
20150427;20.60;21.15;20.39;20.53;5789956;119900384.00
20150428;20.53;20.75;19.65;20.00;5135250;104035960.00
20150429;19.91;20.84;19.82;20.80;5610040;115326160.00
20150430;21.11;21.50;20.58;20.66;6916577;145871120.00
20150504;20.75;21.69;20.75;21.58;6845437;146125280.00
20150505;21.69;22.49;21.00;21.68;8792218;191641600.00
20150506;21.99;23.46;21.50;22.36;9544119;215612400.00
20150507;22.00;22.35;20.42;20.57;6849538;145049888.00
20150508;20.81;22.08;20.71;22.00;6986163;149581168.00
20150511;22.11;23.71;22.11;23.16;10807318;249149920.00
20150512;23.00;23.61;22.50;23.44;9491791;219387984.00
20150513;22.50;23.25;22.44;22.80;6673697;152441824.00
20150514;22.75;24.25;22.53;23.84;7529781;177658032.00
20150519;26.20;26.22;24.18;26.22;12866412;326859104.00
20150520;26.98;28.84;26.98;28.84;5246430;149594816.00
20150521;30.25;31.62;29.18;30.45;14816173;449194976.00
20150522;31.00;33.50;28.10;32.31;14095018;430053632.00
20150525;32.98;35.45;31.05;34.89;12922747;440036224.00
20150526;34.03;37.43;34.00;35.95;10401794;373530432.00
20150527;35.50;35.86;34.49;34.68;10046744;351708704.00
20150528;34.96;35.80;31.31;31.40;9768765;331111616.00
20150529;31.99;34.34;30.22;33.20;10647397;347390016.00
20150601;32.54;36.30;32.50;35.83;10453492;362145760.00
20150602;35.75;38.60;35.12;38.27;9355286;351289440.00
20150603;38.33;38.50;35.50;37.00;7409328;276494976.00
20150604;36.45;36.80;33.30;35.90;7394817;256740816.00
20150605;36.10;36.54;34.02;34.83;7039786;249164448.00
20150608;34.43;34.51;32.18;33.01;5960102;197306960.00
20150609;33.30;35.44;32.80;34.47;7772000;267075104.00
20150610;34.15;37.92;34.00;37.92;8193168;301090784.00
20150611;38.22;41.15;38.22;39.00;9084311;359391040.00
20150612;38.66;40.55;37.88;39.90;6954665;273543712.00
20150615;40.00;41.50;38.60;38.91;7000430;282095840.00
20150616;37.30;37.63;35.20;35.83;8204538;298323872.00
20150617;35.92;37.79;33.39;37.10;6761937;239911808.00
20150618;36.50;36.90;33.80;33.90;5009228;178023744.00
20150619;32.90;33.30;30.51;30.51;4365231;139579200.00
20150623;29.98;32.50;27.76;32.47;6629953;199978976.00
20150624;32.52;33.58;31.21;32.28;5700946;184995632.00
20150625;32.80;33.79;30.00;30.60;6100602;198273552.00
20150626;29.60;29.69;27.54;27.54;5355389;151689376.00
20150629;28.54;28.90;24.79;24.79;6263104;161401824.00
20150630;23.79;26.88;22.31;26.86;7361515;180334544.00
20150701;26.66;28.40;24.17;24.82;7183777;194072880.00
20150702;24.33;25.48;22.34;22.34;8073247;189097728.00
20150703;21.69;23.63;20.11;20.21;7583577;160648944.00
20150706;22.23;22.23;18.19;18.84;9696574;193442688.00
20150806;20.72;20.72;20.72;20.72;314896;6524645.00
20150807;22.79;22.79;22.79;22.79;2778421;63320216.00
20150810;24.20;25.07;23.80;25.07;12576565;306698848.00
20150811;24.90;24.90;24.00;24.47;11856389;291149536.00
20150812;24.02;24.99;23.88;24.00;8153965;199247184.00
20150813;23.71;24.40;23.40;24.28;7287543;174001008.00
20150814;24.45;24.57;24.01;24.07;6599472;160002768.00
20150817;23.81;23.95;23.10;23.64;5493448;129132688.00
20150818;23.78;24.50;21.28;21.51;10084970;237191104.00
20150819;20.88;22.58;19.56;22.09;7536914;157866720.00
20150820;21.57;22.12;20.76;20.84;4537512;97929256.00
20150821;20.10;20.72;19.02;19.03;4897235;97236624.00
20150824;18.00;18.34;17.13;17.13;3218867;55879888.00
20150825;15.42;15.85;15.42;15.42;4586633;70946600.00
20150826;15.50;16.59;15.03;15.49;8908961;140989552.00
20150827;16.11;16.40;15.20;16.40;6274978;100090104.00
20150828;16.73;17.98;16.60;17.86;7783413;132616536.00
20150831;17.60;17.60;16.50;16.73;5937964;100857624.00
20150901;16.20;16.55;15.06;15.06;4959834;78098720.00
20150902;14.11;16.00;14.05;14.59;5238188;78617240.00
20150907;14.70;15.88;14.70;15.40;4976599;76769232.00
20150908;15.20;16.83;15.19;16.75;4872479;77499984.00
20150909;16.96;17.78;16.82;17.63;7586188;131693064.00
20150910;17.23;17.44;16.90;16.92;5114799;88117352.00
20150911;16.88;17.46;16.88;17.39;4437210;76463520.00
20150914;17.50;17.50;15.65;15.65;5938857;96392920.00
20150915;15.12;15.90;14.69;15.00;4264952;65285844.00
20150916;15.25;16.50;15.00;16.50;4969202;78117256.00
20150917;16.49;17.40;16.10;16.38;7617921;128101832.00
20150918;16.66;18.02;16.35;18.02;9643993;167139776.00
20150921;17.77;19.75;17.64;19.29;12721782;236809248.00
20150922;19.09;20.28;18.42;19.56;11704252;225352432.00
20150923;19.05;20.37;18.81;19.80;8566460;169029408.00
20150924;9.99;10.30;9.41;9.52;18656270;182546912.00
20150925;9.35;9.50;8.61;8.83;14921041;135091184.00
20150928;9.10;9.71;8.76;9.62;15066726;140121296.00
20150929;9.35;9.85;9.18;9.38;14183067;134232688.00
20150930;9.45;9.50;8.91;9.17;10474032;96182928.00
20151008;9.48;9.98;9.33;9.80;14292354;137980176.00
20151009;9.89;10.78;9.80;10.78;24096070;250069808.00
20151012;11.00;11.45;10.82;11.21;30103776;337183456.00
20151013;11.00;11.49;10.82;11.39;20249120;226352624.00
20151014;11.28;11.64;11.00;11.06;17282164;194401744.00
20151015;10.81;11.37;10.72;11.29;18486935;205024208.00
20151016;11.35;11.41;10.85;11.18;18868564;209867328.00
20151019;11.21;11.21;10.83;11.04;13098540;143355216.00
20151020;11.05;11.91;11.05;11.53;22963370;265596256.00
20151021;11.43;11.54;10.38;10.38;22086359;241565984.00
20151022;10.35;10.88;10.31;10.81;14019638;148704672.00
20151023;10.95;11.46;10.70;11.29;18628333;206188032.00
20151026;11.59;11.97;11.30;11.67;19924539;231936528.00
20151027;11.45;12.19;10.82;12.00;20716349;236795008.00
20151028;11.78;12.19;11.45;11.56;17723491;209415312.00
20151029;11.73;11.85;11.20;11.45;11397532;131435272.00
20151030;11.50;11.50;11.00;11.12;10983003;123406144.00
20151102;10.83;11.26;10.50;10.54;9630256;104993728.00
20151103;10.59;10.77;10.41;10.67;7302742;77392392.00
20151104;10.64;11.43;10.64;11.43;11427627;127127944.00
20151105;11.50;11.54;11.13;11.35;12708492;143768176.00
20151106;11.46;12.49;11.42;12.49;16269487;199289824.00
20151109;12.70;13.29;12.32;13.20;38447517;495933312.00
20151110;12.90;13.07;12.60;12.90;20705084;267353344.00
20151111;12.89;13.49;12.76;13.23;20560964;269817376.00
20151112;13.07;13.36;12.59;12.85;20286702;262121856.00
20151113;12.53;13.30;12.44;12.95;20668496;268320176.00
20151116;12.71;14.25;12.58;14.25;20883627;286930528.00
20151117;15.48;15.68;14.78;14.87;48227246;736026432.00
20151118;15.00;15.52;14.44;15.15;37858345;565510528.00
20151119;15.03;16.67;15.03;16.52;53081897;859350528.00
20151120;16.01;16.55;15.61;16.36;36974927;595133504.00
20151123;16.12;16.12;15.01;15.27;25138662;394205376.00
20151124;15.50;15.78;15.18;15.45;13929973;215284048.00
20151125;15.48;15.92;15.26;15.77;17144718;268253824.00
20151126;15.70;15.85;15.11;15.15;15654250;240605680.00
20151127;15.25;15.60;13.64;13.92;16832927;248102512.00
20151130;13.89;14.24;12.70;14.08;14063640;192419824.00
20151201;14.01;14.60;13.60;14.23;12807165;180425152.00
20151202;14.21;14.21;13.18;13.75;7922573;108799616.00
20151203;14.01;14.49;14.01;14.40;10385557;148616768.00
20151204;14.21;14.70;14.03;14.19;10755626;154469472.00
20151207;14.20;14.38;13.91;14.36;7688040;109323688.00
20151208;14.30;14.35;13.85;13.94;9128691;128509312.00
20151209;14.00;14.24;13.58;13.65;7235525;100381144.00
20151210;13.44;13.80;13.44;13.52;6663102;90895320.00
20151211;13.60;14.14;13.60;13.81;8472860;117456504.00
20151214;13.51;14.19;13.31;14.16;9278105;126699184.00
20151215;14.05;14.77;14.02;14.71;14124918;204441312.00
20151216;14.78;14.78;14.41;14.44;10710941;155886656.00
20151217;14.60;14.92;14.55;14.85;11885724;175197616.00
20151218;14.85;14.85;14.32;14.39;9794634;142767008.00
20151221;14.55;14.55;14.02;14.32;8429745;119736216.00
20151222;14.48;14.86;14.40;14.82;14608380;214775760.00
20151223;14.82;14.85;14.35;14.41;10521282;152554992.00
20151224;14.30;14.30;13.67;14.17;7463728;104666216.00
20151225;14.17;14.28;14.00;14.16;5658953;80124096.00
20151228;14.29;14.37;13.71;13.72;7083037;99935432.00
20151229;13.70;13.90;13.45;13.89;5759618;78632648.00
20151230;13.80;14.29;13.80;14.21;7171937;101384552.00
20151231;14.31;14.35;13.76;13.80;5117917;71825928.00
20160104;13.85;13.85;12.42;12.42;6009785;77622976.00
20160105;11.62;12.36;11.18;11.51;9922387;116061832.00
20160106;11.58;11.94;11.37;11.76;6627790;77304584.00
20160107;11.50;11.50;10.58;10.58;1818800;19905036.00
20160108;10.77;10.98;9.85;10.53;7647641;80945336.00
20160111;10.40;10.40;9.48;9.48;5817059;57620624.00
20160112;9.46;9.86;9.38;9.68;5669591;54575780.00
20160113;9.80;9.87;8.88;9.05;5456577;51875832.00
20160114;8.74;9.79;8.73;9.65;6491007;60633016.00
20160115;9.55;9.77;9.01;9.20;5377503;50761956.00
20160118;9.08;10.12;9.00;10.12;11158113;111243712.00
20160119;10.35;10.86;10.28;10.83;19063911;201062832.00
20160120;10.52;10.70;10.33;10.56;12155254;128000728.00
20160121;10.50;10.84;10.15;10.15;11722151;123718136.00
20160122;10.32;10.49;9.97;10.49;8487065;87283360.00
20160125;10.60;10.68;10.33;10.42;7228776;76082704.00
20160126;10.30;10.32;9.38;9.38;8464924;83386072.00
20160127;9.50;9.71;8.62;9.58;8232456;75462208.00
20160128;9.23;9.55;8.88;8.91;6285407;57982288.00
20160129;8.70;9.80;8.70;9.64;10312777;97724248.00
20160201;9.59;9.59;9.02;9.27;8067905;75315384.00
20160202;9.29;9.94;9.27;9.75;8872416;85888344.00
20160203;9.53;9.99;9.30;9.86;8391933;80758512.00
20160204;9.86;10.20;9.82;10.02;8248171;82501568.00
20160205;9.95;10.10;9.68;9.76;6115418;60297168.00
20160215;9.15;9.79;9.14;9.70;4977820;47102596.00
20160216;9.75;10.38;9.70;10.20;8727854;88298400.00
20160217;10.15;10.38;9.99;10.30;9362321;95103176.00
20160218;10.50;10.54;10.11;10.20;9812128;101120008.00
20160219;10.11;10.48;10.03;10.32;7806176;80027160.00
20160222;10.45;10.66;10.33;10.64;9948999;104064080.00
20160223;10.65;10.73;10.20;10.45;8915058;93256344.00
20160224;10.36;10.48;10.01;10.36;8818792;90144440.00
20160225;10.33;10.33;9.32;9.32;8894526;86311720.00
20160226;9.36;9.50;8.92;9.12;5242149;48326664.00
20160229;9.10;9.10;8.21;8.22;6057296;50920428.00
20160301;8.32;8.56;8.01;8.46;5132853;42834024.00
20160302;8.42;8.96;8.36;8.93;7257235;62968840.00
20160303;8.93;9.16;8.82;8.83;6366988;57179328.00
20160304;8.70;8.89;8.28;8.37;6714881;57611404.00
20160307;8.53;8.90;8.48;8.70;4468767;38811340.00
20160308;8.69;9.08;8.26;8.89;7427841;64681492.00
20160309;8.68;8.95;8.56;8.67;4546009;39718288.00
20160310;8.77;8.95;8.51;8.56;4922348;43262584.00
20160311;8.41;8.63;8.20;8.51;3646050;30805562.00
20160314;8.69;9.06;8.52;8.85;6618564;58726492.00
20160315;8.80;8.94;8.74;8.77;4009896;35384336.00
20160316;9.04;9.11;8.60;8.63;4536986;39899120.00
20160317;8.66;9.35;8.66;9.18;11282254;102133544.00
20160318;9.18;9.70;9.16;9.55;11883978;112317072.00
20160321;9.60;9.93;9.55;9.87;11577039;112194272.00
20160322;9.70;9.89;9.60;9.72;8465312;82670016.00
20160323;9.66;10.23;9.65;10.06;12304918;123091016.00
20160324;9.87;10.20;9.76;9.79;9155817;90859584.00
20160325;9.66;9.86;9.66;9.82;4774753;46565340.00
20160328;9.85;10.13;9.65;9.75;5421972;53869236.00
20160329;9.75;9.78;9.31;9.38;4670466;44356328.00
20160330;9.51;9.94;9.51;9.91;6262203;60788068.00
20160331;10.02;10.17;9.94;9.97;7165005;72024544.00
20160401;9.95;9.97;9.52;9.90;5513097;53556584.00
20160405;9.86;10.37;9.70;10.26;8825607;89481088.00
20160406;10.18;10.96;10.11;10.50;12352824;130163880.00
20160407;10.33;10.56;10.10;10.11;10639934;109012744.00
20160408;9.99;10.02;9.70;9.93;8881621;87741896.00
20160411;9.99;10.27;9.91;10.19;7919686;80467208.00
20160412;10.20;10.22;9.88;10.05;5611732;56110656.00
20160413;10.07;10.40;10.07;10.29;10023288;102993560.00
20160414;10.32;10.47;10.22;10.40;9686249;100130496.00
20160415;10.42;10.45;10.28;10.41;6960377;72141256.00
20160418;10.30;10.38;10.09;10.30;7491151;76689928.00
20160419;10.39;10.51;10.18;10.38;6720480;69324016.00
20160420;10.41;10.48;9.34;9.48;12550502;123028400.00
20160421;9.45;9.55;9.18;9.20;6836077;64342900.00
20160422;9.20;9.35;9.11;9.32;3818068;35304240.00
20160425;9.24;9.28;9.01;9.22;2928789;26821408.00
20160426;9.27;9.45;9.18;9.45;3890859;36243064.00
20160427;9.47;9.50;9.25;9.31;3350582;31524576.00
20160428;9.38;9.49;9.11;9.48;3887809;36246920.00
20160429;9.45;9.50;9.28;9.31;2822389;26488300.00
20160503;9.34;9.70;9.18;9.68;5221600;49856076.00
20160504;9.60;9.82;9.50;9.64;4401457;42693072.00
20160505;9.64;9.84;9.58;9.83;6087449;59319776.00
20160506;9.79;9.88;9.28;9.35;8306033;79439968.00
20160509;9.20;9.20;8.75;8.82;4221832;37796128.00
20160510;8.88;8.97;8.81;8.90;2734009;24327248.00
20160511;8.99;9.07;8.76;8.76;2471786;22014754.00
20160512;8.63;8.78;8.50;8.78;2728853;23597238.00
20160513;8.77;8.90;8.64;8.72;2371900;20778608.00
20160516;8.70;8.91;8.65;8.89;2506788;22065462.00
20160517;8.83;9.00;8.75;8.92;3734055;33148778.00
20160518;8.88;8.88;8.37;8.57;3445755;29797226.00
20160519;8.57;8.87;8.55;8.68;2674888;23351342.00
20160520;8.67;8.84;8.50;8.82;2692945;23457868.00
20160523;8.83;8.97;8.75;8.94;3930945;34950264.00
20160524;8.91;8.91;8.76;8.86;2821067;24915972.00
20160525;8.90;9.10;8.86;8.91;3672493;32814426.00
20160526;8.86;9.20;8.61;9.11;6395431;56647404.00
20160527;9.02;9.21;8.95;9.11;5775853;52614976.00
20160530;9.05;9.09;8.89;8.95;4164774;37329428.00
20160531;8.93;9.40;8.93;9.39;8095096;74827976.00
20160601;9.39;9.51;9.32;9.34;7098751;66674632.00
20160602;9.32;9.48;9.32;9.44;6483816;61004136.00
20160603;9.39;9.49;9.31;9.44;6393413;60064872.00
20160606;9.45;9.74;9.38;9.70;10458216;100190664.00
20160607;9.69;9.75;9.49;9.62;6464584;62079304.00
20160608;9.46;9.83;9.43;9.66;9051709;87196032.00
20160613;9.46;9.88;9.18;9.18;9722046;93543760.00
20160614;9.18;9.69;9.18;9.42;4683434;44052268.00
20160615;9.30;9.96;9.20;9.80;10864815;105993152.00
20160616;9.76;10.10;9.64;9.78;12538450;123946240.00
20160617;9.78;9.98;9.59;9.88;9657296;94686056.00
20160620;9.86;10.14;9.77;10.12;11533096;115307312.00
20160621;10.17;10.21;9.73;9.76;9697807;96629144.00
20160622;9.72;10.13;9.72;10.01;8771150;87079200.00
20160623;9.98;10.05;9.70;9.84;6752046;66683876.00
20160624;9.81;9.94;9.35;9.65;7471777;72476696.00
20160627;9.53;10.00;9.53;9.99;7775841;76801624.00
20160628;9.96;10.20;9.91;10.19;12022496;121195920.00
20160629;10.24;10.24;9.99;10.04;7679114;77507760.00
20160630;10.05;10.34;10.04;10.33;10651605;108917352.00
