20110113;56.31;59.53;55.00;58.59;10825154;626364288.00
20110114;56.02;56.18;52.73;52.73;6344591;337741856.00
20110117;50.88;52.30;49.51;50.99;3279010;165847600.00
20110118;50.00;50.00;48.01;48.99;2287376;112105360.00
20110119;48.99;50.05;48.88;49.90;1615372;79809744.00
20110120;49.80;49.80;47.78;47.99;1357977;66291132.00
20110121;47.03;48.87;47.03;47.72;1345482;64308588.00
20110124;47.81;48.59;45.80;45.80;1069737;50417020.00
20110125;45.81;46.37;45.33;45.99;645705;29612270.00
20110126;46.01;47.80;46.01;46.78;816859;38389780.00
20110127;46.90;48.35;46.70;47.70;586211;27884666.00
20110128;47.56;47.85;46.84;47.30;611752;28921070.00
20110131;47.01;50.15;47.01;50.01;1664934;81724408.00
20110201;49.62;49.66;48.70;48.91;730422;35862936.00
20110209;48.00;48.59;47.30;48.00;642516;30854638.00
20110210;48.25;49.51;47.68;49.45;779164;37982560.00
20110211;49.52;49.85;49.04;49.80;739327;36546980.00
20110214;50.00;50.27;49.23;50.07;773193;38559592.00
20110215;49.96;51.43;49.83;49.97;900866;45530192.00
20110216;49.84;50.95;49.60;50.78;621280;31246584.00
20110217;50.90;51.50;50.48;51.50;863373;44112940.00
20110218;52.26;52.28;50.61;50.83;1049700;53869688.00
20110221;50.90;51.65;50.90;51.38;854054;43789204.00
20110222;52.08;52.60;49.70;49.71;1002683;51110332.00
20110223;49.52;50.33;49.51;49.90;434711;21695652.00
20110224;50.20;50.24;49.01;49.89;650255;32262678.00
20110225;49.90;50.00;48.99;49.60;393738;19443516.00
20110228;49.50;50.28;49.21;50.05;494280;24617832.00
20110301;50.29;50.87;49.73;50.00;652782;32779882.00
20110302;50.10;50.66;49.90;50.48;563397;28319472.00
20110303;50.30;51.48;49.90;50.93;1275054;64826212.00
20110304;51.01;51.48;50.42;51.16;706559;35979440.00
20110307;51.59;52.35;50.66;52.30;1298036;66644440.00
20110308;52.40;53.99;52.40;53.01;2005820;106890248.00
20110309;52.68;52.95;52.01;52.28;625491;32734292.00
20110310;52.07;52.84;51.60;51.65;565841;29530052.00
20110311;51.63;52.22;51.20;51.48;450544;23249384.00
20110314;51.35;52.16;51.21;52.07;367178;19014484.00
20110315;52.22;52.22;50.50;51.10;684621;35081732.00
20110316;50.81;51.39;50.73;51.27;276342;14143961.00
20110317;50.78;51.69;50.51;50.66;409621;20950126.00
20110318;51.00;51.20;50.61;50.68;207282;10524712.00
20110321;50.69;51.66;50.51;51.25;329782;16913716.00
20110322;51.25;51.25;50.23;50.39;348601;17587026.00
20110323;50.63;50.83;50.16;50.70;205343;10375944.00
20110324;50.75;51.40;50.53;50.99;404507;20659026.00
20110325;50.75;51.45;50.51;51.10;301287;15387633.00
20110328;51.10;51.16;48.90;48.98;714494;35691292.00
20110329;48.97;48.97;46.90;47.08;723041;34512044.00
20110330;47.00;47.35;46.42;46.85;230952;10799059.00
20110331;46.60;47.70;46.52;47.46;307367;14559137.00
20110401;47.50;47.80;47.16;47.79;141827;6742073.50
20110406;47.65;47.87;47.02;47.48;182070;8650488.00
20110407;47.58;48.44;47.51;48.03;193560;9306062.00
20110408;48.03;48.33;47.84;48.20;166115;7999657.00
20110411;48.25;48.55;47.92;48.00;224709;10833123.00
20110412;47.50;47.99;47.00;47.02;188139;8874549.00
20110413;47.20;47.78;47.03;47.69;176749;8391173.00
20110414;47.88;47.88;46.88;46.89;161680;7630233.00
20110415;46.89;47.16;46.68;47.00;152931;7174654.00
20110418;46.80;47.69;46.70;47.48;170606;8069918.00
20110419;47.15;47.30;45.88;46.30;412657;19118200.00
20110420;46.51;46.51;45.45;46.21;383709;17545862.00
20110421;46.18;46.30;45.00;45.30;647259;29443822.00
20110422;44.50;44.50;40.85;41.28;2296185;96800704.00
20110425;41.05;41.47;40.65;41.00;785276;32291866.00
20110426;40.90;41.20;40.34;40.65;330449;13472479.00
20110427;40.95;41.30;40.05;40.43;241323;9829797.00
20110428;40.43;40.58;38.86;38.86;485550;19150602.00
20110429;39.13;39.39;37.00;39.27;409101;15732673.00
20110503;39.28;39.60;38.88;39.52;246661;9681548.00
20110504;39.00;39.19;38.10;38.36;188249;7275359.50
20110505;38.13;38.67;38.00;38.35;200005;7663675.00
20110506;37.73;38.29;37.46;37.94;357242;13521108.00
20110509;37.95;38.58;37.81;38.27;184678;7077868.50
20110510;38.19;38.64;38.18;38.62;140309;5385161.50
20110511;38.62;38.98;38.21;38.78;171986;6636979.50
20110512;38.41;38.77;37.90;37.95;203348;7789454.50
20110513;37.97;38.30;37.41;38.22;182051;6881441.50
20110516;38.20;38.34;38.00;38.04;95899;3655727.75
20110517;38.32;38.32;37.80;38.00;118570;4510991.50
20110518;38.19;38.19;37.82;38.10;93900;3577925.50
20110519;38.12;38.30;37.81;37.90;115565;4394310.00
20110520;38.00;38.19;37.46;37.46;156683;5894479.00
20110523;37.40;37.41;35.60;35.94;344763;12474462.00
20110524;35.51;36.90;35.00;36.44;358966;12911343.00
20110526;35.70;35.91;35.01;35.23;268958;9524203.00
20110527;35.25;35.25;34.50;34.66;184378;6408377.00
20110530;34.60;35.22;34.20;34.44;224900;7808621.50
20110531;34.50;35.41;34.46;35.00;125859;4376090.50
20110601;34.80;35.35;34.80;35.35;139439;4902698.00
20110602;35.00;35.35;34.40;35.26;149929;5232637.50
20110603;35.25;35.80;35.23;35.61;125666;4469309.00
20110607;35.33;35.70;35.33;35.61;65349;2322910.75
20110608;35.68;35.68;35.01;35.58;65660;2316697.75
20110609;35.58;35.70;35.14;35.19;224055;7906984.00
20110610;28.96;28.96;28.02;28.48;114038;3254021.00
20110613;28.30;28.65;27.90;28.60;195215;5520972.00
20110614;28.30;28.70;28.30;28.60;93810;2678291.75
20110615;28.51;28.64;28.30;28.45;140029;3980336.00
20110616;28.40;28.40;27.47;27.58;265671;7374970.00
20110617;27.60;27.78;27.09;27.18;73749;2023472.50
20110620;27.18;27.56;27.01;27.22;110820;3014291.75
20110621;27.50;27.76;27.12;27.56;133459;3651239.75
20110622;27.51;27.55;27.00;27.04;72831;1985167.75
20110623;27.20;28.36;27.04;28.23;337421;9442766.00
20110624;28.18;28.87;28.01;28.79;333929;9554776.00
20110627;28.88;29.85;28.54;29.55;444088;13074524.00
20110628;29.03;29.54;29.03;29.42;172497;5042468.00
20110629;29.55;29.96;29.32;29.53;352884;10500340.00
20110630;29.23;30.30;29.08;30.28;301003;9027254.00
20110701;29.88;30.79;29.88;30.49;304845;9267735.00
20110705;31.20;31.45;30.72;30.90;429611;13305678.00
20110706;30.74;31.19;30.51;31.00;229260;7066827.50
20110707;30.86;31.89;30.73;31.16;530876;16566663.00
20110708;31.00;31.30;30.90;31.08;220660;6849296.00
20110711;31.05;31.05;30.39;30.84;470542;14409740.00
20110712;30.70;31.54;30.21;31.13;636027;19902586.00
20110713;31.58;31.88;31.14;31.66;451728;14294489.00
20110714;31.70;32.38;31.70;32.33;443403;14235866.00
20110715;32.39;32.73;31.91;32.37;278838;9045243.00
20110718;32.95;33.33;32.00;32.06;487734;15839649.00
20110719;32.01;32.17;31.43;31.53;427063;13521235.00
20110720;31.60;32.50;31.60;32.43;504827;16189440.00
20110721;32.48;34.50;32.21;34.41;1049632;35221052.00
20110722;33.90;34.41;33.45;33.90;713451;24084688.00
20110725;33.87;34.08;32.90;32.99;869255;28967556.00
20110726;32.99;33.00;31.75;32.26;363529;11694239.00
20110727;32.22;33.30;31.82;33.08;301877;9888309.00
20110728;32.55;33.42;32.50;33.26;276051;9133784.00
20110729;33.29;33.38;32.61;32.87;196719;6467263.00
20110801;32.23;33.24;32.23;32.99;272872;8974241.00
20110802;33.13;33.15;32.02;33.14;254033;8276902.50
20110803;32.93;33.54;32.72;33.40;192211;6404095.00
20110804;33.56;33.56;33.03;33.40;273192;9113655.00
20110805;32.60;33.99;32.10;33.83;500876;16609815.00
20110808;33.04;33.73;31.56;33.13;598017;19672516.00
20110809;32.10;32.96;30.60;32.43;305551;9839324.00
20110810;32.43;34.00;32.43;33.55;636320;21313938.00
20110811;33.47;35.18;33.12;35.01;651206;22374744.00
20110812;35.20;35.26;34.46;34.51;509033;17688126.00
20110815;34.40;35.08;34.08;34.59;758650;26143974.00
20110816;34.78;34.83;34.13;34.30;255760;8813920.00
20110817;34.55;34.55;34.05;34.35;384015;13137834.00
20110818;34.52;34.52;33.70;33.92;276260;9408537.00
20110819;32.56;33.79;32.30;33.40;526932;17515438.00
20110822;33.40;34.58;33.40;33.84;403149;13724858.00
20110823;34.01;34.52;33.60;34.35;180953;6169096.00
20110824;34.70;36.05;34.70;35.70;857399;30487938.00
20110825;35.69;35.85;34.80;35.20;467686;16471237.00
20110826;35.20;35.69;34.80;35.60;205214;7280187.00
20110829;35.20;36.44;35.20;36.14;502828;18073418.00
20110830;36.46;36.50;34.80;35.27;314811;11205752.00
20110831;34.99;35.40;34.10;34.39;366862;12616950.00
20110901;34.98;34.98;34.00;34.30;177144;6082971.50
20110902;34.05;34.10;33.63;34.05;112061;3799666.75
20110905;33.70;34.50;33.52;33.88;253603;8587516.00
20110906;33.96;34.20;33.70;33.94;113061;3835327.75
20110907;34.20;35.00;33.98;34.98;143399;4961650.00
20110908;35.00;35.34;34.06;34.59;115000;3991676.00
20110909;34.16;34.86;33.50;33.85;190174;6462853.00
20110913;33.40;33.76;32.23;32.88;141106;4668203.00
20110914;33.00;33.34;32.20;33.00;148146;4852739.00
20110915;33.00;33.48;32.75;32.79;109588;3619675.75
20110916;33.10;33.20;32.78;32.89;59480;1958919.38
20110919;32.82;32.82;32.30;32.30;69020;2242391.25
20110920;32.49;33.48;32.30;33.18;150600;4959282.00
20110921;32.76;34.05;32.76;33.81;342101;11470462.00
20110922;33.90;33.90;32.25;32.60;191561;6301735.00
20110923;32.21;32.21;31.00;31.75;367435;11591849.00
20110926;31.21;31.87;30.63;31.30;415419;12963048.00
20110927;31.31;31.45;30.62;30.80;249891;7721954.00
20110928;31.09;31.37;30.18;30.31;110842;3396462.75
20110929;30.00;30.27;28.52;30.27;319197;9336224.00
20110930;29.49;29.99;29.00;29.93;143820;4231348.50
20111010;29.85;29.85;29.00;29.00;84839;2484279.50
20111011;29.98;29.98;28.70;28.97;68780;2006118.25
20111012;28.43;30.18;28.43;29.72;259599;7695197.50
20111013;29.97;31.23;29.91;30.75;307870;9456066.00
20111014;30.82;30.99;30.04;30.52;123073;3739226.75
20111017;31.18;31.18;30.22;30.66;62620;1913258.38
20111018;30.60;30.60;29.83;30.07;107430;3242296.75
20111019;30.36;30.38;29.50;29.80;94720;2821342.75
20111020;29.53;30.00;29.36;29.78;202691;6033241.00
20111021;29.69;29.80;28.68;29.00;165870;4823873.00
20111024;29.30;29.66;28.81;29.60;199792;5836566.00
20111025;29.80;30.79;29.60;30.54;222905;6749943.50
20111026;30.98;30.98;29.86;30.70;515440;15667776.00
20111027;30.35;30.70;30.03;30.24;227490;6893179.00
20111028;30.59;30.75;30.10;30.45;260888;7945066.00
20111031;30.88;30.89;30.53;30.86;203381;6246149.50
20111101;30.40;30.98;30.18;30.70;179350;5498759.50
20111102;30.40;31.50;30.03;31.50;551793;16971146.00
20111103;31.50;33.45;31.40;32.42;911941;29562154.00
20111104;32.50;32.94;32.25;32.69;290587;9444137.00
20111107;32.93;33.45;31.50;32.73;398243;13160573.00
20111108;32.78;33.39;32.51;32.90;429358;14192328.00
20111109;32.94;34.25;32.94;34.22;673417;22736624.00
20111110;33.81;34.20;33.42;33.65;501639;16950388.00
20111111;33.94;33.94;33.18;33.55;348785;11701981.00
20111114;33.88;34.36;33.52;34.29;413556;14089591.00
20111115;34.38;35.19;34.01;34.95;515371;17915668.00
20111116;34.87;34.94;33.53;34.03;390282;13323849.00
20111117;33.80;34.91;33.71;34.53;336202;11553453.00
20111118;34.53;34.53;32.57;33.48;308568;10316978.00
20111121;33.39;33.49;32.50;33.08;184149;6049026.00
20111122;32.95;33.18;32.20;32.64;470889;15346816.00
20111123;32.75;32.94;32.47;32.70;284300;9287072.00
20111124;31.90;32.85;31.50;32.68;232669;7507325.00
20111125;32.65;32.96;32.39;32.68;180576;5901681.50
20111128;32.68;32.95;32.31;32.81;126466;4134922.50
20111129;32.99;33.14;32.55;33.14;201856;6638703.50
20111130;32.91;33.30;31.25;31.93;362172;11709666.00
20111201;32.56;33.03;32.06;32.15;284390;9279691.00
20111202;32.10;32.36;31.50;32.14;182533;5829125.50
20111205;32.09;32.79;31.00;31.30;129283;4081717.50
20111206;30.94;31.73;30.06;31.47;117690;3659108.50
20111207;31.60;31.70;31.00;31.38;73431;2291367.00
20111208;31.06;31.98;31.05;31.75;106430;3353200.75
20111209;31.74;31.74;30.58;31.14;142200;4452699.50
20111212;31.30;31.30;30.11;30.11;117330;3586405.00
20111213;29.52;29.94;28.50;28.50;311264;9013127.00
20111214;28.69;28.69;27.16;27.30;497062;13868066.00
20111215;27.04;27.47;26.75;27.11;224140;6049105.50
20111216;27.15;28.05;27.00;28.04;222893;6130604.50
20111219;27.97;28.03;27.18;27.90;233262;6412519.00
20111220;27.68;28.29;27.59;28.00;140049;3925076.00
20111221;28.19;28.55;27.25;27.25;184700;5161382.00
20111222;27.25;27.45;25.61;26.54;336939;8827943.00
20111223;26.32;27.18;26.32;26.91;116686;3131461.00
20111226;26.55;27.27;26.50;26.85;152336;4097194.50
20111227;25.94;26.89;25.94;25.98;94977;2498362.75
20111228;25.46;26.44;25.18;25.66;125501;3209072.00
20111229;25.87;26.37;25.87;26.10;130221;3396479.25
20111230;26.11;26.65;26.08;26.35;161022;4235913.50
20120104;26.80;27.75;26.25;26.25;218519;5930342.00
20120105;26.13;26.79;24.80;25.88;279020;7155290.50
20120106;25.55;26.00;25.20;25.86;104488;2668449.50
20120109;26.11;26.84;25.32;26.68;376670;9961236.00
20120110;26.35;27.40;26.35;27.35;482619;13049601.00
20120111;26.99;28.39;26.99;27.98;607813;16689874.00
20120112;27.78;28.02;27.21;27.28;440915;12104497.00
20120113;27.60;28.80;27.11;27.28;738859;20573846.00
20120116;26.11;27.26;25.88;25.88;385518;10151328.00
20120117;25.50;26.80;23.65;26.69;700149;17931828.00
20120118;27.07;29.00;25.50;26.99;752764;20098874.00
20120119;26.38;26.88;25.03;25.60;883371;22716210.00
20120120;25.61;25.63;24.72;25.53;799175;20088902.00
20120130;25.55;26.50;25.35;26.14;895847;23282816.00
20120131;25.90;26.12;25.52;25.92;235166;6063276.00
20120201;25.92;26.62;25.70;26.00;381111;9999402.00
20120202;25.78;26.50;25.78;26.47;308678;8078059.00
20120203;26.47;27.55;26.30;27.43;573549;15520163.00
20120206;27.20;28.40;27.20;28.00;736655;20634956.00
20120207;27.95;27.95;27.20;27.46;421953;11581375.00
20120208;27.51;28.30;27.51;28.20;445380;12499965.00
20120209;28.12;28.60;27.01;28.00;896765;25154490.00
20120210;27.80;28.50;27.71;28.45;513676;14503686.00
20120213;28.12;29.96;28.03;29.47;834069;24560334.00
20120214;29.50;29.70;29.10;29.38;382676;11221986.00
20120215;29.22;29.67;29.22;29.42;466422;13740024.00
20120216;29.55;29.61;28.35;28.87;1019920;29523726.00
20120217;28.87;28.99;28.10;28.85;510038;14554657.00
20120220;29.20;29.38;28.80;29.05;691653;20147122.00
20120221;29.10;29.90;29.06;29.89;943745;27920134.00
20120222;30.02;30.88;30.00;30.53;1021693;31138122.00
20120223;30.66;31.32;30.55;30.75;999892;30867718.00
20120224;30.63;31.60;30.61;31.18;814126;25433092.00
20120227;31.45;32.59;31.20;32.15;1499291;47852340.00
20120228;32.00;32.49;31.60;32.02;1056945;33849376.00
20120229;32.04;32.16;30.89;30.99;993562;31022974.00
20120301;31.10;31.88;30.69;31.61;977123;30579354.00
20120302;31.88;31.88;30.50;31.40;2585899;80171944.00
20120305;31.12;31.50;30.78;30.94;1649975;51225172.00
20120306;30.80;31.23;30.75;30.97;951843;29543696.00
20120307;30.58;31.15;30.49;30.53;828954;25609148.00
20120308;30.53;31.00;30.53;30.90;629530;19417386.00
20120309;31.18;31.22;30.74;31.20;687307;21329064.00
20120312;31.26;31.40;30.89;31.39;955952;29796538.00
20120313;31.40;31.53;31.13;31.49;704505;22097440.00
20120314;31.66;31.97;29.05;29.85;1527070;47541484.00
20120315;30.00;30.37;29.62;29.92;646395;19438900.00
20120316;29.92;31.17;29.92;31.06;961432;29295436.00
20120319;32.50;33.00;31.18;32.35;2619740;84172328.00
20120320;32.49;32.58;31.58;31.66;1678015;53727800.00
20120321;31.66;32.68;31.31;32.64;1691523;54105892.00
20120322;32.60;33.78;32.21;33.35;2489627;82836328.00
20120323;33.30;33.30;31.80;32.16;1088533;35562400.00
20120326;31.88;32.16;31.50;31.90;477957;15213717.00
20120327;32.13;32.30;31.50;31.62;472263;15044321.00
20120329;29.60;29.82;28.50;28.50;1091608;31654980.00
20120330;28.03;28.50;26.51;27.33;1143998;31458950.00
20120405;27.39;28.40;27.26;28.40;658989;18435964.00
20120406;28.53;28.68;28.18;28.45;448061;12748499.00
20120409;28.35;29.15;27.51;28.30;493067;14067856.00
20120410;28.02;28.38;27.28;28.35;335033;9306468.00
20120411;28.15;28.40;27.36;28.11;217105;6097626.00
20120412;28.27;28.97;28.23;28.91;559614;16054124.00
20120413;28.80;29.50;28.72;29.48;640969;18767420.00
20120416;29.50;29.50;29.02;29.15;269124;7878838.50
20120417;29.08;29.60;28.69;28.78;396085;11498197.00
20120418;28.95;29.61;28.95;29.58;280550;8236072.00
20120419;29.58;30.88;29.33;30.38;1262419;38176080.00
20120420;30.23;30.74;30.20;30.51;494088;15070361.00
20120423;30.00;30.28;29.50;29.71;649455;19390678.00
20120424;29.00;30.42;28.51;29.07;430983;12534687.00
20120425;29.00;29.38;28.79;29.20;291708;8484065.00
20120426;29.27;29.38;28.88;28.89;324169;9461738.00
20120427;29.00;29.85;28.72;29.35;278224;8154109.00
20120502;30.35;30.40;29.35;30.06;527625;15787920.00
20120503;29.60;30.39;29.60;29.81;512918;15357951.00
20120504;29.86;30.97;29.78;30.77;422158;12910109.00
20120507;30.80;31.49;30.13;31.35;721502;22219156.00
20120508;31.29;32.60;30.85;31.62;1050896;33512962.00
20120509;31.62;31.70;30.82;31.20;432458;13496197.00
20120510;31.77;31.77;31.20;31.43;348730;10965161.00
20120511;31.30;31.46;30.87;31.02;270210;8422932.00
20120514;31.20;31.70;30.82;31.45;336368;10521562.00
20120515;30.88;31.46;30.86;31.42;364771;11429904.00
20120516;31.59;31.59;30.97;31.45;453860;14286478.00
20120517;15.36;15.80;15.36;15.63;899814;14099949.00
20120518;15.56;15.61;14.70;14.99;897487;13467900.00
20120521;14.92;15.33;14.90;15.21;562467;8508135.00
20120522;15.10;15.37;15.10;15.21;362096;5514518.00
20120523;15.22;15.35;14.95;15.14;361800;5504802.50
20120524;15.02;15.15;14.92;14.99;421291;6318832.50
20120525;14.99;15.00;14.28;14.28;676600;9838415.00
20120528;14.10;14.60;13.81;14.50;470107;6644852.50
20120529;14.45;14.69;14.40;14.64;589523;8554092.00
20120530;14.63;14.67;14.47;14.53;185350;2699124.00
20120531;14.41;14.69;14.33;14.63;518909;7510727.00
20120601;14.64;15.50;14.52;14.80;307908;4581482.50
20120604;14.46;14.46;14.12;14.25;261497;3738826.75
20120605;14.20;14.39;13.95;14.01;272140;3841663.00
20120606;14.28;14.40;13.80;13.93;220600;3070405.25
20120607;14.00;14.06;13.81;13.88;152101;2112862.75
20120608;13.80;14.10;13.80;14.04;301215;4217201.00
20120611;14.00;14.48;14.00;14.25;262800;3762132.75
20120612;14.15;14.44;13.74;14.40;649357;9214776.00
20120613;14.34;14.96;14.18;14.94;445499;6526517.50
20120614;14.94;15.15;14.50;14.77;470801;7028722.00
20120615;14.67;15.02;14.60;14.84;176224;2607089.50
20120618;14.84;15.47;14.84;15.18;1017583;15488522.00
20120619;15.18;15.48;15.01;15.10;297327;4514824.50
20120620;15.01;15.39;14.97;15.12;916022;13850482.00
20120621;15.10;15.10;14.75;14.96;398399;5927784.00
20120625;14.84;14.84;14.29;14.55;365027;5286901.00
20120626;14.12;14.98;14.11;14.70;538954;7928699.00
20120627;14.75;16.17;14.74;15.75;6171389;97429040.00
20120628;15.47;15.58;14.81;14.81;3105700;47309296.00
20120629;14.88;14.89;14.20;14.61;1529521;22189378.00
20120702;14.79;14.89;14.50;14.61;1105804;16256609.00
20120703;14.71;15.51;14.63;15.51;3319666;50693536.00
20120704;15.70;15.78;14.89;15.00;2086091;31863870.00
20120705;15.14;15.35;14.76;15.15;939160;14180137.00
20120706;15.45;15.45;14.43;15.15;1254597;18792228.00
20120709;15.06;15.06;14.24;14.25;1323762;19323456.00
20120710;14.20;14.37;13.84;13.85;695493;9746980.00
20120711;13.91;14.10;13.82;14.09;469873;6563939.00
20120712;14.00;14.46;13.89;14.31;368619;5265964.00
20120713;14.31;14.58;14.31;14.34;419281;6072038.50
20120716;14.70;14.95;14.00;14.35;953924;13920209.00
20120717;14.06;14.83;14.05;14.70;790079;11422617.00
20120718;14.54;15.50;14.31;15.21;2169480;32749582.00
20120719;15.18;15.74;15.03;15.58;1653236;25534394.00
20120720;15.53;16.20;15.30;15.61;1964490;31223300.00
20120723;15.31;15.81;15.16;15.43;961755;14897028.00
20120724;15.30;16.10;15.27;15.88;1178544;18659280.00
20120725;15.72;16.48;15.55;16.20;1904984;30661906.00
20120726;16.45;16.45;15.41;15.62;1644758;26114878.00
20120727;15.75;15.84;15.41;15.53;596444;9311305.00
20120730;15.39;15.85;15.16;15.30;946173;14546168.00
20120731;15.30;15.30;14.95;15.05;657533;9908906.00
20120801;15.22;16.28;15.18;16.28;1647134;26243242.00
20120802;16.00;16.31;15.92;16.17;1451541;23414734.00
20120803;16.17;17.36;16.15;17.01;3904716;66018180.00
20120806;16.90;17.58;16.70;17.41;2617039;44978828.00
20120807;17.35;18.14;17.20;17.82;3820472;68118488.00
20120808;17.66;17.80;17.30;17.52;1294267;22624200.00
20120809;17.48;18.68;17.45;18.37;2966114;53828060.00
20120810;18.25;19.10;18.25;18.63;2457979;46164792.00
20120813;18.58;18.58;17.71;17.72;2072419;37502704.00
20120814;17.72;18.80;17.60;18.48;3660846;66490180.00
20120815;18.47;18.85;17.88;17.94;2469287;45304256.00
20120816;17.68;17.85;17.50;17.51;969886;17087076.00
20120817;17.38;17.93;17.19;17.52;2173562;38333144.00
20120820;17.30;18.08;17.16;17.98;1340768;23778132.00
20120821;17.95;18.65;17.78;18.06;2819151;51726784.00
20120822;18.08;19.06;18.00;18.82;3102621;57720984.00
20120823;18.50;18.80;18.12;18.34;2125046;39090728.00
20120824;18.22;18.22;17.55;17.55;1669174;29605976.00
20120827;17.56;18.28;17.15;17.40;2155798;38214496.00
20120828;17.16;17.88;17.15;17.73;1000624;17425874.00
20120829;17.68;18.10;17.39;17.47;537004;9520131.00
20120830;17.47;17.47;16.07;16.36;2504568;41875792.00
20120831;16.32;16.88;16.32;16.72;951826;15848056.00
20120903;16.72;17.60;16.60;17.57;1036619;17883778.00
20120904;17.57;18.09;17.36;17.36;731392;12915943.00
20120905;17.20;17.80;17.15;17.41;524045;9160307.00
20120906;17.57;17.88;17.20;17.42;666942;11621765.00
20120907;17.65;18.40;17.48;18.19;2038190;36748360.00
20120910;17.80;18.83;17.68;18.69;2684248;49258852.00
20120911;18.74;19.00;17.98;18.15;2174385;40125756.00
20120912;18.15;18.40;18.01;18.22;1457345;26515478.00
20120913;18.22;18.70;18.00;18.21;1705838;31439410.00
20120914;18.48;18.65;17.21;17.57;1869930;33120136.00
20120917;17.64;17.66;17.04;17.10;960617;16504999.00
20120918;17.01;17.27;16.93;17.10;530880;9059799.00
20120919;17.41;17.59;17.08;17.28;728869;12625141.00
20120920;17.29;17.31;16.41;16.55;830851;13915094.00
20120921;16.50;16.85;15.86;15.90;1088612;17922616.00
20120924;15.82;16.17;15.82;16.09;922425;14759869.00
20120925;15.91;16.35;15.91;16.17;422622;6842800.50
20120926;16.17;16.17;15.09;15.42;1442999;22330580.00
20120927;15.36;15.96;15.19;15.90;1400791;21989504.00
20120928;15.79;16.00;15.62;15.98;849291;13416362.00
20121008;15.95;16.79;15.82;16.71;1343889;22110438.00
20121009;16.69;17.32;16.62;16.90;1013531;17206952.00
20121010;16.73;17.18;16.71;17.05;816771;13935612.00
20121011;17.05;17.05;16.46;16.54;906390;15133527.00
20121012;16.68;16.98;16.57;16.93;407194;6822754.50
20121015;16.72;16.79;16.02;16.44;638003;10393395.00
20121016;16.46;16.75;16.32;16.75;646588;10727797.00
20121017;16.68;16.80;16.36;16.60;814697;13444199.00
20121018;16.65;16.96;16.65;16.91;659859;11136348.00
20121019;16.91;17.10;16.85;17.06;591284;10050231.00
20121022;17.00;17.59;16.81;17.30;1366600;23516424.00
20121023;17.39;17.46;17.00;17.06;646613;11118293.00
20121024;16.71;17.13;15.91;15.94;1098727;17993668.00
20121025;16.09;16.29;15.92;16.01;696875;11194237.00
20121026;15.95;16.01;15.19;15.78;701620;10998509.00
20121029;15.78;16.19;15.78;16.03;399304;6411756.50
20121030;16.25;16.86;15.95;16.77;708547;11646563.00
20121031;16.80;16.80;16.09;16.23;721860;11806812.00
20121101;16.38;16.48;16.03;16.33;555722;9080586.00
20121102;16.30;16.44;16.18;16.39;368636;6008194.00
20121105;16.18;16.40;16.07;16.15;360168;5841650.50
20121106;16.45;16.88;16.36;16.60;2055852;34264664.00
20121107;16.61;16.65;16.31;16.59;563039;9294388.00
20121108;16.40;16.58;15.80;16.07;573488;9251396.00
20121109;15.98;16.22;15.88;16.01;136742;2197244.50
20121112;15.84;16.32;15.84;16.30;266605;4303457.50
20121113;16.37;16.37;15.67;15.78;205640;3281287.75
20121114;15.28;15.79;15.28;15.70;476108;7379942.50
20121115;15.50;16.12;15.35;15.79;430780;6820452.50
20121116;15.98;16.25;15.52;15.86;300636;4788549.00
20121119;15.91;16.07;15.65;15.80;236499;3746260.75
20121120;15.89;15.95;15.73;15.83;269702;4270675.50
20121121;15.88;15.88;15.46;15.63;330209;5162451.00
20121122;15.75;15.85;15.40;15.59;209911;3280804.25
20121123;15.60;16.09;15.40;15.45;294347;4600850.50
20121126;15.18;15.50;14.72;14.73;339957;5097321.50
20121127;14.60;14.60;14.00;14.02;628001;8925410.00
20121128;13.85;14.29;13.50;13.90;318813;4443475.00
20121129;13.85;14.14;13.40;13.48;235602;3232230.25
20121130;13.55;14.00;13.55;13.91;453712;6298299.00
20121203;14.00;14.00;13.50;13.53;172100;2376501.25
20121204;13.60;13.80;13.36;13.78;378207;5110768.00
20121205;13.78;14.41;13.60;14.20;656114;9283876.00
20121206;14.05;14.29;13.87;13.96;378399;5302127.50
20121207;14.10;14.20;13.86;14.12;897305;12597459.00
20121210;14.23;14.60;14.08;14.52;1742104;24906796.00
20121211;14.25;14.40;14.16;14.22;619227;8842415.00
20121212;14.20;14.43;14.02;14.32;694744;9847364.00
20121213;14.21;14.28;13.74;13.81;1002186;13978334.00
20121214;13.80;14.44;13.78;14.41;1362170;19349084.00
20121217;14.42;14.69;14.30;14.63;952125;13794324.00
20121218;14.65;14.96;14.51;14.85;939467;13857094.00
20121219;14.75;15.46;14.70;15.02;1020748;15428559.00
20121220;14.89;15.35;14.63;15.15;753613;11339025.00
20121221;15.15;15.49;15.02;15.37;926657;14162919.00
20121224;15.30;15.55;15.11;15.17;649468;9951190.00
20121225;15.19;15.56;14.95;15.49;1550148;23753656.00
20121226;15.42;16.10;15.42;15.95;789068;12468644.00
20121227;16.20;16.33;15.78;15.90;824479;13184784.00
20121228;15.80;15.90;15.31;15.65;1267485;19698634.00
20121231;15.65;15.79;15.14;15.40;2108677;32275274.00
20130104;15.50;15.67;15.34;15.62;928725;14420785.00
20130107;15.53;15.90;15.39;15.84;544960;8527576.00
20130108;15.78;16.20;15.70;16.15;1060113;16974674.00
20130109;16.16;16.48;15.82;15.90;1818238;29429872.00
20130110;15.91;16.00;15.49;15.61;1253960;19723238.00
20130111;15.79;16.11;15.13;15.25;1921438;29950504.00
20130114;15.26;16.16;15.08;16.06;5407610;84987928.00
20130115;16.00;16.54;15.90;16.27;3841656;62069412.00
20130116;16.21;16.30;15.77;15.92;2036785;32446500.00
20130117;16.00;17.02;15.99;16.73;4788550;79226672.00
20130118;16.94;16.94;16.35;16.82;2719127;45380628.00
20130121;16.75;16.91;16.53;16.77;1855432;31021440.00
20130122;16.76;17.45;16.36;16.43;3485845;59060628.00
20130123;16.45;16.88;16.30;16.64;1906229;31561734.00
20130124;16.48;16.70;15.90;15.92;1620973;26435922.00
20130125;15.96;16.43;15.86;16.29;765804;12408190.00
20130128;15.00;16.16;15.00;15.89;5095059;80409264.00
20130129;15.82;16.46;15.72;16.11;2296642;36935232.00
20130130;16.20;16.85;16.20;16.58;2661226;44054884.00
20130131;16.50;16.55;16.06;16.45;1104577;17949920.00
20130201;16.49;17.34;16.30;17.17;3699337;62772144.00
20130603;12.44;12.44;12.44;12.44;281256;3498824.75
20130604;13.68;13.68;13.68;13.68;626860;8575445.00
20130605;15.05;15.05;15.05;15.05;4481742;67450216.00
20130606;15.50;16.29;15.33;16.14;27615650;433831968.00
20130607;15.93;16.49;15.58;15.75;16566423;264297472.00
20130613;15.26;15.26;14.18;14.81;10026845;147299184.00
20130614;14.76;15.74;14.64;15.50;8271250;125100760.00
20130617;15.33;15.68;15.12;15.45;6063282;93086280.00
20130618;15.26;15.45;14.28;14.51;5676928;83124080.00
20130619;14.50;14.51;13.70;14.30;3892297;54647456.00
20130620;14.10;14.59;13.75;14.30;4207277;59556412.00
20130621;13.90;14.86;13.71;14.58;3389834;48664752.00
20130624;14.49;14.49;13.12;13.70;5443639;73782352.00
20130625;13.49;13.94;12.35;13.90;4708409;62844792.00
20130626;13.76;15.29;13.60;15.00;5908156;86057120.00
20130627;14.90;15.20;14.30;15.12;3636909;54087676.00
20130628;14.97;15.38;13.88;14.83;2657080;39520176.00
20130701;14.61;15.00;14.40;14.84;2566835;37817680.00
20130702;14.91;15.08;14.70;14.80;2398962;35704532.00
20130703;14.76;14.78;13.82;14.18;2904439;41178516.00
20130704;14.06;14.19;13.50;13.90;4028045;55499132.00
20130705;13.80;14.57;13.68;14.03;3249910;45832352.00
20130708;13.71;13.81;12.85;13.25;2445048;32570810.00
20130709;13.23;13.55;13.20;13.45;1189235;15878608.00
20130710;13.43;14.20;13.29;13.94;2238654;31255186.00
20130711;13.81;14.88;13.81;14.62;2480975;36070440.00
20130712;14.53;15.00;14.40;14.72;2616540;38443304.00
20130715;14.68;15.83;14.60;15.69;5155485;79909120.00
20130716;15.69;16.48;15.50;16.05;3181012;51264680.00
20130717;15.80;15.99;15.35;15.50;3571507;55603760.00
20130718;15.55;15.55;15.03;15.40;1815672;27705844.00
20130719;15.30;15.78;15.07;15.38;3219301;49445052.00
20130722;15.80;16.39;15.40;16.30;4539785;72753928.00
20130723;16.30;17.30;15.90;16.99;7032788;118702304.00
20130724;16.80;17.16;16.59;16.84;3350710;56627636.00
20130725;16.70;16.96;15.50;15.92;4111677;66450376.00
20130726;15.58;15.96;15.09;15.68;1988470;30765152.00
20130729;15.60;15.93;15.21;15.40;1338568;20723308.00
20130730;15.52;15.52;14.23;14.97;1999554;29610184.00
20130731;15.00;15.30;14.85;15.03;1153898;17438838.00
20130801;15.68;16.53;15.41;16.03;7129749;114532800.00
20130802;15.62;15.99;15.42;15.77;3878730;60916024.00
20130805;15.60;15.85;15.10;15.69;2515960;38964596.00
20130806;15.43;15.92;15.36;15.77;2295554;35867376.00
20130807;15.77;15.77;15.13;15.64;2864199;44025560.00
20130808;15.63;15.96;15.38;15.63;1985354;31035250.00
20130809;15.51;15.74;15.11;15.46;1704674;26187692.00
20130812;15.40;15.70;15.02;15.45;2321119;35352300.00
20130813;15.44;15.44;15.10;15.20;1123970;17083860.00
20130814;15.24;15.28;14.80;15.20;1908523;28681012.00
20130815;15.10;15.47;15.10;15.23;1687520;25828716.00
20130816;15.23;15.37;14.55;14.56;2951265;43611992.00
20130819;14.48;14.89;13.95;14.71;1926500;28075628.00
20130820;14.60;15.24;14.58;15.20;2186631;32882034.00
20130821;15.14;15.53;15.07;15.48;1240750;19041724.00
20130822;15.30;15.67;15.17;15.30;733102;11224908.00
20130823;15.26;15.66;15.17;15.43;2022208;31268594.00
20130826;15.64;15.95;15.43;15.78;2345262;36947732.00
20130827;15.60;15.89;15.45;15.67;1426890;22296878.00
20130828;15.48;15.70;15.15;15.50;1939222;30061062.00
20130829;15.32;15.66;15.28;15.42;1136769;17500022.00
20130830;15.50;15.65;14.88;15.10;1349185;20529722.00
20130902;15.00;15.00;14.28;14.58;3718604;53972900.00
20130903;14.58;14.79;14.45;14.79;1883044;27435974.00
20130904;14.65;14.92;14.64;14.89;1025756;15131161.00
20130905;14.80;15.15;14.71;15.13;1277482;18999086.00
20130906;15.00;15.21;14.75;14.90;1097360;16341260.00
20130909;14.91;15.03;14.68;14.92;2160561;32144308.00
20130910;14.97;15.51;14.35;15.07;2669507;39801148.00
20130911;15.08;15.30;14.57;14.76;1558473;22954458.00
20130912;14.75;14.98;14.45;14.61;1265950;18598502.00
20130913;14.61;14.83;14.54;14.70;680164;9997984.00
20130916;14.71;14.85;14.55;14.62;1140457;16751462.00
20130917;14.80;14.85;14.40;14.56;565556;8246965.00
20130918;14.49;14.69;14.49;14.69;648383;9481626.00
20130923;14.79;15.25;14.79;15.11;2188263;32941132.00
20130924;15.02;15.25;14.92;15.07;1262152;19035240.00
20130925;15.03;16.00;14.98;15.84;4096979;63243036.00
20130926;15.80;17.42;15.60;17.42;12082576;208856144.00
20130927;17.50;17.94;16.53;17.01;9936201;169498048.00
20130930;16.65;17.35;16.40;16.81;5123832;85812464.00
20131008;16.78;17.99;16.54;17.49;5315001;91652312.00
20131009;17.28;19.24;17.11;18.58;8311226;155380288.00
20131010;18.46;18.70;17.50;18.40;7098184;129183016.00
20131011;18.24;19.90;18.00;19.22;6469065;124926776.00
20131014;19.18;21.14;18.81;21.14;10500502;217093392.00
20131015;20.78;21.20;19.69;20.20;6684497;135914016.00
20131016;19.80;20.35;18.18;19.28;5557764;107139432.00
20131017;19.37;19.69;18.45;18.47;6715731;128205968.00
20131018;18.39;18.80;17.82;18.40;5330382;97220464.00
20131021;18.30;19.85;18.09;19.34;4844662;92036536.00
20131022;19.08;20.89;19.00;20.00;7813414;157088464.00
20131023;19.76;19.90;18.30;18.90;5461394;105105960.00
20131024;18.69;19.50;18.32;18.90;2073145;39299084.00
20131025;18.65;19.18;18.36;18.54;2005770;37468152.00
20131028;18.30;19.05;17.65;18.00;2843823;51512592.00
20131029;18.02;19.00;17.50;18.79;4131637;76004984.00
20131030;18.80;20.38;18.78;19.69;5541754;109433016.00
20131031;19.93;19.93;18.40;18.59;2780646;53229624.00
20131101;18.24;18.78;17.68;18.65;3549099;64269324.00
20131104;18.73;20.20;18.50;19.58;4578545;89731448.00
20131105;19.30;20.77;19.15;19.99;4139030;83131384.00
20131106;19.80;21.50;19.65;20.58;6613744;137528224.00
20131107;20.16;20.75;19.59;20.24;5063532;102244432.00
20131108;20.10;20.23;19.00;19.55;2579201;50199040.00
20131111;19.02;20.94;18.52;20.66;4088733;81679224.00
20131112;20.65;20.70;19.88;20.40;3737453;75570896.00
20131113;20.06;20.06;19.39;19.44;1546698;30350408.00
20131114;19.50;20.50;19.50;20.25;3494769;70262176.00
20131115;19.80;20.32;18.88;19.08;11981647;230861952.00
20131118;18.80;19.15;17.90;18.80;9189654;170355664.00
20131119;18.60;18.97;18.30;18.62;4842290;90083000.00
20131120;18.50;18.74;18.11;18.35;3094682;56796304.00
20131121;18.00;18.30;17.52;17.74;6542616;116859784.00
20131122;16.01;16.39;15.97;15.97;8893118;142218784.00
20131125;15.41;16.04;15.33;15.80;9310636;146095008.00
20131126;15.65;15.99;15.60;15.94;3578798;56705520.00
20131127;15.90;16.98;15.86;16.48;8309892;136463504.00
20131128;16.48;16.64;16.09;16.45;5855029;95542768.00
20131129;16.38;16.65;16.31;16.42;5895097;96992336.00
20131202;15.70;15.70;14.78;14.82;7385208;112024560.00
20131203;14.65;15.16;13.86;15.11;5625151;81456424.00
20131204;14.98;15.29;14.85;15.03;2909501;44122676.00
20131205;15.05;15.10;14.52;14.54;3228336;47663316.00
20131206;14.55;14.74;14.38;14.68;2446483;35701736.00
20131209;14.65;14.80;14.55;14.73;1622592;23853058.00
20131210;14.85;14.87;14.45;14.51;2108765;30728164.00
20131211;14.53;15.80;14.53;15.60;7669861;117538704.00
20131212;15.56;16.22;15.41;15.78;5314460;84493752.00
20131213;15.50;15.97;15.45;15.87;2863660;45115036.00
20131216;15.78;15.78;15.45;15.67;2296718;35838036.00
20131217;15.66;15.67;15.21;15.22;1825126;28180830.00
20131218;15.22;16.16;15.20;15.73;4661600;73725192.00
20131219;15.62;15.79;15.50;15.52;1639856;25569486.00
20131220;15.48;15.88;15.41;15.70;1510647;23646494.00
20131223;15.70;15.97;15.35;15.80;3530157;55279132.00
20131224;15.68;16.23;15.66;15.96;3596147;57492980.00
20131225;15.96;16.30;15.61;16.14;3514922;56705400.00
20131226;16.16;16.25;15.65;15.65;2439283;38941308.00
20131227;15.54;16.13;15.41;16.03;2065784;32718968.00
20131230;15.98;16.56;15.91;16.53;3963156;64844308.00
20131231;16.38;16.91;16.23;16.51;4038867;67182632.00
20140102;16.35;16.80;16.00;16.21;4263358;69519168.00
20140103;16.29;17.18;16.18;17.00;6131775;103194064.00
20140106;16.83;17.99;16.80;17.35;6505104;114601280.00
20140107;17.00;18.10;16.85;17.99;3926477;69684120.00
20140108;18.00;18.70;17.95;18.68;5245921;96522296.00
20140109;18.64;19.50;18.15;18.35;4626282;87634776.00
20140110;18.00;18.17;17.62;17.92;3075440;55040100.00
20140113;17.92;18.35;17.49;17.49;1847566;33000408.00
20140114;17.15;18.65;17.15;18.60;3050376;54937016.00
20140115;18.80;19.50;18.40;18.55;2654793;50181704.00
20140116;18.40;19.00;18.21;18.50;2089782;38861556.00
20140117;18.49;18.90;18.22;18.64;1049622;19498920.00
20140120;18.71;18.72;18.06;18.24;812569;14864820.00
20140121;18.10;18.80;18.10;18.42;1012560;18723486.00
20140122;18.35;18.93;18.35;18.57;2652388;49361068.00
20140123;18.60;18.89;18.45;18.85;1591493;29830758.00
20140124;18.86;18.97;18.20;18.35;3753827;69348000.00
20140127;18.28;18.48;17.60;17.68;2534573;45372848.00
20140128;17.68;19.29;17.68;19.02;3320184;61419480.00
20140129;18.50;19.19;18.48;18.67;2667768;50063140.00
20140130;18.55;19.10;18.55;18.67;1907876;35980892.00
20140207;19.25;19.25;18.64;18.86;1689188;31759438.00
20140210;18.87;20.05;18.87;19.95;5332310;104835656.00
20140211;19.82;21.01;19.62;20.88;3970909;81701208.00
20140212;20.70;21.49;20.29;21.03;3981466;83045864.00
20140213;20.70;21.18;20.32;20.70;3283917;68010040.00
20140214;20.40;20.96;20.17;20.40;2526529;51660432.00
20140217;20.41;20.75;19.83;20.41;3322549;67248824.00
20140218;20.39;20.64;20.10;20.64;2356340;48071412.00
20140219;20.57;21.46;20.49;20.91;1737265;36208024.00
20140220;22.00;23.00;22.00;22.22;7455497;168008384.00
20140221;21.50;22.17;21.06;21.64;3911459;84328888.00
20140224;21.06;22.87;20.93;22.62;4591854;101170088.00
20140225;22.65;24.88;22.31;23.53;10182798;240563312.00
20140304;25.78;25.88;24.44;24.56;8557130;214933792.00
20140305;23.50;25.17;23.05;24.88;5888963;141862816.00
20140306;24.38;24.78;22.65;22.80;5075995;118676240.00
20140307;23.02;23.88;22.72;23.50;2850331;66570528.00
20140310;23.10;23.70;21.91;23.08;2355732;53855452.00
20140311;23.08;23.74;22.26;23.54;1599577;36798480.00
20140312;23.43;24.00;22.61;23.40;1527790;35732028.00
20140313;23.47;25.66;22.90;25.65;5406556;133405672.00
20140314;25.50;25.50;24.09;24.60;1970456;48584532.00
20140317;24.58;25.25;24.12;24.66;2162315;53371240.00
20140318;24.22;24.80;24.22;24.31;1558693;38272580.00
20140319;24.30;24.48;22.01;23.33;2971596;68751288.00
20140320;23.19;23.29;22.23;22.25;2029502;45779320.00
20140321;22.16;23.00;22.03;22.70;916831;20705444.00
20140324;22.82;23.25;22.50;22.78;915328;21024614.00
20140325;22.78;23.55;22.70;22.78;2430331;55933900.00
20140326;22.77;23.03;22.54;22.98;860742;19687902.00
20140327;22.87;22.97;21.58;21.80;1817678;40239088.00
20140328;21.62;21.62;19.62;20.80;2688609;54653216.00
20140331;20.11;21.49;19.88;20.50;1792319;36995120.00
20140401;20.46;21.26;20.13;20.55;1169642;24094878.00
20140402;20.65;21.47;20.50;20.52;1362345;28371268.00
20140403;20.42;21.07;20.42;20.59;676098;14003164.00
20140404;20.65;21.38;20.39;20.79;985255;20501714.00
20140408;20.63;21.35;20.50;20.95;785003;16480303.00
20140409;21.07;21.87;21.01;21.70;1298043;27711392.00
20140410;21.63;22.70;21.45;22.38;2008780;44605924.00
20140411;22.20;22.50;21.99;22.46;1227112;27422588.00
20140414;22.49;23.23;22.39;23.18;1888890;43207184.00
20140415;23.17;23.17;22.20;22.46;1889688;42761784.00
20140416;22.46;22.74;22.11;22.54;712802;16000576.00
20140417;22.59;23.39;22.59;22.92;847272;19550582.00
20140418;22.74;23.50;22.66;23.45;1353310;31444760.00
20140421;23.35;23.50;22.60;22.78;1649925;38244468.00
20140422;22.60;22.60;21.02;22.00;2177905;47013332.00
20140423;21.80;22.05;21.52;21.93;513443;11169485.00
20140424;21.93;22.10;21.70;21.90;354602;7761863.50
20140425;21.74;22.28;21.61;22.09;1530655;33700704.00
20140428;22.09;22.09;21.17;21.40;1184397;25363948.00
20140429;21.24;21.37;20.25;20.75;932016;19340232.00
20140430;20.69;21.30;20.50;20.92;1093453;22877602.00
20140505;20.92;21.05;20.61;20.80;1071439;22271000.00
20140506;20.64;21.09;20.55;20.79;1157005;24093656.00
20140507;20.79;20.83;20.23;20.38;776799;15985567.00
20140508;20.38;20.77;20.00;20.77;792803;16176699.00
20140509;20.77;20.96;18.70;20.81;1687387;33702596.00
20140512;20.77;20.87;20.00;20.70;801591;16453235.00
20140513;20.65;21.94;20.60;20.76;1858585;39170704.00
20140514;20.69;20.95;20.12;20.50;830997;17081574.00
20140515;20.34;20.95;19.80;19.97;906564;18527848.00
20140516;19.88;20.33;19.00;19.87;2345561;46302172.00
20140519;19.62;20.27;19.12;20.10;1215987;24172648.00
20140520;12.68;13.20;12.40;12.68;1498332;19069404.00
20140521;12.54;12.75;12.42;12.42;1408979;17705870.00
20140522;12.42;12.62;12.33;12.47;1484506;18539914.00
20140523;12.46;12.68;12.30;12.68;1044947;13079288.00
20140526;12.65;12.99;12.50;12.70;2175596;27552418.00
20140527;12.55;12.71;12.38;12.45;1277024;15968762.00
20140528;12.44;12.77;12.32;12.69;1479241;18622230.00
20140529;12.71;13.03;12.65;12.76;1453562;18719212.00
20140530;12.80;12.90;12.63;12.65;776545;9877034.00
20140603;12.75;13.00;12.68;12.87;1278038;16465508.00
20140604;12.87;12.94;12.36;12.81;1515694;19131154.00
20140605;12.80;13.87;12.42;13.70;3067287;40997260.00
20140606;13.60;14.20;13.33;14.00;3120950;43226296.00
20140609;14.00;14.27;13.61;14.20;3803836;53621176.00
20140610;14.20;14.58;13.86;14.13;4196250;59270136.00
20140611;14.18;14.22;13.95;14.20;1512490;21391684.00
20140612;14.12;14.62;14.10;14.40;1638013;23619118.00
20140613;14.48;14.50;14.28;14.48;1134654;16374420.00
20140616;14.78;15.93;14.78;15.92;9985298;157244960.00
20140617;15.59;15.92;15.05;15.45;7263440;112199384.00
20140618;15.45;15.48;14.80;15.00;3381021;50846532.00
20140619;14.98;15.37;14.40;14.69;1915022;28398652.00
20140620;14.69;14.99;14.31;14.71;1849445;27044392.00
20140623;14.74;15.22;14.72;15.05;2122579;31854276.00
20140624;14.91;15.19;14.73;15.00;1670330;24927114.00
20140625;14.83;15.13;14.76;15.03;802028;11994988.00
20140626;15.04;15.30;15.03;15.23;1577893;23939514.00
20140627;15.13;15.62;15.09;15.60;1802565;27772136.00
20140630;15.60;16.49;15.59;16.30;3723440;59501496.00
20140701;16.17;16.20;15.80;15.90;2370901;37833100.00
20140702;15.90;16.23;15.70;15.94;2138506;34133888.00
20140703;15.94;15.94;15.50;15.50;2368417;37086488.00
20140704;15.58;15.63;14.85;15.40;5440637;82364128.00
20140707;15.32;15.32;14.70;14.89;3128008;46574848.00
20140708;14.89;15.09;14.75;15.09;1124630;16805514.00
20140709;15.00;15.30;15.00;15.13;2212805;33584780.00
20140710;15.15;15.19;14.86;15.13;899398;13552414.00
20140711;14.93;15.29;14.90;15.23;1056145;15938467.00
20140714;15.10;15.19;14.51;14.69;3625966;53113456.00
20140715;14.50;14.50;13.22;13.22;7066454;95637416.00
20140716;13.22;13.22;12.56;13.09;6554578;84705352.00
20140717;12.97;13.09;12.73;12.90;3631565;46988668.00
20140718;12.87;12.98;12.66;12.95;2806507;36016608.00
20140721;12.81;13.44;12.81;13.25;2747873;35996536.00
20140722;13.29;13.75;13.14;13.48;2809210;37638916.00
20140723;13.48;13.48;12.96;13.07;1869119;24750886.00
20140724;13.01;13.01;12.56;12.88;1743020;22249728.00
20140725;12.89;13.23;12.60;13.23;2772834;35943784.00
20140728;13.10;13.42;12.95;13.28;3668659;48141596.00
20140729;13.22;13.52;13.10;13.42;2916156;38932020.00
20140730;13.91;14.76;13.91;14.21;12289818;178214192.00
20140731;13.76;14.18;13.50;14.13;5416878;74281704.00
20140801;13.76;14.00;13.55;13.68;4439358;61194148.00
20140804;13.75;13.96;13.63;13.90;2903811;40214048.00
20140805;13.90;14.10;13.68;13.93;3628243;50385724.00
20140806;13.88;14.10;13.68;14.00;3225630;44812648.00
20140807;13.94;14.62;13.90;14.08;4492981;63930348.00
20140808;14.08;14.18;13.75;13.99;3773842;52372224.00
20140811;14.04;14.04;13.58;13.73;5701184;78513912.00
20140812;13.73;13.78;13.56;13.74;3812764;52026628.00
20140813;13.74;13.76;13.56;13.68;3133214;42665948.00
20140814;13.66;13.68;13.55;13.55;2309196;31443448.00
20140815;13.51;13.82;13.51;13.76;2993964;40987404.00
20140818;13.79;13.96;13.65;13.91;4032617;55703900.00
20140819;13.88;14.16;13.75;14.00;4714565;65835236.00
20140820;14.02;14.09;13.81;13.93;3613283;50434440.00
20140821;13.93;13.96;13.70;13.87;2704929;37318176.00
20140822;13.86;13.97;13.80;13.93;2899466;40305268.00
20140825;13.98;14.22;13.75;13.88;3689510;51751016.00
20140826;13.88;14.13;13.58;13.60;3733681;51922640.00
20140827;13.61;13.62;13.05;13.10;6084102;80137248.00
20140828;13.10;13.39;13.01;13.04;4114889;54153240.00
20140829;13.04;13.12;12.59;12.80;4204930;53638152.00
20140901;12.80;13.18;12.77;13.18;3988195;51701300.00
20140902;13.20;13.34;13.18;13.32;3212888;42643220.00
20140903;13.33;13.38;13.19;13.33;4325464;57464900.00
20140904;13.39;13.55;13.29;13.41;6071297;81194976.00
20140905;13.49;13.55;13.11;13.33;6534411;86803944.00
20140909;13.41;13.41;13.20;13.34;3457098;45980140.00
20140910;13.30;13.64;13.19;13.61;6682233;89633640.00
20140911;13.63;13.67;13.35;13.60;5894213;79824032.00
20140912;13.55;13.78;13.46;13.70;6482717;88601456.00
20140915;13.70;14.10;13.65;13.77;10551719;146311344.00
20140916;13.81;13.82;13.01;13.08;6777440;91166488.00
20140917;13.10;13.59;12.84;13.54;4452111;58317588.00
20140918;13.57;13.75;13.34;13.60;6733026;91218032.00
20140919;13.58;13.60;13.31;13.44;3355776;45094220.00
20140922;13.44;13.44;13.17;13.35;3222412;42787976.00
20140923;13.32;13.54;13.28;13.45;4463480;59950280.00
20140924;13.46;13.67;13.30;13.62;5985699;81165784.00
20140925;13.62;13.96;13.55;13.84;8893664;122518488.00
20140926;13.80;13.94;13.73;13.80;5967651;82687736.00
20140929;13.09;13.77;12.70;13.67;16897250;223200128.00
20140930;13.37;13.83;13.31;13.66;9496417;128201544.00
20141008;13.60;14.03;13.58;13.93;9239619;128013400.00
20141009;13.95;14.34;13.88;14.24;9975870;140852304.00
20141010;14.23;14.46;13.97;14.00;8393152;119074168.00
20141013;13.91;14.01;13.60;13.86;6914154;95319224.00
20141014;13.91;14.40;13.91;14.25;8724519;123905424.00
20141015;14.23;14.37;14.02;14.30;8401209;119476576.00
20141016;14.26;14.35;13.82;14.11;6108766;86524704.00
20141017;14.04;14.14;13.36;13.84;6008479;82891040.00
20141020;13.84;13.92;13.72;13.91;2472144;34172560.00
20141021;13.88;13.97;13.60;13.62;1519901;20935100.00
20141027;13.79;13.79;12.50;12.73;10760686;139813792.00
20141028;12.63;13.00;12.60;13.00;5193623;66717288.00
20141029;13.00;13.05;12.68;12.77;11368691;145382096.00
20141030;12.77;13.10;12.66;12.97;7447277;96109592.00
20141031;12.98;12.99;12.71;12.81;5844836;74895232.00
20141103;12.76;12.93;12.68;12.85;3998514;51313012.00
20141104;12.85;12.85;12.55;12.71;6536682;82724008.00
20141105;12.70;12.82;12.53;12.76;4956550;62968592.00
20141106;12.79;12.80;12.65;12.72;2896601;36811852.00
20141107;12.72;12.84;12.72;12.74;4969220;63401604.00
20141110;12.75;12.83;12.73;12.80;3320893;42434392.00
20141111;12.80;13.00;12.31;12.58;5824225;74013632.00
20141112;12.50;12.55;12.35;12.39;5456614;67734240.00
20141113;12.40;12.40;11.20;11.28;13737929;158128784.00
20141114;11.15;11.31;10.73;11.20;11356453;123790704.00
20141117;11.06;11.23;10.87;11.07;9520861;105316720.00
20141118;11.08;11.14;10.82;10.89;7474189;81853288.00
20141119;10.89;11.06;10.84;10.99;9954264;108926296.00
20141120;11.00;11.11;10.94;10.99;5312639;58465916.00
20141121;10.99;11.30;10.95;11.11;8201597;90984344.00
20141124;11.15;11.20;10.80;10.87;15353032;168181024.00
20141125;10.85;11.19;10.69;11.17;18739335;203873536.00
20141126;11.09;11.45;10.95;11.42;21170833;235778880.00
20141127;11.49;11.60;11.20;11.50;21125435;240058768.00
20141128;11.29;11.68;11.23;11.51;21397322;245458544.00
20141201;11.51;11.51;11.21;11.27;10500998;118553304.00
20141202;11.32;11.38;11.27;11.30;8530546;96614504.00
20141203;11.30;11.39;10.98;11.25;11826053;132116672.00
20141204;11.26;11.94;11.25;11.78;22749113;265073024.00
20141205;11.82;12.08;11.16;11.68;22393712;262233664.00
20141208;11.69;11.88;11.18;11.26;23256551;266556928.00
20141209;11.08;11.08;10.26;10.26;23844959;254842080.00
20141210;10.05;10.80;10.05;10.75;12659553;132969656.00
20141211;10.53;10.70;10.46;10.57;6694772;70697096.00
20141212;10.57;10.66;10.44;10.58;8756136;92402776.00
20141215;10.58;10.95;10.54;10.86;8442527;90936880.00
20141216;10.76;10.96;10.73;10.90;8325789;90481088.00
20141217;10.90;10.90;10.60;10.70;6420690;69098504.00
20141218;10.70;10.93;10.58;10.93;8498536;91545648.00
20141219;10.82;10.95;10.60;10.70;5842043;62875028.00
20141222;10.33;10.62;9.91;9.93;6967480;70712736.00
20141223;9.96;9.96;9.61;9.70;4298893;41993952.00
20141224;9.84;10.00;9.73;9.95;5378087;53024848.00
20141225;9.91;9.98;9.83;9.91;3998994;39567468.00
20141226;9.91;9.94;9.83;9.85;3730952;36839392.00
20141229;9.92;9.93;9.36;9.42;7077718;67328104.00
20141230;9.42;9.42;8.91;8.94;7079756;64567628.00
20141231;8.90;9.06;8.90;9.01;4678968;42155580.00
20150105;8.99;9.48;8.60;9.34;11212350;101410872.00
20150106;9.15;9.66;9.01;9.51;10083318;94622928.00
20150107;9.39;9.57;9.31;9.45;4877390;45790216.00
20150108;9.41;10.00;9.36;9.64;10600123;103266224.00
20150109;9.54;9.82;9.43;9.43;5914118;56582312.00
20150112;9.41;9.41;8.98;9.05;6022585;54902292.00
20150113;8.99;9.23;8.93;9.16;4121187;37658600.00
20150114;9.16;9.24;9.06;9.10;3497931;32036574.00
20150122;10.01;10.01;10.01;10.01;634027;6346610.50
20150123;10.80;11.00;10.35;10.85;28845678;306469504.00
20150126;10.50;10.78;10.45;10.65;12379208;131186280.00
20150127;10.60;10.61;10.26;10.34;10599691;110238520.00
20150128;10.37;10.60;10.29;10.45;6490431;67939096.00
20150129;10.40;10.52;10.30;10.44;4257198;44333792.00
20150130;10.32;10.57;10.30;10.31;4908590;51291616.00
20150202;10.34;10.75;10.21;10.39;7165565;75342368.00
20150203;10.40;11.05;10.40;11.00;17440740;188615792.00
20150204;11.11;11.56;10.80;10.82;14032673;156889264.00
20150205;10.80;10.80;10.50;10.50;7974481;84496800.00
20150206;10.47;10.62;10.34;10.38;4527895;47359980.00
20150209;10.42;10.61;10.25;10.31;4044163;42205184.00
20150210;10.39;10.45;10.23;10.43;2678147;27629410.00
20150211;10.42;10.55;10.36;10.45;3656073;38221704.00
20150212;10.46;10.55;10.23;10.54;7010820;72899424.00
20150213;10.56;10.89;10.50;10.66;8205164;87442592.00
20150216;10.71;11.09;10.63;10.93;7214924;78500528.00
20150217;10.94;11.05;10.83;10.94;5038663;55047608.00
20150225;11.00;11.10;10.80;10.82;5538722;60396540.00
20150226;10.84;10.95;10.70;10.92;4366866;47182748.00
20150227;10.90;11.04;10.76;10.95;6622687;72183056.00
20150302;10.92;11.12;10.78;11.08;8621679;94759824.00
20150303;11.01;11.09;10.85;10.86;7527103;82716864.00
20150304;10.86;11.03;10.78;11.03;8941844;97450008.00
20150305;11.16;11.48;11.06;11.40;12601854;141868848.00
20150306;11.50;11.50;11.01;11.08;7849133;88109736.00
20150309;11.10;11.19;10.81;11.11;4514317;49877004.00
20150310;11.16;11.29;11.10;11.20;6469806;72625504.00
20150311;11.20;11.26;10.86;10.93;7010843;77447176.00
20150312;10.95;11.06;10.75;10.80;6165128;67138208.00
20150313;10.88;10.98;10.76;10.97;5477740;59571884.00
20150316;10.98;11.23;10.87;11.23;10615865;117958504.00
20150317;11.46;11.55;11.16;11.48;16956116;192238160.00
20150318;11.40;12.52;11.36;12.11;22686580;270604672.00
20150319;12.04;12.50;11.87;12.37;19345337;235483376.00
20150320;12.21;12.31;12.01;12.12;16079761;195280336.00
20150323;12.15;12.48;12.06;12.37;18831132;230103680.00
20150324;12.36;12.36;11.67;12.10;16906352;203799648.00
20150325;12.09;12.44;11.90;12.34;16796898;206322592.00
20150326;12.20;13.06;12.06;12.70;26732234;338707552.00
20150327;12.62;13.25;12.62;12.89;23407378;303024672.00
20150330;12.88;12.88;12.48;12.75;13761880;174052624.00
20150331;12.74;13.02;12.50;12.77;13310967;169556928.00
20150401;12.69;12.90;12.65;12.86;11637692;148904336.00
20150402;12.96;13.33;12.76;13.17;17246202;224550896.00
20150403;13.01;13.34;12.95;13.10;13529495;177380400.00
20150407;13.16;14.41;13.16;14.04;27996381;385908160.00
20150408;14.05;14.26;13.19;13.70;20173602;276397536.00
20150409;13.55;13.65;12.40;13.13;19951136;259934928.00
20150410;12.99;13.35;12.85;13.19;14262919;186969776.00
20150413;13.21;13.74;13.13;13.39;15129047;203050416.00
20150414;13.36;13.36;12.95;13.16;11793783;155458928.00
20150415;13.10;13.58;12.69;12.71;19755310;260781664.00
20150416;12.69;13.15;12.49;12.83;16011049;205149504.00
20150417;12.96;13.34;12.85;13.05;18448224;241450608.00
20150420;12.86;13.06;12.70;12.85;15382046;198085024.00
20150421;12.90;13.47;12.88;13.36;17653313;233021792.00
20150422;13.36;13.69;13.36;13.58;17439082;236069536.00
20150423;13.59;14.24;13.40;13.84;20943958;287346144.00
20150424;13.60;14.70;13.44;14.44;26161945;369494688.00
20150427;14.49;15.50;14.25;14.85;29817545;441890080.00
20150428;14.65;14.65;13.55;13.73;19391351;272824992.00
20150429;13.82;14.22;13.66;13.97;12626341;176376000.00
20150430;14.10;14.24;13.80;13.83;12461263;174438848.00
20150504;13.69;13.87;13.30;13.69;12991060;176805392.00
20150505;13.44;14.09;13.02;13.22;15150763;205797344.00
20150506;13.29;13.44;12.80;12.85;11115940;146824224.00
20150507;12.97;13.00;12.10;12.15;11173280;138658912.00
20150508;12.30;12.58;12.07;12.49;12353099;152509648.00
20150511;12.58;13.05;12.49;13.01;12767850;163362048.00
20150512;13.13;13.59;13.10;13.23;14831956;197103088.00
20150513;13.05;13.64;12.81;13.53;17817888;237885888.00
20150514;13.50;13.87;13.13;13.72;17706584;241296352.00
20150515;13.52;13.98;13.41;13.88;14912023;204203328.00
20150518;13.89;14.57;13.63;14.42;26480584;375093408.00
20150519;14.31;14.65;13.82;14.43;19171098;273542656.00
20150520;14.29;15.00;14.29;14.80;24811864;364531264.00
20150521;14.78;15.30;14.50;14.96;22228691;331190752.00
20150522;15.06;15.40;14.39;14.70;24247126;357618176.00
20150525;14.43;15.28;14.30;15.28;25563544;382133792.00
20150526;15.38;15.94;15.20;15.82;23720890;370887296.00
20150527;15.82;17.40;15.38;17.15;36095404;594151104.00
20151013;15.43;15.43;15.43;15.43;107500;1658725.00
20151014;13.89;13.89;13.89;13.89;109100;1515399.00
20151015;12.50;12.50;12.50;12.50;1180700;14758750.00
20151016;12.11;12.86;11.73;11.90;69315778;831439168.00
20151019;11.89;11.97;11.45;11.90;41535629;487019616.00
20151020;11.75;11.89;11.63;11.84;25457229;299718496.00
20151021;11.90;12.28;10.83;10.88;35133178;413020512.00
20151022;10.82;11.40;10.61;11.35;21787077;240171328.00
20151023;11.35;11.59;11.14;11.45;18469523;209498656.00
20151026;11.60;11.65;11.24;11.30;15274889;174938656.00
20151027;11.31;11.77;11.15;11.67;20627058;238093936.00
20151028;11.60;11.60;11.10;11.12;16107909;183264608.00
20151029;11.21;11.33;11.08;11.13;10167351;113754048.00
20151030;11.13;11.48;10.96;11.41;13597155;153266704.00
20151102;11.20;11.42;11.00;11.04;11536307;129447224.00
20151103;11.09;11.13;10.56;10.62;11271767;121940400.00
20151104;10.65;11.07;10.65;11.04;11164299;121594264.00
20151105;11.08;11.16;10.94;11.09;12625375;139419888.00
20151106;11.01;11.30;11.01;11.23;13969272;156540064.00
20151109;11.09;11.47;11.05;11.37;14340971;162078016.00
20151110;11.33;11.54;11.23;11.44;15937187;181435488.00
20151111;11.47;11.76;11.34;11.73;18165752;209866304.00
20151112;11.70;12.00;11.55;11.90;20148628;236653120.00
20151113;11.78;11.96;11.43;11.46;14051139;163877664.00
20151116;11.20;11.44;11.06;11.44;14022901;158472832.00
20151117;11.47;11.83;11.36;11.39;17430038;202127584.00
20151118;11.35;11.62;11.11;11.34;11926846;135370400.00
20151119;11.38;11.74;11.33;11.68;14600430;168940624.00
20151120;11.64;11.87;11.52;11.70;14166630;166044944.00
20151123;11.75;11.92;11.60;11.81;17881451;210523584.00
20151124;11.76;11.97;11.60;11.91;15287688;180119312.00
20151125;12.03;12.09;11.85;12.01;17074412;204261456.00
20151126;12.00;12.06;11.61;11.65;16147793;190666352.00
20151127;11.70;11.80;10.50;10.71;15757542;178136640.00
20151130;10.67;10.86;9.68;10.32;16341822;168531920.00
20151201;10.33;10.45;10.10;10.32;9918966;101975632.00
20151202;10.31;10.43;9.88;10.19;9815980;99850472.00
20151203;10.19;10.50;10.19;10.50;11631180;120347360.00
20151204;10.50;10.68;10.32;10.41;11424115;119922088.00
20151207;10.43;10.60;10.35;10.60;9601339;100751808.00
20151208;10.52;10.54;10.14;10.17;8499059;87540328.00
20151209;10.10;10.35;9.98;10.20;8211085;83537048.00
20151210;10.12;10.29;10.02;10.04;7172576;72699872.00
20151211;10.03;10.08;9.71;9.86;8362978;82459624.00
20151214;9.69;10.12;9.60;10.12;9110780;89779584.00
20151215;10.09;10.20;10.04;10.13;8259082;83588328.00
20151216;10.18;10.47;10.14;10.31;13946332;144095888.00
20151217;10.27;10.65;10.25;10.50;18839132;196934624.00
20151218;10.48;10.63;10.34;10.40;12029019;125991344.00
20151221;10.41;10.65;10.35;10.58;9924617;104113264.00
20151222;10.63;11.49;10.53;11.36;25577048;285909152.00
20151223;11.18;11.44;10.89;10.95;14882059;164834320.00
20151224;10.95;11.09;10.58;10.87;9297768;100503088.00
20151225;10.89;11.11;10.88;11.03;8046777;88490112.00
20151228;11.06;11.27;10.81;11.10;14331703;157753024.00
20151229;11.04;11.24;10.92;11.15;13091763;144904064.00
20151230;11.14;11.16;10.80;10.95;10658164;117293832.00
20151231;10.95;11.04;10.67;10.73;8289455;89927832.00
20160104;10.72;10.76;9.66;9.66;9731786;98152648.00
20160105;8.94;9.48;8.72;9.12;14132995;129700168.00
20160106;9.18;9.46;9.16;9.42;8572711;79901936.00
20160107;9.24;9.24;8.49;8.53;2073700;18477528.00
20160108;8.73;8.88;8.08;8.72;10952260;93815888.00
20160111;8.51;8.58;7.85;7.85;11190127;92097320.00
20160112;7.88;7.99;7.55;7.75;10975822;84883080.00
20160113;7.75;7.89;7.40;7.50;7412742;57045908.00
20160114;7.29;7.83;7.10;7.66;9611387;71836776.00
20160115;7.58;7.75;7.15;7.30;9407837;70019248.00
20160118;7.05;7.52;6.94;7.39;9149318;66838384.00
20160119;7.40;7.69;7.35;7.66;9998763;75464616.00
20160120;7.56;7.79;7.45;7.59;12664830;96432760.00
20160121;7.49;7.94;7.41;7.42;12777927;98527856.00
20160122;7.54;7.59;7.17;7.55;9306613;69187408.00
20160125;7.65;8.05;7.61;7.85;15232797;119918920.00
20160126;7.67;7.74;7.07;7.07;13675220;101211672.00
20160127;7.17;7.19;6.67;7.08;9591784;66548200.00
20160128;6.93;7.03;6.60;6.68;6616425;45469032.00
20160129;6.75;7.19;6.75;7.07;9675978;67689672.00
20160328;7.78;7.78;7.78;7.78;663088;5158824.50
20160329;8.56;8.56;8.10;8.16;42535798;356646720.00
20160330;8.10;8.29;7.86;8.27;26968147;217231888.00
20160331;8.19;8.24;8.00;8.06;15887334;128733312.00
20160401;8.03;8.10;7.81;7.97;11524461;91612976.00
20160405;8.00;8.11;7.89;8.09;12396376;99483336.00
20160406;8.03;8.19;8.01;8.14;15202556;123167664.00
20160407;8.17;8.25;7.96;8.00;13153459;106478392.00
20160408;7.97;7.97;7.71;7.85;9910214;77501240.00
20160411;7.91;8.04;7.86;8.00;12118542;96841704.00
20160412;8.00;8.08;7.85;8.06;10032191;79937800.00
20160413;8.14;8.47;8.12;8.22;19279422;159665536.00
20160414;8.23;8.30;8.15;8.29;11553846;94907600.00
20160415;8.26;8.45;8.23;8.36;13280862;110891840.00
20160418;8.22;8.23;8.00;8.07;12784270;103324288.00
20160419;8.13;8.33;8.04;8.31;12493267;102180576.00
20160420;8.37;8.39;7.63;7.90;14631634;116903136.00
20160429;7.84;8.19;7.84;8.11;10524261;83924824.00
20160503;8.00;8.26;7.98;8.25;10204943;83317400.00
20160504;8.18;8.32;8.16;8.21;8221142;67654824.00
20160505;8.21;8.27;8.13;8.25;6212127;50994996.00
20160506;8.27;8.32;7.82;7.83;10857398;87195912.00
20160509;7.79;7.79;7.23;7.28;8326641;62113380.00
20160510;7.21;7.33;7.21;7.29;4014654;29245678.00
20160511;7.33;7.40;7.20;7.27;4350350;31856084.00
20160512;7.19;7.38;7.07;7.37;5808709;41835008.00
20160513;7.29;7.36;7.10;7.19;3709911;26933914.00
20160516;7.11;7.33;7.10;7.30;4488143;32463448.00
20160517;7.34;7.56;7.30;7.45;6415887;47693756.00
20160518;7.37;7.40;7.15;7.19;6691805;48443528.00
20160519;7.18;7.32;7.15;7.21;5149187;37342584.00
20160520;7.12;7.29;7.10;7.29;3486145;25148042.00
20160523;7.25;7.41;7.25;7.38;4612784;33965656.00
20160524;7.35;7.37;7.22;7.28;2908700;21193736.00
20160525;7.32;7.39;7.23;7.26;3060725;22409082.00
20160526;7.29;7.36;7.05;7.35;5366869;38760744.00
20160527;7.30;7.37;7.26;7.31;3743272;27361120.00
20160530;7.27;7.34;7.20;7.26;2812472;20478958.00
20160531;7.24;7.59;7.24;7.54;8104420;60563440.00
20160601;7.55;7.78;7.52;7.74;8875917;68311688.00
20160602;7.75;7.86;7.56;7.77;8715270;67277360.00
20160603;7.69;7.83;7.67;7.76;5364884;41558636.00
20160606;7.77;7.85;7.69;7.83;4606911;35784052.00
20160607;7.88;7.92;7.72;7.73;4171121;32515180.00
20160608;7.80;8.11;7.75;7.92;8960726;71197224.00
20160613;7.75;7.76;7.35;7.52;8526800;64962184.00
20160614;7.49;7.50;7.35;7.43;4349458;32225778.00
20160615;7.36;7.73;7.33;7.70;5208543;39556460.00
20160616;7.63;7.68;7.55;7.59;6152736;46822360.00
20160617;7.63;7.80;7.62;7.75;5361664;41345912.00
20160620;7.76;7.79;7.59;7.70;5037155;38537908.00
20160621;7.79;7.81;7.46;7.51;7246969;55635576.00
20160622;7.53;7.72;7.48;7.68;5403160;41034296.00
20160623;7.67;7.77;7.56;7.67;5020583;38535128.00
20160624;7.68;7.76;7.34;7.50;8421812;63384756.00
20160627;7.46;7.79;7.45;7.77;8845324;67682352.00
20160628;7.74;7.84;7.67;7.84;7056727;54786852.00
20160629;7.87;8.18;7.80;8.00;12695219;101462840.00
20160630;7.99;8.03;7.89;7.96;6434977;51052212.00
