20101209;52.00;52.99;45.72;47.20;10521269;505760800.00
20101210;50.00;51.92;49.56;51.92;5178637;263534896.00
20101213;53.00;54.98;52.00;53.69;5319886;284050016.00
20101214;53.00;54.20;52.30;53.00;2769139;146923408.00
20101215;52.98;55.70;52.51;52.91;2610315;140753536.00
20101216;53.08;54.60;52.31;53.89;1830321;98222248.00
20101217;53.99;59.28;53.54;59.28;2683835;150471856.00
20101220;59.80;63.95;58.65;60.01;3826405;233342256.00
20101221;59.25;66.01;59.18;66.01;3575886;226882720.00
20101222;65.50;67.80;64.02;67.10;2222152;146037888.00
20101223;66.58;69.18;63.00;63.80;2193549;144580304.00
20101224;62.00;62.78;57.62;58.79;2873933;171797136.00
20101227;59.18;64.40;58.11;61.39;2837521;174075392.00
20101228;58.50;58.98;55.25;55.25;2231808;126064456.00
20101229;54.00;56.30;53.98;55.87;1300361;71645928.00
20101230;55.20;56.90;54.90;55.06;1360630;75915816.00
20101231;55.03;56.80;54.71;56.24;1433720;79702376.00
20110104;61.85;61.86;60.02;61.86;1455014;89751120.00
20110105;63.68;67.48;63.12;64.00;3049234;198385232.00
20110106;62.80;65.50;62.20;63.32;1680153;107108224.00
20110107;62.01;63.97;60.51;61.02;1554894;96718472.00
20110110;60.51;63.93;59.66;61.30;1441198;88882672.00
20110111;60.20;65.97;60.02;64.12;2205674;140469968.00
20110112;63.90;65.40;62.68;64.79;1351994;86252608.00
20110113;64.22;65.18;61.15;61.15;1530987;96053432.00
20110114;60.20;60.30;55.18;57.20;1964877;112362560.00
20110117;57.00;57.00;51.92;52.06;1300494;70011920.00
20110118;52.09;53.78;51.11;53.50;978000;51457716.00
20110119;53.70;54.49;52.50;53.94;907871;48847460.00
20110120;53.94;58.00;53.94;54.47;1624350;90869168.00
20110121;53.01;56.60;52.05;56.22;1431952;78220672.00
20110124;56.80;58.39;54.00;54.00;1646159;92582120.00
20110125;53.52;53.71;48.60;48.60;1901664;93355600.00
20110126;49.47;49.98;48.42;49.60;1029248;50776344.00
20110128;54.56;54.56;54.56;54.56;162404;8860762.00
20110131;59.00;59.85;56.80;58.19;3166762;185055376.00
20110201;57.38;62.88;57.20;61.88;2056849;122563744.00
20110209;62.00;63.98;61.35;61.63;1756969;109754984.00
20110210;60.50;67.79;60.50;67.79;2249935;146567104.00
20110211;69.20;74.50;68.12;71.10;3295996;233218832.00
20110214;70.98;76.93;69.51;72.88;2555482;186409200.00
20110215;71.61;73.80;70.00;71.30;1880441;135326864.00
20110216;71.20;78.43;71.01;78.43;2886478;217872464.00
20110217;77.99;78.93;74.10;75.89;2702861;205917744.00
20110218;74.67;77.50;72.88;73.08;2026767;151324624.00
20110221;73.66;76.10;73.31;76.00;1863910;139295424.00
20110222;77.33;80.00;73.34;74.21;2104194;161217696.00
20110223;74.92;77.20;73.58;75.18;1368149;102965768.00
20110224;74.66;74.66;68.80;69.94;2186388;154400080.00
20110225;70.00;70.95;67.00;69.20;1031902;71864224.00
20110228;69.10;70.55;67.00;70.40;1072637;74242920.00
20110301;70.19;71.38;68.50;69.00;892752;62126312.00
20110302;68.78;68.78;65.00;66.71;1333068;88691656.00
20110303;66.18;67.98;66.05;67.78;1084338;72875008.00
20110304;66.40;67.79;66.20;67.40;746571;50164068.00
20110307;67.00;67.39;65.60;67.23;998556;66412600.00
20110308;66.88;71.77;66.00;70.00;1964725;135775488.00
20110309;69.80;73.90;66.80;73.01;4630928;322450560.00
20110310;71.20;72.76;69.77;70.00;2245784;159761664.00
20110311;70.00;74.00;69.10;71.00;2357659;169897600.00
20110314;70.53;73.67;70.00;72.02;1596019;114618096.00
20110315;71.59;71.93;68.20;69.55;1542047;107137728.00
20110317;69.75;70.83;66.00;66.69;1459563;99577792.00
20110318;67.48;68.68;67.02;67.61;852483;57715148.00
20110321;69.10;71.52;69.03;70.67;1894551;133676496.00
20110322;70.00;70.47;68.01;69.80;896770;62067468.00
20110323;69.90;76.78;69.81;76.78;3671596;274686048.00
20110324;76.11;79.98;75.35;76.69;3054727;236252672.00
20110325;34.65;36.10;32.78;33.69;7366376;252344240.00
20110328;33.30;33.30;31.60;31.90;5234340;168536672.00
20110329;31.05;33.61;30.30;32.30;6542483;209502480.00
20110330;31.76;31.97;29.30;29.45;5875061;179653184.00
20110331;29.58;30.38;28.40;28.80;3318419;97281584.00
20110401;28.79;29.28;28.21;29.05;2491735;71440632.00
20110406;28.65;29.77;28.33;28.78;2512949;72755080.00
20110407;28.78;30.28;28.57;29.83;3271128;97212296.00
20110408;29.68;30.28;29.01;29.77;2873896;85339288.00
20110411;29.75;30.00;28.29;28.31;3934009;113169776.00
20110412;28.03;28.18;27.00;27.23;3468066;95000744.00
20110413;27.04;28.37;27.04;27.70;3171120;88241808.00
20110414;27.60;27.97;27.20;27.30;2329870;64208624.00
20110415;26.90;26.98;25.95;26.34;3765426;99116152.00
20110418;25.95;26.58;25.66;26.30;2057219;53647420.00
20110419;26.02;27.25;25.91;26.97;3636065;97369928.00
20110420;26.99;27.20;26.20;26.55;2413031;63993252.00
20110421;26.70;26.70;25.88;25.97;2438543;63738744.00
20110422;25.82;26.08;25.30;25.39;1797116;45886360.00
20110425;25.30;25.30;24.13;24.17;2034539;49662540.00
20110426;24.05;24.65;23.90;24.63;1412769;34481424.00
20110427;24.59;24.77;23.50;23.60;1234398;29676574.00
20110428;23.51;23.88;22.01;22.15;2121454;48010088.00
20110429;22.50;22.89;22.20;22.70;1459820;32979262.00
20110503;22.69;22.69;21.51;22.45;1731674;38285000.00
20110504;22.18;23.25;21.80;22.42;1832568;41631300.00
20110505;22.13;22.95;22.13;22.66;1300118;29481574.00
20110506;22.40;22.40;21.70;22.16;1229867;27178980.00
20110509;22.35;24.38;22.14;24.29;5110628;122840896.00
20110510;23.70;24.48;23.53;24.23;2760030;66092048.00
20110511;24.10;24.17;23.76;23.85;1262032;30195720.00
20110512;23.49;23.80;22.65;22.65;1962715;45481548.00
20110513;22.75;23.20;22.01;22.70;1332776;29877248.00
20110516;22.68;23.19;22.25;22.81;970017;22205844.00
20110517;22.82;22.86;22.18;22.45;892291;20060086.00
20110518;22.28;22.98;22.28;22.47;835355;18929110.00
20110519;22.50;22.70;21.82;21.90;1395707;30898570.00
20110520;21.83;22.20;21.52;21.91;1004981;22043334.00
20110523;21.91;22.07;20.43;20.43;1367409;28939154.00
20110524;20.18;22.30;19.50;21.62;2693996;56934452.00
20110525;21.40;21.40;20.60;20.60;1661192;34793396.00
20110526;20.60;21.18;20.02;20.06;871244;18108098.00
20110527;20.12;20.98;19.80;20.40;1201852;24521140.00
20110530;20.15;22.25;20.15;21.62;3454367;74425784.00
20110531;21.31;22.00;21.00;21.74;2508794;53739580.00
20110601;21.50;22.50;21.50;22.15;2411264;53154752.00
20110602;21.76;21.76;21.01;21.32;1896202;40540916.00
20110603;21.40;22.35;21.37;21.88;1786521;39346996.00
20110607;21.78;22.00;21.45;21.94;1283464;27828142.00
20110608;21.87;22.25;21.81;21.95;1289392;28361280.00
20110609;21.90;21.90;21.10;21.10;1324686;28502918.00
20110610;21.02;21.30;20.31;20.80;1138639;23502272.00
20110613;20.44;21.34;20.40;20.90;979442;20535124.00
20110614;20.71;21.48;20.71;21.35;1028198;21756384.00
20110615;21.20;21.50;20.91;21.47;1251894;26624376.00
20110616;21.40;21.79;21.20;21.49;1264919;27202184.00
20110617;21.26;22.29;21.22;22.10;2179035;47907480.00
20110620;21.94;22.20;21.00;21.48;1416048;30495218.00
20110621;21.48;21.59;20.66;21.58;1279603;27083362.00
20110622;21.58;22.28;21.20;21.85;1290626;28138862.00
20110623;21.82;22.59;21.51;22.36;1965380;43795696.00
20110624;22.30;22.85;22.02;22.54;2091229;47069796.00
20110627;22.48;23.20;22.48;22.89;1928180;43945268.00
20110628;22.71;22.88;22.12;22.55;1539259;34517072.00
20110629;22.55;22.90;21.90;21.90;1249839;27946304.00
20110630;22.00;22.30;21.88;21.93;1817352;40094088.00
20110701;23.00;24.12;22.02;23.60;6038855;142857792.00
20110704;23.20;24.09;23.20;24.03;3642549;86712784.00
20110705;24.00;24.38;23.70;23.88;2687655;64389616.00
20110706;23.80;24.90;23.65;24.62;4099674;99562472.00
20110707;24.99;25.40;24.30;24.38;4084927;100914896.00
20110708;24.38;24.47;23.63;23.80;2455597;58671116.00
20110711;23.81;24.47;23.58;24.35;1640363;39721040.00
20110712;24.16;24.22;23.66;23.72;1622589;38770620.00
20110713;23.61;24.88;23.61;24.61;2813626;68732888.00
20110714;24.88;25.19;24.25;24.90;3422735;84437752.00
20110715;24.80;25.50;24.25;25.38;4688322;116629512.00
20110718;25.48;26.20;24.91;24.95;3855490;98319008.00
20110719;24.70;24.78;24.22;24.35;1978685;48320092.00
20110720;24.40;24.67;24.20;24.55;1218662;29782592.00
20110721;24.42;24.45;23.80;23.90;1442592;34683504.00
20110722;24.10;24.18;23.86;23.97;777045;18645280.00
20110725;23.97;23.97;21.82;22.30;1930603;44124328.00
20110726;22.05;22.50;22.05;22.31;787293;17504178.00
20110727;22.20;22.72;21.85;22.65;1376133;30827578.00
20110728;22.53;22.53;21.87;22.14;1862431;41106848.00
20110729;22.14;22.26;21.70;21.73;1119064;24555042.00
20110801;21.83;22.79;21.70;22.51;1723442;38594596.00
20110802;22.35;22.41;21.71;22.26;1391704;30600566.00
20110804;23.18;24.49;23.18;23.79;5387842;129777832.00
20110805;22.60;23.12;21.88;22.79;3764005;85031208.00
20110808;22.30;22.40;20.55;21.12;2355219;50638988.00
20110809;20.03;20.89;19.31;20.64;1958049;39634292.00
20110810;21.02;21.35;21.01;21.07;1606707;33972332.00
20110811;20.40;21.64;20.35;21.56;1697898;35836424.00
20110812;21.90;22.24;21.67;21.82;1843827;40510356.00
20110815;21.78;22.40;21.71;22.21;1625505;35980476.00
20110816;22.25;22.36;21.82;21.85;1196517;26359502.00
20110817;21.65;22.30;21.65;21.95;987167;21680614.00
20110818;22.02;22.31;21.60;21.61;1344314;29597870.00
20110819;20.55;21.21;20.53;21.08;1205521;25239976.00
20110822;20.91;21.39;20.70;20.80;813664;17158576.00
20110823;20.99;21.37;20.73;21.36;1197227;25232472.00
20110824;21.41;23.50;21.36;23.50;4983220;116325536.00
20110825;24.00;24.43;23.08;23.85;8124276;194214672.00
20110826;23.85;25.39;23.68;24.30;5592444;137006048.00
20110829;23.90;24.54;23.48;23.92;3207495;76914432.00
20110830;23.93;24.25;22.95;23.10;2924434;68748800.00
20110831;23.10;23.30;22.47;22.81;1772388;40348704.00
20110901;22.91;24.31;22.91;23.70;4339610;103317328.00
20110902;23.28;23.65;22.60;22.88;2363103;54218572.00
20110905;22.49;22.49;21.55;21.57;1753956;38433928.00
20110906;21.05;21.30;20.75;21.16;1650488;34673192.00
20110907;21.49;21.94;21.14;21.76;1717430;36951836.00
20110908;21.93;22.29;21.40;21.43;1349695;29426792.00
20110909;21.50;21.75;20.82;21.13;870621;18550508.00
20110913;20.68;20.94;20.63;20.90;689349;14345964.00
20110914;20.99;21.60;20.88;21.59;1255344;26733406.00
20110915;21.59;21.98;21.50;21.52;1051291;22821306.00
20110916;21.67;21.78;21.33;21.38;778338;16781586.00
20110919;21.11;21.34;20.69;21.01;1028983;21441730.00
20110920;21.06;22.30;21.05;22.05;2028054;44373348.00
20110921;21.75;22.54;21.63;22.43;2128129;47272056.00
20110922;22.05;22.41;21.77;22.00;1679829;37008728.00
20110923;21.49;21.99;21.20;21.82;843239;18281114.00
20110926;21.82;22.36;21.50;21.77;820164;17962002.00
20110927;21.99;22.19;21.16;21.22;992503;21399174.00
20110928;21.50;21.60;20.55;20.61;1097808;22993104.00
20110929;20.55;20.55;19.83;19.88;914831;18414156.00
20110930;19.90;20.24;19.60;20.17;594766;11864996.00
20111010;20.39;20.48;19.80;19.98;523302;10481720.00
20111011;20.47;20.50;19.70;19.94;641103;12928605.00
20111012;19.81;20.67;19.62;20.58;1162946;23620462.00
20111013;20.57;21.03;20.40;20.86;1087033;22588372.00
20111014;20.80;20.89;20.51;20.65;696991;14404737.00
20111017;20.61;20.93;20.46;20.47;760891;15722703.00
20111018;20.45;20.45;19.70;19.70;913957;18391208.00
20111019;19.90;19.98;19.38;19.70;954315;18756760.00
20111020;19.71;19.97;18.68;18.78;893925;17092516.00
20111021;18.69;18.95;18.12;18.18;748660;13828255.00
20111024;18.48;18.62;18.08;18.50;577758;10605541.00
20111025;18.60;18.98;18.22;18.97;1138541;21372994.00
20111026;18.90;19.48;18.70;19.25;1323790;25373100.00
20111027;19.22;19.63;18.98;18.99;989271;19056726.00
20111028;19.34;19.49;19.00;19.46;1269489;24402480.00
20111031;19.45;20.35;19.21;20.34;1780843;35225572.00
20111101;19.90;20.64;19.80;20.02;1717066;34516036.00
20111102;19.60;20.34;19.19;20.30;1842505;36340896.00
20111103;20.28;21.08;20.20;20.26;2044394;42119484.00
20111104;20.32;20.86;20.16;20.55;1857208;38159288.00
20111107;20.53;20.60;20.14;20.43;908306;18548004.00
20111108;20.45;21.10;20.22;20.44;1381734;28480654.00
20111109;20.85;20.85;20.11;20.70;1094394;22385854.00
20111110;20.45;21.78;20.33;20.97;2789465;59056216.00
20111111;20.95;21.11;20.48;20.50;1748197;36301624.00
20111114;20.80;21.37;20.63;21.18;1893964;39985580.00
20111115;21.20;21.45;20.92;21.13;1369522;28917078.00
20111116;21.15;21.18;20.06;20.10;1364988;27981260.00
20111117;20.08;20.53;20.03;20.20;875691;17756752.00
20111118;20.17;20.17;19.19;19.19;994962;19504284.00
20111121;19.19;19.20;18.80;19.18;520059;9888807.00
20111122;19.04;19.49;18.70;19.47;502458;9638301.00
20111123;19.20;19.60;19.20;19.32;381353;7396750.00
20111124;19.08;19.45;18.75;19.26;418090;7999972.00
20111125;19.58;19.58;18.89;19.13;552816;10644242.00
20111128;19.30;20.84;18.86;20.27;2763603;56269332.00
20111129;20.62;21.35;20.30;20.43;2730177;56745724.00
20111130;20.20;20.25;18.55;18.94;2089666;40618820.00
20111201;19.48;19.78;19.18;19.29;1494349;29086732.00
20111202;19.29;19.29;18.31;18.44;786161;14694105.00
20111205;18.44;18.64;17.28;17.40;1355053;23982260.00
20111206;17.50;17.50;16.98;17.24;891503;15324119.00
20111207;17.24;17.27;16.90;17.04;1255692;21429346.00
20111208;16.83;17.27;16.14;16.98;1892994;31610204.00
20111209;16.58;17.36;16.51;17.06;1319216;22479368.00
20111212;17.00;17.10;16.61;16.80;534592;9045966.00
20111213;16.61;16.76;15.65;15.70;843927;13605514.00
20111214;15.70;16.28;15.62;15.73;727774;11594373.00
20111215;15.60;15.62;14.56;14.70;1547240;23029558.00
20111216;14.67;15.73;14.53;15.59;1023305;15305853.00
20111219;15.35;15.44;14.70;15.31;1625171;24300518.00
20111220;15.10;15.49;14.85;14.91;1105290;16764894.00
20111221;15.07;15.13;14.38;14.38;800352;11810912.00
20111222;14.18;14.29;13.51;13.88;865712;12002789.00
20111223;13.88;14.35;13.41;14.28;742067;10454757.00
20111226;14.05;14.85;13.90;14.65;1955012;27907630.00
20111227;14.28;14.28;13.61;13.61;1908883;26584026.00
20111228;13.52;13.52;12.84;13.16;1278992;16803668.00
20111229;13.16;13.50;12.88;12.91;1978187;25978892.00
20120104;13.23;13.30;12.56;12.56;1294495;16898966.00
20120105;12.16;12.36;11.75;11.78;1630584;19600750.00
20120106;11.76;12.00;11.29;11.78;1404747;16282642.00
20120109;11.77;12.28;11.59;12.26;2001393;24169886.00
20120110;12.34;13.49;12.21;13.49;5421559;71429520.00
20120111;13.22;13.98;13.21;13.76;5025623;68701152.00
20120112;13.60;13.75;13.30;13.65;2517729;34109860.00
20120113;13.57;13.64;12.65;12.72;2796335;36475280.00
20120116;12.33;12.55;11.72;11.72;2575743;31456466.00
20120117;11.63;12.70;11.53;12.70;2455299;29905410.00
20120118;12.70;13.09;11.79;11.98;2578971;32072426.00
20120119;11.90;12.57;11.81;12.51;1798775;22085794.00
20120120;12.69;12.95;12.41;12.67;2252732;28566016.00
20120130;12.84;13.94;12.65;13.49;4689339;62905216.00
20120131;13.25;13.67;12.95;13.61;2991869;39768676.00
20120201;13.50;14.20;13.35;13.73;3581319;49540824.00
20120202;14.20;14.72;13.91;14.45;3945290;56564388.00
20120203;14.22;14.58;14.11;14.50;2884463;41403916.00
20120206;14.40;14.51;14.10;14.24;2055460;29201022.00
20120207;14.19;14.19;13.75;13.90;1646906;22910326.00
20120208;13.83;14.34;13.83;14.30;1804983;25530680.00
20120209;14.24;14.63;14.24;14.30;2337785;33708096.00
20120210;14.29;14.87;14.15;14.86;3371508;49016012.00
20120213;14.70;15.05;14.51;14.93;2623282;38881996.00
20120214;14.88;14.95;14.61;14.71;1631720;24028898.00
20120215;14.64;14.94;14.55;14.92;1677732;24791182.00
20120216;14.81;15.18;14.60;14.70;1660761;24708932.00
20120217;14.75;14.84;14.25;14.42;1597014;23101520.00
20120220;14.58;14.88;14.42;14.43;1495798;21867552.00
20120221;14.46;14.82;14.26;14.82;1933583;28143394.00
20120222;14.85;15.93;14.82;15.75;4651436;71543280.00
20120223;15.60;15.90;15.30;15.60;3295899;51373928.00
20120224;15.08;15.60;14.93;15.44;5720251;87168000.00
20120227;15.38;15.56;15.16;15.18;4406070;67718704.00
20120228;15.11;15.54;14.79;15.44;4033837;61174592.00
20120229;15.20;15.20;14.80;14.85;2163278;32439890.00
20120301;14.74;14.98;14.60;14.64;1958031;28932394.00
20120302;14.68;14.94;14.68;14.92;1970456;29222428.00
20120305;14.86;15.05;14.77;14.79;2241738;33338710.00
20120306;14.80;14.80;14.00;14.11;2834734;40522144.00
20120307;13.85;14.13;13.71;13.78;2471862;34449036.00
20120308;13.87;14.06;13.86;13.97;1807896;25249374.00
20120309;14.18;14.41;13.92;14.41;4575620;64855936.00
20120312;14.41;14.74;14.18;14.70;8073979;116445520.00
20120313;14.66;14.88;14.47;14.72;5215593;76421000.00
20120314;14.74;14.83;13.69;13.79;6250351;90202448.00
20120315;13.62;13.86;12.79;13.12;3869986;51241104.00
20120316;13.16;13.34;13.01;13.33;2533115;33477402.00
20120320;13.45;13.57;12.90;12.90;3025213;40029504.00
20120321;13.04;13.15;12.77;12.98;1755970;22770434.00
20120322;13.01;13.25;12.98;13.11;1519778;19941252.00
20120323;13.11;13.14;12.67;12.72;1608755;20677136.00
20120326;12.62;13.01;12.62;13.00;1203441;15458722.00
20120327;13.15;13.15;12.88;12.93;1022742;13311946.00
20120328;12.83;12.92;12.22;12.23;1802769;22531352.00
20120329;12.06;12.26;11.82;12.07;1219250;14702799.00
20120330;11.95;12.05;11.70;11.77;850476;10070561.00
20120405;11.76;12.08;11.71;12.07;1197061;14316511.00
20120406;12.15;12.18;11.98;12.18;1207525;14579007.00
20120409;12.12;12.12;11.70;11.71;1222138;14553044.00
20120410;11.79;11.95;11.50;11.88;1346316;15774965.00
20120411;11.57;11.98;11.57;11.76;1046874;12396174.00
20120412;11.80;12.15;11.80;12.11;1769750;21238684.00
20120413;12.15;12.35;12.15;12.29;1714031;20995236.00
20120416;12.27;12.27;12.01;12.23;998180;12152768.00
20120417;12.11;12.32;12.00;12.00;1150666;13962993.00
20120418;12.09;12.35;12.01;12.33;1549815;18966832.00
20120419;12.33;12.83;12.24;12.65;2978691;37582620.00
20120420;12.65;12.70;12.50;12.61;1918590;24142468.00
20120423;12.50;12.50;11.35;11.35;4071001;47800356.00
20120424;11.13;11.49;11.00;11.20;1987963;22161548.00
20120425;11.18;11.25;10.95;11.12;1750460;19437282.00
20120426;11.10;11.18;10.89;10.94;1690970;18574664.00
20120427;10.96;12.03;10.96;12.03;3458949;40443180.00
20120502;12.50;12.68;11.91;12.19;5207021;63373672.00
20120503;12.01;12.18;11.96;12.05;2090711;25223606.00
20120504;12.00;12.41;11.92;12.14;2638513;32081566.00
20120507;12.00;12.05;11.69;12.00;2321987;27630860.00
20120508;12.05;12.70;11.90;12.30;4449298;55014532.00
20120509;12.14;12.20;11.90;11.99;2267882;27288062.00
20120510;11.94;12.60;11.94;12.49;4436707;54849020.00
20120511;12.37;12.50;12.28;12.38;2201691;27255820.00
20120514;12.48;12.96;12.31;12.53;4451424;56464164.00
20120515;12.30;13.20;12.16;13.14;5995443;76578784.00
20120516;12.90;13.10;12.68;12.72;4003794;51512032.00
20120517;12.74;12.96;12.48;12.81;2597513;33082132.00
20120518;12.67;12.68;12.12;12.19;3061439;37907916.00
20120521;12.17;12.22;11.51;11.64;2957073;34800168.00
20120522;11.81;11.87;11.68;11.74;1370155;16113979.00
20120523;11.72;11.79;11.43;11.57;1533998;17776282.00
20120524;11.55;11.83;11.49;11.60;1360380;15848215.00
20120525;11.60;11.76;11.29;11.33;1237837;14225995.00
20120528;11.26;11.53;11.10;11.51;1266102;14354667.00
20120529;11.42;11.82;11.42;11.74;1531107;17906664.00
20120530;11.74;11.92;11.64;11.74;1318508;15557794.00
20120531;11.69;11.92;11.60;11.77;1635647;19297402.00
20120601;11.71;11.85;11.62;11.69;1098435;12866449.00
20120604;11.68;11.68;11.12;11.12;1471523;16652345.00
20120605;11.11;11.19;11.07;11.12;988357;10998218.00
20120606;11.15;11.26;11.05;11.13;772227;8611202.00
20120607;11.30;11.64;11.23;11.36;1936524;22124544.00
20120608;11.24;11.55;11.20;11.24;1269105;14401746.00
20120611;11.25;11.64;11.25;11.59;1568047;18028482.00
20120612;11.48;11.63;11.43;11.46;978582;11249297.00
20120613;11.56;11.72;11.41;11.71;1218134;14159675.00
20120614;11.71;12.28;11.62;11.81;3390270;40511112.00
20120615;11.82;11.86;11.51;11.66;1780351;20801548.00
20120618;11.78;12.20;11.65;12.10;2479273;29610854.00
20120619;12.10;12.77;11.90;12.19;4743217;58467028.00
20120620;12.20;12.25;11.82;11.95;2333551;27926200.00
20120621;11.85;11.93;11.40;11.43;1952260;22608850.00
20120625;11.51;11.52;11.11;11.12;909037;10228163.00
20120626;11.12;11.25;10.95;11.20;1110464;12355569.00
20120627;11.20;11.38;11.11;11.12;887393;9985950.00
20120628;11.16;11.31;11.08;11.13;786504;8780332.00
20120629;10.97;11.13;10.60;11.06;1246823;13612628.00
20120702;11.07;11.31;11.00;11.23;1047276;11706543.00
20120703;10.88;10.89;10.11;10.11;6256269;64213832.00
20120704;10.00;10.17;9.95;10.04;2043034;20584268.00
20120705;9.99;10.05;9.75;9.75;1963182;19426766.00
20120706;9.80;9.95;9.68;9.87;1295123;12694270.00
20120709;9.83;9.83;9.34;9.37;1498672;14358641.00
20120710;9.37;9.52;9.31;9.41;807049;7583968.00
20120711;9.34;9.40;9.21;9.36;816973;7614828.50
20120712;9.35;9.54;9.28;9.48;1089753;10269709.00
20120713;9.42;9.52;9.28;9.30;892019;8384471.50
20120716;9.25;9.26;8.43;8.43;1747707;15313456.00
20120717;8.35;8.52;8.20;8.45;1108143;9262907.00
20120718;8.43;8.64;8.40;8.59;1003203;8552586.00
20120719;8.52;8.85;8.51;8.68;1397808;12224512.00
20120720;8.65;8.82;8.64;8.64;849395;7395102.00
20120723;8.58;9.50;8.38;9.50;3499900;32702960.00
20120724;9.57;9.93;9.25;9.70;7036641;67747472.00
20120725;9.52;9.80;9.33;9.59;4177215;39750072.00
20120726;9.50;9.58;9.05;9.09;2578772;24020032.00
20120727;9.16;9.40;9.04;9.09;1655718;15218834.00
20120730;9.21;9.21;8.31;8.38;2333845;20221178.00
20120731;8.44;8.48;8.06;8.18;1544536;12703515.00
20120801;8.06;8.37;8.06;8.28;1073555;8873483.00
20120802;8.25;8.42;8.17;8.37;1159107;9614352.00
20120803;8.39;8.63;8.31;8.63;1538827;13084992.00
20120806;8.53;8.84;8.42;8.80;1747577;15158779.00
20120807;8.78;9.15;8.72;9.02;2213062;19821216.00
20120808;8.93;8.99;8.78;8.88;1491019;13200120.00
20120809;8.88;9.04;8.74;8.99;1443646;12861826.00
20120810;8.95;9.01;8.85;8.88;1096826;9802802.00
20120813;8.90;9.30;8.65;8.75;2486029;22636466.00
20120814;8.57;8.73;8.30;8.63;1968850;16722590.00
20120815;8.57;8.67;8.42;8.43;754576;6442690.50
20120816;8.43;8.57;8.36;8.40;608879;5149099.50
20120817;8.37;8.52;8.34;8.50;527477;4451801.00
20120820;8.46;8.74;8.29;8.61;967700;8272310.00
20120821;8.62;8.93;8.56;8.80;1700448;14894120.00
20120822;8.84;9.07;8.71;8.73;2030725;18047584.00
20120823;8.72;8.90;8.61;8.82;1460076;12795541.00
20120824;8.83;8.88;8.56;8.61;1101745;9565159.00
20120827;8.51;8.61;8.20;8.30;1278390;10754944.00
20120828;8.21;8.61;8.21;8.45;1157939;9808013.00
20120829;8.36;8.59;8.36;8.44;1204429;10221705.00
20120830;8.41;8.56;8.08;8.18;1500050;12434995.00
20120831;8.15;8.27;8.05;8.17;823348;6739721.00
20120903;8.12;8.32;8.05;8.31;902073;7425272.50
20120904;8.32;8.40;8.24;8.27;843320;7011228.50
20120905;8.25;8.53;8.21;8.50;1354979;11392384.00
20120906;8.51;8.67;8.39;8.53;1137608;9680368.00
20120907;8.60;8.91;8.57;8.81;2363980;20754322.00
20120910;8.85;8.97;8.75;8.83;1786927;15824613.00
20120911;8.83;9.16;8.73;8.90;2369025;21266034.00
20120912;8.87;9.29;8.84;9.18;2854461;25807322.00
20120913;9.12;9.25;8.83;8.83;2690931;24378540.00
20120914;8.85;8.95;8.70;8.79;1648685;14546486.00
20120917;8.79;8.79;8.37;8.39;1752799;14938776.00
20120918;8.40;8.42;8.24;8.32;1204289;10037870.00
20120919;8.39;8.45;8.32;8.39;778633;6535802.50
20120920;8.39;8.39;8.09;8.09;1004520;8267060.50
20120921;8.08;8.23;8.05;8.09;754275;6138818.50
20120924;8.02;8.34;8.00;8.26;1035799;8469793.00
20120925;8.06;8.30;8.05;8.25;423050;3468742.00
20120926;8.29;8.29;7.89;7.89;732987;5895794.50
20120927;7.81;8.18;7.80;8.02;722739;5782374.00
20120928;8.00;8.19;7.98;8.17;603546;4890318.50
20121008;8.18;8.28;8.09;8.10;475437;3875390.25
20121009;8.10;8.31;8.04;8.30;1669924;13729361.00
20121010;8.24;8.50;8.21;8.50;1572813;13181372.00
20121011;8.47;8.47;8.25;8.27;1002340;8364256.50
20121012;8.38;8.48;8.19;8.28;827961;6878140.50
20121015;8.28;8.28;7.79;7.94;1060024;8442925.00
20121016;7.94;8.06;7.90;7.94;513671;4096995.25
20121017;7.99;8.23;7.94;8.16;937229;7578050.50
20121018;8.12;8.29;8.12;8.24;767289;6319331.00
20121019;8.24;8.31;8.19;8.25;672084;5538486.00
20121022;8.24;8.33;8.15;8.29;574055;4725180.00
20121023;8.25;8.30;8.13;8.22;721845;5922472.50
20121024;8.18;8.22;8.07;8.11;630403;5135024.00
20121025;8.14;8.21;7.94;7.99;964053;7769619.00
20121026;7.95;7.97;7.60;7.60;1393197;10747202.00
20121029;7.53;7.67;7.53;7.67;704634;5365194.00
20121030;7.62;7.78;7.62;7.68;548112;4217954.00
20121031;7.64;7.78;7.61;7.67;417671;3201974.00
20121101;7.68;7.85;7.65;7.84;623094;4851851.50
20121102;7.88;7.92;7.77;7.82;377960;2959932.25
20121105;7.83;7.93;7.83;7.86;584916;4605331.00
20121107;7.68;7.78;7.66;7.71;816954;6296752.00
20121108;7.65;7.68;7.36;7.39;931128;6976558.50
20121109;7.39;7.41;7.26;7.30;466038;3417437.75
20121112;7.30;7.37;7.23;7.31;650586;4746179.50
20121231;8.04;8.04;8.04;8.04;2200990;17695960.00
20130104;8.30;8.84;8.25;8.84;11172380;96752080.00
20130107;8.72;9.65;8.60;9.40;12429170;111410216.00
20130108;9.20;10.03;9.05;9.41;11137954;106055600.00
20130109;9.35;9.71;9.21;9.41;7474558;70696248.00
20130110;9.37;9.49;9.21;9.38;5407223;50617196.00
20130111;9.38;9.44;9.20;9.35;4432975;41306708.00
20130114;9.39;9.93;9.35;9.83;9488801;92098832.00
20130115;9.80;9.96;9.58;9.77;6475664;63053972.00
20130116;9.80;9.94;9.62;9.86;5414664;53105784.00
20130117;9.85;10.35;9.66;9.75;5258029;52606424.00
20130118;9.59;9.74;9.33;9.56;4192648;39823580.00
20130121;9.46;9.74;9.35;9.71;3123081;29752864.00
20130122;10.68;10.68;10.68;10.68;1809776;19328408.00
20130123;11.75;11.75;11.75;11.75;1607068;18883048.00
20130124;12.93;12.93;12.93;12.93;1830617;23669878.00
20130125;13.50;14.22;13.20;14.22;25969294;358420768.00
20130129;13.90;14.20;13.55;14.04;15720918;218063536.00
20130130;13.97;14.06;13.35;13.45;11137821;151412784.00
20130131;13.25;13.29;12.30;12.47;14572074;183800016.00
20130201;12.50;12.64;12.21;12.30;7729891;95840080.00
20130204;12.19;12.33;11.91;12.17;7345855;88999848.00
20130205;12.06;12.20;11.82;12.14;5477482;65915064.00
20130206;11.88;12.30;11.70;12.00;6897742;82548408.00
20130207;11.97;12.30;11.80;12.00;6020372;72900848.00
20130208;12.00;12.16;11.81;12.03;4405468;52851280.00
20130218;12.05;12.33;12.00;12.20;5169786;62918400.00
20130219;12.11;12.57;11.97;12.47;8039319;99242576.00
20130220;12.21;12.30;11.90;12.05;8537449;102771880.00
20130221;11.81;11.82;11.11;11.26;9253941;105378600.00
20130222;11.50;11.78;11.30;11.39;8429429;97052832.00
20130225;11.10;11.49;10.90;11.06;8409395;93732072.00
20130226;11.03;12.17;10.96;11.55;20153732;237766816.00
20130227;11.37;11.70;11.20;11.48;9795228;112186328.00
20130228;11.48;11.70;11.23;11.62;8191072;94502688.00
20130301;11.63;11.66;11.33;11.55;6986548;80233192.00
20130304;11.36;11.48;10.60;10.74;6980821;77256744.00
20130305;10.72;10.87;10.47;10.84;4949865;53000668.00
20130306;10.77;11.04;10.70;10.93;4379042;47656392.00
20130307;10.90;11.17;10.61;10.85;5374706;58822580.00
20130308;10.78;11.15;10.71;10.93;4706940;51731316.00
20130311;10.94;11.37;10.76;11.28;6295712;69891128.00
20130312;11.20;11.28;10.36;10.65;5954124;64374164.00
20130313;10.51;10.69;10.34;10.52;2809540;29465946.00
20130314;10.63;11.57;10.57;11.16;10389911;116816904.00
20130315;11.00;11.47;10.92;11.30;7931982;89003256.00
20130318;11.23;11.33;10.70;10.88;4254075;46566008.00
20130319;10.72;11.16;10.72;10.98;3092697;33880816.00
20130320;11.00;11.49;11.00;11.44;6448734;72740312.00
20130321;11.47;11.70;11.25;11.60;7586508;87329696.00
20130322;11.58;11.59;11.34;11.47;3594812;41178096.00
20130325;11.54;11.58;11.12;11.19;3993919;44912496.00
20130326;11.20;11.20;10.68;10.80;4214429;45664420.00
20130327;10.76;11.05;10.76;11.04;2989118;32549634.00
20130328;10.89;10.90;10.06;10.26;3967342;41104784.00
20130329;10.48;10.79;10.30;10.35;4631055;49115408.00
20130401;10.29;10.68;10.18;10.43;2942000;30856780.00
20130402;10.40;10.54;10.13;10.15;2747486;28352648.00
20130403;10.18;10.50;10.01;10.50;3419768;35300912.00
20130408;10.15;10.22;10.01;10.05;4602221;46531736.00
20130409;10.50;11.06;10.49;11.06;4051248;44232408.00
20130410;10.90;11.00;10.50;10.69;7823340;83896184.00
20130411;10.60;10.70;10.20;10.45;4078557;42520924.00
20130412;10.41;11.11;10.26;10.76;7157079;76949720.00
20130415;10.68;11.19;10.56;10.76;5652137;61667648.00
20130416;10.53;10.53;10.01;10.49;3221095;33330898.00
20130417;10.36;10.88;10.36;10.88;3507343;37437444.00
20130418;11.00;11.17;10.71;10.71;4631094;50540816.00
20130419;10.52;10.89;10.46;10.82;3968756;42657268.00
20130422;10.65;10.80;10.31;10.57;4223845;44268564.00
20130423;10.47;10.56;10.25;10.43;2724771;28334656.00
20130424;10.42;10.64;10.35;10.57;2884997;30384528.00
20130425;10.67;10.89;10.01;10.35;4631992;49108212.00
20130426;10.22;10.35;9.68;9.72;4321537;43068364.00
20130503;10.64;10.68;10.32;10.44;6438008;67580960.00
20130506;10.31;10.53;10.27;10.43;3613072;37539836.00
20130507;10.43;10.58;10.25;10.40;2957783;30787286.00
20130508;10.80;10.98;10.45;10.52;5079245;54145296.00
20130509;10.45;10.52;10.24;10.35;3305652;34221904.00
20130510;10.33;10.45;10.22;10.39;2850954;29505406.00
20130513;10.40;10.48;10.22;10.27;1953662;20085030.00
20130514;10.26;10.28;10.05;10.09;2034211;20583594.00
20130515;10.04;10.37;10.04;10.34;1989344;20397986.00
20130516;10.30;10.38;10.22;10.28;2025583;20856148.00
20130517;10.30;10.73;10.26;10.62;4458941;47010256.00
20130520;10.57;10.87;10.55;10.67;4076790;43616584.00
20130521;10.73;11.50;10.67;11.41;9470028;106255936.00
20130522;11.38;11.48;10.98;11.00;6264115;69908632.00
20130523;11.23;12.09;11.23;11.61;11128583;129844968.00
20130524;11.48;11.89;11.41;11.86;7086024;83167560.00
20130527;11.69;12.04;11.59;11.64;4927114;57873572.00
20130528;11.55;11.65;11.13;11.27;5030170;56779128.00
20130529;11.32;11.50;11.23;11.41;3093801;35146252.00
20130530;11.40;11.80;11.10;11.52;4501048;51424468.00
20130531;11.49;11.52;11.25;11.26;2962310;33719936.00
20130603;11.39;11.48;11.16;11.27;2208917;25048238.00
20130604;11.15;11.37;10.80;10.90;2847714;31594252.00
20130605;10.71;11.01;10.71;10.80;1830176;19835782.00
20130606;10.78;10.89;10.28;10.32;3336960;35029164.00
20130607;10.32;10.43;10.06;10.11;1911010;19507492.00
20130613;10.00;10.00;9.35;9.35;2416017;23036136.00
20130614;9.40;9.51;9.33;9.51;2880043;27160672.00
20130617;9.54;9.54;9.26;9.41;1926487;18118856.00
20130618;9.42;9.55;9.31;9.50;1367669;12907876.00
20130619;9.45;9.45;9.03;9.33;2281046;20978408.00
20130620;9.23;9.35;8.93;8.94;1626529;14915433.00
20130621;8.85;8.87;8.41;8.77;1635467;14142089.00
20130624;8.71;8.71;7.93;8.04;1806960;15092629.00
20130625;8.00;8.32;7.27;8.08;2865462;22663430.00
20130626;8.08;8.28;7.82;8.26;2244124;18191538.00
20130627;8.25;8.50;8.03;8.03;2405570;19870712.00
20130628;7.90;8.27;7.79;8.10;1732596;13931916.00
20130701;8.05;8.32;7.91;8.25;1529424;12485184.00
20130702;8.20;8.45;8.15;8.41;2435202;20254042.00
20130703;8.35;8.41;8.16;8.38;1758233;14584683.00
20130704;8.30;8.55;8.17;8.39;2290631;19172892.00
20130705;8.33;8.86;8.31;8.57;4575790;39176212.00
20130708;8.22;8.37;7.80;7.87;3548593;28347162.00
20130709;7.87;7.95;7.72;7.84;1219632;9545219.00
20130710;7.65;8.07;7.65;8.07;1915277;15205570.00
20130711;8.04;8.44;8.00;8.29;2435784;20124892.00
20130712;8.13;8.45;8.13;8.21;2195810;18215722.00
20130715;8.06;8.45;8.02;8.36;2653236;22030132.00
20130716;8.36;8.70;8.35;8.61;3229890;27560770.00
20130717;8.56;8.65;8.33;8.42;2913357;24719106.00
20130718;8.31;9.26;8.11;8.91;10912272;97872440.00
20130719;8.76;8.77;8.41;8.45;6484063;55671812.00
20130722;8.25;8.47;8.13;8.45;2966423;24578536.00
20130723;8.50;8.63;8.38;8.52;2850221;24332304.00
20130724;8.51;8.80;8.45;8.72;3617566;31340946.00
20130725;8.74;8.88;8.34;8.45;3128480;26723064.00
20130726;8.40;8.49;8.19;8.28;1993945;16608108.00
20130729;8.23;8.24;7.88;7.93;2424152;19505798.00
20130730;7.93;8.00;7.55;7.80;2046464;15884613.00
20130731;7.80;7.95;7.69;7.81;1701396;13339783.00
20130801;7.77;8.07;7.76;8.06;2083513;16603062.00
20130802;8.10;8.81;8.05;8.43;5937191;50319556.00
20130805;8.36;8.62;8.36;8.52;3082073;26178418.00
20130806;8.48;8.78;8.43;8.60;3843110;33156060.00
20130807;8.60;8.88;8.30;8.60;3640820;31189026.00
20130808;8.58;8.96;8.51;8.78;5023040;44121772.00
20130809;8.74;8.80;8.45;8.60;3353081;28827376.00
20130812;8.60;8.72;8.51;8.70;2360528;20400510.00
20130813;8.65;8.95;8.62;8.93;3345255;29508506.00
20130814;8.85;9.13;8.78;8.83;4622727;41372152.00
20130815;8.80;9.27;8.58;8.93;4817257;42992272.00
20130816;8.88;8.95;8.38;8.43;3751560;32520874.00
20130819;8.40;8.63;8.33;8.59;1795930;15302100.00
20130820;8.59;8.65;8.52;8.55;2108070;18119634.00
20130821;8.56;8.78;8.53;8.77;2333831;20258360.00
20130822;8.76;8.82;8.65;8.67;2006547;17550342.00
20130823;8.66;8.80;8.33;8.48;2807384;24034282.00
20130826;8.54;8.72;8.40;8.72;2499293;21396044.00
20130827;8.76;8.90;8.62;8.90;3384818;29705396.00
20130828;8.80;9.08;8.71;8.76;3765027;33485048.00
20130829;8.76;8.98;8.65;8.68;2517994;22089770.00
20130830;8.72;8.72;8.13;8.19;3968567;33364724.00
20130902;8.21;8.52;8.14;8.43;2235291;18635086.00
20130903;8.43;9.00;8.35;8.90;5730256;50390580.00
20130904;9.00;9.00;8.69;8.81;3449658;30319078.00
20130905;8.79;9.22;8.73;8.94;4944449;44453380.00
20130906;8.90;9.20;8.86;9.12;3892803;35078920.00
20130909;9.06;9.21;8.94;9.14;3722160;33715532.00
20130910;9.15;9.15;8.89;9.03;3535382;31816588.00
20130911;8.94;9.42;8.72;9.28;6633161;60281572.00
20130912;9.20;9.25;8.94;8.98;3570133;32419234.00
20130913;8.98;9.17;8.92;9.09;2238051;20260444.00
20130916;9.09;9.14;8.91;8.92;2425087;21828980.00
20130917;8.91;8.94;8.59;8.64;2245677;19751824.00
20130918;8.65;8.84;8.61;8.82;1604676;14017491.00
20130923;8.82;9.00;8.78;9.00;1882878;16821722.00
20130924;9.04;9.12;8.92;9.01;2324467;20988258.00
20130925;9.00;9.27;8.89;9.10;2787651;25375220.00
20130926;9.06;9.34;9.02;9.10;4392241;40283952.00
20130927;9.06;9.32;9.03;9.30;3842166;35453228.00
20130930;9.30;9.48;9.18;9.25;2795966;26007004.00
20131008;9.18;9.35;9.10;9.24;2734844;25299310.00
20131009;9.26;9.55;9.22;9.53;4664017;43908004.00
20131010;9.45;9.88;9.40;9.80;5735782;55702704.00
20131011;9.88;9.96;9.60;9.78;3940695;38429388.00
20131014;9.75;9.99;9.67;9.86;3381463;33336892.00
20131015;9.80;9.80;9.46;9.51;4182849;40039328.00
20131016;9.52;9.70;9.13;9.21;3264393;30411656.00
20131017;9.24;9.38;9.19;9.22;1915062;17761056.00
20131018;9.20;9.37;9.17;9.22;1385904;12809411.00
20131021;9.23;9.66;9.17;9.64;2664101;24973800.00
20131022;9.59;9.75;9.42;9.56;2884220;27613568.00
20131023;9.70;9.70;9.13;9.17;2142915;20106392.00
20131024;9.12;9.30;9.12;9.16;1411652;13015633.00
20131025;9.09;9.22;8.76;8.84;1642747;14761159.00
20131028;8.82;8.86;8.51;8.67;1541218;13449849.00
20131029;8.78;8.81;8.05;8.25;2660814;22238714.00
20131030;8.25;8.56;8.20;8.50;1660567;13944406.00
20131031;8.49;8.69;8.34;8.45;1223356;10421136.00
20131101;8.45;8.70;8.29;8.56;1011031;8582347.00
20131104;8.62;8.65;8.45;8.65;829993;7122615.50
20131105;8.64;8.85;8.52;8.84;1519498;13225574.00
20131106;8.80;8.88;8.62;8.62;1043241;9149924.00
20131107;8.60;8.70;8.36;8.50;988586;8416429.00
20131108;8.48;9.35;8.31;9.35;4593242;41345256.00
20131111;9.50;9.51;9.20;9.35;4964054;46542736.00
20131112;9.40;9.92;9.29;9.50;5652012;54565536.00
20131113;9.31;9.55;9.20;9.21;3202997;29854886.00
20131114;9.21;9.40;8.70;9.34;3001163;27206014.00
20131115;9.25;10.08;9.24;9.80;5304105;51349156.00
20140513;10.78;10.78;10.78;10.78;345718;3726840.00
20140514;11.86;11.86;10.22;10.48;19257354;212840976.00
20140515;10.28;10.45;9.55;9.69;11229097;111236312.00
20140516;9.50;9.60;9.16;9.23;6315203;58927232.00
20140519;9.18;9.24;8.97;9.11;3501796;31903832.00
20140520;9.16;9.33;9.04;9.12;3664170;33583880.00
20140521;9.01;9.25;8.70;9.11;4788585;42853564.00
20140522;9.06;9.18;8.84;8.86;4252090;38280712.00
20140523;8.80;9.00;8.72;8.96;3117376;27678000.00
20140526;8.98;9.09;8.90;9.03;2798854;25168188.00
20140527;9.02;9.07;8.90;8.91;2167716;19450336.00
20140528;8.90;9.03;8.87;9.01;2158014;19343122.00
20140529;9.00;9.00;8.75;8.76;2743693;24331850.00
20140530;8.73;8.79;8.55;8.62;2539857;21986928.00
20140603;8.63;8.73;8.60;8.65;1600963;13879893.00
20140604;8.69;8.69;8.45;8.54;1576807;13469241.00
20140605;8.55;8.75;8.47;8.71;2114933;18209670.00
20140606;8.71;8.73;8.57;8.67;1607287;13903997.00
20140609;8.67;8.72;8.61;8.66;1096048;9504094.00
20140610;8.68;9.04;8.58;8.88;3498634;30988902.00
20140611;8.86;9.18;8.86;8.97;3756552;33862632.00
20140612;8.93;9.03;8.80;8.90;2327768;20694250.00
20140613;9.03;9.25;9.01;9.09;3664606;33351216.00
20140616;9.02;9.11;8.97;9.11;2791234;25289414.00
20140617;9.08;9.08;8.91;8.94;1838750;16528483.00
20140618;8.92;9.05;8.88;8.97;1901339;17026144.00
20140619;8.91;9.00;8.53;8.58;1849764;16267440.00
20140620;8.50;8.64;8.49;8.61;1283559;11001391.00
20140623;8.61;8.90;8.56;8.86;1796394;15793457.00
20140624;8.83;8.94;8.81;8.86;1188346;10534033.00
20140625;8.85;9.14;8.82;9.10;3394629;30733486.00
20140626;9.10;9.25;9.05;9.15;3551667;32535604.00
20140627;9.14;9.27;9.10;9.19;2428583;22315046.00
20140630;9.25;9.33;9.15;9.30;2677239;24704810.00
20140701;9.31;9.61;9.30;9.39;4177249;39598580.00
20140702;9.39;9.53;9.33;9.46;2694433;25412066.00
20140703;9.48;9.63;9.38;9.60;3726955;35572500.00
20140704;9.60;10.22;9.59;10.01;7850470;78435536.00
20140707;10.04;10.99;9.88;10.72;9723434;101397432.00
20140708;10.37;10.95;10.35;10.73;6342251;67477208.00
20140709;10.52;10.97;10.33;10.45;5557334;58982120.00
20140710;10.45;10.59;10.21;10.33;3249489;33709000.00
20140711;10.30;10.52;10.20;10.37;2360275;24548290.00
20140714;10.34;10.85;10.30;10.68;3068626;32340730.00
20140715;10.59;10.68;10.35;10.45;2864316;29951290.00
20140716;10.38;10.53;10.06;10.18;2580890;26365984.00
20140717;10.24;10.47;10.19;10.37;2445920;25337124.00
20140718;10.35;10.45;10.11;10.18;1490949;15308927.00
20140721;10.11;10.11;9.79;10.06;3166366;31462726.00
20140722;10.06;10.41;10.01;10.29;2246447;23035522.00
20140723;10.29;10.46;9.90;9.91;2148124;21869054.00
20140724;10.08;10.90;10.08;10.90;8519367;92116536.00
20140725;11.30;11.79;10.63;11.00;12021007;132166656.00
20140728;11.05;11.05;10.65;10.80;7877608;84811296.00
20140729;11.00;11.00;10.73;10.79;5841618;63326496.00
20140730;10.75;10.95;10.53;10.92;5075768;54589392.00
20140731;10.92;10.92;10.70;10.74;3704559;39922864.00
20140801;10.74;11.29;10.66;10.85;7930803;87642792.00
20140804;10.90;11.11;10.71;11.03;4115899;45003916.00
20140805;10.98;11.46;10.81;11.38;5793645;64511360.00
20140806;11.30;11.38;11.16;11.30;3245833;36616756.00
20140807;11.28;11.40;11.00;11.25;3618768;40514016.00
20140808;11.21;11.65;11.19;11.40;6065917;69356920.00
20140811;11.31;11.68;11.24;11.42;4753902;54154776.00
20140812;11.39;11.50;11.21;11.40;2884312;32655626.00
20140813;11.40;11.40;10.95;11.15;4144351;46094904.00
20140814;11.14;11.24;10.91;10.98;2498309;27685348.00
20140815;10.97;11.24;10.92;11.23;2955441;32769810.00
20140818;11.29;11.56;11.25;11.56;3666146;41966472.00
20140819;11.56;11.78;11.51;11.73;3238896;37734076.00
20140820;11.62;11.75;11.45;11.50;4624344;53403576.00
20140821;11.45;11.73;11.37;11.70;4294120;49579980.00
20140901;11.90;12.30;11.46;11.90;7709982;90767384.00
20140902;11.79;12.49;11.71;12.15;8553322;103476184.00
20140903;12.16;12.43;12.02;12.30;5094486;62402652.00
20140904;12.29;12.61;12.21;12.54;4764729;58780476.00
20140905;12.51;12.98;12.36;12.79;5443566;68879888.00
20140909;12.95;13.49;12.95;13.33;6145272;81111800.00
20140910;13.20;13.49;13.01;13.16;3958743;52142516.00
20140911;13.12;13.16;12.58;12.66;4737703;61016556.00
20140912;12.72;13.08;12.60;13.02;3228995;41761212.00
20140915;12.60;13.57;12.60;13.55;5209904;69483392.00
20140916;13.46;13.54;12.70;12.77;3837931;50812220.00
20140917;12.87;12.89;12.31;12.64;3215039;40588004.00
20140918;12.80;13.07;12.65;12.80;2717447;34934456.00
20140919;12.80;13.20;12.71;13.11;1984221;25835652.00
20140922;13.05;13.15;12.78;12.84;1460657;18846650.00
20140923;12.79;13.17;12.79;13.12;1806979;23616608.00
20140924;13.05;13.48;13.03;13.40;2403199;32027948.00
20140925;13.51;13.59;13.23;13.26;1813806;24304580.00
20140926;13.20;13.45;12.92;13.34;1653969;21946588.00
20140929;13.38;14.14;13.38;13.89;3224485;44578336.00
20140930;13.78;14.15;13.75;13.91;2059213;28673264.00
20141008;13.92;14.11;13.72;13.98;2436748;33938100.00
20141009;13.98;14.42;13.89;14.30;3410616;48395440.00
20141010;14.30;14.39;13.93;13.97;2408879;33987380.00
20141013;13.95;14.46;13.47;14.35;4505398;62524628.00
20141014;14.22;14.38;14.01;14.24;2095649;29743364.00
20141015;14.17;14.17;13.82;14.07;1687696;23616426.00
20141016;13.94;14.15;13.77;13.80;1823272;25439004.00
20141017;13.69;13.85;12.98;13.24;2505629;33567968.00
20141020;13.38;13.46;13.30;13.46;2249968;30133846.00
20141021;13.48;13.50;13.08;13.12;1758090;23418828.00
20141022;13.05;13.19;12.62;12.75;2821119;36377080.00
20141023;13.00;14.03;13.00;13.23;16126217;221505248.00
20141024;13.00;13.11;12.23;12.31;6601435;82777376.00
20141027;12.09;12.43;12.02;12.27;2426417;29700666.00
20141028;12.40;12.80;12.40;12.71;3586738;45348644.00
20141029;12.76;13.05;12.76;12.95;2907265;37636384.00
20141030;12.97;13.49;12.92;13.27;3304783;43796472.00
20141031;13.31;13.45;12.90;13.01;2210602;28871092.00
20141103;13.16;13.25;13.00;13.22;3107790;40729772.00
20141104;13.17;13.27;13.08;13.11;1786453;23507268.00
20141105;13.01;13.24;12.92;13.18;2105625;27546542.00
20141106;13.16;13.26;12.93;13.23;1824134;23921120.00
20141107;13.25;13.40;13.02;13.07;2005153;26587834.00
20141110;13.18;13.18;12.72;12.88;1914910;24683128.00
20141111;12.87;12.91;12.03;12.20;3205151;39895728.00
20141112;12.08;12.40;12.08;12.40;1390657;17062654.00
20141113;12.33;12.51;12.06;12.24;1797740;22067276.00
20141114;12.14;12.19;11.80;11.98;2012161;24101378.00
20141117;11.96;12.50;11.87;12.31;1573438;19236926.00
20141118;12.31;12.43;12.16;12.39;1291220;15857394.00
20141119;12.36;12.58;12.30;12.45;1305167;16234999.00
20141120;12.38;12.49;12.20;12.31;1688070;20834180.00
20141121;12.32;12.60;12.30;12.46;1504968;18788960.00
20141124;12.58;12.73;12.46;12.53;1922919;24203984.00
20141125;12.50;12.87;12.43;12.85;2422310;30851954.00
20141126;12.85;12.90;12.68;12.76;1522511;19472776.00
20150107;11.48;11.48;11.48;11.48;730700;8388436.00
20150108;10.45;11.00;10.45;10.58;13975219;148241680.00
20150109;10.35;10.60;10.29;10.39;7060589;73643328.00
20150112;10.32;10.39;9.98;10.07;6059104;61289100.00
20150113;10.07;10.36;10.07;10.36;5630541;57544092.00
20150114;10.34;10.34;10.09;10.13;4010246;40714648.00
20150115;10.13;10.23;10.12;10.18;2991345;30448752.00
20150116;10.17;10.35;10.16;10.26;3859175;39584040.00
20150119;10.03;10.43;10.00;10.28;5526497;56642976.00
20150120;10.23;10.58;10.20;10.55;7138387;74178944.00
20150121;10.48;10.90;10.43;10.82;8713106;92965400.00
20150122;10.76;10.90;10.68;10.85;4918362;53100420.00
20150123;10.85;10.97;10.70;10.85;5128956;55614440.00
20150126;10.82;10.94;10.71;10.87;4613237;50058020.00
20150127;10.87;10.96;10.74;10.91;4286789;46540136.00
20150128;10.86;11.36;10.82;11.21;7070696;79098064.00
20150129;11.12;11.26;11.02;11.12;3256541;36293984.00
20150130;11.12;11.18;10.67;10.69;3994154;43414896.00
20150202;10.20;10.67;10.20;10.55;3254958;34085168.00
20150203;10.51;10.81;10.51;10.75;2136777;22837462.00
20150204;10.76;10.86;10.70;10.76;2236903;24156290.00
20150205;10.86;10.86;10.71;10.80;2495342;26908154.00
20150206;10.78;10.84;10.40;10.47;2936119;31281364.00
20150209;10.45;10.58;10.33;10.50;1812363;18988658.00
20150210;10.47;10.77;10.45;10.75;1746094;18562168.00
20150211;10.77;11.09;10.76;11.01;2622082;28723676.00
20150212;10.98;11.24;10.93;11.18;2405969;26683392.00
20150213;11.18;11.88;11.18;11.57;6494242;75061400.00
20150216;11.57;11.80;11.55;11.73;2606090;30466526.00
20150217;11.65;11.75;11.42;11.56;1786346;20644072.00
20150225;11.55;11.92;11.40;11.86;2829317;33090808.00
20150226;11.79;11.95;11.74;11.93;1767503;20950268.00
20150227;11.93;12.08;11.82;11.97;1987921;23749332.00
20150302;11.96;12.62;11.92;12.26;3372737;41593184.00
20150303;12.16;12.37;11.97;12.29;2996666;36450136.00
20150304;12.32;12.55;12.21;12.42;2382814;29606548.00
20150305;12.44;13.42;12.44;13.01;7667363;99760112.00
20150306;13.01;13.33;12.78;13.05;3246668;42288000.00
20150309;13.05;13.58;12.77;13.37;4027241;53296932.00
20150310;13.29;13.93;13.19;13.92;3945756;54225756.00
20150311;13.91;14.16;13.66;13.93;2909703;40240852.00
20150312;14.00;14.07;13.50;13.90;4381168;60389220.00
20150313;13.83;13.90;13.52;13.83;2370348;32548704.00
20150316;14.68;14.69;14.20;14.51;4635994;66865284.00
20150317;14.57;14.84;14.27;14.43;5586962;80625744.00
20150318;14.43;14.80;14.22;14.69;3630002;52429856.00
20150319;14.60;14.98;14.48;14.90;3352890;49060912.00
20150320;14.88;15.26;14.78;15.20;2835856;42812016.00
20150323;15.21;15.94;15.01;15.79;3299697;51548604.00
20150324;15.78;15.98;15.01;15.39;4305164;66427552.00
20150325;15.38;15.59;15.13;15.29;3076042;47109688.00
20150326;15.20;15.27;14.46;14.63;4077507;60191548.00
20150327;14.56;16.09;14.50;15.98;6916381;104503968.00
20150330;15.97;16.96;15.69;16.38;6682957;110521112.00
20150331;16.51;16.89;15.86;16.15;3802095;61832568.00
20150401;16.15;16.78;16.15;16.46;4625596;76221744.00
20150402;16.31;18.11;16.31;18.11;6272574;109837192.00
20150403;18.51;19.92;18.03;19.23;10697510;204608496.00
20150824;17.31;17.31;17.31;17.31;296900;5139339.00
20150825;15.58;15.58;15.58;15.58;104200;1623436.00
20150826;14.02;14.65;14.02;14.02;21883666;308118528.00
20150827;13.25;14.31;12.62;12.63;19254762;253442720.00
20150828;12.95;13.89;12.69;13.89;13352097;178803728.00
20150831;13.51;15.12;13.33;13.80;13909064;198239680.00
20150901;13.81;14.00;12.49;12.55;7273194;94609880.00
20150902;11.55;12.76;11.30;11.49;6586892;77958200.00
20150907;11.76;12.64;11.76;12.64;9393002;116844232.00
20150908;12.64;13.90;12.08;13.90;12495622;167111856.00
20150909;14.70;14.89;14.01;14.27;9428993;135483584.00
20150910;14.27;15.70;14.13;15.70;5564416;84164840.00
20150911;16.16;16.80;15.70;16.23;8799951;142666816.00
20150914;15.92;17.19;14.61;14.61;9698073;153301280.00
20150915;13.71;14.60;13.15;13.78;10746720;147471888.00
20150916;13.77;15.16;13.20;15.16;9146452;131195472.00
20150917;14.90;15.85;14.21;14.21;8650121;131021592.00
20150918;14.20;14.52;13.85;14.31;4624483;65734052.00
20150921;14.01;15.74;14.00;15.74;4338325;65763424.00
20150922;16.50;17.31;16.21;16.97;14504071;247270176.00
20150923;16.30;18.30;16.20;17.20;11091758;192678272.00
20150924;17.39;17.47;16.56;17.41;5825766;99251728.00
20150925;17.33;18.28;16.31;16.90;6068880;105100792.00
20150928;16.83;18.59;16.36;18.59;8237510;145940880.00
20150929;18.60;19.58;17.75;18.01;10197067;190140080.00
20150930;17.86;18.60;16.61;16.89;7353438;128799008.00
20151008;17.40;18.58;17.05;18.58;6712582;121131976.00
20151009;18.65;19.52;18.28;18.78;8259057;156166640.00
20151012;18.79;19.76;18.52;18.80;10396315;198109936.00
20151013;18.73;20.60;18.55;20.43;10061753;198505440.00
20151014;20.18;20.26;19.47;20.05;6656203;132476144.00
20151015;19.95;22.06;19.85;22.03;8454189;179041680.00
20151016;21.73;22.18;21.02;21.70;9939075;213670496.00
20151019;21.80;21.83;20.08;21.00;8587512;178883632.00
20151020;20.91;20.92;20.10;20.56;8075745;165320432.00
20151021;20.70;21.22;18.50;18.50;12131165;239368112.00
20151022;18.30;19.41;17.96;19.25;10106086;188606912.00
20151023;19.20;19.73;18.79;19.45;7978451;153717232.00
20151026;19.30;21.07;19.11;20.35;9580333;193505712.00
20151027;19.75;19.89;18.74;19.70;7665107;147844064.00
20151028;19.69;20.00;18.45;18.54;6262031;120188792.00
20151029;19.18;19.18;18.46;18.55;4543418;85529400.00
20151030;18.59;19.77;18.31;19.20;5580936;106539840.00
20151102;18.45;19.69;18.05;19.55;6236392;118936120.00
20151103;19.42;20.84;19.30;20.21;7704965;156014944.00
20151104;20.22;21.52;20.02;21.24;7880074;162864544.00
20151105;20.99;21.32;20.50;20.85;6594139;137572896.00
20151106;20.80;22.50;20.75;21.86;5822395;127506760.00
20151109;21.86;22.78;21.22;22.22;6176027;136824160.00
20151110;22.22;22.68;21.30;21.42;7230367;158541312.00
20151111;21.30;22.19;21.13;21.68;4017599;86908584.00
20151112;21.68;23.85;21.56;23.85;8234025;188699760.00
20151113;23.80;23.80;22.38;22.62;5696289;131033640.00
20151116;22.00;24.70;21.66;24.30;5737831;131148576.00
20151117;24.22;26.00;24.10;24.10;7322125;182889568.00
20151118;24.27;25.30;23.78;24.35;4201093;103279872.00
20151130;25.50;26.30;21.92;24.79;8981614;214055760.00
20151201;24.50;27.27;24.46;27.27;11287977;303890848.00
20151202;27.60;27.70;24.54;24.76;8667942;221812128.00
20151203;24.51;25.93;23.35;25.01;6934740;168937280.00
20151204;24.93;26.88;24.50;25.72;5875241;152110112.00
20151207;25.75;27.35;25.00;26.92;5339450;142029312.00
20151208;26.40;26.90;25.56;25.75;3889755;101442752.00
20151209;25.80;25.85;24.20;24.65;5010670;125096744.00
20151210;24.46;26.60;24.36;25.63;4857118;124903680.00
20151211;25.70;26.30;24.80;25.48;3275194;83422920.00
20151214;24.71;25.39;24.03;24.86;3888088;96456224.00
20151215;24.87;25.28;23.81;25.00;5348194;129927656.00
20151216;24.90;25.95;24.41;25.39;4116063;103269304.00
20151217;25.41;27.93;25.41;27.93;6665045;180141872.00
20151218;29.20;29.20;27.38;27.51;4838660;136194112.00
20151221;27.26;30.18;26.52;29.70;6239852;180504592.00
20151222;29.41;30.15;28.83;29.78;3533116;103668488.00
20151223;29.98;32.03;29.10;29.30;4954297;152268048.00
20151224;29.50;30.10;27.70;29.80;3857885;111680392.00
20151225;29.61;30.39;29.00;29.68;1702303;50724240.00
20151228;29.95;31.58;29.15;30.23;4065981;123510288.00
20151229;30.60;30.60;29.08;29.87;2466141;73464224.00
20151230;30.44;31.43;29.70;30.15;2121114;64579648.00
20151231;30.40;30.94;29.43;29.56;3010414;90592144.00
20160104;29.37;29.37;26.60;26.60;3037328;83932696.00
20160105;24.95;27.49;23.95;25.34;4866744;124653888.00
20160106;25.75;26.35;24.11;25.60;4713048;117693096.00
20160107;25.01;25.22;23.04;23.04;677200;16351003.00
20160108;23.54;23.95;21.30;22.38;4714366;106488280.00
20160111;21.39;22.00;20.14;20.14;4520648;93923544.00
20160112;19.33;21.00;19.05;20.66;5080604;101767336.00
20160113;20.95;22.64;20.60;20.97;5047142;109778248.00
20160114;20.35;23.07;20.32;23.06;4130143;91627168.00
20160115;22.90;24.60;22.50;23.20;5284656;124696368.00
20160118;22.00;24.50;21.99;23.43;3544183;83353480.00
20160119;23.02;24.27;23.02;24.20;3232972;77060288.00
20160120;24.19;24.48;22.73;23.23;2874113;68130312.00
20160121;23.00;23.60;21.38;21.40;4610910;105334544.00
20160122;21.62;22.30;20.28;22.25;3695478;79177760.00
20160125;22.55;23.48;22.15;23.23;2614943;60128072.00
20160126;22.90;23.39;21.50;21.52;2504302;56315936.00
20160127;21.52;23.67;21.00;23.67;4518644;101679024.00
20160128;23.00;24.05;22.47;22.47;3690628;87155592.00
20160129;22.80;24.72;22.25;24.72;4172784;99840688.00
20160201;24.75;25.45;24.00;24.68;3025112;74923928.00
20160202;24.34;25.68;24.32;25.30;3792430;95786160.00
20160203;24.60;25.25;23.89;24.46;2311584;56705524.00
20160204;24.46;24.98;24.31;24.52;2005326;49362508.00
20160205;24.62;24.85;23.38;23.38;1850033;44418956.00
20160215;23.00;23.23;22.00;22.99;1334318;30076250.00
20160216;23.38;24.13;22.97;23.94;2364497;56330072.00
20160217;23.97;24.28;23.10;23.60;2442590;57386928.00
20160218;23.44;25.96;23.35;25.96;6610341;164956656.00
20160219;25.60;25.90;24.80;25.20;5233248;132218120.00
20160222;25.06;25.38;24.27;25.00;5060173;125522672.00
20160223;24.90;24.99;23.33;23.99;4149701;99842384.00
20160224;23.69;24.29;23.50;24.14;2707230;64571064.00
20160225;23.98;24.13;21.73;21.73;3062836;68809240.00
20160226;21.70;21.77;19.56;19.98;4075026;83273768.00
20160229;20.00;20.38;17.98;18.03;2221917;41580672.00
20160301;18.01;18.60;16.37;18.35;2623783;46442344.00
20160302;18.29;20.19;17.80;20.19;4100603;79113624.00
20160303;19.98;20.50;19.56;19.60;3229733;65180704.00
20160304;19.30;19.96;17.91;19.00;3082622;58555880.00
20160307;19.11;19.73;18.83;19.26;1794572;34726776.00
20160308;19.30;19.75;17.82;19.46;2589975;48317344.00
20160309;19.20;19.30;18.55;18.71;1092693;20684170.00
20160310;18.79;19.65;18.26;19.00;3093078;58877668.00
20160311;19.01;19.50;18.20;18.72;2489320;46438180.00
20160314;18.77;19.64;18.70;19.19;4051297;77971008.00
20160315;18.99;19.74;18.60;19.05;2744132;52838280.00
20160316;19.70;19.99;18.45;18.49;3232800;61576528.00
20160317;18.80;19.37;18.42;19.13;3395057;64236508.00
20160318;19.20;20.76;19.19;20.30;5114795;102902960.00
20160321;20.70;22.20;20.32;21.48;5087580;109246896.00
20160322;21.41;21.41;20.81;20.94;2880139;60629520.00
20160323;20.83;21.37;20.50;21.14;2333419;48842704.00
20160324;21.15;22.30;21.01;21.21;3909234;84983040.00
20160325;21.00;22.00;20.83;21.80;2310238;49703372.00
20160328;21.85;22.20;20.70;20.90;2916005;63096836.00
20160329;21.25;21.28;20.11;20.59;2192236;45313404.00
20160330;20.99;21.25;20.53;21.20;3553123;74138032.00
20160331;21.49;21.49;20.67;20.81;2946606;61840496.00
20160401;20.70;21.10;19.90;20.31;2475439;50030228.00
20160405;20.22;21.75;20.22;21.58;3473457;73535528.00
20160406;21.50;21.61;21.10;21.60;2063782;44147844.00
20160407;21.60;21.90;20.73;20.80;2289897;48611476.00
20160408;21.00;21.39;20.75;21.00;2679054;56196404.00
20160411;21.20;21.79;21.20;21.38;3585751;77145968.00
20160412;21.47;21.59;20.82;21.10;2136104;45174584.00
20160413;21.20;23.00;21.17;22.17;5799135;127804304.00
20160414;22.37;23.13;21.80;22.20;3204144;70873360.00
20160415;22.20;22.68;21.88;22.45;2984953;66614676.00
20160418;22.37;23.18;21.65;22.51;4215409;95307912.00
20160419;22.52;24.65;22.52;24.20;6085865;145733280.00
20160420;24.51;24.82;22.20;23.20;6758929;159099760.00
20160421;23.15;23.43;22.60;22.70;2767680;63645768.00
20160422;22.53;23.26;22.20;23.00;2372628;54135896.00
20160425;23.01;24.48;22.41;23.99;3868621;91241464.00
20160426;24.09;25.35;23.90;24.60;4569401;113322592.00
20160427;24.38;25.08;24.28;24.28;2282145;56063716.00
20160428;24.77;25.08;24.18;25.00;2737370;67795056.00
20160429;25.31;25.31;24.60;24.85;1994457;49801476.00
20160503;24.72;25.50;24.62;25.27;2401526;60384340.00
20160504;25.29;25.45;24.54;24.56;1991243;49651804.00
20160505;24.36;24.86;24.25;24.49;1830247;44892816.00
20160506;24.49;24.49;22.76;22.85;3552688;83839744.00
20160509;22.62;22.62;21.61;22.10;4206992;92990424.00
20160510;23.23;23.23;22.10;22.32;2576525;58024180.00
20160511;22.30;22.53;20.10;20.50;5910491;122454816.00
20160512;20.42;20.66;19.50;20.27;2439446;48955656.00
20160513;20.10;20.90;20.05;20.84;1952842;40069844.00
20160516;20.70;21.39;20.18;21.15;2071801;43550588.00
20160517;21.38;21.38;20.60;20.88;1522507;31874052.00
20160518;20.88;20.89;20.05;20.30;1724124;35190672.00
20160519;20.39;20.83;20.10;20.50;1037567;21304504.00
20160520;20.65;21.48;20.22;21.45;1674983;34892404.00
20160523;21.64;23.45;21.60;23.45;4254512;95510512.00
20160524;23.62;23.80;22.75;23.25;2526273;58551924.00
20160525;23.30;23.55;22.65;22.90;1562094;36168320.00
20160526;22.90;23.05;21.81;22.86;1198993;26883766.00
20160527;23.10;24.97;23.10;24.19;2507312;60034468.00
20160530;24.30;24.30;23.50;24.00;2360080;56418516.00
20160531;23.98;24.76;23.85;24.63;2872050;70102528.00
20160601;24.93;24.93;24.15;24.40;2660514;65018292.00
20160602;24.39;24.39;23.66;24.00;3215159;76943296.00
20160603;24.01;24.75;24.00;24.06;2450394;59270756.00
20160606;24.41;25.60;24.06;24.87;4195204;104200704.00
20160607;25.09;25.09;24.19;24.73;2342603;57308112.00
20160608;24.52;24.69;23.61;23.95;2585835;62056408.00
20160613;23.66;24.04;23.16;23.16;1822441;43046696.00
20160614;23.16;23.27;22.44;22.69;1755807;39936404.00
20160615;22.68;23.77;22.50;23.50;2459010;57475420.00
20160616;23.76;23.76;23.12;23.20;1867021;43761644.00
20160617;23.01;23.63;22.66;22.86;2743811;63483056.00
20160620;23.50;24.00;22.80;23.99;3614888;84532624.00
20160621;24.30;24.63;22.51;22.63;4473105;105279368.00
20160622;22.60;23.09;21.81;22.91;4742345;105622464.00
20160623;22.70;22.91;21.91;22.30;3871572;86848336.00
20160624;22.28;22.40;21.28;21.75;4321954;94132416.00
20160627;21.69;22.37;21.68;22.34;2916402;64300008.00
20160628;22.15;22.85;22.01;22.43;2779691;62163884.00
20160629;22.80;24.67;22.43;23.79;9922659;236656544.00
20160630;23.50;23.66;23.11;23.35;4723863;110228632.00
