20101019;44.00;50.00;40.25;44.27;7207600;313808672.00
20101020;41.51;44.96;41.51;44.70;4752585;206149936.00
20101021;43.20;48.70;43.00;47.47;4183868;192859520.00
20101022;46.65;49.28;45.92;46.90;3206342;152143888.00
20101025;46.30;46.89;45.22;45.95;2222296;101719072.00
20101026;45.62;47.97;43.10;47.88;3666160;167885232.00
20101027;46.50;52.58;46.30;51.16;3975350;197396560.00
20101028;51.00;52.23;49.08;50.90;2859566;146031696.00
20101029;50.91;53.80;50.28;50.80;2941018;152995648.00
20101101;50.10;53.99;49.88;52.60;3320046;173550608.00
20101102;52.10;53.20;51.01;52.30;2231272;116563480.00
20101103;51.25;51.25;47.07;47.07;2199409;106180992.00
20101104;45.98;47.06;45.79;46.21;1460982;67729864.00
20101105;46.60;46.89;46.18;46.30;1099427;51088440.00
20101108;46.30;47.48;46.30;47.28;1165328;54878784.00
20101109;47.23;47.75;46.70;47.50;906004;42755796.00
20101110;47.37;48.66;47.15;47.90;1118262;53793096.00
20101111;47.61;49.49;47.50;47.50;1263017;61403044.00
20101112;47.30;48.59;45.21;45.28;1179865;55201376.00
20101115;45.30;47.28;45.30;47.24;944782;43792560.00
20101116;47.30;48.45;45.68;46.33;1061539;50251948.00
20101117;46.60;47.55;46.00;46.75;773584;36218760.00
20101118;46.60;48.00;46.16;47.40;763641;36046296.00
20101119;47.40;49.60;47.08;49.50;1473893;71484376.00
20101122;49.01;50.48;48.61;49.01;1621729;80679624.00
20101123;48.95;48.95;47.60;48.65;980169;47242040.00
20101124;48.16;50.24;48.16;50.16;1233657;61427328.00
20101125;50.01;50.40;48.50;48.86;1086354;53541056.00
20101126;48.88;49.68;48.56;49.36;729231;35897072.00
20101129;49.36;51.00;49.11;50.65;1011720;50909184.00
20101130;50.50;51.20;47.44;49.38;1130549;55513320.00
20101201;49.41;49.78;48.77;48.80;494501;24298708.00
20101202;49.21;49.38;48.50;48.70;457438;22351242.00
20101203;49.31;49.97;48.28;49.65;834319;41021296.00
20101206;49.71;50.78;48.60;48.82;730437;36375984.00
20101207;48.41;48.77;46.89;48.70;520038;24903296.00
20101208;48.68;50.17;48.33;49.17;695892;34483364.00
20101209;49.19;50.08;48.00;49.52;960485;47383972.00
20101210;49.02;51.50;49.02;50.81;1045756;52994884.00
20101213;50.90;55.89;50.90;55.89;1753236;95447544.00
20101214;57.00;58.66;56.01;57.97;2228624;127977200.00
20101215;57.11;58.48;56.34;57.72;1042572;60046980.00
20101216;57.75;59.98;56.68;57.10;1157377;67546592.00
20101217;56.34;58.50;56.11;58.50;743807;42449484.00
20101220;59.20;64.00;59.19;61.10;1937095;119003416.00
20101221;60.50;61.80;59.60;60.64;870118;52696604.00
20101222;60.57;61.44;59.50;60.94;468780;28273828.00
20101223;60.90;61.16;55.71;56.65;882198;51321248.00
20101224;56.01;57.85;54.22;54.89;671691;37336860.00
20101227;54.90;56.40;51.04;51.79;857030;46130232.00
20101228;51.69;52.37;50.60;52.05;448859;23126870.00
20101229;52.04;53.30;51.42;53.05;437802;22942328.00
20101230;52.90;53.37;51.90;52.59;422987;22260732.00
20101231;52.50;57.58;52.50;56.88;831039;45925536.00
20110104;56.33;59.55;56.18;58.19;936315;54332036.00
20110105;57.25;59.48;57.25;58.00;484490;28206326.00
20110106;57.77;58.20;55.10;55.40;785091;44058924.00
20110107;55.50;56.38;54.88;55.88;423013;23583648.00
20110110;54.90;55.88;54.20;54.98;238694;13121513.00
20110111;53.99;54.60;50.89;51.15;742528;38551840.00
20110112;51.25;52.49;50.15;52.05;375144;19363176.00
20110113;52.10;52.50;51.50;51.75;289652;15042282.00
20110114;51.78;52.00;48.69;49.30;640047;31902788.00
20110117;48.70;49.19;45.40;46.50;649654;30576802.00
20110118;45.75;46.44;45.20;46.07;314245;14419406.00
20110119;46.00;48.20;45.70;47.20;400546;18939914.00
20110120;46.30;48.80;44.41;47.28;1972899;90790752.00
20110121;45.90;47.30;45.50;46.40;1194635;55159004.00
20110124;46.08;47.98;44.28;45.98;988059;45784316.00
20110125;45.01;46.89;45.01;46.32;538877;24888494.00
20110127;46.39;47.52;45.01;47.20;753002;34900900.00
20110128;47.21;48.19;46.80;48.06;483527;22958954.00
20110131;47.75;48.40;47.38;47.82;451649;21616876.00
20110201;47.99;47.99;46.30;46.86;521221;24479972.00
20110209;46.50;46.50;44.58;44.83;552830;25211040.00
20110210;44.96;47.49;44.82;47.41;676156;31393036.00
20110211;47.70;48.46;47.10;48.22;513606;24589860.00
20110214;48.40;49.23;47.90;48.73;580683;28240222.00
20110215;49.38;50.14;48.75;49.35;820245;40474484.00
20110216;49.00;50.95;48.60;50.78;792071;39605328.00
20110217;50.87;52.60;50.80;51.80;1057826;54539572.00
20110218;51.60;51.86;50.00;50.50;545007;27659372.00
20110221;51.60;51.60;50.00;51.49;417802;21380722.00
20110222;51.35;52.20;48.30;48.80;769272;38508816.00
20110223;49.28;52.25;48.50;51.98;837986;42567668.00
20110224;51.63;53.68;50.85;51.88;789182;41325012.00
20110225;51.00;51.00;48.85;50.00;727832;36215300.00
20110228;49.65;50.01;48.81;49.61;534625;26396192.00
20110301;49.61;50.85;49.61;50.01;462201;23203348.00
20110302;49.98;50.22;48.50;49.07;442325;21746820.00
20110303;49.30;50.12;48.60;48.73;554724;27398286.00
20110304;48.70;51.50;48.04;51.45;828257;42150012.00
20110307;51.73;53.40;51.50;52.35;554764;28992822.00
20110308;52.82;54.26;52.07;53.98;653994;34986156.00
20110309;53.90;56.48;53.90;56.30;1040791;57967404.00
20110310;56.30;59.10;55.68;58.00;1049391;60395864.00
20110311;57.70;59.78;54.88;56.90;2594003;149478192.00
20110314;56.01;56.71;54.60;55.30;1176285;65101084.00
20110315;54.99;56.57;54.70;55.68;1025769;56837484.00
20110316;55.69;55.90;54.89;55.18;670200;36945624.00
20110317;54.63;54.82;52.51;52.98;713106;38164820.00
20110318;53.18;53.94;53.16;53.54;305206;16361417.00
20110321;53.57;53.80;52.76;52.92;399508;21210700.00
20110322;53.01;53.25;51.60;52.18;582930;30424964.00
20110323;52.18;54.20;52.05;53.90;495087;26475220.00
20110324;53.90;54.08;53.26;53.28;376392;20196068.00
20110325;53.48;54.45;53.48;53.91;487309;26351024.00
20110328;53.91;54.00;52.18;52.53;458440;24324352.00
20110329;52.22;52.45;49.02;49.45;665697;33477394.00
20110330;49.52;49.95;48.47;49.27;358301;17581278.00
20110401;48.90;49.68;48.20;49.61;406842;19859048.00
20110406;49.60;49.62;48.28;48.50;284733;13852597.00
20110407;48.88;49.31;47.93;48.79;303346;14755346.00
20110408;48.80;49.87;48.60;49.66;277691;13747620.00
20110411;50.12;50.50;49.38;49.70;346848;17276772.00
20110412;49.70;50.14;49.50;49.54;290957;14524639.00
20110413;49.68;50.84;49.51;50.77;330366;16669860.00
20110414;51.63;51.63;49.62;49.66;498937;25069288.00
20110415;22.60;22.60;21.56;21.88;698093;15243315.00
20110418;21.85;21.85;20.91;21.06;672042;14219029.00
20110419;21.00;21.00;19.89;20.46;956464;19569872.00
20110420;20.80;21.00;20.51;20.96;921691;19130970.00
20110421;20.80;20.96;20.20;20.63;776031;15961402.00
20110422;20.63;20.90;20.35;20.62;552637;11354661.00
20110425;20.00;20.35;18.61;18.93;1164566;22728076.00
20110426;18.53;19.29;18.53;18.93;447052;8483197.00
20110427;19.20;19.24;18.03;18.20;419030;7786965.50
20110428;18.38;18.49;16.60;17.02;813760;14250352.00
20110429;17.06;17.29;16.49;17.17;482663;8158522.50
20110503;17.15;18.89;17.09;18.89;1151092;21190156.00
20110504;19.46;20.38;18.99;19.14;2473727;48313904.00
20110505;18.98;19.85;18.32;19.26;1233838;23670152.00
20110506;19.16;19.44;18.73;19.05;674656;12843295.00
20110509;19.18;20.10;18.85;20.00;1254166;24683336.00
20110511;19.96;19.96;19.00;19.88;814510;15926635.00
20110512;19.64;19.94;19.34;19.34;550808;10779116.00
20110513;19.47;19.70;19.17;19.50;544368;10595512.00
20110516;19.57;19.57;19.32;19.40;450995;8760642.00
20110517;19.50;19.90;19.41;19.48;428186;8419366.00
20110518;19.31;19.60;19.16;19.38;497879;9623987.00
20110519;19.54;19.55;18.91;18.96;714647;13741958.00
20110520;18.88;19.21;18.88;18.96;357977;6803884.50
20110523;18.96;18.96;17.93;17.99;985481;17964138.00
20110524;17.72;19.40;17.70;18.79;529236;9812778.00
20110525;18.56;19.45;18.56;18.87;630334;12011502.00
20110526;18.88;19.27;18.61;18.63;212120;3998764.00
20110527;18.63;18.63;18.10;18.36;401394;7364066.00
20110530;18.40;18.75;18.09;18.22;295981;5451528.50
20110531;18.22;18.59;18.14;18.56;197344;3614907.50
20110601;18.62;18.84;18.41;18.60;178894;3332055.25
20110602;18.30;18.59;18.20;18.36;315007;5765729.00
20110603;18.36;18.70;18.25;18.57;153090;2835563.75
20110607;18.42;18.62;18.34;18.61;261034;4830140.50
20110608;18.41;18.85;18.40;18.81;287955;5385848.50
20110609;18.68;19.29;18.68;18.92;508943;9689578.00
20110610;18.74;19.30;18.74;19.27;324357;6157198.00
20110613;19.08;19.88;19.08;19.85;475754;9270582.00
20110614;19.88;20.45;19.88;20.00;514230;10339573.00
20110615;19.84;20.30;19.82;20.06;391539;7841447.50
20110616;19.81;20.15;19.53;19.53;467246;9268754.00
20110617;19.28;20.00;19.28;19.74;630003;12357930.00
20110620;19.54;19.90;19.41;19.76;296337;5852097.50
20110621;19.76;19.87;19.40;19.56;200002;3909558.00
20110622;19.87;19.87;19.40;19.52;201580;3935929.50
20110623;19.52;19.99;19.32;19.89;288586;5691286.50
20110624;19.71;20.35;19.54;20.27;551308;11073351.00
20110627;20.21;20.68;20.08;20.27;412555;8380167.00
20110628;20.20;20.36;19.85;20.05;251688;5044367.50
20110629;20.00;20.08;19.68;19.75;351232;6959374.00
20110701;19.98;20.35;19.86;19.94;282890;5674511.00
20110704;20.16;20.32;19.85;20.30;554848;11138379.00
20110705;20.32;20.38;20.15;20.21;376610;7630957.00
20110706;20.20;20.69;20.00;20.64;532778;10835788.00
20110707;20.60;20.85;20.41;20.59;528277;10881117.00
20110708;20.34;20.60;20.19;20.43;257720;5245954.00
20110711;20.52;20.53;20.38;20.42;272140;5564634.00
20110712;20.25;20.25;19.80;20.19;648773;12971075.00
20110713;19.97;20.46;19.97;20.21;321781;6512779.00
20110714;20.27;20.53;20.08;20.48;510801;10345594.00
20110715;20.40;21.17;20.20;20.90;823793;17092480.00
20110718;20.88;21.08;20.53;20.65;575932;11961436.00
20110719;20.49;20.53;20.09;20.09;490041;9900638.00
20110720;20.32;20.88;20.20;20.31;330452;6786864.00
20110721;20.21;20.30;20.08;20.08;216000;4355795.50
20110722;20.02;20.36;20.02;20.10;240632;4843139.00
20110725;20.13;20.30;19.49;19.63;599090;11830624.00
20110726;19.63;19.63;19.30;19.33;264045;5124514.50
20110727;19.47;19.62;19.27;19.62;185890;3614005.50
20110728;19.64;20.20;19.55;19.95;313153;6243662.00
20110729;20.00;20.00;19.34;19.40;244796;4792558.50
20110801;19.31;19.66;19.10;19.41;141093;2733020.75
20110802;19.21;19.60;19.15;19.60;116416;2249630.50
20110803;19.60;21.56;19.40;21.56;1674238;35495096.00
20110804;21.90;22.16;20.61;20.73;1913565;41136572.00
20110805;19.30;20.33;19.30;20.10;839527;16651688.00
20110808;19.27;19.84;18.61;19.01;720408;13798503.00
20110809;18.51;18.93;18.05;18.66;373012;6909013.00
20110810;18.90;19.28;18.80;19.20;297425;5687586.00
20110811;18.35;20.74;18.35;20.15;720512;14447746.00
20110815;20.25;20.37;19.91;20.25;446664;9001410.00
20110816;20.25;21.55;20.00;20.89;913008;19193548.00
20110817;20.72;20.88;20.18;20.75;457577;9423174.00
20110818;21.03;21.19;20.59;20.61;480782;10011800.00
20110819;20.10;21.20;20.10;21.13;769894;16078047.00
20110822;21.20;22.10;20.91;22.00;1361242;29474400.00
20110823;22.10;22.10;21.40;21.95;761382;16514686.00
20110824;22.00;22.00;21.50;21.50;904285;19576792.00
20110825;21.50;21.67;21.00;21.51;621136;13246355.00
20110826;21.38;21.62;21.30;21.46;421413;9047174.00
20110829;21.50;21.50;21.02;21.32;264389;5620450.50
20110830;21.32;21.52;21.00;21.29;349860;7435258.50
20110831;21.15;21.36;20.80;21.30;229527;4851539.00
20110901;21.40;21.70;21.18;21.30;201791;4308418.00
20110902;21.13;21.30;20.81;21.08;173727;3647015.00
20110905;20.99;21.44;20.41;20.41;260202;5400982.00
20110906;20.67;20.67;19.68;19.70;249215;4988452.50
20110907;19.88;20.14;19.59;20.09;140830;2809137.75
20110908;20.09;20.15;19.78;19.80;137581;2757265.00
20110909;19.83;19.95;19.35;19.49;135860;2661982.75
20110913;19.39;19.39;18.70;18.89;116374;2197680.75
20110914;19.13;19.17;18.80;19.17;159884;3030246.00
20110915;19.11;19.47;18.91;19.21;180220;3454363.50
20110916;19.02;19.36;19.02;19.24;87740;1683988.00
20110919;19.01;19.20;18.78;18.89;115715;2183592.00
20110920;19.07;19.16;18.87;19.08;138470;2624711.00
20110921;19.15;19.54;18.84;19.52;167780;3241047.25
20110922;19.70;19.73;18.73;18.96;185620;3531947.00
20110923;18.56;18.89;18.51;18.60;141400;2630107.00
20110926;18.78;18.82;18.11;18.11;115000;2115014.00
20110927;18.15;18.78;18.02;18.15;92356;1682216.88
20110928;18.35;18.37;17.10;17.50;96100;1717016.50
20110929;17.59;17.59;16.63;16.71;168882;2868951.00
20110930;16.70;16.97;16.70;16.88;48702;818839.94
20111010;16.49;17.48;16.48;16.64;44000;740392.06
20111011;17.20;17.22;16.58;16.77;54752;922268.75
20111012;16.40;17.27;16.40;17.16;133364;2270649.75
20111013;17.16;17.55;17.01;17.36;152124;2645983.50
20111014;17.18;17.35;17.10;17.21;63220;1086930.63
20111017;17.48;17.53;17.10;17.38;121980;2110180.75
20111018;16.88;17.36;16.81;16.92;179300;3045181.50
20111019;17.50;18.60;16.77;17.17;85399;1471479.88
20111020;17.11;17.11;16.01;16.84;122740;2055143.25
20111021;16.97;16.98;16.30;16.37;82421;1358350.50
20111024;16.16;16.70;16.16;16.50;72098;1186424.25
20111025;16.49;16.89;16.26;16.89;294677;4910101.00
20111026;16.53;18.00;16.35;17.89;541249;9424472.00
20111027;17.70;18.25;17.70;18.20;325911;5862036.00
20111028;20.00;20.00;18.31;18.66;444968;8378240.00
20111031;18.33;19.30;18.33;19.30;572039;10901876.00
20111101;19.05;19.20;18.51;18.89;254109;4778054.00
20111102;18.80;18.96;18.31;18.95;340250;6332380.00
20111103;19.20;19.24;18.38;18.85;386868;7337985.00
20111104;19.05;19.09;18.62;18.68;184217;3463274.00
20111107;18.50;18.83;18.50;18.65;169138;3152834.50
20111108;18.61;18.81;18.42;18.43;154491;2875597.00
20111109;18.48;18.77;18.30;18.65;114170;2116457.00
20111110;18.65;19.50;18.28;19.11;909974;17402120.00
20111114;19.25;19.66;19.16;19.37;523870;10130689.00
20111115;19.49;20.03;19.16;20.01;1286158;25169728.00
20111116;20.10;21.09;19.90;20.24;1211522;24657162.00
20111117;20.25;20.96;19.73;20.47;1211788;24613608.00
20111118;20.15;20.38;19.66;19.98;720399;14378125.00
20111121;19.99;20.03;19.66;20.03;338929;6716792.50
20111122;19.90;20.20;19.73;20.19;353288;7062125.00
20111123;20.19;20.30;19.84;20.04;360120;7199842.50
20111124;19.98;20.90;19.85;20.70;718829;14650443.00
20111125;20.80;21.00;20.01;20.35;608089;12408757.00
20111128;20.37;20.49;19.75;20.00;211700;4235118.00
20111129;20.38;21.99;19.81;21.10;1725577;36496484.00
20111130;20.93;21.69;20.25;20.78;1070932;22481082.00
20111201;21.20;21.45;20.77;21.23;854579;18005382.00
20111202;21.21;21.30;20.54;20.92;602960;12557126.00
20111205;20.96;20.96;20.00;20.02;409335;8293396.50
20111206;19.93;20.19;19.25;19.72;439232;8606576.00
20111207;19.98;19.98;19.36;19.51;264182;5156560.50
20111208;19.60;21.46;19.44;21.15;1432503;29672774.00
20111209;20.96;20.99;19.83;20.16;856472;17481558.00
20111212;19.81;20.25;19.61;19.67;221062;4407193.50
20111213;19.60;19.82;18.75;19.34;354281;6819263.00
20111214;19.29;19.29;18.40;18.88;247572;4655385.00
20111215;18.92;18.92;18.20;18.35;178799;3296139.00
20111216;18.57;19.38;18.22;19.30;205488;3856046.75
20111219;19.20;19.20;18.30;19.00;187980;3534234.50
20111220;19.19;19.48;18.66;18.78;149782;2858416.00
20111221;18.90;19.49;18.78;19.18;253844;4858576.00
20111223;18.50;19.08;17.26;18.30;1007591;18065302.00
20111226;17.60;18.26;17.48;18.00;346689;6128655.00
20111227;18.00;18.00;16.20;16.21;703141;11674386.00
20111228;16.26;16.69;14.88;16.39;543482;8537259.00
20111229;16.25;16.25;15.39;15.40;344833;5398889.50
20111230;14.86;15.32;14.35;14.67;1759255;25704642.00
20120104;14.61;14.79;13.31;13.45;1106986;15442413.00
20120105;13.36;13.53;12.92;13.20;778589;10245656.00
20120106;13.03;13.90;13.00;13.36;486725;6466671.00
20120109;13.36;13.84;13.06;13.70;821576;11084690.00
20120110;13.70;14.36;13.60;14.03;1090216;15188209.00
20120111;14.07;14.17;13.87;14.14;836923;11749890.00
20120112;14.13;14.32;13.81;14.05;609030;8560511.00
20120113;13.96;13.96;13.00;13.18;831481;11132514.00
20120116;13.08;13.08;11.86;12.00;1204612;14541742.00
20120117;11.86;12.60;11.60;12.47;1274021;15413026.00
20120118;12.39;12.45;11.70;11.95;799985;9641550.00
20120119;11.86;12.09;11.58;12.03;454575;5424989.00
20120120;12.10;12.40;12.00;12.25;405694;4956762.50
20120130;12.28;12.35;11.95;12.15;478608;5801250.00
20120131;12.15;12.33;12.02;12.16;269310;3267004.75
20120201;12.05;12.60;12.05;12.11;437035;5341516.50
20120202;12.20;12.21;11.90;12.20;370269;4483447.00
20120203;12.10;12.56;12.10;12.50;842112;10463394.00
20120206;12.50;12.89;12.50;12.70;835232;10622488.00
20120207;12.60;12.76;12.39;12.44;600696;7528323.00
20120208;12.51;12.93;12.30;12.81;610286;7757704.00
20120209;12.81;13.79;12.72;13.21;1005476;13309527.00
20120210;13.11;13.37;13.08;13.21;519825;6871657.50
20120213;13.20;13.60;13.02;13.41;648271;8688323.00
20120214;13.39;13.90;13.33;13.79;824880;11318742.00
20120215;13.74;13.74;13.35;13.72;2523883;34209388.00
20120216;13.76;14.17;13.47;13.58;1719421;23594648.00
20120217;13.59;13.65;13.24;13.36;839814;11270692.00
20120220;13.48;13.62;13.36;13.37;952969;12845771.00
20120221;13.37;13.56;13.22;13.55;734597;9877434.00
20120222;13.55;14.12;13.48;14.04;1904758;26392694.00
20120223;14.05;14.78;14.05;14.56;2314732;33420320.00
20120224;14.40;14.57;14.26;14.51;1377483;19858826.00
20120227;14.55;14.73;14.31;14.40;1269058;18359142.00
20120228;14.38;14.38;13.81;14.19;1128558;15862087.00
20120229;13.95;14.05;13.63;13.63;782330;10858112.00
20120301;13.58;13.87;13.53;13.79;545793;7497612.00
20120302;13.79;14.14;13.79;14.04;810575;11289850.00
20120305;14.08;14.35;13.90;13.95;1203035;16938554.00
20120306;13.95;14.16;13.72;13.85;803430;11112430.00
20120307;13.75;13.94;13.43;13.72;852065;11708398.00
20120308;13.75;14.07;13.72;13.96;789282;10974731.00
20120309;14.01;14.20;13.89;14.20;1138067;15998532.00
20120312;14.23;14.37;14.10;14.33;897515;12781029.00
20120313;14.30;14.39;14.15;14.37;1254162;17902498.00
20120314;14.43;14.63;13.01;13.48;1926163;27384662.00
20120315;13.40;13.57;12.77;12.91;1042233;13639779.00
20120316;12.99;13.19;12.90;13.17;526484;6889810.50
20120319;13.05;13.39;13.05;13.36;497731;6599944.50
20120320;13.20;13.45;13.15;13.24;648825;8624940.00
20120321;13.26;13.80;13.06;13.63;1094206;14710236.00
20120322;13.60;13.79;13.50;13.60;621094;8488983.00
20120323;13.51;14.13;13.40;14.00;1230553;17016810.00
20120326;14.00;14.14;13.88;14.08;1230201;17271310.00
20120327;14.08;14.27;13.55;13.80;922898;12858250.00
20120328;13.78;13.78;12.71;12.80;1104678;14364573.00
20120329;12.74;13.00;12.50;12.70;310890;3948484.25
20120330;12.65;13.09;12.58;12.73;365816;4660027.00
20120405;12.70;13.35;12.50;13.20;425908;5537274.00
20120406;12.95;13.37;12.95;13.35;388990;5127512.50
20120409;13.21;13.89;13.10;13.66;647806;8746687.00
20120410;13.66;13.88;13.40;13.80;679283;9260572.00
20120411;13.80;13.80;13.40;13.76;392423;5358023.00
20120412;13.83;14.17;13.65;13.88;792626;10958582.00
20120413;13.88;14.07;13.65;13.89;1010141;13972875.00
20120416;13.73;13.97;13.68;13.88;977307;13542584.00
20120417;13.97;14.08;13.68;13.86;1152151;15996543.00
20120418;13.82;14.39;13.70;14.32;1968768;27768548.00
20120419;14.37;14.37;13.83;13.90;1437648;20232490.00
20120420;13.83;13.95;13.70;13.83;621847;8588957.00
20120423;13.90;13.90;12.47;12.99;1332368;17287024.00
20120424;12.66;13.22;12.66;13.13;749095;9760856.00
20120425;13.13;13.74;12.92;13.74;772053;10382150.00
20120426;13.67;13.99;13.45;13.93;982687;13547384.00
20120427;13.91;14.05;13.73;14.00;676401;9414832.00
20120502;14.15;14.36;13.87;14.33;696981;9832796.00
20120503;14.33;15.09;14.16;14.98;2482127;36561216.00
20120504;14.98;15.08;14.84;14.95;1022013;15303064.00
20120507;14.93;14.95;14.50;14.76;2349181;34499576.00
20120508;14.84;14.84;14.46;14.60;986414;14386578.00
20120509;14.58;14.58;14.20;14.28;751412;10785924.00
20120510;14.21;14.54;14.06;14.14;517213;7395085.50
20120511;14.14;14.37;14.13;14.25;425327;6058679.00
20120514;14.49;14.49;13.60;13.77;608081;8612908.00
20120515;13.68;13.87;13.42;13.84;542502;7390255.00
20120516;13.80;13.89;13.53;13.65;343664;4724489.50
20120517;13.65;13.97;13.52;13.81;226960;3120008.25
20120518;13.80;13.80;13.48;13.52;440767;6011729.00
20120521;13.52;13.68;13.44;13.58;261100;3541594.25
20120522;13.58;13.72;13.58;13.68;242212;3309121.50
20120523;13.66;13.68;13.12;13.23;412315;5492249.50
20120524;13.44;13.73;13.43;13.66;602047;8178568.00
20120525;13.74;13.74;13.58;13.66;530760;7244626.50
20120528;13.66;13.66;13.21;13.60;307899;4147438.50
20120529;13.60;13.81;13.50;13.78;450948;6183833.50
20120530;13.76;13.80;13.67;13.78;321581;4417876.50
20120531;13.77;13.91;13.55;13.80;437688;6008072.50
20120601;13.70;13.75;13.55;13.61;277112;3775743.25
20120604;13.46;13.46;13.15;13.38;403243;5370106.50
20120605;13.40;13.45;13.08;13.19;237010;3124580.25
20120606;13.29;13.31;13.13;13.25;135586;1790641.38
20120607;13.38;13.38;13.02;13.25;234183;3089209.75
20120608;13.25;13.33;13.11;13.33;214270;2839351.00
20120611;13.33;13.59;13.22;13.58;201292;2698369.00
20120612;13.55;13.63;13.47;13.60;297962;4036252.75
20120613;13.69;13.74;13.50;13.73;343956;4703791.50
20120614;13.73;13.85;13.53;13.85;406819;5581854.50
20120615;14.00;14.20;13.72;13.89;1015397;14254984.00
20120618;13.74;13.96;13.52;13.83;587339;8034763.00
20120619;13.63;13.86;13.56;13.60;378148;5169956.00
20120620;13.57;13.67;13.43;13.66;317862;4314942.50
20120621;13.77;13.78;13.30;13.50;269663;3623766.50
20120625;13.50;13.50;13.20;13.44;222570;2964753.75
20120626;13.44;13.50;13.03;13.49;317617;4228901.00
20120627;13.37;13.50;13.30;13.47;217970;2922814.00
20120628;13.50;13.54;13.24;13.43;270622;3623104.00
20120629;13.30;13.57;13.21;13.57;325859;4376429.50
20120702;13.58;13.94;13.58;13.84;411023;5686293.50
20120703;13.83;14.09;13.72;13.82;580649;8063957.00
20120704;13.82;13.94;13.57;13.72;305559;4196736.00
20120705;13.61;13.69;13.35;13.58;166405;2243996.75
20120706;13.83;13.83;13.39;13.67;306462;4142628.25
20120709;13.65;13.66;13.11;13.41;213338;2859415.75
20120710;13.28;13.60;13.12;13.55;243801;3249334.50
20120711;13.41;13.67;13.35;13.56;134274;1813144.50
20120712;13.56;13.84;13.42;13.81;1828761;24987372.00
20120713;13.70;13.70;12.69;12.69;1957187;26181582.00
20120716;12.42;12.50;11.42;11.42;673268;7772153.00
20120717;10.97;10.97;10.28;10.61;1743189;18301932.00
20120718;10.52;10.75;10.22;10.70;929351;9698942.00
20120719;10.62;10.76;10.50;10.69;810838;8641052.00
20120720;10.71;10.71;10.51;10.60;584319;6188022.00
20120723;10.58;10.65;10.50;10.60;301989;3194919.00
20120724;10.59;10.66;10.55;10.62;370980;3938133.75
20120725;10.62;10.68;10.50;10.56;473923;5008014.50
20120726;10.58;10.61;10.39;10.61;716007;7533163.00
20120727;10.67;10.67;10.49;10.58;298157;3140654.50
20120730;10.56;10.58;10.00;10.40;562775;5844158.50
20120731;10.40;10.44;10.32;10.38;312147;3228906.75
20120801;10.37;10.50;10.33;10.48;247213;2583510.75
20120802;10.48;10.50;10.35;10.37;143290;1492397.13
20120803;10.37;10.57;10.27;10.55;668748;6951045.00
20120806;10.51;10.64;10.27;10.60;633260;6673169.50
20120807;10.59;10.89;10.51;10.80;818408;8745582.00
20120808;10.77;10.81;10.61;10.65;319953;3422825.00
20120809;10.65;10.85;10.64;10.84;468313;5034846.00
20120810;10.82;10.83;10.65;10.71;315247;3376910.50
20120813;10.66;10.72;10.55;10.57;436533;4623813.50
20120814;10.57;10.57;10.20;10.53;325375;3379462.50
20120815;10.43;10.46;10.32;10.33;147653;1531748.00
20120816;10.33;10.37;10.30;10.34;129015;1334077.75
20120817;10.34;10.49;10.26;10.42;152331;1583388.38
20120820;10.36;11.25;10.20;11.09;1065144;11640195.00
20120821;11.00;11.31;10.92;11.11;893869;9939830.00
20120822;11.11;11.27;10.95;11.14;642078;7141071.00
20120823;11.27;11.27;11.01;11.16;422600;4697499.00
20120824;11.13;11.25;10.85;11.08;308200;3390131.50
20120827;11.08;11.08;10.34;10.47;342599;3651914.75
20120828;10.47;10.72;10.34;10.56;212867;2234458.50
20120829;10.47;10.70;10.35;10.52;189642;2004106.88
20120830;10.49;10.64;10.20;10.40;249933;2605573.25
20120831;10.35;10.46;10.30;10.44;252170;2610225.25
20120903;10.35;10.57;10.35;10.56;258557;2708501.00
20120904;10.51;10.97;10.38;10.88;711077;7618258.50
20120905;10.88;11.32;10.86;11.28;1148509;12788567.00
20120906;11.38;11.47;11.02;11.32;668099;7486190.00
20120907;11.35;11.66;11.11;11.59;928022;10635745.00
20120910;11.59;12.42;11.40;12.13;1298910;15290786.00
20121010;13.34;13.34;13.34;13.34;56369;751962.44
20121011;14.67;14.67;14.67;14.67;157223;2306461.50
20121012;16.14;16.14;16.14;16.14;702660;11340932.00
20121015;17.18;17.18;15.85;16.18;5428437;89835392.00
20121016;15.95;16.40;15.23;15.63;2962915;46958448.00
20121017;15.63;15.95;15.30;15.90;2043795;31991668.00
20121018;15.65;16.36;15.41;16.29;2884315;45928204.00
20121019;16.02;16.88;15.82;15.82;2632786;42870400.00
20121022;15.35;15.64;15.08;15.32;1949422;29835320.00
20121023;15.35;15.85;15.14;15.85;1949873;30257850.00
20121024;15.65;15.98;15.40;15.80;1997741;31425262.00
20121025;15.60;16.01;15.45;15.80;1384063;21772158.00
20121026;15.80;16.90;15.60;16.65;3737260;61203292.00
20121029;16.50;16.85;16.10;16.63;1996271;32898744.00
20121101;17.40;18.29;16.71;17.42;5820486;102816496.00
20121102;17.00;17.20;16.30;16.80;2623675;44048728.00
20121105;16.40;16.45;15.50;15.52;2104345;33310148.00
20121106;15.52;16.50;15.41;16.05;1750604;27891898.00
20121107;16.05;16.40;15.55;16.24;1402978;22491672.00
20121108;16.16;16.50;15.89;16.23;864198;13957476.00
20121109;16.31;16.31;15.55;15.71;1146969;18121706.00
20121112;15.67;16.10;15.35;15.90;1200340;18864126.00
20121113;15.79;16.44;15.50;15.68;1054561;16780990.00
20121114;15.85;15.96;15.31;15.90;586555;9202385.00
20121115;16.00;16.00;15.56;15.70;536740;8415090.00
20121116;15.70;15.97;15.52;15.86;745823;11774346.00
20121119;15.94;16.08;15.65;16.00;1327708;21166222.00
20121120;15.01;16.88;14.40;16.09;2438547;36251636.00
20121121;15.70;16.17;15.58;15.89;1124545;17825946.00
20121122;15.85;16.18;15.70;15.99;1088324;17385240.00
20121123;16.06;16.29;15.82;15.99;1013767;16265042.00
20121126;15.97;15.97;15.53;15.84;813108;12718686.00
20121127;15.69;15.69;15.34;15.56;256340;3964999.75
20121128;15.76;15.76;15.13;15.35;368068;5640016.00
20121129;15.43;15.45;15.11;15.14;740109;11330347.00
20121130;15.14;15.14;13.63;13.63;1468400;20183260.00
20121203;13.20;14.60;12.62;13.41;1487507;19809358.00
20121204;13.27;13.58;12.30;13.26;1339569;17382776.00
20121205;13.26;13.79;12.90;13.65;1298277;17467930.00
20121206;13.68;13.68;13.04;13.17;933641;12422985.00
20121207;13.14;13.88;12.76;13.39;1532331;20679502.00
20121210;13.50;13.97;13.28;13.73;1792411;24530704.00
20121211;13.78;14.00;13.60;13.92;1764084;24404568.00
20121212;13.96;15.29;13.83;15.06;2266576;32758898.00
20121213;15.06;15.35;14.23;14.58;1740544;25570370.00
20121214;14.57;14.95;14.25;14.70;2983599;43725680.00
20121217;14.64;14.67;14.11;14.21;1388102;19967406.00
20121218;14.21;14.30;14.01;14.03;891059;12630665.00
20121219;14.03;14.32;13.71;14.20;827050;11636008.00
20121220;14.04;14.26;13.88;13.97;384105;5390394.00
20121221;14.07;14.20;13.88;14.05;440780;6168948.00
20121224;14.13;14.49;14.06;14.32;794760;11371291.00
20121225;14.25;14.67;14.20;14.52;938922;13550481.00
20121226;14.60;15.20;14.42;15.04;1816209;26970482.00
20121227;15.35;15.40;14.40;14.41;1599046;23664814.00
20121228;14.69;14.94;14.01;14.56;853166;12443443.00
20121231;14.68;14.68;14.26;14.35;646573;9355545.00
20130104;14.40;14.88;14.35;14.80;751541;10980888.00
20130107;14.80;14.99;14.60;14.82;682937;10066497.00
20130108;14.78;14.96;14.60;14.84;829864;12261991.00
20130109;14.88;14.96;13.88;14.35;1172868;17047118.00
20130110;14.36;14.58;14.04;14.28;912264;13058122.00
20130111;14.22;15.08;14.09;14.45;1758330;25687824.00
20130114;14.21;14.99;14.21;14.90;1516570;22450204.00
20130115;14.96;16.39;14.96;16.39;6020180;97923504.00
20130116;16.16;16.59;16.00;16.28;2269906;36672884.00
20130117;16.41;16.41;15.68;15.68;1475697;23510484.00
20130118;15.69;16.05;15.44;15.89;1041231;16461747.00
20130121;15.89;16.19;15.73;15.90;717661;11443217.00
20130122;15.90;15.90;15.42;15.60;956946;14928056.00
20130123;15.42;15.80;15.41;15.68;434398;6787421.50
20130124;15.69;16.09;15.10;15.63;945887;14826267.00
20130125;15.56;15.98;15.47;15.80;752795;11883263.00
20130128;15.71;16.08;15.71;16.00;959293;15306286.00
20130129;16.05;16.41;15.90;16.18;1246119;20171192.00
20130130;16.12;16.15;15.76;15.80;717675;11394209.00
20130131;15.69;15.98;15.50;15.93;414050;6526111.00
20130201;15.85;16.01;15.75;15.75;358539;5698879.50
20130204;15.69;15.85;15.26;15.70;497793;7721221.00
20130205;15.53;15.75;15.30;15.69;318831;4979047.50
20130206;15.51;15.67;15.41;15.57;278654;4316486.50
20130207;15.61;16.10;15.57;16.00;627301;9971167.00
20130208;16.07;16.38;15.83;16.32;821309;13290598.00
20130218;16.32;16.89;16.17;16.50;773676;12816298.00
20130219;14.88;16.60;14.88;16.18;567279;9119302.00
20130220;16.18;16.95;16.17;16.48;866911;14221934.00
20130221;16.48;16.74;16.06;16.53;945322;15449892.00
20130222;16.50;16.65;16.25;16.51;502646;8253977.50
20130225;16.66;17.09;16.34;17.09;1314703;22062218.00
20130226;17.10;18.28;16.92;17.63;1971569;35030440.00
20130227;17.70;17.95;17.20;17.90;1268137;22496562.00
20130228;17.87;18.36;17.63;18.29;1737133;31437142.00
20130301;19.00;19.98;18.41;18.89;2543309;48603100.00
20130304;18.85;18.93;17.80;18.25;1319887;24459260.00
20130305;18.10;18.88;18.01;18.40;985809;18109114.00
20130306;18.40;18.77;18.08;18.42;1334361;24512818.00
20130307;18.42;18.94;17.35;17.94;1004942;18227700.00
20130308;18.08;18.08;17.44;17.65;530363;9335195.00
20130311;17.72;17.83;17.36;17.72;522528;9155375.00
20130312;17.70;17.70;17.11;17.35;321767;5584962.00
20130313;17.49;18.00;17.11;17.41;515629;9011184.00
20130314;17.37;17.80;17.20;17.37;282386;4908533.50
20130315;17.39;17.50;16.22;17.42;538766;9241882.00
20130318;17.35;17.36;16.29;16.68;534088;8951273.00
20130319;16.75;17.20;16.11;17.00;830994;13867522.00
20130320;16.90;17.67;16.78;17.57;565077;9708744.00
20130321;17.50;17.98;17.22;17.47;707291;12339486.00
20130322;17.47;17.80;17.27;17.52;270710;4718531.00
20130325;17.52;17.76;17.44;17.68;268443;4712107.00
20130326;17.69;18.16;17.61;18.16;1665434;29933796.00
20130327;18.16;18.60;18.02;18.29;2052317;37597416.00
20130328;18.27;18.54;17.80;18.22;1320571;23976576.00
20130329;18.23;18.33;17.82;18.00;675685;12153124.00
20130401;18.00;18.24;17.85;18.15;967164;17458576.00
20130402;18.15;18.77;16.34;16.78;4560706;78775888.00
20130403;17.00;17.00;15.10;15.10;2157790;33553630.00
20130408;14.14;15.20;13.59;15.12;2207679;31379520.00
20130409;14.92;15.12;14.69;14.88;1175352;17554802.00
20130410;14.92;15.03;14.80;14.88;917749;13644995.00
20130411;15.30;15.49;15.03;15.41;1315595;20063324.00
20130412;15.28;15.58;15.11;15.24;654021;10001535.00
20130415;15.25;15.25;14.60;14.91;521500;7754941.50
20130416;14.87;14.90;14.50;14.88;434902;6383075.00
20130417;15.15;16.36;15.00;15.68;1809924;27835322.00
20130418;15.44;15.79;15.03;15.63;1289372;19961666.00
20130419;15.54;15.98;15.46;15.55;1994009;31117382.00
20130507;14.88;15.20;14.62;15.03;3086891;46031544.00
20130508;14.89;15.19;14.46;14.88;2453005;36243216.00
20130509;14.90;15.29;14.61;15.27;1985115;29838880.00
20130510;15.27;15.39;15.09;15.38;1345668;20517898.00
20130513;15.45;15.95;15.38;15.73;1822674;28664548.00
20130514;15.73;15.98;15.64;15.80;1277176;20215094.00
20130515;15.80;16.29;15.65;16.22;1222323;19608010.00
20130516;16.16;16.64;15.91;16.06;1763424;28673334.00
20130517;16.01;16.48;15.99;16.40;1506176;24492150.00
20130520;16.54;17.60;16.25;17.06;2171316;36808136.00
20130521;17.22;17.68;17.08;17.54;1773619;30793438.00
20130522;17.47;17.78;16.93;17.00;2194689;37910932.00
20130523;17.00;17.68;16.70;17.15;1565510;27091962.00
20130524;17.37;18.13;17.22;17.98;2222777;39531772.00
20130527;18.03;18.23;17.65;17.94;1663275;29628996.00
20130528;18.16;18.16;17.00;17.10;1640981;28411998.00
20130529;17.11;17.33;17.04;17.29;638289;10972661.00
20130530;17.48;17.97;17.33;17.73;2333754;41240620.00
20130531;17.78;17.85;17.40;17.68;1203854;21253704.00
20130603;17.68;18.20;17.50;17.68;1292830;23044496.00
20130604;17.67;17.67;16.54;17.03;973830;16568590.00
20130605;16.96;17.10;16.80;17.00;723811;12282749.00
20130606;16.90;17.05;16.61;16.83;627321;10556048.00
20130607;16.95;17.18;16.50;16.95;983602;16669070.00
20130613;16.87;16.87;15.43;16.16;682712;10981781.00
20130614;16.36;16.78;16.13;16.74;773432;12781159.00
20130617;17.00;17.48;16.67;16.67;881800;14935756.00
20130618;16.68;16.80;16.23;16.68;360081;5944561.00
20130619;16.50;16.60;16.28;16.40;412072;6768177.50
20130620;16.43;16.46;15.67;15.72;627568;10061503.00
20130621;7.80;7.80;7.18;7.52;848666;6380106.50
20130624;7.75;7.75;6.92;7.09;1370287;9873833.00
20130715;7.80;7.80;7.42;7.80;8819278;68539568.00
20130716;7.95;8.58;7.77;8.58;19899392;163561792.00
20130717;8.36;8.86;8.21;8.55;15169245;129446216.00
20130718;8.46;9.31;8.39;9.01;14249266;126777488.00
20130719;9.18;9.26;8.55;8.60;11800088;105386776.00
20130722;8.52;8.85;8.22;8.84;8099833;70323960.00
20130723;8.74;8.99;8.60;8.92;8327575;73245304.00
20130724;8.80;8.91;8.60;8.72;7354063;64426352.00
20130725;8.70;8.78;7.85;7.95;8644755;70820872.00
20130726;7.81;8.05;7.55;7.88;4513105;35178008.00
20130729;7.78;8.48;7.70;8.27;6781466;55318488.00
20130730;8.17;8.26;7.60;8.01;3705716;29628646.00
20130731;7.98;8.32;7.91;8.08;3773284;30811616.00
20130801;8.03;8.43;7.95;8.36;7083724;58344752.00
20130802;8.34;9.20;8.31;9.20;9310760;84161248.00
20130805;9.56;9.56;8.90;8.99;16484163;150103072.00
20130806;8.94;9.48;8.78;9.16;15339077;140936816.00
20130807;9.03;9.27;8.61;8.80;10385316;91621816.00
20130808;8.69;8.95;8.67;8.83;5636980;49785504.00
20130809;8.87;9.71;8.71;9.71;23055149;216395024.00
20130812;9.79;9.81;9.13;9.40;19017215;180133728.00
20130813;9.25;9.94;9.24;9.73;17552990;169535824.00
20130814;9.55;9.66;9.30;9.54;10472277;99582136.00
20130815;9.46;10.44;9.43;9.84;15392761;153102736.00
20130816;9.60;10.07;9.27;9.35;12778643;123179608.00
20130819;9.05;9.59;8.96;9.54;6604363;62474008.00
20130820;9.50;9.80;9.42;9.80;8922071;85866744.00
20130821;9.85;9.95;9.60;9.73;6112005;59588556.00
20130822;9.65;9.77;9.42;9.49;5840570;55931336.00
20130823;9.75;9.97;9.52;9.83;13039502;127614424.00
20130826;9.98;10.29;9.65;9.78;9345044;91467368.00
20130827;9.79;9.88;9.40;9.70;7051660;67873160.00
20130828;9.56;9.70;9.24;9.29;6760229;64020376.00
20130829;9.22;9.37;9.12;9.20;4536992;41895076.00
20130830;9.19;9.49;8.56;8.63;6135080;55419740.00
20130902;8.63;9.49;8.63;9.49;2815617;26523100.00
20130903;10.00;10.00;9.21;9.32;10647560;101931832.00
20130904;9.23;9.36;8.94;9.16;6458449;58854652.00
20130905;9.12;9.23;8.95;9.05;4032799;36706276.00
20130906;8.99;9.14;8.85;9.08;4485091;40387996.00
20130909;9.28;9.44;9.00;9.01;5132524;46827408.00
20130910;9.00;9.10;8.66;8.90;5183598;45892688.00
20130911;8.89;8.91;8.20;8.39;6837646;57907704.00
20130912;8.35;8.51;8.31;8.40;2802496;23527816.00
20131210;9.24;9.24;9.24;9.24;398677;3683775.50
20131211;10.16;10.16;9.45;10.16;22656382;224346896.00
20131212;10.18;10.26;9.76;9.85;14964312;149287280.00
20131213;9.85;9.85;9.45;9.47;8982061;86212256.00
20131216;9.42;9.45;8.93;9.01;6921728;63629704.00
20131217;9.10;9.23;8.95;9.08;4413022;40114224.00
20131218;9.08;9.15;8.62;9.00;4385940;38746672.00
20131219;8.92;9.27;8.84;8.94;3850502;34532260.00
20131220;8.90;9.02;8.70;8.75;1970964;17480034.00
20131223;8.72;8.75;8.35;8.45;2524592;21401784.00
20131224;8.43;8.73;8.42;8.54;2371030;20253288.00
20131225;8.50;8.84;8.44;8.81;3368920;29149024.00
20131226;9.02;9.10;8.51;8.54;3745312;33023326.00
20131227;8.33;8.85;8.31;8.71;6185083;52895032.00
20131230;8.72;9.58;8.55;9.58;20296338;189729552.00
20131231;9.30;9.54;8.98;9.01;15854982;146433568.00
20140102;8.97;9.65;8.73;9.29;13471473;123520728.00
20140103;9.43;10.22;9.43;10.22;11887120;118907576.00
20140106;10.65;11.20;10.25;10.90;32720463;350706464.00
20140107;10.74;10.74;10.02;10.47;17616320;183881936.00
20140108;10.38;10.97;10.38;10.55;20148418;215352000.00
20140109;10.40;10.42;9.81;10.00;16315457;164813712.00
20140110;9.89;10.30;9.82;10.10;10043103;101268776.00
20140113;10.06;10.32;9.75;9.83;8428325;84971160.00
20140114;10.19;10.81;10.16;10.81;21509303;229990304.00
20140115;11.35;11.78;11.16;11.44;30441786;348912128.00
20140116;11.46;12.23;11.28;11.51;28071972;330190464.00
20140117;11.21;12.66;11.21;12.66;19466481;233765232.00
20140120;12.78;13.19;12.35;13.14;32942799;422563840.00
20140121;12.80;13.99;12.50;13.47;32999362;435180320.00
20140122;13.32;13.89;12.85;13.18;25152471;332599488.00
20140123;13.01;13.43;12.80;13.25;20235587;266150816.00
20140124;13.00;13.58;12.66;13.40;22822451;298068448.00
20140127;13.24;13.89;12.93;13.10;23320122;313068992.00
20140130;11.81;12.48;11.79;11.79;20714607;248158256.00
20140207;11.84;12.61;11.68;12.30;13021890;158904880.00
20140210;12.42;12.70;12.06;12.44;14982612;185960880.00
20140211;12.47;13.12;12.31;12.85;16000243;204526016.00
20140212;12.68;14.14;12.53;14.14;17551280;234587904.00
20140213;14.50;15.49;13.91;14.21;25828749;378077952.00
20140214;14.22;14.67;13.62;14.54;16754859;239267904.00
20140217;14.57;15.24;14.01;14.76;16792267;246935568.00
20140218;14.45;14.77;14.08;14.24;13658055;195824704.00
20140219;14.50;14.80;13.87;13.99;12737426;181922624.00
20140220;13.81;14.52;13.21;14.23;12693107;176732784.00
20140221;14.05;14.50;13.70;13.95;8476445;119850792.00
20140224;13.75;14.34;13.48;14.26;6651964;93068160.00
20140225;14.30;14.48;12.83;12.83;13054112;178557120.00
20140226;12.41;12.48;11.59;12.20;9434602;114196176.00
20140227;12.00;12.46;11.10;11.38;10165765;120828896.00
20140228;11.28;11.95;11.01;11.82;6627848;76419920.00
20140303;11.85;12.15;11.60;12.10;5225503;61971732.00
20140304;11.95;12.02;11.52;11.81;4776269;56375796.00
20140305;11.85;12.29;11.83;12.04;4790176;57711480.00
20140306;12.15;12.15;11.63;11.86;3606538;42769520.00
20140307;11.80;12.06;11.77;11.82;3329782;39561512.00
20140310;11.71;11.72;11.01;11.01;3372770;38192148.00
20140311;10.99;11.28;10.84;11.04;3302602;36547708.00
20140312;10.96;11.15;10.38;10.78;3443132;37032540.00
20140313;10.65;11.22;10.65;11.21;3641017;39955844.00
20140314;11.17;11.29;11.02;11.18;2267683;25325116.00
20140317;11.20;11.75;11.09;11.64;3776080;43422740.00
20140318;11.57;12.12;11.56;11.79;4761720;56701908.00
20140319;11.69;11.97;11.50;11.76;3513707;41231752.00
20140320;11.71;11.78;10.95;10.95;3820234;43291836.00
20140321;10.74;11.36;10.65;11.20;3135082;34340164.00
20140324;11.20;11.22;10.79;10.85;2717718;29838890.00
20140325;10.86;11.10;10.69;10.98;2354721;25656824.00
20140326;10.88;11.45;10.88;11.38;3847634;43262616.00
20140327;11.25;11.55;10.90;10.92;3076037;34486928.00
20140328;10.71;10.92;9.90;10.11;4558012;47371024.00
20140331;10.27;10.43;9.96;10.14;2052677;20947026.00
20140401;10.25;10.34;10.15;10.30;2256006;23110340.00
20140402;10.28;10.37;9.86;10.01;3048833;30564526.00
20140403;10.01;10.27;9.97;10.08;2310066;23326052.00
20140404;10.08;10.25;9.95;10.25;1931683;19560586.00
20140408;10.15;11.28;10.03;11.28;7814414;85345160.00
20140409;11.20;11.46;11.05;11.45;7890569;89306136.00
20140410;11.44;11.68;11.20;11.33;5795098;66253448.00
20140411;11.30;11.65;11.11;11.55;4968805;56904464.00
20140414;11.50;11.60;11.27;11.33;3138515;35748204.00
20140415;11.30;11.30;11.03;11.14;3298322;36763400.00
20140416;11.09;11.17;10.86;11.15;2339934;25745194.00
20140417;11.10;11.64;11.10;11.42;4067854;46538852.00
20140418;11.33;11.62;11.16;11.42;3099186;35231488.00
20140421;11.16;11.40;11.05;11.09;2361076;26440156.00
20140422;11.03;11.15;10.48;10.75;2947858;32028614.00
20140423;10.68;10.94;10.60;10.63;1922794;20638930.00
20140424;10.48;10.71;10.28;10.42;2337592;24414914.00
20140425;10.47;10.68;10.10;10.10;1977127;20677584.00
20140428;10.00;10.00;9.50;9.52;2668383;25947736.00
20140429;9.51;9.86;9.51;9.73;1808018;17482032.00
20140430;9.82;9.82;9.66;9.73;1835415;17854528.00
20140505;9.75;9.98;9.66;9.94;1997945;19640422.00
20140506;9.95;10.50;9.95;10.28;3414740;34973172.00
20140507;10.10;10.20;9.91;9.95;2371714;23855996.00
20140508;9.98;10.34;9.97;10.12;2443091;24895104.00
20140509;10.18;10.47;10.05;10.38;2407423;24636940.00
20140512;10.48;10.59;10.24;10.46;2631589;27364780.00
20140513;10.44;10.48;10.22;10.28;1661261;17184746.00
20140514;10.37;10.37;10.16;10.26;1040131;10657755.00
20140515;10.20;10.34;9.80;9.80;2184464;21955726.00
20140516;9.79;9.99;9.50;9.96;2096367;20439622.00
20140519;10.00;10.20;9.96;10.14;1656928;16721427.00
20140520;10.10;10.39;10.10;10.13;1953732;20012884.00
20140521;10.02;10.25;9.91;10.25;1457981;14696839.00
20140522;10.23;10.78;10.19;10.43;4114623;43374228.00
20140523;10.30;10.57;10.24;10.50;2111401;21963956.00
20140526;10.54;10.77;10.40;10.70;3214694;34284232.00
20140527;10.81;11.77;10.81;11.77;6926943;81233200.00
20140528;12.48;12.68;11.90;12.31;18149890;221813312.00
20140529;12.21;13.39;11.98;12.80;19971584;250193856.00
20140530;12.50;12.88;12.30;12.49;12593252;157825536.00
20140603;12.88;13.00;12.12;12.19;9510541;117931752.00
20140604;12.00;12.14;11.77;12.12;5966222;71209624.00
20140605;12.00;12.32;11.95;12.23;7229468;87697248.00
20140606;12.08;12.57;12.04;12.35;7109733;87718800.00
20140609;12.31;12.31;11.93;11.93;4923147;59545052.00
20140610;11.84;12.15;11.52;12.12;5740344;68339184.00
20140611;12.12;12.68;11.93;12.40;8689687;107894888.00
20140612;12.28;12.36;12.01;12.13;5409061;65658456.00
20140613;12.12;12.68;12.07;12.29;8574023;106634168.00
20140616;12.10;12.70;12.07;12.59;8637351;108255792.00
20140617;12.57;12.96;12.39;12.63;8422151;106959016.00
20140618;12.61;12.66;12.06;12.20;6430992;78993808.00
20140619;12.13;12.38;11.21;11.42;5241123;61875468.00
20140620;11.35;11.63;11.10;11.53;2840598;32466272.00
20140623;11.70;11.87;11.50;11.70;2559147;30014862.00
20140624;11.55;12.12;11.55;11.84;3453767;41135656.00
20140625;11.81;11.88;11.58;11.82;2834275;33158540.00
20140626;11.84;12.26;11.70;12.12;4606255;55815152.00
20140627;12.15;12.50;12.05;12.27;4221832;51924288.00
20140630;12.28;12.50;12.08;12.33;3971094;48859684.00
20140701;12.46;12.46;12.15;12.22;3413975;41778220.00
20140702;12.26;12.34;11.87;12.09;4568459;55130016.00
20140703;12.06;13.13;11.97;12.92;10172818;127432224.00
20140704;12.95;12.95;12.52;12.65;7057462;89550688.00
20140707;12.60;12.79;12.35;12.73;5812517;73114800.00
20140708;12.51;13.17;12.51;13.17;8001293;103186928.00
20140709;13.02;13.26;12.66;12.66;7467027;96760064.00
20140710;12.70;12.94;12.61;12.70;3782738;48199696.00
20140711;12.66;13.12;12.65;13.10;5719744;74072808.00
20140714;13.22;13.58;13.01;13.47;8321606;109960288.00
20140715;13.65;13.78;12.93;13.11;8077988;108052712.00
20140716;12.93;13.11;12.38;12.60;5985654;75779016.00
20140717;12.53;12.78;12.44;12.73;2367658;29839294.00
20140718;12.70;12.80;12.40;12.41;1949984;24637318.00
20140721;12.42;12.52;11.90;12.11;2982100;36366576.00
20140722;12.13;12.37;11.98;12.32;2603580;31754282.00
20140723;12.34;12.34;12.03;12.12;2612934;31748944.00
20140724;12.16;12.16;11.65;11.82;2622317;31124868.00
20140725;11.92;12.02;11.83;11.95;1547747;18483774.00
20140728;12.05;12.40;11.88;12.29;2994784;36268480.00
20140729;12.26;12.79;12.20;12.69;3676487;45951776.00
20140730;12.60;12.88;12.53;12.78;4016572;50923236.00
20140731;12.90;13.10;12.73;12.87;4108529;52804804.00
20140801;13.20;13.20;12.57;12.70;3748040;48054808.00
20140804;12.73;12.97;12.55;12.81;3725417;47628844.00
20140805;12.96;13.40;12.66;13.08;5496334;71490080.00
20140806;13.07;13.07;12.83;13.01;4190275;54188728.00
20140807;12.98;12.98;12.54;12.54;3359176;42775976.00
20140808;12.50;12.91;12.50;12.75;3472173;44051476.00
20140811;12.72;13.10;12.60;12.94;4957356;63709644.00
20140812;12.99;13.72;12.88;13.32;7521316;100424920.00
20140813;13.30;13.30;12.80;13.00;4632106;60125640.00
20140814;13.00;13.39;12.92;13.31;6831616;90397008.00
20140815;13.90;14.09;13.47;13.91;13034693;179412400.00
20140818;13.77;14.30;13.66;14.10;10119271;141403920.00
20140819;14.08;14.08;13.70;13.81;5824773;80721272.00
20140820;13.89;13.94;13.53;13.61;4444172;61034584.00
20140821;13.67;13.92;13.43;13.92;6644819;90862904.00
20140822;13.90;14.30;13.75;14.11;8497392;119656168.00
20140825;14.30;14.30;13.60;13.60;5399849;74895224.00
20140826;13.79;14.20;13.60;13.67;6620313;92045080.00
20140827;13.51;13.77;13.38;13.50;4986938;67551928.00
20140828;13.52;13.58;13.10;13.45;4427765;58963040.00
20140829;13.40;13.70;13.30;13.60;3425861;46399068.00
20140901;13.60;13.60;12.90;13.30;19711328;260222944.00
20140902;13.23;13.56;13.11;13.52;12719742;169424128.00
20140903;13.42;13.59;13.30;13.48;9773222;131430712.00
20140904;13.20;13.40;13.12;13.31;12786015;169773056.00
20140905;13.31;13.63;13.28;13.44;11176737;150226688.00
20140909;13.55;13.92;13.37;13.85;14312940;196467840.00
20140910;13.77;14.16;13.58;13.97;12346824;171696032.00
20140912;13.28;13.63;13.11;13.54;18446709;246283312.00
20140915;13.40;13.92;13.32;13.86;12610998;171288496.00
20140916;13.85;13.86;12.95;13.00;12288508;165233600.00
20140917;13.10;13.14;12.44;12.70;8711497;110566520.00
20140918;12.68;12.85;12.56;12.73;4814991;61104988.00
20140919;12.70;12.92;12.68;12.87;4275467;54763616.00
20140922;12.83;12.83;12.40;12.58;4331846;54518896.00
20140923;12.50;12.70;12.46;12.61;5832412;73325056.00
20140924;12.63;12.95;12.60;12.91;7578035;97040088.00
20140925;12.85;13.13;12.76;12.80;5375843;69606880.00
20140926;12.82;13.00;12.75;13.00;5074343;65355512.00
20140929;13.09;13.40;12.99;13.28;8796911;116428776.00
20140930;13.31;13.45;13.20;13.40;7037045;94058720.00
20141008;13.34;13.75;13.32;13.71;10892488;148040608.00
20141009;13.75;14.39;13.75;14.35;22919809;323852768.00
20141010;14.35;15.41;14.29;14.98;23069573;343763872.00
20141016;16.48;16.48;15.81;16.48;8828514;144418544.00
20141017;17.00;17.95;16.55;17.35;30941618;531980352.00
20141020;17.35;18.47;17.02;17.97;18430148;326096928.00
20141021;17.69;18.18;17.42;17.48;11690547;207139104.00
20141022;17.31;19.21;17.03;18.40;13166118;238850496.00
20141023;18.00;18.99;17.53;17.65;9035180;163644944.00
20141024;17.99;18.91;17.76;17.99;8664594;158297296.00
20141027;18.00;18.80;17.30;18.78;8648056;157238944.00
20141028;19.20;20.66;19.18;20.66;12298836;248493504.00
20141029;20.89;22.63;20.63;21.20;19309688;410883456.00
20141030;21.21;21.94;20.94;21.74;12183001;261308032.00
20141031;21.47;21.70;19.78;20.29;14064969;287635488.00
20141103;20.00;21.47;19.82;20.98;11849848;245955120.00
20141104;21.46;22.42;20.70;22.40;12446796;268134032.00
20141105;22.34;23.88;21.30;21.55;14444791;325266912.00
20141106;21.03;21.50;20.30;20.86;11478133;238928240.00
20141107;20.85;20.97;20.08;20.60;10780781;221971344.00
20141110;20.72;21.30;19.99;20.11;12101473;250762032.00
20141111;19.95;20.75;19.46;20.55;10251984;205273712.00
20141112;20.68;22.61;20.58;22.61;13989198;305492896.00
20141113;23.72;24.53;23.01;23.10;14940180;353182592.00
20141114;23.00;24.95;22.40;24.43;11934296;281726624.00
20141117;24.40;26.87;24.12;26.49;15484798;404946560.00
20141118;26.00;27.05;25.55;26.88;9166442;240876464.00
20141119;26.50;28.20;25.63;26.00;9252213;248170736.00
20141120;25.50;26.18;25.20;25.70;5987593;154199600.00
20141121;25.70;27.48;25.51;25.92;6397387;170076240.00
20141124;26.50;26.68;25.00;26.09;6267716;162610096.00
20141125;25.71;26.80;25.54;25.75;6481364;168670928.00
20141126;26.05;28.33;26.00;28.24;11920902;328136576.00
20141127;28.15;30.39;27.41;29.95;9858054;286712352.00
20141128;30.00;30.30;29.00;29.82;5445242;160987328.00
20141201;29.00;30.00;27.43;29.35;8428366;243651760.00
20141202;28.36;29.80;28.36;28.70;5048870;146766976.00
20141203;28.75;29.77;28.10;29.10;5792430;167176480.00
20141204;29.12;29.65;28.26;28.73;6381537;183207440.00
20141205;28.73;29.00;26.78;27.89;5799362;161508352.00
20141208;27.70;29.37;26.10;28.44;8717740;243849280.00
20141209;28.40;28.40;25.70;25.72;4484951;121018768.00
20141210;26.00;27.28;25.53;27.11;3661444;97194848.00
20141211;27.17;28.20;26.80;27.65;2711608;74743712.00
20141212;27.68;29.26;26.80;29.17;5109806;143677840.00
20141215;29.23;32.09;29.00;32.09;7415466;231686400.00
20141216;32.89;35.24;31.20;34.40;7485125;250804160.00
20141217;34.09;37.14;33.01;36.10;6202351;219918112.00
20141218;36.78;36.80;35.10;35.85;4014388;143917264.00
20141219;36.00;36.30;32.80;35.02;4741066;161026448.00
20141222;33.75;33.90;31.52;31.52;5651064;179667808.00
20141223;31.00;32.95;29.00;30.33;6104777;186686976.00
20141224;30.10;31.89;30.10;31.50;3197947;99720312.00
20141225;31.82;31.82;29.63;30.83;3600823;109638792.00
20141226;30.25;30.90;29.75;30.49;2351629;71259872.00
20141229;30.50;30.55;27.44;27.44;5125098;146885968.00
20141230;27.20;29.34;27.11;27.81;5549969;157184976.00
20141231;28.15;28.98;27.53;28.61;3225778;91077984.00
20150105;28.50;28.51;25.75;26.35;8071155;210673056.00
20150330;14.41;14.41;14.41;14.41;75168;1083170.88
20150331;15.85;15.85;15.85;15.85;112112;1776975.25
20150401;17.44;17.44;17.44;17.44;16502;287794.88
20150402;19.18;19.18;19.18;19.18;53723;1030407.13
20150403;21.10;21.10;21.10;21.10;3936966;83069984.00
20150407;23.21;23.21;23.20;23.21;9594745;222689248.00
20150408;24.00;25.53;22.88;25.53;59496730;1449221632.00
20150409;26.00;26.25;23.00;25.70;37420096;937678272.00
20150410;24.80;25.49;24.20;24.85;21123972;526499840.00
20150413;24.80;25.88;23.92;25.31;22292562;551700032.00
20150414;24.80;26.00;24.11;24.56;18489956;465165728.00
20150415;24.24;24.24;22.10;22.12;20933793;477775552.00
20150416;21.28;22.17;20.88;21.35;14239022;306597440.00
20150417;21.28;21.80;21.00;21.00;13579969;289775936.00
20150420;20.70;21.40;19.80;19.99;13408032;274242144.00
20150421;20.29;21.34;20.11;21.07;11350328;237010528.00
20150422;21.32;22.78;21.00;21.38;15901315;345323904.00
20150423;21.40;23.52;21.40;23.52;24868656;565816960.00
20150424;23.87;25.16;22.98;23.05;24808298;593285632.00
20150427;23.10;23.68;21.69;21.92;22463450;498786976.00
20150428;22.00;22.00;19.98;20.10;17175864;354535552.00
20150429;20.10;21.00;20.10;20.66;9944714;204884352.00
20150430;21.10;21.10;20.11;20.12;14343421;294107936.00
20150504;20.00;20.18;19.38;19.71;10617799;210085296.00
20150505;19.53;20.79;19.34;20.72;22133651;443650432.00
20150506;20.69;21.60;20.12;20.48;21025865;442224384.00
20150507;19.90;20.18;18.44;18.68;14328522;276486336.00
20150508;19.20;20.55;18.91;20.55;16045888;317175552.00
20150511;21.37;22.61;21.00;22.61;30372031;673163456.00
20150512;23.20;23.40;21.60;22.93;28881875;651906496.00
20150513;22.00;22.88;20.64;22.10;19988825;437907104.00
20150514;21.85;23.31;21.70;23.02;22660005;515006304.00
20150515;22.71;25.00;21.85;24.00;26537493;624453504.00
20150518;23.85;26.40;23.50;26.40;22271435;563279936.00
20150519;27.99;29.04;27.02;29.04;48222958;1384857216.00
20150520;28.60;31.91;28.10;30.29;41601363;1246634880.00
20150521;29.36;31.31;28.98;30.08;28369312;845330176.00
20150522;30.08;31.75;27.55;28.52;28328591;830589376.00
20150525;27.00;28.88;26.60;28.47;17929639;501611200.00
20150526;28.75;30.66;28.73;30.32;20105498;599807232.00
20150527;29.95;33.00;28.73;32.50;23970789;731065920.00
20150528;32.52;34.24;29.25;29.25;21170360;674518784.00
20150529;28.50;32.09;26.73;30.85;22684059;684170752.00
20150601;31.30;33.94;31.20;33.94;17935107;588159040.00
20150602;35.00;36.18;33.00;35.58;23541941;809293184.00
20150603;34.95;35.48;33.00;33.86;17857678;611790912.00
20150604;33.70;33.86;30.47;32.70;18430719;591816960.00
20150605;32.70;33.70;30.50;31.90;23305355;744681024.00
20150608;31.88;31.88;28.71;28.90;22131184;654121984.00
20150609;28.30;30.72;27.97;30.32;16828170;502384576.00
20150610;30.63;33.35;29.85;33.03;22503792;724793152.00
20150618;33.00;34.90;29.75;32.20;22891149;754879808.00
20150619;30.89;31.60;28.98;28.98;10657857;315729376.00
20150623;28.98;31.30;26.20;30.58;15844858;455834272.00
20150624;30.49;33.00;30.46;32.03;17528737;557702656.00
20150625;32.08;33.60;31.60;32.40;16225588;528610240.00
20150626;31.07;32.00;29.16;29.16;11738604;352401664.00
20150629;29.38;30.65;26.24;26.25;14881270;405418496.00
20150630;25.15;28.50;23.63;28.46;18071750;462182720.00
20150701;28.24;29.30;25.61;26.70;14159348;395257504.00
20150702;27.28;27.28;24.03;24.03;9074322;227314096.00
20150703;21.63;23.90;21.63;21.63;9376898;205568208.00
20151214;23.79;23.79;21.00;23.23;22264613;507279648.00
20151215;22.21;24.68;21.22;23.97;14826501;352780032.00
20151216;23.80;24.30;23.45;23.75;10770372;255931792.00
20151217;23.90;24.50;23.60;23.97;11753945;281816960.00
20151218;23.88;25.25;23.80;24.54;14741450;359475680.00
20151221;24.00;24.54;23.00;24.49;10808357;260263664.00
20151222;24.48;24.60;23.90;24.22;7126832;172375296.00
20151223;24.44;24.44;23.30;23.48;7794119;184398400.00
20151224;23.48;24.00;22.60;22.94;7723134;178507408.00
20151225;23.01;23.34;22.64;22.71;6235316;142944624.00
20151228;22.80;23.08;22.60;22.78;6884902;157401056.00
20151229;22.51;22.90;22.31;22.64;4867704;110417712.00
20151230;22.70;24.50;22.67;24.03;14924753;355433664.00
20151231;23.86;24.18;23.10;23.51;9454182;222479200.00
20160104;23.48;23.69;21.16;21.16;5275598;117708928.00
20160105;19.10;20.88;19.04;19.10;9988736;195390112.00
20160106;19.45;19.80;18.88;19.44;6237067;120630776.00
20160107;19.00;19.20;17.50;17.50;1681698;30216250.00
20160108;17.55;18.10;15.76;16.99;9006861;153489616.00
20160111;16.76;16.76;15.29;15.29;7381482;116009224.00
20160112;14.86;15.70;14.24;15.02;7995699;119489144.00
20160113;15.00;15.51;14.21;14.25;6999012;105533512.00
20160114;13.70;15.68;13.26;15.68;10826097;157060272.00
20160115;16.20;16.55;15.34;15.70;16450389;264787200.00
20160118;15.15;16.42;14.81;15.95;15934464;255177168.00
20160119;15.67;16.68;15.15;16.46;15050233;240036880.00
20160120;16.10;16.46;15.35;15.54;15369956;244741216.00
20160121;15.00;15.93;14.00;14.01;14126737;212449504.00
20160122;14.12;14.76;13.74;14.49;10807030;153402320.00
20160125;14.80;15.21;14.56;15.12;10658165;158939296.00
20160126;14.89;14.89;13.61;13.61;10921039;154683536.00
20160127;13.77;13.77;12.31;13.49;16062911;209173792.00
20160128;14.84;14.84;13.80;14.60;41218670;609458368.00
20160129;13.65;15.47;13.55;15.09;41975602;605183424.00
20160201;14.50;15.00;13.65;14.30;24698172;358179008.00
20160202;14.15;15.30;14.01;15.14;22717120;338518464.00
20160203;14.80;15.18;14.21;15.02;21948938;321879584.00
20160204;15.30;15.79;15.10;15.50;25498415;392860288.00
20160205;15.79;16.38;15.48;16.10;28244940;447715104.00
20160215;15.43;16.28;15.21;16.18;19003905;299598720.00
20160216;16.25;17.45;16.25;17.28;28285315;481797472.00
20160217;17.10;18.35;16.77;18.22;31525332;548889920.00
20160218;18.38;18.65;17.63;17.79;27870788;503390944.00
20160219;17.60;18.09;17.52;17.76;18515882;328846848.00
20160222;17.98;18.06;17.60;17.86;17320984;308216064.00
20160223;17.88;18.38;17.49;18.10;20536661;369190048.00
20160224;17.90;18.05;16.81;17.41;19327090;336952224.00
20160225;17.47;17.49;15.67;15.67;18081040;294173792.00
20160226;15.69;15.86;14.20;14.73;15954882;238730592.00
20160229;14.40;14.58;13.26;13.26;11387422;153417056.00
20160301;13.00;13.88;12.20;13.59;18052399;235623280.00
20160302;13.40;14.90;13.21;14.74;20528647;288429088.00
20160303;14.60;15.14;14.44;14.45;19697668;289994432.00
20160304;15.28;15.90;15.00;15.60;50604453;794944192.00
20160307;15.15;16.30;15.12;16.26;44456500;701942336.00
20160308;15.94;16.00;14.63;15.73;33535182;516359136.00
20160309;15.45;16.00;15.02;15.76;27056996;422335552.00
20160310;16.00;17.00;15.88;16.25;44201181;723758976.00
20160311;15.88;16.21;15.55;15.79;24678363;392013376.00
20160314;16.23;17.37;16.00;17.36;40908433;694464064.00
20160315;8.46;8.80;7.91;8.04;78639284;654161344.00
20160316;8.10;8.45;8.00;8.06;64416706;528900096.00
20160317;8.06;8.55;7.90;8.43;73968085;614728448.00
20160318;8.56;9.27;8.32;9.27;89591462;789136064.00
20160321;9.65;10.20;9.32;10.20;105855434;1032737600.00
20160322;10.22;11.22;10.10;11.22;62270710;668270592.00
20160323;11.93;12.34;11.35;11.88;187033811;2227178752.00
20160324;11.70;12.89;11.45;11.95;178950651;2177735168.00
20160325;11.65;11.77;10.88;11.07;124082871;1396813568.00
20160328;11.07;11.25;10.80;10.86;72810768;804508224.00
20160329;10.81;11.33;10.71;11.07;78683055;870529024.00
20160330;11.15;11.79;10.90;11.54;98491182;1105224064.00
20160331;11.39;11.67;11.15;11.22;77557907;881187136.00
20160401;11.06;11.08;10.41;10.57;63190794;674777088.00
20160405;10.74;11.25;10.57;11.00;58439055;638297344.00
20160406;11.08;11.97;10.97;11.49;96583170;1106876416.00
20160407;11.70;11.81;10.90;11.02;71300496;801926016.00
20160408;10.70;10.88;10.50;10.81;41414821;442488768.00
20160411;10.93;11.25;10.90;11.06;40833782;452126208.00
20160412;11.05;11.05;10.61;10.83;31000782;333079328.00
20160413;10.97;11.18;10.84;10.88;44158473;485532128.00
20160414;10.96;11.75;10.72;11.46;68920782;770936128.00
20160415;11.35;11.41;11.08;11.19;44610092;499184256.00
20160418;11.00;11.10;10.80;10.91;26171061;285175168.00
20160419;11.46;11.46;11.11;11.19;59411232;670021504.00
20160420;11.14;11.22;10.11;10.26;53704673;570394368.00
20160421;10.25;10.33;9.90;9.93;30682433;310906080.00
20160422;9.81;10.09;9.73;10.09;20814433;207762752.00
20160425;10.08;10.08;9.69;9.81;19686694;193482896.00
20160426;9.84;10.13;9.84;10.08;22966397;229493232.00
20160427;10.10;10.15;9.95;9.99;21086170;211761184.00
20160428;9.94;10.07;9.55;9.94;21774671;214505024.00
20160429;9.90;9.97;9.75;9.87;14923720;147094672.00
20160503;9.87;10.25;9.77;10.21;28183645;284850720.00
20160504;10.17;10.40;10.11;10.15;29271184;299935136.00
20160505;9.95;10.18;9.95;10.16;22030388;221741856.00
20160506;10.26;10.26;9.60;9.64;29488981;293133696.00
20160509;9.64;9.65;9.10;9.15;23378559;216375488.00
20160510;9.08;9.30;8.99;9.07;16545943;151521296.00
20160511;9.18;9.20;8.84;8.86;15231244;136979728.00
20160512;8.74;8.83;8.40;8.78;15899411;137328416.00
20160513;8.78;9.56;8.71;9.10;32302839;297144832.00
20160516;9.12;9.20;8.96;9.20;18542194;168854544.00
20160517;9.20;9.20;8.96;9.08;22696172;205950624.00
20160518;8.91;8.93;8.55;8.67;20310923;177634992.00
20160519;8.66;8.95;8.66;8.71;17250341;152098400.00
20160520;8.61;9.12;8.50;9.10;31948750;285458048.00
20160523;9.15;9.17;9.05;9.13;21410183;195015296.00
20160524;9.08;9.29;9.07;9.12;24306546;223151744.00
20160525;9.17;9.55;9.03;9.44;40003646;370689440.00
20160526;9.29;9.38;8.90;9.27;30262243;277033056.00
20160527;9.16;9.32;9.08;9.14;18643731;171370096.00
20160530;9.05;9.24;8.90;8.99;17043929;154496720.00
20160531;8.99;9.49;8.99;9.47;36604313;341598400.00
20160601;9.49;9.78;9.41;9.64;39623864;381492832.00
20160602;9.57;10.60;9.56;10.60;114484599;1197991936.00
20160603;10.70;11.06;10.58;10.61;117169514;1262766336.00
20160606;10.93;11.41;10.67;10.78;71915832;787457984.00
20160607;10.76;10.79;10.33;10.60;51347844;541104000.00
20160608;10.50;10.98;10.28;10.80;55935584;595634560.00
20160613;10.65;10.85;9.88;9.92;52808966;552003712.00
20160614;9.73;10.54;9.72;10.48;53030165;540585984.00
20160615;10.37;11.09;10.20;10.97;73500359;798560896.00
20160616;10.90;11.37;10.69;10.86;62779137;690332032.00
20160617;10.87;11.18;10.66;10.96;48411548;528276320.00
20160620;11.20;11.60;11.06;11.17;61074204;690897408.00
20160621;11.35;11.47;10.51;10.67;51025801;557806144.00
20160622;10.56;11.19;10.52;11.12;47496901;517416256.00
20160623;11.05;12.23;11.00;11.75;100687528;1199274624.00
20160624;11.42;12.15;10.86;11.84;100948846;1169101824.00
20160627;11.63;12.28;11.59;12.10;70221599;843511488.00
20160628;12.06;12.23;11.85;12.06;58005697;697815168.00
20160629;12.00;12.21;11.79;11.83;43320234;516577984.00
20160630;11.77;11.91;11.61;11.81;33079014;389154304.00
