20101026;55.00;57.00;52.65;52.87;20863835;1124630912.00
20101027;53.00;53.00;51.11;51.28;7689879;399478592.00
20101028;51.55;53.29;51.53;52.58;5601509;293668928.00
20101029;52.98;56.33;52.52;55.23;8250104;447999552.00
20101101;56.99;59.50;56.10;57.95;8593370;493200384.00
20101102;57.90;58.20;55.32;55.98;7000670;396451296.00
20101103;55.20;56.99;54.33;54.72;4055459;225108320.00
20101104;54.78;55.98;54.70;55.80;2892785;160051296.00
20101105;55.99;57.19;55.37;56.41;3439417;193092576.00
20101108;57.07;60.20;56.70;60.08;5826964;341732896.00
20101109;59.44;62.92;58.98;59.90;5698395;347079936.00
20101110;60.08;62.72;59.51;62.47;3917058;240665296.00
20101111;62.55;64.97;61.65;61.79;3884848;248155472.00
20101112;61.11;63.45;59.01;59.80;3695144;224755088.00
20101116;63.42;64.92;61.00;61.39;5260593;331698720.00
20101117;60.46;62.40;58.14;58.60;3097440;187210144.00
20101118;59.80;60.10;58.01;59.32;2103841;124285432.00
20101119;59.48;62.70;59.48;62.70;2750259;168735712.00
20101122;62.90;66.50;62.90;64.65;3352374;217467552.00
20101123;64.10;65.50;63.08;65.05;3503610;225426224.00
20101124;64.85;67.18;64.52;66.79;2106108;138862048.00
20101125;66.50;66.65;65.17;66.43;2282766;150100128.00
20101126;66.50;67.85;66.01;67.55;1642632;110417256.00
20101129;67.44;67.77;66.06;66.88;1457213;97478152.00
20101130;66.77;66.80;62.71;64.43;2146684;138358848.00
20101201;64.01;65.59;63.66;64.45;785709;50825560.00
20101202;65.30;65.47;62.80;63.90;1247295;79701208.00
20101203;63.63;63.76;62.52;63.35;1031998;65190636.00
20101206;63.50;63.94;60.30;60.66;1112373;68473400.00
20101207;60.52;61.80;59.62;61.61;826584;50457180.00
20101208;61.65;62.20;59.90;60.12;833156;50908484.00
20101209;59.90;61.58;59.15;60.20;678503;40813532.00
20101210;59.90;62.00;59.59;61.84;752342;46165612.00
20101213;62.60;64.49;62.08;63.90;1248505;79168824.00
20101214;63.52;64.77;63.40;64.25;907228;58120328.00
20101215;64.25;64.50;62.82;62.88;737243;47014840.00
20101216;62.70;64.27;62.70;63.30;558417;35566620.00
20101217;67.68;69.63;65.50;68.78;4798320;326096448.00
20101220;68.20;71.05;67.00;70.70;3780874;260411680.00
20101221;70.36;71.25;69.12;69.80;1625210;113640096.00
20101222;70.22;70.70;69.03;69.53;1159850;81063800.00
20101223;69.36;70.00;66.82;67.09;1556208;105858768.00
20101224;66.70;67.19;65.00;65.40;915222;60392740.00
20101227;66.36;67.39;62.80;62.87;1143584;74910128.00
20101228;62.80;63.90;61.68;62.94;843574;52788552.00
20101229;62.94;64.42;62.90;64.33;728887;46394288.00
20101230;64.15;65.17;63.50;64.87;763744;49243432.00
20101231;65.20;66.30;64.51;66.00;764007;50198700.00
20110104;70.95;72.60;70.95;72.60;2123495;153470944.00
20110105;73.80;74.33;71.38;73.01;3196524;233540640.00
20110106;72.48;75.50;72.08;72.99;2345695;174324112.00
20110107;72.56;73.40;69.00;69.61;1636561;116487136.00
20110110;69.43;72.36;68.90;70.00;1465432;103607136.00
20110111;69.90;72.60;69.43;71.64;1308877;93139456.00
20110112;71.66;74.30;70.60;73.28;1316982;95464448.00
20110113;74.29;74.30;70.65;70.87;1040321;74808136.00
20110114;70.49;70.49;66.30;68.03;1720164;116659456.00
20110117;66.94;69.15;64.20;64.80;1529357;101604184.00
20110118;65.00;65.70;63.28;64.69;792251;51259656.00
20110119;64.77;65.65;62.83;65.20;1406030;90627912.00
20110120;65.10;68.87;65.01;66.18;2179695;146542496.00
20110121;65.55;70.25;65.55;69.40;1933543;130666456.00
20110124;69.30;70.63;62.46;62.46;2649528;176278736.00
20110125;61.15;61.94;58.80;60.75;1834126;110353896.00
20110126;58.50;63.30;57.18;62.88;4262205;252002624.00
20110127;61.16;66.50;60.12;65.64;2984945;189286288.00
20110128;65.07;68.39;63.56;68.20;3529822;231447648.00
20110131;62.40;66.66;62.38;64.95;5399201;345766400.00
20110201;64.30;65.00;60.00;62.48;2645629;166511104.00
20110209;61.12;62.88;61.12;61.68;1476453;91426512.00
20110210;61.77;63.76;61.40;63.25;1525204;95529856.00
20110211;63.26;63.82;62.25;62.69;1880950;118198968.00
20110214;62.71;65.88;62.71;65.53;3041262;196947072.00
20110215;65.81;66.60;64.72;65.36;1960299;128676520.00
20110216;65.32;67.42;64.91;66.98;2085378;138922848.00
20110217;67.21;67.79;65.38;66.58;1981421;131291528.00
20110221;65.78;70.59;65.51;69.61;2596087;177052624.00
20110222;69.25;70.48;68.00;68.46;2282031;157727168.00
20110223;68.30;70.65;68.20;69.04;1812520;125939528.00
20110224;69.05;69.05;66.00;66.11;2048511;137326560.00
20110225;66.20;66.20;64.06;64.95;1201213;78183272.00
20110228;64.80;66.58;64.80;66.29;737588;48605348.00
20110301;66.29;66.75;65.60;65.99;907649;60174012.00
20110302;65.60;65.60;63.80;64.40;1086613;69881424.00
20110303;64.41;64.77;62.50;63.01;810968;51427840.00
20110304;63.01;64.08;63.01;63.60;547833;34849496.00
20110307;64.30;65.00;63.60;64.02;863349;55380024.00
20110308;64.35;66.30;64.01;65.95;1083589;71022904.00
20110309;66.70;66.70;65.30;66.24;1087651;71667088.00
20110310;66.25;67.29;66.25;66.71;1041351;69568360.00
20110311;66.77;67.28;66.01;67.14;1624597;108515864.00
20110314;67.66;68.86;67.30;68.03;1793649;122205240.00
20110315;66.12;66.50;62.50;64.32;1640909;105022328.00
20110316;64.01;64.44;63.01;64.19;1190584;75953840.00
20110317;64.38;64.38;62.80;62.89;797997;50514932.00
20110318;63.00;63.78;62.91;63.20;417059;26376100.00
20110321;63.04;63.43;62.34;62.38;731298;45858756.00
20110322;62.30;62.88;61.68;62.35;636471;39449008.00
20110323;62.50;64.43;61.90;64.03;1009372;63922228.00
20110324;64.03;64.15;63.16;63.35;441226;28075766.00
20110325;63.30;63.75;63.01;63.11;558942;35348640.00
20110328;63.11;63.30;60.68;61.70;1303122;80264248.00
20110329;61.00;61.21;59.98;60.48;854857;51499520.00
20110330;60.03;60.29;59.00;59.54;918843;54631788.00
20110401;59.50;60.63;59.50;60.63;494126;29682832.00
20110406;60.10;60.80;58.51;58.70;776372;45939644.00
20110407;59.80;62.60;59.59;62.00;1558518;96146544.00
20110408;61.80;63.13;61.51;62.67;807431;50570984.00
20110411;62.68;63.97;62.41;62.50;794119;50084144.00
20110412;62.56;63.29;62.30;62.50;523207;32765200.00
20110413;62.35;63.20;61.80;63.03;638722;39936048.00
20110414;62.82;63.24;62.10;62.30;605657;37840268.00
20110415;62.33;62.33;60.51;61.40;552422;33915456.00
20110418;61.40;62.86;61.30;62.15;548913;34158964.00
20110419;61.80;62.28;60.82;61.10;755399;46252972.00
20110420;61.90;64.00;61.80;63.28;1264016;79805272.00
20110421;63.68;65.96;63.53;65.16;1964680;127845072.00
20110422;65.16;65.70;64.18;64.88;727054;46979096.00
20110425;64.99;64.99;62.88;62.95;785532;49880920.00
20110426;62.50;63.63;62.20;62.80;612716;38551284.00
20110427;62.87;63.72;61.46;61.61;519344;32356284.00
20110428;62.01;62.50;61.30;61.37;689168;42611100.00
20110429;60.80;61.65;59.00;61.45;672137;40714680.00
20110503;61.40;61.42;60.06;61.42;352787;21481480.00
20110504;60.51;61.38;59.80;60.25;712900;43163312.00
20110505;60.24;61.83;59.70;61.20;401725;24559024.00
20110506;60.71;63.08;60.50;62.58;563273;35102532.00
20110509;62.95;63.22;62.11;62.80;363104;22777590.00
20110510;62.90;63.45;62.46;63.00;448883;28319622.00
20110511;62.81;63.10;62.01;62.82;370024;23176232.00
20110512;62.50;62.66;61.31;61.39;264774;16485251.00
20110513;61.70;61.99;59.68;60.47;687802;41491756.00
20110516;60.36;60.88;60.15;60.22;274264;16571837.00
20110517;60.25;60.98;59.83;60.52;253500;15293573.00
20110518;60.09;60.96;60.09;60.90;178568;10853182.00
20110519;61.05;61.43;60.50;60.51;153050;9311230.00
20110520;60.54;60.57;59.60;59.60;328221;19668098.00
20110523;59.72;59.72;57.91;58.00;617234;36002888.00
20110524;57.36;60.55;57.22;59.18;738136;43253892.00
20110525;58.97;59.34;56.60;56.65;458242;26369986.00
20110526;57.01;57.76;54.95;55.58;604927;33828900.00
20110527;55.96;56.13;53.88;53.90;553519;30124660.00
20110530;53.90;54.98;53.81;54.00;344044;18759004.00
20110531;53.97;55.20;53.33;55.10;410337;22298810.00
20110601;55.09;55.28;54.80;54.99;282895;15558521.00
20110602;54.46;54.79;53.38;53.90;292036;15744840.00
20110603;53.99;56.31;53.99;55.22;938246;52189832.00
20110607;55.00;55.60;54.80;55.33;263932;14589886.00
20110608;55.05;55.97;54.50;55.88;372396;20524676.00
20110609;55.20;56.00;55.00;55.68;354306;19663184.00
20110610;55.33;56.18;55.05;56.18;327460;18219030.00
20110613;55.62;56.46;55.32;56.08;165594;9264592.00
20110614;56.18;57.74;55.86;57.31;513576;29181572.00
20110615;57.04;57.60;56.80;56.80;210442;12010096.00
20110616;56.01;56.78;55.47;55.47;175432;9849780.00
20110617;55.10;56.30;54.73;54.87;151980;8395742.00
20110620;54.75;54.75;54.01;54.45;166437;9058307.00
20110621;54.93;55.66;49.01;49.61;2133890;108134176.00
20110622;49.25;49.99;48.30;49.42;929426;45552760.00
20110623;49.12;50.50;48.30;50.36;844866;41895500.00
20110624;50.19;51.50;49.60;51.22;873838;44333100.00
20110627;51.00;52.19;50.55;51.90;1067340;55188984.00
20110628;51.65;51.91;51.20;51.68;325847;16790828.00
20110629;51.70;52.08;50.70;50.70;459582;23615848.00
20110630;50.70;51.77;50.55;51.45;469535;24109304.00
20110701;51.50;52.50;51.00;52.11;538628;28002778.00
20110704;52.40;53.38;52.19;53.36;689865;36530504.00
20110705;53.36;53.99;53.30;53.78;553949;29695246.00
20110706;53.38;54.80;53.30;54.62;569261;30764024.00
20110707;54.37;57.23;54.37;56.28;993243;55733188.00
20110708;56.02;56.58;55.88;56.02;497023;27899884.00
20110711;56.55;56.90;56.00;56.89;391249;22099920.00
20110712;56.20;58.00;55.83;56.51;719433;41107488.00
20110713;56.59;57.98;56.16;57.55;367023;20964056.00
20110714;57.50;59.07;57.26;59.05;716579;41902516.00
20110715;64.48;64.48;61.21;61.83;3287625;205273664.00
20110718;62.51;66.15;62.51;65.35;2818343;182923248.00
20110719;64.79;65.01;63.70;64.15;1397090;89823280.00
20110720;64.47;65.84;62.28;62.91;1498265;95497192.00
20110721;62.68;63.44;62.00;62.40;1338420;83898008.00
20110722;62.68;63.42;61.77;62.20;1207331;75575648.00
20110725;62.38;62.39;59.10;60.35;1373075;83441168.00
20110726;60.58;61.59;59.66;60.63;624421;38031936.00
20110727;60.80;63.56;60.50;63.33;1434787;89906592.00
20110728;62.53;64.00;62.11;63.90;1037605;65447644.00
20110729;64.35;64.37;62.15;62.22;729285;45949660.00
20110801;62.25;63.49;62.10;62.45;615577;38554532.00
20110802;62.49;62.49;59.31;61.78;877350;53215556.00
20110803;60.60;62.68;60.30;62.09;596799;36900000.00
20110804;62.00;62.20;60.00;60.61;544988;33307580.00
20110805;58.50;60.80;58.01;60.58;859606;51195688.00
20110808;59.92;60.47;57.80;59.35;781234;46172556.00
20110809;58.18;60.97;57.30;60.40;1016233;60409500.00
20110810;61.08;62.54;61.00;61.48;1758475;108698128.00
20110811;59.60;61.65;59.60;61.50;1085530;66009624.00
20110812;62.00;62.67;61.29;61.80;1151584;71266624.00
20110815;61.89;62.60;60.87;62.30;1060225;65492396.00
20110816;62.45;62.45;61.40;62.10;721279;44512348.00
20110817;61.99;61.99;61.27;61.60;529321;32610206.00
20110818;61.50;61.69;59.00;59.80;906440;54340520.00
20110819;58.80;59.46;58.18;58.85;544621;32062608.00
20110822;59.20;59.65;58.20;58.58;416278;24495752.00
20110823;58.58;59.87;58.32;59.86;472395;27987564.00
20110824;60.18;61.05;59.61;60.21;1194316;72177328.00
20110826;60.75;61.27;60.07;60.50;947446;57417428.00
20110829;60.90;62.50;60.73;61.65;1448375;89765552.00
20110830;61.99;61.99;60.21;60.38;1015813;61978416.00
20110831;60.40;60.70;58.80;59.50;652170;38798256.00
20110901;59.60;60.88;59.30;59.97;640020;38448620.00
20110902;59.90;60.30;58.43;59.00;744602;43927804.00
20110905;28.42;28.48;27.16;27.19;1295577;35686828.00
20110906;26.88;27.00;26.05;26.21;884012;23353018.00
20110907;26.30;26.86;25.75;26.49;1131129;29705210.00
20110908;26.60;26.74;26.20;26.49;1150578;30485296.00
20110909;26.10;26.42;25.15;25.54;1097310;28099088.00
20110913;25.23;25.28;24.58;25.15;525965;13131137.00
20110914;25.25;25.63;25.00;25.60;538850;13588562.00
20110915;25.61;25.73;25.35;25.55;647599;16532160.00
20110916;25.59;26.59;25.58;26.30;1913010;50202540.00
20110919;26.30;26.57;25.80;25.81;926705;24269282.00
20110920;25.70;26.35;25.01;26.15;1257177;32433902.00
20110921;25.98;26.95;25.81;26.84;1182288;31322692.00
20110922;26.45;26.84;25.18;25.80;1088692;28418348.00
20110923;25.50;25.64;24.92;25.45;1113682;28076290.00
20110926;25.40;25.40;24.21;24.25;1461079;35989280.00
20110927;24.20;24.70;23.72;24.65;1312373;31745126.00
20110928;24.76;24.80;23.70;24.13;932631;22598494.00
20110929;23.95;23.95;22.96;23.64;809618;18968158.00
20110930;23.48;23.86;22.32;22.90;1308495;29742054.00
20111010;23.11;23.11;21.89;21.90;830170;18418764.00
20111011;22.48;22.50;20.50;21.40;1721924;37208452.00
20111012;21.04;21.90;20.80;21.80;2092999;45330512.00
20111013;22.00;22.18;21.53;21.84;2469470;54159904.00
20111014;21.80;21.97;20.94;21.14;1995177;42379912.00
20111017;21.21;21.89;21.17;21.87;3337043;71548552.00
20111018;21.70;23.10;21.62;22.38;5842221;131603928.00
20111019;22.27;22.40;21.65;21.80;2642195;58013856.00
20111020;21.30;21.56;19.88;20.51;3130173;63644668.00
20111021;20.44;20.44;19.90;20.03;998934;20100244.00
20111024;18.03;20.03;18.03;19.21;3288688;62158648.00
20111025;19.05;20.55;19.05;20.07;3909485;77714280.00
20111026;19.95;20.90;19.90;20.32;3484522;71602848.00
20111027;20.42;20.57;20.09;20.23;2086770;42302472.00
20111028;20.50;21.25;20.22;21.21;3674177;75955232.00
20111031;21.12;21.70;20.90;21.68;3407584;72950584.00
20111101;21.40;22.88;21.28;22.22;4664166;103661912.00
20111102;21.99;23.17;21.66;23.16;4441492;100091392.00
20111103;23.58;24.08;22.82;22.82;5922991;138911952.00
20111104;23.05;23.27;22.50;22.94;2640537;60358636.00
20111107;22.98;23.30;22.65;22.80;1629002;37294652.00
20111108;22.76;22.95;21.80;21.87;3014227;67163600.00
20111109;22.18;22.55;21.75;22.54;2905540;64437516.00
20111110;22.35;24.06;22.18;23.39;6789416;158373888.00
20111111;23.50;24.17;23.03;23.45;4317037;102249584.00
20111114;23.90;24.35;23.60;24.00;3536848;84810744.00
20111115;23.90;24.29;23.69;24.02;2509940;60146712.00
20111117;23.48;23.89;23.01;23.42;4061231;95054096.00
20111118;23.19;23.19;21.90;22.00;4232180;94458272.00
20111121;21.81;22.19;20.90;21.31;2648719;56485988.00
20111122;21.01;21.14;20.58;21.09;2138843;44605512.00
20111123;21.09;21.26;20.81;20.91;1591488;33558428.00
20111124;20.58;21.03;20.30;20.81;2363632;48848444.00
20111125;20.75;21.41;20.70;20.99;2625702;55433372.00
20111128;21.08;21.27;20.60;21.26;1310159;27538860.00
20111129;21.46;22.18;21.36;21.98;3299614;72209824.00
20111130;21.85;21.98;20.16;20.31;3133765;65493660.00
20111201;21.06;21.30;20.62;21.07;2694924;56672052.00
20111202;20.90;20.91;19.93;20.00;1725757;35148084.00
20111205;19.88;20.00;19.01;19.06;1379227;26791824.00
20111206;19.03;19.80;18.62;19.29;890037;17133132.00
20111207;19.49;19.60;19.18;19.45;575020;11158936.00
20111208;19.40;19.95;18.90;19.65;1906642;37033420.00
20111209;19.49;19.77;19.15;19.27;996854;19328784.00
20111212;19.34;19.45;18.80;18.87;917555;17562324.00
20111213;18.70;18.70;18.10;18.18;1218402;22269758.00
20111214;18.20;18.40;17.90;17.90;879542;15970587.00
20111215;17.69;17.72;16.91;17.30;2893444;50021932.00
20111216;17.25;18.18;17.00;18.09;1974946;34739784.00
20111219;17.80;18.21;17.33;18.12;1884779;33497500.00
20111220;18.09;18.44;17.75;17.75;1571334;28450248.00
20111221;17.90;18.09;17.08;17.15;972342;17224876.00
20111222;16.73;17.06;16.23;16.68;1229610;20428504.00
20111223;16.50;17.10;16.50;16.90;986079;16662198.00
20111226;16.99;17.42;16.81;16.89;1152092;19802362.00
20111227;16.62;16.82;16.30;16.36;896182;14801771.00
20111228;16.35;16.37;15.80;16.20;1126183;18128446.00
20111229;16.10;16.38;16.01;16.18;726889;11806367.00
20111230;16.30;16.69;16.18;16.50;2028490;33267402.00
20120104;16.77;16.77;15.45;15.49;1957194;31509176.00
20120105;15.43;15.43;14.41;14.52;2655367;39379092.00
20120106;14.50;14.60;14.01;14.34;2448706;34991196.00
20120109;14.35;15.10;13.98;15.04;2198062;32227504.00
20120110;14.91;15.86;14.90;15.85;3428851;53069304.00
20120111;15.90;16.20;15.59;15.81;3544688;56470880.00
20120112;15.81;16.08;15.63;15.80;2445626;38782416.00
20120113;15.80;15.80;14.22;14.51;4027402;59766480.00
20120116;14.19;14.22;13.72;13.76;2062556;28777756.00
20120117;13.73;14.73;13.52;14.61;2597792;37319580.00
20120118;14.65;14.97;13.94;14.06;2592082;37528856.00
20120119;13.45;13.48;12.65;12.92;14073303;179659344.00
20120120;12.69;13.58;12.62;13.36;7700728;101845672.00
20120130;13.45;13.68;13.22;13.28;4990686;67187688.00
20120131;13.16;13.33;12.72;13.22;4874276;63200776.00
20120201;13.06;13.48;12.95;13.19;4085481;54267904.00
20120202;13.23;13.58;13.12;13.56;4205988;56404192.00
20120203;13.56;14.26;13.46;14.03;6981290;96956456.00
20120206;14.10;14.72;14.01;14.54;9420371;135659904.00
20120207;14.39;14.41;14.01;14.23;4291252;60914580.00
20120208;14.23;14.78;14.08;14.75;4936322;71624720.00
20120209;14.80;15.28;14.65;14.78;5093040;76065520.00
20120210;14.73;15.05;14.66;14.88;3555576;52742500.00
20120213;14.49;15.33;14.49;15.24;5041373;75894024.00
20120214;15.26;15.26;14.91;15.00;3432756;51603392.00
20120215;15.07;15.40;14.70;15.39;5081813;76767216.00
20120216;15.29;15.66;15.06;15.25;5689825;87536944.00
20120217;15.28;15.37;14.82;15.02;3362933;50595328.00
20120220;15.20;15.50;15.08;15.08;4753694;72729232.00
20120221;15.00;15.39;14.72;15.39;4591795;69242968.00
20120222;15.39;16.29;15.35;16.23;9809344;156183040.00
20120223;16.25;16.86;16.03;16.64;11065056;182018448.00
20120224;16.53;16.79;16.27;16.52;6302094;104070784.00
20120227;16.61;16.84;16.33;16.45;6660429;110088624.00
20120228;16.19;16.35;15.65;15.95;6266687;100201944.00
20120229;15.72;15.94;15.46;15.48;4147759;64910784.00
20120301;15.40;16.02;15.40;15.76;4553348;71576768.00
20120302;15.75;16.01;15.71;15.98;3920753;62338524.00
20120305;16.10;16.18;15.73;15.79;4188619;66652800.00
20120306;15.70;15.73;15.28;15.34;4432268;68387296.00
20120307;15.08;15.56;15.01;15.29;3344348;51347296.00
20120308;15.32;15.62;15.23;15.52;4361660;67328360.00
20120309;15.58;16.06;15.44;16.03;6392592;100947032.00
20120312;16.18;16.45;15.92;16.20;5890047;95203304.00
20120313;16.21;16.48;16.06;16.47;5631146;91562368.00
20120314;16.60;16.68;15.25;15.36;7858893;126190496.00
20120315;15.20;15.38;14.57;14.75;5203606;77634448.00
20120316;14.89;15.10;14.60;15.05;3086020;45909408.00
20120319;15.11;15.48;15.04;15.44;3416516;52288212.00
20120320;15.45;15.45;14.70;14.70;3495564;52297056.00
20120321;14.68;14.98;14.52;14.84;2381504;35113808.00
20120322;14.78;14.97;14.66;14.89;1708591;25316670.00
20120323;14.81;14.81;14.40;14.48;2165068;31538708.00
20120326;14.60;14.65;14.02;14.20;1524617;21732872.00
20120327;14.34;14.39;14.10;14.11;1298016;18473102.00
20120328;14.02;14.10;13.15;13.21;2533061;34213028.00
20120329;13.16;13.20;12.73;12.89;1869708;24249230.00
20120330;12.48;12.48;11.60;11.60;8198672;95977384.00
20120405;11.54;11.88;11.28;11.85;4797392;55615900.00
20120406;11.76;11.92;11.71;11.85;3323503;39280712.00
20120409;11.80;11.80;11.46;11.48;3739651;43350324.00
20120410;11.40;11.55;11.12;11.50;2497917;28320064.00
20120411;11.35;11.95;11.30;11.92;3855864;44854716.00
20120412;12.00;12.41;11.99;12.41;5723943;69736504.00
20120413;12.42;12.96;12.40;12.76;5753978;73236440.00
20120416;12.51;12.73;12.32;12.45;2989155;37494400.00
20120417;12.50;12.67;12.23;12.36;2860437;35483288.00
20120418;12.36;13.58;12.34;13.06;7620757;100331600.00
20120419;12.90;13.27;12.74;13.10;4613699;60171064.00
20120420;12.94;13.41;12.90;13.28;5134680;68194816.00
20120423;13.10;13.10;11.95;12.63;7736385;96576152.00
20120424;12.36;12.70;12.08;12.59;4457402;55497924.00
20120425;12.55;12.84;12.20;12.50;3426791;42539992.00
20120426;12.50;12.79;12.40;12.65;4082720;51577164.00
20120427;12.66;12.66;12.06;12.49;2125951;26387498.00
20120502;12.63;12.70;12.20;12.52;2766745;34430480.00
20120503;12.48;13.05;12.40;12.95;3244901;41412660.00
20120504;12.91;13.18;12.82;13.00;3191278;41518816.00
20120507;12.84;13.37;12.83;13.29;4279922;56361424.00
20120508;13.32;13.90;13.20;13.90;5750437;77826064.00
20120509;13.70;13.93;13.25;13.32;4678388;63795944.00
20120510;13.34;13.77;13.12;13.34;2062405;27649300.00
20120511;13.31;13.45;13.08;13.38;2079175;27528952.00
20120514;13.50;13.94;13.30;13.56;3097706;42286192.00
20120515;13.57;14.20;13.48;14.17;4582758;63543056.00
20120516;14.10;15.42;14.01;14.63;6793701;99436088.00
20120517;14.52;14.92;14.30;14.66;4259293;62169740.00
20120518;14.58;14.85;14.23;14.53;2459842;35770020.00
20120521;14.31;14.56;13.90;14.16;2556100;36172804.00
20120522;14.18;14.50;14.11;14.19;1786579;25542414.00
20120523;14.18;14.28;13.60;13.92;2652858;36698196.00
20120524;13.77;13.85;13.21;13.42;2216313;29938654.00
20120525;13.42;13.47;12.35;12.53;3336261;42485628.00
20120528;12.42;12.56;12.05;12.56;1617331;19927216.00
20120529;12.56;13.08;12.56;13.02;2175930;27992280.00
20120530;13.12;13.12;12.78;12.84;1622010;20917086.00
20120531;12.72;13.31;12.71;13.15;1924515;25136374.00
20120601;13.08;13.19;12.96;13.01;1095776;14282871.00
20120604;12.78;13.27;12.41;12.90;2395944;31102540.00
20120605;12.94;13.12;12.68;12.99;1077547;13870646.00
20120606;12.99;13.18;12.80;12.98;811948;10545991.00
20120607;13.13;13.15;12.62;12.75;747826;9637132.00
20120608;12.84;12.88;12.58;12.60;754125;9588136.00
20120611;12.60;12.99;12.50;12.82;1094259;13986805.00
20120612;12.75;12.84;12.58;12.65;852760;10855401.00
20120613;12.67;12.91;12.63;12.90;689874;8829848.00
20120614;12.83;12.99;12.65;12.66;870100;11172425.00
20120615;12.70;12.76;12.07;12.38;1923732;23873904.00
20120618;12.41;12.55;12.28;12.54;1018568;12638902.00
20120619;12.54;12.54;12.36;12.43;809002;10050776.00
20120620;12.46;12.67;12.40;12.52;895431;11261852.00
20120621;12.54;12.88;12.45;12.81;2522514;31944204.00
20120625;12.66;12.75;12.21;12.23;2441356;30486496.00
20120626;12.05;12.18;11.80;12.11;1173715;14099400.00
20120627;12.13;12.56;11.98;12.05;798631;9791656.00
20120628;12.10;12.18;11.33;11.40;2545931;29570136.00
20120629;11.40;11.60;11.19;11.55;1166110;13278089.00
20120702;11.59;11.73;11.46;11.64;939961;10922782.00
20120703;11.64;11.84;11.55;11.62;970531;11361738.00
20120704;11.60;11.82;11.58;11.75;968397;11347196.00
20120705;11.72;11.72;11.30;11.57;885979;10148733.00
20120706;11.73;11.73;11.30;11.69;2174357;25021472.00
20120709;11.61;11.69;11.35;11.51;1624159;18669398.00
20120710;11.60;12.03;11.42;11.75;2822009;33492614.00
20120711;11.75;12.15;11.69;12.11;2360334;28274266.00
20120712;12.11;12.29;11.92;12.12;2415085;29316980.00
20120713;11.98;12.00;11.61;11.70;2022337;23895896.00
20120716;11.79;11.99;11.20;11.86;3539253;41257244.00
20120717;11.84;12.19;11.74;12.13;2563679;30925334.00
20120718;12.15;12.38;11.91;12.20;2163505;26148050.00
20120719;12.30;12.30;11.96;12.17;2596609;31428574.00
20120720;12.18;12.18;11.87;11.98;1460216;17444960.00
20120723;11.72;11.90;11.52;11.81;1102404;12917069.00
20120724;11.79;11.97;11.51;11.81;425843;5029297.50
20120725;11.90;12.09;11.68;12.05;1232504;14719038.00
20120726;12.00;12.15;11.90;12.00;955148;11474416.00
20120727;12.08;12.08;11.70;11.83;726755;8620739.00
20120730;12.07;12.07;11.56;11.61;543737;6379304.50
20120731;11.69;11.69;11.10;11.18;848642;9604347.00
20120801;11.21;11.43;11.11;11.32;563759;6379437.00
20120802;11.30;11.40;11.10;11.13;561067;6282607.50
20120803;11.32;11.39;11.10;11.38;545952;6145861.00
20120806;11.30;11.92;11.29;11.83;893287;10358085.00
20120807;11.87;11.98;11.78;11.90;730840;8674390.00
20120808;11.97;11.97;11.76;11.89;410218;4873852.50
20120809;11.92;12.08;11.81;12.02;1283063;15320822.00
20120810;12.03;12.09;11.80;11.91;750990;8960615.00
20120813;11.87;12.04;11.82;11.86;649309;7733638.00
20120814;11.96;11.96;11.56;11.84;573141;6719369.00
20120815;11.80;11.82;11.50;11.55;764136;8851757.00
20120816;11.50;11.55;11.40;11.47;576200;6613505.00
20120817;11.49;11.69;11.41;11.52;266644;3071468.75
20120820;11.50;11.61;11.32;11.50;559438;6413988.00
20120821;11.57;11.95;11.46;11.90;1189948;14035637.00
20120822;11.90;11.97;11.71;11.80;755695;8960160.00
20120823;11.85;12.98;11.85;12.94;7240109;93291776.00
20120824;12.77;12.95;12.29;12.36;4195057;52970364.00
20120827;12.37;12.48;12.02;12.19;1330592;16243428.00
20120828;12.22;12.78;12.11;12.55;2828513;35554068.00
20120829;12.50;12.92;12.41;12.61;2698274;34372900.00
20120830;12.63;12.93;11.98;12.35;2371540;29492466.00
20120831;12.30;12.49;12.15;12.37;705081;8678144.00
20120903;12.36;12.93;12.21;12.88;2117328;26946950.00
20120904;12.95;13.40;12.77;12.79;2991141;39006472.00
20120905;12.70;13.37;12.62;13.23;3386185;44529244.00
20120906;13.23;13.38;12.87;13.19;3376566;44283268.00
20120907;13.34;13.63;13.07;13.30;3999750;53548216.00
20120910;13.36;13.44;13.05;13.17;3709330;48916152.00
20120911;13.05;13.99;13.05;13.73;5661604;77480904.00
20120912;13.74;14.60;13.61;14.17;7815667;110842232.00
20120913;14.21;14.21;13.47;13.48;4952370;68278096.00
20120914;13.50;13.68;13.20;13.30;2795923;37501844.00
20120917;13.40;13.43;12.91;12.94;2108505;27667068.00
20120918;12.90;13.23;12.77;12.90;1376857;17905206.00
20120919;13.01;13.45;13.01;13.43;2963144;39446876.00
20120920;13.42;13.71;13.27;13.35;3382966;45609892.00
20120921;13.45;13.45;12.33;12.38;2749004;35350100.00
20120924;12.22;12.55;11.79;12.38;1115626;13559274.00
20120925;12.39;12.39;11.88;11.96;834791;10091994.00
20120926;11.95;12.20;11.68;11.70;981433;11660334.00
20120927;11.66;12.35;11.66;11.98;1289940;15567786.00
20120928;11.94;12.22;11.84;12.15;1569430;18895114.00
20121008;12.16;12.22;11.83;11.94;1645952;19658698.00
20121009;11.94;12.52;11.88;12.50;3254367;40017184.00
20121010;12.48;12.75;12.40;12.65;2345200;29501032.00
20121011;12.65;12.70;12.30;12.32;2123865;26564218.00
20121012;12.30;12.48;11.90;12.00;2709798;32789018.00
20121015;10.80;11.06;10.80;10.80;3017800;32634610.00
20121016;10.27;10.43;9.88;10.16;6641434;67383624.00
20121017;10.09;10.25;10.06;10.23;2394106;24316732.00
20121018;10.18;10.36;10.14;10.32;3238969;33184034.00
20121019;10.30;10.30;10.18;10.20;1483644;15189000.00
20121022;10.19;10.39;10.04;10.32;1663298;16979470.00
20121023;10.31;10.35;10.11;10.15;1407062;14387124.00
20121024;10.14;10.15;9.98;10.07;1315780;13226621.00
20121025;10.07;10.14;9.84;9.87;1880114;18735064.00
20121026;9.92;9.93;9.56;9.67;1793030;17381868.00
20121029;9.69;9.71;9.57;9.63;583628;5622181.50
20121030;9.63;9.70;9.51;9.62;1060729;10190135.00
20121031;9.66;9.66;9.00;9.29;3643129;33702172.00
20121101;9.17;9.35;9.14;9.31;3311162;30663828.00
20121102;9.25;9.43;9.25;9.31;1522939;14209147.00
20121105;9.30;9.38;9.24;9.34;1077517;10044488.00
20121106;9.28;9.33;9.02;9.12;1728370;15740009.00
20121107;9.11;9.18;9.06;9.17;921414;8416220.00
20121108;9.10;9.10;8.73;8.73;1191672;10672624.00
20121109;8.78;8.82;8.66;8.77;1194096;10455972.00
20121112;8.81;8.89;8.75;8.83;744337;6564595.50
20121113;8.81;8.83;8.56;8.59;1030264;8938894.00
20121114;8.67;8.67;8.39;8.52;1124991;9574613.00
20121115;8.46;8.52;8.18;8.20;1445890;12096401.00
20121116;8.25;8.25;7.93;7.98;1395037;11217006.00
20121119;8.04;8.15;7.74;8.10;1956359;15736827.00
20121120;8.15;8.27;8.11;8.14;2023393;16571443.00
20121121;8.10;8.23;8.00;8.21;1387973;11269166.00
20121122;8.15;8.18;8.00;8.00;1023543;8273382.00
20121123;8.00;8.11;7.95;8.02;696617;5606168.00
20121126;7.97;8.12;7.97;8.00;770835;6204183.50
20121127;7.95;8.00;7.53;7.55;1395550;10744306.00
20121128;7.48;7.49;7.27;7.45;1262140;9288150.00
20121129;7.46;7.53;7.39;7.40;976771;7279280.00
20121130;7.46;7.55;7.33;7.48;766899;5739637.50
20121203;7.42;7.48;7.23;7.26;1007572;7375102.50
20121204;7.25;7.35;7.01;7.31;940941;6745290.00
20121205;7.30;7.70;7.27;7.65;2149494;16260163.00
20121206;7.61;7.70;7.56;7.62;959690;7310343.00
20121207;7.62;7.83;7.57;7.79;1881323;14568652.00
20121210;7.76;8.07;7.72;8.02;1982613;15691221.00
20121211;8.13;8.13;7.89;7.90;1297457;10333876.00
20121212;7.90;7.95;7.67;7.79;1172428;9117429.00
20121213;7.74;8.09;7.63;7.98;1986584;15767469.00
20121214;7.93;8.25;7.86;8.24;3016108;24477758.00
20121217;8.23;8.23;8.06;8.15;2331293;18946332.00
20121218;8.10;8.46;8.06;8.40;3595795;29823902.00
20121219;8.37;8.39;8.21;8.30;2441225;20230454.00
20121220;8.29;8.37;8.11;8.18;1636397;13437859.00
20121221;8.18;8.35;8.08;8.21;1950930;16006637.00
20121224;8.22;8.74;8.12;8.57;3572200;30081356.00
20121225;8.47;8.70;8.43;8.61;2500509;21454092.00
20121226;8.61;8.81;8.58;8.76;2393578;20820586.00
20121227;8.79;8.81;8.51;8.52;2317939;20002452.00
20121228;8.53;8.64;8.47;8.59;1214386;10387215.00
20121231;8.59;8.85;8.55;8.81;2582843;22373454.00
20130104;8.77;8.81;8.47;8.58;2158890;18576728.00
20130107;8.53;8.69;8.44;8.65;1860619;15938926.00
20130108;8.55;8.93;8.55;8.83;2910753;25525994.00
20130109;8.87;9.45;8.75;9.27;5735477;52535024.00
20130110;9.28;9.40;9.10;9.30;3524517;32623520.00
20130111;9.30;9.60;9.15;9.35;4104354;38610664.00
20130114;9.30;9.75;9.20;9.69;2847390;27266000.00
20130115;9.69;10.08;9.65;9.94;3401580;33638848.00
20130116;9.95;10.04;9.45;9.77;3315638;32096900.00
20130117;9.70;9.70;9.27;9.36;2498974;23631442.00
20130118;9.45;9.49;9.25;9.42;1675657;15737714.00
20130121;9.40;9.85;9.31;9.85;3114526;30024828.00
20130122;9.84;9.84;9.21;9.35;2802858;26696794.00
20130123;9.34;9.41;9.10;9.29;2008691;18606806.00
20130124;9.26;9.41;8.56;8.83;3500505;31318718.00
20130125;8.80;8.89;8.72;8.76;957356;8426632.00
20130128;8.40;8.89;8.35;8.85;3535954;30696788.00
20130129;8.86;9.74;8.86;9.74;8247565;78758032.00
20130130;9.78;9.90;9.38;9.74;7443384;71661120.00
20130131;9.53;9.73;9.42;9.53;3021739;28850066.00
20130201;9.54;9.68;9.45;9.60;3040853;29095790.00
20130204;9.62;9.85;9.51;9.78;4647549;44917668.00
20130205;9.68;9.70;9.25;9.63;3041931;28765904.00
20130206;9.40;9.64;9.34;9.64;3116514;29541366.00
20130207;9.62;9.76;9.42;9.66;2768200;26496172.00
20130208;9.71;10.63;9.67;10.63;5496133;57820404.00
20130218;10.90;11.28;10.82;11.00;8698337;95755696.00
20130219;10.80;10.95;10.47;10.92;4718987;50550128.00
20130220;10.71;11.12;10.61;10.93;3013148;32853716.00
20130221;10.90;11.54;10.81;11.04;5569176;62796376.00
20130222;11.04;11.44;10.70;10.82;3285323;35888672.00
20130225;10.81;10.93;10.67;10.71;1865442;20078596.00
20130226;10.61;10.80;10.30;10.58;2015428;21236120.00
20130227;10.60;10.90;10.36;10.40;2454408;26030472.00
20130228;10.41;10.54;10.20;10.51;3151694;32646604.00
20130301;10.53;10.77;10.42;10.76;2426941;25781668.00
20130304;10.70;10.70;9.90;10.04;3141079;32461320.00
20130305;10.00;10.49;9.94;10.45;1867264;19235506.00
20130306;10.49;11.44;10.45;11.16;5042843;55890744.00
20130307;11.14;11.45;10.85;11.10;3183179;35540948.00
20130308;11.10;11.60;10.98;11.26;2735106;30975348.00
20130311;11.26;11.44;10.88;11.29;2046716;23080402.00
20130312;11.18;11.18;10.42;10.73;2517095;27040498.00
20130313;10.58;10.70;10.21;10.36;1901366;19756678.00
20130314;10.36;10.84;10.29;10.79;2033213;21484022.00
20130315;10.85;11.86;10.83;11.40;6291260;71948784.00
20130318;11.25;12.24;11.16;11.97;7225709;86292776.00
20130319;11.80;12.80;11.71;11.97;6704716;81635936.00
20130320;11.90;12.45;11.70;12.39;3366527;40866780.00
20130321;12.41;12.60;12.10;12.44;2454673;30327516.00
20130322;12.40;12.46;12.13;12.24;2379180;29247776.00
20130325;12.10;12.45;11.82;11.96;1704362;20443392.00
20130326;12.00;13.16;11.91;13.16;4649079;58899580.00
20130327;13.01;13.51;12.80;13.14;4387369;57912676.00
20130328;12.92;13.14;12.60;12.68;3340346;42813788.00
20130329;12.43;13.15;12.43;12.70;3189380;40836980.00
20130401;12.59;13.33;12.37;12.80;2832503;36839968.00
20130402;12.86;12.90;11.72;11.80;3153751;38634040.00
20130403;11.80;12.08;11.30;11.64;2796495;32298794.00
20130408;11.50;12.40;11.12;12.30;3244313;38398764.00
20130409;12.32;12.52;12.05;12.38;2973586;36539892.00
20130410;12.40;12.49;11.69;11.95;2560270;30931594.00
20130411;11.85;12.10;11.70;11.90;1641028;19483370.00
20130412;11.90;12.00;11.38;11.38;1460045;17055260.00
20130415;11.28;11.28;10.88;10.98;1997740;22034130.00
20130416;10.59;11.31;10.50;11.23;1584662;17513586.00
20130417;11.23;11.38;11.12;11.28;2284485;25678730.00
20130418;11.35;11.35;11.03;11.24;1851964;20734042.00
20130419;11.27;11.73;11.23;11.65;2385679;27539622.00
20130422;11.58;12.38;11.50;12.30;4618341;55706484.00
20130423;12.31;12.45;11.86;12.09;3077418;37122716.00
20130424;12.05;12.82;11.95;12.72;3945705;49136864.00
20130425;12.69;12.76;12.21;12.25;3038607;37965524.00
20130426;12.12;12.25;11.52;11.63;2292607;27054524.00
20130502;11.42;12.10;11.42;12.10;1698277;20221214.00
20130503;12.10;12.60;12.03;12.54;2791377;34425048.00
20130506;12.63;13.31;12.55;13.20;5359304;70086920.00
20130507;12.97;13.48;12.88;12.88;4643159;61040048.00
20130508;12.86;13.19;12.56;13.18;3805161;49062544.00
20130509;13.18;13.74;12.95;13.67;7209654;96570256.00
20130510;13.80;13.80;12.98;13.32;3572367;47604888.00
20130513;13.25;13.55;12.86;12.93;4698949;62073924.00
20130514;12.92;13.22;12.83;12.98;2552189;33282606.00
20130515;12.94;13.10;12.62;13.06;3273203;42141452.00
20130516;13.09;13.48;12.60;12.81;6202948;81108600.00
20130517;12.62;13.38;12.32;13.24;5231137;67931976.00
20130520;13.17;13.53;13.08;13.36;5990611;79667920.00
20130521;13.28;13.72;13.06;13.65;15612270;208921616.00
20130522;13.67;14.35;13.50;13.70;15490736;215537776.00
20130523;13.66;14.08;13.01;13.94;9359025;127557120.00
20130524;13.82;14.70;13.78;14.48;8269719;118738488.00
20130527;14.45;14.61;14.06;14.58;4731841;68053064.00
20130528;14.45;14.47;13.28;13.58;7505268;103144800.00
20130529;13.54;13.86;13.35;13.69;3246401;44277808.00
20130530;13.51;13.75;13.39;13.59;3324869;44956056.00
20130531;13.60;13.68;13.37;13.46;3031503;40879100.00
20130603;13.35;13.46;13.08;13.36;2363397;31410412.00
20130604;13.48;13.59;13.20;13.33;3515275;46835548.00
20130605;13.30;13.51;13.13;13.31;1835086;24459658.00
20130606;13.22;13.55;13.22;13.32;1508005;20145912.00
20130607;13.30;13.46;13.04;13.30;2361533;31346984.00
20130613;13.19;13.19;12.62;12.74;1914004;24692662.00
20130614;12.82;13.84;12.80;13.62;2728557;36624960.00
20130617;13.62;14.10;13.41;13.70;3713713;51271372.00
20130618;13.68;13.68;12.88;13.18;3115483;41206384.00
20130619;13.00;13.90;12.81;13.88;3081496;41520064.00
20130620;13.85;14.08;13.00;13.25;3517182;48126084.00
20130621;12.88;13.45;12.00;13.23;2930675;37387504.00
20130624;14.00;14.10;12.39;12.54;3651409;48244520.00
20130625;12.27;13.25;11.85;13.15;5155238;65899648.00
20130626;13.15;13.72;12.91;13.59;4910664;66293352.00
20130627;13.58;14.08;13.14;13.26;4919481;67086996.00
20130628;12.90;13.25;12.01;12.20;4839105;61283408.00
20130701;12.15;12.45;11.90;12.42;2260315;27607796.00
20130702;12.42;12.71;12.35;12.62;2424094;30406874.00
20130703;12.48;12.65;12.01;12.46;2811841;34719292.00
20130704;12.60;12.70;12.40;12.45;1908776;23976424.00
20130705;12.44;12.74;12.05;12.09;2423067;30076422.00
20130708;11.99;11.99;11.20;11.50;1536813;17635910.00
20130909;12.65;12.65;12.65;12.65;176782;2236292.25
20130910;13.92;13.92;13.92;13.92;250700;3489744.00
20130911;15.31;15.31;14.15;14.40;17510201;259045312.00
20130912;14.15;14.56;13.46;13.95;7781660;109041424.00
20130913;13.62;14.04;13.26;13.86;4782890;65500716.00
20130916;13.73;13.86;13.44;13.55;3806846;51894168.00
20130917;13.56;13.62;12.56;12.56;4017237;52387440.00
20130918;12.50;12.66;12.07;12.60;3020612;37188872.00
20130923;12.57;13.11;12.40;13.05;6080514;77367872.00
20130924;13.05;13.06;12.55;12.72;2749714;35148568.00
20130925;12.71;12.91;12.50;12.58;2629410;33358526.00
20130926;12.60;12.81;12.32;12.44;2107868;26628046.00
20130927;12.48;12.70;12.07;12.31;2173995;26894466.00
20130930;12.38;12.45;12.17;12.29;1873900;23025828.00
20131008;12.29;13.07;12.26;12.92;4747656;60236104.00
20131009;13.04;13.15;12.75;13.10;4625979;60019984.00
20131010;13.18;13.18;12.74;12.80;3387523;43802976.00
20131011;12.88;12.94;12.28;12.38;5044455;62935256.00
20131014;12.27;12.28;11.70;12.06;4294951;51186096.00
20131015;12.39;12.55;12.08;12.20;4227744;51817328.00
20131016;12.03;12.18;11.42;11.58;3127631;36759200.00
20131017;11.59;11.87;11.45;11.56;2083076;24126448.00
20131018;11.58;11.74;11.41;11.61;2211903;25593400.00
20131021;11.63;12.05;11.62;11.95;2873826;34236544.00
20131022;11.91;11.96;11.62;11.70;2317755;27278508.00
20131023;11.70;11.74;11.20;11.26;2034018;23229668.00
20131024;11.49;11.49;11.21;11.30;924720;10432235.00
20131025;11.25;11.32;10.52;10.90;2632195;28805086.00
20131028;10.99;10.99;10.38;10.69;2199704;23225672.00
20131029;10.69;10.86;10.12;10.42;1790076;18646958.00
20131030;10.40;10.62;10.37;10.61;1214777;12746005.00
20131031;10.61;10.61;10.42;10.54;805801;8447687.00
20131101;10.49;10.70;10.40;10.64;1116285;11785887.00
20131104;10.70;10.75;10.52;10.64;1450104;15427299.00
20131105;10.60;10.77;10.45;10.74;1285100;13687579.00
20131106;10.69;11.16;10.63;10.96;2642649;28925426.00
20131107;10.84;11.07;10.80;11.05;2211924;24262170.00
20131108;11.12;11.20;10.84;11.02;1673514;18462004.00
20131111;10.94;10.94;10.38;10.63;2207774;23424274.00
20131112;10.77;11.69;10.77;11.35;10654335;123190736.00
20131113;11.27;11.63;11.14;11.15;5988271;68329456.00
20131114;11.05;11.26;10.75;11.13;4975279;54784892.00
20131115;10.70;11.05;10.11;11.04;11710260;124942944.00
20131118;10.82;11.32;10.74;11.23;9114196;100758152.00
20131119;11.22;11.40;11.05;11.39;7182701;80623936.00
20131120;11.31;11.87;11.31;11.76;10877127;126330000.00
20131121;11.73;12.48;11.53;12.38;14024441;170634656.00
20131122;12.58;12.98;12.16;12.62;10880560;136736832.00
20131125;12.45;12.67;12.25;12.33;5100430;63541212.00
20131126;12.33;12.48;12.22;12.34;3596482;44482640.00
20131127;12.34;12.87;12.12;12.79;7456452;94223272.00
20131128;12.89;13.42;12.54;12.58;9898022;128718248.00
20131129;12.45;13.20;12.43;13.10;6854674;87895336.00
20131202;12.40;12.70;11.79;11.79;7731113;94548200.00
20131203;11.53;12.30;11.27;12.12;5178675;60992480.00
20131204;12.11;13.20;12.10;12.86;7938549;100634176.00
20131205;13.00;13.11;12.13;12.29;9288949;116266232.00
20131206;12.07;12.60;11.90;12.46;5267173;64973112.00
20131209;12.26;12.97;12.26;12.68;3907056;49575300.00
20131210;12.54;12.87;12.42;12.72;3156028;40006456.00
20131211;12.60;12.77;12.23;12.46;2851494;35754656.00
20131212;12.39;13.18;12.39;12.90;5657436;73114792.00
20131213;12.83;13.18;12.75;12.97;3639321;47294244.00
20131216;13.01;13.55;12.91;13.49;6721494;89621880.00
20131217;13.40;13.90;13.23;13.27;6348350;85758136.00
20131218;13.27;13.30;12.80;12.92;3572407;46506772.00
20131219;13.03;13.25;12.71;12.72;2514559;32660532.00
20131220;12.60;12.68;12.12;12.24;2429482;30097418.00
20131223;12.24;12.82;11.85;12.71;3707336;46398372.00
20131224;12.71;13.11;12.55;13.05;3340067;43211536.00
20131225;13.05;13.35;13.05;13.24;3025710;39984200.00
20131226;13.20;13.35;12.80;12.82;2695638;35227892.00
20131227;12.70;13.91;12.70;13.69;6036186;81422592.00
20131230;13.80;14.08;13.51;13.87;4877665;67243624.00
20131231;13.76;13.83;13.35;13.55;3052700;41356156.00
20140102;13.42;14.19;13.38;14.13;5606282;78653096.00
20140103;14.02;14.42;13.90;13.95;5068371;71618488.00
20140106;13.85;13.93;13.43;13.49;2788889;38049396.00
20140107;13.32;14.11;13.30;14.09;3068440;42449196.00
20140108;14.09;14.33;13.91;14.08;3346698;47264608.00
20140109;13.98;14.15;13.49;13.49;3180581;44126268.00
20140110;13.45;13.90;13.35;13.67;2136222;29124186.00
20140113;13.60;13.82;13.10;13.28;2242410;30276250.00
20140114;13.32;13.80;13.31;13.74;2698546;36854460.00
20140115;14.18;14.85;14.01;14.34;11861905;169664256.00
20140116;14.36;15.16;14.20;14.80;10552340;156748400.00
20140117;14.60;15.28;14.48;14.68;6786569;101531136.00
20140120;14.66;15.17;14.20;14.38;5947897;86604056.00
20140121;14.26;15.06;14.20;15.04;6207303;90850456.00
20140122;15.00;15.45;14.88;15.09;6419620;97298872.00
20140123;15.10;15.65;14.90;15.36;7146582;109746144.00
20140124;15.25;15.84;15.06;15.56;5558723;86741912.00
20140127;15.47;15.80;15.03;15.11;5018765;77731448.00
20140128;15.11;15.37;14.55;14.91;4513914;67108436.00
20140129;14.88;16.13;14.88;16.11;6384122;100247192.00
20140130;16.10;16.71;15.82;16.14;5480641;89285760.00
20140207;16.02;17.27;15.85;17.05;5059778;84992320.00
20140210;17.07;17.42;16.67;17.14;6671154;113331888.00
20140211;16.95;17.51;16.35;17.14;6553848;111387768.00
20140212;17.22;17.30;16.74;17.17;3447127;58556316.00
20140213;17.05;17.30;16.07;16.30;5866231;97868864.00
20140214;16.15;16.51;16.00;16.50;4921968;80168648.00
20140217;16.49;17.26;16.40;17.22;3989161;67875480.00
20140218;17.30;17.65;16.93;17.11;4814931;83277176.00
20140219;16.97;17.09;16.41;16.81;5735283;95437264.00
20140220;16.81;16.85;16.03;16.41;3961644;64875856.00
20140221;16.58;16.79;16.19;16.58;2483811;40884104.00
20140224;16.46;17.13;16.30;17.13;4548097;76733312.00
20140225;17.13;17.58;15.42;15.55;7200652;117971856.00
20140226;15.28;15.62;14.80;15.35;4801911;72745160.00
20140227;15.29;15.61;14.83;15.10;3811809;57770744.00
20140228;15.01;15.50;14.50;15.50;2692543;40441072.00
20140303;15.51;15.74;15.28;15.60;2083711;32287626.00
20140304;15.55;15.95;15.20;15.94;2815265;44094204.00
20140305;15.95;15.95;15.54;15.74;1836694;28936312.00
20140306;15.66;15.87;15.30;15.42;1660817;25726100.00
20140307;15.48;15.65;15.37;15.60;1698477;26348824.00
20140310;15.60;15.70;14.81;15.30;2077565;31783824.00
20140311;15.20;15.65;14.86;15.56;2422823;37414744.00
20140312;15.70;15.75;15.35;15.67;1900391;29639862.00
20140313;15.72;15.91;15.40;15.62;1459724;22788288.00
20140314;15.60;15.89;15.41;15.69;1214879;19027378.00
20140317;15.70;17.26;15.70;17.26;7088973;119413984.00
20140318;17.20;17.66;17.01;17.57;4892812;85434392.00
20140319;17.56;18.24;17.11;17.65;4516318;80281616.00
20140320;17.51;18.03;17.21;17.43;3949832;69639104.00
20140321;17.25;18.60;17.13;18.50;4699295;84423888.00
20140324;18.55;19.50;18.31;18.51;5248829;99153184.00
20140325;18.20;18.78;18.02;18.23;3191744;58346088.00
20140326;18.11;18.90;18.03;18.86;2793018;52119144.00
20140327;18.86;19.43;18.69;19.19;3594397;68749880.00
20140328;19.71;20.62;17.60;18.40;7473727;142511632.00
20140331;17.65;19.42;17.63;19.42;5815961;109516112.00
20140401;19.60;21.36;19.45;21.15;10413453;217716608.00
20140402;20.93;22.34;20.40;21.75;8754680;187073920.00
20140403;21.30;23.93;21.30;23.93;14628394;342862048.00
20140404;23.95;24.50;22.90;23.53;14700268;348205920.00
20140408;23.25;24.46;22.90;23.90;9008045;214461888.00
20140409;23.94;25.98;23.40;25.77;10452752;256782336.00
20140410;25.49;27.39;24.70;24.80;12852924;331244448.00
20140411;24.70;25.60;24.35;24.47;9125087;227277376.00
20140414;24.22;25.79;24.11;25.10;6289563;157829072.00
20140415;25.10;27.61;25.01;27.61;10693247;286727584.00
20140416;27.61;28.44;27.16;27.80;9291302;257938992.00
20140417;28.08;29.40;27.69;29.24;9437197;269451776.00
20140418;29.01;29.98;27.51;28.71;10679880;307695104.00
20140421;28.35;29.88;26.88;29.18;9023666;255767152.00
20140422;29.46;31.44;28.79;29.44;13881842;420038112.00
20140423;29.30;30.72;28.50;30.72;9114725;271092640.00
20140424;31.03;33.76;30.82;33.58;17002110;549719680.00
20140425;33.58;36.76;32.48;35.72;18390468;640232960.00
20140428;35.20;38.32;35.20;35.50;19838650;725487808.00
20140429;34.91;37.91;33.70;37.91;19368632;687568384.00
20140430;37.50;38.80;37.30;37.50;13469302;512042720.00
20140505;36.60;36.80;33.75;33.75;17385553;608546176.00
20140506;33.34;36.58;33.29;34.98;16573110;581356544.00
20140507;34.00;34.50;32.00;32.93;14226422;472510464.00
20140508;32.62;33.50;31.80;32.10;9845960;321359968.00
20140509;31.68;33.00;31.68;31.92;8723336;281788960.00
20140512;32.20;33.28;32.00;32.59;7772398;252625792.00
20140513;32.59;35.85;32.12;35.85;16335963;560197824.00
20140514;35.30;38.21;35.11;36.41;17559815;647690176.00
20140515;36.40;38.00;34.80;37.00;14339728;525338752.00
20140516;36.30;37.16;34.70;34.70;8894100;318746496.00
20140519;34.00;34.66;31.99;32.78;9905340;327150400.00
20140520;32.82;35.50;32.78;35.14;10611485;364931584.00
20140521;34.65;35.88;34.30;35.00;7007395;245554832.00
20140522;35.02;38.00;35.02;36.69;13294609;491818208.00
20140523;36.90;37.50;36.05;37.30;9364960;345755264.00
20140526;37.68;40.19;37.03;39.81;14746533;575772096.00
20140527;39.50;40.33;38.27;38.63;9744294;382152544.00
20140528;38.70;39.48;38.01;39.34;8911331;345725824.00
20140529;39.34;39.34;35.65;36.02;14499770;532463040.00
20140530;36.08;37.36;34.45;36.50;10182324;364686016.00
20140603;36.11;36.60;35.60;35.72;5224115;188454688.00
20140604;35.80;37.30;35.80;37.30;7955453;292987712.00
20140605;37.39;38.32;36.64;37.38;5544812;207027376.00
20140606;37.33;37.99;36.77;36.99;5189810;194021744.00
20140609;36.70;37.03;35.00;35.82;5380005;193232928.00
20140610;35.66;36.65;35.66;36.35;4634863;167933392.00
20140611;36.30;36.36;35.08;35.70;5996817;212982000.00
20140612;35.50;35.50;33.80;33.87;8498721;292224096.00
20140613;33.65;34.97;33.65;34.30;5674616;196025760.00
20140616;34.04;35.70;34.03;35.28;5611752;197677888.00
20140617;35.40;38.50;35.40;37.90;13405658;500750592.00
20140618;37.60;38.07;35.30;35.65;9238084;336035296.00
20140619;35.00;36.25;34.01;34.34;5793632;203100848.00
20140620;34.64;34.84;33.67;34.80;3261694;112474976.00
20140623;35.00;36.45;34.63;35.99;5794278;206037312.00
20140624;35.72;35.90;34.73;35.48;6031708;212496128.00
20140625;35.25;35.79;34.73;34.89;3284956;115172320.00
20140626;34.90;35.81;34.90;35.23;4679705;165804896.00
20140627;35.00;37.48;34.90;36.52;10182969;371012288.00
20140630;36.80;37.49;36.20;37.20;6739039;248184352.00
20140701;38.60;40.92;38.60;40.92;14865682;596123968.00
20140702;42.90;45.01;41.50;44.25;22953078;992506240.00
20140703;44.00;48.65;43.03;47.40;18386256;845526080.00
20140704;46.89;49.09;45.33;46.65;14508574;682995456.00
20140707;46.98;48.42;46.03;48.06;9356604;442909920.00
20140708;47.32;47.79;45.50;46.50;8596702;401030880.00
20140709;46.00;46.59;44.50;45.20;9325659;422966816.00
20140710;45.68;49.72;44.38;49.72;13516288;644499008.00
20140711;50.01;53.40;49.26;50.24;12891892;661539648.00
20140714;49.80;52.99;49.20;50.13;10644939;544907584.00
20140715;49.30;51.55;48.00;49.75;8166820;405395200.00
20140716;48.97;51.28;48.50;49.06;7525721;375970208.00
20140717;48.00;48.43;44.15;44.15;12768442;575453952.00
20140718;43.00;47.88;43.00;45.96;10707591;494007456.00
20140721;46.09;46.61;45.04;45.23;5337786;243948656.00
20140722;45.13;49.61;45.13;49.45;8929437;425092320.00
20140723;49.00;49.50;47.50;48.74;6760797;327377152.00
20140724;47.95;51.38;44.36;45.61;9361483;455814688.00
20140725;44.98;47.00;44.01;45.57;7275053;333181088.00
20140728;45.72;46.46;43.49;45.20;8459445;377939136.00
20140729;45.19;45.80;44.51;45.57;5899511;267378560.00
20140730;45.91;48.96;45.91;48.41;10200298;489740800.00
20140731;48.01;48.66;47.35;48.10;5910548;282768960.00
20140801;47.86;47.87;46.01;46.23;5150407;240334912.00
20140804;46.38;46.98;45.22;46.87;3778429;175154528.00
20140805;46.60;47.34;45.77;46.86;4297664;200319824.00
20140806;47.20;48.78;47.18;47.26;6771471;324305408.00
20140807;47.01;47.46;46.20;46.23;4181381;195306400.00
20140808;46.24;46.69;45.08;45.66;4119933;188460224.00
20140811;45.67;46.43;45.30;46.06;2934421;134828768.00
20140812;47.58;48.00;46.48;46.80;4216794;198190656.00
20140813;46.60;46.61;45.34;45.70;4521160;206617104.00
20140814;45.39;45.65;44.86;44.90;3574292;161373696.00
20140815;45.14;46.36;45.14;45.70;4497088;206802480.00
20140818;45.88;46.90;45.60;46.89;4378182;202355104.00
20140819;47.00;50.98;46.62;49.56;9386256;456524672.00
20140820;49.46;50.50;48.70;48.90;6826898;339299840.00
20140821;40.50;41.30;39.54;39.82;6539568;263073664.00
20140822;39.80;40.24;38.94;39.40;5144521;202873424.00
20140825;39.35;40.24;39.25;39.62;3947390;157261360.00
20140826;39.41;39.48;37.15;37.73;7197732;273790144.00
20140827;37.52;37.90;37.38;37.73;3047933;114843608.00
20140828;37.73;37.96;36.63;36.69;3596141;133541696.00
20140829;36.64;38.33;36.10;37.81;4795713;180396432.00
20140901;37.80;38.29;37.49;38.10;3836797;145732320.00
20140902;38.10;39.30;38.10;38.88;5488093;213431216.00
20140903;39.10;39.35;38.55;38.85;4824951;187514192.00
20140904;38.80;39.25;38.45;39.19;5039921;195785648.00
20140905;39.30;40.35;39.30;39.71;5802098;231372080.00
20140909;40.01;40.57;39.58;40.08;5007543;200995920.00
20140910;40.01;40.01;39.30;39.57;4127542;163234640.00
20140911;39.60;40.00;39.13;39.15;5134045;202727392.00
20140912;39.28;39.34;38.85;39.28;3712118;144930800.00
20140915;39.30;39.40;38.63;38.87;3911430;151944480.00
20140916;38.76;38.76;37.15;37.22;5761054;218317504.00
20140917;37.39;38.20;36.80;38.13;3091840;116043888.00
20140918;38.13;38.39;37.68;38.08;2215040;84201336.00
20140919;38.09;38.27;37.82;37.99;2088770;79422360.00
20140922;38.00;40.65;37.99;40.00;11042917;439597184.00
20140923;40.00;40.69;39.51;40.40;7660755;307882560.00
20140924;40.40;42.99;40.40;42.65;12356031;523963744.00
20140925;42.87;43.17;41.50;41.82;8597015;363338240.00
20140926;42.00;43.88;41.66;42.41;7472135;320713984.00
20140929;42.35;43.15;42.02;42.04;6037676;255702816.00
20140930;42.06;42.49;41.05;41.46;5986624;249302688.00
20141008;41.40;45.61;41.18;45.58;11416708;499485504.00
20141009;45.00;47.77;44.83;46.13;11192481;519840576.00
20141010;46.36;46.36;44.59;45.06;6896428;311400000.00
20141013;44.90;46.88;43.28;46.50;7058517;317593984.00
20141014;46.50;47.65;45.00;45.62;6573288;304748160.00
20141015;45.95;45.95;44.65;45.28;3788206;170918816.00
20141016;44.68;46.16;43.88;43.88;5961555;269166208.00
20141017;43.66;44.80;42.29;43.89;5099401;222337920.00
20141020;44.28;44.78;43.85;44.57;4034690;179078752.00
20141021;44.58;45.54;44.11;44.74;4267646;191933040.00
20141022;44.80;44.98;42.67;42.69;6304938;274293664.00
20141023;42.58;43.43;41.50;42.61;4509911;191957952.00
20141024;43.00;43.88;40.78;41.20;7778114;327379488.00
20141027;40.20;40.31;38.10;40.30;4963896;196554112.00
20141028;40.49;42.00;40.49;41.89;3841858;158654896.00
20141029;42.10;42.32;41.11;41.57;5679852;236276032.00
20141030;41.69;42.37;41.14;41.30;4452657;185424656.00
20141031;41.70;41.95;40.22;40.49;4506165;184120768.00
20141103;40.31;40.99;39.90;40.40;4565217;183752752.00
20141104;40.40;40.42;39.30;39.50;4379078;173959568.00
20141105;39.50;39.80;38.83;39.08;3167793;123833040.00
20141106;39.08;39.99;39.01;39.99;4330207;172022352.00
20141107;40.20;40.98;39.49;40.95;6530885;262005344.00
20141110;40.90;40.99;40.11;40.49;3733590;151402768.00
20141111;44.54;44.54;43.70;44.54;18849713;838949184.00
20141112;44.35;48.39;43.72;45.90;29463535;1360135936.00
20141113;45.90;46.00;43.45;43.50;16503061;737707328.00
20141114;42.50;45.00;41.50;43.94;12727550;552145728.00
20141117;43.80;44.36;42.40;44.20;7541391;328558848.00
20141118;43.95;44.46;43.02;43.12;6073130;264466112.00
20141119;43.01;43.73;42.50;43.13;5552632;239792240.00
20141120;42.90;44.95;42.60;44.29;9833152;434389280.00
20141121;43.90;44.94;43.83;44.19;6449280;285562592.00
20141124;44.41;44.63;43.36;43.76;6979331;305612704.00
20141125;43.60;44.50;43.47;43.49;7214720;316588288.00
20141126;44.19;44.88;43.60;44.43;9335566;413714240.00
20141127;44.52;44.69;43.67;44.09;7739911;340590592.00
20141128;44.09;44.18;43.11;43.19;7499979;325488224.00
20141201;43.01;43.05;41.92;42.17;7331467;309844256.00
20141202;42.37;42.98;42.37;42.45;4623791;197170544.00
20141203;42.45;43.47;41.40;43.47;8811052;373055008.00
20141204;43.93;43.93;43.06;43.20;6979639;302327968.00
20141205;43.16;43.37;41.41;41.93;7287413;306696992.00
20141208;41.88;42.42;41.40;41.88;5626913;235537696.00
20141209;41.58;41.58;39.00;39.11;8303966;336884416.00
20141210;39.35;41.23;39.31;41.05;5849920;238262112.00
20141211;41.55;42.84;41.10;41.65;5980944;250690000.00
20141212;42.00;42.05;41.21;41.72;3857820;160051696.00
20141215;42.07;43.68;41.76;43.26;9326692;400120448.00
20141216;43.28;43.36;42.15;42.25;6103672;259433872.00
20141217;42.30;42.47;41.02;41.24;4877721;201942368.00
20141218;41.01;41.96;40.80;40.88;3395877;139873088.00
20141219;40.82;40.88;39.42;39.90;4412024;176255776.00
20141222;39.80;39.80;36.01;37.30;5347296;201678976.00
20141223;36.92;38.70;36.92;37.50;3299014;125274224.00
20141224;38.18;39.97;37.48;39.52;7279947;283646112.00
20141225;39.50;40.35;38.77;39.37;4745154;187086336.00
20141226;39.30;39.30;38.78;38.85;3238920;126004568.00
20141229;38.78;38.78;37.57;37.80;3927940;148690192.00
20141230;37.84;38.18;36.50;36.60;3663081;136437696.00
20141231;36.68;37.97;36.68;37.03;3343085;124456880.00
20150105;37.10;37.96;36.50;37.56;3826499;143289936.00
20150106;37.59;39.57;37.03;39.23;5865949;227205456.00
20150107;39.39;39.51;38.28;38.44;3816798;147503616.00
20150108;38.53;39.28;38.46;38.75;3772809;146769504.00
20150109;38.81;39.96;38.81;39.12;5990478;236337104.00
20150112;38.92;38.93;37.70;37.82;4299988;164507856.00
20150113;37.82;38.86;37.70;38.62;3228936;123565728.00
20150114;38.55;39.01;38.25;38.60;2853407;110233032.00
20150115;38.71;39.50;38.69;38.85;2960485;115470216.00
20150116;39.09;39.76;38.63;39.65;5141414;202021488.00
20150119;39.00;41.49;38.00;39.72;8477313;340120320.00
20150120;39.96;41.29;39.71;41.14;6613986;268762912.00
20150121;41.33;41.80;40.28;40.93;6912446;283648832.00
20150122;40.74;41.55;40.65;41.52;5840897;240886960.00
20150123;41.53;41.72;40.14;40.30;5981179;243521840.00
20150126;40.50;41.13;40.19;40.59;4836719;195820368.00
20150127;40.52;40.53;39.31;39.79;4995159;199180608.00
20150128;39.50;40.16;39.30;39.51;4011022;159056576.00
20150129;39.33;40.20;39.13;39.53;2733443;108616096.00
20150130;39.68;39.88;38.73;38.75;2841957;111144800.00
20150202;38.75;39.18;38.38;38.80;1913402;74507456.00
20150203;38.99;39.68;38.82;39.50;3192599;125829304.00
20150204;39.50;39.80;38.45;38.46;4448758;173514656.00
20150205;38.98;38.98;37.98;38.50;4358984;167482320.00
20150206;38.38;38.60;36.98;37.29;3142473;118847888.00
20150209;37.18;37.80;37.00;37.25;1989595;74398528.00
20150210;37.50;37.75;37.13;37.70;2273152;84990400.00
20150211;37.80;39.31;37.80;39.21;4636342;179991408.00
20150212;39.37;39.37;38.61;38.80;2841268;110359736.00
20150213;39.11;39.58;38.81;39.39;3622794;142327024.00
20150216;39.39;40.48;39.35;40.10;5183810;206761536.00
20150217;40.41;40.49;39.72;39.94;3570347;142643024.00
20150225;40.14;41.65;39.99;40.60;6115397;250347488.00
20150226;40.60;40.90;39.68;40.39;4081266;164245776.00
20150227;40.29;41.48;40.29;41.11;5462838;223944592.00
20150302;42.00;42.30;41.00;41.65;7803690;325618464.00
20150303;41.37;42.42;41.00;41.70;7752528;322723232.00
20150304;42.12;42.51;40.60;41.00;9731386;402117856.00
20150305;40.75;40.75;39.77;40.06;7070907;283434720.00
20150306;40.45;40.57;39.58;39.71;4322014;172687264.00
20150309;39.40;40.46;38.66;40.23;4661805;184228928.00
20150310;40.23;40.55;39.86;40.06;3954739;159182400.00
20150311;39.90;39.90;39.32;39.40;3791378;150067552.00
20150312;39.20;39.80;38.88;39.14;3733590;146351088.00
20150313;39.38;42.50;39.38;42.19;13234716;551196672.00
20150316;42.55;44.14;42.01;43.11;13391977;579466624.00
20150317;42.97;43.97;42.31;42.85;10230711;441245216.00
20150318;42.88;43.88;42.50;43.50;9218180;400247616.00
20150319;43.54;45.88;43.16;45.33;14010946;628482752.00
20150320;45.37;46.40;44.00;44.89;10695980;481017696.00
20150323;44.80;46.83;44.80;46.38;11073229;510533664.00
20150324;46.41;50.99;45.45;50.77;17969559;863886080.00
20150325;51.46;55.80;51.46;54.63;17573537;947233408.00
20150326;54.00;54.30;50.50;50.62;14826481;772404352.00
20150327;50.30;52.00;50.02;51.19;6848593;350452384.00
20150330;52.16;52.49;49.57;49.83;8522345;430073632.00
20150331;51.55;54.56;51.38;53.80;13842832;734896192.00
20150401;54.20;58.63;54.20;58.08;15928002;896785600.00
20150402;57.30;59.99;56.60;58.77;12243398;711844800.00
20150403;58.22;58.32;56.35;57.41;11692101;669371264.00
20150407;59.17;63.15;59.17;63.15;18913415;1166815616.00
20150421;39.79;39.79;33.22;34.91;29231444;1029225600.00
20150422;34.54;37.80;34.01;35.82;19907941;714336640.00
20150423;35.32;36.41;34.78;34.99;15742075;556069568.00
20150424;34.30;34.69;32.80;33.76;15778577;533402304.00
20150427;33.31;34.66;33.27;33.80;12332649;417770112.00
20150428;33.30;33.89;31.41;31.41;16284430;523579680.00
20150429;31.40;32.55;30.36;31.83;9083697;287415104.00
20150430;31.85;32.60;31.71;31.90;9407448;301861792.00
20150504;31.60;32.57;31.16;32.15;8174532;261330064.00
20150505;32.10;34.16;31.78;33.43;17967380;598210688.00
20150506;34.25;35.35;34.25;34.56;20239834;704308352.00
20150507;34.99;34.99;32.85;32.92;9719546;325834752.00
20150508;32.94;35.50;32.94;35.12;12624510;430874464.00
20150511;35.96;36.49;35.13;35.93;19192737;690133376.00
20150512;36.14;36.68;35.30;35.72;16227404;581149440.00
20150513;35.80;35.85;34.11;34.67;14104944;493454272.00
20150514;35.20;38.14;35.20;38.14;26122180;983708864.00
20150515;38.94;41.00;37.45;40.45;33719670;1325246848.00
20150518;40.00;44.10;40.00;43.62;25624952;1098432256.00
20150519;43.76;46.54;41.70;45.37;24383015;1064678784.00
20150520;45.48;48.00;44.57;45.20;19821666;923529920.00
20150521;45.60;48.00;44.02;47.70;23546212;1092299264.00
20150522;47.71;48.30;45.40;46.29;22442420;1044575744.00
20150525;46.27;46.27;44.22;45.27;18001488;811978752.00
20150526;45.30;46.89;45.20;46.50;15659076;721161536.00
20150527;47.40;48.44;45.72;47.96;21588377;1015687424.00
20150528;46.81;48.08;43.16;43.29;17750311;820848256.00
20150529;46.30;46.30;43.70;45.80;17375233;788383296.00
20150601;45.51;47.10;44.53;47.10;16245843;750050048.00
20150602;47.88;47.90;46.00;46.80;15106768;707699968.00
20150603;47.00;51.00;44.28;50.50;22947027;1099175040.00
20150604;50.50;51.69;45.45;49.77;22292122;1085671424.00
20150605;50.25;50.78;47.80;48.11;14098313;689647872.00
20150608;47.87;47.87;44.01;44.64;12733008;576951488.00
20150609;44.10;45.89;42.64;43.68;11577064;508410112.00
20150610;43.45;45.17;43.10;44.00;8980883;397369632.00
20150611;44.60;44.60;43.31;43.75;8757453;383913312.00
20150612;44.80;45.88;44.06;44.92;10352878;465849952.00
20150615;44.80;44.80;40.95;41.70;11327089;483807872.00
20150616;41.30;41.30;38.00;38.25;11084633;433307616.00
20150617;38.30;40.45;38.28;39.84;9097129;356464736.00
20150618;39.88;40.50;35.95;36.00;8259755;319556832.00
20150619;35.50;37.26;34.10;34.30;9701447;348035744.00
20150623;34.70;36.15;32.26;35.66;8868560;308043904.00
20150624;36.20;36.49;34.74;35.90;7683993;274360512.00
20150625;36.20;36.40;32.89;33.30;6541530;227514032.00
20150626;32.69;32.69;29.97;29.97;7955621;243959376.00
20150629;30.70;30.88;26.97;26.97;11484375;314750272.00
20150630;24.96;28.45;24.27;27.95;14758738;384177888.00
20150701;27.00;29.04;25.20;25.50;14956540;418586464.00
20150702;24.36;26.22;22.95;22.95;12388352;294989504.00
20151209;25.25;25.25;25.25;25.25;228923;5780306.00
20151210;27.78;27.78;27.78;27.78;100093;2780583.50
20151211;30.56;30.56;29.00;30.56;33648323;1025308480.00
20151214;29.89;31.50;29.00;29.38;31106168;936632768.00
20151215;29.60;30.80;29.40;30.67;24013569;725477888.00
20151216;30.80;31.80;30.30;30.64;20655922;637031616.00
20151217;30.99;33.70;30.00;33.70;29365449;918852864.00
20151218;32.46;34.50;32.32;32.78;26392133;880119616.00
20151221;32.80;33.50;31.78;32.10;15033902;486045728.00
20151222;32.42;32.65;31.56;31.96;10222743;325223328.00
20151223;32.01;33.37;31.75;32.17;15047452;490295296.00
20151224;31.86;32.37;30.51;31.18;9853822;307318400.00
20151225;31.17;31.48;30.68;30.91;6790310;210650336.00
20151228;31.30;31.58;30.09;30.11;9165963;282495904.00
20151229;30.10;30.48;29.89;30.45;6443585;194727584.00
20151230;30.73;31.46;30.47;30.95;9593719;297293888.00
20151231;31.01;31.18;29.93;30.10;8018193;245074176.00
20160104;30.08;30.34;27.09;27.09;7330200;206137632.00
20160105;24.42;26.41;24.38;24.59;12996141;326588064.00
20160106;25.50;26.90;25.21;26.29;12369713;321241216.00
20160107;25.59;25.59;23.66;23.66;3001650;73134176.00
20160108;23.90;24.95;21.58;23.40;10534891;248020320.00
20160111;22.50;22.79;21.06;21.06;10624169;230048288.00
20160112;21.00;21.28;19.00;20.00;11125953;223010176.00
20160113;19.98;20.20;18.00;18.00;12778869;245956688.00
20160114;17.08;19.32;16.35;18.94;18447501;327362400.00
20160115;18.45;18.60;17.20;17.28;14690442;263591920.00
20160118;17.01;19.01;17.00;19.01;10178806;187066624.00
20160119;19.66;20.72;19.03;20.18;26548476;522565504.00
20160120;19.80;21.37;19.50;20.69;24225228;489329216.00
20160121;20.00;21.00;18.98;18.99;18405567;371356000.00
20160122;19.49;19.89;18.20;19.84;16701699;322032576.00
20160125;20.08;20.20;19.48;20.00;13475808;268113104.00
20160126;19.90;19.91;18.00;18.00;11543876;218675328.00
20160127;17.64;18.00;16.25;17.24;15583868;266200688.00
20160128;16.90;17.24;16.28;16.45;12986247;218014064.00
20160129;16.50;18.10;16.40;18.10;14319959;250669936.00
20160201;18.59;18.75;17.48;18.42;17872885;324826464.00
20160202;18.45;19.61;18.22;19.11;16370435;312711520.00
20160203;18.79;19.09;18.21;18.88;12674156;237157072.00
20160204;18.88;19.44;18.80;19.05;15495406;296489568.00
20160205;19.10;19.72;18.70;18.70;13541875;260532112.00
20160215;17.60;18.51;17.35;18.18;11172300;200512928.00
20160216;18.56;20.00;18.40;20.00;20195483;393205760.00
20160217;20.20;20.68;19.60;20.49;25702560;516773952.00
20160218;20.85;20.85;19.86;20.07;19869144;401961792.00
20160219;19.88;20.86;19.72;20.55;18764600;382829120.00
20160222;21.00;21.20;20.55;21.01;19604562;409133376.00
20160223;20.98;20.99;19.90;20.48;15480582;316086880.00
20160224;20.38;20.84;19.56;20.28;16430304;330798272.00
20160225;20.24;20.33;18.25;18.25;15509996;296448832.00
20160226;18.20;18.34;16.90;17.42;15125493;266422512.00
20160229;17.10;17.17;15.68;15.68;12529024;199508480.00
20160301;15.40;16.39;14.70;15.99;13103643;204763872.00
20160302;15.85;16.95;15.52;16.86;15384847;249299888.00
20160303;16.79;17.75;16.61;16.74;16449773;281322752.00
20160304;16.50;16.70;15.18;15.20;15950970;254143632.00
20160307;15.52;16.30;15.52;15.69;10779572;170678688.00
20160308;15.68;16.49;14.45;16.49;15650785;243787616.00
20160309;16.00;16.39;15.68;15.88;11054304;177004752.00
20160310;15.90;16.70;15.38;16.07;15655648;252885088.00
20160311;15.61;16.20;15.20;16.20;13580938;213482048.00
20160314;16.61;17.31;16.43;16.97;17444871;295586624.00
20160315;16.94;17.15;16.42;16.51;12298899;205994816.00
20160316;16.85;16.98;16.02;16.27;11635223;191421424.00
20160317;16.31;17.47;16.23;17.38;22117397;374007040.00
20160318;17.45;18.50;17.20;18.26;25592020;458904480.00
20160321;18.80;19.05;18.31;18.98;26281793;489718304.00
20160322;18.50;19.28;18.40;18.72;19155850;361187072.00
20160323;18.54;19.48;18.54;19.45;18898677;359401792.00
20160324;19.13;19.23;18.38;18.39;19255467;363371104.00
20160325;18.23;18.74;18.11;18.40;11946443;220410912.00
20160328;18.60;19.13;17.76;17.89;13870549;256710352.00
20160329;17.87;18.18;17.31;17.70;11459878;202991040.00
20160330;17.94;18.96;17.70;18.83;15527851;284848992.00
20160331;19.10;19.18;18.54;18.61;17905026;337385088.00
20160401;18.43;18.52;17.81;18.18;13378698;241539360.00
20160405;20.00;20.00;20.00;20.00;2847389;56947780.00
20160406;22.00;22.00;22.00;22.00;1934367;42556072.00
20160407;24.20;24.20;24.20;24.20;2492794;60325616.00
20160408;26.62;26.62;25.88;26.62;78699540;2077713536.00
20160411;26.80;27.78;26.20;26.20;60728027;1634298112.00
20160412;25.52;26.48;25.20;26.40;49249409;1275986432.00
20160413;26.23;26.93;25.68;25.70;48730941;1278832512.00
20160414;25.56;26.00;25.16;25.72;30130757;770298944.00
20160415;25.83;26.39;25.52;25.82;33194869;861243136.00
20160418;25.50;26.68;24.60;26.20;40950329;1058027648.00
20160419;26.50;27.77;26.02;26.20;52961565;1418504960.00
20160420;25.40;25.68;23.58;23.58;45412033;1114422016.00
20160421;22.90;23.25;22.12;22.20;28207993;642300224.00
20160422;21.90;22.68;21.78;22.56;20048762;448097792.00
20160425;22.56;22.97;21.50;22.95;21466092;478841024.00
20160426;22.90;23.14;22.22;23.11;18080484;411379744.00
20160427;23.11;23.19;22.27;22.51;17291692;393508160.00
20160428;22.74;23.18;21.83;22.99;22320362;505995584.00
20160429;22.90;23.45;22.45;22.49;18989401;434488320.00
20160503;22.26;24.74;22.13;24.74;38234550;909211776.00
20160504;24.60;26.19;24.47;25.18;46321958;1171576576.00
20160505;24.85;25.39;24.55;25.23;26169623;653568000.00
20160506;25.05;26.20;24.06;24.09;42177540;1063081408.00
20160509;23.50;23.52;22.00;22.39;26790002;611265024.00
20160510;22.35;22.93;21.88;22.17;16290575;366139552.00
20160511;22.56;22.58;21.11;21.20;17687244;387249440.00
20160512;20.46;21.39;19.72;21.38;18703328;386612320.00
20160513;21.17;22.90;20.92;22.12;24759148;545403840.00
20160516;21.83;22.70;21.62;22.62;19592503;436799232.00
20160517;22.50;22.85;21.96;22.05;19479970;435192352.00
20160518;21.60;21.79;19.99;20.47;19274220;401675744.00
20160519;20.69;21.65;20.56;20.86;21122985;446863584.00
20160520;21.46;22.95;21.35;22.95;19216024;427466976.00
20160523;25.25;25.25;25.25;25.25;4201948;106099184.00
20160524;26.88;26.89;25.59;25.65;68375437;1789451264.00
20160525;26.00;27.95;25.50;26.25;63671968;1696380672.00
20160526;25.91;28.88;25.11;28.88;64838148;1729129344.00
20160527;29.27;31.47;29.03;29.78;83498164;2486904832.00
20160530;29.05;30.43;28.53;28.53;51150193;1501053056.00
20160531;28.69;29.99;28.03;29.89;52238466;1533837440.00
20160601;29.50;31.87;29.43;30.21;69732994;2131522048.00
20160602;29.60;30.50;29.40;30.20;43684360;1309833344.00
20160603;30.40;31.49;29.92;30.44;48793786;1499475712.00
20160606;30.70;32.63;30.28;32.28;57799343;1826067072.00
20160607;32.29;32.39;31.19;31.71;40530824;1278430336.00
20160608;31.80;32.37;30.35;30.67;39730165;1242182272.00
20160613;29.50;29.88;27.60;27.60;39051827;1130476032.00
20160614;27.22;27.80;26.55;27.30;31174175;846659200.00
20160615;27.05;29.49;26.61;28.94;41643282;1190736000.00
20160616;28.67;30.70;28.53;29.48;45357673;1351478784.00
20160617;29.70;30.18;28.91;29.62;31425374;927592448.00
20160620;29.75;30.94;29.33;30.32;33453145;1013275712.00
20160621;31.50;32.62;28.50;28.96;43737498;1345239168.00
20160622;28.10;29.46;27.94;29.45;28355567;815276032.00
20160623;29.37;29.37;28.01;28.30;24920419;713598784.00
20160624;28.39;28.87;25.98;28.28;28558165;799385792.00
20160627;28.27;29.98;27.99;29.86;29198051;848664576.00
20160628;29.48;30.49;29.35;30.28;32949459;988590464.00
20160629;30.21;31.10;29.45;30.79;35830966;1083295104.00
20160630;31.19;31.19;29.91;29.96;24939223;754959936.00
