20110107;62.00;71.88;61.82;70.05;15615566;1062965632.00
20110110;69.40;71.80;68.60;69.81;5676810;398464000.00
20110111;69.13;69.50;63.40;64.80;4075489;272176736.00
20110112;64.53;65.70;62.35;65.10;1834654;118019088.00
20110113;65.11;67.79;64.20;64.28;1236656;81565176.00
20110114;64.48;66.93;64.48;65.44;1241032;81540376.00
20110117;64.72;64.95;58.90;58.90;1349768;81176040.00
20110118;55.80;59.50;55.30;58.21;1742529;101268072.00
20110119;58.21;58.70;56.88;58.59;949490;55133672.00
20110120;57.57;60.79;57.32;59.87;803589;48171748.00
20110121;59.79;60.75;58.50;60.35;907050;54121880.00
20110124;60.06;61.00;57.21;57.98;1397108;82930752.00
20110125;57.90;58.00;54.10;56.08;670757;37784876.00
20110126;56.00;57.60;55.88;57.30;383753;21878962.00
20110127;56.68;58.70;56.20;58.35;183769;10666571.00
20110128;58.03;58.88;57.60;57.80;200122;11620635.00
20110131;57.21;62.00;57.21;61.35;553526;33625484.00
20110201;62.00;62.00;60.01;61.30;834957;50736472.00
20110209;60.68;61.60;60.29;60.45;144476;8788734.00
20110210;61.05;61.90;59.18;61.64;1044102;63232028.00
20110211;61.68;65.20;61.40;64.30;1066122;67803456.00
20110214;63.20;65.30;63.20;64.65;435228;28122504.00
20110215;64.02;65.29;63.02;63.75;476687;30304468.00
20110216;63.88;65.48;63.00;65.19;370123;23930934.00
20110217;65.00;65.68;63.22;63.80;505343;32349564.00
20110218;63.50;64.65;63.09;64.25;406737;25997764.00
20110221;64.01;68.86;64.01;68.50;799762;53833228.00
20110222;69.01;70.50;67.80;69.79;1127561;77745744.00
20110223;70.10;72.50;69.00;70.50;557334;39521652.00
20110224;70.30;71.49;69.00;70.50;281924;19835896.00
20110225;70.00;70.00;66.80;66.85;697291;47247796.00
20110228;67.55;67.85;65.50;66.32;443163;29433830.00
20110301;66.78;67.42;65.36;65.80;333925;22023200.00
20110302;65.60;67.77;65.01;67.62;454417;30376630.00
20110303;67.76;68.99;65.88;67.00;424020;28760266.00
20110304;66.00;67.67;65.56;67.50;738528;49084008.00
20110307;68.45;68.67;66.00;68.00;381772;25769476.00
20110308;67.80;67.80;65.00;65.88;608233;40055456.00
20110309;65.50;66.18;64.88;66.00;211486;13887339.00
20110310;66.00;68.45;66.00;66.36;295100;19879502.00
20110311;66.36;66.55;65.31;66.00;139630;9200018.00
20110314;67.00;67.96;66.25;67.00;215272;14450342.00
20110315;66.56;68.00;66.30;68.00;511655;34524172.00
20110316;68.40;68.48;64.01;65.73;666304;43890048.00
20110317;64.02;64.70;61.70;62.01;334327;21108648.00
20110318;63.20;63.74;62.03;63.05;157130;9913789.00
20110321;63.47;64.00;62.61;63.99;1191489;75608288.00
20110322;63.76;63.76;59.50;60.30;662074;40154524.00
20110323;59.65;60.98;59.11;60.98;319319;19181944.00
20110324;60.29;60.64;58.70;59.37;913173;54258232.00
20110325;58.62;59.59;58.61;59.01;306238;18017406.00
20110328;59.00;59.20;56.88;57.98;753817;43401368.00
20110329;57.30;57.30;55.70;56.45;490265;27530810.00
20110330;55.85;57.33;55.85;56.88;305167;17213492.00
20110331;56.88;58.27;56.88;57.42;338151;19533684.00
20110401;57.60;57.77;55.12;56.60;325961;18252762.00
20110406;56.60;57.60;56.00;56.59;427322;24212564.00
20110407;56.78;58.24;56.70;57.30;548372;31610966.00
20110408;57.70;57.70;56.11;56.95;566267;32212704.00
20110411;56.95;57.15;54.60;54.88;691070;38513396.00
20110412;54.60;55.30;53.51;53.52;1064930;57760640.00
20110413;53.38;54.45;53.38;54.29;271061;14623169.00
20110414;54.02;54.46;53.98;54.02;293916;15907313.00
20110415;54.03;54.43;53.70;54.35;266669;14440539.00
20110418;55.00;55.24;54.34;54.61;361925;19780180.00
20110419;54.50;55.19;54.02;54.99;533784;29274392.00
20110420;55.20;57.70;55.00;57.26;858784;48766052.00
20110421;57.58;57.58;56.45;57.00;223916;12747102.00
20110422;56.90;58.29;56.55;58.11;334586;19196440.00
20110425;58.50;58.50;56.00;58.17;921330;52139032.00
20110426;57.18;58.16;56.68;57.29;413389;23597966.00
20110427;57.29;58.00;55.50;58.00;325359;18466480.00
20110428;57.01;57.47;55.50;57.00;297799;16827616.00
20110429;56.80;57.00;55.50;57.00;260038;14649694.00
20110503;57.00;57.00;55.91;56.56;148707;8369850.50
20110504;56.35;56.35;54.66;54.74;219800;12198161.00
20110505;54.00;55.41;54.00;54.85;153497;8426282.00
20110506;55.18;56.26;54.50;55.90;504909;28115182.00
20110510;56.28;57.90;56.10;57.20;579249;33155850.00
20110511;56.80;59.60;56.75;58.30;638917;37449104.00
20110512;58.32;59.50;57.50;59.02;523916;30839928.00
20110513;57.50;60.10;57.50;59.50;496257;29613580.00
20110516;59.30;59.30;58.33;58.42;300990;17674438.00
20110517;58.15;58.60;57.60;57.80;224933;13033144.00
20110518;57.80;58.19;57.75;57.98;97699;5653758.00
20110519;57.98;57.98;57.47;57.47;339801;19573820.00
20110520;57.26;59.94;57.26;58.91;359954;20987662.00
20110523;59.01;59.68;57.48;57.48;308700;18060704.00
20110524;57.00;59.50;57.00;57.77;400628;23277452.00
20110525;57.95;58.68;57.60;58.49;210501;12265327.00
20110526;29.49;29.49;27.73;27.80;368857;10595354.00
20110527;27.70;28.18;25.02;27.00;937827;24784292.00
20110530;26.02;27.00;25.10;27.00;1123126;29306494.00
20110531;26.58;28.58;26.58;27.99;239251;6653783.00
20110601;28.09;28.44;27.23;27.98;312726;8730896.00
20110602;27.60;27.97;27.11;27.97;284894;7869768.50
20110603;27.50;28.66;27.50;28.48;373390;10512963.00
20110607;27.01;28.55;26.45;28.50;339619;9640275.00
20110608;28.36;28.39;27.70;28.09;123899;3480799.00
20110609;28.26;28.75;28.02;28.04;128584;3642032.75
20110610;28.04;28.14;27.79;28.07;102840;2870702.25
20110613;27.77;28.37;27.77;28.26;116667;3286866.25
20110614;28.00;28.33;27.82;28.25;146289;4106458.50
20110615;28.00;29.00;28.00;28.76;197085;5661306.50
20110616;28.76;28.98;28.40;28.64;152974;4395555.50
20110617;28.11;29.95;27.88;29.50;483261;14204202.00
20110620;29.82;29.90;29.32;29.34;517520;15282952.00
20110621;29.15;29.88;28.69;28.88;171844;5031882.50
20110622;28.70;29.52;28.70;29.30;218555;6384341.00
20110623;29.09;29.90;29.09;29.78;283582;8396951.00
20110624;29.78;30.27;29.54;30.13;676030;20234572.00
20110627;30.03;31.70;30.00;31.42;619031;19186220.00
20110628;31.37;32.58;31.37;32.17;719418;23151210.00
20110629;31.76;32.32;30.95;31.40;461686;14517470.00
20110630;31.39;32.00;31.24;32.00;276444;8726735.00
20110701;31.99;33.00;31.85;32.87;784085;25557448.00
20110704;33.28;33.28;32.20;32.99;779210;25343442.00
20110705;32.62;32.88;32.25;32.52;279002;9076877.00
20110706;32.66;32.66;31.33;31.99;701382;22315236.00
20110707;31.55;32.64;31.00;32.46;684728;21827746.00
20110708;32.40;34.32;32.08;33.88;944517;31582586.00
20110711;33.80;34.40;33.33;34.10;383864;13057538.00
20110712;33.99;34.47;33.70;34.20;704601;24059446.00
20110713;34.03;35.00;34.03;34.92;373857;12911360.00
20110714;35.30;35.39;34.52;35.09;430126;14991002.00
20110715;34.61;35.09;34.06;34.99;576380;19888376.00
20110718;34.31;35.90;34.28;35.68;490661;17363808.00
20110719;35.68;36.06;34.61;35.69;326309;11539226.00
20110720;35.63;35.82;35.00;35.58;247604;8816061.00
20110721;35.72;39.14;35.33;39.14;2225423;86437008.00
20110722;39.21;42.67;39.21;40.92;2744511;112167496.00
20110725;41.30;42.25;38.72;39.94;1574970;63643180.00
20110726;39.60;41.24;38.67;40.99;1136171;45774376.00
20110727;41.00;42.20;40.20;41.33;967014;40245036.00
20110728;41.31;41.80;40.20;40.97;534037;21861040.00
20110729;41.45;42.18;40.40;42.00;649512;26916504.00
20110801;42.29;44.93;42.29;43.95;754715;32669566.00
20110802;43.41;44.38;42.51;43.67;584705;25295704.00
20110803;43.67;44.28;42.61;44.10;352695;15474581.00
20110804;44.25;46.80;44.20;46.49;1106240;50660744.00
20110805;45.70;48.59;44.51;47.80;1281715;60401032.00
20110809;44.80;48.00;43.10;45.91;1158627;53537008.00
20110810;46.30;46.48;45.00;45.80;959318;43974672.00
20110811;44.35;45.69;43.50;45.58;1036473;46036700.00
20110812;45.29;46.42;44.63;44.85;544534;24820040.00
20110815;44.03;44.85;42.76;43.60;1388127;60259332.00
20110816;43.60;44.29;43.00;43.62;965537;42027052.00
20110817;43.62;44.80;43.21;44.80;838650;36937576.00
20110818;44.94;46.79;44.10;45.98;1239247;56359712.00
20110819;45.69;45.69;43.00;44.42;517207;22939474.00
20110822;43.15;46.38;43.15;45.86;813980;37023340.00
20110823;45.75;47.50;45.11;47.30;718346;33427114.00
20110824;47.30;47.50;43.22;43.60;1674811;75771304.00
20110825;43.61;45.00;42.25;43.18;1313521;57353788.00
20110826;43.04;43.35;42.38;43.17;337596;14539145.00
20110829;43.40;44.97;43.20;43.99;495534;21896312.00
20110830;44.34;44.90;43.00;43.84;356923;15664002.00
20110831;43.12;44.75;42.50;44.40;308279;13490750.00
20110901;43.75;44.75;43.32;43.50;172209;7553028.50
20110902;43.50;43.50;42.77;42.81;111023;4769824.50
20110905;42.18;43.11;42.00;42.34;148849;6350818.00
20110906;41.90;42.34;40.66;41.50;368633;15297385.00
20110907;41.30;42.38;41.00;42.10;258498;10710723.00
20110908;42.11;43.00;41.14;41.30;144341;6087998.50
20110909;41.18;41.49;39.85;41.20;362960;14643191.00
20110913;40.97;41.25;40.02;40.97;91922;3755136.00
20110914;41.29;41.29;40.65;41.13;117736;4818800.00
20110915;41.38;42.93;41.02;42.00;1115640;46901800.00
20110916;42.29;43.00;42.00;42.78;151185;6458223.00
20110919;42.75;43.39;42.15;42.24;91609;3888668.75
20110920;41.18;42.21;41.18;42.00;56757;2373042.75
20110921;41.79;42.45;41.10;41.53;354042;14790918.00
20110922;41.53;41.80;40.60;41.20;203984;8414214.00
20110923;40.00;41.50;40.00;41.00;150601;6128742.50
20111031;44.91;44.91;39.30;41.68;2958474;121958488.00
20111101;40.59;41.74;39.36;40.66;533576;21808196.00
20111102;39.96;40.00;37.51;39.44;1172637;45604008.00
20111103;39.04;39.15;38.00;38.28;1307519;50287288.00
20111104;38.13;39.19;38.10;39.00;971998;37707484.00
20111107;39.00;39.39;38.15;38.50;653734;25187038.00
20111108;38.50;39.00;38.40;38.60;275871;10657594.00
20111109;38.80;38.80;36.97;37.87;670843;25276612.00
20111110;37.20;39.12;37.00;38.96;947257;36386680.00
20111111;38.56;39.79;38.56;39.25;575937;22598730.00
20111114;39.65;41.82;39.10;39.39;1489975;59971016.00
20111115;39.39;40.96;39.06;40.61;946930;38345036.00
20111116;40.60;40.82;38.59;39.40;529265;20952206.00
20111117;39.40;40.10;38.20;39.50;324584;12742857.00
20111118;38.50;39.40;37.80;38.00;170200;6556993.00
20111121;37.70;38.55;37.50;37.70;129406;4867808.00
20111122;37.17;38.29;37.17;37.85;86686;3275791.50
20111123;38.18;38.26;37.32;37.36;91853;3461319.50
20111124;37.06;37.42;36.43;36.70;233874;8603550.00
20111125;36.71;36.99;35.75;36.01;301262;10993346.00
20111128;36.03;36.19;34.58;35.25;424139;14967772.00
20111129;35.30;35.30;34.20;35.07;1194350;41647280.00
20111130;35.10;35.65;31.56;33.80;894558;29664172.00
20111201;33.99;34.50;33.40;33.80;562951;19066688.00
20111202;32.70;33.59;31.79;31.80;1665768;53469920.00
20111205;31.63;31.63;29.08;30.29;1434664;43739304.00
20111206;30.00;30.05;28.90;30.05;465332;13666333.00
20111207;30.10;30.24;29.33;29.66;468877;13944938.00
20111208;29.65;30.42;29.28;30.25;624217;18684524.00
20111209;29.80;30.90;29.12;29.50;350261;10574651.00
20111212;29.86;29.86;27.93;28.00;384649;11131222.00
20111213;27.95;28.51;26.50;28.19;617421;17002894.00
20111215;27.51;28.10;26.60;27.82;709486;19434426.00
20111216;28.00;28.90;27.27;28.88;456145;12798251.00
20111219;28.88;28.88;27.87;28.51;308811;8714519.00
20111220;28.55;28.65;28.02;28.20;199159;5630675.50
20111221;28.50;28.50;27.20;27.86;159403;4440011.00
20111222;26.90;27.93;25.88;27.00;335389;9045175.00
20111223;26.80;28.28;26.59;27.25;309606;8469295.00
20111226;27.62;27.62;26.16;26.70;521532;14060762.00
20111227;26.75;26.85;25.50;25.61;489686;12992181.00
20111228;25.22;25.62;24.00;25.40;592320;14705851.00
20111229;24.78;25.40;24.50;25.25;395312;9859879.00
20111230;25.36;25.68;24.78;25.65;411352;10423666.00
20120104;26.50;26.98;24.70;25.10;398392;10285812.00
20120105;24.39;24.50;22.61;22.68;586449;13866678.00
20120106;22.68;22.68;20.95;21.70;851731;18342678.00
20120109;21.69;22.32;20.95;22.10;926369;20366716.00
20120110;21.98;24.31;21.80;24.30;1696655;40158068.00
20120111;24.25;24.89;24.00;24.60;1552963;38079684.00
20120112;24.11;24.61;24.11;24.11;871737;21217000.00
20120113;24.39;24.50;22.00;22.56;1265798;29317238.00
20120116;22.79;22.79;20.40;20.42;627555;13224902.00
20120117;20.70;21.35;20.21;21.00;1404798;29299334.00
20120118;21.13;21.82;19.10;19.63;1551602;31692542.00
20120119;18.89;18.89;17.67;18.30;5810325;104121800.00
20120120;18.10;18.79;17.83;18.47;2372784;43336404.00
20120130;18.64;19.79;18.44;19.39;1927121;36788068.00
20120131;19.29;19.29;18.46;18.85;1612419;30314430.00
20120201;18.79;19.29;18.37;18.88;1111810;21156806.00
20120202;18.63;19.42;18.63;19.39;1229969;23421946.00
20120203;19.46;20.13;19.26;20.00;1695147;33674000.00
20120206;20.02;21.10;20.01;21.02;2912380;60348788.00
20120207;20.95;21.73;20.61;21.65;1790012;37648540.00
20120208;21.98;22.65;21.50;22.42;3045331;67938680.00
20120209;22.44;22.88;21.82;22.46;1569555;35048044.00
20120210;22.46;22.67;22.29;22.34;801112;18002256.00
20120213;22.30;22.97;21.70;22.83;1080892;24369066.00
20120214;22.80;22.88;22.20;22.33;906986;20377558.00
20120215;22.12;22.92;22.11;22.50;1358835;30592178.00
20120216;22.38;23.60;22.38;22.73;1806533;41547572.00
20120217;22.66;22.86;21.92;22.40;1377505;30757572.00
20120220;22.55;24.64;22.55;24.22;3749948;88185256.00
20120221;24.22;25.50;24.02;25.16;2749612;68577208.00
20120222;26.00;27.58;25.39;25.40;4470259;116677960.00
20120223;25.81;26.01;24.90;25.40;2954312;75029992.00
20120224;25.11;26.05;24.90;25.38;3100431;79098552.00
20120227;25.38;25.60;25.06;25.17;2301409;58221024.00
20120228;25.00;25.29;24.22;24.58;1995693;49276644.00
20120229;24.50;24.65;23.70;23.74;1995140;47797348.00
20120301;23.50;24.25;23.31;23.98;2104433;50252620.00
20120302;24.00;24.75;23.89;24.74;1619356;39619556.00
20120305;24.97;25.48;24.08;24.11;2385189;59364688.00
20120306;23.79;23.95;22.81;23.21;2117155;49158616.00
20120307;22.73;23.63;22.50;22.90;1182682;27471218.00
20120308;23.83;25.00;23.80;24.56;2928723;71249152.00
20120309;24.49;24.80;24.10;24.74;1949239;47629460.00
20120312;24.61;24.85;24.00;24.72;1894884;46613444.00
20120313;24.74;25.90;24.40;25.46;3150407;79969048.00
20120314;25.48;27.52;25.40;26.60;7146840;190176960.00
20120315;26.85;28.00;25.00;27.73;7067428;190948816.00
20120316;27.11;28.59;27.11;28.59;5442960;152475824.00
20120319;28.67;28.74;27.80;28.31;3667526;103837312.00
20120320;28.49;29.14;26.11;26.40;3749318;104041168.00
20120321;26.50;27.30;25.30;27.18;4359721;113573944.00
20120322;26.69;26.97;25.62;25.86;3383353;89759200.00
20120323;25.82;25.82;24.51;24.99;2294622;57524116.00
20120326;24.78;25.30;24.21;25.15;1365899;34030840.00
20120327;25.25;25.64;24.73;25.00;1119246;28349418.00
20120328;24.78;24.85;23.57;23.90;2113321;51208476.00
20120329;23.76;24.55;22.50;23.99;2152650;51206280.00
20120330;23.82;24.40;22.70;22.89;1631384;38963812.00
20120405;22.71;23.58;22.11;23.48;1051839;24206736.00
20120406;23.40;25.12;23.40;24.35;1391740;33934096.00
20120409;24.60;25.00;23.80;24.26;1065981;26090712.00
20120410;23.76;24.48;23.01;24.48;1006740;23860672.00
20120411;24.15;24.65;23.72;24.05;675868;16298239.00
20120412;24.33;24.73;24.00;24.54;1398565;34203116.00
20120413;24.50;24.81;24.11;24.15;1587144;38771344.00
20120416;23.82;23.82;22.79;22.86;2856287;65876452.00
20120417;22.71;23.13;22.52;22.62;720728;16419137.00
20120418;22.77;23.25;22.56;23.23;1259253;28945930.00
20120419;23.14;24.20;23.13;23.42;1659628;39382016.00
20120420;23.30;23.99;23.26;23.60;1107895;26201538.00
20120423;23.60;23.60;21.24;21.24;2173141;47430980.00
20120424;19.61;20.68;19.61;20.15;2255465;45221556.00
20120425;20.02;20.35;19.81;20.31;1366614;27395932.00
20120426;20.30;20.93;20.09;20.09;1332757;27282118.00
20120427;20.09;20.35;19.60;20.20;1057706;21059948.00
20120502;20.50;20.68;20.01;20.40;1196369;24365544.00
20120503;20.32;20.49;19.80;20.03;1817647;36359704.00
20120504;19.95;20.65;19.81;20.51;2102328;42330168.00
20120507;20.28;20.46;19.88;20.44;2838163;57139224.00
20120508;20.60;22.44;20.60;21.80;4499754;96510568.00
20120509;21.50;21.98;20.99;21.11;2369627;51045688.00
20120510;21.01;22.22;21.01;21.99;3109770;67787864.00
20120511;22.13;22.42;21.57;21.69;2483598;54421108.00
20120514;22.01;22.01;21.00;21.00;2070160;44203688.00
20120515;20.80;20.80;19.90;20.47;1927614;39077116.00
20120516;20.40;20.53;19.95;20.01;1160383;23424598.00
20120517;20.00;20.49;19.93;20.22;1471570;29618998.00
20120518;20.00;20.44;19.90;20.04;1228357;24784656.00
20120521;19.91;20.20;19.35;19.75;1314945;25958504.00
20120522;19.80;20.25;19.80;20.15;915173;18347694.00
20120523;20.05;20.05;19.50;19.77;933264;18495206.00
20120524;19.77;19.81;19.01;19.10;1225878;23810106.00
20120525;19.12;19.19;18.26;18.59;1523573;28339196.00
20120528;18.42;18.50;17.80;18.47;1397683;25326796.00
20120529;18.45;19.19;18.30;18.96;1374449;25932220.00
20120530;18.90;19.30;18.81;19.09;1043991;19938382.00
20120531;18.80;19.49;18.80;19.40;1503920;28938004.00
20120601;19.44;20.78;19.40;19.82;2117661;42815512.00
20120611;20.30;20.30;18.96;19.64;2361144;46061388.00
20120612;19.20;19.45;19.00;19.20;919598;17642058.00
20120613;19.20;19.86;18.95;19.80;1875792;36457632.00
20120614;19.74;19.74;19.34;19.52;1236978;24122474.00
20120615;19.50;19.68;19.01;19.20;594087;11504730.00
20120618;19.29;19.89;19.29;19.87;1720641;33851932.00
20120619;19.78;20.47;19.72;20.14;2136041;43229876.00
20120620;20.19;20.80;19.95;20.48;2273044;46318036.00
20120621;20.42;20.42;19.80;19.96;1327811;26581958.00
20120625;19.76;19.76;18.31;18.39;2407828;45398192.00
20120626;18.28;18.70;17.80;18.67;1146846;20834660.00
20120627;18.69;20.54;18.66;20.54;6576929;133901152.00
20120628;20.80;21.19;20.18;20.18;7784318;161917040.00
20120629;19.50;20.14;18.77;19.71;4915503;96303496.00
20120702;19.96;20.29;19.72;19.99;3096711;61877860.00
20120703;20.80;21.99;20.80;21.99;2188637;47485248.00
20120704;23.51;23.93;21.32;22.26;13069484;295108992.00
20120705;21.70;22.00;21.05;21.19;4869256;104934856.00
20120706;21.34;22.01;20.70;21.95;4856935;103972528.00
20120709;21.60;22.45;21.35;21.40;4515560;98843544.00
20120710;21.05;21.60;20.33;20.35;3025875;63200824.00
20120711;20.29;20.71;20.01;20.61;2581924;52678432.00
20120712;20.56;21.25;20.12;21.00;2531534;52372464.00
20120713;20.79;21.50;19.20;19.48;5320679;110435656.00
20120716;19.00;20.00;18.60;18.68;3412461;65276192.00
20120717;18.68;19.48;18.39;19.31;2531512;47754956.00
20120718;19.30;20.48;18.80;19.85;4263526;84376472.00
20120719;19.51;20.34;19.50;19.86;3036768;60458156.00
20120720;19.85;20.60;19.63;19.83;3631944;73235968.00
20120723;19.40;19.54;18.41;19.00;2465905;46982980.00
20120724;18.75;19.72;18.71;19.08;2780048;53325800.00
20120725;18.86;19.55;18.70;19.42;3403578;65364972.00
20120726;19.42;19.50;18.26;18.28;3513766;66477952.00
20120727;18.39;18.50;17.50;17.56;2369733;42438128.00
20120730;17.65;17.78;15.80;15.93;4493239;73671632.00
20120731;15.92;15.93;14.76;15.20;5819634;87805408.00
20120801;15.06;15.64;15.01;15.40;3013292;46204396.00
20120802;15.39;15.69;15.17;15.48;2315573;35734760.00
20120803;16.40;16.96;15.70;16.20;4042729;65201328.00
20120806;15.89;16.60;15.81;16.47;3582546;58101996.00
20120807;16.35;17.37;16.30;16.80;3892130;65653912.00
20120808;16.68;16.93;16.40;16.80;2813995;46730220.00
20120809;16.86;17.67;16.74;17.38;4562475;78842080.00
20120810;17.58;18.39;17.38;18.01;4832771;87156768.00
20120813;18.81;18.81;17.90;18.07;6202899;113653528.00
20120814;17.80;19.88;17.71;19.88;12137069;236838720.00
20120815;20.40;20.90;19.40;19.85;13165385;267650672.00
20120816;19.36;19.50;18.56;18.77;5836160;111373152.00
20120817;18.51;19.35;18.51;18.74;3701876;70097824.00
20120820;18.49;19.28;18.05;19.14;4559079;85575576.00
20120821;18.97;19.80;18.80;19.74;5525841;106411968.00
20120822;19.60;21.71;19.50;21.71;13296786;285073024.00
20120823;21.54;23.48;21.30;22.18;14247954;315908736.00
20120824;21.60;23.96;21.46;22.41;11081432;253023200.00
20120827;22.60;23.20;21.75;21.97;9130778;206426208.00
20120828;21.40;21.60;20.53;21.25;8252477;173295776.00
20120829;21.12;21.50;20.88;21.23;4994302;105913504.00
20120830;20.99;21.00;19.11;19.11;8338005;163945904.00
20120831;18.51;20.49;18.35;20.16;7376908;144917248.00
20120903;19.89;22.18;19.55;22.18;12438224;266372304.00
20120904;22.27;24.00;22.20;22.98;14173927;328113888.00
20120905;22.69;23.20;22.25;22.30;7146410;161151056.00
20120906;22.72;23.78;22.27;23.02;9126214;210253936.00
20120907;23.13;24.76;22.75;23.73;10989671;258639792.00
20120910;23.45;24.70;23.24;24.58;9187268;220287680.00
20120911;24.18;24.50;23.13;23.20;7063092;168194224.00
20120912;23.50;23.95;23.10;23.39;4517177;106181512.00
20120913;23.20;24.53;23.20;23.30;6459115;154896352.00
20120914;23.41;23.66;22.40;23.28;4711602;108611432.00
20120917;23.10;23.84;22.68;22.88;3570925;83046744.00
20120918;22.36;23.00;21.88;22.01;3154110;70534144.00
20120919;22.15;22.57;21.95;22.07;1886801;41888248.00
20120920;22.07;22.40;20.68;20.80;4085362;87194224.00
20120921;20.61;20.95;20.19;20.28;3611534;74100072.00
20120924;20.10;20.58;19.65;20.30;2348667;47298852.00
20120925;20.32;21.84;20.32;21.06;4959246;105200824.00
20120926;20.77;21.37;19.98;20.36;3134032;64707556.00
20120927;20.55;21.79;20.51;21.60;4927535;105325096.00
20120928;21.78;22.50;21.39;22.30;4865616;106830928.00
20121008;22.03;23.06;21.96;22.66;3354367;75492448.00
20121009;22.57;23.90;22.35;23.45;4994106;115856424.00
20121010;23.45;23.63;22.96;23.10;3326709;77239696.00
20121011;22.98;22.98;21.90;22.10;3759582;84108528.00
20121012;21.93;22.50;21.80;22.30;2415454;53564172.00
20121015;21.69;21.70;20.07;20.38;4373182;90395744.00
20121016;20.42;21.30;20.38;20.91;3140792;65862868.00
20121017;20.92;21.49;20.92;21.06;1530774;32381804.00
20121018;21.10;21.97;21.10;21.68;2587203;55949624.00
20121019;21.68;21.95;20.97;21.00;2706288;58180520.00
20121022;20.62;21.96;20.51;21.86;2934652;63326000.00
20121023;21.89;22.06;21.30;21.40;1892119;40948368.00
20121024;21.00;21.30;20.78;20.78;1770371;37083288.00
20121025;20.90;21.84;20.80;20.91;2690772;57273884.00
20121026;20.65;21.15;19.02;19.40;4563518;89686120.00
20121029;19.23;19.85;18.67;18.88;2166450;41538388.00
20121030;18.88;19.86;18.88;19.46;2608220;50825616.00
20121031;19.48;19.49;18.38;19.05;2422217;45695592.00
20121101;19.19;19.55;19.06;19.39;1721239;33264736.00
20121102;19.35;19.62;19.20;19.24;1338988;25976382.00
20121105;19.30;19.31;18.64;18.88;1657561;31228022.00
20121106;19.31;19.89;19.31;19.52;4022077;78813456.00
20121107;19.42;19.63;19.15;19.25;1696739;32787954.00
20121108;19.15;19.15;18.13;18.18;2803928;51648208.00
20121109;18.15;18.35;17.12;17.46;2501819;44365220.00
20121112;17.50;18.10;17.50;18.07;1658050;29487060.00
20121113;18.07;18.10;17.45;17.72;1363636;24119928.00
20121114;17.94;17.94;17.30;17.73;1204807;21177826.00
20121115;17.50;18.92;16.82;18.30;5452011;98008400.00
20121116;18.10;18.37;17.77;17.91;3048857;54858876.00
20121119;17.83;17.97;17.24;17.76;1696294;29739238.00
20121120;17.80;17.92;17.32;17.69;1414373;24956850.00
20121121;17.59;17.86;17.18;17.80;1341342;23530288.00
20121122;17.70;17.70;17.35;17.49;1120697;19583114.00
20121123;17.56;17.95;17.56;17.80;1787540;31769374.00
20121126;17.70;17.70;17.09;17.28;1919012;33289268.00
20121127;17.00;17.14;16.27;16.31;1727810;28829270.00
20121128;16.15;16.48;15.82;16.06;1175775;18902250.00
20121129;16.19;16.31;15.66;15.74;879962;14125065.00
20121130;15.84;16.29;15.84;16.17;1429677;23063738.00
20121203;16.11;16.18;15.21;15.32;1110466;17340658.00
20121204;15.40;16.16;15.32;15.94;1338088;20997850.00
20121205;15.90;17.05;15.85;16.82;2016521;33490850.00
20121206;16.61;17.05;16.60;16.65;1130193;18963740.00
20121207;16.65;16.98;16.60;16.80;1670210;28112208.00
20121210;16.79;17.29;16.31;17.22;2792087;47083536.00
20121211;16.89;17.00;16.43;16.65;3778883;62870976.00
20121212;16.53;16.69;16.20;16.48;1762971;28947098.00
20121213;16.48;16.58;15.88;15.91;1757029;28575004.00
20121214;15.84;16.64;15.84;16.60;2921923;47926292.00
20121217;16.71;17.15;16.66;16.96;2839224;47987996.00
20121218;16.80;16.91;16.29;16.41;2656035;44139616.00
20121219;16.41;18.05;16.26;17.60;6032695;105088336.00
20121220;17.35;17.55;17.14;17.40;3310528;57460852.00
20121221;17.40;18.40;17.22;17.99;4665639;83586816.00
20121224;18.00;19.35;17.81;19.00;5471168;103415392.00
20121225;19.00;19.36;18.60;19.08;3901382;74649216.00
20121226;19.09;19.61;18.83;19.47;2769776;53432052.00
20121227;19.39;20.44;19.39;19.46;3917396;77921368.00
20121228;19.38;19.88;19.05;19.79;2873084;56227096.00
20121231;19.70;19.86;19.33;19.35;2089998;40745888.00
20130104;19.59;19.79;19.07;19.35;2459139;47849772.00
20130107;19.19;20.48;19.10;20.40;3236657;65174040.00
20130108;20.40;20.96;20.14;20.84;2825681;58536404.00
20130109;21.10;21.98;21.00;21.28;3937863;84746576.00
20130110;21.28;21.59;20.87;20.95;2632679;55714788.00
20130111;21.01;21.95;21.00;21.24;4149892;89202856.00
20130114;21.02;22.99;20.83;22.23;3876635;85691248.00
20130115;21.88;23.48;21.80;22.63;4743865;106700360.00
20130116;22.34;22.53;21.68;22.21;2395606;52922776.00
20130117;22.21;22.75;21.90;22.23;2179964;48529252.00
20130118;22.26;22.83;21.95;22.77;2095136;46949896.00
20130121;22.47;23.00;22.47;22.66;1472787;33539260.00
20130122;22.70;23.45;21.95;22.40;2969270;67538704.00
20130123;22.25;22.38;21.53;21.98;1839417;40316128.00
20130124;21.99;22.34;20.73;20.90;1904438;40634092.00
20130125;21.01;22.40;21.01;21.83;2415182;53123916.00
20130128;22.03;23.19;21.66;22.77;2831753;64110768.00
20130129;22.90;23.99;22.54;23.52;2909805;68106368.00
20130130;23.42;24.10;23.28;23.47;2847296;67575824.00
20130131;23.44;23.69;22.66;23.48;2336123;53769028.00
20130201;23.36;24.54;23.10;24.38;3439716;83376856.00
20130204;24.53;24.90;23.80;23.98;1255195;30148066.00
20130205;23.88;24.26;23.33;23.98;1185583;28287052.00
20130206;23.98;24.62;23.98;24.36;1116384;27249922.00
20130207;24.36;24.98;24.10;24.90;1237891;30665358.00
20130208;24.96;24.99;24.35;24.92;1667058;41038492.00
20130218;24.60;24.90;24.40;24.70;1252989;30914938.00
20130219;24.45;24.74;23.40;23.67;1433933;34441920.00
20130220;23.65;24.50;23.46;24.45;1664107;40415620.00
20130221;24.36;24.74;23.67;23.78;1540165;36887348.00
20130222;23.51;26.11;23.51;25.50;3032124;76804408.00
20130225;25.55;27.17;25.55;26.70;3907949;103774624.00
20130226;26.73;27.07;26.23;26.50;1592069;42273760.00
20130227;26.48;26.52;25.32;25.89;1556500;40353112.00
20130502;28.48;28.48;25.04;28.29;14177662;394624224.00
20130503;27.80;31.12;27.74;31.12;4951765;148597456.00
20130506;32.00;33.65;31.01;32.00;5775187;183999120.00
20130507;31.65;32.70;30.78;32.45;4595926;146809008.00
20130508;32.45;33.30;31.80;32.68;2625737;85366544.00
20130509;32.17;34.88;32.17;33.50;4680487;157440384.00
20130510;33.32;33.73;32.05;33.00;2436643;80191888.00
20130513;33.29;33.97;32.20;32.57;1927019;63185528.00
20130514;32.40;33.70;31.37;33.18;2998040;97804304.00
20130515;33.10;34.80;32.50;34.40;2915620;99207568.00
20130516;34.11;35.53;33.40;33.80;2269660;78434664.00
20130517;33.60;34.77;33.42;34.38;1751322;60010044.00
20130520;34.20;36.34;34.00;36.30;2589595;91970296.00
20130521;36.20;36.20;35.03;36.00;2730097;97123728.00
20130522;35.51;35.95;32.40;32.50;4815610;161783408.00
20130523;32.70;33.85;31.88;32.76;2741746;90378720.00
20130524;32.79;33.40;32.30;33.00;2740844;90234424.00
20130527;33.05;34.20;32.97;33.50;2192191;73576520.00
20130528;33.21;33.61;30.50;32.55;4362459;139725072.00
20130529;32.40;32.78;31.00;31.64;3287452;104888720.00
20130530;31.58;32.97;31.25;32.51;1900729;61153672.00
20130531;32.45;33.88;32.20;33.71;1985731;66198236.00
20130603;33.51;33.99;30.42;30.99;3390032;108784296.00
20130604;31.00;31.51;29.06;31.00;3299957;100126168.00
20130605;30.30;32.59;30.30;32.22;2578983;82475512.00
20130606;32.22;32.28;30.40;30.70;1505881;47011712.00
20130607;30.90;31.20;29.70;30.10;1539753;46882388.00
20130613;29.87;30.59;28.61;30.43;1737044;51697860.00
20130614;30.58;32.00;30.25;31.80;1610810;50347828.00
20130617;31.89;34.31;31.89;34.19;3090311;103380024.00
20130618;33.95;34.33;33.30;33.86;1230136;41580784.00
20130619;33.89;34.20;32.77;33.93;1108556;37147348.00
20130620;33.70;33.70;31.60;32.06;1658939;54651020.00
20130621;31.00;32.39;30.20;32.10;806119;25514262.00
20130624;31.08;32.49;29.06;30.70;1998145;61642008.00
20130625;30.03;31.48;28.58;30.50;2042083;61359652.00
20130626;30.50;33.55;30.50;33.55;2046779;66079792.00
20130627;33.70;34.48;32.00;33.21;1667395;55904324.00
20130628;33.00;35.28;32.50;34.58;2821496;97267600.00
20130701;34.80;36.36;34.45;35.96;2536483;90512720.00
20130702;35.56;36.86;34.85;36.20;3963372;142517872.00
20130703;35.66;36.70;35.66;36.45;3214593;116652968.00
20130704;35.95;36.81;34.82;35.05;2194615;78458400.00
20130705;35.10;35.90;34.03;34.83;2374009;82817608.00
20130708;16.53;17.87;16.50;16.89;3242897;56295644.00
20130709;17.10;17.50;16.55;17.45;3149728;54214828.00
20130710;17.00;18.80;17.00;18.53;6396365;116429592.00
20130711;18.18;19.00;18.01;18.30;5237205;97250416.00
20130712;18.30;19.40;18.30;19.28;5502003;104879104.00
20130715;19.27;20.99;19.06;20.67;7600096;152887408.00
20130716;20.40;20.98;19.90;20.33;4338843;87980288.00
20130717;20.46;20.48;19.38;19.60;3340903;66699740.00
20130718;19.68;19.95;19.20;19.60;3824841;74715000.00
20130719;19.61;20.58;19.60;19.90;4850381;97650752.00
20130722;19.78;20.80;19.50;20.76;3800558;77208976.00
20130723;20.76;21.10;20.26;20.70;3716330;76340488.00
20130724;20.68;20.92;20.15;20.55;3995195;81853400.00
20130725;20.50;20.73;18.50;18.70;7546652;145333952.00
20130802;19.95;20.57;19.50;20.57;3676883;75047576.00
20130805;21.10;21.32;19.56;20.45;5997506;121966968.00
20130806;20.30;21.03;19.95;20.73;4180823;86095416.00
20130807;20.60;21.21;19.66;20.56;4832437;99559440.00
20130808;20.42;21.10;20.00;20.50;3383470;69408864.00
20130809;20.76;20.88;19.88;20.50;3266576;66511140.00
20130812;20.49;20.78;20.00;20.25;3446196;69557496.00
20130813;20.07;20.29;19.19;19.37;4668153;91273264.00
20130814;19.35;19.35;18.61;18.92;4583077;86623512.00
20130815;18.81;19.09;18.60;18.85;2844768;53810772.00
20130816;18.79;18.79;17.03;18.20;6895128;123640400.00
20130819;17.70;18.68;17.55;18.60;3555021;64571372.00
20130820;18.60;19.15;18.32;19.06;4310229;81522048.00
20130821;19.10;19.31;18.72;19.01;1522921;28883586.00
20130822;18.90;19.25;18.81;18.87;1521097;28975454.00
20130823;18.96;18.99;18.46;18.65;1813919;33874044.00
20130826;18.64;20.27;18.39;20.03;3869063;75874496.00
20130827;20.00;21.05;19.64;20.70;3298408;67142104.00
20130828;20.62;20.62;19.16;19.25;3462634;69183128.00
20130829;19.29;19.70;18.39;18.40;4139812;77582336.00
20130830;18.31;18.68;18.00;18.10;3596350;65734368.00
20130902;18.10;18.10;17.08;17.20;8338004;144496448.00
20130903;17.23;17.88;17.23;17.37;3926767;69050376.00
20130904;17.53;17.78;17.08;17.23;3308185;57555344.00
20130905;17.23;17.59;16.60;17.44;5615286;96371528.00
20130906;17.38;17.78;17.16;17.48;3226706;56450716.00
20130909;17.55;17.63;16.85;17.20;5860240;100404584.00
20130910;17.29;17.29;16.60;16.91;5097965;86027536.00
20130911;16.86;16.90;15.99;16.03;5670347;92495720.00
20130912;16.16;17.63;16.16;17.63;8677889;148498960.00
20130913;17.79;18.60;17.32;18.50;9506814;170836368.00
20130916;18.20;19.20;18.03;18.82;6625619;123406848.00
20130917;18.68;19.00;18.35;18.87;3764712;69902032.00
20130918;18.63;19.35;18.60;19.26;4767005;90423792.00
20130923;19.92;20.20;19.00;19.94;6874096;135211296.00
20130924;19.60;19.81;18.69;18.95;4514630;86958280.00
20130925;18.85;19.37;18.41;18.42;3569341;67644968.00
20130926;18.42;20.18;18.35;20.05;8882524;174389024.00
20130927;19.75;20.09;18.80;18.95;4803191;92544816.00
20130930;18.70;19.63;18.52;18.97;3629811;69062344.00
20131008;18.80;20.12;18.57;19.98;5852603;115128680.00
20131009;19.97;21.10;19.71;20.70;6888442;142867216.00
20131010;20.65;21.27;20.10;21.05;4664577;96393056.00
20131011;22.50;23.16;21.50;23.16;11613680;265499904.00
20131014;23.66;23.95;22.63;23.24;8033031;187213184.00
20131015;22.89;23.50;22.70;23.05;4434497;102465616.00
20131016;22.84;22.88;21.55;22.34;4705859;104730912.00
20131017;22.34;22.85;21.41;21.90;3438639;76279792.00
20131018;21.90;22.73;21.75;22.36;2339657;52216160.00
20131021;22.50;24.25;22.36;23.68;5844664;137445072.00
20131022;23.65;26.00;23.32;24.44;8360537;208777680.00
20131023;24.18;24.39;22.05;22.54;5029603;116082904.00
20131024;22.46;22.79;21.96;22.30;2514175;55973468.00
20131025;22.30;22.30;20.30;21.01;5391136;114129920.00
20131028;21.25;21.97;20.70;20.71;5550349;118623264.00
20131029;20.63;22.71;20.50;22.71;5671349;122802576.00
20131030;23.80;24.19;22.80;23.90;9719618;231015840.00
20131031;23.53;25.03;23.01;23.56;9712231;234370576.00
20131101;22.58;23.32;21.38;22.82;5634445;125233736.00
20131104;22.58;23.95;21.81;23.95;5732990;134512320.00
20131105;23.20;25.10;23.20;24.83;8131647;198698224.00
20131106;24.50;26.33;24.38;24.42;9632407;244517184.00
20131107;24.15;24.80;23.25;23.48;5283249;126601896.00
20131108;23.52;24.16;22.20;22.22;5005233;115436432.00
20131111;22.36;23.77;21.71;23.51;6134132;139788976.00
20131112;23.35;23.90;23.01;23.53;3285399;76895616.00
20131113;23.00;23.97;22.50;22.90;2720912;63105712.00
20131114;22.52;23.32;21.75;22.80;4680019;105188736.00
20131115;22.96;24.15;22.80;23.58;5174609;121724936.00
20131118;23.48;24.25;23.02;23.97;4989948;118612864.00
20131119;24.10;24.30;23.43;24.00;6632161;158672224.00
20131120;23.91;23.91;23.00;23.43;5992884;139830816.00
20131121;23.08;23.42;22.21;22.93;5238292;118943176.00
20131122;22.81;23.45;22.40;22.73;3196916;73108928.00
20131125;22.70;22.97;22.51;22.57;2074651;47209592.00
20131126;22.55;23.05;22.40;22.48;2950080;67107132.00
20131127;22.52;24.73;22.52;24.73;10654601;258640624.00
20131128;24.89;25.05;24.22;24.36;6134255;150837264.00
20131129;24.11;25.60;23.95;25.19;9079074;224823616.00
20131202;23.80;23.80;22.67;22.67;6932137;158518144.00
20131203;20.70;22.68;20.62;22.10;6901068;148506960.00
20131204;22.52;23.60;22.44;22.67;5116555;117683800.00
20131205;22.50;23.20;21.50;22.24;4122636;91901848.00
20131206;22.26;23.21;21.92;22.48;4550492;102566424.00
20131209;22.50;23.26;22.50;23.14;4889107;112717544.00
20131210;23.14;23.50;22.65;22.71;2392263;55025348.00
20131211;22.50;22.89;22.40;22.49;2210599;50080152.00
20131212;23.32;24.35;23.00;23.53;4823429;114519520.00
20131213;23.00;23.98;22.80;23.77;3224850;76114184.00
20131216;23.77;23.98;23.03;23.25;2343899;54689436.00
20131217;23.52;23.79;22.88;23.63;2553330;59778664.00
20131218;23.73;24.50;23.55;23.72;3424376;82442496.00
20131219;23.72;23.98;22.85;23.03;2584484;60399560.00
20131220;23.11;23.47;22.27;22.35;1786915;40587724.00
20131223;22.20;22.71;21.39;21.97;3282448;71598288.00
20131224;22.00;22.38;21.60;21.96;1158229;25530010.00
20131225;22.19;22.30;21.62;22.29;3176990;69860480.00
20131226;22.30;22.30;21.65;21.91;2531085;55382848.00
20131227;21.80;22.27;21.61;22.15;2402622;52842812.00
20131230;22.15;22.56;22.10;22.54;1842593;41135364.00
20131231;22.53;23.68;22.30;23.45;4047641;93999288.00
20140102;23.45;24.10;23.18;24.00;2804811;66881416.00
20140103;23.70;24.34;23.49;23.91;3202579;76325120.00
20140106;23.80;24.10;23.01;23.16;2113474;49956484.00
20140107;23.23;24.81;23.00;24.53;4563760;110781000.00
20140108;24.50;26.30;24.03;25.55;9110819;232642224.00
20140109;25.44;27.00;24.90;25.69;6872526;178984528.00
20140110;25.40;25.88;24.35;24.65;2642122;66002144.00
20140113;24.34;25.00;24.32;24.50;1941370;48151532.00
20140114;24.50;26.95;24.10;26.95;5366278;137735936.00
20140115;27.00;27.74;26.41;27.65;6481724;176842384.00
20140116;27.64;29.10;27.52;27.98;5524696;156201328.00
20140117;27.98;28.48;27.50;28.19;2725405;76216224.00
20140120;27.62;28.15;26.55;27.20;3152210;85536120.00
20140121;26.85;28.45;26.85;27.77;3092763;85818256.00
20140122;27.78;29.02;27.42;27.72;3036640;85504072.00
20140123;27.76;28.08;26.97;27.40;4831140;132675520.00
20140124;27.30;28.81;27.02;27.80;3855598;108556856.00
20140127;27.75;28.69;27.01;27.85;4141136;115586400.00
20140128;27.85;29.25;27.85;28.89;4941139;141448160.00
20140129;28.92;30.68;28.92;30.37;5945748;177847952.00
20140130;29.98;31.28;29.80;30.79;3381892;102880584.00
20140207;30.80;31.39;29.88;30.96;2345765;71489504.00
20140210;30.90;31.18;29.89;30.40;2286113;69712680.00
20140211;30.34;31.30;29.00;29.86;3272755;98661712.00
20140212;29.70;30.33;28.70;29.11;3818194;111351216.00
20140213;29.00;29.11;27.19;27.19;4621648;130078984.00
20140214;27.00;28.90;26.82;28.76;4431361;124745128.00
20140217;28.77;28.95;27.62;28.56;5840022;164347280.00
20140218;28.20;28.70;27.79;27.96;3273671;92124240.00
20140219;27.99;29.18;27.70;28.70;3966859;113342888.00
20140220;28.70;30.24;26.50;26.97;9310399;262997008.00
20140221;26.60;27.60;25.83;26.88;3050761;82106600.00
20140224;26.88;27.37;26.00;27.16;3464154;92042688.00
20140225;27.12;27.48;24.98;25.20;3644609;95650224.00
20140226;24.50;26.17;23.37;25.90;2845555;71291152.00
20140227;25.88;26.51;23.80;23.82;3491461;87914512.00
20140228;23.50;24.82;22.82;24.50;3692716;87452856.00
20140303;24.50;25.77;23.95;25.50;2760341;69670696.00
20140304;25.08;27.50;25.02;26.68;4501607;119496544.00
20140305;26.67;27.55;26.20;27.23;4265560;115332880.00
20140306;26.96;27.20;26.27;26.39;3421172;90879384.00
20140307;26.39;27.00;26.10;26.50;3135352;83551120.00
20140310;26.20;26.44;24.58;25.31;3052798;77621960.00
20140311;25.00;25.65;24.30;24.31;1855804;46141968.00
20140312;24.25;25.30;23.70;24.51;1325668;32537052.00
20140313;24.31;25.55;24.31;25.01;2201240;55476380.00
20140314;25.06;25.54;24.61;25.50;1620575;40951584.00
20140317;25.49;25.80;25.00;25.51;2431901;61635092.00
20140318;25.48;26.30;25.30;25.94;3445032;88872592.00
20140319;25.80;25.90;24.80;25.05;1908350;48161716.00
20140320;24.85;25.25;22.89;23.30;4668348;110396352.00
20140321;23.00;23.71;22.20;23.09;2636593;60249660.00
20140324;23.00;23.30;21.50;21.83;4768716;105308960.00
20140325;21.99;22.32;21.60;22.00;2769500;61090056.00
20140326;22.00;23.20;22.00;23.12;4644338;106308256.00
20140327;23.08;23.53;22.72;22.78;3436618;79489080.00
20140328;22.78;22.98;20.50;20.96;4642647;99017792.00
20140331;21.10;21.51;20.23;20.49;3859040;79681104.00
20140401;20.68;21.25;20.23;21.10;1193975;25128928.00
20140402;21.20;21.48;19.75;19.98;3013440;61173772.00
20140403;20.00;20.00;18.30;18.69;12418345;233582496.00
20140404;18.55;18.93;18.43;18.92;5612927;105140568.00
20140408;18.83;19.45;18.60;19.07;6228596;118588888.00
20140409;19.09;19.83;19.09;19.78;4948008;96581936.00
20140424;20.70;21.76;19.90;21.51;9611210;202814240.00
20140425;21.20;21.58;20.30;20.71;3994359;83012120.00
20140428;20.59;20.59;19.20;19.73;4265663;84287288.00
20140429;19.71;20.32;19.10;19.16;3976838;78117288.00
20140430;19.28;19.45;18.58;18.69;3496775;65772252.00
20140505;18.75;19.67;18.34;19.64;3160350;60200756.00
20140506;19.69;20.61;19.64;20.10;3668227;74417328.00
20140507;19.95;20.64;19.52;19.85;2254406;45101624.00
20140508;19.67;20.33;19.67;19.81;1539688;30931820.00
20140509;19.71;20.19;19.40;19.45;1833954;36114656.00
20140512;19.58;20.69;19.58;20.47;2444591;49477428.00
20140513;20.40;21.33;20.19;20.42;4124730;86433488.00
20140514;20.30;20.82;20.05;20.38;1157705;23616714.00
20140515;20.40;20.75;20.16;20.36;1452199;29541638.00
20140516;20.27;20.49;18.50;20.05;3056819;60270436.00
20140519;19.80;20.10;19.52;20.06;1761633;34985940.00
20140520;20.19;21.27;20.01;20.34;2103933;43211408.00
20140521;20.32;20.55;20.09;20.30;1420417;28794122.00
20140522;20.20;20.95;20.16;20.45;3840334;79159880.00
20140523;20.33;20.85;20.33;20.58;2272129;46807628.00
20140526;20.60;21.08;20.55;20.64;2751261;56991736.00
20140527;20.78;20.78;19.40;19.61;6428605;126970216.00
20140528;19.55;19.86;19.34;19.65;4209488;82548336.00
20140529;19.73;20.09;19.65;19.65;3960817;78758376.00
20140530;19.50;19.99;19.40;19.77;2337481;46255120.00
20140603;20.20;20.66;19.80;20.55;6025024;121536368.00
20140604;20.65;20.82;20.07;20.20;5940205;120766984.00
20140605;20.32;20.32;19.69;20.20;6652110;132925336.00
20140606;20.18;20.85;20.10;20.68;5509251;113343384.00
20140609;20.58;20.58;19.60;19.73;4284861;85807672.00
20140610;19.74;19.96;19.54;19.87;2925131;57804680.00
20140611;19.87;20.15;19.76;19.85;2424287;48305552.00
20140612;19.85;20.08;19.56;19.97;3097026;61160032.00
20140613;19.99;20.45;19.87;20.45;3768673;76243696.00
20140616;21.00;21.49;20.60;20.62;6237436;130608200.00
20140617;20.48;20.57;19.78;19.87;4498549;90360088.00
20140618;19.91;20.15;19.66;19.92;2244875;44670904.00
20140619;13.24;13.29;11.93;12.07;8818295;109289448.00
20140620;12.01;12.11;11.52;12.04;8635133;102109600.00
20140623;12.01;12.65;12.01;12.41;5195727;64257428.00
20140624;12.42;12.55;12.22;12.50;5128772;63575804.00
20140625;12.44;13.12;12.40;13.01;6606383;84026256.00
20140626;13.00;13.50;12.91;13.21;6338543;84220280.00
20140627;13.11;13.36;13.00;13.16;3983011;52534272.00
20140630;13.10;13.19;12.70;12.94;4903822;63388044.00
20140701;13.00;13.45;12.85;13.30;5808601;76732064.00
20140702;13.28;13.84;13.12;13.42;6758902;91627520.00
20140703;13.58;13.88;13.40;13.68;7555810;103133504.00
20140704;13.89;15.04;13.55;14.72;10831339;155877488.00
20140707;14.50;14.99;14.11;14.73;5972782;86616112.00
20140708;14.56;15.09;14.55;14.98;7591278;113216512.00
20140709;14.90;15.88;14.80;14.80;8178295;125577856.00
20141016;16.28;16.28;16.28;16.28;311604;5072913.00
20141017;17.91;17.91;14.73;15.73;37107467;588463744.00
20141020;15.50;15.50;14.76;14.85;24485795;365931232.00
20141021;14.85;14.87;13.93;14.03;24786700;353629664.00
20141022;13.90;14.40;13.90;14.07;17971761;254098480.00
20141023;14.05;14.06;13.13;13.33;21141317;284383648.00
20141024;13.44;13.50;13.25;13.49;11645892;155459664.00
20141027;13.50;13.50;12.54;12.72;24894927;321124768.00
20141028;12.76;13.14;12.68;13.07;17578366;227544496.00
20141029;13.09;13.25;12.86;13.25;18067270;236015232.00
20141030;13.25;13.42;13.03;13.10;15362453;203035696.00
20141031;13.10;13.14;12.52;12.85;22000770;280421824.00
20141103;12.98;13.71;12.98;13.25;16633072;220286752.00
20141104;13.26;13.27;12.74;12.74;17857757;231048480.00
20141105;12.69;12.73;12.42;12.45;18783248;234669824.00
20141106;12.48;12.81;12.46;12.77;14012683;177137648.00
20141107;12.79;13.07;12.71;12.85;17056416;219737360.00
20141110;13.00;13.19;12.91;13.08;16783122;218674736.00
20141111;13.08;13.18;12.46;12.55;13957809;177698800.00
20141112;12.38;12.65;12.31;12.64;9541318;119195960.00
20141113;12.58;12.58;11.89;11.90;18435001;223787216.00
20141114;11.68;11.92;11.52;11.81;10807344;126934592.00
20141117;11.83;12.25;11.73;12.17;10301850;124734624.00
20141118;12.18;12.69;12.12;12.57;14949542;186586464.00
20141119;12.57;12.92;12.41;12.85;15367910;194829888.00
20141120;12.86;13.13;12.70;12.76;15535303;201075760.00
20141121;12.68;12.98;12.68;12.73;8724050;111696976.00
20141124;12.91;12.91;12.45;12.56;17563795;221494848.00
20141125;12.63;12.80;12.50;12.80;15765905;199326960.00
20141126;12.80;13.22;12.66;13.22;21765251;282280928.00
20141127;13.22;13.42;13.00;13.14;18913933;249210848.00
20141128;12.92;12.99;12.50;12.54;28357764;360173696.00
20141201;12.43;12.43;12.00;12.09;22416724;271356864.00
20141202;12.21;12.36;12.14;12.29;17231202;210999216.00
20141203;12.20;12.33;11.80;12.29;32803680;394866496.00
20141204;12.26;13.00;12.23;13.00;38499534;489941568.00
20141205;13.11;13.19;12.30;12.42;37110458;470851904.00
20141208;12.26;12.55;12.00;12.24;23799035;290573184.00
20141209;12.05;12.24;11.82;11.82;25804834;310265120.00
20141210;11.84;12.26;11.63;12.15;14339840;172584960.00
20141211;12.05;12.25;11.90;12.11;15733935;189802560.00
20141212;12.05;12.24;12.02;12.20;15353098;186251408.00
20141215;12.24;12.54;12.16;12.51;20912845;259434208.00
20141216;12.47;12.54;12.28;12.35;15765157;195095760.00
20141217;12.30;12.30;11.95;12.02;16456713;198272320.00
20141218;12.03;12.33;11.90;12.26;16529304;199670448.00
20141219;12.16;12.16;11.73;11.84;17660132;210196672.00
20141222;11.52;11.57;10.66;10.66;28436700;308685184.00
20141223;10.25;10.59;10.17;10.28;16253133;168943872.00
20141224;10.47;10.66;10.32;10.56;13066066;137258368.00
20141225;10.56;10.71;10.44;10.62;8663776;91756664.00
20141226;10.62;10.82;10.54;10.70;10903229;116306192.00
20141229;10.80;10.80;10.11;10.27;26362830;272816896.00
20141230;10.19;10.34;9.86;10.00;15744399;159083008.00
20141231;10.09;10.29;10.02;10.09;15266348;154808000.00
20150105;10.15;10.44;9.90;10.18;19542762;198690816.00
20150106;10.17;10.88;10.02;10.86;31143164;327401952.00
20150107;10.70;10.78;10.55;10.63;15899693;169345296.00
20150108;10.64;11.37;10.60;11.03;30521432;337687200.00
20150109;11.03;11.33;10.86;11.03;22644812;251668032.00
20150112;11.25;11.33;11.01;11.09;16587582;185613968.00
20150113;11.07;11.30;10.70;11.18;18333217;201773456.00
20150114;11.20;11.20;10.85;10.92;12278836;135281264.00
20150115;11.02;11.17;10.94;11.04;11060932;122254896.00
20150116;11.06;11.25;10.94;11.15;13455927;149707552.00
20150119;10.16;11.03;10.16;10.52;24898650;264536800.00
20150120;10.60;10.94;10.51;10.93;20891846;224723600.00
20150121;10.94;11.60;10.85;11.38;29082384;327658592.00
20150122;11.45;12.52;11.33;12.52;58968573;714305792.00
20150123;12.76;12.76;12.09;12.25;51341478;636271552.00
20150126;12.19;12.49;11.96;12.35;30554968;373863392.00
20150127;12.27;12.56;12.05;12.26;22554723;277573248.00
20150128;12.24;12.35;12.04;12.26;14130627;172592496.00
20150129;12.17;12.46;12.10;12.29;20839852;257208272.00
20150130;12.30;12.42;11.72;11.73;20397391;244805744.00
20150202;11.68;12.48;11.56;12.10;23758875;289197696.00
20150203;12.30;13.31;12.30;12.98;58123271;752263488.00
20150204;12.98;13.24;12.64;12.67;42591505;547111424.00
20150205;12.60;12.78;12.19;12.25;31645374;394589952.00
20150206;12.38;12.62;12.22;12.36;21829991;271359744.00
20150212;11.91;12.16;11.61;11.89;41950918;494999936.00
20150213;12.00;12.30;11.88;12.23;31201219;376355488.00
20150216;12.31;12.58;12.16;12.48;24597216;305122976.00
20150217;12.54;12.90;12.35;12.65;24803334;313338272.00
20150225;12.50;13.07;12.45;13.06;32880962;419686720.00
20150226;13.09;13.20;12.75;12.94;29463554;382208736.00
20150227;12.85;13.14;12.81;13.00;24191641;313932224.00
20150302;13.08;13.37;12.94;13.28;30526601;402728480.00
20150303;13.27;13.73;13.10;13.21;36228551;486314624.00
20150304;13.16;13.49;13.16;13.37;24884215;331377664.00
20150305;13.37;13.47;13.00;13.14;23506198;309726816.00
20150306;13.12;13.18;12.66;12.72;20871196;268561248.00
20150309;12.59;12.87;12.51;12.86;13419722;171005120.00
20150310;12.80;13.24;12.80;13.10;20549081;268923776.00
20150311;13.07;13.13;12.71;12.90;18824260;242246944.00
20150312;12.85;13.05;12.59;12.69;17224936;220682176.00
20150313;12.70;12.94;12.66;12.81;17983067;229962672.00
20150316;12.80;13.34;12.80;13.32;33146289;435365120.00
20150317;13.40;13.43;13.12;13.34;40185882;533098336.00
20150318;13.28;14.15;13.21;14.03;53590134;738013504.00
20150319;14.05;15.06;13.75;14.78;59790119;852901568.00
20150320;14.72;14.99;14.50;14.62;40127994;589506624.00
20150323;14.69;15.11;14.55;15.03;39205792;581332800.00
20150324;15.05;15.15;14.01;14.59;47621550;696649792.00
20150325;14.48;14.98;14.32;14.71;39633975;582261376.00
20150326;14.60;15.88;14.40;15.35;65172965;998320576.00
20150327;15.41;15.41;14.94;15.08;36743357;556960000.00
20150330;15.12;15.18;14.65;14.98;43070942;639477696.00
20150331;14.95;15.18;14.80;14.88;34649530;519597056.00
20150401;14.89;15.45;14.89;15.36;39688299;603039104.00
20150402;15.55;15.63;15.16;15.53;42238763;649877056.00
20150403;15.35;16.16;15.25;15.96;53374076;844293824.00
20150407;16.00;16.47;16.00;16.10;43269479;698719552.00
20150408;16.10;16.19;15.03;15.39;45213354;705048768.00
20150409;14.92;15.13;13.90;14.46;54399803;789062912.00
20150410;14.39;14.83;14.30;14.69;33223003;486014272.00
20150413;14.72;15.21;14.60;14.99;35916761;537758912.00
20150414;14.88;14.92;14.45;14.84;33693008;495846848.00
20150415;14.91;15.53;14.58;14.82;46877742;709926784.00
20150416;14.66;15.45;14.45;15.31;41259727;625180288.00
20150417;15.61;16.27;15.30;15.75;66290409;1046510400.00
20150420;15.60;15.98;14.95;15.12;49839631;773038400.00
20150421;15.17;15.69;15.02;15.64;34474463;531020352.00
20150422;15.73;16.18;15.62;15.86;46452922;737241792.00
20150423;15.88;16.97;15.71;16.52;63700510;1043627200.00
20150427;16.35;17.45;15.95;16.77;76241240;1272495744.00
20150428;16.50;16.70;15.15;15.32;50653509;804611072.00
20150429;15.20;15.70;15.05;15.64;25311909;391995040.00
20150430;15.60;15.90;15.28;15.28;25622630;401024864.00
20150504;15.28;15.96;14.80;15.91;30924042;479326368.00
20150505;15.86;16.35;15.15;15.39;32834580;520979840.00
20150506;15.58;15.94;15.08;15.17;28611817;444802464.00
20150507;15.17;15.20;14.03;14.06;26754046;387478912.00
20150508;14.15;14.47;14.05;14.45;22202914;317135168.00
20150511;14.57;15.07;14.55;15.03;25627166;379288416.00
20150512;15.15;15.42;14.76;15.16;28651051;432413440.00
20150513;14.98;15.89;14.75;15.66;39295547;610767808.00
20150514;15.60;15.98;15.47;15.73;31051288;489010688.00
20150515;15.68;16.44;15.53;16.06;44872592;721059200.00
20150518;15.98;16.59;15.85;16.45;44458439;723848640.00
20150519;16.48;16.58;15.90;16.29;37847445;612131456.00
20150520;16.16;16.97;16.12;16.37;46078222;767305536.00
20150521;16.37;17.09;16.04;17.04;54114920;897026304.00
20150522;17.15;17.44;16.56;16.80;49568972;840122816.00
20150525;16.66;17.81;16.51;17.59;52514944;900671744.00
20150526;17.68;18.42;17.48;18.11;56163188;1010059136.00
20150527;18.50;19.92;18.18;19.37;68234871;1298149632.00
20150528;19.20;19.56;17.43;17.43;60946258;1130592768.00
20150529;17.37;17.95;16.57;17.28;41855104;726385728.00
20150601;17.50;18.57;17.35;18.49;36817094;666921856.00
20150602;18.56;19.30;18.35;19.25;39111365;737924480.00
20150603;19.27;19.55;18.10;18.64;37437726;705008448.00
20150604;18.52;19.38;17.06;19.26;43578147;807342272.00
20150605;20.00;20.20;18.75;19.34;46981985;919020544.00
20150608;19.34;19.50;18.45;18.77;34112964;643596032.00
20150609;18.78;19.28;18.30;18.98;28802389;543736640.00
20150610;18.99;19.76;18.56;19.39;38133549;730691776.00
20150611;19.35;20.49;19.21;20.35;46320747;926044736.00
20150612;20.45;21.16;20.05;20.30;39386121;809516160.00
20150615;20.22;20.47;19.33;19.44;30236857;601138112.00
20150616;19.16;19.16;18.01;18.22;29786613;555991808.00
20150617;18.43;18.89;17.61;18.87;24350460;446291680.00
20150618;18.68;18.94;17.71;17.89;23109080;425863616.00
20150619;17.30;17.74;16.47;16.47;22055278;378970912.00
20150623;16.66;17.04;15.50;17.02;22508516;370618720.00
20150624;17.22;17.40;16.78;17.36;25269871;434086336.00
20150625;17.40;17.45;15.80;16.06;23043087;386255712.00
20150626;15.50;15.70;14.45;14.45;28702014;429103072.00
20150630;13.01;14.89;13.01;14.79;33272902;460026368.00
20150701;14.45;15.15;13.31;13.31;24391526;351794816.00
20150702;13.33;13.54;11.98;11.98;26642495;332549984.00
20150703;11.50;12.19;10.78;10.78;32961089;366094784.00
20150706;11.79;11.79;9.70;9.70;40780669;424107456.00
20150707;8.75;9.05;8.73;8.73;16084219;141139520.00
20151109;9.60;9.60;9.60;9.60;695707;6678787.00
20151110;10.56;10.56;10.56;10.56;50109;529151.06
20151111;11.62;11.62;11.62;11.62;347292;4035533.00
20151112;12.78;12.78;12.78;12.78;7153725;91424608.00
20151113;14.06;14.06;13.86;14.06;81635429;1147614464.00
20151116;14.06;14.60;13.26;13.62;84369226;1162544256.00
20151117;13.81;14.46;13.48;13.98;64557463;898274560.00
20151118;13.82;13.89;12.82;12.85;48199509;641071872.00
20151119;12.93;13.42;12.80;13.35;29546194;386492768.00
20151120;13.45;13.45;13.03;13.16;28265009;373783936.00
20151123;13.18;13.54;13.03;13.17;26670772;354959008.00
20151124;13.20;13.26;12.85;13.26;24138221;314514560.00
20151125;13.22;13.64;13.13;13.54;32671740;440650304.00
20151126;13.70;13.70;13.08;13.08;26476816;353598336.00
20151127;13.10;13.30;11.96;12.07;27153233;346932000.00
20151130;12.50;12.87;11.97;12.56;27357837;339350336.00
20151201;12.42;12.95;12.33;12.81;21788214;275521952.00
20151202;12.81;12.94;12.02;12.43;15915679;198014192.00
20151203;12.41;13.65;12.40;13.30;32998287;433206848.00
20151204;13.16;13.34;12.80;13.00;26550737;346914496.00
20151207;13.10;13.54;12.97;13.38;25931113;345180096.00
20151208;13.21;13.24;12.51;12.56;24969649;319890304.00
20151209;12.10;12.37;11.93;12.17;21254324;257608672.00
20151210;12.15;12.21;11.76;11.84;17571763;210566336.00
20151211;11.70;12.02;11.60;11.73;11376809;135062352.00
20151214;11.41;11.97;11.30;11.92;14528488;168386256.00
20151215;11.90;12.12;11.85;11.97;11664876;140148320.00
20151216;12.01;12.49;12.01;12.24;18353980;225435168.00
20151217;12.22;12.48;12.22;12.41;18020589;223006016.00
20151218;12.49;12.78;12.35;12.43;19744545;247548272.00
20151221;12.37;12.56;12.24;12.48;14433482;178658336.00
20151222;12.55;12.92;12.45;12.80;20856779;265560112.00
20151223;13.03;13.32;12.71;12.80;31999694;418982400.00
20151224;12.96;13.19;12.68;13.10;18969220;245412432.00
20151225;13.01;13.13;12.77;12.88;15146482;196092672.00
20151228;12.97;13.02;12.30;12.31;18656967;236204704.00
20151229;12.20;12.38;12.15;12.31;13224387;162108288.00
20151230;12.45;12.57;12.29;12.45;10674803;132714056.00
20151231;12.56;12.56;12.21;12.21;9548900;118085080.00
20160104;12.22;12.28;11.00;11.02;11337495;132263264.00
20160105;10.40;10.98;9.92;10.44;20642679;216665616.00
20160106;10.47;10.75;10.36;10.75;13701103;145075616.00
20160107;10.50;10.51;9.68;9.69;5200831;52141064.00
20160108;9.95;10.07;9.14;9.73;16275270;158656400.00
20160111;9.38;9.82;8.76;8.77;17782562;165908048.00
20160112;8.91;9.20;8.86;9.15;16943879;153612016.00
20160113;9.20;9.23;8.76;8.79;12281263;110910560.00
20160114;8.53;9.38;8.52;9.29;14593504;130933296.00
20160115;9.20;9.23;8.62;8.73;14440302;129682344.00
20160118;8.42;9.13;8.42;9.00;14328557;126384096.00
20160119;8.94;9.50;8.83;9.41;18005505;165491472.00
20160120;9.33;9.47;9.12;9.24;13281180;123369432.00
20160121;9.06;9.34;8.76;8.80;12842894;116808840.00
20160122;8.95;9.09;8.70;9.00;8754900;78211208.00
20160125;9.30;9.87;9.22;9.48;26432412;251872848.00
20160126;9.21;9.32;8.53;8.56;19515514;175026736.00
20160127;8.70;8.78;8.10;8.73;15967272;135841840.00
20160128;8.72;8.72;8.19;8.25;10257794;86791696.00
20160129;8.40;8.74;8.30;8.64;11722462;100453360.00
20160201;8.64;8.80;8.30;8.42;10839079;92507680.00
20160202;8.33;8.79;8.33;8.72;13068915;113007952.00
20160203;8.60;8.75;8.41;8.63;11381138;97174152.00
20160204;8.78;9.06;8.76;9.01;16035602;143068112.00
20160205;9.00;9.20;8.89;9.01;12286567;111012016.00
20160215;8.76;9.18;8.65;9.15;10889440;97168008.00
20160216;9.31;9.51;9.21;9.45;20510019;192030848.00
20160217;9.39;9.45;9.19;9.41;16149379;150728704.00
20160218;9.60;9.90;9.33;9.39;21162822;203177312.00
20160226;9.30;9.50;8.61;8.97;20138833;180629200.00
20160229;8.75;8.87;8.07;8.11;15533963;128209224.00
20160301;8.09;8.35;7.91;8.25;11522932;94215792.00
20160302;8.25;8.66;8.21;8.64;14878848;125741072.00
20160303;8.66;8.90;8.60;8.63;15268978;133125592.00
20160304;8.60;8.70;8.19;8.27;12835944;108845776.00
20160307;8.40;8.73;8.40;8.63;12684399;108858816.00
20160308;8.86;9.49;8.86;9.49;30553752;281282944.00
20160309;9.21;9.55;9.07;9.35;27667649;257523680.00
20160310;9.46;9.46;8.90;8.91;20417779;185697744.00
20160311;8.73;9.17;8.57;9.10;16098404;142609776.00
20160314;9.28;9.65;9.08;9.36;24887017;233556080.00
20160315;9.26;9.49;9.14;9.16;16578958;154399712.00
20160316;9.35;9.37;8.85;9.01;13663956;123912704.00
20160317;9.15;9.44;9.15;9.34;20869368;194098416.00
20160318;9.46;9.77;9.41;9.68;26521832;254790576.00
20160321;9.75;10.06;9.54;10.03;31380511;307714080.00
20160322;9.91;10.02;9.80;9.92;20303845;201037424.00
20160323;9.85;10.13;9.82;10.01;18025978;179697040.00
20160324;9.83;9.86;9.60;9.61;21612229;210600176.00
20160325;9.61;9.75;9.52;9.74;11536354;111190640.00
20160328;9.85;10.01;9.65;9.74;17421385;171805920.00
20160329;9.68;9.73;9.10;9.36;18820520;176915968.00
20160330;9.42;9.80;9.37;9.77;16688147;160495344.00
20160331;9.77;9.83;9.56;9.64;17383672;168312992.00
20160401;9.60;9.63;9.27;9.47;13091314;123489256.00
20160405;9.40;9.74;9.36;9.73;18208404;174708224.00
20160406;9.79;10.05;9.70;9.98;26695144;263479984.00
20160407;10.10;10.18;9.68;9.69;20662196;204661040.00
20160408;9.56;9.65;9.41;9.57;11548486;110224976.00
20160411;9.73;9.94;9.70;9.91;20049288;197427808.00
20160412;9.90;10.90;9.87;10.45;50479901;523402240.00
20160413;10.76;11.50;10.66;11.11;85805952;959538176.00
20160421;11.00;11.68;10.57;11.16;76096560;857543808.00
20160422;11.01;11.86;10.98;11.83;48757887;563186752.00
20160425;11.91;12.24;11.45;11.75;45382812;542660800.00
20160426;11.60;11.99;11.33;11.92;30022140;349632672.00
20160427;11.91;12.84;11.67;12.76;48372235;595241536.00
20160428;12.52;12.85;12.32;12.50;28129563;352183168.00
20160429;12.49;12.74;12.07;12.13;20441552;252687968.00
20160503;12.04;12.64;12.04;12.53;21749672;270147808.00
20160504;12.45;13.00;12.35;12.43;26523146;337128896.00
20160505;12.40;12.63;12.27;12.57;17932401;223781904.00
20160506;12.61;13.18;12.33;12.66;45198177;578333696.00
20160509;12.59;12.66;11.39;11.55;37819583;457828640.00
20160510;11.60;11.77;11.38;11.70;16203394;188082784.00
20160511;11.70;12.13;11.70;11.82;19296810;229830448.00
20160512;11.82;12.04;11.41;11.79;15933300;186462256.00
20160513;11.80;12.03;11.21;11.34;18429664;214673344.00
20160516;11.50;12.47;11.50;12.47;43572557;530589024.00
20160517;12.38;13.13;12.25;12.89;45119037;571951616.00
20160518;12.79;12.88;12.18;12.45;25493634;318408800.00
20160519;12.58;12.97;12.35;12.46;28427422;360137504.00
20160520;12.22;12.78;12.12;12.70;21773430;271708832.00
20160523;12.85;12.96;12.55;12.61;15641379;198571536.00
20160524;12.60;13.15;12.36;13.10;35323635;454725888.00
20160525;13.08;13.47;12.73;12.78;25787407;337168736.00
20160526;12.65;12.99;12.43;12.98;22050811;280642624.00
20160527;12.88;13.07;12.68;12.68;15009325;192707968.00
20160530;12.56;12.80;12.51;12.59;11415899;144358336.00
20160531;12.68;13.36;12.61;13.27;37769381;494557760.00
20160601;13.30;13.72;13.10;13.66;39718672;532698656.00
20160602;13.59;13.73;13.32;13.51;23438655;316274272.00
20160603;13.40;13.62;12.95;12.97;32998361;435305984.00
20160606;13.03;13.36;13.03;13.30;24736653;326626144.00
20160607;13.23;13.35;13.01;13.11;15696618;205869808.00
20160608;13.13;13.35;12.98;13.31;21313965;281298112.00
20160613;13.10;13.63;12.81;12.93;42452143;564090752.00
20160614;12.93;13.06;12.30;12.50;27927822;354642688.00
20160615;12.32;12.83;12.09;12.18;59860049;745223232.00
20160616;12.09;12.09;11.49;11.89;54602518;641096832.00
20160617;11.85;11.94;11.64;11.85;35423967;418575104.00
20160620;11.90;11.97;11.73;11.88;21138712;249771456.00
20160621;11.98;12.54;11.93;12.32;46271287;565876992.00
20160622;12.27;12.83;12.25;12.66;47613352;597089408.00
20160623;12.61;12.77;12.32;12.35;33068425;414282624.00
20160624;12.34;12.64;11.51;12.03;31501713;383180192.00
20160627;12.04;12.13;11.81;12.09;24217164;290355744.00
20160628;12.00;12.03;10.88;10.88;85835481;963498752.00
20160629;10.88;10.94;10.52;10.84;49887341;534510016.00
20160630;10.76;10.95;10.67;10.79;29585758;320381568.00
