20110322;39.80;40.84;39.52;40.11;4930370;197772592.00
20110323;40.02;40.80;40.01;40.23;1937606;77990440.00
20110324;40.10;40.18;39.81;39.90;1407297;56238440.00
20110325;39.75;39.90;39.55;39.80;1110923;44077332.00
20110328;39.82;39.94;39.40;39.44;1070460;42336808.00
20110329;39.44;39.44;38.60;38.61;1029539;39962700.00
20110330;38.60;38.61;38.00;38.10;634094;24263102.00
20110331;38.20;38.56;38.12;38.30;331874;12728996.00
20110401;38.35;38.57;38.35;38.53;231930;8918368.00
20110406;38.45;38.45;38.11;38.17;334621;12787262.00
20110407;38.22;38.57;38.22;38.33;273231;10486294.00
20110408;38.40;38.48;38.19;38.42;238746;9157001.00
20110411;38.50;38.55;38.12;38.13;356700;13666194.00
20110412;38.13;38.36;38.11;38.13;220741;8426862.00
20110413;38.10;38.38;38.01;38.38;196758;7529748.50
20110414;38.48;38.48;38.09;38.11;205959;7871247.50
20110415;38.06;38.22;38.06;38.13;236669;9018017.00
20110418;38.13;38.20;38.00;38.05;226050;8604870.00
20110419;38.01;38.01;37.60;37.74;412349;15569878.00
20110420;37.74;37.98;37.60;37.91;258317;9752528.00
20110421;38.06;38.33;37.91;38.14;289752;11060927.00
20110422;38.14;38.15;37.80;37.82;260767;9872550.00
20110425;37.82;37.87;37.61;37.66;207947;7836641.50
20110426;37.60;37.65;37.16;37.19;265977;9948465.00
20110427;37.25;37.45;36.55;36.60;277249;10236149.00
20110428;36.89;36.99;35.23;35.35;453215;16242878.00
20110429;35.35;35.60;35.04;35.39;226027;7970284.00
20110503;35.20;36.00;35.20;35.60;130288;4626193.00
20110504;35.60;35.75;35.02;35.08;199500;7023161.00
20110505;35.58;35.58;35.03;35.33;114995;4064347.00
20110506;35.33;35.74;35.08;35.54;207642;7378739.50
20110509;35.60;35.89;35.51;35.60;157321;5620197.50
20110510;35.80;35.81;35.50;35.62;95705;3404199.50
20110511;35.62;35.98;35.45;35.81;158085;5634398.50
20110512;35.81;35.82;35.41;35.57;101799;3620006.00
20110513;35.36;35.60;35.28;35.40;126390;4476319.00
20110516;35.40;35.76;35.40;35.50;75300;2681642.25
20110517;35.42;35.64;35.20;35.49;97139;3437733.00
20110518;35.40;35.56;35.16;35.41;75000;2653484.00
20110519;35.66;35.66;35.17;35.20;93600;3314067.00
20110520;35.16;35.37;35.11;35.11;75859;2667535.00
20110523;35.04;35.11;33.79;33.80;367525;12552915.00
20110524;33.55;34.16;33.34;33.98;184859;6234981.50
20110525;34.01;34.35;33.33;33.35;94700;3189961.00
20110526;33.38;33.75;32.60;32.61;160499;5305146.00
20110527;32.63;32.99;31.58;31.71;252493;8055520.50
20110530;31.66;32.10;31.20;31.21;170110;5400785.50
20110531;31.20;31.50;31.09;31.50;136900;4291199.50
20110601;31.48;31.79;31.31;31.68;115790;3661585.50
20110602;31.47;31.47;31.09;31.18;147618;4600069.00
20110603;31.12;31.55;31.12;31.55;137865;4339009.00
20110607;31.54;32.36;31.54;32.18;234281;7535439.00
20110608;31.98;32.09;31.69;32.00;108416;3453550.75
20110609;31.71;31.96;31.33;31.33;110667;3495250.50
20110610;31.30;31.52;31.20;31.42;113449;3557561.75
20110613;31.35;31.42;31.01;31.40;83661;2613889.25
20110614;31.40;31.80;31.39;31.70;154449;4884924.50
20110615;31.77;31.80;31.34;31.34;117750;3709182.00
20110617;31.01;31.35;30.50;30.50;231301;7114905.50
20110620;30.47;30.50;29.87;29.87;149650;4495065.50
20110621;29.86;30.27;29.55;29.80;103739;3089006.75
20110622;29.65;29.70;28.20;28.20;1331998;38098112.00
20110623;28.33;28.78;27.65;28.72;1128023;31846638.00
20110624;28.41;29.45;28.30;29.39;1036055;30093188.00
20110627;29.39;29.95;29.31;29.65;527154;15635889.00
20110628;29.50;29.64;29.21;29.55;399894;11746349.00
20110629;29.30;29.65;29.20;29.26;339735;10003988.00
20110630;29.22;29.60;29.22;29.49;290816;8573338.00
20110701;29.50;29.89;29.38;29.70;449025;13334257.00
20110704;29.80;30.19;29.80;30.19;527276;15838040.00
20110705;30.28;30.40;30.06;30.31;429784;12999079.00
20110706;30.31;30.94;30.13;30.90;626940;19150066.00
20110707;31.00;32.38;30.91;31.85;1287292;40969732.00
20110708;31.80;31.99;31.51;31.68;545000;17267960.00
20110711;31.58;31.98;31.35;31.98;367589;11713307.00
20110712;31.75;31.76;30.78;30.80;787377;24518090.00
20110713;30.71;31.50;30.71;31.43;550021;17192774.00
20110714;31.60;32.30;31.27;32.30;982261;31468110.00
20110715;32.31;33.67;32.30;33.30;1869433;62244220.00
20110718;33.35;34.55;33.35;33.41;1422938;48102492.00
20110719;33.39;33.39;32.50;32.50;929526;30507218.00
20110720;32.70;33.22;32.22;32.80;645660;21166910.00
20110721;32.78;32.95;32.35;32.38;443018;14446282.00
20110722;32.41;33.30;32.41;32.96;675054;22310378.00
20110725;32.86;33.68;31.82;31.93;1019162;33405004.00
20110726;31.99;32.29;31.80;32.16;300413;9618737.00
20110727;32.13;33.30;31.97;33.30;733733;24161964.00
20110728;32.88;33.68;32.60;33.35;893683;29646898.00
20110729;33.35;33.95;32.80;32.94;715596;23817200.00
20110801;32.94;33.61;32.56;33.40;627630;20783638.00
20110802;33.33;33.33;32.46;33.29;634411;20817090.00
20110803;32.88;33.80;32.60;33.59;941326;31530886.00
20110804;33.60;34.00;33.13;33.58;653263;21854668.00
20110805;32.65;33.03;32.39;32.53;703428;23020866.00
20110808;32.40;32.40;29.31;29.85;1115148;34165192.00
20110809;29.05;30.47;28.60;30.34;541037;16148085.00
20110810;30.93;31.05;30.35;30.41;516626;15907674.00
20110811;29.99;30.93;29.80;30.92;393096;12000165.00
20110812;31.24;31.48;31.00;31.23;380288;11906560.00
20110815;31.50;31.68;31.22;31.62;290738;9170454.00
20110816;31.80;31.80;31.32;31.48;283131;8911507.00
20110817;31.63;31.64;31.05;31.15;262100;8188420.50
20110818;31.16;31.26;30.62;30.62;263797;8168655.50
20110819;30.30;30.32;29.72;30.32;345454;10369726.00
20110823;30.00;31.48;29.90;31.42;537915;16553844.00
20110824;31.43;32.28;31.32;31.74;941714;30052184.00
20110825;31.73;31.94;31.41;31.91;663056;21019196.00
20110826;31.80;32.74;31.64;32.50;1103918;35842516.00
20110829;32.50;32.60;32.16;32.22;496690;16074373.00
20110830;32.28;32.50;31.36;31.36;609349;19487520.00
20110831;31.31;31.57;30.85;31.06;258363;8046682.50
20110901;31.01;31.35;30.75;30.86;267028;8280640.00
20110902;30.94;30.96;30.23;30.38;348954;10630212.00
20110905;30.20;30.73;30.20;30.35;274360;8366574.00
20110906;30.34;30.51;29.88;29.92;245241;7363281.50
20110907;30.13;30.50;29.96;30.47;147199;4450211.00
20110908;30.70;30.70;30.00;30.10;148850;4531493.00
20110909;30.15;30.48;29.91;29.99;136035;4099618.50
20110913;30.00;30.00;29.50;29.98;152951;4549796.00
20110914;29.89;30.15;29.70;30.15;104486;3129683.50
20110915;30.36;30.48;30.20;30.33;134579;4085815.00
20110916;30.56;30.57;30.30;30.33;88780;2693800.00
20110919;30.02;30.03;29.75;29.82;90499;2703343.25
20110920;29.82;30.24;29.75;29.97;81449;2439684.75
20110921;30.01;30.68;30.00;30.61;208390;6353780.50
20110922;30.50;30.60;29.88;29.89;177390;5350387.00
20110923;29.68;30.15;29.35;29.88;153800;4571477.50
20110926;29.88;30.00;29.43;29.49;107500;3197993.50
20110927;29.56;29.99;29.31;29.47;85700;2531229.00
20110928;29.52;29.84;29.20;29.21;126102;3721823.00
20110930;28.80;29.30;28.66;28.76;145435;4198706.00
20111010;28.79;29.29;28.71;28.84;74335;2146562.00
20111011;29.10;29.60;28.08;28.16;168254;4830434.00
20111012;28.40;29.19;27.78;29.01;195271;5600675.00
20111013;28.90;29.46;28.90;29.18;203930;5968557.00
20111014;29.11;29.30;29.01;29.29;96975;2825398.75
20111017;29.35;29.37;29.00;29.28;118054;3447922.00
20111018;29.28;29.37;28.61;28.61;120910;3491218.50
20111019;28.75;28.80;28.50;28.58;58019;1661724.50
20111020;28.48;28.49;27.18;27.30;483888;13357090.00
20111021;27.30;27.70;27.06;27.18;109980;3005487.25
20111024;27.48;27.48;27.05;27.41;125794;3430362.50
20111025;27.45;27.95;27.28;27.90;322861;8918161.00
20111026;27.61;28.16;27.30;27.78;428969;11922668.00
20111027;28.00;28.00;27.64;27.66;215465;5986710.00
20111028;27.79;28.10;27.74;28.06;275904;7700732.50
20111031;28.10;28.35;27.99;28.27;234689;6621621.50
20111101;28.01;28.37;27.97;28.34;214899;6066010.00
20111102;27.89;28.86;27.72;28.73;308474;8705435.00
20111103;28.90;29.19;28.75;28.75;549657;15907283.00
20111104;28.91;29.05;28.70;28.88;279996;8080008.00
20111107;29.02;29.10;28.80;28.84;235040;6800207.00
20111108;28.90;28.94;28.40;28.44;177695;5094159.00
20111109;28.48;28.86;28.42;28.82;145288;4158120.75
20111110;28.76;29.29;28.46;29.06;519845;15062174.00
20111111;29.17;29.57;28.93;29.22;532959;15594911.00
20111114;29.33;29.90;29.33;29.74;431638;12796770.00
20111115;29.74;29.80;29.36;29.50;273286;8075725.50
20111116;29.37;29.64;28.46;28.67;432184;12486241.00
20111117;28.67;29.30;28.67;29.02;261783;7584635.00
20111118;28.76;29.29;28.40;28.45;356612;10275756.00
20111121;28.57;28.57;27.88;28.09;223688;6291366.00
20111122;27.26;27.88;27.26;27.64;179082;4941305.00
20111123;27.65;27.98;27.50;27.60;186558;5163835.00
20111124;27.55;27.85;27.32;27.70;108957;3006480.25
20111125;27.86;28.10;27.60;27.90;181821;5083459.50
20111128;27.79;28.10;27.79;27.90;130847;3649073.75
20111129;28.18;28.19;27.88;28.09;123672;3460291.50
20111130;28.09;28.09;26.89;27.11;374525;10237449.00
20111201;27.55;27.88;27.47;27.60;230353;6380427.00
20111202;27.50;27.62;26.88;26.99;148803;4035967.25
20111205;26.99;26.99;26.41;26.42;210600;5607868.50
20111206;26.41;26.69;26.35;26.59;71462;1891769.25
20111207;26.69;26.77;26.59;26.63;46600;1242502.25
20111208;26.60;26.85;26.37;26.65;64886;1726377.13
20111209;26.65;26.73;26.30;26.40;78810;2084546.38
20111212;26.31;26.58;26.28;26.33;67711;1785833.00
20111213;26.28;26.28;25.53;25.65;133439;3437712.50
20111214;25.53;25.79;25.30;25.31;72449;1849081.88
20111215;25.40;25.40;24.61;24.70;139298;3459786.50
20111216;24.50;25.02;24.47;25.02;126244;3122566.75
20111219;24.80;25.10;24.30;25.01;122702;3029423.25
20111220;24.80;25.09;24.52;24.97;122385;3047298.00
20111221;25.06;25.10;24.42;24.44;131300;3268043.50
20111222;24.44;24.44;23.56;23.79;146300;3473849.50
20111223;23.61;24.10;23.60;23.79;188414;4486899.00
20111226;23.72;23.90;23.60;23.60;56300;1335955.00
20111227;23.58;23.58;22.55;22.65;235300;5409504.00
20111228;22.60;22.64;21.50;21.86;285600;6238218.00
20111229;21.70;21.94;21.65;21.81;106876;2334240.25
20111230;22.00;22.13;21.86;22.00;110964;2442723.50
20120104;22.11;22.38;21.60;21.76;112700;2487609.00
20120105;21.69;21.69;20.68;20.83;148150;3145166.50
20120106;20.68;20.68;19.69;20.05;222168;4453609.50
20120109;20.24;20.70;19.50;20.70;384062;7743567.00
20120110;20.43;21.69;20.43;21.68;375424;7939638.00
20120111;21.70;22.12;21.51;21.80;237401;5178158.50
20120112;21.80;21.93;21.38;21.50;197330;4267492.50
20120113;21.58;21.59;20.32;20.44;263977;5460104.00
20120116;20.35;20.54;19.95;19.95;124400;2505916.00
20120117;19.90;20.85;19.80;20.80;190840;3904488.25
20120118;20.80;20.80;20.00;20.05;405040;8276595.50
20120119;20.00;20.31;19.74;19.98;381502;7604864.00
20120120;19.97;20.17;19.82;20.12;360373;7213923.50
20120130;20.20;20.27;19.90;20.13;220610;4438028.00
20120131;20.08;20.08;19.60;19.67;313100;6170222.00
20120201;19.65;20.03;19.63;19.76;241031;4781802.00
20120202;19.71;20.28;19.71;20.27;382672;7685250.00
20120203;20.27;20.80;20.27;20.80;722783;14896430.00
20120206;20.81;21.50;20.80;21.27;836553;17789996.00
20120207;21.28;21.28;20.50;20.70;432599;9022136.00
20120208;20.60;21.34;20.55;21.30;399452;8408795.00
20120209;21.38;21.57;21.22;21.40;555069;11891402.00
20120210;21.40;21.60;21.25;21.32;404957;8677402.00
20120213;21.10;21.69;21.00;21.54;513911;11026939.00
20120214;21.50;21.70;21.30;21.38;410147;8796999.00
20120215;21.38;21.67;21.20;21.67;663267;14254660.00
20120216;21.62;22.20;21.62;21.84;922990;20177864.00
20120217;21.85;21.97;21.46;21.60;424892;9191451.00
20120220;21.85;22.00;21.67;21.71;482521;10512021.00
20120221;21.66;21.90;21.34;21.87;318185;6893105.00
20120222;21.86;22.59;21.82;22.54;1074355;23942236.00
20120223;22.60;22.94;22.48;22.79;899534;20426836.00
20120227;22.98;22.99;22.51;22.56;1026039;23325004.00
20120228;22.45;22.45;21.83;22.03;754819;16698541.00
20120229;22.00;22.25;21.85;21.90;400767;8816337.00
20120301;21.90;22.11;21.75;21.92;348572;7666243.50
20120302;22.10;22.20;21.92;22.19;427169;9448292.00
20120305;22.21;22.30;22.13;22.25;421924;9383634.00
20120306;22.18;22.20;21.81;21.91;291905;6408139.00
20120307;21.79;22.06;21.70;21.86;328457;7202635.50
20120308;21.82;22.25;21.82;22.16;352028;7781181.00
20120309;22.20;22.74;22.20;22.72;770863;17384930.00
20120312;22.78;22.96;22.49;22.73;580400;13189068.00
20120313;22.80;22.94;22.63;22.92;613110;13978089.00
20120314;24.88;25.21;24.88;25.21;4833528;121762528.00
20120315;25.20;25.29;23.70;24.28;3892619;95452072.00
20120316;24.08;24.80;23.80;24.43;2133421;51700700.00
20120319;24.15;24.37;23.57;24.13;1601633;38354028.00
20120320;24.05;24.05;23.07;23.18;1182048;27720998.00
20120321;23.13;23.50;22.85;23.45;940490;21830740.00
20120322;23.40;23.83;23.01;23.47;700678;16479466.00
20120323;23.68;23.68;22.90;23.00;506310;11697369.00
20120326;23.01;23.10;22.70;23.00;358135;8222637.00
20120327;23.20;23.26;22.73;22.77;409611;9377991.00
20120328;22.70;22.70;20.92;20.96;976998;21122868.00
20120329;20.80;20.80;20.25;20.30;572039;11704805.00
20120330;20.31;20.58;20.05;20.10;301458;6106250.00
20120405;20.17;20.53;20.06;20.44;389364;7917585.00
20120406;20.35;20.58;20.20;20.40;404460;8255237.00
20120409;20.40;20.56;20.10;20.26;196394;4007637.00
20120410;20.30;20.44;19.85;20.35;374071;7521909.50
20120411;20.09;20.39;20.09;20.28;215223;4356470.00
20120412;20.30;20.80;20.28;20.75;376981;7745220.50
20120413;20.76;20.90;20.60;20.88;354202;7369230.00
20120416;20.79;20.80;20.55;20.70;215248;4444765.50
20120417;20.65;20.95;20.58;20.63;234590;4867602.50
20120418;20.66;20.95;20.53;20.92;303812;6310786.50
20120419;20.90;21.09;20.75;21.00;329413;6894424.00
20120420;20.85;21.20;20.63;21.12;287720;6035269.50
20120423;21.08;21.08;19.85;20.00;791846;16010654.00
20120424;19.85;20.20;19.57;19.73;416095;8251760.50
20120426;20.00;20.46;20.00;20.15;349791;7080488.50
20120427;20.15;20.21;20.01;20.16;180328;3628912.25
20120502;20.20;20.63;20.20;20.49;353790;7231436.50
20120503;20.50;20.80;20.44;20.68;213986;4418700.50
20120504;20.73;20.85;20.71;20.79;243109;5054953.00
20120507;20.49;20.97;20.40;20.88;372548;7742242.00
20120508;20.88;21.20;20.70;21.01;385109;8069856.00
20120509;21.00;21.00;20.58;20.63;291999;6047923.50
20120510;20.64;21.64;20.63;21.00;428006;9056636.00
20120511;21.04;21.38;20.70;21.30;546979;11580015.00
20120514;21.50;21.96;21.11;21.71;777188;16859948.00
20120515;21.61;21.69;21.15;21.25;367810;7842353.00
20120516;21.05;21.37;21.02;21.05;243277;5155837.00
20120517;20.96;21.25;20.96;21.23;233049;4913969.00
20120518;20.93;20.95;19.80;20.05;412299;8381395.50
20120521;20.22;20.24;19.95;19.99;224001;4500139.50
20120522;20.11;20.48;20.11;20.36;167077;3395923.75
20120523;20.20;20.37;20.00;20.16;205301;4132340.00
20120524;20.03;20.29;20.03;20.08;170680;3436126.75
20120525;20.08;20.13;19.81;19.85;206698;4122659.25
20120528;19.85;19.86;19.52;19.85;275981;5447850.50
20120529;19.90;20.16;19.90;20.15;205991;4133798.25
20120530;20.17;20.28;20.05;20.22;220744;4453857.00
20120531;20.10;20.50;20.10;20.38;260110;5306727.00
20120601;20.51;20.51;20.28;20.34;167431;3411437.25
20120604;20.18;20.18;19.83;19.83;215942;4313320.50
20120605;19.80;20.09;19.80;19.90;153687;3064666.75
20120606;19.89;20.07;19.76;19.78;127099;2523971.25
20120607;19.99;19.99;19.68;19.72;170774;3382532.00
20120608;19.77;19.90;19.66;19.68;108075;2136684.25
20120611;19.78;20.10;19.68;20.06;158839;3168659.00
20120612;19.90;20.28;19.90;20.15;196251;3955846.25
20120613;20.30;20.59;20.12;20.44;345472;7047086.50
20120614;20.55;20.55;20.16;20.24;243001;4957489.00
20120615;20.40;20.97;20.28;20.74;655977;13596281.00
20120618;20.75;21.44;20.67;21.30;1014468;21465734.00
20120619;21.31;21.93;21.03;21.60;1598696;34518232.00
20120620;21.60;21.60;21.01;21.05;830233;17587254.00
20120621;21.00;21.03;20.59;20.78;444448;9208100.00
20120625;20.88;21.50;20.62;20.66;447393;9391391.00
20120626;20.60;20.65;20.06;20.36;369771;7500886.00
20120627;20.36;20.92;20.36;20.37;350427;7225438.50
20120628;20.37;20.76;20.37;20.44;328649;6762761.00
20120629;20.30;21.29;20.27;21.24;716850;14997105.00
20120702;21.20;21.75;21.20;21.45;923989;19873544.00
20120703;21.31;21.70;21.31;21.52;588752;12664944.00
20120704;21.52;21.53;21.15;21.17;492035;10497132.00
20120705;21.10;21.70;20.88;21.69;774768;16509470.00
20120706;21.71;22.53;21.56;22.15;1572125;34648724.00
20120709;22.00;22.45;21.55;21.60;1269436;28179496.00
20120710;21.50;21.57;21.06;21.06;510559;10859508.00
20120711;20.89;21.40;20.76;21.35;469697;9900353.00
20120712;21.35;21.88;21.12;21.75;679411;14664114.00
20120713;21.54;21.54;20.79;21.00;1095457;23092612.00
20120716;21.00;21.03;19.77;19.78;782031;15870392.00
20120717;19.68;19.90;19.63;19.72;280409;5540645.00
20120718;19.90;19.90;19.38;19.65;365596;7137134.50
20120719;19.70;20.09;19.51;19.99;276225;5519448.00
20120720;19.99;20.16;19.80;19.86;176255;3513757.25
20120723;19.70;19.79;19.55;19.74;160041;3143821.25
20120724;19.78;20.12;19.58;19.99;393008;7830754.50
20120725;20.08;20.11;19.62;19.75;318634;6346369.00
20120726;19.89;19.96;19.68;19.75;138038;2735490.75
20120727;19.91;20.35;19.86;19.93;170562;3407211.50
20120730;19.97;20.06;19.48;19.48;219951;4309764.50
20120731;19.42;19.48;19.15;19.22;194222;3734938.00
20120801;19.38;19.46;19.23;19.29;130131;2516013.50
20120802;19.21;19.68;19.21;19.46;185270;3612667.75
20120803;19.41;19.82;19.41;19.80;180108;3544713.25
20120806;19.83;20.28;19.62;20.28;269628;5385326.00
20120807;20.23;20.25;19.93;20.08;287748;5772474.00
20120808;19.98;20.07;19.72;19.98;301853;5999148.00
20120809;20.00;20.15;19.82;20.13;331652;6649284.50
20120810;20.20;20.20;19.99;19.99;226333;4544730.00
20120813;19.99;20.26;19.90;20.01;413840;8325572.00
20120814;20.18;20.38;19.85;20.37;367254;7388373.00
20120815;20.35;20.35;20.11;20.15;194903;3938063.25
20120816;20.14;20.15;19.92;19.93;161235;3225702.00
20120817;19.93;20.00;19.81;19.90;110408;2195599.75
20120820;19.84;19.84;19.48;19.64;223021;4378832.50
20120821;19.80;20.36;19.79;20.24;492827;9948619.00
20120822;20.14;20.32;20.08;20.15;224121;4521966.00
20120823;20.08;20.34;20.08;20.31;265478;5374685.00
20120824;20.29;20.30;19.76;19.77;299481;5994973.50
20120827;19.70;19.85;19.61;19.68;117970;2325732.75
20120828;19.79;19.97;19.65;19.88;115101;2277577.75
20120829;19.85;20.06;19.68;19.87;118601;2360588.75
20120830;19.81;20.07;19.65;19.71;223591;4446015.50
20120831;19.70;20.02;19.65;19.74;185656;3689803.00
20120903;19.84;20.12;19.71;20.04;237382;4757682.00
20120904;20.05;20.37;20.05;20.10;332955;6728743.50
20120905;20.24;20.84;20.18;20.69;838253;17255922.00
20120906;20.86;20.91;20.61;20.88;597625;12425864.00
20120907;20.94;21.97;20.94;21.87;1100533;23754322.00
20120910;21.86;22.05;21.35;22.02;931074;20259748.00
20120911;21.88;21.94;21.50;21.90;559548;12128664.00
20120912;21.89;22.01;21.74;22.00;459200;10052798.00
20120913;22.00;22.28;21.81;21.91;703416;15502681.00
20120914;21.94;21.99;21.75;21.95;546476;11929883.00
20120917;21.81;22.38;21.75;21.90;961312;21271782.00
20120918;21.70;22.40;21.25;21.57;1062654;23075808.00
20120919;21.60;22.00;21.49;21.82;870615;18985730.00
20120920;21.75;21.83;21.00;21.20;520241;11121960.00
20120921;21.25;21.25;19.80;20.79;1511693;31117906.00
20120924;20.49;20.58;19.97;20.21;1460793;29556792.00
20120925;20.11;20.28;19.54;19.60;497358;9840893.00
20120926;19.65;19.65;19.02;19.02;413064;7983649.00
20120927;19.02;19.60;19.02;19.44;212312;4107720.00
20120928;19.31;19.90;19.31;19.90;182788;3598637.75
20121008;19.72;19.97;19.71;19.78;106798;2118208.75
20121009;19.99;20.15;19.85;20.13;359804;7211161.00
20121010;20.03;20.23;20.00;20.21;215674;4335628.50
20121011;20.15;20.15;19.68;19.68;273345;5445354.00
20121012;19.80;20.00;19.62;19.86;127813;2531329.00
20121015;19.61;19.85;19.57;19.59;141193;2772926.75
20121016;19.79;19.96;19.75;19.92;177806;3535010.50
20121017;19.97;19.98;19.62;19.75;111276;2199895.00
20121018;19.90;20.04;19.80;20.00;150105;2992501.00
20121019;20.00;20.10;19.88;20.02;147515;2952291.50
20121022;20.00;20.06;19.80;20.00;125828;2505836.25
20121023;19.95;20.09;19.85;19.88;86850;1732708.50
20121024;19.80;19.92;19.71;19.83;106200;2103505.00
20121025;19.83;20.04;19.76;19.89;135350;2692640.50
20121026;19.89;19.97;19.64;19.74;208700;4124383.25
20121029;19.74;19.81;19.63;19.71;80829;1595690.63
20121030;19.70;19.82;19.68;19.77;51600;1018748.56
20121031;19.69;19.79;19.63;19.69;203538;4001529.00
20121101;19.61;20.00;19.61;20.00;480948;9529810.00
20121102;19.90;20.00;19.81;19.94;121485;2421116.00
20121105;19.93;19.95;19.81;19.92;92338;1837741.75
20121106;19.92;19.92;19.62;19.80;86900;1713945.00
20121107;19.85;19.85;19.64;19.73;203698;4015605.50
20121108;19.63;19.89;19.52;19.52;178983;3529918.25
20121109;19.55;19.67;19.50;19.59;138450;2709122.25
20121112;19.70;19.70;19.53;19.55;77200;1512911.00
20121113;19.55;19.55;19.10;19.10;168100;3248909.00
20121114;19.13;19.20;18.82;18.93;237071;4496994.50
20121115;18.87;18.99;18.30;18.35;203217;3787680.00
20121116;18.35;18.50;18.30;18.40;93980;1725528.63
20121119;18.37;18.67;18.36;18.60;87550;1618627.38
20121120;18.60;18.70;18.38;18.38;116500;2156025.00
20121121;18.50;18.60;18.34;18.49;103184;1907209.25
20121122;18.43;18.61;18.43;18.55;77003;1427627.50
20121123;18.46;18.68;18.46;18.55;45533;846073.19
20121126;18.43;18.58;18.40;18.41;74600;1377149.00
20121127;18.33;18.33;17.50;17.50;189622;3381088.25
20121128;17.45;17.90;16.75;16.90;487164;8433111.00
20121129;16.90;17.10;16.47;16.52;223690;3758815.75
20121130;16.41;16.58;16.18;16.55;155511;2549698.00
20121203;16.59;16.59;15.94;15.94;212500;3436154.00
20121204;15.90;16.18;15.88;16.06;220212;3523805.00
20121205;16.19;16.77;16.04;16.60;442911;7334810.00
20121206;16.47;16.68;16.39;16.40;246965;4076986.75
20121207;16.50;16.90;16.36;16.80;314055;5233016.50
20121210;16.80;17.15;16.80;17.09;304790;5175312.50
20121211;17.10;17.10;16.82;16.89;214349;3623787.75
20121212;17.05;17.05;16.68;16.90;153203;2573299.50
20121213;16.81;16.90;16.62;16.63;72818;1218976.25
20121214;16.64;17.60;16.64;17.51;618290;10721911.00
20121217;17.40;17.56;17.40;17.49;262945;4588583.50
20121218;17.49;17.68;17.41;17.50;288129;5059360.50
20121219;17.50;17.66;17.44;17.60;206454;3628736.00
20121220;17.58;17.90;17.49;17.73;297223;5252574.50
20121221;17.80;18.11;17.73;17.90;510493;9161515.00
20121224;18.01;18.38;18.01;18.28;1000878;18257274.00
20121225;18.30;18.83;18.21;18.75;1228772;22721418.00
20121226;18.70;19.22;18.59;19.22;879833;16686810.00
20121227;19.25;19.79;18.90;18.90;1329871;25655042.00
20121228;18.88;19.60;18.73;19.27;935972;18020302.00
20121231;19.26;19.40;18.99;19.04;710730;13572666.00
20130104;19.15;19.29;18.62;18.83;632592;11954630.00
20130107;18.83;19.19;18.80;19.17;614275;11700958.00
20130108;19.21;19.46;19.19;19.40;777046;15022295.00
20130109;19.38;19.38;19.04;19.10;512108;9839794.00
20130110;19.15;19.29;19.10;19.21;345481;6622890.50
20130111;19.28;19.55;19.09;19.15;778670;15078804.00
20130114;19.29;20.27;19.05;20.21;1486461;29552710.00
20130115;20.16;20.75;20.16;20.44;851821;17393374.00
20130116;20.17;20.17;19.81;19.95;1012464;20213112.00
20130117;19.99;20.09;19.86;19.94;405632;8097629.00
20130118;19.82;20.11;19.74;20.01;546610;10898844.00
20130121;20.01;20.10;19.84;20.03;514903;10288630.00
20130122;20.00;20.00;19.53;19.59;603836;11903965.00
20130123;19.50;19.70;19.46;19.64;257347;5029392.50
20130124;19.50;19.70;18.90;19.03;702086;13581679.00
20130125;19.28;19.28;19.01;19.11;208461;3992277.25
20130128;19.27;19.66;19.08;19.66;323560;6297847.50
20130129;19.68;19.98;19.65;19.90;459186;9074393.00
20130130;19.82;20.06;19.70;19.90;379780;7542038.00
20130131;19.97;19.98;19.73;19.80;219812;4363438.00
20130201;19.81;19.98;19.73;19.95;305295;6069419.00
20130204;19.97;20.00;19.55;19.68;270939;5359790.00
20130205;19.53;19.97;19.53;19.83;204924;4052840.00
20130206;19.89;20.16;19.82;20.08;435932;8749673.00
20130207;19.99;21.62;19.99;21.52;2111168;44149684.00
20130208;21.33;21.81;21.19;21.68;1280462;27568778.00
20130218;21.60;22.44;21.50;22.31;1319938;29168624.00
20130219;22.30;22.55;22.07;22.44;1230489;27493570.00
20130220;22.42;23.47;22.24;23.26;1822659;42122464.00
20130221;23.00;23.29;22.53;22.76;1131196;25880302.00
20130222;22.61;23.44;22.50;23.13;985601;22839832.00
20130225;23.15;23.48;23.15;23.27;760327;17716764.00
20130226;23.20;23.39;22.56;22.56;1095399;25109656.00
20130227;22.45;22.78;21.88;22.00;818932;18232564.00
20130228;22.00;22.44;21.85;22.44;512513;11398604.00
20130301;22.22;23.19;22.22;23.02;620314;14104736.00
20130304;22.50;25.21;22.50;24.49;2517273;61089168.00
20130305;24.49;25.85;24.20;25.81;2316458;58693952.00
20130306;25.82;26.74;25.61;26.20;1635364;43024036.00
20130307;26.15;26.35;25.81;25.95;925555;24059198.00
20130308;25.96;26.22;25.52;25.80;563035;14513275.00
20130311;25.80;25.85;25.25;25.35;463279;11763203.00
20130312;25.30;25.68;24.11;24.32;853427;21106760.00
20130313;24.25;24.32;23.74;24.30;446802;10732647.00
20130314;24.12;24.61;24.01;24.49;357914;8734442.00
20130315;24.37;25.89;24.00;25.39;689932;17328602.00
20130318;24.90;25.80;24.90;25.29;544344;13909697.00
20130319;25.39;25.50;24.23;24.80;300293;7455733.00
20130320;24.80;25.85;24.55;25.82;509724;12921216.00
20130321;25.85;25.91;25.50;25.83;431268;11091958.00
20130322;25.80;25.80;25.10;25.52;444170;11287926.00
20130325;25.30;25.48;25.08;25.10;435774;10965525.00
20130326;25.04;25.22;24.62;25.05;593581;14728281.00
20130327;24.96;25.35;24.81;25.13;363993;9129608.00
20130328;24.95;24.95;24.50;24.50;388178;9569312.00
20130329;23.80;23.81;23.01;23.18;1186110;27845372.00
20130401;23.18;23.52;22.90;22.97;772151;17956386.00
20130402;22.97;23.45;22.70;22.71;264242;6053002.00
20130403;22.88;23.10;22.65;22.99;237194;5426559.00
20130408;25.00;25.29;23.70;24.00;1646046;40189720.00
20130409;24.21;24.53;23.25;23.47;627444;14763250.00
20130410;23.00;23.30;22.91;22.99;309626;7142157.50
20130411;22.99;23.01;22.80;22.83;191739;4384500.00
20130412;22.75;22.89;22.37;22.38;250401;5645469.00
20130415;22.57;22.57;21.80;22.00;240700;5315626.00
20130416;21.83;22.90;21.31;22.62;357438;7823295.00
20130417;22.36;22.70;22.30;22.60;155000;3482289.50
20130418;22.65;22.66;22.25;22.27;168666;3773433.75
20130419;22.27;23.85;22.27;23.59;1742683;40645648.00
20130422;23.50;25.35;23.25;24.90;1786171;43832828.00
20130423;24.62;24.90;23.70;24.00;514103;12417539.00
20130424;24.00;24.50;24.00;24.06;552566;13395541.00
20130425;23.73;24.30;23.72;23.75;415209;9978072.00
20130426;23.62;24.00;22.91;22.91;423530;9983824.00
20130502;22.92;23.19;22.61;22.76;214706;4912949.00
20130503;23.56;23.99;23.11;23.88;602692;14293632.00
20130506;23.90;25.08;23.60;24.88;1124630;27760440.00
20130507;24.83;24.83;24.50;24.62;330250;8133156.50
20130508;24.89;25.19;24.63;25.10;401896;10052395.00
20130509;24.80;25.00;24.70;24.98;391179;9731598.00
20130510;24.73;25.74;24.72;25.70;574802;14477408.00
20130513;25.76;25.97;25.16;25.25;387337;9859959.00
20130514;19.20;19.59;19.00;19.30;509275;9788458.00
20130515;20.69;21.13;20.00;20.84;2038637;42217252.00
20130516;20.56;20.95;20.40;20.93;1330949;27494008.00
20130517;20.80;22.59;20.71;22.07;1856275;40807484.00
20130520;21.83;22.09;21.06;22.07;973320;21018356.00
20130521;21.70;22.54;21.60;22.40;733302;16233720.00
20130522;22.40;22.40;21.66;21.71;685622;15038488.00
20130523;21.71;22.45;21.66;21.91;1126635;24873594.00
20130524;21.80;22.40;21.80;22.30;553338;12302163.00
20130527;22.30;23.43;22.19;23.30;1063316;24532136.00
20130528;23.30;23.50;22.66;22.81;990182;22747630.00
20130529;22.78;23.17;22.70;22.87;415891;9538112.00
20130530;22.90;23.35;22.81;23.12;601281;13889429.00
20130531;23.28;23.28;22.82;22.85;472761;10856750.00
20130603;22.78;22.90;22.00;22.11;555005;12409109.00
20130604;22.00;22.34;21.71;22.34;326103;7204466.50
20130605;22.35;22.38;21.91;22.19;141664;3134751.75
20130606;22.05;22.08;21.50;21.62;188509;4094480.75
20130607;21.70;21.79;21.23;21.33;133290;2850560.25
20130613;21.21;21.21;20.21;20.89;309556;6392893.50
20130614;21.25;22.00;20.60;21.98;388268;8341154.50
20130617;21.87;22.81;21.50;21.60;607659;13349213.00
20130618;21.70;21.79;21.21;21.68;387621;8328214.00
20130619;21.60;22.50;21.60;21.67;264759;5819216.50
20130620;21.89;21.89;20.72;21.01;490118;10341182.00
20130911;20.88;20.88;18.91;19.18;3490246;66569236.00
20130912;18.85;19.18;18.61;18.76;1288022;24323192.00
20130913;18.78;19.04;18.62;18.74;1566757;29387766.00
20130916;18.87;19.10;18.65;19.02;1064576;20093708.00
20130917;19.01;19.08;18.62;18.85;748299;14067742.00
20130918;18.89;19.14;18.35;19.12;1217622;23091632.00
20130923;19.16;21.03;19.16;20.95;1886839;38137056.00
20130924;20.85;22.63;20.85;21.78;2862719;61873568.00
20130925;21.60;21.78;20.90;21.36;959529;20455162.00
20130926;21.40;21.55;21.00;21.34;1087067;23063772.00
20130927;21.37;22.35;21.32;21.95;1508877;32955952.00
20130930;22.30;22.30;21.66;22.24;953515;21023212.00
20131008;22.28;22.28;21.30;21.50;1041692;22455410.00
20131009;21.31;21.65;21.10;21.54;580169;12406125.00
20131010;21.31;21.69;21.30;21.35;727669;15662360.00
20131011;21.38;21.50;21.03;21.18;605699;12868880.00
20131014;21.17;21.91;21.17;21.80;992648;21626898.00
20131015;21.80;22.29;21.45;22.09;1120342;24631522.00
20131016;22.09;22.10;21.34;21.50;849378;18259532.00
20131017;21.36;21.78;20.86;20.96;894503;18990404.00
20131018;20.95;21.20;20.95;21.20;229103;4829672.50
20131021;21.30;21.85;21.20;21.62;412626;8916015.00
20131022;21.51;21.62;21.10;21.21;345323;7362047.00
20131023;21.11;21.30;20.20;20.51;444236;9139658.00
20131024;20.30;21.11;20.17;20.31;531150;10880977.00
20131025;20.36;20.38;19.90;19.91;333298;6691776.50
20131028;19.95;20.20;19.56;19.70;236929;4680679.50
20131029;19.70;20.10;19.28;19.38;210597;4126202.75
20131030;19.65;19.90;19.36;19.40;318829;6228399.00
20131031;19.60;19.80;18.91;19.42;371928;7144130.00
20131101;19.20;19.79;19.20;19.60;304199;5965757.50
20131104;19.52;19.92;19.51;19.77;173301;3425885.75
20131105;19.70;19.97;19.70;19.90;136950;2713110.50
20131106;19.80;19.97;19.74;19.85;78520;1560786.75
20131107;19.71;19.95;19.30;19.48;181088;3567308.75
20131108;19.34;19.53;19.13;19.26;127904;2479237.00
20131111;19.40;19.47;19.01;19.42;172014;3310491.00
20131112;19.42;19.66;19.25;19.54;160272;3114623.25
20131113;19.55;21.20;19.50;19.91;731925;14796112.00
20131114;19.90;20.20;19.83;20.08;272536;5465767.00
20131115;20.01;20.23;20.00;20.14;468057;9406199.00
20131118;20.20;20.30;20.03;20.16;322331;6489134.00
20131119;20.16;20.25;20.08;20.16;263335;5304236.00
20131120;20.15;20.19;19.85;19.90;260999;5213953.50
20131121;19.90;19.90;19.49;19.60;264316;5188365.00
20131122;19.53;19.74;19.38;19.56;179000;3500637.25
20131125;19.50;19.68;19.50;19.60;184210;3604105.50
20131126;19.57;19.64;19.30;19.41;269891;5251924.00
20131127;19.57;19.79;19.41;19.74;229331;4506748.50
20131128;19.63;20.35;19.54;20.20;640169;12856363.00
20131129;20.16;21.44;20.00;21.28;964864;20146582.00
20131202;20.85;21.20;20.11;20.46;1006648;20837074.00
20131203;20.40;20.70;20.03;20.60;462003;9406254.00
20131204;20.58;20.95;20.35;20.70;319780;6638041.00
20131205;20.90;20.90;20.39;20.40;300901;6177964.50
20131206;20.39;20.70;20.21;20.43;188433;3858579.75
20131209;20.39;21.00;20.39;20.99;347712;7207084.00
20131210;21.10;21.38;20.85;20.86;419600;8827615.00
20131211;20.81;20.96;20.50;20.63;122376;2538276.25
20131212;20.55;20.70;20.55;20.55;190489;3927998.75
20131213;20.55;20.71;20.41;20.71;121549;2505741.75
20131216;20.52;20.87;20.48;20.55;140943;2906433.25
20131217;20.55;20.55;19.98;20.00;229560;4624410.50
20131218;20.20;20.20;19.80;19.89;152004;3023367.75
20131219;19.96;20.08;19.58;19.69;261400;5150657.00
20131220;19.50;19.70;19.40;19.45;130999;2558792.50
20131223;19.60;20.46;19.36;20.35;377066;7573045.50
20131224;20.39;20.39;20.00;20.22;160192;3237454.00
20131225;20.11;20.48;20.08;20.29;196865;3998666.50
20131226;20.20;20.20;19.88;20.02;290393;5805863.00
20131227;20.19;20.38;19.93;20.32;266164;5394278.50
20131230;20.35;21.08;20.23;20.85;559979;11708468.00
20131231;20.72;20.98;20.52;20.54;189797;3923761.25
20140102;20.60;21.04;20.51;20.97;669261;13982790.00
20140103;21.10;22.49;21.08;22.35;1863595;40399596.00
20140106;23.21;24.00;21.85;22.30;1728640;39097644.00
20140107;22.00;22.23;21.71;22.05;528549;11595787.00
20140108;21.99;22.79;21.99;22.52;1050954;23658684.00
20140109;22.40;22.51;21.38;21.58;493307;10849532.00
20140110;21.30;21.55;20.60;20.71;363279;7688843.50
20140113;20.70;21.19;20.70;20.83;221413;4627826.00
20140114;20.85;21.78;20.76;21.69;421920;9040828.00
20140115;21.65;22.50;21.62;22.15;587879;13084109.00
20140116;22.03;22.50;21.81;22.10;467677;10343365.00
20140117;22.10;22.22;21.82;22.17;200814;4431543.00
20140120;22.17;22.17;21.62;22.00;287575;6290295.00
20140121;21.98;22.71;21.86;22.09;422359;9397377.00
20140122;22.09;22.97;21.80;22.93;1005824;22870002.00
20140123;22.93;23.09;22.70;22.93;541777;12400073.00
20140124;23.00;23.25;22.71;23.15;527378;12151840.00
20140127;23.08;23.08;22.58;22.63;530729;12055595.00
20140128;22.63;22.85;22.56;22.77;319184;7237652.00
20140129;22.90;23.45;22.70;23.38;414344;9616411.00
20140130;23.36;24.80;23.11;24.55;1165441;28306508.00
20140207;24.10;25.50;24.06;25.23;1145860;28606406.00
20140210;25.22;25.26;24.50;24.99;694214;17340434.00
20140211;24.99;26.20;24.60;25.90;1193582;30594140.00
20140212;25.67;27.21;25.67;26.92;1274511;33834600.00
20140213;27.00;27.47;26.16;26.54;749111;20126558.00
20140214;26.25;28.46;26.00;28.38;1465310;40571304.00
20140217;27.88;31.21;27.88;30.41;2752074;82645176.00
20140218;31.00;31.00;29.21;29.23;1628026;48269316.00
20140219;29.24;30.28;28.43;29.44;1496625;43703188.00
20140220;29.02;29.21;27.85;28.02;1121924;31689058.00
20140221;27.88;29.01;27.69;28.98;792237;22457628.00
20140224;28.84;31.50;28.50;31.08;1678275;50419492.00
20140225;31.15;32.50;28.88;29.30;2071614;64376756.00
20140226;28.51;29.20;27.30;27.71;1342098;37541880.00
20140227;27.73;28.70;26.72;26.85;818189;22777320.00
20140228;26.85;26.91;25.52;26.59;787940;20536792.00
20140303;26.21;27.79;26.21;27.54;533303;14667505.00
20140304;27.61;27.72;26.81;27.11;395220;10715475.00
20140305;27.18;27.53;27.03;27.04;231098;6309230.50
20140306;27.39;28.57;27.39;28.30;937897;26332348.00
20140307;28.63;28.66;27.31;27.95;363018;10096630.00
20140310;27.76;27.76;26.05;26.15;362832;9735604.00
20140311;26.28;26.37;25.14;25.58;258273;6690459.00
20140312;25.35;26.48;25.35;25.76;433854;11331253.00
20140313;25.75;26.60;25.75;26.56;220909;5825349.50
20140314;26.08;26.92;26.08;26.73;316372;8463998.00
20140317;26.98;28.85;26.98;28.74;687725;19488856.00
20140318;28.74;29.00;28.50;28.91;495439;14223887.00
20140319;28.64;30.18;28.64;29.14;748101;22117856.00
20140320;29.15;29.55;27.80;27.80;340845;9717955.00
20140321;27.84;27.84;25.81;27.08;932303;24848900.00
20140324;26.60;26.95;25.85;26.01;491884;13038893.00
20140325;26.01;27.20;25.99;26.20;431218;11430703.00
20140326;26.40;27.09;26.17;26.95;383471;10316367.00
20140327;27.09;27.09;26.40;26.44;255241;6784952.50
20140328;26.08;26.35;24.00;24.07;826400;20744254.00
20140331;24.10;24.98;24.07;24.54;400375;9843809.00
20140401;24.83;25.98;24.52;25.72;364976;9374389.00
20140402;25.99;26.18;24.39;24.60;534161;13230460.00
20140403;24.60;25.01;24.59;24.96;171197;4268584.50
20140404;25.30;26.05;24.38;25.90;519456;13170963.00
20140408;25.72;26.04;25.56;25.89;150301;3886043.00
20140409;26.19;26.40;25.80;26.17;176635;4621495.00
20140410;26.43;26.43;25.66;26.12;328413;8540976.00
20140411;27.48;27.48;26.29;26.90;1380321;37066132.00
20140414;26.90;28.00;26.37;26.75;504804;13607107.00
20140415;26.62;26.95;26.62;26.90;358701;9620398.00
20140416;26.99;27.64;26.90;27.43;722906;19780684.00
20140417;27.42;27.71;27.27;27.44;263838;7253243.00
20140418;27.33;27.58;27.18;27.32;163568;4461146.50
20140421;27.01;27.01;26.60;26.66;164615;4406447.50
20140422;26.52;27.40;24.60;25.29;853072;21822630.00
20140423;25.35;25.90;25.00;25.42;394651;9984085.00
20140424;25.45;25.70;25.00;25.29;321392;8121072.00
20140425;25.03;25.50;24.78;25.47;487472;12247318.00
20140428;25.15;25.85;24.90;25.85;394323;10016453.00
20140429;25.87;26.19;25.11;25.99;401221;10317589.00
20140430;25.91;26.24;25.51;26.15;342993;8901385.00
20140505;26.25;26.27;25.62;25.80;648922;16751881.00
20140506;25.85;27.20;25.60;27.13;801504;21333894.00
20140507;27.13;27.50;26.66;26.78;492559;13335490.00
20140508;26.61;26.89;26.50;26.60;232696;6215349.50
20140509;26.25;26.50;26.09;26.38;231845;6097699.00
20140512;26.64;26.64;25.80;26.31;391964;10217540.00
20140513;17.41;17.65;17.30;17.40;145695;2536388.25
20140514;17.30;17.40;16.94;17.15;265802;4557871.00
20140515;17.15;17.26;17.01;17.04;158706;2719519.25
20140516;17.00;17.16;16.79;16.95;249072;4220680.00
20140519;16.95;17.10;16.65;16.90;131065;2210149.50
20140520;17.12;17.13;16.70;16.90;557859;9461610.00
20140521;16.70;16.95;16.68;16.90;365717;6146497.50
20140522;16.95;17.15;16.82;16.90;550402;9338063.00
20140523;17.00;17.06;16.75;17.04;588956;9946473.00
20140526;17.07;17.60;16.83;17.28;1199028;20641760.00
20140527;17.30;17.57;17.03;17.29;401924;6971461.50
20140528;17.45;17.50;17.08;17.22;535029;9213736.00
20140529;17.23;17.49;17.10;17.49;639350;11103494.00
20140530;17.33;17.63;17.27;17.39;338109;5896667.00
20140603;17.24;17.52;17.00;17.40;859465;14848352.00
20140604;17.18;17.59;17.18;17.59;423732;7380694.50
20140605;17.59;18.29;17.45;18.16;993092;17895332.00
20140606;18.35;18.35;17.80;18.12;593623;10719568.00
20140609;18.15;19.09;17.82;18.51;1113519;20814408.00
20140610;18.40;18.79;18.40;18.70;536062;9946536.00
20140611;18.70;18.71;18.53;18.64;392524;7304166.00
20140612;18.70;18.78;18.53;18.71;482376;9013539.00
20140613;18.99;19.89;18.99;19.64;1685927;32839456.00
20140616;19.80;19.85;19.00;19.39;1171847;22612888.00
20140617;19.36;19.36;18.61;18.72;1054955;19884584.00
20140618;18.65;18.87;18.50;18.66;431822;8072129.00
20140619;18.69;19.11;18.21;18.46;660019;12350639.00
20140620;18.35;18.80;18.35;18.77;394638;7352158.00
20140623;18.75;19.38;18.72;19.08;522027;9982557.00
20140624;19.00;19.28;18.88;19.22;314672;6017797.00
20140625;19.10;19.25;18.66;18.96;272595;5145246.00
20140626;18.96;19.29;18.81;19.01;330843;6323957.00
20140627;19.05;19.39;18.80;19.34;631357;12046245.00
20140630;19.36;20.60;19.36;20.24;1331039;26756488.00
20140701;20.30;21.17;20.10;20.89;2374519;49106976.00
20140702;20.82;21.10;20.60;20.88;814898;17000806.00
20140703;20.66;21.00;20.45;20.78;593405;12273491.00
20140704;20.79;20.80;20.23;20.58;663390;13595861.00
20140707;20.60;21.08;20.22;20.37;558015;11425817.00
20140708;20.21;20.40;19.63;20.00;976910;19371930.00
20140709;20.00;20.34;19.82;20.28;533026;10721855.00
20140710;20.28;20.40;20.10;20.22;517287;10456984.00
20140711;20.31;20.38;20.00;20.29;518904;10501809.00
20140714;20.42;20.87;20.08;20.77;372948;7635008.00
20140715;20.84;20.97;20.50;20.70;319160;6598998.50
20140716;20.54;20.71;20.48;20.54;360331;7408475.00
20140717;20.54;20.69;19.81;19.99;565754;11375942.00
20140718;19.89;20.49;19.35;20.46;1414263;28130676.00
20140721;20.11;20.40;19.95;20.20;353280;7119213.00
20140722;20.24;20.55;20.00;20.47;320138;6506736.50
20140723;20.40;20.50;19.96;20.02;251441;5070472.50
20140724;19.81;20.19;18.98;19.10;618890;12189573.00
20140725;19.10;19.67;19.10;19.50;299182;5805283.00
20140728;19.40;20.15;19.31;20.06;556961;11079414.00
20140729;20.10;20.33;19.50;20.18;398490;8021357.00
20140730;20.00;20.17;19.52;19.97;330316;6558801.00
20140731;20.24;20.59;19.73;20.23;389846;7906376.00
20140801;20.18;21.62;19.88;21.58;4060070;86164824.00
20141105;23.74;23.74;23.74;23.74;178855;4246017.50
20141106;25.90;25.90;23.80;25.16;9736708;239770720.00
20141107;24.10;25.64;24.04;24.58;4927290;121742056.00
20141110;24.80;24.99;23.00;23.85;3903468;92842216.00
20141111;23.58;23.79;22.56;22.94;3267979;75118256.00
20141112;22.68;23.38;22.62;22.89;1490668;34140112.00
20141113;23.00;23.00;21.90;22.53;2131833;47642600.00
20141114;22.50;23.18;22.00;22.84;1246905;28320734.00
20141117;22.90;23.64;22.43;23.23;2264333;52652916.00
20141118;23.00;23.39;22.70;22.82;1753118;40337824.00
20141119;22.86;23.36;22.59;22.95;1043062;23801916.00
20141120;23.04;23.13;22.80;23.10;1232435;28289034.00
20141121;23.10;23.30;22.52;22.85;1355211;31013614.00
20141124;23.14;23.14;22.76;22.90;1472303;33814112.00
20141125;22.98;23.07;22.63;23.05;2015302;45972916.00
20141126;23.06;24.44;22.89;24.33;3254188;77448184.00
20141127;24.31;24.31;23.57;23.98;2527052;60369600.00
20141128;23.96;23.96;23.26;23.55;1774433;41638188.00
20141201;23.55;23.60;22.66;22.98;1912170;43941880.00
20141202;22.86;23.85;22.86;23.19;1233786;28878988.00
20141203;23.11;23.97;22.80;23.82;2518597;58516496.00
20141204;23.68;24.31;23.61;24.15;2002514;48171380.00
20141205;24.15;24.15;23.02;23.81;2223345;52519016.00
20141208;23.77;23.77;22.60;23.15;2492214;57405256.00
20141209;22.88;22.90;21.65;22.20;2320386;51382992.00
20141210;22.01;22.60;21.70;22.39;1199284;26615346.00
20141211;22.30;22.65;22.01;22.38;1236150;27668334.00
20141212;22.38;24.08;22.17;23.98;1661081;38323868.00
20141215;25.03;25.18;23.57;24.31;2550642;62284644.00
20141216;23.50;24.61;23.50;24.27;3252620;78409688.00
20141217;24.27;26.70;23.76;26.70;4950101;126871976.00
20141218;26.70;26.97;25.39;25.89;2897281;75562464.00
20141219;25.68;25.89;23.70;24.48;3271576;79794952.00
20141222;24.35;24.38;22.30;23.46;2543474;58829040.00
20141223;23.02;23.80;21.88;22.00;1839354;41549516.00
20141224;22.05;22.77;22.05;22.68;1011909;22799926.00
20141225;22.98;23.42;22.36;22.55;1089378;24839146.00
20141226;22.55;23.10;22.53;22.66;927961;21113740.00
20141229;22.66;22.77;22.01;22.25;831338;18528614.00
20141230;22.25;22.25;20.20;20.52;1836570;38786248.00
20141231;20.20;20.60;19.65;20.32;2216599;44480424.00
20150105;20.18;20.18;18.70;19.31;2117129;40770320.00
20150106;19.35;20.47;19.10;20.41;1809810;35786852.00
20150107;20.45;20.46;19.80;20.05;706253;14169185.00
20150108;20.10;20.41;20.03;20.05;907417;18377648.00
20150109;20.10;21.18;20.07;20.35;1426207;29211740.00
20150112;20.31;21.50;20.31;20.85;1007353;21142682.00
20150113;20.99;21.49;20.87;21.01;869570;18361568.00
20150114;21.00;21.04;20.00;20.80;1106019;22855390.00
20150115;20.55;20.93;20.35;20.43;559702;11510831.00
20150116;20.71;20.90;20.33;20.44;739826;15145607.00
20150119;20.40;20.80;19.30;20.17;1034315;20960114.00
20150120;20.20;20.75;20.01;20.66;1331708;27364010.00
20150121;20.90;22.20;20.80;21.75;2170748;47012440.00
20150122;21.80;22.38;21.80;22.30;1189536;26385384.00
20150123;22.50;22.50;21.40;21.51;1179439;25768870.00
20150126;21.54;22.30;21.54;22.10;919139;20334428.00
20150127;21.90;22.19;21.50;21.98;1070830;23328132.00
20150128;22.00;22.50;21.77;22.50;1132281;25164906.00
20150129;22.62;23.45;22.17;22.83;1844376;42339852.00
20150130;23.03;23.32;21.56;21.85;1526424;33716788.00
20150202;21.50;22.35;21.48;22.22;741970;16377471.00
20150203;22.22;22.44;22.06;22.26;561696;12490463.00
20150204;22.45;22.45;21.60;21.83;779230;17121782.00
20150205;21.92;21.96;21.53;21.80;660013;14373760.00
20150206;21.70;21.89;20.88;20.90;917028;19379908.00
20150209;20.88;22.00;20.25;21.50;1163430;24542422.00
20150210;21.20;21.40;20.81;21.00;794485;16705559.00
20150211;21.36;21.46;20.91;21.06;766321;16152492.00
20150212;21.03;21.59;21.00;21.06;853406;18110070.00
20150213;21.01;21.90;18.96;21.70;1381122;29845086.00
20150216;21.79;22.10;21.55;21.82;1736233;37817736.00
20150217;21.83;22.10;21.45;21.65;1543221;33374672.00
20150225;21.80;21.80;21.18;21.23;1164192;25041598.00
20150226;21.19;21.49;20.95;20.99;1848495;39045672.00
20150227;21.08;21.18;20.92;21.03;2029638;42635448.00
20150302;21.12;21.67;20.98;21.67;3201043;67998288.00
20150303;21.68;21.97;21.47;21.91;4542209;98677472.00
20150304;22.00;22.60;21.90;22.53;4173217;92814144.00
20150305;22.89;23.04;21.98;22.09;3886165;86939144.00
20150306;22.10;22.50;21.80;22.06;2311613;51147320.00
20150309;22.14;22.15;21.66;21.99;1923209;42219624.00
20150310;22.00;22.49;21.78;22.24;2177771;48224328.00
20150311;22.23;22.30;21.68;22.00;3010810;66004008.00
20150312;22.10;22.16;21.30;21.32;2033760;44062244.00
20150323;23.45;23.45;22.28;23.04;9678284;221997088.00
20150324;23.06;25.34;23.05;25.34;11559983;279972832.00
20150325;25.74;26.58;24.86;25.28;9508021;244067024.00
20150326;25.25;25.25;23.90;24.06;5600454;136510944.00
20150327;23.80;24.55;23.80;24.43;3012788;73215216.00
20150330;23.91;23.95;23.34;23.59;5224876;123272496.00
20150331;23.58;24.00;23.30;23.71;5514321;130724568.00
20150401;23.85;24.19;23.61;24.13;5851732;140195008.00
20150402;24.20;24.57;23.85;24.28;6962029;168530144.00
20150403;24.18;24.57;24.00;24.57;6264539;152392176.00
20150407;24.70;25.20;24.67;24.99;6410941;159871552.00
20150408;25.01;25.25;23.61;24.03;5291977;128845088.00
20150409;24.02;24.50;22.99;24.43;5372343;127732416.00
20150410;24.17;25.26;24.15;25.25;6876360;171065360.00
20150413;25.25;26.40;24.95;26.04;7570464;195028928.00
20150414;25.99;27.27;25.58;26.18;6849990;182510464.00
20150415;26.00;26.29;24.10;24.26;5016667;125750232.00
20150416;23.69;25.09;23.03;24.22;3379178;82402392.00
20150417;24.30;24.75;23.80;24.00;4542146;109515600.00
20150420;24.21;24.78;24.01;24.30;4183490;102171704.00
20150421;24.46;25.79;24.15;25.70;4651762;116844240.00
20150422;25.82;26.50;25.62;25.88;5512804;143323488.00
20150423;26.35;26.66;25.90;26.13;5631595;147991792.00
20150424;25.80;26.11;24.80;25.08;5567067;141059824.00
20150427;25.10;25.85;24.82;25.38;4894183;124043336.00
20150428;25.32;25.50;23.92;24.00;4215405;103169040.00
20150429;23.83;24.59;23.83;24.42;2972487;72274112.00
20150430;24.49;24.93;23.90;23.90;4429646;108136112.00
20150504;24.06;24.30;23.78;23.98;3700931;88651320.00
20150505;23.98;24.85;23.86;24.52;5143902;125915608.00
20150506;24.60;25.28;24.29;24.65;5038468;124775024.00
20150507;24.49;24.80;23.32;23.40;3639123;87080808.00
20150508;23.80;24.14;23.42;24.13;3889898;92940408.00
20150511;24.20;25.86;24.20;25.55;6618730;166990400.00
20150512;25.57;25.64;24.83;25.20;8827399;221769920.00
20150513;24.82;27.72;24.61;27.72;8370655;222853952.00
20150514;29.80;29.80;27.05;27.68;18513488;526406784.00
20150515;27.55;28.32;26.75;27.62;9366956;256566352.00
20150518;28.72;30.38;27.70;30.25;11606553;334317024.00
20150519;29.70;30.38;28.90;30.10;7596270;225741312.00
20150520;30.35;33.11;29.48;31.50;8078123;252649072.00
20150521;31.50;34.65;31.26;34.34;8901446;296774592.00
20150522;34.70;34.80;32.50;33.01;7582857;252550320.00
20150525;32.50;33.98;31.33;33.68;6809415;222761168.00
20150526;33.69;35.40;33.06;35.10;5855026;202437648.00
20150527;35.10;36.88;33.58;34.71;6035811;213130576.00
20150528;34.00;34.70;31.24;31.24;8143152;266041168.00
20150529;30.10;31.50;28.13;30.00;9420359;280391104.00
20150601;30.65;32.50;30.00;32.20;6971321;217964416.00
20150602;32.30;33.50;31.50;32.94;5898361;191695472.00
20150603;32.79;33.60;31.78;31.98;7452860;241685648.00
20150604;32.00;32.23;28.80;30.10;8190411;248100768.00
20150605;31.00;32.93;31.00;32.64;8518594;271155616.00
20150608;32.53;34.99;32.03;33.75;8018262;270424480.00
20150609;33.45;35.11;33.22;34.53;9777114;337022208.00
20150610;34.50;36.00;33.70;35.18;6842311;238850624.00
20150611;35.10;38.70;34.70;38.70;11430809;427582080.00
20150612;39.06;40.00;37.02;37.40;11330553;431136096.00
20150615;37.60;40.97;37.07;37.79;9967240;389281536.00
20150616;36.61;37.20;34.13;35.51;5701366;202733632.00
20150617;35.51;37.99;35.08;37.99;7550951;278027712.00
20150618;38.90;39.37;35.97;35.99;5797987;219483872.00
20150619;34.52;38.75;34.20;38.20;9188575;339681056.00
20150623;37.55;38.00;34.38;36.35;6355652;227415904.00
20150624;35.52;36.40;33.38;34.96;7392013;258713504.00
20150625;34.96;35.55;31.85;31.86;5145365;173607024.00
20150626;30.52;30.79;28.67;28.67;6334500;183111616.00
20150629;29.20;29.20;25.80;25.80;6404802;168019248.00
20150630;23.87;27.30;23.22;26.45;12189872;297386688.00
20150701;25.00;27.70;23.81;23.81;8132253;205933344.00
20150702;22.28;23.28;21.43;21.43;8319995;180904544.00
20150703;19.29;20.87;19.29;19.29;10618800;208351600.00
20150706;20.88;20.88;17.36;17.36;10529593;194059968.00
20150707;15.62;15.62;15.62;15.62;1525300;23825186.00
20150708;14.06;15.31;14.06;14.61;24673144;351312928.00
20150709;14.50;16.07;14.10;16.07;6275721;96864560.00
20150710;16.99;17.68;16.50;17.68;2827183;49221508.00
20150713;19.45;19.45;18.44;19.45;8392259;161062432.00
20150714;20.41;21.35;19.55;20.60;16000085;329407328.00
20150715;19.50;20.00;18.54;18.54;8253948;155493984.00
20150716;16.71;19.46;16.69;18.00;9919935;176091584.00
20150717;18.00;19.80;17.66;19.46;10558833;197907568.00
20150720;19.60;20.47;19.20;20.10;10525510;208396048.00
20150721;19.88;20.56;19.32;20.42;7605146;153468368.00
20150722;20.18;20.89;19.60;20.25;6942146;140761760.00
20150723;20.49;22.28;20.39;22.28;9299893;198666336.00
20150724;22.65;23.59;21.00;21.68;11698988;265254144.00
20150727;20.90;22.39;19.51;19.51;11153311;232670336.00
20150728;17.56;19.30;17.56;17.66;9978815;179322128.00
20150729;18.11;19.04;17.00;19.00;6007711;107414008.00
20150730;18.80;19.89;18.00;18.51;5575940;107856368.00
20150731;18.30;20.30;18.00;19.28;6587126;125790328.00
20150803;18.90;18.92;17.57;17.90;4235030;77164568.00
20150804;18.08;19.37;17.79;19.28;5989557;111179096.00
20150805;19.02;19.86;18.76;19.12;5354372;103384472.00
20150806;18.70;19.30;18.05;18.74;3976194;74519616.00
20150807;18.90;19.65;18.89;19.57;5030571;97416336.00
20150810;19.77;20.97;19.60;20.78;5638006;114673168.00
20150811;20.60;20.98;20.26;20.60;5899154;121737952.00
20150812;20.30;21.22;20.22;20.80;5732825;119139560.00
20150813;20.89;21.39;20.50;21.25;5362599;112522896.00
20150814;21.52;21.93;21.18;21.53;5714907;123184464.00
20150817;21.56;23.62;21.46;22.99;7188055;162229152.00
20150818;22.81;23.58;20.69;20.69;6857788;151539808.00
20150819;19.98;21.72;18.71;21.05;5558325;111548768.00
20150820;20.50;21.05;19.48;19.70;5255337;107036856.00
20150821;19.40;20.00;17.99;17.99;6138601;115125424.00
20150824;16.43;16.96;16.19;16.19;4408400;71778104.00
20150825;14.57;15.48;14.57;14.57;7043774;104178800.00
20150826;14.80;15.70;14.00;14.60;8655071;128584496.00
20150827;15.25;15.42;14.65;15.42;4183208;62962588.00
20150828;16.00;16.90;15.72;16.89;4118148;67640160.00
20150831;16.89;17.37;16.30;16.66;5825069;96976992.00
20150901;16.88;16.88;14.99;14.99;4380260;68132464.00
20150902;14.50;16.07;14.08;15.20;4042150;61922160.00
20150907;15.50;16.72;14.48;14.96;12457355;192004880.00
20150908;14.45;16.24;14.40;16.00;8374706;125585496.00
20150909;16.00;16.80;15.88;16.72;12245225;199944112.00
20150910;16.22;16.66;16.00;16.20;6038998;98516640.00
20150911;16.20;16.40;16.00;16.25;4688717;75936480.00
20150914;16.38;16.58;14.71;14.90;6020875;94524808.00
20150915;14.36;15.14;14.16;14.38;5461723;79769744.00
20150916;14.66;15.82;14.40;15.66;4312030;65280344.00
20150917;15.68;16.28;15.37;15.50;5751528;91074848.00
20150918;15.75;16.16;15.51;15.98;3776347;59816332.00
20150921;15.85;16.86;15.70;16.81;5169688;85337488.00
20150922;16.98;17.38;16.66;17.00;5845328;99811944.00
20150923;16.86;17.15;16.51;16.84;4035741;67999600.00
20150924;17.00;17.60;17.00;17.43;4472557;77490432.00
20150925;17.48;17.68;16.60;16.98;4154312;71117552.00
20150928;17.04;17.75;16.50;17.72;3900780;67071664.00
20150929;17.40;17.80;17.18;17.70;3756904;65598224.00
20150930;17.87;19.47;17.80;18.95;9419480;178235296.00
20160104;20.85;20.85;20.85;20.85;78240;1631304.00
20160105;22.94;22.94;21.62;22.94;16528393;376190208.00
20160106;22.55;24.94;21.30;23.28;20982475;477545888.00
20160107;22.50;22.50;20.95;20.95;2973094;64251224.00
20160108;21.01;21.50;18.86;19.80;14071720;281953216.00
20160111;19.00;19.39;17.82;17.82;8021720;149300176.00
20160112;17.30;19.10;17.24;18.59;7331171;133830920.00
20160113;18.90;18.93;17.18;17.18;5126874;93327168.00
20160114;16.50;18.15;15.88;17.87;5017257;87189344.00
20160115;17.78;18.44;16.78;17.39;5832701;103578384.00
20160118;16.71;18.23;16.71;18.06;4775736;84716624.00
20160119;17.95;18.77;17.55;18.66;5759480;105116448.00
20160120;18.56;19.36;18.28;18.85;6124728;115309688.00
20160121;18.35;19.95;18.20;18.89;8125414;155977968.00
20160122;19.00;19.35;17.72;18.90;5825198;108203512.00
20160125;19.12;19.16;18.48;18.76;4370890;82125192.00
20160126;18.25;18.45;16.88;16.88;5666068;98135664.00
20160127;16.43;16.75;15.19;16.18;5692938;90249104.00
20160128;15.94;16.09;15.30;15.44;3845036;60659296.00
20160129;15.32;16.76;15.04;16.33;3016066;48313880.00
20160201;16.28;16.36;15.78;15.96;2447390;39240620.00
20160202;15.71;17.00;15.70;16.89;3213167;53179840.00
20160203;16.50;16.85;16.28;16.71;2398258;39676240.00
20160204;16.70;17.26;16.70;17.20;2803583;47695836.00
20160205;17.11;17.25;16.72;16.90;1849752;31389978.00
20160215;16.26;16.92;16.01;16.81;1588300;26099874.00
20160216;16.85;17.80;16.85;17.75;2663792;46334184.00
20160217;17.70;18.20;17.21;17.98;2619756;46348568.00
20160218;17.96;18.77;17.90;17.90;3320876;60714728.00
20160219;17.90;18.43;17.80;18.21;2556480;46523104.00
20160222;18.50;19.00;18.19;18.43;2789034;51655172.00
20160223;18.58;18.59;17.87;18.18;2647794;48338728.00
20160224;18.49;18.49;17.80;18.44;2754356;50192380.00
20160225;18.20;18.44;16.60;16.60;3353460;58163748.00
20160226;16.46;17.02;16.00;16.52;2037804;33700876.00
20160229;16.39;16.50;14.92;15.07;2319782;35587748.00
20160301;15.48;15.69;15.03;15.05;2566633;39167476.00
20160302;15.23;16.50;15.23;16.32;3596902;57120696.00
20160303;16.21;16.58;16.12;16.25;2384470;39028608.00
20160304;16.30;16.35;15.32;15.54;1867783;29615498.00
20160307;15.79;16.98;15.79;16.80;3651472;60531764.00
20160308;16.77;17.11;16.02;17.08;3104297;51622968.00
20160309;16.60;16.91;16.30;16.50;1856649;30858386.00
20160310;16.37;16.76;16.18;16.28;1274735;20924056.00
20160311;16.09;16.53;16.08;16.40;1233368;20170078.00
20160314;16.52;17.25;16.44;16.91;2486316;42173256.00
20160315;16.91;17.29;16.80;16.96;1694786;28945122.00
20160316;17.48;17.65;16.30;16.63;2028108;34244608.00
20160317;16.70;17.32;16.67;17.25;2771294;47276060.00
20160318;17.25;18.00;17.22;17.95;3694425;65359924.00
20160321;18.19;18.27;17.91;18.25;4182590;75724592.00
20160322;18.19;18.19;17.90;18.02;3234380;58297280.00
20160323;17.98;18.11;17.77;18.06;2544355;45722248.00
20160324;18.02;18.17;17.77;17.81;2973721;53382476.00
20160325;17.65;17.95;17.55;17.81;1723905;30609854.00
20160328;17.85;18.15;17.66;17.76;2268471;40792360.00
20160329;17.77;17.92;17.31;17.44;1534217;26902218.00
20160330;17.55;18.52;17.55;18.47;3873663;70266584.00
20160331;18.99;19.20;18.60;18.67;4306746;81368272.00
20160413;19.50;19.64;18.82;18.90;5122229;98844856.00
20160414;19.00;19.34;18.87;19.25;2791396;53344876.00
20160415;19.30;20.10;18.80;20.07;5969320;116445144.00
20160418;20.07;20.34;19.51;19.97;4984696;99402280.00
20160419;20.02;20.16;19.63;19.96;2353339;46658984.00
20160420;19.91;20.05;18.47;19.74;3485991;66945140.00
20160421;19.50;19.50;18.50;19.09;3701072;70282864.00
20160422;18.77;19.50;18.52;19.03;2334622;44327164.00
20160425;19.10;19.19;18.70;19.11;2305561;43684304.00
20160426;18.91;19.00;18.25;18.61;3653382;67905808.00
20160427;18.67;18.93;18.45;18.78;2917788;54531468.00
20160428;18.80;18.80;18.10;18.55;2368978;43516540.00
20160429;18.50;18.77;18.30;18.38;1596979;29528164.00
20160503;18.23;19.05;18.23;19.05;2780123;52336876.00
20160504;19.10;19.39;18.85;19.00;3029086;57941952.00
20160505;19.00;19.24;18.74;19.14;2459276;46759016.00
20160506;19.24;19.24;18.04;18.16;3101072;57596520.00
20160509;18.10;18.10;16.50;16.85;2644128;45697556.00
20160510;16.99;16.99;16.56;16.74;2123516;35558000.00
20160511;16.94;17.69;16.56;16.96;2653145;45517472.00
20160512;16.85;16.94;16.13;16.90;1609792;26696284.00
20160513;16.96;17.24;16.70;16.84;1208718;20432260.00
20160516;16.70;17.54;16.70;17.52;2676800;46218604.00
20160517;17.47;17.68;17.10;17.33;2027515;35276620.00
20160518;17.26;17.26;16.39;16.70;2191975;36536608.00
20160519;16.82;17.39;16.80;16.94;2114075;36322152.00
20160520;16.66;17.48;16.66;17.36;1678349;28942578.00
20160523;17.20;17.58;17.20;17.54;1743323;30449130.00
20160524;17.45;17.56;17.16;17.46;1203346;20904046.00
20160525;17.50;17.86;17.25;17.43;1540468;27118716.00
20160526;17.25;17.63;17.00;17.55;1472476;25451348.00
20160527;17.56;17.68;17.26;17.50;1228498;21477394.00
20160530;17.48;17.76;17.10;17.48;1242844;21761206.00
20160531;17.49;18.31;17.49;18.31;2628739;47549336.00
20160601;18.36;18.58;18.15;18.21;2530956;46279952.00
20160602;18.19;18.34;17.98;18.34;1980761;36103212.00
20160603;18.35;18.85;18.17;18.65;3316118;61587112.00
20160606;18.56;19.10;18.46;18.91;2888637;54602984.00
20160607;19.00;19.00;18.60;18.74;1408693;26404328.00
20160608;18.71;19.13;18.71;19.00;2222125;42210436.00
20160613;18.63;18.76;17.68;17.70;2958743;54158736.00
20160614;17.70;17.97;17.60;17.80;1892571;33617012.00
20160615;17.70;18.60;17.54;18.37;2274785;41335120.00
20160616;18.37;18.50;18.19;18.24;1963081;35961268.00
20160617;18.29;18.85;18.25;18.41;1768537;32911834.00
20160620;18.42;19.20;18.41;19.00;3854201;72960112.00
20160621;19.15;19.20;18.55;18.75;3466958;65534280.00
20160622;18.70;20.20;18.52;20.19;6164307;120490640.00
20160623;20.35;20.62;19.88;20.51;5991218;121285944.00
20160624;20.39;20.55;19.50;19.90;4499187;89962984.00
20160627;20.02;20.75;20.02;20.38;4881945;100011368.00
20160628;20.38;22.10;20.30;21.92;12326261;263820320.00
20160629;22.40;22.40;20.92;21.44;6696602;143807984.00
20160630;21.30;21.84;21.17;21.65;3432487;73843088.00
