20100812;90.00;90.00;78.78;79.68;19164424;1655380608.00
20100813;78.02;78.99;73.38;74.27;8724125;659498304.00
20100816;74.20;75.18;73.38;74.66;4854270;361343424.00
20100817;74.21;76.98;74.21;75.98;4066008;308552704.00
20100818;76.45;76.69;72.88;74.80;4251933;316776032.00
20100819;74.99;76.80;74.30;76.00;3777816;285670560.00
20100820;75.50;78.38;75.50;75.88;3421702;263718144.00
20100823;76.15;77.55;75.10;76.28;2822670;215412704.00
20100824;76.50;77.30;75.41;76.70;2655179;202469472.00
20100825;75.75;76.20;70.58;70.60;4045744;294213888.00
20100826;70.60;71.38;68.80;69.76;2296842;159906496.00
20100827;69.93;72.90;69.89;72.45;2568875;183321680.00
20100902;79.70;79.70;79.70;79.70;528908;42153968.00
20100903;87.67;87.67;86.40;87.67;3698006;323877248.00
20100906;87.67;89.84;85.53;85.80;4456677;389603264.00
20100907;85.20;91.60;85.11;89.95;4057241;362433568.00
20100908;88.88;89.44;85.82;87.30;2429515;211601728.00
20100909;88.66;91.88;87.66;88.20;2858614;255689104.00
20100910;88.18;88.18;84.28;86.00;2607541;223390432.00
20100913;86.06;86.60;83.86;85.88;1662994;141445536.00
20100914;85.30;87.47;84.48;85.85;1478407;127100744.00
20100915;85.06;85.20;79.86;79.99;3134450;256017088.00
20100916;79.80;79.80;77.95;78.31;1248967;98087720.00
20100920;77.69;78.55;76.10;77.33;981991;76399152.00
20100921;77.36;77.88;75.75;76.04;788472;60280008.00
20100927;76.41;77.98;75.60;77.36;832092;64376600.00
20100928;76.87;77.94;76.78;77.50;652535;50603268.00
20100929;77.60;78.68;75.22;75.39;697488;53410404.00
20100930;75.00;75.79;73.85;75.77;670679;50179804.00
20101008;78.00;78.00;76.16;76.66;925400;71135640.00
20101011;76.70;79.50;75.90;77.88;1149614;89489032.00
20101012;77.01;79.77;77.00;78.95;797567;62964792.00
20101013;78.13;78.53;76.25;77.10;935767;72205976.00
20101014;76.97;77.65;74.02;74.13;969085;73458816.00
20101015;74.18;75.75;72.87;73.00;793894;58536752.00
20101018;72.00;72.50;69.68;72.00;1111429;78432528.00
20101019;72.26;77.59;72.00;76.20;1414252;106907648.00
20101020;75.00;77.63;74.55;75.09;1016488;77136232.00
20101021;75.00;77.40;73.67;76.93;1000321;75762104.00
20101022;77.00;80.10;76.78;79.50;1107124;87585832.00
20101025;80.80;83.48;80.20;81.80;1197744;98461528.00
20101026;81.01;82.54;80.20;81.52;932712;75988104.00
20101027;81.54;85.77;81.54;83.75;1657094;139400592.00
20101028;83.39;84.00;80.66;81.00;1092960;89631320.00
20101029;81.00;87.80;81.00;87.05;1834085;157087840.00
20101101;88.10;92.49;88.10;88.99;2079797;188212464.00
20101102;88.00;89.80;86.23;86.55;931616;81341944.00
20101103;85.25;85.25;81.50;82.10;1473083;122559760.00
20101104;82.25;84.29;82.08;82.80;951276;79088688.00
20101105;83.71;84.38;82.00;84.13;844850;70442096.00
20101108;84.00;89.01;83.50;89.01;1228599;106537832.00
20101109;89.35;89.50;87.35;87.99;882621;77785432.00
20101110;87.50;92.49;87.33;91.80;1584872;143576224.00
20101111;91.36;97.35;91.20;92.00;1737385;164232736.00
20101112;90.40;94.00;88.88;89.29;3842061;349466336.00
20101115;90.20;93.38;90.00;93.32;1733984;159255024.00
20101116;92.98;94.44;88.20;88.76;1583072;143912528.00
20101117;87.39;90.00;83.55;84.51;1006572;87648240.00
20101118;85.20;86.87;84.68;86.00;520369;44634932.00
20101119;86.70;90.60;86.08;90.20;1147959;102300664.00
20101122;91.88;95.80;89.89;90.29;2044673;189834992.00
20101123;90.08;92.83;88.86;92.30;1087283;98447960.00
20101124;91.98;97.47;91.08;96.50;1313899;124963896.00
20101125;96.87;97.44;93.01;94.00;1234635;116963528.00
20101126;94.13;95.29;91.70;93.20;1149547;107573496.00
20101129;93.20;95.78;92.71;95.36;1092687;103366784.00
20101130;95.36;95.80;88.88;91.42;1560683;142831680.00
20101201;91.00;91.35;89.15;90.80;553569;49950564.00
20101202;91.31;92.50;90.00;90.00;524538;47742600.00
20101203;90.09;91.00;86.81;88.90;900792;79490720.00
20101206;88.30;88.98;85.80;87.00;578195;50308792.00
20101207;86.51;89.99;86.51;89.80;519194;46018716.00
20101208;89.00;91.12;89.00;89.96;688871;62251504.00
20101209;90.00;90.00;87.75;88.15;580386;51590744.00
20101210;88.50;91.98;87.50;91.85;749231;68140192.00
20101213;92.98;95.84;92.48;94.86;1068326;101075272.00
20101214;95.00;96.80;94.00;95.61;665215;63698424.00
20101215;95.03;95.60;93.01;94.00;519203;49006128.00
20101216;95.00;95.98;92.01;92.56;1085634;101637928.00
20101217;92.50;93.42;91.88;93.23;473329;43696408.00
20101220;91.01;93.60;89.00;90.56;1268255;114912680.00
20101221;91.00;91.31;88.23;88.88;1009628;90378824.00
20101222;89.68;91.00;88.92;89.84;482749;43429732.00
20101223;90.00;90.00;88.30;88.55;457974;40701900.00
20101224;88.60;88.90;85.80;86.52;588913;51128784.00
20101227;87.03;87.99;80.88;81.00;1263584;106068728.00
20101228;81.00;81.78;80.00;80.60;416393;33540102.00
20101229;80.80;82.70;80.65;82.70;378628;30962466.00
20101230;82.40;83.00;81.88;81.90;439406;36243052.00
20101231;82.00;84.10;82.00;84.10;1159559;96006936.00
20110104;84.88;87.49;83.89;86.76;966511;83183944.00
20110105;86.01;87.18;85.21;85.60;510901;43825292.00
20110106;85.40;85.96;82.28;82.60;959869;80111600.00
20110107;82.45;83.35;81.60;82.24;631221;51811744.00
20110110;82.24;82.24;78.60;79.10;1095034;87357624.00
20110111;79.10;79.70;78.40;78.93;354025;27944366.00
20110112;78.96;80.48;77.97;79.90;310000;24534286.00
20110113;81.99;81.99;79.01;79.30;286854;22978272.00
20110114;78.66;78.90;76.00;76.32;609482;46903220.00
20110117;76.00;77.67;75.39;75.53;538322;40981820.00
20110118;75.25;75.96;72.81;73.35;651208;48327188.00
20110119;73.69;75.25;73.13;75.20;394737;29446568.00
20110120;75.50;75.69;72.00;72.15;603881;44220476.00
20110121;72.85;73.68;72.15;73.15;453260;32996620.00
20110124;73.42;74.78;72.01;72.02;468569;34342372.00
20110125;72.00;72.50;69.26;71.76;664019;46884876.00
20110126;72.50;73.85;71.79;73.51;377405;27624756.00
20110127;73.00;74.98;72.60;74.81;435197;32265864.00
20110128;74.68;75.80;74.68;75.28;278642;20979278.00
20110131;75.00;75.30;74.20;74.88;406008;30393192.00
20110201;75.48;75.48;73.30;73.65;593711;43987832.00
20110209;73.03;77.60;73.03;76.78;770743;59118256.00
20110210;76.29;79.66;75.80;79.65;679762;52885816.00
20110211;79.60;80.15;78.66;80.00;505249;40185404.00
20110214;79.99;80.78;79.02;80.69;466769;37399480.00
20110215;80.80;80.80;79.30;79.34;548232;43769108.00
20110216;79.36;80.30;78.90;80.30;632023;50241744.00
20110217;80.00;81.68;80.00;81.00;493085;39861756.00
20110218;81.00;84.20;80.28;82.38;683842;56686540.00
20110221;81.50;83.70;81.50;83.19;704705;58428336.00
20110222;83.38;83.70;79.85;79.88;777513;63021244.00
20110223;79.39;83.30;79.39;82.97;681130;55573512.00
20110224;82.87;83.60;81.33;82.32;341024;28113244.00
20110225;82.00;82.00;80.16;81.20;289358;23409302.00
20110228;82.20;84.00;80.55;83.80;497853;41545748.00
20110301;83.80;86.99;83.60;86.99;1048359;89377120.00
20110302;86.10;88.15;86.00;87.20;1327491;115834672.00
20110303;87.20;87.48;84.15;84.80;736011;63084072.00
20110304;84.80;87.05;84.57;86.36;412011;35481784.00
20110307;86.38;87.87;83.35;85.05;536039;45309692.00
20110308;85.00;85.36;83.60;84.66;616559;51952936.00
20110309;84.66;86.15;84.65;85.90;336710;28823574.00
20110310;85.97;87.00;85.21;86.01;426116;36712668.00
20110311;85.01;87.97;85.01;87.37;593662;51528544.00
20110314;86.81;92.77;86.81;89.80;982424;88501736.00
20110315;89.99;91.00;87.51;90.80;603512;53659716.00
20110316;91.18;91.78;89.60;90.88;446254;40412348.00
20110317;90.80;90.80;86.01;88.58;316500;28119724.00
20110318;88.58;90.05;88.10;88.43;195005;17352104.00
20110321;88.50;91.20;88.50;90.88;627718;56690908.00
20110322;90.95;90.98;89.00;89.99;320527;28852622.00
20110323;90.38;90.48;89.51;90.45;352369;31747866.00
20110324;90.30;90.95;88.01;89.99;597951;53359184.00
20110325;89.59;89.99;87.00;87.83;964248;84521192.00
20110328;89.73;89.90;84.01;84.19;1628648;139708144.00
20110329;84.00;84.80;81.95;81.95;612328;50861980.00
20110330;81.95;83.82;81.67;82.99;269162;22220866.00
20110331;83.00;83.48;82.05;82.60;245568;20333464.00
20110401;83.55;83.97;82.18;83.97;165233;13747800.00
20110406;83.88;84.00;81.80;82.01;342149;28200296.00
20110407;82.80;83.68;81.71;83.68;285798;23561542.00
20110408;83.68;84.00;82.80;83.80;423579;35304288.00
20110411;83.98;84.00;79.00;79.94;1169487;94361064.00
20110412;79.70;79.70;77.95;79.27;509745;40155536.00
20110413;79.06;80.77;78.20;80.76;279806;22394274.00
20110414;80.70;80.88;79.00;79.29;229309;18229356.00
20110415;79.10;79.45;77.60;78.80;336377;26311006.00
20110418;78.40;79.40;78.19;79.00;200289;15781942.00
20110419;79.09;81.67;78.41;81.29;380768;30598614.00
20110421;83.05;86.00;83.00;85.48;711158;60479268.00
20110422;84.50;85.76;83.60;85.25;496539;42072704.00
20110425;84.11;85.80;83.68;83.71;454041;38574656.00
20110426;83.50;84.40;81.88;82.40;363578;30042724.00
20110427;82.40;82.55;81.20;82.00;306231;25090988.00
20110428;82.60;84.69;81.01;81.90;460826;37822052.00
20110429;81.30;84.10;81.30;84.10;304839;25176584.00
20110503;83.45;85.58;83.02;85.30;335278;28380632.00
20110504;84.88;85.50;83.65;84.59;397563;33710712.00
20110505;84.97;84.99;83.70;83.76;306240;25758834.00
20110506;33.30;34.59;32.58;33.89;1041030;35424712.00
20110509;33.89;34.24;33.36;33.99;749362;25334056.00
20110510;33.99;34.00;32.70;33.50;839872;27853642.00
20110511;33.14;33.80;32.90;33.55;758156;25331310.00
20110512;33.55;33.60;32.92;33.00;664425;22138054.00
20110513;33.40;33.40;31.80;32.49;751446;24345380.00
20110516;32.48;32.48;31.30;31.31;500266;15816333.00
20110517;31.03;31.64;30.80;31.10;393409;12233124.00
20110518;31.00;31.09;30.52;31.08;243003;7481730.50
20110519;31.10;31.49;30.80;30.86;173350;5405976.00
20110520;30.90;31.40;30.75;30.75;172075;5344262.50
20110523;30.90;31.24;29.37;29.47;486523;14600250.00
20110524;29.76;30.58;29.21;30.10;882574;26380974.00
20110525;29.94;29.94;28.62;28.62;623702;18214080.00
20110526;28.70;29.09;28.00;28.30;585981;16646791.00
20110527;28.39;29.10;27.60;29.08;966540;27443870.00
20110530;29.05;29.90;28.80;29.25;587042;17259712.00
20110531;29.45;29.87;29.00;29.60;278663;8174157.00
20110601;29.70;30.98;29.30;30.97;969673;29570178.00
20110602;30.40;30.99;30.11;30.97;804945;24537152.00
20110603;31.00;31.49;30.11;31.22;438550;13631196.00
20110607;31.05;31.27;30.79;30.79;339550;10526919.00
20110608;30.79;30.83;30.01;30.60;269718;8196475.00
20110609;30.20;30.81;30.06;30.08;190350;5783092.50
20110610;30.08;30.20;29.32;30.04;298100;8857623.00
20110613;29.99;30.49;29.50;30.35;491126;14743931.00
20110614;30.35;30.52;30.00;30.00;337014;10207665.00
20110615;30.11;30.70;29.95;30.18;295560;8929011.00
20110616;30.16;30.25;29.30;29.30;309009;9172267.00
20110617;29.30;30.06;29.00;29.58;132552;3923583.50
20110620;29.80;29.80;29.05;29.08;167403;4880138.00
20110621;29.18;29.56;28.63;29.20;348141;10100665.00
20110622;29.05;29.05;28.52;28.77;168140;4842454.00
20110623;28.43;29.98;28.01;29.59;388822;11358106.00
20110624;29.80;30.29;29.10;30.00;537503;16030320.00
20110627;30.03;30.45;29.61;29.71;610975;18327564.00
20110628;29.73;30.05;29.31;29.60;320427;9485806.00
20110629;29.30;29.83;29.30;29.31;420486;12387377.00
20110630;29.40;29.89;29.40;29.59;283140;8407178.00
20110701;29.86;30.10;29.60;29.88;270676;8070463.00
20110704;29.88;30.44;29.50;30.40;1288516;38848520.00
20110705;30.52;31.47;30.40;31.30;1426824;44136192.00
20110706;31.34;32.34;31.02;32.20;1400446;44671896.00
20110707;32.25;33.29;31.61;31.90;2005272;65170848.00
20110708;31.80;31.85;30.40;30.79;1978300;60959464.00
20110711;30.10;30.86;30.10;30.77;1492511;45334688.00
20110712;30.47;31.40;30.18;30.86;811252;25031024.00
20110713;30.98;31.99;30.50;31.70;1667960;52486524.00
20110714;31.68;32.37;31.52;32.23;1008490;32233256.00
20110715;32.15;32.70;31.80;32.25;1301998;42035472.00
20110718;32.30;32.80;31.88;32.80;1381260;44751220.00
20110719;32.67;32.67;31.90;31.93;697450;22437506.00
20110720;32.00;32.65;31.88;32.15;834924;26915798.00
20110721;32.20;32.99;31.60;32.50;1041474;33729284.00
20110722;32.15;34.18;32.03;34.07;3950014;133207352.00
20110725;34.00;34.00;33.03;33.76;2081121;69689296.00
20110726;33.64;33.76;32.87;33.50;1042196;34698732.00
20110727;33.29;34.78;33.04;34.26;1946586;66746456.00
20110728;34.16;34.16;33.18;33.91;1445229;48632452.00
20110729;33.91;34.28;33.67;34.25;1074410;36595584.00
20110801;34.00;34.18;33.50;33.50;914340;30943450.00
20110802;33.63;33.73;32.70;33.00;731733;24109696.00
20110803;33.00;33.78;32.71;33.38;767751;25608002.00
20110804;33.00;33.65;32.03;32.19;1379170;44846668.00
20110805;31.51;31.75;30.88;31.18;1413525;44154884.00
20110808;30.86;30.86;29.67;29.85;1221658;36799616.00
20110809;28.80;30.37;28.52;29.96;771111;22818082.00
20110810;30.40;30.86;29.71;30.10;674914;20481576.00
20110811;29.77;30.70;29.40;30.63;858165;26023584.00
20110812;30.68;32.25;30.42;31.97;1290218;40859128.00
20110815;31.91;33.18;31.63;32.58;1138976;37229348.00
20110816;32.62;33.22;32.34;32.85;1187166;38919144.00
20110817;32.46;33.10;32.46;32.88;689281;22623408.00
20110818;32.78;32.98;31.00;32.10;489583;15914785.00
20110819;31.56;32.14;31.20;31.78;637294;20129354.00
20110822;31.98;32.98;30.60;30.61;801365;25208782.00
20110823;30.51;31.89;30.28;31.50;1037447;31977716.00
20110824;31.76;32.75;31.54;32.50;1041024;33548084.00
20110825;32.60;32.80;31.88;32.80;733956;23753256.00
20110826;32.80;33.50;32.59;33.13;662699;21845408.00
20110829;33.00;33.68;32.95;33.16;688445;22860030.00
20110830;33.46;33.46;32.30;32.32;759258;24975650.00
20110831;32.10;32.40;31.45;31.50;666929;21232228.00
20110901;31.87;32.00;30.88;31.01;709328;22124154.00
20110902;31.01;31.75;30.79;31.05;590015;18361574.00
20110905;30.98;31.28;30.09;30.09;506474;15452459.00
20110906;30.38;30.95;29.77;30.58;1136177;34709276.00
20110907;30.87;31.85;30.80;31.61;1112985;34928768.00
20110908;31.80;32.98;31.62;32.64;1761356;57211280.00
20110909;31.68;31.68;30.68;30.80;5898729;183472320.00
20110913;30.05;30.50;29.84;29.85;1010411;30374714.00
20110914;29.85;30.25;29.65;30.20;656195;19651684.00
20110915;30.15;30.37;29.52;29.52;915427;27369484.00
20110916;29.50;29.94;29.16;29.50;719234;21144732.00
20110919;29.15;29.15;28.00;28.28;2339619;66335392.00
20110920;28.03;28.50;27.83;27.92;939209;26402274.00
20110921;28.34;28.99;27.96;28.77;1233403;35269652.00
20110922;28.64;28.89;27.85;27.85;385465;10869788.00
20110923;27.70;27.70;26.80;26.98;1660249;44840596.00
20110926;26.96;26.96;25.49;25.89;2946724;76745064.00
20110927;26.15;26.15;23.81;24.18;4003172;97523616.00
20110928;24.18;24.45;23.50;23.88;1915453;45801428.00
20110929;23.61;23.61;22.90;23.02;924654;21467186.00
20110930;23.30;23.45;22.57;23.22;651042;14991394.00
20111010;23.42;23.55;22.94;23.21;445555;10340678.00
20111011;23.80;23.89;21.89;22.15;1226473;27861440.00
20111012;22.00;22.97;21.76;22.93;1641516;37164792.00
20111013;22.93;23.39;22.52;23.16;1280621;29524686.00
20111014;22.81;22.93;22.12;22.73;1380901;31115856.00
20111017;22.50;22.97;21.88;22.20;1266008;28228070.00
20111018;22.19;22.29;19.98;19.98;4424959;90498232.00
20111019;19.70;19.98;19.10;19.45;2341580;45657916.00
20111020;19.21;19.44;18.61;18.85;2178753;41216936.00
20111021;18.91;19.38;18.78;18.80;1426913;27158660.00
20111024;18.78;18.97;17.90;18.93;2420417;44680976.00
20111025;18.88;19.78;18.88;19.50;2285847;44068944.00
20111026;19.31;20.12;19.21;19.75;2143549;42180340.00
20111027;19.95;19.95;19.30;19.53;1752142;34228368.00
20111028;19.89;20.34;19.47;20.25;2156546;42731116.00
20111031;19.86;20.89;18.70;20.88;10806213;210006160.00
20111101;20.26;20.96;19.90;20.96;8842857;179054928.00
20111102;20.30;23.06;19.60;22.65;17810255;380479904.00
20111103;22.42;23.50;22.30;22.35;17051985;388408128.00
20111104;22.43;22.71;20.50;21.72;8606403;189632880.00
20111107;22.06;22.66;21.52;21.67;8081364;178654704.00
20111108;21.50;21.93;21.21;21.22;4719076;101829376.00
20111109;21.35;21.84;20.82;21.74;5233079;111616136.00
20111110;21.35;22.19;21.27;21.60;7379548;161319824.00
20111111;21.55;21.61;20.70;20.82;7955286;166981856.00
20111114;21.01;21.98;20.91;21.67;7692712;165290368.00
20111115;21.59;22.45;21.48;22.41;8966042;197569120.00
20111116;22.47;22.63;21.75;21.89;7374571;162522368.00
20111117;21.89;22.24;21.35;21.77;4690126;102295960.00
20111118;21.53;21.68;21.00;21.05;5078335;108182648.00
20111121;21.03;21.30;20.20;20.68;3119314;64138880.00
20111122;20.20;20.80;20.15;20.42;2530905;51577348.00
20111123;20.42;20.54;19.45;19.47;4818143;95863976.00
20111124;19.16;19.45;18.57;19.25;5239819;99128360.00
20111125;19.09;19.14;18.46;18.60;2618519;49257068.00
20111128;18.65;18.97;18.37;18.91;2827687;52771244.00
20111129;19.03;19.26;18.70;19.05;3244762;61608488.00
20111130;19.05;19.24;17.48;17.99;3779765;69353432.00
20111201;18.52;18.68;18.00;18.30;3929772;72099144.00
20111202;18.08;18.27;17.36;17.90;3172221;56338480.00
20111205;17.70;17.70;16.11;16.12;3100609;52283396.00
20111206;16.18;16.47;15.85;16.20;2482630;40073996.00
20111207;16.25;16.35;16.06;16.23;1441632;23376270.00
20111208;16.29;17.18;15.58;16.79;3783547;62413812.00
20111209;16.48;16.74;16.35;16.40;1666924;27483342.00
20111212;16.30;16.55;16.13;16.31;1387542;22669972.00
20111213;16.09;16.22;15.51;15.56;1632837;25702038.00
20111214;15.40;16.00;15.39;15.46;1182335;18557156.00
20111215;15.40;15.61;15.15;15.16;1996952;30830344.00
20111216;15.14;16.10;15.14;16.04;3395546;53189672.00
20111219;15.90;16.35;15.46;16.31;5308180;83876232.00
20111220;16.14;16.50;15.81;15.90;3588470;57909040.00
20111221;16.08;16.23;15.18;15.18;3480572;54438444.00
20111222;14.89;14.89;13.72;14.12;5081737;72447856.00
20111223;14.05;14.38;13.78;13.88;3997312;56293580.00
20111226;13.74;14.05;13.40;13.69;3734505;51397416.00
20111227;13.52;13.63;13.03;13.04;2758651;36613120.00
20111228;12.84;12.93;12.30;12.80;3181169;40216968.00
20111229;12.67;13.20;12.59;13.09;3976348;51644760.00
20111230;12.98;13.33;12.90;13.26;3659704;48232872.00
20120104;13.42;13.58;12.61;12.61;2430680;31953438.00
20120105;12.41;12.80;11.98;12.28;3840912;47072064.00
20120106;12.15;12.64;11.87;12.55;2844689;35102508.00
20120109;12.54;13.22;12.24;13.19;3202608;41268616.00
20120110;13.10;13.94;13.06;13.84;5252783;70833040.00
20120111;13.78;14.10;13.52;13.70;5400759;74487640.00
20120112;13.60;14.09;13.58;13.73;4765170;65943960.00
20120113;13.70;13.78;12.36;12.57;5804719;75018888.00
20120116;12.21;12.45;11.78;11.78;3401160;41173848.00
20120117;11.70;12.68;11.62;12.60;4458213;54162136.00
20120118;12.62;12.87;11.78;11.88;4757553;58976264.00
20120119;11.98;13.07;11.89;13.07;7046008;88054944.00
20120120;13.30;13.42;12.84;13.17;7288522;95880848.00
20120130;13.15;13.76;13.13;13.40;8711378;117471384.00
20120131;13.20;13.37;12.93;13.30;4878104;64223428.00
20120201;13.21;13.70;13.14;13.38;4967426;66901648.00
20120202;13.39;13.94;13.30;13.88;6885909;94313872.00
20120203;13.88;14.78;13.71;14.38;8752180;123863824.00
20120206;14.38;14.56;14.15;14.50;7251617;104215536.00
20120207;14.34;14.54;13.93;14.40;7681707;109301024.00
20120208;14.32;14.98;14.28;14.90;7467931;109974248.00
20120209;14.80;15.44;14.73;15.21;8788518;133497248.00
20120210;15.17;15.89;15.05;15.76;12005701;186865664.00
20120213;15.50;16.19;15.39;15.99;8002115;126830992.00
20120214;15.90;16.18;15.55;15.70;6317254;99422736.00
20120215;15.70;16.06;15.34;16.05;10073274;158050208.00
20120216;16.06;16.06;15.50;15.57;8164923;128128048.00
20120217;15.60;15.70;15.13;15.32;7554871;116130888.00
20120220;15.52;15.78;15.31;15.31;6884116;106676064.00
20120221;15.18;15.78;14.84;15.60;10783282;165455392.00
20120222;15.65;16.50;15.57;16.22;15218992;242984368.00
20120223;16.34;16.34;15.73;15.88;12139217;194616704.00
20120224;15.97;16.08;15.79;16.06;6885185;109606680.00
20120227;16.12;16.79;16.11;16.28;11790842;193394112.00
20120228;16.12;16.24;15.50;15.80;7561284;119981104.00
20120229;15.74;15.85;15.42;15.44;4407573;68754248.00
20120301;15.38;15.78;15.35;15.55;4046245;63081940.00
20120302;15.59;16.00;15.59;15.96;4956353;78388400.00
20120305;15.99;16.73;15.99;16.42;10167369;166717776.00
20120306;16.47;16.66;15.92;16.65;7999417;130035440.00
20120307;16.39;17.88;16.33;16.97;12610143;216495920.00
20120308;17.06;17.85;17.06;17.46;10351977;180893328.00
20120309;17.30;17.86;17.12;17.85;8672442;152200080.00
20120312;17.86;18.42;17.50;18.29;8656285;156058592.00
20120313;17.98;17.98;17.30;17.56;12285340;216466880.00
20120314;17.43;17.77;16.34;16.61;10933871;188071920.00
20120315;16.53;16.97;15.90;16.75;7117002;117005592.00
20120319;16.98;17.30;16.45;17.10;5360423;90318640.00
20120320;16.98;16.98;16.22;16.23;4078687;67611288.00
20120321;16.16;16.43;15.42;15.70;6584725;103813256.00
20120322;15.72;15.97;15.38;15.69;3785617;59269136.00
20120323;15.60;15.60;15.05;15.18;3754371;57491620.00
20120326;15.00;15.35;14.99;15.19;2802104;42495280.00
20120327;15.30;15.45;15.07;15.11;2440139;37240900.00
20120328;15.06;15.16;13.60;13.75;5645715;80407376.00
20120329;13.64;13.64;13.21;13.25;3604892;48267928.00
20120330;13.30;13.45;12.81;13.29;3556351;46668040.00
20120405;13.40;13.82;13.20;13.76;3817867;51909204.00
20120406;13.81;14.24;13.73;14.15;3804448;52993580.00
20120409;13.85;13.85;13.14;13.16;3014183;40508900.00
20120410;13.02;13.36;12.61;13.36;3004922;39081416.00
20120411;13.10;13.45;13.02;13.23;2640245;34869976.00
20120412;13.26;13.67;13.10;13.65;4429319;59406368.00
20120413;13.71;13.98;13.60;13.85;4242021;58450788.00
20120416;13.75;13.80;13.56;13.62;2581868;35313040.00
20120417;13.58;13.87;13.52;13.64;2669499;36551572.00
20120418;13.76;14.18;13.65;14.13;4085683;57060388.00
20120419;14.05;14.08;13.68;13.78;5651375;78385568.00
20120420;13.70;14.06;13.50;13.96;4548280;62958952.00
20120423;13.85;13.86;12.90;12.92;7489598;99675376.00
20120424;12.70;12.91;12.08;12.56;5519082;68794128.00
20120425;12.53;12.75;12.38;12.68;2265712;28447846.00
20120426;12.68;13.09;12.51;12.95;3474762;44432996.00
20120427;12.88;13.35;12.84;13.13;2750463;36119308.00
20120502;13.35;13.38;13.01;13.24;2676041;35356628.00
20120503;13.15;13.26;12.91;13.14;2609228;34196396.00
20120504;13.15;13.50;13.06;13.48;3602608;47953132.00
20120507;13.37;14.17;13.30;13.92;4302847;58873284.00
20120508;13.85;14.23;13.75;13.96;5000995;69938680.00
20120509;13.92;13.92;13.32;13.46;3368499;45772140.00
20120510;13.35;13.87;13.35;13.65;2557315;34861956.00
20120511;13.67;13.85;13.39;13.41;2347469;31978018.00
20120514;13.55;13.58;13.19;13.20;2054776;27593850.00
20120515;13.03;13.54;12.82;13.51;2564954;33832172.00
20120516;13.50;13.67;13.32;13.34;1944503;26292844.00
20120517;13.36;13.65;13.34;13.53;3162840;42802212.00
20120518;13.39;13.49;12.96;12.96;2750583;36387152.00
20120521;12.88;13.05;12.61;12.73;2230599;28555462.00
20120522;12.86;13.38;12.80;13.20;2777173;36524360.00
20120523;13.18;13.26;12.96;13.00;1849014;24217602.00
20120524;12.98;13.78;12.91;13.34;4691528;63318536.00
20120525;13.47;13.47;13.11;13.19;1852577;24512142.00
20120528;13.11;13.28;12.79;13.28;2066499;26962636.00
20120529;13.28;13.85;13.26;13.68;4033962;55037132.00
20120530;13.63;14.14;13.58;13.79;6504934;90251176.00
20120531;13.71;14.47;13.65;14.22;9573057;135574800.00
20120601;14.10;14.21;13.81;13.91;3916866;54876776.00
20120604;13.58;14.22;13.48;13.69;5560064;77148608.00
20120605;13.71;13.85;13.30;13.42;2987384;40570388.00
20120606;13.45;13.71;13.36;13.53;2332081;31529030.00
20120607;13.70;13.78;13.00;13.00;3491436;46678896.00
20120608;13.18;13.20;12.76;12.77;2609388;33921156.00
20120611;12.73;13.18;12.73;13.06;3582611;46563128.00
20120612;12.97;13.15;12.91;12.92;1934957;25192302.00
20120613;13.00;13.18;12.90;13.14;2382076;31126538.00
20120614;13.14;13.36;13.02;13.06;2758019;36401540.00
20120615;13.08;13.30;12.80;13.11;2675193;35048768.00
20120618;13.23;13.49;13.13;13.46;3106881;41518100.00
20120619;13.41;13.42;13.22;13.24;2076498;27656214.00
20120620;13.36;13.75;13.31;13.50;3597006;48705488.00
20120621;13.46;13.57;13.00;13.06;3436965;45306124.00
20120625;13.28;13.58;12.90;12.90;4178688;55309488.00
20120626;12.50;12.58;12.11;12.45;3303747;40812040.00
20120627;12.45;12.53;12.20;12.38;2523085;31235306.00
20120628;12.48;12.48;11.96;11.96;2557362;31101734.00
20120629;11.94;12.11;11.50;12.08;3497474;41281732.00
20120702;12.19;12.24;12.00;12.17;2327818;28222606.00
20120703;12.10;12.47;12.10;12.44;3504215;42948960.00
20120704;12.27;12.27;11.50;11.71;9404665;111457232.00
20120705;11.58;11.64;11.05;11.12;4903804;55386832.00
20120706;11.20;11.24;10.50;10.89;6081415;66124160.00
20120709;10.63;10.78;9.89;9.99;8687104;89369552.00
20120710;9.90;10.16;9.82;10.08;3389885;33970416.00
20120711;10.03;10.14;9.93;10.09;2464892;24766728.00
20120712;10.09;10.27;9.93;10.23;3189005;32350656.00
20120713;10.14;10.25;9.88;9.88;3958025;39638472.00
20120716;9.85;9.85;8.95;8.99;6109231;56544500.00
20120717;8.92;9.30;8.92;9.25;3371881;30963524.00
20120718;9.24;9.40;9.07;9.33;2884708;26567042.00
20120719;9.29;9.58;9.26;9.43;4876338;46106316.00
20120720;9.35;9.53;9.23;9.30;2935933;27575408.00
20120723;9.17;9.35;9.05;9.30;1779487;16377368.00
20120724;9.22;9.55;9.13;9.45;2508796;23577070.00
20120725;9.40;9.63;9.33;9.36;2991461;28325058.00
20120726;9.35;9.55;9.29;9.32;2594533;24408536.00
20120727;9.35;9.45;9.13;9.20;2839860;26412316.00
20120730;9.23;9.27;8.81;8.81;2658150;23809270.00
20120731;8.89;8.89;8.62;8.71;2584501;22556172.00
20120801;8.70;8.93;8.70;8.88;2733835;24136842.00
20120802;8.88;8.91;8.75;8.81;2074047;18302602.00
20120803;8.84;9.35;8.81;9.25;5528477;50620148.00
20120806;9.18;9.50;9.12;9.50;4962847;46236280.00
20120807;9.49;9.62;9.44;9.51;3835963;36502340.00
20120808;9.54;9.83;9.31;9.68;4980449;47941048.00
20120809;9.69;9.76;9.50;9.69;3629761;35024936.00
20120810;9.67;9.75;9.56;9.62;2499468;24059682.00
20120813;9.60;9.60;9.12;9.20;3287492;30903360.00
20120814;9.22;9.22;8.89;9.15;3807378;34393220.00
20120815;9.07;9.15;8.96;9.03;2068383;18698760.00
20120816;9.00;9.20;8.99;9.06;1900548;17302016.00
20120817;9.23;9.97;9.22;9.97;4528550;44257772.00
20120820;10.20;10.55;10.01;10.24;16218322;166330176.00
20120821;10.02;10.93;9.99;10.62;14937298;156474048.00
20120822;10.41;10.55;10.30;10.50;8808063;91951832.00
20120823;10.46;10.87;10.40;10.72;10370965;110749448.00
20120824;10.62;10.63;10.09;10.13;7541670;77602664.00
20120827;10.05;10.32;10.03;10.09;5160729;52528260.00
20120828;10.15;10.52;10.11;10.45;6828867;70795560.00
20120829;10.45;11.13;10.34;10.60;11886006;128488744.00
20120830;10.51;10.58;9.68;10.04;8616091;87432040.00
20120831;9.92;10.19;9.92;10.14;3467822;34896688.00
20120903;10.05;10.57;10.03;10.55;5712233;59110152.00
20120904;10.60;10.86;10.31;10.33;7170181;75581640.00
20120905;10.27;10.87;10.14;10.78;9224005;97867680.00
20120906;10.79;10.99;10.59;10.99;9159910;98882120.00
20120907;10.99;11.58;10.77;11.27;13939807;155567024.00
20120910;11.26;11.37;11.08;11.22;6687736;74915504.00
20120911;11.58;11.85;11.15;11.21;9076107;103550920.00
20120912;11.18;11.30;10.85;11.06;8133887;89864056.00
20120913;11.00;11.18;10.85;10.89;4595262;50746944.00
20120914;10.98;11.09;10.74;10.89;4907176;53571176.00
20120917;10.82;10.82;10.23;10.23;4585285;48028632.00
20120918;10.19;10.37;10.19;10.22;2619285;26929848.00
20120919;10.28;10.46;10.21;10.36;2670249;27611604.00
20120920;10.30;10.32;9.62;9.63;5445962;53817788.00
20120921;9.60;9.75;9.35;9.35;2711995;25918716.00
20120924;9.21;9.60;9.12;9.48;2996033;28010940.00
20120925;9.39;9.59;9.32;9.46;2198418;20801240.00
20120926;9.40;9.48;8.80;8.85;3948887;35848524.00
20120927;8.93;9.23;8.81;9.12;3076326;27852974.00
20120928;9.10;9.35;8.97;9.31;2803061;25902716.00
20121008;9.45;9.54;9.29;9.34;2314703;21775030.00
20121009;9.32;9.84;9.32;9.75;4413990;42384116.00
20121010;9.67;10.08;9.65;9.90;3508755;34621816.00
20121011;9.86;9.95;9.51;9.53;3243668;31411034.00
20121012;9.57;9.71;9.29;9.45;2243307;21219570.00
20121015;9.35;9.39;8.63;8.90;5217907;46853888.00
20121016;8.90;9.09;8.89;8.92;2752467;24719680.00
20121017;8.99;9.10;8.82;9.05;2472073;22205638.00
20121018;9.08;9.50;9.05;9.46;6049293;56149160.00
20121019;9.43;9.78;9.39;9.57;4652864;44673604.00
20121022;9.45;9.64;9.41;9.55;2381401;22659496.00
20121023;9.46;9.68;9.45;9.50;2887972;27562734.00
20121024;9.43;9.55;9.26;9.38;2178871;20499706.00
20121025;9.44;9.68;9.34;9.45;3584323;34232692.00
20121026;9.45;9.49;8.89;8.96;3481268;31671858.00
20121029;8.95;9.12;8.88;8.94;1563117;14072952.00
20121030;8.90;9.07;8.88;8.99;1035027;9304210.00
20121031;9.02;9.05;8.81;8.90;1412755;12584964.00
20121101;8.98;9.23;8.90;9.16;2316554;21130316.00
20121102;9.30;9.49;9.28;9.37;3468656;32492254.00
20121105;9.37;9.37;9.18;9.26;1308364;12092256.00
20121106;9.25;9.27;8.93;9.10;1705915;15440774.00
20121107;9.14;9.19;9.00;9.15;1170651;10686949.00
20121108;9.04;9.07;8.85;8.87;1494684;13422090.00
20121109;8.86;8.97;8.79;8.84;1575241;13941979.00
20121112;8.90;8.96;8.76;8.89;1134528;10056965.00
20121113;8.91;8.93;8.62;8.62;1991273;17343646.00
20121114;8.62;8.65;8.37;8.52;1899842;16129637.00
20121115;8.48;8.48;8.20;8.20;1242544;10370776.00
20121116;8.20;8.24;8.12;8.20;1039688;8497166.00
20121119;8.20;8.37;8.15;8.35;1984233;16326219.00
20121120;8.35;8.39;8.20;8.22;1504732;12480447.00
20121121;8.20;8.45;8.10;8.41;1697575;14062944.00
20121122;8.35;8.35;8.21;8.27;1015898;8422936.00
20121123;8.29;8.49;8.20;8.31;1830270;15254267.00
20121126;8.26;8.34;8.10;8.12;1897782;15654163.00
20121127;8.10;8.10;7.68;7.70;2128226;16688548.00
20121128;7.65;7.65;7.52;7.60;1493688;11330410.00
20121129;7.60;7.66;7.25;7.32;2365767;17693592.00
20121130;7.31;7.41;7.20;7.28;2024693;14782666.00
20121203;7.26;7.38;7.06;7.06;1962938;14183265.00
20121204;7.05;7.19;6.86;7.16;3089810;21564230.00
20121205;7.13;7.65;7.05;7.45;3189934;23682338.00
20121206;7.40;7.57;7.35;7.44;1644736;12243550.00
20121207;7.49;7.80;7.29;7.63;3702123;28015068.00
20121210;7.63;7.89;7.56;7.84;4704291;36579392.00
20121211;7.84;7.91;7.70;7.79;3327734;25926392.00
20121212;7.74;7.80;7.60;7.71;2652139;20397596.00
20121213;7.68;7.85;7.63;7.69;2619159;20327100.00
20121214;7.63;8.10;7.62;8.04;5231000;41378760.00
20121217;7.98;8.10;7.90;8.03;4548456;36326496.00
20121218;7.99;8.12;7.91;7.95;3982254;31973902.00
20121219;7.91;8.09;7.90;8.01;2973536;23808096.00
20121220;8.10;8.21;7.89;8.00;6149277;49396116.00
20121221;7.94;8.09;7.90;7.98;5005925;39942828.00
20121224;7.94;8.13;7.92;8.12;4787107;38500756.00
20121225;8.05;8.36;7.99;8.30;7575879;61988044.00
20121226;8.27;8.65;8.19;8.60;9926948;83511624.00
20121227;8.65;8.67;8.28;8.29;6636139;55977728.00
20121228;8.27;8.34;8.15;8.30;4791832;39557424.00
20121231;8.33;8.34;8.19;8.27;4947000;40850816.00
20130104;8.33;8.44;8.25;8.34;5093215;42480788.00
20130107;8.39;8.56;8.26;8.52;5455056;45922076.00
20130108;8.53;8.87;8.49;8.69;8801119;76447576.00
20130109;8.71;8.88;8.49;8.56;7198868;62286392.00
20130110;8.59;8.97;8.58;8.95;12597029;111399336.00
20130111;8.99;9.05;8.72;8.76;9738775;86384704.00
20130114;8.71;9.20;8.71;9.15;10838839;97737200.00
20130115;9.20;9.45;9.15;9.23;11799909;109619216.00
20130116;9.20;9.37;8.90;9.36;10737552;97990920.00
20130117;9.55;9.66;9.01;9.06;8192384;76127160.00
20130118;9.08;9.18;8.93;9.18;6164949;55961200.00
20130121;9.14;9.22;9.07;9.14;4223394;38556236.00
20130122;9.16;9.23;8.86;8.90;5573564;50385548.00
20130123;8.90;8.92;8.67;8.90;4336306;38167780.00
20130124;8.88;9.03;8.30;8.47;5996295;52262944.00
20130125;8.48;8.56;8.35;8.41;2856237;24153310.00
20130128;8.44;8.65;8.44;8.64;3155670;27003224.00
20130129;8.61;8.75;8.57;8.66;4072972;35242508.00
20130130;8.71;8.71;8.50;8.57;4268660;36650892.00
20130131;8.57;8.59;8.39;8.43;3332651;28204392.00
20130201;8.39;8.59;8.39;8.52;2616353;22287522.00
20130204;8.56;8.59;8.35;8.37;2924920;24629294.00
20130205;8.31;8.48;8.26;8.46;2256750;18948530.00
20130206;8.46;8.67;8.46;8.65;3128093;26867284.00
20130207;8.63;8.66;8.53;8.66;2239725;19264350.00
20130208;8.65;8.92;8.60;8.86;3562036;31359864.00
20130218;8.97;9.24;8.87;9.13;6510016;59197504.00
20130219;9.06;9.14;8.83;8.90;4726053;42440452.00
20130220;8.90;9.18;8.85;9.17;5149795;46643492.00
20130221;9.10;9.12;8.85;8.94;4586191;41264796.00
20130222;8.95;9.01;8.84;8.87;3217538;28768188.00
20130225;8.90;9.10;8.85;9.05;3708679;33273306.00
20130226;8.98;9.20;8.89;8.94;5158537;46853160.00
20130227;8.95;9.05;8.58;8.66;4765045;41806044.00
20130228;8.75;9.03;8.70;9.01;5728926;51165596.00
20130301;9.04;9.33;9.00;9.29;9014845;82917824.00
20130304;9.29;9.51;9.03;9.10;9739333;90466864.00
20130305;9.08;9.62;8.93;9.53;9197306;85888888.00
20130306;9.57;9.86;9.39;9.74;9981850;96464408.00
20130307;9.70;9.71;9.22;9.39;7562235;71835144.00
20130308;9.38;9.49;9.18;9.25;4184495;39000588.00
20130311;9.25;9.38;9.17;9.23;2779568;25713914.00
20130312;9.25;9.31;8.68;8.83;5296303;47462124.00
20130313;8.74;8.82;8.51;8.64;3094156;26776060.00
20130314;8.63;8.72;8.50;8.55;2923827;25207030.00
20130315;8.58;8.74;8.36;8.54;3107534;26669652.00
20130318;8.52;8.59;8.33;8.35;2504345;21216268.00
20130319;8.34;8.47;8.29;8.47;2026864;17018704.00
20130320;8.47;8.69;8.43;8.68;2435509;20954976.00
20130321;8.69;8.94;8.64;8.78;3458755;30413080.00
20130322;8.74;8.85;8.61;8.79;2405961;21008758.00
20130325;8.85;8.85;8.64;8.72;2098906;18266096.00
20130326;8.71;8.71;8.29;8.42;3374540;28408094.00
20130327;8.41;8.51;8.33;8.41;1886220;15906761.00
20130328;8.38;8.38;7.95;7.97;3569128;28748162.00
20130329;8.00;8.04;7.90;7.98;2136462;17052422.00
20130401;7.99;8.12;7.93;8.02;1453475;11679867.00
20130402;8.05;8.10;7.80;7.85;2270280;18019842.00
20130403;7.86;7.93;7.77;7.85;1457142;11429311.00
20130408;7.72;7.91;7.60;7.91;1937789;14965089.00
20130409;7.89;8.18;7.89;8.04;1991684;16061293.00
20130410;8.06;8.14;7.92;7.98;1312504;10515679.00
20130411;8.05;8.09;7.89;7.95;1114744;8902896.00
20130412;7.93;7.99;7.73;7.79;1589319;12501833.00
20130415;7.73;7.77;7.52;7.55;1299841;9900357.00
20130416;7.56;7.72;7.46;7.71;1168181;8900330.00
20130417;7.72;7.82;7.64;7.78;1027763;7944496.00
20130418;7.74;7.97;7.71;7.93;1890425;14909485.00
20130419;7.90;8.09;7.88;8.05;2319923;18608742.00
20130422;7.99;8.15;7.95;8.06;1744279;14026618.00
20130423;8.08;8.08;7.72;7.73;1800699;14126943.00
20130424;7.80;8.08;7.75;8.04;2498474;19922710.00
20130425;8.01;8.43;7.92;8.16;5571126;45978980.00
20130426;8.20;8.23;7.96;7.98;2342915;18995344.00
20130502;7.95;8.14;7.92;8.08;1757041;14136139.00
20130503;8.10;8.33;8.05;8.26;2406194;19849734.00
20130506;8.27;8.64;8.21;8.52;4802040;40622588.00
20130507;8.45;8.48;8.36;8.42;2633580;22166200.00
20130508;8.45;8.68;8.33;8.64;4415760;37511156.00
20130509;8.55;8.77;8.48;8.64;4305891;37084392.00
20130510;8.60;8.67;8.43;8.63;3043595;26156950.00
20130513;8.66;8.84;8.53;8.80;5324533;46395268.00
20130514;8.80;8.89;8.55;8.66;4342323;37862688.00
20130515;8.68;9.25;8.63;9.20;9481390;85732056.00
20130516;9.18;9.54;9.05;9.10;13111316;121647808.00
20130517;9.05;10.01;9.04;10.01;13400927;128496992.00
20130520;10.20;10.44;9.95;10.18;23876551;242799568.00
20130521;10.22;10.68;10.21;10.33;17705306;184560656.00
20130522;10.22;10.29;9.81;9.92;12650685;127010368.00
20130523;9.91;10.19;9.62;9.68;12684669;126474744.00
20130524;9.78;10.65;9.75;10.46;17233916;175852944.00
20130527;10.46;10.77;10.29;10.49;12716108;133374376.00
20130528;10.43;10.43;9.93;9.96;9862680;99221848.00
20130529;10.01;10.53;9.91;10.29;9378387;96571456.00
20130530;10.23;10.30;9.97;10.14;6151186;62155592.00
20130531;10.20;10.20;9.80;9.88;6416280;63756788.00
20130603;9.86;10.05;9.65;9.71;5129492;50583540.00
20130604;9.77;9.81;9.23;9.42;5922250;56415800.00
20130605;9.49;9.77;9.41;9.54;5084032;48673972.00
20130606;9.50;9.50;9.16;9.23;4529666;42054560.00
20130607;9.37;9.37;9.10;9.30;4431632;40973540.00
20130613;9.20;9.20;8.68;8.99;3828843;34187628.00
20130614;9.02;9.41;8.99;9.32;5044778;46707636.00
20130617;9.33;9.52;9.18;9.23;4721939;44199452.00
20130618;9.20;9.26;8.89;9.17;4185277;38052264.00
20130619;9.12;9.24;8.92;9.23;3263183;29599278.00
20130620;9.15;9.16;8.76;8.79;3051394;27461822.00
20130621;8.50;8.88;8.36;8.79;4267475;36847928.00
20130624;8.78;8.78;7.99;8.12;3591331;30200122.00
20130625;8.11;8.30;7.43;8.07;5565097;43967948.00
20130626;8.07;8.38;7.90;8.30;5337397;43656388.00
20130627;8.30;8.57;8.09;8.18;4881687;40612784.00
20130628;8.09;8.34;7.91;8.04;3470039;28063570.00
20130701;8.00;8.26;7.83;8.24;2961566;24005670.00
20130702;8.24;8.48;8.19;8.44;4695182;39184628.00
20130703;8.44;8.44;8.07;8.36;4105840;33945480.00
20130704;8.29;8.55;8.24;8.48;4782568;40429312.00
20130705;8.41;8.50;8.14;8.19;3832500;31914846.00
20130708;7.99;7.99;7.58;7.61;3883421;30107510.00
20130709;7.74;7.74;7.55;7.68;2199153;16823700.00
20130710;7.60;7.96;7.60;7.91;3178299;24795228.00
20130711;7.91;8.19;7.84;8.15;3832908;30785894.00
20130712;8.14;8.31;8.07;8.07;3974024;32621830.00
20130715;8.07;8.41;8.03;8.41;4921330;40747620.00
20130716;8.40;8.57;8.37;8.51;5990045;50793228.00
20130717;8.51;8.65;8.38;8.38;5981664;50945240.00
20130718;8.36;8.55;8.23;8.50;4551115;38366348.00
20130719;8.44;8.68;8.08;8.08;5691000;48151624.00
20130722;7.96;8.35;7.91;8.34;4821936;39478752.00
20130723;8.34;8.67;8.34;8.66;5940468;50890488.00
20130724;8.65;8.87;8.52;8.84;7150481;62308972.00
20130725;8.81;8.84;8.42;8.43;5880479;50658996.00
20130726;8.47;8.59;8.20;8.57;3699092;31125514.00
20130729;8.60;8.87;8.52;8.60;7137180;62168740.00
20130730;8.55;8.65;8.23;8.37;4134755;34772712.00
20130731;8.36;8.79;8.33;8.50;5246092;45007008.00
20130801;8.50;8.85;8.48;8.85;7537212;65876596.00
20130802;8.91;9.74;8.88;9.60;12988107;123942952.00
20130805;9.41;9.53;9.27;9.48;11083727;104103400.00
20130806;9.45;9.56;9.32;9.42;6700445;63295004.00
20130807;9.35;9.54;9.02;9.10;7156622;65745252.00
20130808;9.01;9.35;9.00;9.16;5051709;46435300.00
20130809;9.23;9.24;8.84;9.04;6143811;55398356.00
20130812;9.11;9.53;9.08;9.37;7561122;70852960.00
20130813;9.40;9.48;9.26;9.33;4968723;46428972.00
20130814;9.38;9.38;9.08;9.16;4639897;42743876.00
20130815;9.11;9.28;9.05;9.05;3091706;28294256.00
20130816;9.00;9.28;8.75;8.75;4875862;44064200.00
20130819;8.78;9.08;8.75;9.08;3249590;29085342.00
20130820;9.10;9.51;9.08;9.32;6880139;64126712.00
20130821;9.30;9.52;9.22;9.44;5760400;54193420.00
20130822;9.43;9.86;9.36;9.73;9712620;93850720.00
20130823;9.70;10.19;9.58;9.97;14612804;145713488.00
20130826;9.90;10.25;9.81;9.90;8609118;86017664.00
20130827;9.96;10.10;9.70;9.97;6311494;62213336.00
20130828;9.95;10.05;9.61;9.61;5524161;54327796.00
20130829;9.70;9.97;9.65;9.75;5184598;51015120.00
20130830;9.85;9.85;9.41;9.47;5557491;53376388.00
20130902;9.46;9.92;9.46;9.88;3488089;33906016.00
20130903;9.89;10.08;9.81;9.93;3576096;35592680.00
20130904;9.99;10.03;9.60;9.66;4506833;44142232.00
20130905;9.74;10.14;9.62;10.01;8511442;84553376.00
20130906;10.10;10.10;9.77;9.88;5209958;51454540.00
20130909;9.88;9.92;9.60;9.81;4791097;46581272.00
20130910;9.80;9.80;9.62;9.71;3862256;37406572.00
20130911;9.70;9.73;9.18;9.27;5424488;50777832.00
20130912;9.20;9.35;9.15;9.22;2812237;25969788.00
20130913;9.25;9.38;9.19;9.36;2398867;22336966.00
20130916;9.33;9.46;9.24;9.35;2201005;20570386.00
20130917;9.29;9.37;9.07;9.07;3266294;29961270.00
20130918;9.09;9.32;9.09;9.28;1875279;17287566.00
20130923;9.29;9.42;9.19;9.39;4687913;43629760.00
20130924;9.37;9.37;9.19;9.26;3748200;34716208.00
20130925;9.21;9.36;9.12;9.14;3508586;32455946.00
20130926;9.13;9.24;8.98;8.98;2973805;27074814.00
20130927;8.98;9.15;8.97;9.08;2635547;23872916.00
20130930;9.15;9.28;9.08;9.25;3204326;29532662.00
20131008;9.25;9.54;9.19;9.48;4868091;45817128.00
20131009;9.45;9.62;9.36;9.59;4874760;46228584.00
20131010;9.62;9.76;9.38;9.42;4742967;45298860.00
20131011;9.43;9.62;9.40;9.56;3984952;37950876.00
20131014;9.57;9.63;9.35;9.50;5480183;51996236.00
20131015;9.50;9.61;9.30;9.35;4455768;42015584.00
20131016;9.33;9.35;8.94;8.99;3979629;36192372.00
20131017;8.99;9.21;8.99;9.05;2857742;26014444.00
20131018;9.05;9.20;9.05;9.10;2621984;23902880.00
20131021;9.13;9.59;9.11;9.53;5957947;55864804.00
20131022;9.57;9.85;9.53;9.54;8400636;81356320.00
20131023;9.56;9.73;9.25;9.28;4777960;45096788.00
20131024;9.28;9.51;9.22;9.51;4206515;39615636.00
20131025;9.51;9.91;9.41;9.65;9103683;88278920.00
20131028;9.59;10.11;9.55;9.95;12310699;122196312.00
20131029;9.93;10.02;8.96;9.15;13955613;130202168.00
20131030;9.06;9.07;8.70;9.00;5714574;50836100.00
20131031;8.99;9.13;8.80;9.08;4284650;38414328.00
20131101;9.00;9.07;8.82;8.86;3350502;29813558.00
20131104;8.88;9.04;8.79;8.92;3191021;28500702.00
20131105;8.92;9.14;8.81;9.10;3941334;35576860.00
20131106;8.99;9.62;8.87;9.17;10359139;96024960.00
20131107;9.09;9.10;8.73;8.78;5393590;48103648.00
20131108;8.71;8.84;8.41;8.45;4355032;37279464.00
20131111;8.38;8.64;8.30;8.56;2500008;21333878.00
20131112;8.53;8.68;8.53;8.64;2410520;20802498.00
20131113;8.61;8.66;8.30;8.38;2379746;20220450.00
20131114;8.40;8.65;8.34;8.64;2601594;22224940.00
20131115;8.64;8.92;8.60;8.76;4422320;38936712.00
20131118;8.83;9.05;8.76;8.97;4948517;44179812.00
20131119;8.98;9.32;8.91;9.18;6387444;58531684.00
20131120;9.13;9.27;9.12;9.20;3627080;33292408.00
20131121;9.15;9.29;9.12;9.23;4053870;37356044.00
20131122;9.52;9.52;8.99;9.00;5058051;46296436.00
20131125;8.93;9.36;8.92;9.27;4255502;39090144.00
20131126;9.22;9.50;9.16;9.40;5386402;50435840.00
20131127;9.40;9.76;9.35;9.60;7847076;75453568.00
20131128;9.65;9.66;9.48;9.53;5018358;48006524.00
20131129;9.55;10.11;9.55;9.93;10571419;104638704.00
20131202;9.53;9.66;9.00;9.07;9343377;87265704.00
20131203;8.96;9.34;8.88;9.25;4184474;38341448.00
20131204;9.24;9.97;9.19;9.79;8320001;80345248.00
20131205;9.73;10.77;9.66;10.37;22906618;241213024.00
20131206;10.32;10.45;10.00;10.14;13442163;136933648.00
20131209;10.23;10.38;10.14;10.26;7415134;75928848.00
20131210;10.20;10.38;9.91;10.37;7861951;80201600.00
20131211;10.30;10.53;10.05;10.15;6494734;66811904.00
20131212;10.04;10.61;10.04;10.38;7309804;75907360.00
20131213;10.35;10.95;10.21;10.70;10035299;106943888.00
20131216;10.67;10.95;10.32;10.44;7182456;75931592.00
20131217;10.44;10.55;10.06;10.10;6022386;61480436.00
20131218;10.16;11.11;10.10;11.11;8559511;92626552.00
20131219;11.35;11.45;10.86;10.90;18324765;205085952.00
20131220;10.78;11.07;10.65;10.75;9057676;98147512.00
20131223;10.78;10.92;10.15;10.50;7582675;79475784.00
20131224;10.56;10.76;10.22;10.51;7874210;82586800.00
20131225;10.41;10.93;10.31;10.93;9035587;96645384.00
20131226;10.81;11.07;10.72;10.77;8043739;87370160.00
20131227;10.59;11.34;10.50;11.25;11037079;121670384.00
20131230;11.21;11.76;11.12;11.32;11941972;136819680.00
20131231;11.16;11.32;10.95;11.13;7990490;88774896.00
20140102;11.04;11.95;10.92;11.69;12113343;139736176.00
20140103;11.60;11.93;11.45;11.61;10682904;124825600.00
20140106;11.59;11.90;11.20;11.32;9655073;111536048.00
20140107;11.17;11.44;11.04;11.41;6915032;78112920.00
20140108;11.45;11.95;11.43;11.56;10339706;121245616.00
20140109;11.40;11.82;10.59;10.69;20152239;226675392.00
20140110;10.59;10.59;9.99;10.11;13481296;138894352.00
20140113;10.11;10.31;10.00;10.14;6643847;67606416.00
20140114;10.15;10.49;10.14;10.48;7153756;74178032.00
20140115;10.47;11.10;10.41;11.00;13671839;147893232.00
20140116;10.98;11.70;10.90;11.11;14930637;168917152.00
20140117;11.06;11.35;10.87;11.14;8008067;88961304.00
20140120;11.11;11.44;10.72;10.79;8524340;94154000.00
20140121;10.66;11.87;10.66;11.87;17967092;205778064.00
20140122;11.92;12.32;11.67;12.11;19085949;227993056.00
20140123;12.14;13.32;12.00;12.65;23935316;304342432.00
20140124;12.55;12.99;12.55;12.70;12998748;165385920.00
20140127;12.65;13.20;12.56;12.72;9937554;127587104.00
20140128;12.58;12.83;12.06;12.41;10072828;124275544.00
20140129;12.42;12.90;12.31;12.79;8224254;103893712.00
20140130;12.70;13.02;12.35;12.46;6825161;86389744.00
20140207;12.27;13.71;12.11;13.71;16013729;212163728.00
20140210;13.90;14.66;13.62;14.37;17359745;245399856.00
20140211;14.20;14.58;13.76;14.21;11869838;167926640.00
20140212;14.10;14.62;13.90;14.34;10874784;155657296.00
20140213;14.10;14.33;13.51;13.51;10596750;147795920.00
20140214;13.49;13.88;13.46;13.80;7653229;104907256.00
20140217;13.90;14.35;13.85;14.04;9825014;138165024.00
20140218;14.09;14.85;13.90;14.43;12705111;182725040.00
20140219;14.25;14.45;13.91;14.13;9444518;133588248.00
20140220;14.13;14.28;13.34;13.40;10714508;146591952.00
20140221;13.33;13.68;13.15;13.55;5853430;78553872.00
20140224;13.48;14.04;13.30;14.02;7563942;103745480.00
20140225;14.03;14.33;12.62;12.84;13545109;183065648.00
20140226;12.71;13.07;12.40;13.07;8957880;114614312.00
20140227;13.15;13.40;12.81;12.91;6931940;90533360.00
20140228;12.78;13.06;12.52;13.01;5074098;64971652.00
20140303;13.05;13.37;12.95;13.32;5342055;70381816.00
20140304;13.22;13.47;13.05;13.27;4514097;59760336.00
20140305;13.36;13.52;13.07;13.10;4681597;62133776.00
20140306;12.94;12.94;12.43;12.63;5838771;73938616.00
20140307;12.70;12.93;12.54;12.75;3422836;43568200.00
20140310;12.65;12.65;12.01;12.10;6259719;76800160.00
20140311;11.92;12.26;11.92;12.14;3351932;40548632.00
20140312;12.07;12.40;11.62;12.30;5906170;71203128.00
20140313;12.26;13.06;12.20;13.01;8946427;114025360.00
20140314;12.92;13.09;12.68;12.88;5495748;70772640.00
20140317;12.84;13.25;12.80;13.13;5241583;68417800.00
20140318;13.20;13.55;13.08;13.29;6583499;87871192.00
20140319;13.25;13.26;12.97;13.14;4457380;58309940.00
20140610;11.83;11.83;11.83;11.83;1625000;19223750.00
20140611;11.66;12.00;11.58;11.79;8079680;95364224.00
20140612;11.72;11.87;11.52;11.52;5061103;59154568.00
20140613;11.49;11.87;11.36;11.82;5228333;60871852.00
20140616;11.82;11.98;11.74;11.92;3878497;45986440.00
20140617;11.85;11.95;11.77;11.80;3000485;35565308.00
20140618;11.79;11.95;11.64;11.79;3728513;44107712.00
20140619;11.78;11.87;11.00;11.13;4631670;52859788.00
20140620;11.16;11.35;11.08;11.35;2922045;32692756.00
20140623;11.34;11.65;11.26;11.54;3572088;41042116.00
20140624;11.47;11.59;11.37;11.44;2888905;33125896.00
20140625;11.46;11.56;11.37;11.40;2040363;23357576.00
20140626;11.35;11.80;11.34;11.78;4958624;57776256.00
20140627;11.79;11.95;11.70;11.90;4895023;58007096.00
20140630;11.87;11.98;11.78;11.92;3755037;44608300.00
20140701;11.90;11.92;11.74;11.82;3521832;41627124.00
20140702;11.83;12.43;11.82;12.32;8051050;97969056.00
20140703;12.30;12.44;12.15;12.28;4443305;54602172.00
20140704;12.30;12.47;12.16;12.28;3361778;41292408.00
20140707;12.29;12.40;12.03;12.20;3587749;43716716.00
20140708;12.18;12.48;12.01;12.44;4821680;59287104.00
20140709;12.37;12.62;12.10;12.15;6769761;84293112.00
20140710;12.15;12.39;12.07;12.20;4660542;57006188.00
20140711;12.22;12.57;12.16;12.55;5197753;64680908.00
20140714;12.64;12.87;12.57;12.59;5021695;63822732.00
20140715;12.58;12.79;12.35;12.79;6455092;80848400.00
20140716;12.74;12.79;12.18;12.19;5113846;63706492.00
20140717;12.19;12.45;12.16;12.30;3557461;43816200.00
20140718;12.26;12.39;12.05;12.21;3287902;40187072.00
20140721;12.18;12.24;11.84;11.99;2702392;32426716.00
20140722;11.99;12.28;11.90;12.25;2452033;29797634.00
20140723;12.25;12.25;11.58;11.58;4165152;49293264.00
20140724;11.58;12.74;11.13;12.74;6617768;79122032.00
20140725;12.74;13.38;12.10;12.53;13026169;167606496.00
20140728;12.59;12.68;12.29;12.54;8250886;103221168.00
20140729;12.60;12.81;12.49;12.55;6853620;86793072.00
20140730;12.55;13.08;12.45;13.04;9980846;127889248.00
20140731;12.94;13.00;12.78;12.89;5188363;66770996.00
20140801;12.89;12.98;12.53;12.61;4912947;62807120.00
20140804;12.61;12.86;12.58;12.86;3208218;40850080.00
20140805;12.81;13.17;12.66;13.10;5960661;77512896.00
20140806;13.05;13.40;12.95;13.23;8425392;111623040.00
20140807;13.20;13.30;13.01;13.02;4803399;63112620.00
20140808;12.90;13.09;12.66;12.85;3802362;48867724.00
20140811;12.90;13.07;12.75;13.04;3859490;50038824.00
20140812;13.02;13.28;12.96;13.25;5396381;71062720.00
20140813;13.25;13.50;12.93;13.08;5784846;75853672.00
20140814;13.09;13.23;12.96;12.99;4790655;62671008.00
20140815;12.96;13.19;12.92;13.13;3710687;48492984.00
20140818;13.20;13.46;13.15;13.40;6928556;92407376.00
20140819;13.44;13.50;13.30;13.41;5158616;69070072.00
20140820;13.40;13.56;13.32;13.38;5147113;69249376.00
20140821;13.39;13.83;13.29;13.74;8410729;114390632.00
20140822;13.73;14.25;13.63;13.84;8824311;122639472.00
20140825;13.85;13.94;13.58;13.60;4632359;63487656.00
20140826;13.58;13.78;13.17;13.23;5312927;71494800.00
20140827;13.29;13.41;13.20;13.34;3580791;47741448.00
20140828;13.39;13.45;12.91;13.02;4544893;59446680.00
20140829;13.01;13.25;13.00;13.21;2558040;33685960.00
20140904;14.53;14.53;13.90;14.53;24223203;347629088.00
20140905;14.55;14.77;14.24;14.38;15835570;229069792.00
20140909;14.38;14.44;14.03;14.38;8343716;119055784.00
20140910;14.39;15.21;14.28;14.93;15120646;224373952.00
20140911;14.97;15.14;14.65;14.80;10456662;155530864.00
20140912;14.78;14.89;14.62;14.83;5795400;85583696.00
20140915;14.81;15.14;14.79;14.99;6346749;95256488.00
20140916;15.01;15.15;14.07;14.21;9309732;135657968.00
20140917;14.19;14.30;13.92;14.11;6220657;87564856.00
20140918;14.10;14.32;13.98;14.27;4327754;61292772.00
20140919;14.29;14.37;14.08;14.35;3605629;51404880.00
20140922;14.28;14.30;14.00;14.01;4047089;57192528.00
20140923;13.96;14.55;13.96;14.39;5030341;71348224.00
20140924;14.36;14.87;14.31;14.75;6065986;88372640.00
20140925;14.71;15.10;14.43;14.75;13843028;204222240.00
20140926;14.70;14.97;14.33;14.45;13798249;201408800.00
20140929;14.48;14.78;14.43;14.78;8444682;123449448.00
20140930;14.86;14.99;14.76;14.91;6867455;102325776.00
20141008;15.40;16.00;15.09;15.38;11839911;181870576.00
20141009;15.30;15.57;15.01;15.28;9035879;138067008.00
20141010;15.17;16.25;15.11;15.95;17119961;269192000.00
20141013;15.80;15.95;15.40;15.95;9600294;150804608.00
20141014;15.96;16.50;15.88;16.05;11131762;179899536.00
20141015;16.00;16.00;15.34;15.60;9658348;150471568.00
20141016;15.38;15.60;15.01;15.09;6561259;100600376.00
20141017;14.98;15.16;14.40;14.53;9255922;136249776.00
20141020;14.52;14.82;14.52;14.81;5220161;76651936.00
20141021;14.80;14.85;14.49;14.49;4330078;63554628.00
20141022;14.45;14.56;14.18;14.18;5889801;84736400.00
20141023;14.07;14.22;13.76;13.95;6077547;84927544.00
20141024;13.96;14.19;13.93;14.04;3538393;49782588.00
20141027;14.03;14.59;13.78;14.30;4279603;60743088.00
20141028;14.38;14.67;14.36;14.66;5391306;78581424.00
20141029;14.70;14.93;14.62;14.85;6809532;100776520.00
20141030;14.85;15.05;14.58;14.65;6422944;95137848.00
20141031;14.68;14.74;14.25;14.60;5269166;76376880.00
20141103;14.60;14.88;14.51;14.85;4915181;72379648.00
20141104;14.85;14.86;14.50;14.54;5247854;76982464.00
20141105;14.60;14.65;14.33;14.55;3494543;50540148.00
20141106;14.50;14.73;14.34;14.72;4156690;60472108.00
20141107;14.72;14.94;14.47;14.50;7072882;104567696.00
20141110;14.51;14.57;14.25;14.40;4483295;64307792.00
20141111;14.42;14.48;13.36;13.62;8682529;119982896.00
20141112;13.50;13.73;13.39;13.72;4022468;54703936.00
20141113;13.70;13.70;13.21;13.27;5351908;71502472.00
20141114;13.18;13.39;13.12;13.23;2564226;33945020.00
20141117;13.25;13.63;13.21;13.48;3038461;40905848.00
20141118;13.50;13.60;13.40;13.47;2354807;31777718.00
20141119;13.47;13.67;13.42;13.63;2913557;39517916.00
20141120;13.58;13.59;13.40;13.50;2144498;28941634.00
20141121;13.50;13.72;13.48;13.64;3479403;47400688.00
20141124;13.90;13.90;13.64;13.73;4572822;62880336.00
20141125;13.70;13.98;13.68;13.93;4306170;59743804.00
20141126;13.95;14.06;13.76;13.90;5057095;70290376.00
20141127;13.91;14.12;13.87;14.07;5137062;71949952.00
20141128;14.03;14.13;13.91;13.94;4335124;60657300.00
20141201;13.80;13.82;13.35;13.36;5469915;74140072.00
20141202;13.35;13.58;13.29;13.46;4007773;54070276.00
20141203;13.45;14.01;13.30;14.00;9075032;123787992.00
20141204;14.00;14.12;13.86;14.00;6985286;97778152.00
20141205;14.01;14.03;13.03;13.38;7121677;96354064.00
20141208;13.37;13.65;13.11;13.30;5617802;75353976.00
20141209;13.35;13.36;12.36;12.46;10236814;132346080.00
20141210;12.30;12.94;12.20;12.84;4882048;61989044.00
20141211;12.80;13.07;12.70;13.05;4551023;58600168.00
20141212;12.96;13.13;12.96;13.13;3481386;45468480.00
20141215;13.10;13.48;13.05;13.36;4719123;62900548.00
20141216;13.36;13.41;13.15;13.19;3823027;50582320.00
20141217;13.11;13.15;12.67;12.77;4501107;57883620.00
20141218;12.78;12.99;12.65;12.70;3728336;47814220.00
20141219;12.74;12.79;12.21;12.33;4316607;53560720.00
20141222;12.34;12.36;11.50;11.62;5500878;65124836.00
20141223;11.63;11.93;11.59;11.65;3096119;36339956.00
20141224;11.70;12.01;11.70;11.99;3562690;42364900.00
20141225;11.95;12.20;11.90;12.08;2562456;30886242.00
20141226;12.01;12.11;11.91;12.05;2883332;34523764.00
20141229;12.06;12.07;11.52;11.57;3682076;43090684.00
20141230;11.61;11.68;11.32;11.42;2970291;34190216.00
20141231;11.42;11.81;11.42;11.80;2666267;30998102.00
20150105;11.79;12.02;11.51;11.93;3706923;43629784.00
20150106;11.86;12.64;11.68;12.60;7941120;97369440.00
20150107;12.53;12.88;12.45;12.80;8746136;111015272.00
20150108;12.70;12.82;12.51;12.80;5794554;73451432.00
20150109;12.77;13.03;12.67;12.79;7700217;99017544.00
20150112;12.90;12.94;12.38;12.50;10300405;130267248.00
20150113;12.50;12.98;12.46;12.82;6124683;77893248.00
20150114;12.70;12.75;12.53;12.63;3647619;45998920.00
20150115;12.67;12.86;12.59;12.60;3022933;38432940.00
20150116;12.56;12.88;12.56;12.85;4409778;56328972.00
20150119;12.70;13.21;12.40;12.55;7872199;101474912.00
20150120;12.56;13.15;12.56;13.10;6035723;78097416.00
20150121;13.19;13.35;13.02;13.22;7432244;98162600.00
20150122;13.31;13.38;13.02;13.35;6710040;88656208.00
20150123;13.38;13.38;13.05;13.08;5244923;69036008.00
20150126;13.04;13.30;13.01;13.25;3551923;46908324.00
20150127;13.32;13.36;13.07;13.21;5488915;72521176.00
20150128;13.22;13.64;13.10;13.45;6998842;93991504.00
20150129;13.31;13.40;13.14;13.16;4085945;54125340.00
20150130;13.16;13.26;12.71;12.72;4098695;53235904.00
20150202;12.49;12.62;12.35;12.49;3909623;49006912.00
20150203;12.50;12.81;12.50;12.74;2996056;38058536.00
20150204;12.73;12.84;12.52;12.54;3242485;41264668.00
20150205;12.61;12.88;12.59;12.66;3749338;47845504.00
20150206;12.59;12.69;12.03;12.09;4166544;51279828.00
20150209;12.09;12.25;12.02;12.20;2061979;25067952.00
20150210;12.22;12.33;12.15;12.30;2054789;25170820.00
20150211;12.30;12.42;12.28;12.35;1865355;23051780.00
20150212;12.41;12.48;12.31;12.39;2210708;27423508.00
20150213;12.44;12.73;12.44;12.63;3198754;40390524.00
20150216;12.64;13.10;12.53;13.10;4185536;53850644.00
20150217;13.10;13.10;12.93;13.02;3042178;39592176.00
20150225;13.03;13.07;12.87;12.94;3309467;42953448.00
20150226;12.95;13.27;12.92;13.19;4651842;61193444.00
20150227;13.19;13.34;13.13;13.29;4460540;59122272.00
20150302;13.32;13.55;13.22;13.49;7625951;102287328.00
20150303;13.51;13.78;13.27;13.30;8344003;112838408.00
20150304;13.25;13.68;13.21;13.67;6321090;85425520.00
20150305;13.73;13.88;13.54;13.71;6538343;89597952.00
20150306;15.07;15.08;14.44;15.08;26877240;401643296.00
20150309;15.51;15.82;14.85;14.99;26745158;408012480.00
20150310;15.51;16.49;15.50;16.49;14500027;234994560.00
20150311;18.14;18.14;18.14;18.14;2275250;41273036.00
20150312;18.50;19.20;17.40;17.70;40019945;730074368.00
20150313;18.21;18.50;17.05;17.43;22398122;393369120.00
20150316;17.57;18.20;17.30;17.95;27867088;496046432.00
20150317;17.88;19.00;17.53;17.59;28986468;527522560.00
20150318;17.18;17.95;17.17;17.86;20866288;366420032.00
20150319;17.78;17.78;17.17;17.54;15031751;262335072.00
20150320;17.42;18.21;17.21;17.48;20137879;354763584.00
20150323;17.54;17.95;17.32;17.90;18324328;324321664.00
20150324;17.90;17.92;16.78;17.43;17165375;298682720.00
20150325;17.47;19.17;17.33;18.35;27244494;497554272.00
20150326;17.80;18.16;17.41;17.50;17245362;306029472.00
20150327;17.48;18.27;17.42;17.86;10805008;193472944.00
20150330;18.16;18.80;17.89;18.18;14692812;268760800.00
20150331;18.28;20.00;18.16;20.00;22183869;429665408.00
20150401;20.30;20.80;19.43;20.60;27605315;558182336.00
20150402;20.60;20.60;19.80;20.09;18127079;366069792.00
20150403;19.85;20.05;19.52;20.02;12788216;253097056.00
20150407;19.82;20.26;19.68;20.04;11503176;229683568.00
20150408;20.40;20.45;18.90;19.16;14520947;283718304.00
20150409;19.10;19.10;17.50;18.22;14601759;266021120.00
20150410;17.62;18.61;17.62;18.40;10079762;184199680.00
20150413;18.39;18.93;18.10;18.70;11140679;206383776.00
20150414;18.89;18.99;18.03;18.10;12774539;236042816.00
20150415;18.01;18.05;17.23;17.25;9708532;171054976.00
20150416;17.10;17.95;16.92;17.58;8500563;149143360.00
20150417;17.78;17.87;17.52;17.64;9005550;159375792.00
20150420;17.58;17.76;17.07;17.16;9039386;157308352.00
20150421;17.21;18.08;17.20;18.07;9896448;175999552.00
20150422;18.16;18.67;18.16;18.46;11269465;207858816.00
20150423;18.39;18.97;18.38;18.64;12811926;239431024.00
20150424;18.13;18.50;17.98;18.42;9057047;165613056.00
20150427;18.52;19.38;18.52;18.74;11569135;219062176.00
20150428;19.70;20.08;18.88;18.97;15262870;294854528.00
20150429;19.30;19.75;18.98;19.50;11872039;230245328.00
20150430;19.26;19.64;18.91;18.95;11951711;230800048.00
20150504;18.95;19.11;18.61;18.78;7134294;134092048.00
20150505;18.78;19.19;18.03;18.19;9272600;173653712.00
20150506;18.18;18.65;17.51;17.71;8881589;162029968.00
20150507;17.61;17.87;17.30;17.42;6125777;107598256.00
20150508;17.75;18.48;17.56;18.47;9540858;172264496.00
20150511;18.81;19.80;18.61;19.60;16317226;314903200.00
20150512;19.80;20.50;19.20;20.00;16253231;321428864.00
20150513;19.98;22.00;19.25;21.60;27057883;571854848.00
20150514;21.31;22.30;20.95;21.60;18151156;391347360.00
20150515;21.40;22.32;21.18;21.88;15971392;348882304.00
20150518;21.74;23.75;21.60;23.19;15191218;347821152.00
20150519;23.17;23.60;22.49;23.60;11928825;273703840.00
20150520;23.57;24.86;22.60;22.99;13230990;317392672.00
20150521;22.99;24.65;22.74;24.39;15700320;374531424.00
20150522;24.95;25.95;24.21;25.24;15315355;383750688.00
20150525;24.80;26.40;24.30;26.40;12916021;328111392.00
20150526;26.90;29.04;26.50;29.04;13897425;390710848.00
20150527;29.15;30.50;28.43;29.71;14228501;419721568.00
20150528;29.72;29.80;26.74;26.74;17260322;490961824.00
20150529;26.55;27.88;24.50;27.10;14312199;381419520.00
20150601;13.78;14.48;13.10;14.18;32343970;450943168.00
20150602;14.21;15.40;14.20;15.30;37936610;563701824.00
20150603;15.45;15.80;14.66;15.10;35203103;537149632.00
20150604;15.11;15.48;13.59;14.66;29463651;427560864.00
20150605;14.82;15.35;14.31;15.09;32293574;483826080.00
20150608;15.03;15.03;14.03;14.21;28486522;409898688.00
20150609;14.21;14.39;13.80;14.08;21992602;310188832.00
20150610;14.04;14.66;13.80;14.40;23006741;329424864.00
20150611;14.39;14.66;14.32;14.66;21457746;311620672.00
20150612;14.67;15.34;14.48;15.03;29709419;441510624.00
20150615;15.00;15.10;14.57;14.61;26488266;392492896.00
20150616;14.38;14.38;13.59;13.77;21871603;305098176.00
20150617;13.70;14.52;13.70;14.50;22261772;315358272.00
20150618;14.51;14.55;13.55;13.62;15326223;216674912.00
20150619;13.38;13.38;12.26;12.26;16242944;205837424.00
20150623;12.00;12.37;11.06;12.20;17632405;210712752.00
20150624;12.27;12.57;12.14;12.47;14581740;180660224.00
20150625;12.47;12.54;11.30;11.61;13801655;166286064.00
20150626;11.20;11.33;10.45;10.45;13354621;144252672.00
20150629;10.66;10.75;9.41;9.41;17992959;177238912.00
20150630;9.09;10.18;8.47;9.98;24048326;219479584.00
20150701;9.97;10.43;8.98;9.15;23111317;232327072.00
20150702;9.35;9.55;8.47;8.72;18902590;171471424.00
20150703;8.58;9.25;7.85;8.02;20406868;169880816.00
20150706;8.82;8.82;7.22;7.55;27336710;218489568.00
20150707;7.07;7.52;6.80;6.80;12483926;86659024.00
20150708;6.12;6.73;6.12;6.36;42044368;261280864.00
20150709;6.12;7.00;6.12;7.00;22925096;155286512.00
20150710;7.55;7.70;7.30;7.70;7016448;53210292.00
20150713;8.47;8.47;8.05;8.47;24150632;203474144.00
20150714;8.95;9.32;8.51;8.96;46845754;421811200.00
20150715;8.52;8.78;8.06;8.06;25668776;213019808.00
20150716;8.06;8.72;7.31;8.37;23669217;192854096.00
20150717;8.46;9.06;8.37;8.92;21218996;186583888.00
20150720;8.90;9.32;8.75;9.11;23579117;212851168.00
20150721;9.00;9.45;8.79;9.25;21429638;197652880.00
20150722;9.20;9.45;9.01;9.35;22833873;211741264.00
20150723;9.28;9.73;9.22;9.73;20881899;198422016.00
20150724;9.77;10.18;9.36;9.49;29693368;290948928.00
20150727;9.15;9.66;8.54;8.54;25721633;235658464.00
20150728;7.77;8.53;7.69;8.01;19931442;160130496.00
20150729;8.20;8.81;7.87;8.81;18756209;156854896.00
20150730;8.75;9.23;8.52;8.52;22099266;197283056.00
20150731;8.25;8.70;8.10;8.35;15165554;127278560.00
20150803;8.17;8.33;7.59;7.74;12999450;102789056.00
20150804;7.74;8.50;7.74;8.45;13713914;111859344.00
20150805;8.45;8.65;8.11;8.22;15082023;126686768.00
20150806;8.01;8.60;7.90;8.47;15084283;125833032.00
20150807;8.60;8.90;8.49;8.81;18583896;161779280.00
20150810;8.90;9.41;8.84;9.26;20208313;183951920.00
20150811;9.29;9.42;9.06;9.19;19923921;183970512.00
20150812;9.07;9.37;9.02;9.06;14356490;132028000.00
20150813;9.05;9.30;8.84;9.30;15779924;143849024.00
20150814;9.42;9.78;9.27;9.48;19407486;183901664.00
20150817;9.40;9.68;9.30;9.65;17526455;167199248.00
20150818;9.75;9.75;8.69;8.69;19479178;179479984.00
20150819;8.36;9.19;7.96;9.08;18933637;163026480.00
20150820;9.05;9.20;8.61;8.76;12750426;113922576.00
20150821;8.59;8.72;7.99;8.09;12902518;107802808.00
20150824;7.56;7.68;7.28;7.28;11844472;86775592.00
20150825;6.56;6.86;6.55;6.55;11739099;77846224.00
20150826;6.68;6.83;6.01;6.25;13114154;85194992.00
20150827;6.46;6.69;6.14;6.63;10935652;70489600.00
20150828;6.82;7.29;6.64;7.27;13977178;96288664.00
20150831;7.12;7.20;6.85;6.87;9685320;67910640.00
20150901;6.80;6.87;6.20;6.22;9370704;60215668.00
20150902;5.98;6.48;5.61;5.95;11614628;69626920.00
20150907;6.11;6.45;6.01;6.13;7943202;49664020.00
20150908;6.10;6.69;6.06;6.67;8505376;54110040.00
20150909;6.71;7.07;6.65;6.98;12686512;87302768.00
20150910;6.81;7.00;6.72;6.74;9309167;63872156.00
20150911;6.73;6.92;6.73;6.89;6895403;47134640.00
20150914;6.92;6.96;6.20;6.20;10838656;70851472.00
20150915;6.06;6.25;5.58;5.58;14875710;85842600.00
20150916;5.70;6.14;5.60;6.14;14166578;83146824.00
20150917;6.07;6.43;5.98;6.02;13711702;85192560.00
20150918;6.25;6.29;6.03;6.18;7969211;49069048.00
20150921;6.11;6.55;6.05;6.49;9966855;63453088.00
20150922;6.55;6.84;6.50;6.68;13276145;88571808.00
20150923;6.59;6.87;6.51;6.75;12835151;86300392.00
20150924;6.80;6.86;6.68;6.78;9860393;66654188.00
20150925;6.72;6.76;6.22;6.32;9576043;62097388.00
20150928;6.33;6.64;6.27;6.63;8871495;57418756.00
20150929;6.47;6.63;6.35;6.48;7076805;45898788.00
20150930;6.51;6.59;6.38;6.47;6083997;39446084.00
20151008;6.70;6.94;6.58;6.88;13844376;93942808.00
20151009;6.87;7.05;6.79;7.02;14270896;98694736.00
20151012;7.02;7.44;6.99;7.38;17081254;124305616.00
20151013;7.31;7.49;7.27;7.48;13503020;100122024.00
20151014;7.61;8.23;7.61;8.23;15092621;121947664.00
20151015;8.69;8.89;8.33;8.66;60119629;517011424.00
20151105;9.37;9.37;8.33;8.39;52399214;460853376.00
20151106;8.30;8.61;8.30;8.52;23226280;197829056.00
20151109;8.39;8.60;8.30;8.54;21216828;179411408.00
20151110;8.42;8.96;8.41;8.79;27148237;238318384.00
20151111;8.68;9.31;8.67;9.28;27489893;248950720.00
20151112;9.24;9.46;8.99;9.08;20374568;186397344.00
20151113;8.97;9.07;8.61;8.78;15462482;136872752.00
20151116;8.56;9.07;8.39;9.05;19964910;173629920.00
20151117;9.06;9.33;8.79;8.86;28486522;258720624.00
20151118;8.86;8.95;8.64;8.67;10786345;94862416.00
20151119;8.65;9.12;8.65;9.02;13109546;116199912.00
20151120;9.04;9.91;9.03;9.81;39764663;380064448.00
20151123;9.75;9.79;9.41;9.57;24157225;231907904.00
20151124;9.46;9.73;9.30;9.69;15913185;151339808.00
20151125;9.73;9.85;9.55;9.80;20389825;197893888.00
20151126;9.91;9.98;9.49;9.51;18443714;179813552.00
20151127;9.49;9.66;8.56;8.56;20071856;184094864.00
20151130;8.65;8.96;8.11;8.87;19322721;165812496.00
20151201;8.80;9.01;8.70;8.80;12030069;106635112.00
20151202;8.80;8.87;8.28;8.79;12281318;106295048.00
20151203;8.83;9.00;8.77;8.95;12239383;108656632.00
20151204;8.89;9.16;8.69;9.15;17782434;158467728.00
20151207;9.21;9.29;9.00;9.17;15366951;140455648.00
20151208;9.08;9.15;8.78;8.78;11717688;104471064.00
20151209;8.70;8.84;8.50;8.73;8880808;77168368.00
20151210;8.70;8.82;8.55;8.72;8223167;71556904.00
20151211;8.72;8.89;8.55;8.81;9452639;82833584.00
20151214;8.80;9.23;8.63;9.20;15662129;141635568.00
20151215;9.20;9.27;9.00;9.12;12248355;111786656.00
20151216;9.12;9.28;9.10;9.18;10985484;100826408.00
20151217;9.22;9.68;9.18;9.58;23169961;220106448.00
20151218;9.63;9.63;9.25;9.35;17045883;160414912.00
20151221;9.28;10.29;9.21;10.29;50436832;509464640.00
20151222;10.39;11.19;10.20;11.00;86330478;923618944.00
20151223;10.65;10.75;10.27;10.31;39973351;420992768.00
20151224;10.07;10.49;9.82;10.37;28679443;290329312.00
20151225;10.38;10.80;10.20;10.45;26533211;279421376.00
20151228;10.55;10.70;10.00;10.05;24251363;250984896.00
20151229;9.93;10.33;9.88;10.27;15285758;154013136.00
20151230;10.28;10.65;10.22;10.60;22436870;235509504.00
20151231;10.89;11.17;10.50;10.52;32883807;356104032.00
20160104;10.30;10.39;9.47;9.47;20392122;200347920.00
20160105;8.69;9.31;8.52;8.90;25879795;230253152.00
20160106;9.01;9.20;8.76;9.20;19276719;174163200.00
20160107;9.00;9.02;8.28;8.28;5140500;43696992.00
20160108;8.40;8.60;7.50;8.06;21726049;178464880.00
20160111;7.80;7.88;7.25;7.25;18292552;138039840.00
20160112;7.15;7.41;6.90;7.17;12905718;92385960.00
20160113;7.25;7.36;6.58;6.65;11889602;84480528.00
20160114;6.54;7.12;6.33;7.06;15096924;102277040.00
20160115;7.01;7.13;6.70;6.78;12106496;83911440.00
20160118;6.67;7.28;6.50;7.06;11667453;81434160.00
20160119;6.99;7.36;6.99;7.35;12911785;93012552.00
20160120;7.24;7.38;7.09;7.22;12168847;88115216.00
20160121;7.10;7.36;6.92;6.92;12208800;87259720.00
20160122;7.02;7.15;6.75;7.11;9318665;65407640.00
20160125;7.20;7.28;7.08;7.16;8378147;60184544.00
20160126;7.08;7.08;6.44;6.44;12506728;84346088.00
20160127;6.41;6.52;5.96;6.39;11404009;71380024.00
20160128;6.26;6.39;5.98;6.04;8435536;52479584.00
20160129;5.93;6.30;5.88;6.22;13444811;82313400.00
20160201;6.10;6.18;5.92;6.07;8614280;52359988.00
20160202;6.06;6.40;6.05;6.35;9183254;57700780.00
20160203;6.29;6.47;6.15;6.36;9426591;59137592.00
20160204;6.36;6.60;6.34;6.56;9652511;62836288.00
20160205;6.56;6.65;6.43;6.45;6958033;45336704.00
20160215;6.13;6.55;6.11;6.45;6195252;39256624.00
20160216;6.48;6.84;6.46;6.82;10266263;68927792.00
20160217;6.88;6.94;6.68;6.87;10888186;73923728.00
20160218;6.95;6.95;6.77;6.79;10938881;74949616.00
20160219;6.73;6.97;6.73;6.87;8541222;58505260.00
20160222;6.96;7.02;6.88;7.00;9705251;67527776.00
20160223;7.00;7.03;6.73;6.85;9983348;68513808.00
20160224;6.84;6.93;6.71;6.93;8694113;59339652.00
20160225;6.88;6.88;6.24;6.24;12258235;79399864.00
20160226;6.32;6.33;6.07;6.20;8351621;51793876.00
20160229;6.15;6.15;5.71;5.83;13769763;80568144.00
20160301;5.86;6.15;5.84;6.07;6760151;40300804.00
20160302;6.11;6.38;6.02;6.34;7995545;49790876.00
20160303;6.40;6.50;6.27;6.30;9417890;60249956.00
20160304;6.31;6.40;5.90;6.05;9542300;58887788.00
20160307;6.08;6.31;6.03;6.16;7510889;46373036.00
20160308;6.15;6.25;5.86;6.24;7731582;46914904.00
20160309;6.10;6.23;6.00;6.07;6077544;37000940.00
20160310;6.10;6.16;5.96;5.99;4491353;27265940.00
20160311;5.91;6.07;5.86;6.02;4039756;24121164.00
20160314;6.10;6.40;6.10;6.31;10520708;66142568.00
20160315;6.23;6.32;6.15;6.24;7102912;44262960.00
20160316;6.36;6.43;6.14;6.15;5320367;33173968.00
20160317;6.19;6.44;6.17;6.40;10476801;66533956.00
20160318;6.38;6.71;6.38;6.66;12367039;81343128.00
20160321;6.70;6.91;6.70;6.85;13272483;90485144.00
20160322;6.86;6.96;6.73;6.82;12097708;83046440.00
20160323;6.74;6.89;6.73;6.88;8497341;57846772.00
20160324;6.82;6.84;6.62;6.63;8998227;60705984.00
20160325;6.64;6.77;6.62;6.75;6815527;45596188.00
20160328;6.80;6.89;6.70;6.76;7994557;54493260.00
20160329;6.76;6.76;6.49;6.54;7217392;47660240.00
20160330;6.58;6.82;6.58;6.81;8740222;58751224.00
20160331;6.88;6.92;6.77;6.85;9942760;68116200.00
20160401;6.81;7.29;6.78;7.10;19901333;139280592.00
20160405;7.10;7.35;7.00;7.28;14958747;107448976.00
20160406;7.19;7.34;7.06;7.29;14086153;101402296.00
20160407;7.22;7.28;7.05;7.07;10058106;71852384.00
20160408;7.03;7.17;6.94;7.12;9811997;69127688.00
20160411;7.15;7.28;7.11;7.25;9337920;67366728.00
20160412;7.27;7.38;7.06;7.35;14788088;107286320.00
20160413;7.35;7.49;7.29;7.33;14559610;107662104.00
20160414;7.35;7.49;7.29;7.46;9907483;73090632.00
20160415;7.39;7.46;7.34;7.40;7275435;53804624.00
20160418;7.33;7.36;7.14;7.20;8533535;61538692.00
20160419;7.24;7.29;7.12;7.18;6739011;48405124.00
20160420;7.21;7.22;6.81;7.00;19906204;139120144.00
20160421;6.95;7.07;6.86;6.95;7866934;55025580.00
20160422;6.86;7.06;6.86;7.06;5961355;41637964.00
20160425;7.05;7.05;6.79;6.90;4923796;34066780.00
20160426;6.88;7.09;6.86;7.09;5324378;37142888.00
20160427;7.08;7.25;7.08;7.10;8197494;58897604.00
20160428;7.10;7.15;6.88;7.06;5875421;41200168.00
20160429;7.05;7.08;6.94;7.00;3157006;22197222.00
20160503;7.02;7.34;6.95;7.29;7324129;52428952.00
20160504;7.24;7.41;7.22;7.34;9088492;66557548.00
20160505;7.30;7.42;7.25;7.38;7206471;52986352.00
20160506;7.41;7.42;6.96;6.96;9203186;65752152.00
20160509;6.80;6.91;6.60;6.75;7783794;52596488.00
20160510;6.73;6.79;6.62;6.64;3494949;23351226.00
20160511;6.69;6.74;6.50;6.54;3911135;25886720.00
20160512;6.43;6.48;6.26;6.46;3246968;20691218.00
20160513;6.44;6.57;6.40;6.44;2669838;17333194.00
20160516;6.42;6.63;6.34;6.61;3190383;20854256.00
20160517;6.66;6.74;6.60;6.66;3428593;22864914.00
20160518;6.65;6.71;6.39;6.59;5480971;35996956.00
20160519;6.60;6.74;6.55;6.61;3547649;23643400.00
20160520;6.60;6.71;6.50;6.71;2706391;17968360.00
20160523;7.13;7.38;7.11;7.38;5747515;42109108.00
20160524;7.79;7.79;7.23;7.27;27216122;204868256.00
20160525;7.28;7.39;7.11;7.20;12670995;91340424.00
20160526;7.15;7.38;6.97;7.36;15700875;112888496.00
20160527;7.30;7.65;7.25;7.41;21534280;161251696.00
20160530;7.27;7.34;7.12;7.21;11381610;82246976.00
20160531;7.18;7.52;7.18;7.49;15585446;115754064.00
20160601;7.49;7.74;7.41;7.69;29615832;224070096.00
20160602;7.64;7.79;7.59;7.69;20164012;154982192.00
20160603;7.64;7.72;7.54;7.61;14576641;111137744.00
20160606;7.65;7.69;7.57;7.66;11032416;84181160.00
20160607;7.60;7.67;7.48;7.58;10119422;76409408.00
20160608;7.57;7.58;7.38;7.51;9852607;73735520.00
20160613;7.40;7.46;7.00;7.00;9813199;71615696.00
20160614;6.93;7.05;6.91;6.96;6340219;44233824.00
20160615;6.88;7.26;6.82;7.21;8065995;57593708.00
20160616;7.20;7.36;7.12;7.21;7843459;56957724.00
20160617;7.19;7.43;7.19;7.39;9979920;73196768.00
20160620;7.34;7.40;7.22;7.40;6400136;46871672.00
20160621;7.44;7.66;7.26;7.37;13631752;102692816.00
20160622;7.37;7.60;7.30;7.58;9519188;71202272.00
20160623;7.58;7.61;7.43;7.46;8479265;63705224.00
20160624;7.48;8.20;7.47;7.75;34541092;269967264.00
20160627;7.65;8.53;7.61;8.53;24574444;201944416.00
20160628;9.18;9.38;8.89;9.20;87400883;798899968.00
20160629;9.02;9.09;8.75;8.86;54830120;487754720.00
20160630;8.86;9.49;8.77;9.08;61879602;561724160.00
