20100827;40.18;45.00;38.90;39.29;11813259;481417152.00
20100830;38.95;39.49;37.39;39.07;6650531;256495824.00
20100831;37.99;40.60;37.71;39.70;5986615;235508144.00
20100901;39.26;39.35;36.60;36.87;4723444;179388816.00
20100902;37.20;37.92;36.89;37.61;2646966;99199112.00
20100903;37.63;40.23;37.60;39.38;4406616;174192208.00
20100906;39.68;39.88;37.50;37.77;2610753;100335296.00
20100907;37.50;38.36;37.25;38.12;1249255;47283040.00
20100908;37.96;39.37;37.51;39.22;2158241;83572456.00
20100909;39.20;40.37;38.70;38.75;2552608;101282240.00
20100910;38.60;39.20;37.48;38.10;1707292;65103660.00
20100913;38.28;40.85;37.82;40.01;2819144;111214480.00
20100914;39.68;40.30;39.18;39.42;1498832;59417596.00
20100915;39.38;39.44;36.88;37.08;2148756;81466912.00
20100916;36.98;37.35;34.88;35.38;1734777;62050648.00
20100917;35.40;35.62;34.78;35.30;832040;29144322.00
20100920;34.95;35.38;33.85;34.15;742017;25487078.00
20100921;34.00;36.70;34.00;34.50;791132;27703240.00
20100927;34.85;34.90;33.91;34.70;430662;14910816.00
20100928;34.62;34.94;34.15;34.60;465785;16113160.00
20100929;34.61;34.74;32.58;32.60;983921;32863108.00
20100930;32.51;33.32;32.25;33.10;439430;14467294.00
20101008;33.41;33.97;33.03;33.97;546679;18349298.00
20101011;33.89;34.08;33.20;33.53;586732;19684422.00
20101012;33.51;33.87;33.01;33.23;661730;22198530.00
20101013;33.23;33.45;32.31;33.18;674927;22124560.00
20101014;33.29;34.38;33.00;34.20;890547;30084672.00
20101015;34.28;34.80;33.41;34.09;899883;30515960.00
20101018;34.22;34.22;32.11;32.89;803115;26193512.00
20101019;32.72;35.34;32.72;34.64;1371747;47213992.00
20101020;34.25;35.50;34.01;34.47;1062572;36877996.00
20101021;34.47;34.60;33.22;33.70;859964;28981320.00
20101022;33.69;35.15;33.69;35.12;1308697;45372524.00
20101025;35.97;35.97;35.18;35.45;1644404;58439012.00
20101026;35.48;37.50;35.48;37.15;1880178;68805768.00
20101027;36.97;37.29;36.32;36.71;1212675;44686704.00
20101028;36.87;37.88;36.50;37.52;1045958;39014116.00
20101029;37.55;38.38;37.20;37.55;1883764;71451232.00
20101101;37.88;39.55;37.60;38.98;2011394;77380600.00
20101102;38.78;39.78;37.88;37.90;1520839;58697992.00
20101103;37.31;37.60;36.30;36.30;1170335;43331156.00
20101104;36.24;38.26;36.24;37.26;942789;35269904.00
20101105;37.80;38.70;37.10;38.34;1280428;48748568.00
20101108;38.34;38.68;37.95;38.58;1108438;42510356.00
20101109;38.60;40.70;38.21;40.00;1947028;77309864.00
20101110;39.60;40.67;39.32;40.01;1320393;52950872.00
20101111;39.80;40.49;38.54;38.58;1660737;65982824.00
20101112;38.48;38.58;35.00;35.00;1795014;66241496.00
20101115;35.60;36.79;35.58;36.77;1046436;37900308.00
20101116;37.15;37.90;35.30;35.60;1264649;46692232.00
20101117;35.30;36.10;35.00;35.01;604488;21521184.00
20101118;35.60;36.59;35.25;36.48;597905;21567856.00
20101119;36.70;38.09;36.48;38.09;1014722;38018596.00
20101122;37.99;39.38;37.70;38.30;1575137;60799248.00
20101123;38.11;38.99;37.25;38.70;993949;37644572.00
20101124;38.40;40.09;38.40;39.28;1534088;60610024.00
20101125;39.64;39.65;38.12;38.62;1140517;44317636.00
20101126;38.60;39.60;38.12;38.94;872931;34037672.00
20101129;38.50;40.68;37.80;40.45;3460701;135161968.00
20101130;40.01;40.20;37.61;38.54;2432064;94604512.00
20101201;38.25;38.50;37.61;37.79;915458;34724824.00
20101202;38.28;38.56;37.82;38.05;732371;27952904.00
20101203;38.00;38.47;36.80;37.01;860583;32110882.00
20101206;37.00;37.18;35.88;36.31;664011;24178038.00
20101207;36.11;36.84;35.88;36.76;636032;23132666.00
20101208;36.85;37.18;36.52;36.77;621464;22924686.00
20101209;36.77;36.77;35.58;36.00;687060;24759762.00
20101210;35.78;36.61;35.66;36.49;641454;23219262.00
20101213;36.80;37.65;36.57;37.51;865523;32282338.00
20101214;37.54;38.50;37.27;38.26;1080739;41117092.00
20101215;38.07;39.60;38.07;38.50;1586687;61700004.00
20101216;38.61;38.84;38.12;38.39;623152;24043522.00
20101217;38.39;38.70;38.31;38.55;541536;20843328.00
20101220;38.90;39.28;37.00;38.16;1127652;43042080.00
20101221;38.00;38.40;37.58;38.03;941019;35633856.00
20101222;38.00;38.00;36.93;37.08;823113;30814150.00
20101223;37.18;37.18;36.42;36.56;596620;21944098.00
20101224;36.95;36.95;35.60;35.81;516769;18589034.00
20101227;35.85;36.34;34.81;34.81;460061;16376459.00
20101228;34.78;34.78;34.16;34.61;582468;20075354.00
20101229;35.18;35.25;34.60;35.10;473383;16532003.00
20101230;35.20;35.44;34.82;35.38;312721;11011850.00
20101231;35.39;35.96;35.16;35.69;454374;16154343.00
20110104;35.98;36.50;35.60;36.31;631204;22753944.00
20110105;36.31;36.57;36.00;36.55;616642;22351944.00
20110106;36.65;36.65;35.89;36.09;295081;10660074.00
20110107;35.80;36.85;35.61;36.50;509610;18541042.00
20110110;36.21;36.90;35.80;35.80;766519;27905436.00
20110111;35.81;36.10;34.80;34.90;449948;15867527.00
20110112;34.92;35.90;34.11;35.00;441041;15379446.00
20110113;35.00;35.35;34.05;34.70;248110;8649896.00
20110114;34.36;34.80;34.07;34.21;210363;7211576.00
20110117;34.20;34.46;33.01;33.27;320268;10772064.00
20110118;33.27;33.99;32.50;33.99;394771;13057547.00
20110120;34.39;34.39;33.00;33.01;270329;9133399.00
20110121;33.50;33.89;32.50;33.80;292513;9827063.00
20110124;33.98;33.99;33.09;33.80;223714;7515372.00
20110125;33.80;34.37;33.21;33.81;202264;6771796.50
20110126;33.35;34.20;33.35;34.20;238161;8108711.50
20110127;34.33;34.54;33.71;34.39;197221;6761763.50
20110128;34.01;34.76;34.01;34.60;207004;7116324.50
20110131;34.51;34.88;34.15;34.59;200375;6898482.50
20110201;34.58;34.78;34.00;34.24;191071;6543618.00
20110209;34.10;34.40;34.00;34.01;200841;6856225.00
20110210;34.60;34.70;33.00;34.69;478442;16457541.00
20110211;34.70;35.25;34.43;35.25;644328;22505194.00
20110214;35.20;35.50;35.00;35.50;692062;24430142.00
20110215;35.50;35.57;35.04;35.24;698618;24686602.00
20110216;35.26;35.88;35.26;35.75;767894;27322600.00
20110217;35.76;35.76;34.98;35.32;765473;27024978.00
20110218;35.33;35.33;34.58;34.70;486989;16981484.00
20110221;35.00;36.00;34.71;35.90;1053402;37552852.00
20110222;35.91;36.01;34.65;34.65;649332;22847494.00
20110223;34.60;35.20;34.60;35.03;508993;17775254.00
20110224;35.00;35.19;34.66;34.86;351279;12238414.00
20110225;34.75;34.96;34.21;34.79;537469;18608754.00
20110228;34.65;35.05;34.56;35.05;346062;12046908.00
20110301;34.97;35.45;34.97;35.32;451050;15916639.00
20110302;35.31;35.66;34.85;35.55;638343;22542802.00
20110303;35.50;35.85;34.89;35.00;399350;14126003.00
20110304;35.26;35.29;34.50;35.10;328046;11410539.00
20110307;35.10;35.29;35.00;35.29;392376;13788788.00
20110308;35.38;35.56;35.15;35.35;357998;12648554.00
20110309;35.50;36.40;35.39;36.33;959889;34629420.00
20110310;36.39;36.40;35.48;35.59;618816;22315696.00
20110311;35.51;36.30;35.33;35.82;581893;20845632.00
20110314;36.02;36.50;35.77;36.25;648475;23435748.00
20110315;36.20;36.20;35.18;35.63;573691;20358870.00
20110316;35.60;35.86;35.59;35.70;400131;14280316.00
20110317;35.10;35.49;34.70;34.80;436523;15325937.00
20110318;35.00;35.28;34.75;34.80;216590;7555946.50
20110321;34.82;35.15;34.75;34.80;202591;7070904.00
20110322;34.73;35.15;34.73;34.79;150741;5257391.00
20110323;34.99;35.11;34.75;35.04;244480;8532372.00
20110324;35.22;35.22;34.88;34.88;230050;8045479.00
20110325;34.90;35.24;34.88;35.20;298140;10469625.00
20110328;35.15;35.70;35.11;35.54;500182;17725872.00
20110329;35.54;35.65;34.00;34.08;632047;21881740.00
20110330;34.08;34.20;33.08;33.30;530988;17744272.00
20110331;33.30;33.74;33.11;33.43;211335;7044827.00
20110401;33.31;33.64;33.21;33.43;209620;7000071.00
20110406;33.25;33.47;32.50;32.79;498536;16336988.00
20110407;32.62;33.30;32.62;33.30;253890;8355386.00
20110408;33.02;33.90;33.02;33.89;322355;10829960.00
20110411;33.59;33.90;33.52;33.58;236520;7948765.00
20110412;33.78;33.78;33.40;33.50;166130;5576756.50
20110413;33.40;33.80;33.03;33.77;212805;7125638.50
20110414;33.77;33.77;33.04;33.10;259557;8653409.00
20110415;33.00;33.25;32.80;33.09;187189;6169628.00
20110418;32.80;32.91;32.59;32.80;221980;7265452.50
20110419;32.93;32.93;32.18;32.37;266008;8612157.00
20110420;32.41;32.75;32.30;32.67;129829;4223991.00
20110421;32.70;33.47;32.51;32.90;199672;6574623.50
20110422;33.00;33.18;32.00;32.40;303775;9891081.00
20110425;32.38;32.65;30.79;30.79;638784;20126184.00
20110426;31.00;31.10;29.26;29.81;474186;14169287.00
20110427;30.01;30.49;29.47;29.89;209163;6264004.00
20110429;29.00;30.50;28.88;30.21;386631;11545320.00
20110503;29.95;30.25;29.64;30.20;113621;3408099.75
20110504;30.22;30.22;29.49;29.52;120801;3581098.50
20110505;29.50;29.83;29.38;29.63;93810;2782068.25
20110506;29.60;30.12;29.48;29.96;125073;3718352.00
20110509;29.97;31.10;29.93;31.00;261837;7958963.50
20110510;31.00;31.00;30.30;30.77;425999;13054255.00
20110511;30.77;30.78;30.50;30.53;187780;5752300.00
20110512;30.51;30.70;30.00;30.04;221077;6719237.00
20110513;19.73;20.29;19.73;19.99;164242;3267297.75
20110516;20.19;20.24;19.78;19.84;179729;3590823.50
20110517;19.21;19.88;19.21;19.70;122263;2412441.75
20110518;19.50;19.74;19.49;19.55;214372;4201341.00
20110519;19.55;19.82;19.40;19.43;117302;2297837.25
20110520;19.47;19.66;19.35;19.39;202116;3939914.00
20110523;19.40;19.41;17.98;18.08;420244;7771318.00
20110524;18.00;18.73;17.76;18.34;315774;5743408.00
20110525;18.16;18.34;17.68;17.75;267087;4804701.50
20110526;17.90;17.92;17.40;17.40;347992;6131327.00
20110527;17.52;17.61;17.29;17.31;256499;4463690.50
20110530;17.31;17.91;17.31;17.74;205326;3624588.50
20110531;17.99;18.06;17.77;18.02;186250;3338184.50
20110601;18.29;18.38;17.86;18.00;84344;1520376.50
20110602;17.82;17.90;17.55;17.83;153121;2719827.25
20110603;18.00;18.47;17.90;18.43;512945;9344371.00
20110607;18.50;18.59;18.21;18.40;219735;4036777.75
20110608;18.30;18.45;18.04;18.32;196850;3583358.00
20110609;18.28;18.35;17.93;17.96;137704;2506142.25
20110610;18.00;18.30;17.95;18.16;187631;3403096.75
20110613;18.07;18.38;18.02;18.26;197868;3607699.75
20110614;18.26;18.65;18.24;18.58;519664;9557634.00
20110615;18.51;18.70;18.36;18.59;355947;6604580.50
20110616;18.33;18.51;18.15;18.16;169673;3103472.75
20110617;18.07;18.25;18.07;18.10;136899;2487347.25
20110620;18.00;18.25;18.00;18.24;190413;3451967.50
20110621;18.45;19.40;18.45;18.95;1300461;24672300.00
20110622;18.95;18.99;18.70;18.72;465169;8751645.00
20110623;18.68;19.54;18.66;19.34;975890;18774618.00
20110624;19.12;20.30;19.11;20.01;1881930;37544156.00
20110627;20.02;20.36;19.85;20.17;1149675;23164328.00
20110628;20.01;20.15;19.81;19.97;654117;13029635.00
20110629;19.92;20.18;19.54;19.61;492499;9807516.00
20110630;19.55;20.00;19.55;19.80;390000;7730890.50
20110701;19.85;20.15;19.70;19.81;407029;8101984.00
20110704;19.83;20.16;19.80;20.14;774968;15532693.00
20110705;20.19;20.42;20.11;20.27;630805;12785476.00
20110706;20.25;20.35;20.09;20.35;564448;11406691.00
20110707;20.40;20.49;20.10;20.12;678990;13762721.00
20110708;20.01;20.12;19.65;19.83;455930;9037548.00
20110711;19.82;19.97;19.69;19.90;245917;4880785.00
20110712;19.90;19.90;19.53;19.53;347416;6825785.50
20110713;19.50;19.85;19.40;19.82;393401;7760237.50
20110714;19.96;20.13;19.77;20.12;522163;10400557.00
20110715;20.15;22.13;19.96;22.13;2115617;45353648.00
20110718;22.80;22.94;21.73;21.83;3126198;69717704.00
20110719;21.80;22.32;21.34;22.09;1243910;27295728.00
20110720;22.01;22.22;21.23;21.68;1026180;22230972.00
20110721;21.68;22.18;21.38;21.75;981606;21553500.00
20110722;21.77;22.00;21.51;21.78;442408;9630257.00
20110725;21.66;22.49;21.20;21.69;1522588;33574996.00
20110726;21.55;22.70;21.30;22.70;1916827;42727140.00
20110727;22.50;23.20;22.08;23.18;2270912;51528824.00
20110728;22.94;23.15;22.41;22.76;1354031;30782704.00
20110729;22.76;22.82;21.55;21.55;1144695;25189626.00
20110801;21.45;21.73;21.13;21.59;615587;13214963.00
20110802;21.59;21.59;20.61;20.85;813000;16959858.00
20110803;20.66;21.58;20.57;20.93;633970;13438615.00
20110804;21.32;22.69;21.20;21.71;1165156;25474698.00
20110805;20.91;21.17;20.52;20.90;885230;18513258.00
20110808;20.31;20.70;18.89;18.90;1336518;26188008.00
20110809;18.60;19.17;18.01;19.03;783597;14540044.00
20110810;19.56;20.00;19.20;19.34;990884;19455410.00
20110811;18.80;20.03;18.60;19.88;775214;15202423.00
20110812;20.00;20.29;19.88;20.01;676108;13559539.00
20110815;19.60;20.26;19.60;20.18;967108;19311878.00
20110816;20.05;20.16;18.20;19.65;847177;16665375.00
20110817;19.60;20.03;19.57;19.69;584002;11598037.00
20110818;19.61;19.87;19.03;19.18;427646;8296362.00
20110819;18.63;18.92;18.38;18.74;528666;9873157.00
20110822;18.97;19.24;18.69;18.78;430169;8171603.50
20110823;19.17;19.47;19.17;19.44;499124;9653138.00
20110824;19.70;20.04;19.52;19.72;856434;16993398.00
20110825;19.78;19.84;19.29;19.81;677882;13276136.00
20110826;19.82;20.08;19.59;20.08;773471;15368046.00
20110829;20.05;20.28;19.85;19.90;686798;13747170.00
20110831;19.57;19.70;19.11;19.31;491916;9516080.00
20110901;19.32;19.49;19.02;19.20;323011;6217933.50
20110902;19.27;19.27;18.86;19.04;250703;4775324.50
20110905;18.80;18.98;18.53;18.55;280650;5234671.00
20110906;19.43;19.43;18.41;18.65;153142;2854308.50
20110907;18.78;19.09;18.61;19.07;322028;6067367.50
20110908;19.06;19.38;18.02;19.07;528255;9898494.00
20110909;18.94;19.23;18.83;19.11;222102;4237446.00
20110913;18.80;19.28;18.80;19.26;315763;5996477.50
20110914;19.46;19.55;19.11;19.55;347789;6739197.50
20110915;19.70;19.97;19.41;19.79;624934;12380677.00
20110916;19.99;20.19;19.68;19.89;493850;9847463.00
20110919;20.15;20.15;19.50;20.09;389301;7743318.50
20110920;19.89;20.65;19.51;20.55;888034;18032108.00
20110921;20.37;20.95;20.28;20.90;864149;17962366.00
20110922;20.85;20.85;20.00;20.50;564021;11538997.00
20110923;20.29;20.29;19.80;20.03;308797;6176631.50
20110926;20.01;20.27;19.82;19.88;229035;4568631.50
20110927;20.20;21.87;19.82;21.20;2170102;45677380.00
20110928;20.99;21.48;20.55;20.65;1281453;26890816.00
20110929;20.65;20.75;19.26;19.71;1112665;22160098.00
20110930;19.50;19.90;18.48;18.83;598577;11301563.00
20111010;19.00;19.00;18.50;18.80;266343;4976550.00
20111011;19.48;19.57;18.61;18.90;440911;8484631.00
20111012;18.80;19.63;18.80;19.50;410923;7980975.00
20111013;19.36;19.87;19.36;19.65;356021;6999087.00
20111014;19.64;19.80;19.41;19.61;274898;5371673.50
20111017;19.88;20.15;19.38;20.15;487812;9713960.00
20111018;19.81;20.40;19.34;19.35;545714;10952137.00
20111019;19.36;19.56;19.05;19.33;227446;4400129.50
20111020;19.38;19.38;18.61;18.68;337891;6340862.50
20111021;18.81;18.89;18.31;18.31;203000;3760192.00
20111024;18.33;18.88;17.68;18.88;425755;7711969.00
20111025;18.35;19.27;18.35;19.19;397731;7566338.00
20111026;19.17;19.62;18.89;19.53;411423;7990486.00
20111027;19.58;19.61;19.06;19.52;310554;6011572.00
20111028;19.66;19.82;19.38;19.67;404793;7931116.00
20111031;19.77;20.15;19.53;20.08;504903;10039610.00
20111101;19.98;20.14;19.71;19.82;315747;6289364.50
20111102;19.46;20.31;19.30;20.28;645682;12799370.00
20111103;20.78;21.44;20.08;20.08;1276382;26495764.00
20111104;20.08;20.68;20.00;20.29;875743;17762884.00
20111107;20.32;20.47;19.98;20.00;667934;13520645.00
20111108;19.94;20.24;19.70;19.78;403183;8046902.00
20111109;19.90;21.27;19.90;21.13;2586295;53625280.00
20111110;20.73;22.07;20.71;21.40;3272160;70295544.00
20111111;21.16;21.62;20.66;21.06;1645864;34619804.00
20111114;20.97;21.65;20.92;21.50;1227259;26225830.00
20111115;21.32;21.64;21.10;21.19;1060100;22537530.00
20111116;21.20;21.29;20.01;20.16;1305821;26749470.00
20111117;20.25;20.91;20.25;20.72;982461;20310652.00
20111118;20.54;20.61;19.90;19.99;687057;13896517.00
20111121;20.05;20.32;19.70;19.96;417374;8284069.50
20111122;19.68;19.96;19.48;19.87;394806;7782725.00
20111123;19.95;20.18;19.71;20.00;331846;6617854.50
20111124;19.63;20.15;19.63;20.08;330865;6586604.00
20111125;19.93;20.22;19.51;19.69;406522;8082091.50
20111128;19.61;19.87;19.48;19.61;298221;5866340.00
20111129;19.76;20.10;19.65;20.10;409908;8153351.00
20111130;20.05;20.29;18.60;18.89;644266;12484759.00
20111201;19.50;19.80;19.03;19.09;368300;7153270.50
20111202;19.02;19.19;18.75;18.90;298800;5639256.00
20111205;18.99;19.04;18.13;18.15;278300;5134639.50
20111206;18.15;18.64;17.91;18.53;264809;4836864.00
20111207;18.31;18.64;18.30;18.45;193749;3585503.50
20111208;18.47;18.78;18.25;18.49;244408;4535829.00
20111209;18.49;19.50;18.42;18.79;712056;13603936.00
20111212;18.79;18.87;18.51;18.52;396122;7370559.50
20111213;18.31;18.45;17.60;17.60;487815;8732825.00
20111214;17.88;17.88;17.13;17.16;254714;4462875.50
20111215;17.16;17.19;16.30;16.39;343228;5759051.00
20111216;16.30;16.90;16.30;16.80;523962;8715124.00
20111219;16.70;17.26;16.32;17.12;234055;3940375.00
20111220;16.99;17.32;16.67;16.71;220244;3751908.25
20111221;17.08;17.12;16.20;16.30;246950;4106910.00
20111222;16.20;16.22;15.00;15.55;416310;6496246.00
20111223;15.41;15.99;15.41;15.63;234328;3683541.25
20111226;15.60;15.79;15.30;15.32;133499;2088736.25
20111227;15.30;15.37;14.75;14.80;257936;3881214.25
20111228;14.53;15.08;14.41;14.65;218402;3185325.75
20111229;14.61;14.81;14.36;14.70;215541;3159356.00
20111230;14.66;14.98;14.66;14.94;300637;4480304.00
20120104;15.20;15.20;14.70;14.71;139471;2082763.25
20120105;14.31;14.48;13.59;13.65;277094;3899418.50
20120106;13.64;14.14;13.52;13.87;194294;2667614.75
20120109;13.87;14.47;13.70;14.43;294425;4196807.00
20120110;14.45;15.20;14.39;15.02;422604;6307619.00
20120111;14.86;15.30;14.83;14.97;401381;6064752.50
20120112;14.74;15.15;14.70;14.97;427203;6376359.00
20120113;15.06;15.07;13.93;14.00;447182;6422029.00
20120116;13.90;13.90;13.41;13.41;322600;4386377.00
20120117;13.42;14.13;13.20;14.07;497340;6805873.00
20120118;14.00;14.11;13.14;13.17;694144;9422691.00
20120119;13.00;13.56;13.00;13.43;404027;5416344.00
20120120;13.36;13.77;13.34;13.73;410374;5577534.50
20120130;13.73;13.98;13.62;13.76;413684;5720652.00
20120131;13.73;13.80;13.52;13.64;265536;3617733.00
20120201;13.51;13.86;13.50;13.52;338048;4615723.50
20120202;13.52;13.77;13.52;13.75;505784;6899862.50
20120203;13.77;14.43;13.75;14.33;954821;13466629.00
20120206;14.38;14.48;14.14;14.33;602283;8617992.00
20120207;14.33;14.33;14.01;14.19;448576;6330777.50
20120208;14.05;14.58;14.05;14.57;657211;9464646.00
20120209;14.57;14.96;14.47;14.56;706728;10407066.00
20120210;14.49;14.94;14.49;14.80;547453;8067937.00
20120213;14.68;15.10;14.55;15.03;593365;8867551.00
20120214;15.03;15.15;14.80;14.92;346319;5166612.00
20120215;14.90;15.35;14.86;15.28;759825;11528231.00
20120216;15.20;15.43;15.07;15.25;685364;10461362.00
20120217;15.23;15.29;14.89;14.97;568675;8551890.00
20120220;15.08;15.25;15.02;15.02;694150;10491417.00
20120221;15.01;15.37;14.85;15.37;727330;10985792.00
20120222;15.30;15.78;15.30;15.75;980572;15313945.00
20120223;15.76;16.10;15.58;15.86;902208;14285054.00
20120224;15.86;16.06;15.81;15.92;663320;10566035.00
20120227;15.98;16.17;15.82;15.82;718836;11506150.00
20120228;15.75;15.81;15.21;15.29;938896;14477749.00
20120229;15.30;15.35;15.03;15.17;533798;8133960.00
20120301;15.12;15.76;15.07;15.48;759978;11757028.00
20120302;15.42;15.72;15.42;15.70;639750;9999502.00
20120305;15.90;16.28;15.80;15.80;943455;15138216.00
20120306;15.84;15.87;15.29;15.47;837315;12933681.00
20120307;15.27;16.50;15.20;16.05;1633416;26222038.00
20120308;15.99;16.34;15.99;16.07;1005215;16243578.00
20120309;16.08;16.41;16.01;16.41;827772;13438289.00
20120313;16.60;16.60;16.28;16.42;914672;15022096.00
20120314;16.48;16.69;15.33;15.47;1449516;23395890.00
20120315;15.70;15.73;15.31;15.53;664753;10337117.00
20120316;15.60;15.95;15.51;15.95;667604;10509928.00
20120319;16.01;16.58;16.00;16.55;1014749;16611995.00
20120320;16.54;16.55;16.01;16.19;984292;15985775.00
20120321;15.80;15.84;15.23;15.39;1634426;25286158.00
20120322;15.25;15.45;15.20;15.35;501984;7687335.00
20120323;15.20;15.29;15.01;15.03;452757;6828624.50
20120326;14.86;15.18;14.70;15.05;205198;3081251.75
20120327;15.09;15.24;14.90;14.95;264950;3995106.00
20120328;14.85;15.10;13.88;13.88;623103;8918362.00
20120329;13.88;13.93;13.41;13.52;362952;4951187.00
20120330;13.69;13.69;13.30;13.40;333084;4464205.50
20120405;13.43;13.83;13.37;13.78;518880;7067352.50
20120406;13.73;14.08;13.73;13.83;487331;6762288.00
20120409;13.81;14.04;13.68;13.82;239131;3318393.25
20120411;13.82;14.29;13.82;14.15;400124;5638150.50
20120412;14.11;14.48;14.08;14.36;350096;4993279.50
20120413;14.38;14.48;14.21;14.47;475137;6820633.00
20120416;14.39;14.47;14.24;14.39;424784;6095476.00
20120417;14.35;14.42;14.03;14.20;406199;5779978.00
20120418;14.15;14.62;14.15;14.60;693955;10069994.00
20120419;14.49;14.68;14.46;14.55;281222;4089430.00
20120420;14.54;14.78;14.50;14.62;506339;7396421.50
20120423;14.54;14.57;13.16;14.10;713740;9969712.00
20120424;13.80;14.04;13.32;13.65;467092;6403370.00
20120425;13.65;13.91;13.51;13.85;371356;5073573.00
20120426;13.85;13.90;13.69;13.78;227533;3138991.75
20120427;13.75;13.90;13.74;13.84;217895;3011333.00
20120502;13.90;14.18;13.90;13.97;238751;3344063.50
20120503;13.95;14.15;13.89;14.13;352777;4949703.00
20120504;14.11;14.25;14.02;14.23;446841;6343457.50
20120507;14.19;14.24;13.92;14.24;505767;7108418.50
20120508;14.24;15.66;14.11;15.24;2572105;39330440.00
20120509;15.00;15.28;14.72;14.82;1223729;18351050.00
20120510;14.85;15.19;14.77;14.79;928984;13882013.00
20120511;14.80;15.07;14.58;14.58;671441;9935049.00
20120514;14.61;14.90;14.45;14.67;713484;10444735.00
20120515;14.53;14.67;14.42;14.62;403830;5872888.00
20120516;14.65;14.77;14.00;14.34;603096;8788081.00
20120517;14.49;14.60;14.33;14.46;278362;4029518.00
20120518;14.40;14.60;14.30;14.31;353953;5119766.50
20120521;14.30;14.45;14.18;14.31;257613;3687442.25
20120522;14.33;14.66;14.33;14.55;253952;3689807.50
20120523;14.36;14.58;14.17;14.49;337079;4841883.50
20120524;14.58;14.59;14.32;14.43;324837;4703103.00
20120525;14.54;14.54;13.50;14.00;414748;5858798.50
20120528;13.73;14.03;13.72;13.98;266670;3695701.50
20120529;14.09;14.28;14.03;14.20;272158;3860049.75
20120604;14.05;15.62;14.05;14.97;4190122;64200376.00
20120605;14.70;15.17;14.60;14.66;1887457;27920986.00
20120606;14.66;14.99;14.60;14.83;1285034;18980098.00
20120607;14.90;15.03;14.30;14.40;1453747;21424872.00
20120608;14.57;14.57;14.05;14.38;935528;13359679.00
20120611;14.55;15.05;14.39;14.95;1752300;26085134.00
20120612;14.75;15.39;14.75;15.05;1768233;26800320.00
20120613;15.17;15.25;14.94;15.22;1334973;20183984.00
20120614;15.18;15.60;15.02;15.13;1290688;19742874.00
20120615;15.26;15.26;14.77;15.05;930072;13965323.00
20120618;15.05;15.29;15.02;15.16;824688;12514635.00
20120619;15.10;15.25;14.51;14.69;835873;12433760.00
20120620;14.72;15.12;14.70;14.84;669085;9977065.00
20120621;14.88;15.81;14.88;15.51;2557908;39411644.00
20120625;15.55;15.56;15.11;15.22;1250492;19084864.00
20120626;14.77;14.95;14.01;14.34;1523445;21808414.00
20120627;14.28;14.46;14.12;14.13;679326;9713683.00
20120628;14.27;14.30;14.00;14.06;675306;9532929.00
20120629;14.06;14.32;13.73;14.27;389150;5506917.50
20120702;14.27;14.53;14.18;14.40;520372;7455553.50
20120703;14.46;14.66;14.33;14.39;658530;9542187.00
20120704;14.47;14.57;14.10;14.18;633654;9069176.00
20120705;14.07;14.15;13.60;13.65;858333;11806998.00
20120706;13.72;13.88;13.40;13.83;457653;6254796.50
20120709;13.58;13.78;13.50;13.50;325788;4442855.00
20120710;13.50;13.60;13.35;13.58;147814;1988650.50
20120711;13.58;13.81;13.53;13.81;184437;2528529.25
20120712;13.67;13.94;13.50;13.81;406379;5573320.00
20120713;13.83;13.83;13.35;13.35;412185;5568918.00
20120716;13.21;13.33;12.39;12.46;564230;7174873.50
20120717;12.42;12.56;12.17;12.45;135163;1679250.00
20120718;12.45;12.75;12.45;12.64;154414;1945536.88
20120719;12.64;12.88;12.48;12.75;191226;2434950.25
20120720;12.79;12.83;12.48;12.50;191400;2425158.75
20120723;12.36;12.60;12.31;12.52;147015;1829674.88
20120724;12.48;12.73;12.44;12.61;167164;2102419.50
20120725;12.76;12.78;12.50;12.54;196598;2475391.75
20120726;12.49;12.66;12.49;12.55;115959;1458497.75
20120727;12.67;13.21;12.57;12.78;189107;2401495.00
20120730;12.79;12.80;12.36;12.51;168812;2132981.00
20120731;12.60;12.60;12.00;12.19;165449;2024624.25
20120801;12.19;12.58;12.19;12.35;112129;1388436.50
20120802;12.47;12.47;12.24;12.30;90050;1107771.75
20120803;12.40;12.57;12.24;12.56;177219;2197158.00
20120806;12.56;12.83;12.45;12.80;246161;3119059.25
20120807;12.81;12.98;12.70;12.88;197004;2528263.75
20120808;12.74;12.88;12.74;12.76;153730;1968149.38
20120809;12.70;13.02;12.61;12.99;287021;3698544.75
20120810;13.09;13.17;12.81;12.90;177608;2289937.25
20120813;12.80;13.08;12.60;12.60;181149;2318580.75
20120814;12.81;12.81;12.30;12.64;323834;4052709.75
20120815;12.55;12.75;12.52;12.60;241747;3052448.25
20120816;12.69;12.69;12.47;12.66;95508;1204398.50
20120817;12.66;12.82;12.59;12.82;149078;1894866.13
20120820;12.88;12.88;12.53;12.74;237555;3016925.50
20120821;12.60;13.07;12.60;13.07;619937;8013324.50
20120822;13.05;13.15;12.84;12.95;365494;4747639.00
20120823;13.03;13.20;12.86;13.19;464738;6075525.00
20120824;13.20;13.35;12.95;13.05;599302;7895134.00
20120827;13.10;13.10;12.60;12.61;344005;4397893.00
20120828;12.63;13.05;12.63;12.94;263555;3386968.00
20120829;12.77;13.17;12.77;13.00;369082;4812379.00
20120830;13.15;13.15;12.45;12.55;457388;5807246.00
20120831;12.57;12.73;12.52;12.66;100184;1262148.13
20120903;12.63;12.95;12.63;12.93;304344;3904983.75
20120904;12.97;13.18;12.90;12.95;475882;6207122.00
20120905;12.94;13.35;12.82;13.23;586438;7724412.50
20120906;13.30;13.35;13.15;13.30;448786;5958623.50
20120907;13.49;13.75;13.35;13.58;850255;11539044.00
20120910;13.41;14.09;13.40;13.97;843787;11717439.00
20120911;13.96;14.38;13.75;13.88;855448;11977625.00
20120912;14.03;14.99;13.58;14.64;1891319;27302802.00
20120913;14.37;15.40;14.26;14.95;2875870;43093268.00
20120914;14.96;15.08;14.39;14.40;1536062;22498154.00
20120917;14.41;14.52;13.90;13.90;738986;10484813.00
20120918;13.67;13.94;13.67;13.78;328442;4520290.00
20120919;13.79;13.92;13.55;13.81;324753;4462748.00
20120920;13.79;14.05;13.27;13.27;478700;6528686.00
20120921;13.26;13.35;12.50;12.65;756097;9651025.00
20120924;12.65;12.86;12.40;12.68;289245;3663889.50
20120925;12.66;12.80;12.50;12.68;243840;3089901.00
20120926;12.56;12.74;12.07;12.13;347626;4297697.00
20120927;12.26;12.48;11.81;12.33;678045;8255917.00
20120928;12.13;12.65;12.13;12.58;338053;4194264.00
20121008;12.60;12.76;12.50;12.60;239133;3021216.75
20121009;12.55;12.87;12.55;12.83;322456;4124231.25
20121010;12.78;12.92;12.78;12.89;329337;4234024.50
20121011;12.88;12.88;12.62;12.63;268600;3416048.00
20121012;12.60;12.78;12.30;12.59;260207;3251446.00
20121015;12.74;12.74;12.29;12.40;174391;2159796.25
20121016;12.31;12.69;12.28;12.50;177374;2217661.50
20121017;12.43;12.57;12.34;12.52;112353;1402665.13
20121018;12.52;12.74;12.52;12.69;285314;3619504.75
20121019;12.75;12.75;12.60;12.63;238305;3017525.75
20121022;12.73;12.79;12.49;12.74;180214;2291172.75
20121023;12.74;12.79;12.67;12.72;189653;2415661.50
20121024;12.75;12.82;12.68;12.74;193169;2461076.75
20121025;12.85;12.85;12.66;12.76;225004;2862552.25
20121026;12.78;12.79;12.30;12.33;321294;3991785.00
20121029;12.33;12.40;12.11;12.25;39805;488513.25
20121030;12.58;12.58;12.24;12.25;128947;1585989.00
20121031;12.21;12.44;12.20;12.40;265016;3271768.00
20121101;12.52;12.75;12.41;12.72;460502;5820792.50
20121102;12.89;13.85;12.89;13.54;1902932;25680694.00
20121105;13.24;13.47;13.13;13.40;725530;9644132.00
20121106;13.21;13.31;12.85;13.05;490758;6413114.00
20121107;13.01;13.17;12.78;13.00;456006;5893488.50
20121108;12.90;12.90;12.50;12.50;364799;4632191.50
20121109;12.50;12.65;12.36;12.38;242439;3026996.50
20121112;12.56;12.75;12.41;12.67;435465;5498075.00
20121113;12.60;12.60;12.25;12.32;321419;3974386.00
20121114;12.17;12.37;12.17;12.25;470765;5761690.00
20121115;12.12;12.24;12.04;12.07;196670;2391576.50
20121116;12.03;12.23;12.01;12.15;181675;2189252.50
20121119;12.05;12.25;11.99;12.25;182850;2209037.25
20121120;12.25;12.43;12.17;12.34;379831;4681361.00
20121121;12.34;12.49;12.23;12.47;210151;2596540.75
20121122;12.37;12.47;12.21;12.27;195702;2409041.50
20121123;12.27;12.39;12.24;12.27;165782;2043327.25
20121126;12.27;12.36;12.09;12.10;194000;2369422.00
20121127;12.05;12.22;11.27;11.37;420262;4907786.50
20121128;11.37;11.46;11.15;11.19;108750;1222438.50
20121129;11.27;11.28;10.54;10.85;199233;2195688.75
20121130;10.85;11.25;10.65;11.00;205043;2262840.00
20121203;10.89;11.18;10.70;10.71;128690;1397776.00
20121204;10.68;11.00;10.60;10.95;112181;1210479.63
20121205;11.17;11.43;10.76;11.37;289691;3255854.00
20121206;11.38;11.50;11.22;11.24;173704;1971298.63
20121207;11.25;11.48;11.15;11.45;262315;2983318.50
20121210;11.44;11.65;11.39;11.62;362656;4179316.50
20121211;11.62;11.77;11.46;11.47;301251;3476586.00
20121212;11.50;11.50;11.25;11.47;167750;1907708.88
20121213;11.33;11.45;11.27;11.28;117806;1336519.25
20121214;11.42;11.77;11.21;11.74;425352;4955031.00
20121217;11.62;11.88;11.61;11.78;310393;3653223.00
20121218;11.78;11.95;11.72;11.75;313804;3709469.75
20121219;11.75;11.83;11.72;11.80;167365;1970100.00
20121220;11.60;11.88;11.60;11.86;251543;2968577.75
20121221;12.30;12.30;11.86;11.97;332210;3994642.75
20121224;12.05;12.06;11.92;12.06;263817;3163708.75
20121225;12.04;12.39;11.93;12.31;467909;5727439.00
20121226;12.32;12.65;12.26;12.63;416260;5194328.00
20121227;12.75;12.80;12.36;12.40;485005;6070509.00
20121228;12.40;12.53;12.27;12.47;421319;5233688.50
20121231;12.55;12.79;12.47;12.71;444937;5616743.50
20130104;12.71;12.76;12.33;12.50;484811;6074991.50
20130107;12.48;13.13;12.33;12.90;620571;7917967.00
20130108;12.77;13.48;12.72;13.17;1371054;18173444.00
20130109;13.24;13.38;12.90;13.13;669386;8801259.00
20130110;13.02;13.44;13.00;13.44;742856;9838061.00
20130111;13.46;13.79;13.30;13.35;1434724;19426988.00
20130114;13.25;14.35;13.20;14.20;2269906;31630462.00
20130115;14.20;15.50;14.08;14.58;3184388;47286312.00
20130116;14.55;15.21;14.43;15.12;2434484;36044920.00
20130117;15.08;15.08;14.10;14.20;1757120;25419134.00
20130118;14.16;14.78;13.95;14.72;1324701;19090634.00
20130121;14.42;15.00;14.42;14.80;881801;13021161.00
20130122;14.48;14.56;14.26;14.37;796050;11449594.00
20130123;14.37;14.96;14.19;14.76;1282439;18851426.00
20130124;14.76;15.94;14.76;15.37;2787665;43146136.00
20130125;15.14;15.37;14.52;14.60;1364810;20310554.00
20130128;14.62;15.18;14.62;15.12;991227;14847379.00
20130129;15.09;15.26;14.79;15.06;755338;11335420.00
20130130;15.17;15.17;14.81;14.92;597620;8935261.00
20130131;14.81;14.93;14.26;14.56;693012;10043443.00
20130201;14.47;14.72;14.36;14.51;439556;6387188.50
20130204;14.47;14.65;14.07;14.26;596617;8531800.00
20130205;14.14;14.68;14.14;14.68;462240;6695534.00
20130206;14.70;14.81;14.50;14.52;418222;6114983.00
20130207;14.55;14.74;14.31;14.63;334837;4857624.00
20130208;14.52;14.83;14.52;14.77;534322;7849427.50
20130218;14.80;15.00;14.66;14.83;510610;7545199.50
20130219;14.88;14.88;14.41;14.59;479910;7033894.00
20130220;14.59;14.76;14.44;14.75;340333;4974120.00
20130221;14.64;14.65;14.33;14.44;420560;6084387.50
20130222;14.50;15.09;14.50;14.71;961215;14287932.00
20130225;14.63;14.90;14.54;14.76;581039;8563173.00
20130226;14.80;15.64;14.62;15.25;1437252;21893366.00
20130227;15.59;15.59;15.05;15.55;1243011;19084792.00
20130228;15.48;16.50;15.21;16.14;1625421;25726344.00
20130301;16.15;16.60;16.01;16.17;1385056;22472402.00
20130613;17.79;17.79;17.79;17.79;210380;3742660.25
20130614;19.57;19.57;19.57;19.57;821022;16067401.00
20130617;21.50;21.53;20.60;21.53;7628933;161851152.00
20130618;21.76;21.82;20.66;21.01;4905167;103443440.00
20130619;20.55;20.70;19.85;20.40;3915461;79257320.00
20130620;20.08;21.20;19.91;20.00;5032820;104179520.00
20130621;14.87;16.45;14.81;15.59;7302370;114361504.00
20130624;15.48;15.48;14.03;14.03;4371416;63137868.00
20130625;13.49;13.60;12.63;13.41;6939706;90771568.00
20130626;13.30;14.29;12.98;14.06;5837677;79737464.00
20130627;13.87;14.15;12.80;12.95;5040177;68058496.00
20130628;12.55;13.30;12.30;13.20;3049471;39143228.00
20130701;13.10;13.53;12.50;13.45;3003854;39301772.00
20130702;13.37;14.28;13.33;14.23;5557681;76907240.00
20130703;14.03;14.94;13.70;14.42;4664929;66789644.00
20130704;14.23;14.88;13.92;14.02;4134057;59792992.00
20130705;13.97;14.29;13.44;13.44;2723841;37701120.00
20130708;12.94;13.18;12.41;12.50;2175341;27655168.00
20130709;12.43;12.86;12.35;12.68;1205819;15232817.00
20130710;12.68;13.05;12.60;13.03;1381934;17761222.00
20130711;13.00;13.63;12.86;13.40;2146548;28635246.00
20130712;13.33;13.75;13.16;13.19;1901816;25614804.00
20130715;13.18;13.65;13.10;13.65;1601936;21469852.00
20130716;13.66;14.38;13.55;14.29;3073754;42937584.00
20130717;14.19;14.30;13.70;14.02;2379080;33346584.00
20130718;14.00;14.00;13.65;13.75;1725341;23818456.00
20130719;13.75;14.10;13.30;13.31;2353536;32375648.00
20130722;13.23;13.56;12.93;13.55;1585403;21041078.00
20130723;13.54;14.18;13.54;13.95;2625753;36596868.00
20130724;14.50;15.35;14.50;15.35;2622041;39668304.00
20130725;16.51;16.89;15.88;16.30;17336283;287446784.00
20130726;15.00;15.90;14.70;15.40;11015233;169422112.00
20130729;15.06;15.23;14.25;14.30;5622109;82391528.00
20130730;14.20;14.44;12.89;13.56;5107912;70043472.00
20130731;13.68;14.02;13.31;13.71;3791440;52304956.00
20130801;13.58;14.36;13.58;14.32;4514867;63895328.00
20130802;14.60;14.99;14.25;14.29;5996579;87804864.00
20130805;14.18;14.74;14.10;14.70;3833227;55575680.00
20130806;14.60;15.48;14.48;15.43;6161068;93670744.00
20130807;15.19;15.52;14.68;14.69;4495767;67450888.00
20130808;14.71;15.15;14.62;14.79;3469934;51695344.00
20130809;14.75;15.00;13.86;14.31;3881777;56132816.00
20130812;14.25;14.42;13.80;14.23;2974711;41926856.00
20130813;14.19;14.38;14.00;14.35;2387577;33914672.00
20130814;14.35;14.39;13.94;14.06;2562883;36203520.00
20130815;14.01;14.47;13.88;14.43;2841362;40506496.00
20130816;14.27;14.87;13.90;13.91;3390157;49013624.00
20130819;13.71;14.26;13.70;14.23;1668015;23402966.00
20130820;14.23;14.47;14.08;14.24;1870672;26701438.00
20130821;14.20;14.99;14.15;14.98;3930883;57718932.00
20130822;14.72;14.97;14.50;14.77;2918007;42974432.00
20130823;14.60;15.35;14.30;14.75;4113172;61118744.00
20130826;14.60;15.05;14.47;14.98;3551288;52570612.00
20130827;14.95;15.09;14.63;14.90;2831484;41947012.00
20130828;14.79;15.70;14.70;15.24;5459314;83602984.00
20130829;15.10;15.75;15.00;15.03;3498475;53632824.00
20130830;15.01;15.05;13.86;13.90;4487401;64219440.00
20130902;13.99;14.22;13.81;14.07;1650000;23192970.00
20130903;14.15;14.17;13.85;14.17;1473914;20672238.00
20130904;14.12;14.41;14.07;14.26;1785229;25481656.00
20130905;14.34;14.34;14.16;14.28;1671894;23808680.00
20130906;14.33;14.68;14.21;14.68;2334982;33763548.00
20130909;14.79;15.06;14.30;14.75;3343429;48967812.00
20130910;14.75;14.75;14.24;14.33;2497449;36072500.00
20130911;14.65;15.47;14.62;15.01;5311561;79334584.00
20130912;14.83;15.10;14.65;14.67;2161821;31986646.00
20130913;14.40;14.66;14.34;14.48;1606136;23277150.00
20130916;14.56;14.88;14.52;14.73;1300564;19132702.00
20130917;14.70;14.88;14.65;14.88;2044916;30261124.00
20130918;14.93;15.41;14.87;15.23;3948146;60193436.00
20130923;15.20;15.41;14.88;15.27;3250573;49310856.00
20130924;15.25;15.64;15.10;15.58;3290053;50877300.00
20130925;15.58;15.60;14.94;15.00;2616698;39820336.00
20130926;14.92;15.25;14.66;14.67;2157944;32313526.00
20130927;14.64;14.92;14.64;14.83;1214201;17940478.00
20130930;14.87;15.25;14.83;15.15;1468366;22212970.00
20131008;15.02;15.24;14.82;15.21;1861401;27944632.00
20131009;15.40;15.91;15.32;15.56;3234526;50621320.00
20131010;15.87;17.07;15.60;16.58;6019073;99451824.00
20131011;16.45;16.50;15.88;16.23;3693908;59750108.00
20131014;16.26;17.09;16.05;16.90;3586780;59656784.00
20131015;16.80;16.84;16.36;16.45;2604473;43072960.00
20131016;16.18;16.45;15.24;15.38;2538520;39592440.00
20131017;15.42;15.64;15.18;15.34;1447628;22411738.00
20131018;15.35;15.75;15.30;15.61;1214272;18907616.00
20131021;15.66;16.10;15.35;15.96;1780823;28038040.00
20131022;15.96;16.04;15.20;15.26;1937302;30205230.00
20131023;15.08;15.45;14.79;14.82;1747072;26243214.00
20131024;14.71;15.10;14.69;14.90;801056;11914439.00
20131025;14.92;15.18;14.14;14.19;1293633;18784266.00
20131028;14.30;14.41;14.06;14.33;624249;8903759.00
20131029;14.31;14.48;13.00;13.38;1857892;25172698.00
20131030;13.40;13.97;13.30;13.76;1126868;15374890.00
20131031;13.80;13.90;13.44;13.49;805056;11036929.00
20131101;13.45;13.64;13.12;13.49;777656;10444076.00
20131104;13.60;14.20;13.60;14.03;1300138;18156918.00
20131105;13.90;14.18;13.72;14.15;534531;7483101.50
20131106;14.15;14.23;13.90;13.90;793763;11127747.00
20131107;13.82;13.83;13.43;13.46;906048;12327400.00
20131108;13.39;13.58;13.20;13.50;565891;7582987.50
20131111;13.50;14.30;13.50;14.15;2042440;28708268.00
20131112;14.33;14.33;13.97;14.13;874304;12366110.00
20131113;14.39;14.91;13.13;14.31;2712799;39353944.00
20131114;14.10;15.20;14.10;14.98;2258100;33408468.00
20131115;14.89;15.85;14.81;15.39;3255591;50619160.00
20131118;15.70;16.42;15.45;15.88;3923917;62834472.00
20131119;16.00;16.21;15.68;15.70;2163384;34316844.00
20131120;15.83;17.27;15.71;17.27;6303636;105267208.00
20131121;17.28;17.28;16.39;16.57;5160017;86814016.00
20131122;16.48;17.13;15.99;15.99;3878122;64556804.00
20131125;16.33;17.59;16.33;17.59;3470847;59890516.00
20131126;17.97;19.35;17.80;18.55;14049220;262744544.00
20131127;18.18;19.28;17.92;18.99;10179944;188835904.00
20131128;18.70;19.10;18.35;18.61;6015210;111857248.00
20131129;18.45;19.76;18.45;18.89;8916783;169825840.00
20131202;17.10;17.76;17.00;17.00;5533777;95263976.00
20131203;15.60;16.40;15.30;16.22;6572654;104368000.00
20131204;15.95;16.58;15.68;15.75;5023698;80920448.00
20131205;15.72;16.36;15.58;15.96;3494247;55992828.00
20131206;15.98;15.98;15.36;15.61;2504695;39119016.00
20131209;15.65;16.08;15.63;15.93;1904404;30198734.00
20131210;16.00;16.03;15.40;15.41;2760224;43057444.00
20131211;15.22;15.50;14.94;15.28;2135226;32409154.00
20131212;15.29;15.87;15.29;15.61;2263960;35332636.00
20131213;15.94;16.51;15.70;16.07;3591064;58156868.00
20131216;15.89;16.01;15.48;15.53;1818692;28547064.00
20131217;15.64;15.96;15.00;15.66;2079035;32120138.00
20131218;15.51;15.57;15.20;15.21;1348756;20702242.00
20131219;15.25;15.42;15.19;15.21;835878;12786302.00
20131220;15.35;15.50;15.10;15.20;881883;13476769.00
20131223;15.06;15.32;14.70;15.31;1381773;20860046.00
20131224;15.28;15.93;15.28;15.75;2416599;37989648.00
20131225;15.86;16.13;15.61;16.10;2364493;37782796.00
20131226;16.12;16.13;15.68;15.68;1611320;25599528.00
20131227;15.60;16.28;15.60;16.15;2217478;35712956.00
20131230;16.18;16.63;16.04;16.51;2899423;47570352.00
20131231;16.29;16.47;15.92;15.98;1761387;28416822.00
20140102;16.04;16.44;15.92;16.31;1649257;26869578.00
20140103;16.38;16.46;16.08;16.27;1824753;29623256.00
20140106;16.02;16.27;15.21;15.24;2312580;36190588.00
20140107;15.21;15.64;14.80;15.43;1413088;21735102.00
20140108;16.37;16.97;16.21;16.97;3506671;59150736.00
20140109;17.49;18.17;16.65;16.68;10259614;179430784.00
20140110;16.25;16.59;15.25;15.91;4719495;76081080.00
20140113;16.00;16.10;15.63;15.99;2506013;39851612.00
20140114;15.99;16.87;15.73;16.78;3964822;64844036.00
20140115;16.63;17.55;16.54;17.27;5182625;88974664.00
20140116;17.08;17.25;16.75;17.00;3217831;54712308.00
20140117;17.00;17.67;16.80;17.57;4476541;77364528.00
20140120;17.72;17.73;16.80;17.05;3549992;61321232.00
20140121;16.85;17.58;16.85;17.55;3045870;52774080.00
20140122;17.50;17.80;17.33;17.62;3373147;59261556.00
20140123;17.66;18.10;17.51;17.95;4312780;77373712.00
20140124;17.71;18.09;17.65;17.73;3767362;67113328.00
20140127;17.75;18.17;17.32;17.82;3769720;66935252.00
20140128;17.78;18.00;17.15;17.22;2085865;36333704.00
20140129;17.25;17.65;17.20;17.54;1726352;30114488.00
20140130;17.41;18.00;17.07;17.60;2019785;35604332.00
20140207;18.48;19.36;18.20;19.36;3223938;61391740.00
20140210;21.30;21.30;20.40;21.30;17165620;361843712.00
20140211;21.30;21.74;20.11;21.40;13223055;279481216.00
20140212;21.28;21.48;20.50;21.30;6589845;138766528.00
20140213;21.60;21.60;19.88;20.00;5742158;119220560.00
20140214;19.98;20.50;19.48;20.30;3804935;76375120.00
20140217;20.40;21.40;20.16;21.00;6998467;146458336.00
20140218;22.00;22.66;21.04;21.20;8340620;182134976.00
20140219;20.82;20.88;19.99;20.28;5525833;112412680.00
20140220;20.28;20.28;19.37;19.65;3946085;77895976.00
20140221;19.58;20.07;19.51;20.07;2664151;52980756.00
20140224;20.00;21.24;19.87;20.88;5444777;112837672.00
20140225;20.78;21.17;18.79;18.79;7484903;149978944.00
20140226;18.14;18.57;17.59;18.28;4989262;90323632.00
20140227;18.20;18.96;17.70;17.80;4465578;81957672.00
20140228;17.85;18.40;17.55;18.34;2394966;42987280.00
20140303;18.73;19.08;18.48;18.99;3318931;62264396.00
20140304;18.70;19.35;18.53;18.85;2691807;50734880.00
20140305;18.79;19.16;18.61;18.80;2393363;45278172.00
20140306;18.67;19.60;18.59;19.44;3374681;64676368.00
20140307;19.44;19.65;18.90;19.06;2312315;44616392.00
20140310;19.06;19.06;18.01;18.01;2541062;46622856.00
20140311;18.00;18.40;18.00;18.24;1519561;27596180.00
20140312;18.10;18.49;18.01;18.48;1384984;25239248.00
20140313;18.81;19.60;18.81;19.00;2575833;49358532.00
20140314;18.80;19.21;18.50;19.05;1888538;35727080.00
20140317;18.99;19.86;18.99;19.79;3248370;63678400.00
20140318;19.79;19.83;19.47;19.64;2607288;51136072.00
20140319;19.60;20.06;19.54;19.88;2794631;55403844.00
20140320;19.63;19.83;18.76;18.80;2652806;50918940.00
20140321;18.80;19.40;18.36;19.37;2317257;43932200.00
20140324;19.36;19.87;19.00;19.13;2102664;40889612.00
20140325;18.97;18.97;18.51;18.96;1973861;37088456.00
20140326;18.95;19.25;18.79;19.08;1600244;30544684.00
20140327;19.00;19.00;17.91;17.96;2326996;42938620.00
20140328;18.01;18.40;17.59;17.88;1704395;30586122.00
20140331;17.75;18.10;17.34;17.50;1086264;19074908.00
20140401;17.55;17.95;17.44;17.90;946245;16807964.00
20140402;17.90;18.04;17.72;17.88;1083712;19345390.00
20140403;17.90;18.17;17.72;17.94;756077;13579301.00
20140404;17.94;18.30;17.75;18.27;869057;15710059.00
20140408;16.60;17.07;16.44;16.86;5639744;93876344.00
20140409;16.79;17.32;16.62;17.30;3992390;67870952.00
20140410;17.25;17.44;17.02;17.06;2566986;44272204.00
20140411;17.00;17.26;16.82;17.21;1376448;23465730.00
20140414;17.07;17.38;17.07;17.33;1289181;22274622.00
20140415;17.51;18.02;17.46;17.58;2356827;41777908.00
20140416;17.52;17.74;17.30;17.62;1017867;17851592.00
20140417;17.45;17.69;17.29;17.29;924609;16169704.00
20140418;17.30;17.58;17.22;17.32;997129;17324944.00
20140421;17.11;17.37;16.94;16.94;970828;16679962.00
20140422;16.93;17.08;16.61;16.70;1055965;17715756.00
20140423;16.70;17.00;16.70;16.96;665208;11229498.00
20140424;16.96;17.06;16.46;16.63;1305477;21798400.00
20140425;16.64;16.72;16.33;16.33;797778;13191730.00
20140428;16.23;16.30;16.05;16.10;887779;14358740.00
20140429;16.10;16.40;16.10;16.29;450164;7313543.50
20140430;16.34;16.46;16.22;16.43;571503;9352133.00
20140505;16.43;16.77;16.25;16.66;809424;13394536.00
20140506;16.60;16.85;16.53;16.73;1373212;22933038.00
20140507;16.58;16.68;16.28;16.30;847845;13968961.00
20140508;16.25;16.53;16.20;16.31;682435;11173889.00
20140509;16.39;16.40;16.07;16.40;537306;8717147.00
20140512;16.47;16.78;16.42;16.73;989788;16485285.00
20140513;16.60;16.85;16.60;16.78;832162;13943346.00
20140514;16.71;16.77;16.56;16.67;677076;11270773.00
20140515;16.63;16.97;16.50;16.52;1127466;18916006.00
20140516;16.48;16.48;15.70;15.91;1466956;23603776.00
20140519;16.06;16.24;15.86;16.00;794407;12720703.00
20140520;16.21;16.29;15.93;16.11;699530;11298970.00
20140521;16.25;16.32;15.90;16.30;539302;8735934.00
20140522;16.37;16.95;16.25;16.68;2218732;36870080.00
20140523;16.62;17.17;16.51;17.02;1514194;25505362.00
20140526;17.11;17.40;17.03;17.22;1281527;22047484.00
20140527;17.10;17.25;16.96;16.96;1048044;17912624.00
20140528;16.96;17.31;16.95;17.22;1322286;22731890.00
20140529;17.20;17.40;17.07;17.25;1256931;21625402.00
20140530;17.20;17.39;16.91;17.29;1280423;22014410.00
20140603;17.29;17.36;17.01;17.02;879561;15121348.00
20140604;17.02;17.80;16.89;17.74;1709780;29648564.00
20140605;17.61;17.96;17.42;17.89;2128644;37807000.00
20140606;17.80;17.99;17.56;17.70;1251936;22220398.00
20140609;17.69;17.82;17.38;17.38;636556;11191965.00
20140610;17.33;17.89;17.33;17.87;1283054;22740238.00
20140611;17.80;18.01;17.61;17.75;1226795;21792622.00
20140612;17.70;18.73;17.65;18.29;2873471;52510736.00
20140613;18.20;18.49;18.03;18.40;1816491;33231674.00
20140616;19.02;19.21;18.55;18.73;2618837;49324436.00
20140617;18.62;18.76;18.25;18.30;1453013;26874024.00
20140618;18.35;19.10;18.35;18.72;2270610;42664188.00
20140619;18.63;18.95;17.85;17.88;1553790;28521530.00
20140620;17.83;18.10;17.70;17.96;1217436;21830354.00
20140623;18.05;18.89;18.05;18.81;2129978;39297120.00
20140624;18.85;18.90;18.43;18.66;1988204;37041500.00
20140625;18.68;18.80;18.50;18.78;1345480;25135266.00
20140626;18.76;19.20;18.69;18.95;2593083;49205844.00
20140627;19.00;19.78;18.91;19.50;2713196;52499324.00
20140630;19.60;20.36;19.45;19.87;4071898;81202832.00
20140701;19.96;20.13;19.49;19.68;2802570;55159848.00
20140702;19.60;20.49;19.54;19.87;3245897;64885080.00
20140703;19.80;19.87;19.40;19.65;2234339;43637460.00
20140704;19.60;19.78;19.50;19.75;1680503;33051654.00
20140707;20.10;20.94;20.10;20.46;4168122;85315536.00
20140708;20.29;20.49;19.85;20.46;2551958;51422032.00
20140709;20.40;21.81;20.20;20.93;5753917;121804224.00
20140710;20.74;20.93;20.38;20.47;2512710;51815104.00
20140711;20.40;20.88;20.20;20.60;2158497;44331356.00
20140714;21.59;21.62;20.45;20.80;2830191;59136964.00
20140715;20.65;20.94;19.97;20.41;3201536;65262924.00
20140716;20.21;20.39;19.65;19.90;2316609;46234180.00
20140717;19.86;20.22;19.80;20.03;975560;19529244.00
20140718;20.00;20.30;19.81;19.94;919623;18426598.00
20140721;19.93;19.93;19.02;19.46;1575247;30507266.00
20140722;19.36;19.58;19.21;19.40;1020606;19805022.00
20140723;19.40;19.88;19.22;19.60;1833420;36018860.00
20140724;19.44;19.53;18.68;18.85;1688732;31952684.00
20140725;19.28;19.28;18.71;19.04;657504;12493537.00
20140728;19.10;19.69;18.75;19.58;1659387;32189632.00
20140729;19.89;19.89;19.55;19.72;1790155;35266348.00
20140730;19.76;20.19;19.36;20.04;2329239;46366264.00
20140731;19.88;20.04;19.76;19.94;1008256;20051248.00
20140801;19.90;20.30;19.65;19.82;1969042;39362372.00
20140804;19.81;20.28;19.70;20.06;1365912;27416366.00
20140805;20.00;20.48;19.80;20.32;1620382;32780938.00
20140806;20.20;21.09;20.17;20.88;2304345;47868076.00
20140807;20.73;21.27;20.63;20.88;1995029;41810500.00
20140808;20.90;21.30;20.74;20.84;1234117;25862086.00
20140811;20.97;21.15;20.81;20.95;1222894;25620152.00
20140812;20.88;21.10;20.70;21.06;1270566;26608728.00
20140813;20.97;22.51;20.97;21.53;3101917;67726336.00
20140814;21.42;21.92;21.10;21.10;1931713;41601364.00
20140815;21.19;21.33;20.86;21.04;1861672;39074260.00
20140818;21.10;21.75;21.01;21.66;1627344;34879780.00
20140819;21.66;21.92;21.45;21.80;1238924;26916816.00
20140820;21.62;22.59;21.62;22.00;1459050;32323630.00
20140821;22.11;22.18;21.62;21.95;1181882;25884620.00
20140822;21.80;22.18;21.72;22.11;1272175;28012850.00
20140825;22.15;22.16;21.40;21.77;1633777;35315832.00
20140826;21.70;21.70;21.20;21.38;1114618;23891874.00
20140827;21.38;23.52;21.28;23.52;5785781;131657832.00
20140904;25.87;25.87;24.51;25.87;5077055;129264432.00
20140905;26.57;28.34;26.18;27.17;10138917;276094624.00
20140909;27.17;27.17;26.00;26.57;5420240;143742704.00
20140910;26.20;27.09;25.90;26.35;5082779;134884624.00
20140911;26.20;27.22;26.03;26.70;4286898;113823760.00
20140912;26.40;27.08;26.12;26.76;3502160;93224160.00
20140915;26.85;28.28;26.38;27.60;4862186;132970600.00
20140916;27.35;27.52;25.30;25.30;3835992;101469648.00
20140917;25.30;25.84;24.80;25.25;2044534;51725052.00
20140918;25.15;25.61;24.56;25.50;1914464;48255580.00
20140919;25.50;26.28;25.41;26.25;1875753;48504260.00
20140922;26.00;26.47;24.96;25.50;1803802;45878648.00
20140923;25.55;25.98;25.46;25.84;1662245;42901760.00
20140924;25.62;27.68;25.62;26.90;3269544;87942888.00
20140925;26.99;28.12;26.72;27.30;3844268;105857376.00
20140926;26.99;27.29;26.50;27.06;1879289;50442120.00
20140929;27.26;29.45;26.73;28.70;3784383;106193344.00
20140930;28.87;28.90;27.86;28.27;2118269;59752420.00
20141008;28.20;28.77;27.70;27.92;2658839;74893640.00
20141009;27.93;28.28;27.32;27.80;2426521;67399136.00
20141010;27.70;27.72;25.02;27.00;2663656;71844960.00
20141013;26.86;26.86;25.65;26.51;2802568;73305032.00
20141014;26.48;27.27;26.28;27.11;2615370;70384032.00
20141015;26.98;26.99;26.15;26.75;1672221;44429120.00
20141016;26.52;26.97;25.70;26.06;1611223;42677156.00
20141017;26.08;26.38;24.87;25.72;1999805;50986796.00
20141020;25.72;26.39;25.25;26.30;1079593;28207396.00
20141021;26.20;27.20;26.20;26.53;1442993;38531548.00
20141022;26.78;27.71;26.70;26.81;3324741;90599264.00
20141023;26.41;26.65;24.80;25.00;2406308;61571928.00
20141024;25.01;25.46;24.89;25.33;1547496;39076324.00
20141027;25.25;26.10;24.80;25.92;1472581;37810656.00
20141028;26.25;26.76;26.00;26.61;1863210;49170176.00
20141029;26.97;29.27;26.95;29.27;7339326;209677232.00
20141030;30.11;30.14;28.71;30.10;6136426;181342176.00
20141031;29.65;29.93;28.80;29.53;3174842;92898768.00
20141103;29.60;29.62;28.84;29.58;3054819;89254232.00
20141104;29.48;30.80;29.05;30.10;3547560;106350464.00
20141105;29.90;30.15;29.11;29.66;1993681;58985932.00
20141106;29.66;30.04;29.15;29.92;1853851;54895436.00
20141107;30.00;32.39;29.92;31.27;3598473;112201616.00
20141110;31.28;33.20;30.81;32.85;3150354;101227080.00
20141111;33.37;33.37;30.00;31.56;4855645;151501056.00
20141112;30.65;31.45;30.41;31.00;1636469;50861228.00
20141113;31.00;31.29;28.38;28.50;2212218;64737268.00
20141114;28.75;28.75;26.90;27.42;1721852;47547532.00
20141117;27.42;29.40;26.82;29.34;1741591;50060808.00
20141118;29.09;29.43;28.51;28.93;906276;26205810.00
20141119;28.96;30.63;28.80;29.84;1530316;45904052.00
20141120;29.67;30.50;29.44;29.84;884308;26435390.00
20141121;29.80;30.49;29.46;29.99;1346980;40229364.00
20141124;30.30;30.31;29.83;29.95;904404;27116902.00
20141125;29.95;30.95;29.74;30.49;1773604;53794204.00
20141126;30.50;31.90;30.16;31.78;1779355;55582196.00
20141127;31.60;32.45;31.21;31.32;1502555;47533772.00
20141128;31.13;31.95;30.92;31.89;1302883;40980532.00
20141201;31.81;31.81;29.60;30.19;2107759;64036228.00
20141202;29.82;30.45;29.78;29.90;1382047;41464396.00
20141203;29.80;30.33;28.71;30.26;1452417;43022264.00
20141204;30.30;33.20;29.93;33.00;3405613;108488048.00
20141205;33.30;35.99;31.20;35.30;5715262;196725856.00
20141208;35.30;38.83;35.30;38.83;5690741;214725040.00
20141210;34.95;40.66;34.95;38.99;5466378;205400624.00
20141211;39.50;41.00;37.50;39.60;2642037;104249112.00
20141212;39.83;42.00;37.30;38.44;2337151;89661048.00
20141215;37.80;38.80;37.01;38.80;2207024;83270776.00
20141216;38.38;40.95;37.50;40.89;2547545;99338000.00
20141217;40.02;41.84;39.58;39.60;1680826;68232696.00
20141218;40.00;41.80;38.61;40.58;2223022;90410312.00
20141219;39.99;41.30;38.88;39.70;1431296;57111508.00
20141222;39.60;40.00;35.73;35.73;1656205;60971244.00
20141223;36.80;36.80;33.59;35.10;1322037;45885008.00
20141224;34.85;38.61;33.85;37.21;1973900;70260936.00
20141225;37.21;37.99;35.50;36.69;1269594;46083596.00
20141226;36.15;36.53;34.60;35.60;1701722;59831120.00
20141229;35.59;35.59;33.30;34.48;1435065;48901120.00
20141230;34.09;34.25;31.90;31.90;1499344;49429740.00
20141231;32.45;33.30;29.55;31.00;2768263;84909168.00
20150105;31.00;31.85;29.65;31.11;1317447;40144080.00
20150106;31.12;33.80;30.60;33.76;2490469;80947784.00
20150107;33.94;34.00;32.60;33.51;1018906;33867024.00
20150108;33.11;34.70;33.00;33.56;1812442;61237308.00
20150109;33.00;33.45;31.80;31.87;1776315;57322636.00
20150112;31.70;31.70;30.80;30.90;1819978;56696948.00
20150113;30.20;32.80;30.12;32.80;1638218;52313404.00
20150114;32.56;34.30;32.33;33.15;1366926;45756216.00
20150115;32.50;33.65;32.50;33.09;1113457;36978352.00
20150116;33.09;34.49;32.90;34.40;1015344;34317956.00
20150119;34.50;37.00;33.10;36.69;4024948;144305856.00
20150120;36.68;37.33;36.10;37.15;2088931;76861904.00
20150121;37.14;37.98;36.51;37.20;1952285;72290528.00
20150122;36.80;39.80;35.58;38.20;3333675;123378384.00
20150123;37.75;37.75;36.32;36.39;1392618;51512632.00
20150126;36.69;37.00;36.03;36.60;1018684;37153156.00
20150127;36.50;36.80;35.86;36.46;1462347;53028760.00
20150128;36.48;37.75;35.80;36.00;2138897;78720360.00
20150129;36.00;36.18;35.06;35.59;1359840;48662364.00
20150130;35.80;36.18;35.01;35.54;684039;24313232.00
20150202;35.12;37.46;35.12;37.45;1478703;53996736.00
20150203;37.58;38.41;36.91;37.49;1160134;43500324.00
20150204;37.48;38.38;37.00;38.29;1318206;49729044.00
20150205;38.30;38.83;36.77;36.80;1350237;50736876.00
20150206;36.50;36.78;35.02;35.33;748672;26852658.00
20150209;35.01;35.66;33.86;33.95;830585;28828400.00
20150210;33.50;34.68;33.00;33.70;803800;27087964.00
20150211;33.96;33.98;33.50;33.77;739558;24939518.00
20150212;33.80;34.90;33.75;34.90;717995;24490370.00
20150213;34.90;35.68;34.40;35.67;1858294;65342968.00
20150216;35.67;36.59;35.15;36.27;1029546;37172728.00
20150217;36.49;36.54;35.62;35.98;666894;24007410.00
20150225;36.02;36.47;35.20;35.74;567716;20238566.00
20150226;35.26;35.90;34.36;35.02;1194454;41663224.00
20150227;35.02;36.62;35.02;35.96;1441516;51810784.00
20150302;35.96;37.05;35.41;37.01;1952988;71384528.00
20150303;37.18;37.38;36.17;36.20;1388589;50650672.00
20150304;36.01;36.55;36.01;36.51;1353925;49306804.00
20150305;36.70;37.35;36.30;37.00;1713290;63060468.00
20150306;37.10;37.30;33.30;33.30;4767209;162809088.00
20150309;32.71;33.32;32.01;33.30;2539808;82816880.00
20150310;33.13;33.50;32.92;33.22;2354743;78096928.00
20150311;33.25;34.00;32.82;33.65;2056529;68560608.00
20150312;33.68;33.87;31.97;33.02;2097641;69218000.00
20150313;33.02;33.61;33.00;33.50;1074197;35845712.00
20150316;33.60;34.50;33.60;34.46;2281357;77936128.00
20150317;34.60;35.48;34.39;34.45;3187658;110973064.00
20150318;34.46;35.44;34.46;35.44;2415283;84649328.00
20150319;35.45;36.29;34.85;35.65;3857786;137047040.00
20150320;35.93;36.75;35.65;36.28;5176014;187449184.00
20150323;36.68;36.98;35.90;36.39;4787838;174016464.00
20150324;36.65;39.90;36.65;38.66;8067848;309140832.00
20150325;38.50;38.50;37.10;38.00;4181081;158596640.00
20150326;37.58;37.58;35.96;37.17;4755839;175207488.00
20150327;36.78;36.99;35.70;36.99;3192561;115691688.00
20150330;36.71;36.95;35.90;36.28;2566970;92919672.00
20150331;36.33;37.00;35.90;36.68;3200040;117068176.00
20150401;36.75;37.53;36.46;37.28;3742639;138705840.00
20150402;37.28;37.48;36.68;37.04;3553477;131576888.00
20150403;36.67;37.73;36.40;37.68;4641624;172824400.00
20150407;37.76;39.18;37.76;38.99;5196958;199850688.00
20150408;38.73;38.97;36.95;37.56;4299764;162686976.00
20150409;37.25;37.32;34.11;36.50;3058357;110012584.00
20150410;36.25;37.85;35.95;37.65;3117756;115600992.00
20150413;37.88;38.39;37.25;38.12;3626135;137392336.00
20150414;38.12;38.33;37.05;37.32;2604329;98021680.00
20150415;37.00;37.20;34.73;35.70;2528153;91250728.00
20150416;35.56;36.23;34.00;35.70;1896099;67025548.00
20150417;35.80;36.96;35.18;36.17;2511741;90542192.00
20150420;36.17;38.18;35.00;37.11;4845744;180429328.00
20150421;37.26;40.82;37.11;40.64;9546521;380058528.00
20150422;39.80;41.58;39.60;40.41;6763124;273970528.00
20150423;40.00;40.98;39.50;40.40;4205535;169064560.00
20150424;39.98;43.18;39.35;41.72;5414119;227130352.00
20150427;42.68;43.58;41.32;41.75;4631402;196247184.00
20150428;41.75;41.88;38.19;39.38;4053042;160265712.00
20150429;39.01;41.42;38.80;40.73;2699288;109161208.00
20150430;40.99;42.00;39.40;39.48;2855921;116348920.00
20150504;39.60;41.10;38.38;40.27;2315765;92620792.00
20150505;40.00;40.88;36.77;39.20;2783963;108757600.00
20150506;39.02;39.77;38.39;39.20;2255855;88906320.00
20150507;38.74;40.49;37.58;39.90;2691958;105389192.00
20150508;40.23;42.90;40.23;42.82;3999848;167572256.00
20150511;42.96;47.10;41.61;46.45;5027996;224838608.00
20150512;46.45;46.92;44.40;46.52;3636572;166424144.00
20150513;45.47;47.38;44.04;45.59;2801539;129291408.00
20150514;45.36;46.40;43.46;43.80;2504827;111235712.00
20150515;43.40;45.29;43.00;43.83;2139255;95064992.00
20150518;43.99;48.21;43.65;48.21;3394750;157791632.00
20150519;48.70;51.68;46.45;49.60;3541750;172376464.00
20150520;49.45;53.78;48.80;51.74;2629200;137306144.00
20150521;50.95;53.60;50.95;52.49;2142601;111672904.00
20150522;54.40;55.00;51.00;51.99;2187792;114482248.00
20150525;50.98;56.40;49.37;55.12;2225945;119653392.00
20150526;55.29;60.63;55.29;60.49;3778288;222881968.00
20150527;46.80;51.14;45.52;50.00;4189571;205822288.00
20150528;48.59;54.88;48.02;49.03;4751396;243116832.00
20150529;49.38;53.93;46.00;53.93;5185734;265200288.00
20150601;53.51;59.32;53.51;59.32;4221341;242501968.00
20150602;59.32;65.25;58.32;65.25;3483914;219402944.00
20150603;67.93;71.50;60.50;61.25;6962845;453642624.00
20150604;61.80;64.49;56.49;63.00;4520220;274106336.00
20150605;62.89;65.00;61.50;63.03;3369734;212531216.00
20150608;62.03;62.43;56.73;57.08;3295332;190238272.00
20150609;57.11;58.60;54.50;55.86;2288810;129881888.00
20150610;57.11;59.32;55.00;57.83;2322746;134193880.00
20150611;57.15;58.33;56.00;57.15;2011033;114184800.00
20150612;57.65;59.29;56.31;56.40;2914795;167781824.00
20150615;56.53;58.20;56.51;56.56;3521110;201213472.00
20150616;55.00;55.00;50.90;50.90;2838958;147962000.00
20150617;49.51;52.65;47.50;51.57;2516914;125851552.00
20150618;48.80;52.96;46.41;47.00;2541413;127487528.00
20150619;46.10;48.97;45.70;46.40;2888874;137453424.00
20150623;47.50;51.04;46.58;51.04;2910094;142019856.00
20150624;53.05;54.97;52.51;54.29;4454125;239957600.00
20150625;54.39;54.49;48.86;50.12;3442596;177562992.00
20150626;48.00;48.70;45.11;45.11;2494622;116823376.00
20150629;45.45;46.86;40.60;40.60;1771126;74647704.00
20150630;39.35;44.00;36.54;43.99;3269106;129871352.00
20150701;43.17;45.48;39.59;39.60;2958533;129357576.00
20150702;40.40;40.98;35.64;35.64;2431433;90546232.00
20150703;34.30;37.39;32.08;32.08;3234083;106881584.00
20150706;35.21;35.21;28.87;28.87;2708641;83812664.00
20150707;26.01;27.98;25.98;25.98;708600;18560700.00
20150708;23.38;24.80;23.38;23.80;9116958;214291136.00
20150709;22.89;26.18;21.42;26.18;4461159;109506960.00
20150710;28.36;28.80;27.00;28.80;1484092;42321676.00
20150713;31.67;31.68;31.00;31.68;3170407;100026616.00
20150714;33.58;34.85;31.01;34.85;5683504;195287936.00
20150715;35.09;35.09;31.37;31.37;4173556;134796896.00
20150716;31.37;34.43;29.00;34.30;4745278;154661488.00
20150717;34.35;37.73;34.35;37.73;2693779;99343048.00
20150720;40.00;41.50;38.81;41.50;5406772;221864160.00
20150721;40.70;43.40;39.15;40.26;5167703;213438336.00
20150722;39.48;44.00;39.48;42.86;5286648;222065904.00
20150723;42.88;44.99;40.70;43.70;5205528;220567120.00
20150724;43.00;47.76;42.71;44.71;5819442;262394960.00
20150727;43.01;46.70;40.24;40.24;4250761;185825808.00
20150728;36.50;43.05;36.22;38.90;4038758;155728944.00
20150729;40.30;42.79;37.70;42.79;3405673;136704592.00
20150730;42.99;46.64;41.00;42.00;5927337;264295264.00
20150731;40.00;41.49;37.80;39.27;4201683;166116816.00
20150803;37.65;38.53;35.34;35.34;2304651;83112664.00
20150804;34.80;38.87;34.36;38.87;3475389;129173408.00
20150805;39.00;40.80;36.33;38.85;4689535;181279984.00
20150806;37.28;39.00;36.30;36.93;2182900;81883672.00
20150807;37.50;38.54;37.16;37.99;2141797;80991232.00
20150810;38.88;41.60;38.08;41.22;3185038;128306592.00
20150811;41.11;43.20;40.60;41.60;3436468;142744096.00
20150812;44.50;45.76;43.33;45.76;2862340;130205440.00
20150813;47.00;49.20;43.78;47.78;8663215;406561152.00
20150814;46.20;48.89;46.00;47.00;6549057;310379104.00
20150817;46.80;51.55;44.00;50.04;7511816;359666720.00
20150818;49.00;50.00;45.04;45.04;4312092;201796208.00
20150819;41.92;45.90;40.54;44.43;4676905;198760080.00
20150820;42.60;44.88;40.21;40.80;2837847;120381288.00
20150821;39.00;42.50;36.72;37.20;4151535;160925184.00
20150824;34.50;35.20;33.48;33.48;1123302;37881692.00
20150825;30.13;30.13;30.13;30.13;339900;10241187.00
20150826;27.60;30.90;27.12;27.12;4361782;122536048.00
20150827;27.20;28.81;24.42;27.80;4135350;111127000.00
20150828;28.40;30.58;28.21;30.58;5069945;151189424.00
20150831;31.50;33.00;30.58;31.90;6097125;193008656.00
20150901;30.80;30.80;28.71;28.71;2466934;71633040.00
20150902;25.84;29.40;25.84;25.84;3197695;84779736.00
20150907;26.50;27.45;23.26;23.50;4878330;124415600.00
20150908;22.78;25.20;21.60;24.70;3222590;74253032.00
20150909;25.00;26.50;24.70;26.20;3971134;102011808.00
20150910;25.30;28.23;25.01;26.10;4268218;115122208.00
20150911;26.10;26.88;25.96;26.40;2766639;72700184.00
20150914;27.06;27.40;23.76;23.76;3496836;89248432.00
20150915;22.05;23.60;21.38;21.38;2718224;60209844.00
20150916;21.46;23.52;21.02;23.26;3514149;78079424.00
20150917;23.29;24.76;22.26;22.68;4122759;97521528.00
20150918;22.68;24.30;22.25;24.01;3305057;76664312.00
20150921;24.08;26.36;23.33;26.36;3804481;96709392.00
20150922;26.37;27.35;25.35;26.60;3858737;102265224.00
20150923;25.80;27.29;25.54;26.61;3126762;82969888.00
20150924;26.58;27.91;26.58;27.28;3231788;88162824.00
20150925;27.41;28.64;26.01;27.58;4094562;112711472.00
20150928;27.25;29.50;26.41;29.30;3896653;109978968.00
20150929;28.40;29.51;28.01;28.30;2587336;74143408.00
20150930;28.30;31.13;27.60;31.13;5787069;174760176.00
20151008;32.00;33.60;31.41;31.50;5679487;184060432.00
20151009;31.47;32.83;30.93;31.48;3773898;119867632.00
20151012;31.36;33.06;31.18;31.77;7348551;235209680.00
20151013;31.60;32.90;31.27;32.65;4711995;152788096.00
20151014;33.00;33.70;30.97;31.08;4340502;139235680.00
20151015;30.65;32.35;30.60;32.30;3665233;116198272.00
20151016;32.60;34.48;32.60;33.71;5288522;176686704.00
20151019;33.80;36.70;33.80;36.21;9318773;332313376.00
20151020;35.80;36.36;35.00;36.05;6162753;220632160.00
20151021;35.95;35.99;32.45;32.45;7447204;251273552.00
20151022;31.60;34.32;31.41;34.25;6448550;211859872.00
20151023;33.60;35.28;33.40;34.06;4539066;155162752.00
20151026;34.31;35.38;31.92;34.12;4312501;146000112.00
20151027;33.75;37.17;31.81;36.80;6556777;226843168.00
20151028;36.00;36.50;33.40;33.78;4247133;149879792.00
20151029;34.45;37.16;33.17;37.16;7715593;275528960.00
20151030;36.50;38.72;35.10;36.23;8662891;318803936.00
20151102;34.40;36.50;33.00;33.91;4463337;155133360.00
20151103;33.75;34.34;33.10;33.80;2659218;89903624.00
20151104;33.98;36.17;33.98;35.99;3518067;123689032.00
20151105;36.10;38.15;35.71;36.70;5981880;220702736.00
20151106;36.79;38.69;36.30;37.90;4052448;152485136.00
20151109;38.33;41.69;38.28;41.69;6347089;258042752.00
20151110;42.70;45.86;42.70;45.86;5300597;239166320.00
20151111;47.69;48.00;43.77;47.00;7546310;346785696.00
20151112;46.44;47.00;44.00;45.69;4323539;197096080.00
20151113;45.00;45.35;42.00;43.27;3481111;152381632.00
20151116;42.81;45.63;42.06;45.56;3493646;154576304.00
20151117;46.00;50.12;46.00;47.06;6517808;314596064.00
20151118;46.68;50.84;46.68;49.65;6633746;328872544.00
20151119;49.14;54.60;48.50;54.60;3438617;178406336.00
20151120;54.60;59.95;52.40;59.38;2883695;162696960.00
20151123;58.25;59.00;53.44;53.44;2534679;141876544.00
20151124;53.80;55.58;52.00;54.48;2266001;121744480.00
20151125;55.50;59.03;52.88;55.45;4479610;248318416.00
20151126;55.09;60.90;52.89;57.53;4562009;255930816.00
20151127;56.16;58.85;51.78;52.48;5193382;278232960.00
20151130;51.89;51.95;47.23;49.10;6122538;298446976.00
20151201;49.10;49.10;45.30;45.51;6240662;291095328.00
20151202;46.05;46.62;42.60;46.12;3341657;151967968.00
20151203;46.14;48.00;46.10;47.13;2899576;136850032.00
20151204;47.00;48.22;46.01;46.13;2624657;123917064.00
20151207;47.00;47.12;45.03;46.68;1946389;89770520.00
20151208;45.56;46.67;44.24;44.36;2338584;106065880.00
20151209;44.80;47.20;42.88;46.94;3439771;154850832.00
20151210;46.29;47.88;45.12;46.61;3971381;185098576.00
20151211;46.53;48.45;45.31;47.31;2981752;141910448.00
20151214;46.90;48.98;45.52;48.26;2133770;101098472.00
20151215;48.18;49.57;46.98;47.20;3191015;154000432.00
20151216;47.00;48.46;46.62;46.82;2328549;110451680.00
20151217;47.10;48.16;47.09;48.00;2431439;116191368.00
20151218;48.47;49.80;48.01;48.80;2694793;131773392.00
20151221;48.69;49.39;48.20;48.48;2186612;106581096.00
20151222;49.21;50.86;48.88;50.12;3081683;153501184.00
20151223;50.29;50.66;46.19;46.33;3108348;149803792.00
20151224;46.30;46.30;43.77;45.36;3422805;152560976.00
20151225;45.35;47.89;44.42;47.09;3090067;143423568.00
20151228;47.10;50.62;47.09;48.60;3815657;188496912.00
20151229;48.74;49.47;46.60;48.79;1694842;80536488.00
20151230;49.00;51.85;48.33;50.77;3105470;155818320.00
20151231;50.13;52.00;49.50;50.11;2165976;109834664.00
20160104;51.28;52.88;45.27;45.35;3240738;165063248.00
20160105;43.80;47.95;41.23;47.15;4150934;188220912.00
20160106;47.17;51.87;46.46;51.87;4785131;236307520.00
20160107;50.80;50.93;46.68;46.68;801661;38732548.00
20160108;48.11;49.49;42.60;45.50;3755061;173588144.00
20160111;42.02;42.93;40.95;40.95;1793199;74182968.00
20160112;37.02;39.89;36.86;36.86;3927965;147726384.00
20160113;36.86;37.48;33.17;33.17;3537356;123647576.00
20160114;31.00;36.46;30.52;36.44;3903098;130887208.00
20160115;36.23;38.00;34.50;35.51;2627565;97101552.00
20160118;35.01;37.80;34.53;37.13;1770463;64997180.00
20160119;36.24;39.50;36.24;39.10;2276061;86780632.00
20160120;39.00;41.51;38.23;39.26;2510478;100545392.00
20160121;38.80;38.99;35.33;35.33;3420222;128905520.00
20160122;35.88;37.00;32.50;36.11;2508495;87796880.00
20160125;36.51;37.08;35.50;35.99;1530680;55780200.00
20160126;35.44;36.44;32.39;32.39;2329662;79346616.00
20160127;32.00;33.96;29.58;33.38;2178506;68948624.00
20160128;32.02;32.97;30.35;30.60;1625201;51653112.00
20160129;30.40;32.50;29.63;31.86;1619748;51144168.00
20160201;31.86;32.17;28.96;30.18;1738667;53543164.00
20160202;30.45;32.95;30.45;31.74;2438068;77697160.00
20160203;31.33;32.99;31.08;32.89;2525057;81224760.00
20160204;32.80;34.00;32.30;33.64;2090347;70055648.00
20160205;33.64;34.40;33.03;33.09;1518021;51074800.00
20160215;31.70;33.85;31.00;33.40;1316728;43367440.00
20160216;33.50;35.81;33.50;35.34;1715929;59860696.00
20160217;35.34;37.16;35.34;36.34;2355002;85921520.00
20160218;36.70;37.10;35.26;35.50;1909551;68908688.00
20160219;35.20;36.37;35.10;35.97;1444528;51729280.00
20160222;36.50;37.48;36.50;37.18;2207925;81785744.00
20160223;37.19;37.37;35.16;36.26;1615190;58416788.00
20160224;35.50;36.93;34.81;36.09;1933200;69164584.00
20160225;35.90;36.09;32.48;32.48;2303239;77460792.00
20160226;32.48;33.42;30.11;31.10;1804024;57157332.00
20160229;30.35;31.08;28.01;28.19;1463508;42330916.00
20160301;28.19;30.11;27.58;30.10;1923928;55538680.00
20160302;30.00;32.89;29.40;32.58;2316617;72058528.00
20160303;32.10;34.20;32.07;32.19;2170121;71942680.00
20160304;32.21;33.20;29.30;30.38;2095288;65600872.00
20160307;30.80;32.20;30.70;31.31;1583339;49904404.00
20160308;31.30;32.50;28.50;32.19;1941276;59759996.00
20160309;31.33;33.15;30.60;31.63;1885303;60698500.00
20160310;31.95;32.20;30.50;30.75;1359528;42302056.00
20160311;30.10;31.38;30.00;30.78;1035035;31656810.00
20160314;31.82;32.93;31.03;32.53;1939159;62642352.00
20160315;32.18;32.55;31.55;31.80;1239645;39668796.00
20160316;32.02;32.79;30.50;30.90;1974549;62275356.00
20160317;30.99;32.68;30.90;32.55;2154103;69017648.00
20160318;32.70;35.38;32.50;34.70;3410254;115822768.00
20160321;35.15;36.00;34.49;35.52;3331468;116936632.00
20160322;34.62;37.65;34.62;36.22;3099489;112934152.00
20160323;35.80;37.10;35.61;37.03;2520011;92333960.00
20160324;36.77;39.48;36.25;36.40;3646870;137364192.00
20160325;35.51;37.50;35.51;37.31;2501723;91775232.00
20160328;37.75;38.73;35.80;36.28;2710963;101174704.00
20160329;35.84;36.28;33.61;34.32;2709915;94363808.00
20160330;34.95;36.65;34.79;36.60;2836549;100915896.00
20160331;37.00;38.56;36.61;38.38;4049182;152462304.00
20160401;37.93;38.66;36.98;38.18;3019537;114906024.00
20160405;37.86;39.26;37.60;38.63;3742729;143985680.00
20160406;38.33;39.00;37.20;37.95;3921362;149841296.00
20160407;37.68;37.98;36.69;36.74;2461011;91404456.00
20160408;36.20;36.50;35.38;35.84;2059893;74021872.00
20160411;36.20;37.82;36.10;37.82;2294690;85368160.00
20160412;37.77;37.77;36.27;36.85;2040844;75024112.00
20160413;37.45;37.85;36.70;36.96;3797300;141228768.00
20160414;37.26;37.29;36.55;37.10;2186910;80712376.00
20160415;37.17;37.38;36.60;37.00;2312475;85357552.00
20160418;36.50;36.80;35.50;36.09;1791605;64426680.00
20160419;36.27;36.65;35.78;35.98;1524996;55039012.00
20160420;36.02;36.89;32.51;34.02;2947140;102424416.00
20160421;34.20;34.59;33.00;33.56;1537889;52481748.00
20160422;33.39;34.94;33.00;34.65;2420220;83415968.00
20160425;34.66;34.88;32.80;33.30;2146385;71618080.00
20160426;33.30;33.67;32.54;33.33;1812450;59808408.00
20160427;33.34;33.56;32.90;32.96;1259466;41854536.00
20160428;33.22;33.22;31.61;32.61;1847271;59690516.00
20160429;32.49;32.49;31.83;32.00;1535508;49319444.00
20160503;32.30;33.74;31.98;33.74;2635640;87550184.00
20160504;33.51;33.86;33.06;33.25;1827594;61043352.00
20160505;33.25;33.79;33.10;33.67;1373815;46063216.00
20160506;33.67;33.80;31.40;31.78;2363415;76870784.00
20160509;31.58;31.59;29.80;30.02;1460708;44378480.00
20160510;30.16;30.60;30.16;30.34;864831;26253402.00
20160511;30.52;30.80;29.59;29.61;1228499;37048852.00
20160512;29.20;30.28;28.60;29.97;1030494;30261592.00
20160513;29.97;30.48;29.80;30.00;789186;23800568.00
20160516;30.13;30.54;29.51;30.37;838304;25392184.00
20160517;30.37;31.18;29.60;30.74;1477038;44807244.00
20160518;30.50;30.50;29.25;29.63;1178103;35222016.00
20160519;29.89;30.55;29.61;29.69;1386823;41738212.00
20160520;29.58;31.00;29.00;30.42;1221128;36759520.00
20160523;30.42;31.12;30.32;30.90;1363731;41895432.00
20160524;30.73;30.92;29.80;30.03;1273792;38489372.00
20160525;20.10;20.39;19.70;19.76;1725520;34607112.00
20160526;19.82;19.98;18.88;19.73;2006691;38852976.00
20160527;19.79;21.35;19.74;20.63;3873744;79449680.00
20160530;20.65;22.69;20.65;22.34;10847348;242006528.00
20160531;22.88;24.57;22.50;24.57;12899638;306172128.00
20160601;25.10;26.45;25.00;25.65;16556831;424284832.00
20160602;25.51;26.31;25.14;26.14;13384310;343818304.00
20160603;26.14;26.67;25.47;25.69;10536979;273153472.00
20160606;25.70;25.92;24.92;25.68;8531390;216823152.00
20160607;25.58;26.30;25.24;26.25;7999872;206518576.00
20160608;26.15;26.15;25.46;25.93;7184387;185131072.00
20160613;26.10;27.42;23.34;23.34;13478651;346080128.00
20160614;23.98;24.88;23.35;24.24;8723548;210058112.00
20160615;23.88;26.11;23.88;25.34;9231648;232238144.00
20160616;25.00;27.34;24.79;27.28;10030897;257016768.00
20160617;26.80;27.35;26.12;26.52;7492529;200382240.00
20160620;26.65;28.65;25.60;28.21;10538398;289167072.00
20160621;28.00;29.51;27.40;28.02;9564109;271921920.00
20160622;27.98;29.20;27.61;28.90;6802690;194580592.00
20160623;28.70;29.40;28.20;28.63;5532585;158561856.00
20160624;28.34;29.20;26.80;28.65;6033805;171650640.00
20160627;28.15;30.88;28.05;30.70;7306932;215830256.00
20160628;30.63;32.40;29.60;30.87;8747469;269089696.00
20160629;30.50;31.00;30.13;30.24;4647847;141201440.00
20160630;30.14;30.40;29.30;29.80;3281061;97663992.00
