20110222;65.00;68.88;63.50;67.20;9443924;630743680.00
20110223;64.10;67.98;64.10;67.90;4253410;281045856.00
20110224;67.38;68.20;64.46;65.05;2503109;164816352.00
20110225;64.00;64.08;60.60;60.96;2030231;125842152.00
20110228;61.00;62.10;60.50;61.80;890514;54727600.00
20110301;61.80;62.20;61.50;62.00;934903;57877832.00
20110302;61.95;62.28;59.87;62.28;903375;55177820.00
20110303;61.81;63.18;61.34;62.58;732044;45612376.00
20110304;62.45;66.47;62.23;65.60;1203741;77925112.00
20110307;65.05;66.33;64.25;66.01;622082;40790324.00
20110308;65.70;67.69;65.36;65.55;656080;43439448.00
20110309;65.28;65.99;63.81;64.50;479587;31008180.00
20110310;64.88;65.56;64.17;65.29;470845;30507210.00
20110311;64.50;67.00;64.30;66.20;935205;61752712.00
20110314;66.65;68.68;66.01;67.43;539561;36380080.00
20110315;67.50;69.50;66.76;69.40;1312172;89262408.00
20110316;69.00;70.96;68.70;70.90;1079331;75940920.00
20110317;70.55;71.50;67.02;71.19;1130139;78192840.00
20110318;70.28;73.30;69.50;73.18;892482;64060856.00
20110321;72.57;76.67;72.57;75.80;1084542;81394960.00
20110322;75.07;76.13;72.81;75.27;378250;28145398.00
20110323;74.27;75.97;73.03;75.96;301581;22515864.00
20110324;75.26;75.85;74.30;75.20;201410;15152256.00
20110325;74.85;77.40;74.30;77.00;418000;31712230.00
20110328;77.20;79.97;77.01;78.55;641487;50373844.00
20110329;76.85;79.80;73.00;73.72;605042;45578508.00
20110330;73.36;76.20;73.36;75.49;350380;26265274.00
20110331;75.11;76.20;73.07;76.04;480772;36093608.00
20110401;75.80;76.48;75.00;76.05;181860;13791258.00
20110406;75.49;77.33;75.32;75.70;151951;11607634.00
20110407;76.02;78.38;76.00;78.00;253760;19665612.00
20110408;77.05;78.18;76.15;77.60;244169;18778468.00
20110411;77.59;77.90;74.80;75.40;821536;62469756.00
20110412;74.48;76.80;71.01;71.01;543878;40259476.00
20110413;70.90;71.48;68.02;70.49;395529;27716890.00
20110414;70.00;74.00;69.00;70.40;495544;35596292.00
20110415;70.01;70.45;69.10;70.24;112308;7829492.00
20110419;70.25;71.25;68.37;70.25;127716;8898432.00
20110420;70.70;72.46;70.21;72.01;128158;9162388.00
20110421;72.25;73.45;72.06;73.10;117333;8553126.00
20110422;73.20;76.97;73.19;73.19;339150;25442400.00
20110425;72.51;73.85;72.04;73.29;220021;16031282.00
20110426;73.29;74.36;72.56;73.74;78056;5717399.00
20110427;73.89;73.90;67.00;72.97;134180;9717763.00
20110428;72.68;72.99;65.67;67.03;435094;29480426.00
20110429;66.05;67.50;65.51;67.50;280141;18698244.00
20110503;67.00;68.50;67.00;68.50;152551;10333151.00
20110504;67.98;67.98;66.42;67.67;44809;3016596.75
20110505;66.99;67.98;66.45;67.70;42125;2848362.25
20110506;67.66;67.66;65.88;66.50;127730;8487230.00
20110509;32.55;33.40;32.55;32.90;131461;4336057.50
20110510;32.90;35.48;32.90;34.40;286741;9871297.00
20110511;34.03;35.32;33.88;35.30;346323;11989827.00
20110512;34.91;35.29;34.00;34.99;334181;11560140.00
20110513;34.90;35.16;34.30;35.16;100655;3505498.00
20110516;34.50;35.23;33.15;33.85;388738;13155411.00
20110517;33.60;33.60;32.58;32.58;433250;14367318.00
20110518;32.10;33.03;31.17;31.54;341036;10773550.00
20110519;30.51;31.95;30.51;31.31;666638;20820512.00
20110520;31.28;31.44;30.85;30.98;142168;4428230.00
20110523;31.51;31.51;30.28;30.83;744308;22802622.00
20110524;30.51;31.02;29.50;30.01;1127586;34010628.00
20110525;30.05;30.20;28.23;28.50;667112;19449702.00
20110526;28.57;28.65;27.36;27.50;454745;12601349.00
20110530;27.00;27.57;26.30;27.30;200566;5409696.50
20110531;27.10;27.94;27.01;27.82;276298;7660518.00
20110601;27.99;28.17;27.75;28.00;326867;9135846.00
20110602;27.59;28.97;27.59;28.24;278030;7890914.50
20110603;28.30;28.79;27.88;28.38;193300;5497401.00
20110607;28.00;28.45;28.00;28.40;163602;4618287.50
20110608;28.17;28.95;27.63;28.68;326771;9267562.00
20110609;28.65;28.88;28.30;28.71;507946;14592472.00
20110610;28.42;29.00;27.40;28.50;774920;21924510.00
20110613;27.81;28.35;27.41;27.97;391584;11012643.00
20110614;27.97;29.09;27.97;29.00;396800;11458015.00
20110615;28.68;29.79;28.61;28.98;511331;14898939.00
20110616;28.84;29.53;28.35;29.19;305159;8852266.00
20110617;29.17;29.38;28.44;29.38;362716;10469490.00
20110620;29.01;29.38;28.60;28.74;438750;12660257.00
20110621;28.51;30.45;28.51;29.60;788122;23324884.00
20110622;29.78;30.38;29.21;30.00;313055;9369572.00
20110623;30.02;32.44;29.54;31.95;449656;14106592.00
20110624;31.70;33.39;31.42;32.98;476024;15426393.00
20110627;33.69;35.15;32.51;33.00;1291682;43692652.00
20110628;33.19;33.66;32.32;33.55;386317;12691384.00
20110629;33.55;34.38;33.05;33.56;516439;17535254.00
20110630;33.56;35.10;33.56;34.91;505433;17432724.00
20110701;35.00;36.50;34.91;36.30;580026;20862640.00
20110704;36.41;37.13;35.82;36.96;647814;23587152.00
20110705;36.97;36.99;35.50;36.26;590176;21436680.00
20110706;36.04;36.35;35.00;35.98;474000;17023056.00
20110707;35.98;36.10;35.35;35.60;504877;18034230.00
20110708;35.30;35.69;33.78;33.86;747847;25796002.00
20110711;33.86;34.55;33.50;33.60;468402;15899667.00
20110712;33.45;33.95;32.44;32.78;1610342;53566860.00
20110713;32.78;33.19;32.44;32.72;2396569;78406272.00
20110714;32.80;34.91;32.77;34.80;3609984;120633152.00
20110715;34.67;35.49;34.13;35.46;2015321;69731480.00
20110718;35.15;37.80;35.01;37.24;2486846;90393840.00
20110719;37.25;38.25;36.35;38.25;1996595;73938440.00
20110720;37.90;38.26;36.90;37.70;1400430;52422816.00
20110721;37.36;37.61;35.96;37.60;1165460;42698056.00
20110722;37.10;38.80;37.00;37.60;824055;31251714.00
20110725;38.00;38.00;36.00;36.90;668164;24539742.00
20110726;36.90;37.20;36.32;36.65;453518;16610706.00
20110727;35.81;37.50;35.62;37.06;844407;31085292.00
20110728;36.85;36.85;35.90;36.21;342510;12431791.00
20110729;36.16;36.66;35.55;35.60;314690;11257256.00
20110801;35.60;36.62;35.00;36.47;304848;10974069.00
20110802;36.30;37.89;35.63;37.89;694412;25767130.00
20110803;37.73;38.74;37.40;37.90;659942;25149678.00
20110804;37.89;38.47;37.52;38.00;366229;13941545.00
20110805;36.98;39.39;36.63;38.45;854180;32735004.00
20110808;37.97;39.06;37.01;38.25;759526;28773182.00
20110809;37.00;40.06;36.60;39.45;1183398;46170872.00
20110810;39.63;40.18;39.00;39.79;1022438;40694820.00
20110811;39.20;40.45;38.81;40.45;935576;37404212.00
20110812;40.78;41.78;39.40;40.12;877012;35245836.00
20110815;39.85;40.70;39.17;40.02;838905;33504770.00
20110816;40.22;40.22;39.26;39.80;514612;20430496.00
20110817;39.41;39.80;38.48;39.25;618746;24179066.00
20110818;39.19;39.79;38.70;38.78;336738;13213852.00
20110819;37.82;39.47;37.82;39.18;201196;7808637.00
20110822;38.75;39.90;38.75;39.45;311517;12317198.00
20110823;39.60;39.87;39.08;39.50;178190;7032016.50
20110824;39.58;40.20;39.21;39.66;318572;12610653.00
20110825;39.60;39.67;38.00;39.18;596300;23073680.00
20110826;38.82;39.68;38.49;39.40;345355;13598163.00
20110829;39.40;41.50;38.59;41.19;933828;38035408.00
20110830;41.39;41.39;40.53;40.60;271492;11096479.00
20110831;40.49;40.70;39.00;40.25;213535;8457915.00
20110901;40.18;40.57;39.88;39.91;153126;6143825.00
20110902;39.92;39.97;39.27;39.80;103815;4119734.50
20110905;39.03;40.79;39.01;39.88;283669;11311588.00
20110906;39.68;39.92;37.25;39.03;359395;14019033.00
20110907;39.00;39.37;38.61;39.22;114675;4464931.00
20110908;39.06;39.44;38.77;39.23;54195;2122766.50
20110909;39.17;39.17;38.65;39.00;67404;2623368.00
20110913;38.67;38.91;38.49;38.49;62100;2399941.00
20110914;38.26;38.88;38.21;38.25;198262;7621383.50
20110915;38.56;38.69;38.04;38.05;87700;3362792.25
20110916;38.20;38.23;37.00;37.40;308095;11517819.00
20110919;37.02;37.49;36.11;37.00;203381;7534945.00
20110920;37.00;37.30;36.60;37.27;77370;2868004.50
20110921;37.26;38.00;36.90;37.89;171680;6469653.50
20110922;37.80;37.80;36.85;37.26;219200;8138674.50
20110923;36.50;37.30;36.48;37.29;144079;5329782.00
20110926;36.42;37.20;36.00;36.68;69049;2511866.75
20110927;36.87;37.89;36.27;37.30;140517;5207803.50
20110928;37.72;38.30;36.27;36.81;80600;2970869.00
20110929;36.30;36.87;35.00;36.49;582887;20909392.00
20110930;35.50;36.70;35.10;35.98;543400;19517012.00
20111010;36.50;36.80;35.01;36.08;160957;5693249.50
20111011;36.90;36.90;35.50;35.95;59800;2161668.00
20111012;35.55;36.68;35.55;36.64;242572;8780815.00
20111013;36.12;36.80;36.00;36.00;132563;4822681.50
20111014;35.95;36.23;35.65;35.87;180700;6495761.00
20111017;36.00;36.33;35.90;36.10;205390;7429829.50
20111018;35.80;36.33;35.50;35.99;184590;6638720.00
20111019;36.00;36.09;34.06;34.98;703491;24614356.00
20111020;34.78;34.79;32.09;33.29;325416;10767438.00
20111021;33.00;33.70;32.60;32.60;45000;1474572.00
20111024;32.89;33.75;32.60;33.62;227494;7571770.50
20111025;33.34;35.01;33.34;35.00;130899;4521136.00
20111026;35.16;35.90;35.00;35.82;208402;7424999.00
20111027;35.82;36.00;35.00;35.82;63210;2257218.00
20111028;36.00;36.28;35.36;35.90;118855;4263798.00
20111031;35.63;36.19;35.63;36.15;237050;8540347.00
20111101;36.11;36.90;36.01;36.80;410320;15035793.00
20111102;36.10;38.69;36.10;38.22;397056;15007812.00
20111103;38.58;40.20;38.35;38.59;245155;9598674.00
20111104;38.61;39.00;37.83;39.00;142182;5459358.50
20111107;38.50;39.20;38.50;39.00;63302;2463407.00
20111108;39.08;39.16;38.78;39.06;157200;6133712.00
20111109;39.20;40.00;38.82;39.90;208001;8226538.50
20111110;39.99;40.08;38.38;39.65;245399;9657370.00
20111111;39.70;39.70;38.70;39.53;163900;6431213.50
20111114;39.15;40.19;39.03;39.80;207757;8284501.50
20111115;39.87;40.00;39.50;39.79;91557;3644843.00
20111116;39.41;39.82;38.77;38.80;63682;2478193.50
20111117;38.79;39.06;38.30;38.60;76566;2963574.00
20111118;38.30;39.00;37.85;37.85;103034;3954498.50
20111121;37.78;37.78;36.20;36.71;174297;6384333.50
20111122;36.37;36.70;36.00;36.60;103800;3780198.00
20111123;37.00;37.00;36.00;36.12;183557;6642409.00
20111124;36.18;36.36;35.60;36.01;160351;5768327.00
20111125;36.02;36.56;35.83;36.06;143000;5165288.00
20111128;36.08;36.59;35.90;36.50;175550;6366037.50
20111129;36.60;36.64;36.39;36.50;124700;4553122.00
20111130;36.51;36.51;34.30;35.00;117501;4162439.00
20111201;35.99;36.44;35.20;35.80;162200;5791672.00
20111202;34.82;35.49;34.38;34.59;149639;5196042.50
20111205;34.61;34.61;33.50;33.99;204810;6961048.50
20111206;33.99;34.98;33.13;34.77;319709;10918415.00
20111207;34.77;35.30;34.50;34.73;103200;3605958.00
20111208;34.60;35.25;34.53;34.69;180300;6289735.00
20111209;34.02;35.11;32.98;33.75;250600;8477521.00
20111212;33.78;33.78;32.57;32.86;155900;5180907.50
20111213;32.12;33.12;31.28;31.84;92596;2932042.50
20111214;31.80;32.58;30.80;32.30;265309;8425990.00
20111215;31.90;33.00;31.00;33.00;153479;4954660.00
20111216;32.90;33.50;32.68;33.40;74190;2462907.25
20111219;31.31;35.00;31.31;34.99;158153;5439445.50
20111220;34.95;35.94;34.59;34.59;139295;4910147.00
20111221;35.00;35.00;34.00;34.00;54695;1885430.00
20111222;33.84;35.49;33.25;35.16;154640;5308096.50
20111223;35.27;35.50;34.44;35.30;108300;3813976.00
20111226;35.30;35.50;34.37;34.69;42040;1467574.00
20111227;34.69;34.69;33.36;34.28;82032;2803721.75
20111228;33.81;34.80;33.09;34.80;163730;5556009.00
20111229;34.70;36.20;34.11;35.92;410967;14653846.00
20111230;36.00;36.88;35.67;36.30;289932;10478610.00
20120104;39.93;39.93;38.36;38.62;1446086;56890684.00
20120105;37.37;37.37;34.76;34.76;923128;32993344.00
20120106;33.65;34.20;31.50;33.00;741973;24244664.00
20120109;33.24;36.00;32.82;35.50;814063;27938476.00
20120110;35.00;36.90;35.00;36.03;1144410;41289708.00
20120111;36.00;37.98;35.62;37.40;979040;36279420.00
20120112;37.47;38.90;36.91;38.19;904853;34310172.00
20120113;37.89;37.96;34.37;34.37;1438664;51307300.00
20120116;32.80;33.32;30.93;30.93;1004239;31965396.00
20120117;31.31;32.57;29.68;32.08;1318705;41392928.00
20120118;31.59;32.20;28.87;28.87;1641725;48825296.00
20120119;28.62;29.50;27.31;28.80;1058124;30094020.00
20120120;29.00;29.78;28.81;29.73;870089;25659506.00
20120130;30.30;31.40;29.81;30.15;852699;26156294.00
20120131;29.85;29.95;28.68;29.16;1608214;47026824.00
20120201;29.00;30.02;28.90;29.49;742531;22050846.00
20120202;29.50;30.00;29.24;29.95;386231;11440763.00
20120203;30.20;30.46;29.75;30.36;612992;18523836.00
20120206;30.50;32.35;30.50;31.65;1311054;41187548.00
20120207;31.40;31.77;31.00;31.29;466606;14614288.00
20120208;31.68;31.90;31.01;31.71;502999;15860817.00
20120209;31.90;33.20;31.70;32.20;826823;26995136.00
20120210;32.10;33.15;32.10;32.66;708350;23142510.00
20120213;32.66;34.00;32.09;33.44;761198;25319320.00
20120214;33.55;33.58;32.81;33.18;272807;9039069.00
20120215;32.93;33.50;32.70;33.39;460899;15297663.00
20120216;33.11;33.89;32.30;32.78;479651;15852003.00
20120217;32.80;33.19;32.36;32.79;320353;10521250.00
20120220;33.10;33.85;32.90;33.80;874409;29219152.00
20120221;33.82;33.90;32.96;33.90;756218;25325220.00
20120222;33.86;37.29;33.86;35.90;1225740;43952212.00
20120223;36.39;37.25;35.42;36.80;1381803;50461200.00
20120224;36.78;37.37;36.30;36.61;628826;23131538.00
20120228;36.00;37.58;36.00;37.50;689691;25557510.00
20120229;37.30;38.30;35.90;36.01;609191;22278086.00
20120301;35.74;36.47;35.74;36.35;386329;13950681.00
20120302;36.65;36.93;36.12;36.69;330207;12067054.00
20120305;36.73;38.10;36.61;37.89;909958;34154176.00
20120306;37.87;37.87;36.00;36.78;611480;22636536.00
20120307;36.50;37.09;36.10;36.40;380488;13923267.00
20120308;36.90;36.95;36.22;36.70;243441;8929216.00
20120309;36.75;37.45;36.52;37.45;372002;13825603.00
20120312;37.22;37.44;36.29;36.80;614326;22572308.00
20120313;36.82;37.15;36.66;36.99;680343;25085090.00
20120314;37.33;37.80;33.81;34.25;1282559;46668232.00
20120315;34.09;34.55;32.82;34.10;862904;28998604.00
20120316;34.70;35.25;34.11;35.06;804174;28001312.00
20120319;35.00;36.50;34.60;36.50;515408;18432252.00
20120320;36.40;36.40;35.40;35.69;490212;17549902.00
20120321;36.28;36.80;34.30;34.79;569631;20035018.00
20120322;34.90;34.99;33.80;34.51;861811;29388104.00
20120323;34.78;34.99;33.61;34.48;645848;21998988.00
20120326;34.20;34.65;34.10;34.18;262112;9013896.00
20120327;22.54;22.79;22.17;22.30;339665;7630725.00
20120328;22.09;22.25;20.56;21.40;971691;20755764.00
20120329;21.03;21.40;19.85;21.16;823901;17042268.00
20120330;21.00;21.39;20.63;21.16;680018;14346215.00
20120405;21.18;21.90;20.41;21.70;689428;14724675.00
20120406;21.35;21.65;21.00;21.35;688898;14678420.00
20120409;21.28;21.28;20.90;20.90;538850;11324750.00
20120410;20.88;21.44;20.08;21.26;482945;9995607.00
20120411;21.13;21.77;20.00;21.27;392396;8338511.50
20120412;21.27;22.25;20.83;22.20;878908;19231578.00
20120413;22.10;22.47;21.73;22.16;406433;9011634.00
20120416;22.08;22.40;21.75;22.08;292825;6488323.00
20120417;22.01;22.19;21.81;21.98;230344;5055772.00
20120418;22.36;22.58;21.80;22.41;503064;11234114.00
20120419;22.66;22.66;22.23;22.43;309599;6948614.00
20120420;22.55;22.62;22.29;22.56;286355;6438844.50
20120423;22.70;22.88;21.50;21.51;445759;9753592.00
20120424;21.00;21.90;20.90;21.87;781943;16795974.00
20120425;21.50;21.80;21.04;21.39;577825;12315372.00
20120426;21.07;21.48;21.00;21.01;381348;8111009.00
20120502;21.45;21.48;20.20;20.94;755297;15504070.00
20120503;20.73;20.73;19.99;20.20;1077038;21806864.00
20120504;20.21;20.82;20.05;20.61;1105239;22572160.00
20120507;20.47;21.22;20.41;20.94;1079507;22586862.00
20120508;20.80;21.38;20.80;20.85;862530;18169690.00
20120509;20.90;21.26;20.35;20.94;488950;10175808.00
20120510;20.70;21.20;20.70;20.99;276600;5800909.50
20120511;20.81;21.00;20.55;20.60;252869;5260873.00
20120514;20.60;20.84;20.18;20.30;307429;6332689.50
20120515;20.15;20.60;20.01;20.60;289027;5907962.00
20120516;20.50;20.68;20.23;20.23;163630;3340543.50
20120517;20.30;20.68;20.30;20.53;184401;3776819.75
20120518;20.57;20.58;20.14;20.53;238464;4864197.50
20120521;20.53;20.80;20.41;20.61;201645;4164548.50
20120522;20.63;21.06;20.58;21.00;288036;6027055.00
20120523;21.00;21.00;20.72;20.85;239103;4982382.50
20120524;20.86;21.16;20.35;21.07;594137;12347623.00
20120525;21.08;21.14;20.70;20.80;432310;8993254.00
20120528;20.53;20.88;20.20;20.74;254150;5213509.50
20120529;20.72;20.93;20.50;20.93;545474;11300053.00
20120530;20.95;21.01;20.72;20.92;301768;6298511.50
20120531;21.02;21.89;21.00;21.60;1751246;37881072.00
20120601;21.68;22.37;21.50;22.29;1174757;25740556.00
20120604;22.00;22.29;21.61;21.82;684560;15071199.00
20120605;21.72;22.00;21.35;21.39;278239;5983348.50
20120606;21.60;21.75;21.21;21.45;133561;2867779.25
20120607;21.56;22.24;21.00;21.64;436400;9352667.00
20120608;21.51;21.68;21.30;21.36;195329;4183428.25
20120611;21.14;22.05;21.14;22.05;377779;8197199.50
20120612;21.75;22.17;21.16;22.15;448555;9775141.00
20120613;22.04;22.86;21.78;22.79;1137802;25669170.00
20120614;23.00;23.00;22.50;22.79;473236;10749924.00
20120615;22.66;22.96;22.50;22.60;233805;5316211.00
20120618;22.93;22.97;22.62;22.97;240506;5478496.00
20120619;22.97;23.61;22.75;23.37;1218288;28385674.00
20120620;23.30;23.98;23.24;23.80;935499;22184740.00
20120621;23.80;23.80;23.00;23.35;627464;14585100.00
20120625;23.29;23.35;22.32;22.90;429061;9772975.00
20120626;22.70;22.86;22.00;22.40;432006;9627704.00
20120627;22.52;23.63;22.52;23.33;654913;15134209.00
20120628;23.58;23.60;22.70;23.23;1000438;23142914.00
20120629;22.90;23.60;22.81;23.50;873391;20332696.00
20120702;23.16;24.13;23.16;24.05;580450;13857452.00
20120703;23.72;24.49;23.72;24.39;617556;15030731.00
20120704;24.50;24.58;23.70;23.85;373739;8958084.00
20120705;23.57;23.89;23.57;23.70;126702;3001722.25
20120706;23.99;24.08;23.37;23.85;283811;6751389.50
20120709;23.85;23.85;23.20;23.67;350815;8262815.00
20120710;23.39;23.76;23.30;23.63;163951;3846081.50
20120711;23.60;23.69;23.25;23.40;71666;1681161.88
20120712;23.34;23.72;23.28;23.50;318864;7495634.00
20120713;23.61;23.72;23.10;23.48;333271;7785433.00
20120716;23.28;23.28;21.60;21.60;988100;21846410.00
20120717;21.41;21.89;21.40;21.60;402856;8701308.00
20120718;21.42;21.80;21.18;21.80;197178;4234953.00
20120719;21.80;22.24;21.79;22.09;277929;6132867.50
20120720;22.29;22.47;21.41;22.29;293698;6543267.00
20120723;22.02;22.39;21.78;22.29;45085;1001687.63
20120724;22.02;22.59;22.02;22.35;134720;3016843.50
20120725;22.35;22.59;22.03;22.50;165371;3718001.25
20120726;22.65;22.95;22.54;22.86;211718;4827486.00
20120727;22.65;23.40;22.65;23.06;207000;4792833.00
20120730;23.40;23.40;22.67;22.99;119200;2739302.75
20120731;22.93;22.93;22.30;22.70;264355;5970210.00
20120801;22.70;23.19;22.70;22.70;170480;3899314.50
20120802;22.70;23.30;22.67;23.00;412850;9450286.00
20120803;23.19;23.89;22.92;23.70;417965;9915020.00
20120806;23.52;24.55;23.52;24.40;588942;14308713.00
20120807;24.40;24.75;23.82;24.36;583560;14203212.00
20120808;23.83;24.51;23.60;24.24;356092;8654682.00
20120809;24.30;24.56;24.15;24.55;196787;4805003.00
20120810;24.50;24.64;24.24;24.58;445562;10922879.00
20120813;24.00;24.55;23.97;24.24;187560;4536554.00
20120814;24.35;24.35;23.50;24.11;509812;12106035.00
20120815;23.78;23.99;23.50;23.73;73488;1749213.25
20120816;23.55;24.08;23.55;23.90;279790;6689389.00
20120817;23.55;23.91;23.45;23.67;141050;3329754.50
20120820;23.30;23.96;23.21;23.96;588149;13818110.00
20120821;23.96;26.36;23.96;25.63;1050645;26827028.00
20120822;25.98;26.14;25.22;25.39;1037205;26648902.00
20120823;25.57;25.99;25.21;25.57;516489;13266204.00
20120824;25.74;25.76;25.30;25.58;399991;10187390.00
20120827;25.68;26.00;25.32;25.59;577444;14802513.00
20120828;25.80;26.10;25.40;25.80;623571;16057056.00
20120829;25.96;27.15;25.69;26.39;1660388;44022528.00
20120830;26.00;26.19;25.00;25.93;1037881;26540008.00
20120831;25.71;26.34;25.48;25.95;222233;5755879.00
20120903;25.50;26.99;25.35;26.80;462340;12165076.00
20120904;26.81;27.07;26.18;26.40;465522;12347287.00
20120905;26.64;26.64;25.49;26.50;617324;16042321.00
20120906;26.45;26.75;25.80;26.42;545141;14241839.00
20120907;26.57;27.10;26.01;26.42;1200357;31903984.00
20120910;26.48;27.18;26.31;26.84;938120;25255204.00
20120911;26.70;26.95;25.90;26.85;760507;20166936.00
20120912;26.70;26.90;25.90;26.37;674740;17756810.00
20120913;26.30;26.41;25.70;25.98;451469;11716816.00
20120914;26.06;26.06;25.18;25.18;533208;13625186.00
20120917;25.15;25.49;24.22;24.76;432355;10797667.00
20120918;24.43;24.95;24.25;24.72;265768;6567528.00
20120919;24.79;25.21;24.33;25.21;211311;5276955.00
20120920;24.89;25.20;24.00;24.79;611673;15001941.00
20120921;24.72;24.80;24.00;24.40;352276;8652801.00
20120924;24.00;24.50;23.85;24.46;250555;6036693.50
20120925;24.43;24.78;24.20;24.55;41018;1007067.25
20120926;24.25;24.56;23.21;23.95;369500;8736096.00
20120927;23.95;24.20;23.53;24.04;383431;9222231.00
20120928;24.04;24.50;23.55;24.50;309602;7438676.50
20121008;24.50;24.64;23.80;24.13;214968;5187362.50
20121009;24.49;24.99;24.13;24.79;262718;6495067.50
20121010;24.89;25.78;24.67;25.29;647955;16229153.00
20121011;25.21;25.48;24.72;25.03;541427;13635685.00
20121012;25.17;25.55;24.72;24.91;264478;6619230.50
20121015;24.67;25.38;23.13;25.23;915542;22099344.00
20121016;24.98;25.80;24.71;25.27;1000581;25222106.00
20121017;25.04;25.39;24.96;25.28;365067;9194753.00
20121018;25.36;27.80;25.20;26.07;936783;24202708.00
20121019;26.11;26.20;25.61;25.94;689677;17915180.00
20121022;25.68;25.80;25.36;25.68;195088;5007837.00
20121023;25.68;25.97;25.26;25.88;268020;6854614.00
20121024;25.40;26.44;25.32;25.60;253400;6563378.50
20121025;25.31;25.95;24.80;24.82;234887;5939253.50
20121026;24.50;25.18;24.32;25.18;197294;4883945.00
20121029;25.18;25.37;24.80;25.29;173458;4349525.50
20121030;25.48;25.48;25.00;25.30;67903;1708708.00
20121031;25.00;25.59;24.53;25.50;197849;4988271.50
20121101;25.59;25.90;25.16;25.84;448001;11420227.00
20121102;25.85;25.85;25.33;25.44;233400;5944170.00
20121105;25.59;25.59;24.30;24.33;1041065;25592938.00
20121106;24.24;24.65;24.00;24.59;230920;5582555.00
20121107;24.48;24.89;24.29;24.50;173550;4263686.00
20121108;23.97;24.55;23.88;24.34;144772;3521667.50
20121109;24.03;24.72;24.03;24.30;166155;4012386.25
20121112;24.21;24.48;23.50;24.00;424481;10063586.00
20121113;23.90;24.34;23.82;24.18;227047;5446135.00
20121114;23.80;24.54;23.72;24.38;132220;3206909.75
20121115;24.01;24.49;24.01;24.40;110971;2684944.50
20121116;23.90;24.40;23.90;24.40;79318;1913342.63
20121119;23.88;24.46;23.88;24.29;32602;790760.31
20121120;24.30;24.84;23.77;24.28;178854;4354134.50
20121121;23.81;24.35;23.70;24.20;171956;4107693.75
20121122;24.01;24.01;23.61;23.66;57200;1357096.00
20121123;23.59;23.91;21.53;22.98;579964;13264033.00
20121126;22.87;22.87;21.85;22.28;388553;8597416.00
20121127;21.85;22.00;21.38;21.87;299100;6456196.00
20121128;21.80;21.80;21.37;21.50;56769;1217597.63
20121129;21.42;21.96;21.17;21.37;82550;1772165.00
20121130;21.54;21.81;21.20;21.49;64838;1387429.75
20121203;21.30;21.45;20.50;21.30;122838;2592824.75
20121204;20.60;21.19;20.50;21.00;64516;1344749.00
20121205;20.51;22.39;20.51;22.09;811727;17556980.00
20121206;21.99;22.20;21.62;21.66;206858;4521380.00
20121207;21.54;22.50;21.54;22.29;273976;6051406.50
20121210;22.25;22.78;22.09;22.63;179231;4013562.00
20121211;22.50;22.98;22.26;22.59;85897;1932960.50
20121212;22.38;22.60;22.25;22.49;108440;2429178.25
20121213;22.50;22.50;22.07;22.27;61266;1358975.13
20121214;22.01;22.86;21.80;22.50;1704528;37711876.00
20121217;22.20;22.43;21.20;22.00;945281;20628056.00
20121218;21.61;21.78;20.91;21.00;825711;17522860.00
20121219;21.00;21.10;20.82;20.95;479939;10063926.00
20121220;21.02;21.12;20.80;20.96;856538;17956724.00
20121221;21.03;21.34;20.70;20.87;1643306;34280580.00
20121224;20.91;21.98;20.85;21.98;1967122;41982352.00
20121225;21.73;22.79;21.73;22.74;1736946;38913260.00
20121226;22.78;23.37;22.41;23.04;927160;21207302.00
20121227;23.05;23.05;22.21;22.40;1203437;27139284.00
20121228;22.40;22.55;22.05;22.40;963438;21375344.00
20121231;22.47;23.43;22.40;23.10;1446998;33165572.00
20130104;23.10;23.28;22.29;22.74;737911;16778336.00
20130107;22.70;22.81;22.29;22.41;645984;14501465.00
20130108;22.42;23.44;22.42;22.89;780615;17850182.00
20130109;22.86;23.38;22.60;23.15;868476;20103174.00
20130110;23.15;23.68;22.99;23.49;969958;22707388.00
20130111;23.49;24.20;23.30;23.63;903941;21537410.00
20130114;23.59;25.27;23.32;24.84;1087892;26752640.00
20130115;25.30;26.85;25.30;26.27;1895257;49995744.00
20130116;26.35;26.80;26.00;26.41;1130556;29876410.00
20130117;26.42;26.78;26.02;26.36;1093504;29011266.00
20130118;26.48;26.51;26.03;26.35;617270;16236340.00
20130121;26.28;27.29;26.05;27.24;1008618;27207492.00
20130122;27.35;27.43;25.35;25.80;1738845;45738424.00
20130123;25.65;26.96;25.44;26.96;969523;25270722.00
20130124;26.66;27.76;26.00;26.30;673815;18131324.00
20130125;26.20;26.93;25.87;26.74;602100;15960407.00
20130128;27.03;27.76;26.67;27.49;607357;16436814.00
20130129;27.19;28.52;26.42;26.87;811384;21913930.00
20130130;26.85;26.99;26.07;26.40;788661;20769912.00
20130131;26.31;26.31;25.40;25.58;480161;12327855.00
20130201;25.58;26.19;25.41;25.82;659554;17005762.00
20130204;25.70;26.16;25.22;25.22;257802;6594017.50
20130205;25.15;25.62;25.00;25.31;319263;8087486.50
20130206;25.12;25.75;25.12;25.67;591377;15133692.00
20130207;25.67;25.77;25.15;25.68;663540;16967922.00
20130208;25.75;26.08;25.55;25.70;1774636;45761796.00
20130218;25.78;26.49;25.52;26.02;1364309;35289200.00
20130219;25.95;27.10;25.85;27.10;1816661;48524252.00
20130220;26.96;28.27;26.69;28.19;1399835;38600628.00
20130221;27.95;28.26;27.21;27.40;1479732;41064684.00
20130222;27.00;27.85;26.80;27.55;688463;18923656.00
20130225;27.35;28.45;27.20;27.99;802786;22464134.00
20130226;27.95;28.00;27.02;27.12;1226381;33875588.00
20130227;27.10;27.34;26.41;26.79;822646;22066342.00
20130228;26.97;28.97;26.67;27.95;686165;19015200.00
20130301;27.98;29.38;27.98;28.76;1383758;40213996.00
20130304;28.21;29.46;27.10;27.70;1741277;49655452.00
20130305;27.72;29.10;27.70;28.90;1326741;37957980.00
20130306;29.17;31.45;28.92;31.07;1753311;52906456.00
20130307;31.50;31.50;29.77;30.40;954095;29298718.00
20130308;30.61;30.61;29.40;30.16;967260;28867044.00
20130311;30.30;30.30;29.00;29.62;479358;14095887.00
20130312;30.41;30.41;28.00;28.33;1527208;43853248.00
20130313;28.51;28.86;28.30;28.55;422635;12050037.00
20130314;28.60;29.46;28.48;29.10;681772;19869472.00
20130315;29.30;30.38;29.12;29.99;681432;20386234.00
20130318;30.05;31.28;30.05;30.16;761170;23418342.00
20130319;30.10;31.25;28.81;31.00;1072889;32176328.00
20130320;30.80;31.50;30.35;30.99;931355;28828556.00
20130321;31.05;32.96;31.05;31.59;801908;25546140.00
20130322;31.60;32.49;30.90;32.34;1129886;36079312.00
20130513;27.07;27.07;27.07;27.07;160949;4356889.50
20130514;29.78;29.78;28.80;28.80;6042600;178237040.00
20130515;28.50;30.44;28.30;29.50;4343581;128949552.00
20130516;28.60;30.76;28.20;28.48;3246038;94870088.00
20130517;28.23;31.33;28.00;31.33;3856279;117180840.00
20130520;31.89;33.08;30.88;31.00;4318394;138055952.00
20130521;30.80;31.41;30.30;31.10;2354716;72393432.00
20130522;30.63;30.70;29.53;29.69;1999541;59896000.00
20130523;29.90;30.30;28.78;28.79;1650236;48779148.00
20130524;28.84;30.44;28.76;30.36;2599187;77176264.00
20130527;30.30;31.96;30.21;31.75;2399287;75507312.00
20130528;31.48;32.23;30.16;31.52;1596676;49570780.00
20130529;31.04;31.79;30.11;31.05;1938619;59696936.00
20130530;30.99;32.18;30.50;31.70;1453800;45870020.00
20130531;31.79;33.50;31.55;33.15;1845233;60361696.00
20130603;33.00;33.39;31.11;31.60;2155449;68303560.00
20130604;31.29;31.29;29.50;30.10;2174055;65614832.00
20130605;30.10;30.85;29.57;30.22;1213459;36678616.00
20130606;30.06;30.20;28.85;29.00;919187;26936916.00
20130607;29.19;30.01;28.80;29.80;1005229;29561628.00
20130613;29.50;30.79;28.41;30.70;1295277;38307556.00
20130614;30.70;31.70;30.00;31.41;1611857;50441856.00
20130617;31.41;31.75;30.01;31.00;1484421;46068560.00
20130618;31.00;31.21;30.22;30.90;577573;17760356.00
20130619;30.12;32.58;29.91;32.55;1254518;39029060.00
20130620;32.26;32.40;29.99;30.01;1020072;31659476.00
20130621;29.20;30.98;27.80;29.60;1259281;36757240.00
20130624;29.81;29.81;27.98;28.30;1698098;48438664.00
20130625;28.01;28.95;25.47;27.70;2316509;63756620.00
20130626;27.80;30.00;27.37;29.00;4752005;137958304.00
20130627;29.50;30.05;28.00;28.30;1695040;49508416.00
20130628;28.00;28.00;26.04;26.54;2078708;55700712.00
20130701;26.40;28.10;26.21;28.09;2326009;63511396.00
20130702;28.17;28.90;27.81;28.12;1970570;56080000.00
20130703;28.12;28.33;26.80;28.22;1662634;45889900.00
20130704;28.10;28.10;26.95;27.00;2375659;65075860.00
20130705;26.97;27.17;25.81;26.09;1127229;29658492.00
20130708;25.98;25.98;23.61;24.63;2168912;53661960.00
20130709;24.65;24.95;23.70;24.61;2810848;68389608.00
20130710;25.00;26.87;25.00;26.66;3041529;78863272.00
20130711;26.70;28.30;26.69;27.73;3402942;94923352.00
20130712;27.50;28.53;27.28;28.00;2606685;72989752.00
20130715;28.70;29.82;28.60;29.35;3159226;92153064.00
20130716;29.63;31.00;29.30;30.30;3333218;100420928.00
20130717;30.58;31.86;29.99;30.30;4010065;123896976.00
20130718;30.00;30.72;29.36;29.60;1852156;55728908.00
20130719;29.80;31.38;29.65;29.65;1354472;41187776.00
20130722;29.51;32.40;29.50;31.90;2240459;70665456.00
20130723;31.90;35.09;31.90;34.10;2854033;96802328.00
20130724;33.80;35.00;33.18;34.26;1904071;65056888.00
20130725;34.24;34.25;30.83;31.50;2601983;83197960.00
20130726;31.00;31.49;29.50;30.80;3412611;103766040.00
20130729;30.33;30.50;29.08;30.00;2810467;83137304.00
20130730;29.95;30.16;28.31;28.88;1843199;53507508.00
20130731;29.00;30.18;28.70;29.89;1607534;47396216.00
20130801;29.89;31.40;29.70;31.05;2010861;62139312.00
20130802;31.30;31.47;30.26;30.27;1652547;51063620.00
20130805;30.13;33.30;30.13;33.30;2738201;88244776.00
20130806;33.89;33.89;32.33;33.00;2088639;68973832.00
20130807;33.61;33.87;32.51;32.95;2123253;70050208.00
20130808;34.57;36.25;34.30;36.25;2405241;85962480.00
20130809;37.45;37.96;35.25;35.91;2942441;107991376.00
20130812;35.10;35.77;33.31;33.98;2241513;76839944.00
20130813;33.90;35.09;33.20;34.31;2097034;71953608.00
20130814;34.20;36.69;33.66;36.10;1731941;60848140.00
20130815;35.90;37.50;35.68;36.41;1497430;54752364.00
20130816;36.41;39.82;36.00;36.00;1754513;66045716.00
20130819;36.38;39.20;36.38;38.69;1484573;56902240.00
20130820;38.70;39.15;37.71;38.24;1038113;40009456.00
20130821;38.17;39.01;37.51;38.24;485052;18508616.00
20130822;37.82;38.50;37.55;38.23;475326;18097374.00
20130823;38.25;38.65;36.12;36.87;1189762;44546288.00
20130826;36.32;38.50;36.32;38.46;888348;33627092.00
20130827;38.00;38.65;37.10;37.59;1339978;50192244.00
20130828;37.30;38.19;36.00;36.92;1005318;37198084.00
20130829;36.92;37.77;36.52;36.78;728388;26983152.00
20130830;37.40;37.40;34.58;35.30;1243611;44114728.00
20130902;35.70;36.48;34.61;35.90;993700;35577844.00
20130903;36.10;37.30;35.74;37.30;662666;24278594.00
20130904;37.58;37.71;36.25;36.30;736508;27152636.00
20130905;36.81;37.35;35.80;36.21;696528;25519430.00
20130906;36.50;36.98;36.19;36.91;586162;21343882.00
20130909;37.21;37.21;34.81;35.50;1308282;46493308.00
20130910;35.47;35.69;32.70;35.00;3153241;106776960.00
20130911;34.44;34.44;32.90;33.00;2021227;67598344.00
20130912;33.29;34.10;32.49;33.15;705114;23399194.00
20130913;33.20;35.48;32.80;34.40;1347871;46482040.00
20130916;34.38;35.31;34.21;34.61;493065;17170510.00
20130917;34.61;37.49;34.30;36.30;1416850;51250852.00
20130918;36.30;36.35;35.01;35.98;369820;13173474.00
20130923;36.07;36.99;35.32;36.60;627832;22783018.00
20130924;36.88;36.90;35.40;36.50;961661;34957568.00
20130925;36.50;37.18;35.42;35.84;715720;25983462.00
20130926;35.81;35.81;33.86;34.19;899787;31244124.00
20130927;33.20;35.50;33.20;35.43;637300;22146486.00
20130930;35.31;37.53;34.82;37.13;1236370;45588912.00
20131008;37.65;40.84;36.69;40.84;1520769;59661156.00
20131009;41.84;44.20;40.88;42.91;1460209;62753876.00
20131010;42.91;43.80;41.61;43.03;1534009;65448764.00
20131011;42.61;42.89;40.25;42.00;1498470;62915968.00
20131018;42.00;42.60;38.85;41.00;2005976;81414896.00
20131021;40.75;44.00;40.74;42.68;1194105;51348536.00
20131022;42.00;43.60;41.77;42.80;622608;26494006.00
20131024;45.15;47.08;42.76;44.00;3895889;176085712.00
20131025;42.01;43.59;39.95;41.10;1562937;64901956.00
20131028;41.30;41.30;39.00;39.75;1015272;40422888.00
20131029;40.17;40.60;38.10;40.15;700766;27710480.00
20131030;40.39;41.29;40.00;40.20;398474;16140663.00
20131031;40.59;40.59;38.30;39.71;645882;25511336.00
20131101;39.77;39.77;37.62;38.50;1278723;49132420.00
20131104;38.55;38.55;37.01;38.47;742368;28065686.00
20131105;38.45;41.17;37.45;41.00;879608;35007216.00
20131106;41.38;43.50;40.20;40.59;1127142;47734944.00
20131107;40.05;41.00;38.84;38.88;343857;13697779.00
20131108;39.17;39.17;37.01;37.85;722486;27344302.00
20131111;37.80;39.78;37.30;38.88;506254;19702214.00
20131112;39.35;40.45;38.15;39.01;452976;17878004.00
20131113;39.16;39.75;38.63;38.90;171542;6725145.50
20131114;39.33;41.44;38.91;41.44;551827;22501418.00
20131115;41.62;43.25;41.61;42.39;885537;37359296.00
20131118;42.97;43.57;42.47;42.70;592330;25514988.00
20131119;42.90;43.00;42.00;42.15;187799;7961296.50
20131120;42.30;43.25;41.65;42.18;356570;15221820.00
20131121;41.80;42.38;40.66;41.20;371319;15296194.00
20131122;40.99;41.95;40.74;41.16;174499;7223808.50
20131125;41.01;42.38;40.89;42.14;220986;9239001.00
20131126;42.46;43.50;42.18;43.00;438933;18868590.00
20131127;43.65;43.65;42.73;43.30;600636;25951538.00
20131128;43.49;43.50;42.81;43.16;234307;10134714.00
20131129;43.00;44.00;42.94;44.00;443242;19379106.00
20131202;41.18;42.38;39.60;40.00;845956;34668224.00
20131203;39.90;39.90;38.68;39.25;727555;28417280.00
20131204;39.25;40.70;38.88;40.38;619083;24761840.00
20131205;39.91;40.93;36.81;39.00;1527335;58536116.00
20131206;38.19;38.20;37.01;37.75;923425;34617212.00
20131209;37.80;38.30;37.49;37.84;776475;29388170.00
20131210;38.18;38.19;36.38;37.49;1330145;49120656.00
20131211;36.64;37.27;35.30;35.70;1303390;47462900.00
20131212;35.90;37.35;35.72;37.28;813390;30073116.00
20131213;37.21;38.23;36.83;37.95;739107;27915270.00
20131216;37.95;38.41;37.21;37.80;425423;16100740.00
20131217;38.05;39.20;38.01;38.66;461210;17908394.00
20131218;38.60;39.10;37.09;38.99;614418;23453572.00
20131219;38.76;38.76;37.00;38.10;484646;18349434.00
20131220;37.76;38.00;36.81;38.00;420908;15796751.00
20131223;38.41;38.41;36.65;37.80;760140;28217176.00
20131224;37.15;38.30;37.00;37.69;273983;10296706.00
20131225;37.78;38.19;36.81;37.79;726664;27354496.00
20131226;37.95;41.00;37.95;40.30;1292515;51343888.00
20131227;39.81;40.39;39.53;40.07;216029;8637656.00
20131230;39.80;40.23;38.60;40.00;869758;33966620.00
20131231;39.40;39.90;38.61;39.78;417214;16383009.00
20140102;39.50;40.80;39.00;39.97;353791;14172669.00
20140103;39.97;41.76;39.90;41.74;842873;34540984.00
20140106;41.64;41.77;40.00;40.00;485256;19888474.00
20140107;40.08;42.05;40.08;42.05;699652;28941680.00
20140108;42.31;43.85;42.22;42.57;1443122;62446424.00
20140109;42.50;43.50;42.07;43.06;393449;16838208.00
20140110;43.06;43.09;40.21;41.00;440530;18469172.00
20140113;40.99;42.48;40.33;41.70;371812;15399719.00
20140114;42.00;42.50;40.83;42.50;515022;21425378.00
20140115;42.50;43.25;42.00;42.62;581975;24931372.00
20140116;42.62;42.62;41.01;41.40;456516;18946840.00
20140117;41.01;41.90;40.33;40.51;838699;34345752.00
20140120;40.95;40.99;38.00;39.00;952053;37166252.00
20140121;38.83;39.49;38.80;39.10;358396;13990369.00
20140122;39.10;40.00;38.56;39.00;747454;29431744.00
20140123;39.29;41.77;38.86;40.32;1482804;60017036.00
20140124;41.90;41.90;40.50;41.44;2009544;82690808.00
20140127;41.35;44.74;40.98;43.79;2122779;91507520.00
20140128;43.78;45.73;42.88;43.56;2133560;94975040.00
20140129;43.05;45.58;43.03;45.37;1301622;57854352.00
20140130;45.37;45.50;43.92;44.90;594953;26570528.00
20140207;44.87;47.25;43.60;46.73;1358286;63012052.00
20140210;46.73;47.00;44.67;45.75;1837433;83033432.00
20140211;45.25;45.66;41.18;42.21;3626436;153852176.00
20140212;41.79;41.79;39.89;41.08;2498767;101532536.00
20140213;40.70;44.08;40.38;42.40;3756321;161220080.00
20140214;42.51;43.45;41.50;42.58;1323514;55692160.00
20140217;42.48;43.78;42.05;43.55;784709;33949512.00
20140218;43.43;43.46;42.42;42.42;1305080;55802660.00
20140219;43.20;46.66;43.20;45.20;3916280;180101632.00
20140220;44.44;48.38;43.91;47.24;2980649;138729216.00
20140221;46.15;49.17;46.15;48.94;3657487;177537616.00
20140224;48.91;51.88;47.00;50.13;2893155;142315872.00
20140225;49.91;49.91;46.50;46.90;3534336;170543872.00
20140226;46.00;48.99;42.21;48.90;4817951;216892144.00
20140227;50.00;51.18;46.70;46.88;2779887;137173104.00
20140228;46.10;49.50;45.35;48.50;1693223;81065552.00
20140303;47.80;49.40;46.50;47.48;1479180;69856840.00
20140304;45.99;46.72;44.70;46.30;2322642;105028312.00
20140305;45.89;46.16;43.89;45.00;2271916;101072752.00
20140306;44.49;44.50;41.92;43.02;2477711;106324992.00
20140307;42.70;44.55;42.27;43.30;1470201;63644416.00
20140310;42.50;44.00;42.50;43.30;1379736;59727760.00
20140311;43.02;44.48;42.80;43.37;738239;32178332.00
20140312;43.69;43.70;39.90;41.95;1669803;69433664.00
20140313;41.18;43.18;41.18;43.00;882756;37522008.00
20140314;42.60;45.09;42.60;44.69;912068;40612820.00
20140317;44.95;45.31;44.22;45.20;578335;25935416.00
20140318;44.90;46.60;44.90;46.48;1196024;55105168.00
20140319;46.37;46.70;45.24;46.27;361773;16598116.00
20140320;46.28;46.28;43.80;45.18;452606;20271522.00
20140321;44.45;44.50;41.46;43.45;1111250;47706492.00
20140324;42.81;42.81;40.80;42.30;1622031;67014088.00
20140325;41.90;42.47;41.30;42.26;1183460;49384940.00
20140326;41.53;42.28;41.52;41.99;777097;32572822.00
20140327;41.68;41.97;40.51;41.03;738847;30322146.00
20140328;40.50;41.03;38.06;39.39;1782393;69197984.00
20140331;39.66;41.08;39.45;40.70;1652675;66232880.00
20140401;40.59;42.08;40.59;41.12;1111097;46268372.00
20140402;41.09;41.78;38.45;40.29;1611762;63997792.00
20140403;39.70;39.93;38.33;38.80;1550248;59996608.00
20140404;38.52;39.92;38.20;39.90;648981;25350746.00
20140408;39.43;40.95;39.40;40.60;1038618;41641264.00
20140409;40.84;41.48;40.26;40.82;529851;21670924.00
20140410;40.82;41.74;40.81;41.32;548830;22712246.00
20140411;40.59;41.00;39.51;39.83;1151398;46216940.00
20140414;39.69;40.46;39.40;39.98;536885;21482748.00
20140415;40.00;40.39;39.03;39.40;431017;17124158.00
20140416;39.20;39.68;38.67;39.55;391696;15352197.00
20140417;39.54;40.34;39.54;40.20;443740;17721426.00
20140418;40.55;41.80;40.11;40.45;862781;35139732.00
20140421;39.98;41.30;39.50;41.03;669439;27288972.00
20140422;41.03;41.35;40.01;40.21;521553;21091666.00
20140423;40.60;41.18;40.38;40.48;356725;14539185.00
20140424;40.56;40.96;40.10;40.10;300887;12144390.00
20140425;40.10;40.10;37.98;39.00;690698;26855666.00
20140428;38.30;38.68;37.24;37.80;945597;35793072.00
20140429;37.68;38.80;37.20;38.00;852075;32272544.00
20140430;37.69;38.26;37.21;38.00;705130;26592594.00
20140505;37.80;38.99;37.60;38.59;292221;11153421.00
20140506;38.76;39.15;38.44;39.08;805779;31223684.00
20140507;38.91;38.99;37.61;37.65;604264;23167874.00
20140508;37.12;38.26;37.12;37.51;331511;12531842.00
20140509;37.36;37.52;36.01;36.36;488147;17806960.00
20140512;36.54;36.95;36.06;36.78;386959;14147679.00
20140513;36.60;37.20;35.97;36.15;548729;20014090.00
20140514;36.38;36.80;36.04;36.43;358672;13073582.00
20140515;36.43;37.00;35.86;35.86;544407;19714972.00
20140516;35.67;36.00;34.00;36.00;1115330;38779496.00
20140623;18.30;19.68;18.00;19.00;8270684;154870320.00
20140624;18.64;19.35;18.51;19.22;7305662;138914368.00
20140625;19.15;19.21;18.70;18.91;2452425;46433560.00
20140626;18.91;19.16;18.11;18.35;10220284;188645280.00
20140627;18.30;18.38;18.09;18.23;4718586;85968288.00
20140630;18.36;20.05;18.36;20.05;8685839;167770160.00
20140701;20.05;20.69;19.89;20.07;6044733;121899688.00
20140702;20.07;21.57;19.98;21.35;7293078;152240880.00
20140703;21.20;21.20;20.48;20.66;6880286;142696576.00
20140704;20.74;21.00;20.40;20.67;3244825;66884816.00
20140707;20.58;20.58;19.64;20.10;7764461;155366128.00
20140708;20.00;20.86;19.77;20.84;4163739;85086432.00
20140709;20.85;21.18;20.00;20.28;4593431;94558672.00
20140710;20.28;20.28;19.62;19.63;4212117;83635440.00
20140711;19.40;19.77;18.47;18.53;6786185;128815848.00
20140714;18.52;18.83;17.92;18.83;6877234;125674896.00
20140715;18.77;18.86;17.86;18.12;6584318;120247232.00
20140716;18.12;18.24;17.18;17.35;5625807;98694264.00
20140717;17.40;17.62;17.26;17.39;3018536;52547804.00
20140718;17.45;17.80;17.30;17.51;4232724;74490896.00
20140721;17.50;17.73;17.06;17.56;2475654;43159920.00
20140722;17.52;18.01;17.50;17.94;4081226;72226936.00
20140723;17.90;17.90;17.35;17.45;2315839;40655896.00
20140724;17.45;17.45;16.60;16.67;3311161;55918672.00
20140725;16.70;17.02;16.61;16.84;1687156;28428936.00
20140728;16.90;17.45;16.84;17.17;2886598;49357440.00
20140729;17.35;17.75;17.15;17.53;3557685;62242148.00
20140730;17.46;17.72;17.41;17.70;2753313;48435572.00
20140731;17.62;17.72;17.43;17.70;1769440;31162406.00
20140801;17.69;17.72;17.12;17.19;3375761;58811824.00
20140804;17.19;18.34;17.19;18.18;4980722;89893816.00
20140805;18.18;18.57;17.80;18.37;3883903;70931552.00
20140806;18.33;18.66;18.08;18.40;3203090;59129384.00
20140807;18.40;18.56;18.10;18.12;2557879;46930148.00
20140808;18.13;18.28;18.03;18.21;2156204;39147840.00
20140811;18.21;18.44;18.09;18.31;3218561;58737424.00
20140812;18.32;18.75;18.30;18.40;3455497;63966488.00
20140813;18.48;18.48;18.00;18.15;2325264;42235552.00
20140814;18.25;18.28;18.00;18.01;1858548;33687228.00
20140815;18.03;18.23;18.02;18.16;1835115;33286002.00
20140818;18.22;18.80;18.21;18.71;5456043;101363120.00
20140819;18.80;19.88;18.80;19.54;7239288;140946864.00
20140820;19.60;19.60;19.01;19.34;3251199;62773116.00
20140821;19.34;19.40;18.67;19.01;4043905;76700856.00
20140822;19.04;19.39;18.93;19.25;3242960;62141360.00
20140825;19.35;19.47;18.83;18.87;3002219;57079348.00
20140826;18.75;18.75;18.04;18.11;4692256;85660520.00
20140827;18.16;18.39;18.05;18.16;2502668;45539792.00
20140828;18.16;18.26;17.66;17.76;2629958;46961864.00
20140829;17.71;18.24;17.71;18.23;1761055;31711272.00
20140901;18.29;18.84;18.23;18.79;3049575;56806588.00
20140902;18.82;19.44;18.82;19.28;5136435;98827608.00
20140903;19.30;19.40;19.08;19.24;3365272;64700316.00
20140904;19.24;20.12;19.24;19.90;8134612;161507856.00
20140905;20.50;20.97;20.20;20.95;11252962;232426768.00
20140909;21.01;22.00;20.80;21.83;8889552;190755552.00
20140910;21.60;21.60;21.02;21.31;5337008;113694472.00
20140911;21.48;22.30;21.01;21.13;8240291;177982208.00
20140912;21.24;21.45;20.70;21.41;4588619;97182352.00
20140915;21.42;21.87;20.90;21.78;5986217;128005592.00
20140916;21.65;21.67;20.66;20.80;6139209;130423128.00
20140917;20.78;20.78;20.01;20.44;4211275;85942600.00
20140918;20.44;21.33;20.25;21.03;4018970;83541976.00
20140919;21.33;21.34;20.80;21.27;3741686;79251552.00
20140922;21.27;23.00;21.01;22.21;9926682;219757264.00
20140923;22.21;23.04;21.87;22.88;6559220;147100240.00
20140924;22.89;23.68;22.62;23.31;6658870;154370864.00
20140925;23.40;23.60;23.03;23.16;4616709;107516288.00
20140926;23.17;23.18;22.55;22.97;4403542;100651976.00
20140929;22.92;24.92;22.92;24.92;8926189;216633184.00
20140930;24.90;25.39;24.55;25.36;6706069;167836800.00
20141008;25.36;25.47;24.60;24.73;5135160;127445752.00
20141009;24.80;25.30;24.31;24.60;5108426;125760688.00
20141010;24.31;24.59;22.14;23.51;7978719;188392480.00
20141013;23.60;24.68;23.38;24.30;6178909;149217008.00
20141219;26.73;26.73;23.31;23.84;23610079;593389440.00
20141222;21.80;23.25;21.46;21.46;4641205;101188384.00
20141223;19.51;21.39;19.31;20.50;11221746;225482480.00
20141224;20.94;21.65;20.80;21.25;5969362;126468072.00
20141225;21.25;21.84;20.96;21.05;5028387;107174760.00
20141226;21.00;21.00;20.03;20.10;5964707;121039200.00
20141229;20.10;20.34;18.14;18.42;6781774;127907240.00
20141230;18.36;18.41;17.05;17.16;6333621;111579920.00
20141231;17.40;18.09;17.05;17.90;5022109;88536704.00
20150105;18.00;18.50;16.58;18.36;10537437;181766416.00
20150106;18.00;19.78;17.74;18.78;6101352;113243032.00
20150107;18.78;19.54;18.50;18.81;5191750;98503472.00
20150108;18.82;20.68;18.52;20.00;10544653;206546256.00
20150109;19.95;21.88;19.70;21.06;11890074;251451488.00
20150112;20.90;21.49;20.48;21.24;7368760;155271040.00
20150113;21.00;21.86;20.61;21.62;7294899;156147072.00
20150114;21.61;21.80;20.85;21.19;4769871;101862840.00
20150115;21.19;21.40;20.02;20.39;4979947;102326080.00
20150116;20.50;20.96;20.18;20.49;6322678;130182560.00
20150119;20.20;21.65;19.61;20.88;7872050;164656208.00
20150120;20.85;22.12;20.85;22.07;8846651;192145776.00
20150121;21.90;22.45;21.85;22.42;8201544;181379184.00
20150122;22.30;22.48;21.73;22.07;6206480;137058080.00
20150123;22.05;22.34;21.78;21.81;4658614;102590408.00
20150126;21.62;22.01;21.50;21.70;5609614;121559984.00
20150127;21.79;21.82;21.00;21.48;4632416;99100376.00
20150128;21.36;21.98;21.31;21.88;5961914;129711800.00
20150129;21.79;21.79;21.00;21.50;5822580;124022872.00
20150130;21.40;22.50;21.00;21.00;3010084;64505664.00
20150202;20.56;20.99;20.40;20.46;3653552;75206520.00
20150203;20.59;21.60;20.31;21.33;6235094;131420176.00
20150204;21.33;21.99;21.22;21.54;6470952;140296528.00
20150205;21.50;22.72;21.21;22.59;10104974;224710880.00
20150206;22.59;22.88;21.41;21.56;6515462;143705280.00
20150209;21.27;21.54;20.00;20.00;7444697;153911440.00
20150210;20.00;20.28;18.90;20.00;7856153;153660928.00
20150211;20.01;21.24;19.82;21.24;5238295;108712056.00
20150212;21.30;21.97;21.30;21.51;6246223;135308336.00
20150213;21.87;22.51;21.56;22.50;7502900;165645744.00
20150216;22.64;23.26;22.40;22.79;7735302;177308240.00
20150217;22.95;23.03;22.00;22.05;6937707;154756656.00
20150225;22.00;22.97;21.95;22.70;7205795;162666528.00
20150226;22.72;22.85;21.70;22.15;5868861;129765760.00
20150227;22.19;22.84;21.92;22.60;5739953;128779528.00
20150302;22.83;24.10;22.31;23.79;11292331;264061216.00
20150303;23.54;24.34;23.25;23.53;9988267;238212336.00
20150304;23.50;24.50;23.42;24.19;8702082;210000656.00
20150305;24.20;25.19;23.72;25.02;10774547;263118224.00
20150306;24.88;25.28;23.70;23.79;7728845;188319760.00
20150309;23.50;24.26;22.85;24.03;5070265;120142424.00
20150310;23.89;25.16;23.89;25.08;8045858;198539600.00
20150311;25.15;25.68;24.50;24.71;6480610;160895568.00
20150312;24.82;26.43;24.82;25.87;14014710;360885152.00
20150313;25.51;27.00;25.36;26.72;10586963;277836608.00
20150316;27.01;29.27;27.01;27.90;13894740;390299200.00
20150317;27.66;28.97;27.20;28.01;11988842;334656224.00
20150318;27.78;28.50;27.50;27.97;7694456;216078224.00
20150319;27.98;27.98;26.88;27.31;10074553;274308992.00
20150320;27.32;29.00;27.25;28.45;9715315;274094944.00
20150323;28.45;31.30;28.40;31.30;15304820;461602848.00
20150324;31.90;34.00;30.30;33.40;18680522;602804288.00
20150325;33.38;33.38;32.11;33.00;10287683;337335296.00
20150326;32.05;34.48;31.30;31.40;11017435;358205536.00
20150327;31.36;32.60;30.39;32.36;6209389;194789200.00
20150330;32.29;33.33;31.50;31.83;8070113;259724304.00
20150331;31.51;32.80;30.78;31.83;6646637;211029888.00
20150401;31.88;33.80;31.88;33.80;10503774;347606336.00
20150402;34.10;36.50;33.80;35.91;10425962;361868608.00
20150403;35.30;38.58;34.89;37.35;9698893;363811136.00
20150407;37.35;39.46;37.01;37.15;8608445;323770784.00
20150408;36.90;37.79;35.00;35.13;8903556;318452480.00
20150409;35.32;35.60;32.00;33.97;9614762;322070784.00
20150410;33.97;36.56;33.20;35.90;6381130;224311808.00
20150413;36.02;37.05;35.91;36.50;5099658;186001280.00
20150414;35.63;36.92;34.41;34.47;10220633;358313312.00
20150415;34.58;35.49;31.65;31.82;6714775;223770896.00
20150416;31.32;33.60;31.00;32.50;5598598;182727600.00
20150417;32.98;33.29;31.90;32.70;6178128;200497440.00
20150420;32.60;32.88;31.44;31.50;6254358;200450976.00
20150421;31.50;33.41;31.28;33.34;7252525;233264064.00
20150422;33.42;35.68;33.23;35.60;7369845;254304512.00
20150430;38.80;38.80;35.49;38.18;15367904;572656128.00
20150504;38.05;38.79;36.14;38.33;9199124;346651776.00
20150505;38.00;39.10;36.82;37.12;7334852;277493696.00
20150506;37.03;38.50;36.59;37.44;6598543;247502800.00
20150507;37.37;37.65;35.61;37.45;6854015;250632496.00
20150508;37.41;40.50;37.30;40.49;9368962;367099872.00
20150511;41.80;42.00;39.68;41.33;7652944;314657664.00
20150512;41.51;45.46;40.00;45.46;14458019;618683648.00
20150513;43.00;48.48;42.56;46.98;9055871;422960288.00
20150514;46.92;51.68;46.92;50.40;10317647;517351872.00
20150515;50.40;50.88;48.03;48.80;5399495;264653392.00
20150518;48.80;53.68;48.50;53.68;9384163;486026176.00
20150519;54.92;59.05;54.80;58.11;8120041;467835040.00
20150520;58.22;63.92;57.04;62.20;7361090;447080064.00
20150521;62.45;63.98;60.01;61.97;5107991;315639840.00
20150522;62.50;64.96;57.00;57.99;8546856;510340192.00
20150525;55.68;59.00;54.00;58.45;5882998;334890112.00
20150526;58.09;61.50;58.00;61.35;5221098;313378880.00
20150527;61.25;62.58;59.00;62.29;5425984;329366304.00
20150528;62.00;63.80;57.60;57.90;7574537;462296000.00
20150529;58.40;62.80;54.50;61.32;8131699;487796928.00
20150601;61.00;67.45;61.00;67.45;5622383;370820192.00
20150602;67.68;72.00;67.68;68.50;5697738;398518112.00
20150603;68.70;71.10;66.00;68.50;5527473;379347968.00
20150604;68.54;69.89;61.65;63.93;8550381;546585536.00
20150605;63.99;67.00;60.70;62.10;5311701;338428192.00
20150608;62.20;63.00;56.75;57.06;7069008;415045472.00
20150609;56.04;59.57;56.00;58.98;4943705;288243744.00
20150610;58.96;64.88;58.50;64.25;6778796;426010624.00
20150611;64.47;66.25;63.00;65.70;4032642;260836704.00
20150612;66.09;68.80;65.32;67.00;3782612;251780544.00
20150615;68.00;68.50;60.95;61.85;4303544;271222592.00
20150616;61.01;62.60;57.60;59.39;4409683;265203760.00
20150617;61.99;61.99;56.10;60.11;5036064;292875328.00
20150618;60.11;60.99;57.53;59.38;4294447;251657888.00
20150619;58.00;59.00;53.44;53.45;5177057;290158720.00
20150623;52.99;58.80;50.50;58.80;6994586;387305440.00
20150624;60.76;62.50;58.00;60.37;3810469;228753888.00
20150625;60.50;61.50;58.18;58.69;3753320;224916320.00
20150626;57.00;57.00;52.82;52.82;4568412;244351120.00
20150629;54.88;55.00;47.54;47.54;6690272;328771904.00
20150630;43.00;51.50;42.79;51.50;7484221;347313088.00
20150701;51.10;52.30;46.35;46.35;5451862;273028192.00
20150702;45.50;47.88;41.72;41.72;6445701;284865600.00
20150703;37.58;41.50;37.55;37.55;9056947;344484224.00
20150706;41.31;41.31;33.80;34.67;14104436;530834304.00
20150707;32.60;33.00;31.20;31.20;10159846;317357888.00
20150813;34.32;34.32;34.32;34.32;19780;678849.63
20150814;37.75;37.75;37.75;37.75;7691;290335.25
20150817;41.53;41.53;41.53;41.53;83914;3484948.50
20150818;45.68;45.68;45.68;45.68;6173830;282020544.00
20150819;45.01;45.68;42.12;44.81;20982198;918235072.00
20150820;46.34;47.90;45.31;45.72;15380456;717231616.00
20150821;45.68;46.00;43.52;43.60;9559151;424298272.00
20150824;40.50;42.98;39.24;39.24;3092145;122527128.00
20150825;35.32;35.95;35.32;35.32;7425714;262520096.00
20150826;35.50;36.48;31.79;31.79;14220091;486775264.00
20150827;33.00;34.97;32.50;34.97;10566765;355801696.00
20150828;37.00;38.47;35.99;38.47;8230205;310923552.00
20150831;38.00;39.80;36.29;37.07;9694903;366998560.00
20150901;35.50;36.95;33.36;33.36;7992011;272031616.00
20150902;30.99;35.37;30.10;31.83;7712960;250619760.00
20150907;33.18;34.80;32.80;33.23;5711729;192196224.00
20150908;33.24;36.55;32.57;36.55;6237808;217080656.00
20150909;37.90;39.99;37.90;39.79;6885492;268505632.00
20150910;38.76;40.50;38.11;39.91;5473352;217555184.00
20150911;40.50;40.88;37.56;38.70;5140579;201080000.00
20150914;38.98;40.40;34.83;34.83;8436481;312921120.00
20150915;33.20;34.85;32.80;34.30;7481789;251773536.00
20150916;34.00;37.73;34.00;37.73;5426494;193634768.00
20150917;38.11;41.50;38.00;39.92;9925483;402687392.00
20150918;40.12;41.30;37.70;40.81;8041334;318483328.00
20150921;40.00;43.00;39.30;42.90;7943286;333695264.00
20150922;42.40;43.66;41.00;42.06;5242300;223083248.00
20150923;40.98;43.98;40.63;42.40;4456512;187806800.00
20150924;42.45;45.45;42.45;43.98;7354641;321398848.00
20150925;43.48;43.87;39.58;39.70;7149618;293033344.00
20150928;39.90;43.67;39.00;43.67;6634095;277598784.00
20150929;43.01;45.20;42.78;43.00;7085165;309964992.00
20150930;43.55;45.13;42.18;43.51;6112012;266960880.00
20151008;46.78;46.78;43.52;44.40;5980715;268757664.00
20151009;17.89;18.39;17.17;17.91;11863577;210758416.00
20151012;18.03;19.66;17.88;19.12;15662308;296200992.00
20151013;18.98;20.68;18.70;20.12;14477862;286010816.00
20151014;20.12;20.95;19.53;19.72;16527866;335307232.00
20151015;19.60;20.50;19.38;20.27;11895808;238893600.00
20151016;20.31;20.58;19.88;20.19;10259488;206866160.00
20151019;20.48;21.78;20.00;21.42;19553633;407494208.00
20151020;21.18;21.70;20.60;21.63;12801650;270880768.00
20151021;21.55;21.55;19.47;19.47;21491138;435264224.00
20151022;19.10;19.87;18.36;19.70;16097961;310124736.00
20151023;19.85;20.18;18.90;20.02;18291141;358421632.00
20151026;20.20;20.37;18.99;19.18;16712762;325705888.00
20151027;19.28;19.58;18.60;19.18;17190101;326465856.00
20151028;19.18;19.46;18.68;18.70;12682165;241452592.00
20151029;19.10;19.40;18.31;19.19;10112099;191384816.00
20151030;19.15;19.75;18.51;18.90;10265841;197650144.00
20151102;18.35;19.48;18.21;19.00;10126607;191940288.00
20151103;18.95;19.24;18.48;18.65;8300700;155468672.00
20151104;18.78;19.85;18.78;19.70;14727905;285970880.00
20151105;19.70;20.26;19.21;19.55;14172891;278065920.00
20151106;19.61;21.16;19.52;20.73;18169507;370544640.00
20151109;20.71;22.30;20.00;21.70;18509186;392562176.00
20151110;21.37;23.00;21.15;22.69;26035228;583282304.00
20151111;22.69;24.96;22.30;24.96;24295458;583123456.00
20151112;25.20;25.80;23.50;24.08;19993460;486424128.00
20151113;23.58;24.50;23.02;23.40;13953612;332283872.00
20151116;23.00;24.92;22.70;24.86;11753646;283149760.00
20151117;24.90;25.60;22.88;23.73;18321058;439439488.00
20151118;23.50;23.81;22.37;22.54;12862935;293769536.00
20151119;22.77;23.46;22.60;23.38;9753191;223265776.00
20151120;23.45;23.48;22.68;23.18;10998547;253215008.00
20151123;23.10;23.75;22.26;22.38;12810968;295141856.00
20151124;22.68;23.30;22.28;23.09;9303046;211572976.00
20151125;23.13;24.52;22.89;24.12;16770417;396317024.00
20151203;22.50;23.50;21.71;23.10;23493324;535007328.00
20151204;22.80;23.02;22.00;22.99;18609110;418247264.00
20151207;22.58;23.40;22.10;22.90;13956336;317462112.00
20151208;22.80;22.80;21.90;22.01;9703880;215127664.00
20151209;21.89;21.99;20.69;20.90;13906760;295712864.00
20151210;20.88;21.60;20.46;21.14;12184252;256553024.00
20151211;21.10;21.24;20.40;20.56;8413200;173949088.00
20151214;20.22;21.55;20.20;21.48;9563231;199046448.00
20151215;21.50;23.29;21.30;22.56;12958986;292030144.00
20151216;22.87;23.16;22.05;22.78;11383751;259041376.00
20151217;22.95;24.70;22.95;24.19;18917910;456433248.00
20151218;24.00;25.40;23.93;25.01;23487464;583933312.00
20151221;24.99;24.99;24.00;24.07;16440160;400283360.00
20151222;24.20;24.51;23.80;24.05;13789219;332983680.00
20151223;24.35;24.56;23.45;23.70;11778269;284179616.00
20151224;23.70;24.40;22.96;23.48;14199577;333387584.00
20151225;23.55;24.09;23.21;23.60;8381770;197482112.00
20151228;23.82;24.34;22.95;23.08;13548776;320966336.00
20151229;22.89;23.60;22.74;23.60;10384874;241015200.00
20151230;23.69;23.70;23.20;23.66;9005317;211187520.00
20151231;23.52;24.00;23.15;24.00;10051175;237403472.00
20160104;23.84;24.08;21.60;21.60;9543220;215291712.00
20160105;20.00;21.49;19.80;20.30;14606268;299095776.00
20160106;20.64;20.68;19.85;20.46;9694947;196420816.00
20160107;20.00;20.01;18.41;18.41;2832500;53650788.00
20160108;18.67;19.18;16.82;18.08;11210516;203556384.00
20160111;17.60;18.45;16.81;16.96;11269533;198713344.00
20160112;17.40;18.29;16.90;17.92;9857050;174720864.00
20160113;18.03;18.75;17.80;17.90;9784687;179165856.00
20160114;16.99;18.74;16.85;18.60;11243926;199875136.00
20160115;18.60;18.60;17.60;17.74;9370330;168541392.00
20160118;17.30;18.41;17.28;18.03;6942572;125802184.00
20160119;18.20;18.63;17.76;18.63;10282526;188073232.00
20160120;18.50;18.80;17.87;18.02;9130973;167347456.00
20160121;17.75;18.35;17.10;17.17;8817069;157001392.00
20160122;17.34;17.87;16.60;17.05;10150007;174028336.00
20160125;17.19;17.31;16.68;16.95;6081515;103796192.00
20160126;17.10;17.12;15.26;15.26;10823112;174145568.00
20160127;14.80;15.30;13.73;14.81;14854066;213813568.00
20160128;14.30;15.25;14.23;14.50;10670536;159539104.00
20160129;14.53;15.24;14.13;15.10;10878048;161149664.00
20160201;15.05;15.27;14.60;15.03;9208500;138378624.00
20160202;15.17;16.14;15.17;15.86;9154358;143646848.00
20160203;15.80;17.40;15.51;17.33;13331495;217808576.00
20160204;17.23;18.10;17.01;17.41;13237355;233327184.00
20160205;17.45;17.89;17.32;17.65;7547989;133079984.00
20160215;16.90;17.63;16.79;17.42;5877383;101132000.00
20160216;17.50;18.28;17.50;18.10;8347362;150816400.00
20160217;18.12;18.12;17.25;17.89;13628773;239882336.00
20160218;17.91;17.98;17.10;17.20;14401195;250159024.00
20160219;17.33;17.73;17.18;17.66;11095557;193354624.00
20160229;15.90;16.99;15.89;15.89;6647800;105926584.00
20160301;15.11;15.73;14.31;15.40;20561081;308589184.00
20160302;15.50;16.30;15.40;16.30;15411061;246265568.00
20160303;16.05;16.63;15.78;15.83;13878376;224780160.00
20160304;15.80;16.20;14.28;14.65;13437798;202571312.00
20160307;15.08;15.60;14.91;15.25;10719277;163399008.00
20160308;15.30;15.68;14.41;15.57;8759316;132732864.00
20160309;15.12;16.14;15.00;15.79;12100728;191294944.00
20160310;15.65;15.89;15.18;15.20;6935772;107363872.00
20160311;14.84;15.35;14.76;15.12;5324800;80042048.00
20160314;15.20;16.33;15.20;16.05;10020146;160070720.00
20160315;15.99;16.35;15.88;16.06;7541324;121493096.00
20160316;16.29;16.51;15.77;16.16;9500458;153456768.00
20160317;16.17;17.62;16.17;17.34;15008512;254922752.00
20160318;17.34;18.68;17.34;18.43;19082456;343605888.00
20160321;18.84;18.84;18.03;18.50;15790620;288399200.00
20160322;18.20;18.53;18.00;18.21;9999750;182679008.00
20160323;18.21;18.68;18.10;18.48;8951669;164401440.00
20160324;18.80;19.59;18.30;18.30;17873436;340424160.00
20160325;18.02;18.76;17.90;18.41;11508270;211540512.00
20160328;18.60;19.18;18.21;18.31;9453422;177092416.00
20160329;18.42;18.42;17.21;17.72;9477888;167886768.00
20160330;17.95;18.43;17.75;18.40;8110034;146770992.00
20160331;18.47;18.98;17.82;18.10;9770916;179691360.00
20160401;17.90;18.25;17.56;17.92;7415712;132306528.00
20160405;17.98;18.68;17.82;18.41;8317167;152323728.00
20160406;18.27;18.83;18.27;18.66;8478339;157375440.00
20160407;18.65;18.79;18.10;18.11;7060474;129032016.00
20160408;18.15;18.15;17.50;17.86;6485960;115690576.00
20160411;18.14;19.65;18.12;19.65;24902646;480499264.00
20160412;19.39;19.78;18.90;19.27;12573578;241988352.00
20160413;19.41;19.95;18.91;18.92;16039515;312093056.00
20160414;19.12;19.28;18.80;19.20;9352512;178469040.00
20160415;19.35;19.42;18.80;19.02;10325188;196109904.00
20160418;19.00;19.06;18.11;18.20;11237797;207433488.00
20160419;18.33;18.54;18.16;18.27;7452011;136614496.00
20160420;18.31;18.48;16.80;17.29;14035498;245558640.00
20160421;17.20;17.40;16.87;17.00;6600535;113203032.00
20160422;16.87;17.17;16.70;16.99;6442031;108827912.00
20160425;17.30;17.30;16.87;16.99;6581462;112134336.00
20160426;16.96;17.28;16.61;17.10;7791696;132342128.00
20160427;17.25;17.25;16.82;16.84;5886996;100096272.00
20160428;16.85;16.96;16.13;16.85;6509301;108131600.00
20160429;16.58;17.19;16.58;16.76;5632338;95221512.00
20160503;16.88;17.37;16.62;17.36;7157929;123044504.00
20160504;17.36;17.85;17.21;17.40;7266402;127940408.00
20160505;17.41;17.61;17.30;17.52;5505801;96118296.00
20160506;17.65;17.87;16.60;16.60;8790165;151013600.00
20160509;16.41;16.71;16.00;16.30;10537314;171782848.00
20160510;16.30;16.54;16.06;16.25;4249197;69117488.00
20160511;16.58;16.80;16.12;16.44;9173909;151818256.00
20160512;16.20;16.85;15.90;16.73;7178995;117065392.00
20160513;16.55;17.12;16.55;16.77;6411953;108253800.00
20160516;16.50;17.56;16.50;17.54;9743102;169062768.00
20160517;17.48;17.59;17.10;17.36;5459260;94826056.00
20160518;17.03;17.21;16.60;17.00;5373479;90884440.00
20160519;17.05;17.52;16.85;16.97;6421143;110600696.00
20160520;16.60;18.67;16.50;17.48;7393218;128327064.00
20160523;17.46;17.61;17.27;17.46;6592143;114790016.00
20160524;17.38;17.43;16.87;17.00;4497326;76637952.00
20160525;17.20;17.29;16.70;16.81;4595991;78001232.00
20160526;16.70;16.95;16.25;16.85;5973086;98998424.00
20160527;16.81;16.97;16.55;16.71;4985090;83663200.00
20160530;16.61;16.71;16.25;16.37;5222446;85635040.00
20160531;16.40;17.32;16.40;17.26;9497836;161692640.00
20160601;17.26;17.72;17.23;17.60;8799366;153816048.00
20160602;17.61;17.80;17.41;17.70;5789714;101790160.00
20160603;17.63;17.88;17.48;17.73;7509920;133073968.00
20160606;17.97;18.45;17.92;18.17;8255181;149761184.00
20160607;18.08;18.23;17.55;17.84;6414405;114018232.00
20160608;17.76;17.97;17.35;17.58;6303320;110812856.00
20160613;17.20;17.49;16.60;16.69;6340904;108275496.00
20160614;16.69;16.82;16.36;16.61;4456565;74005240.00
20160615;16.58;17.29;16.50;17.04;6711940;113695264.00
20160616;16.92;17.07;16.41;16.51;8398588;140454896.00
20160617;16.51;17.04;16.51;16.70;5927444;99590816.00
20160620;16.57;16.90;16.30;16.80;4451080;74007784.00
20160621;16.89;17.04;16.52;16.55;6764003;113204408.00
20160622;16.54;16.86;16.45;16.84;3751319;62738796.00
20160623;16.80;16.96;16.50;16.80;5586873;93685600.00
20160624;16.73;16.87;16.30;16.59;7007575;116580016.00
20160627;16.50;17.00;16.40;16.80;10488120;175656848.00
20160628;16.75;17.38;16.71;17.25;11702020;200012752.00
20160629;17.32;17.58;17.12;17.40;10305947;178617104.00
20160630;17.40;17.46;16.95;17.11;8798897;150787488.00
