20110831;30.00;31.65;29.95;30.80;13181717;404871616.00
20110901;30.33;30.33;28.51;28.81;6959889;203700704.00
20110902;28.40;28.55;27.21;28.54;4668544;130415944.00
20110905;28.02;29.20;27.70;28.64;4238740;121195808.00
20110906;28.10;28.28;25.78;25.78;4045016;107954968.00
20110907;25.69;26.75;25.69;26.55;2431684;64100408.00
20110908;26.55;27.09;24.81;25.02;3443427;89141816.00
20110909;24.96;25.61;24.70;25.28;2301923;58010504.00
20110913;24.50;24.76;23.52;24.28;1936888;46743348.00
20110914;24.51;24.97;23.72;24.79;1920229;46986368.00
20110915;24.70;25.43;24.60;24.87;2421453;60508812.00
20110916;24.80;24.99;23.80;23.85;2024278;49078652.00
20110919;23.45;23.65;22.11;22.15;1648316;37231564.00
20110920;22.10;22.75;21.92;22.42;956973;21376410.00
20110921;22.37;23.49;22.22;23.29;1553109;35688904.00
20110922;22.93;23.15;21.96;21.98;1536653;34536640.00
20110923;21.70;22.18;21.25;21.91;1011977;22032378.00
20110926;22.00;22.29;21.55;21.60;793966;17408744.00
20110927;21.72;22.44;21.72;22.26;1485866;32880406.00
20110928;22.27;22.49;21.08;21.26;1155308;25212898.00
20110929;21.20;21.20;20.20;20.21;1176936;24281914.00
20110930;20.35;20.46;19.71;20.20;1199473;24113700.00
20111010;20.28;20.40;19.83;20.12;698987;14075197.00
20111011;20.50;21.48;20.20;20.73;1854258;38609696.00
20111012;20.50;21.44;20.30;21.37;1708602;36039976.00
20111013;21.00;21.90;21.00;21.71;1665614;35934788.00
20111014;21.47;21.74;21.20;21.30;1019089;21787608.00
20111017;21.30;23.08;21.26;22.75;2825606;62923464.00
20111018;22.30;22.70;21.69;21.76;1994114;44460372.00
20111019;21.68;22.22;21.51;21.76;1107152;24177864.00
20111020;22.21;22.90;21.51;21.53;2133114;47311528.00
20111021;21.13;21.20;19.75;19.93;1436847;29370652.00
20111024;20.10;20.87;19.80;20.79;1179756;24044780.00
20111025;20.85;22.44;20.65;22.19;2164198;47191276.00
20111026;21.85;22.88;21.83;22.27;2492837;56061588.00
20111027;22.03;23.50;22.03;22.91;2561784;58429216.00
20111028;23.25;23.45;22.63;23.40;2360740;54630332.00
20111031;23.60;23.60;22.87;23.29;1868553;43349472.00
20111101;23.10;23.17;22.40;23.17;1969222;44978704.00
20111102;22.70;24.77;22.61;24.34;3025913;72039936.00
20111103;24.40;25.28;24.15;24.74;3934152;97262400.00
20111104;24.85;24.94;24.12;24.17;1817331;44495288.00
20111107;23.98;24.13;23.62;23.87;1342688;31996774.00
20111108;23.89;24.29;22.98;23.06;1421421;33373096.00
20111109;23.17;23.78;22.81;23.76;1424548;33194772.00
20111110;23.50;25.00;23.46;23.94;2862213;69394616.00
20111111;23.95;24.50;23.30;23.36;1826498;43306592.00
20111114;23.60;24.66;23.43;24.60;2196639;53254516.00
20111115;24.58;24.74;24.15;24.46;1475515;35993796.00
20111116;24.48;24.66;23.37;23.51;1689353;40723944.00
20111117;23.48;24.70;23.48;24.32;2463050;59640996.00
20111118;24.13;25.00;23.65;24.95;3371330;82175896.00
20111121;25.10;25.34;23.86;24.60;2470270;60388308.00
20111122;24.19;24.37;22.83;23.47;2226864;52363736.00
20111123;23.46;23.88;23.25;23.32;1354603;31884904.00
20111124;22.73;23.50;22.41;22.89;1376438;31521278.00
20111125;22.72;23.26;22.02;22.18;1200958;27188680.00
20111128;22.11;22.45;21.38;21.74;1018639;22200126.00
20111129;21.99;22.25;21.61;22.24;997875;21834174.00
20111130;22.04;22.15;20.38;20.72;1084326;22972328.00
20111201;21.35;21.75;21.20;21.23;1200918;25783238.00
20111202;21.20;21.20;20.57;20.87;640052;13332736.00
20111205;20.80;20.80;20.00;20.09;662493;13390512.00
20111206;20.10;20.70;19.85;20.64;597165;12197364.00
20111207;20.45;20.99;20.43;20.83;525801;10925167.00
20111208;20.73;21.62;20.41;21.09;726820;15318979.00
20111209;20.90;21.54;20.78;21.35;715717;15219113.00
20111212;21.22;21.42;21.11;21.37;462045;9819342.00
20111213;21.47;21.78;20.62;21.55;1356676;29039248.00
20111214;21.39;21.58;20.34;20.55;1001819;21103374.00
20111215;20.29;21.00;20.00;20.70;645709;13369630.00
20111216;20.65;21.55;20.36;21.55;1007652;21093800.00
20111219;21.27;21.99;21.01;21.98;1030182;22085572.00
20111220;21.88;22.10;21.58;21.85;708642;15444910.00
20111221;22.01;22.09;21.02;21.29;736300;15927093.00
20111222;21.02;21.24;20.10;20.90;672762;13887052.00
20111223;20.72;21.25;20.68;20.92;365124;7654537.50
20111226;20.85;21.11;20.40;20.40;331840;6893884.50
20111227;20.30;20.30;18.36;18.36;1198172;22883190.00
20111228;18.23;18.23;16.52;17.11;1444418;24617698.00
20111229;16.80;17.25;16.61;16.86;445794;7590075.50
20111230;16.93;17.37;16.93;17.22;497075;8554174.00
20120104;17.48;17.48;15.81;15.83;600380;10047368.00
20120105;15.60;15.98;15.05;15.25;841683;12976887.00
20120106;15.12;16.70;14.97;15.99;830016;12968383.00
20120109;16.20;17.30;15.81;17.28;985677;16403404.00
20120110;17.26;17.79;17.03;17.68;1098010;19168280.00
20120111;17.56;17.93;17.42;17.78;762106;13438445.00
20120112;17.81;17.85;17.26;17.38;642650;11235631.00
20120113;17.48;17.77;15.64;15.64;1067241;17630004.00
20120116;15.60;17.10;15.50;15.81;827073;13339744.00
20120117;15.81;16.95;15.62;16.87;865534;14205506.00
20120118;16.84;16.94;15.70;15.77;674808;11035946.00
20120119;15.77;16.68;15.70;16.42;602870;9861506.00
20120120;16.38;17.80;16.38;16.91;831130;14227869.00
20120130;16.95;17.66;16.66;17.08;836605;14383635.00
20120131;17.05;17.25;16.60;17.11;582220;9822718.00
20120201;16.99;17.49;16.81;17.24;964668;16709577.00
20120202;17.45;17.49;16.82;17.45;517216;8925900.00
20120203;17.40;17.83;17.28;17.76;1007586;17715478.00
20120206;17.72;17.84;17.45;17.63;952616;16753270.00
20120207;17.58;17.77;17.07;17.24;681068;11848585.00
20120208;17.12;17.75;17.09;17.75;1128328;19706490.00
20120209;17.75;18.16;17.62;17.77;1489984;26619324.00
20120210;17.66;18.05;17.66;17.92;1185338;21178136.00
20120213;17.86;18.49;17.61;18.19;1213136;22022858.00
20120214;18.19;18.62;18.03;18.41;1094522;20073740.00
20120215;18.26;18.57;18.18;18.55;901547;16620130.00
20120216;18.45;18.82;18.19;18.40;1043502;19264230.00
20120217;18.36;18.55;18.06;18.16;571139;10419517.00
20120220;18.48;18.60;18.18;18.33;839882;15461792.00
20120221;18.27;18.73;17.89;18.65;1002462;18317720.00
20120222;18.64;19.24;18.58;19.09;1314960;24939542.00
20120223;19.12;19.59;19.00;19.51;1586504;30726502.00
20120224;21.46;21.46;21.46;21.46;475384;10201741.00
20120227;23.61;23.61;23.43;23.61;4176369;98593160.00
20120228;24.66;25.88;24.39;24.66;8546393;213596192.00
20120229;24.67;26.07;24.46;25.23;4984096;125790848.00
20120301;24.97;25.23;24.62;25.02;3207529;79922176.00
20120302;24.91;25.77;24.90;25.49;4007954;101453024.00
20120305;25.51;27.40;25.33;26.10;4583200;121340432.00
20120306;25.75;28.00;25.51;27.30;4539742;120761592.00
20120307;26.81;26.99;25.99;26.25;3093078;82093080.00
20120308;26.15;26.70;25.94;26.60;2841149;74808016.00
20120309;26.38;27.58;26.37;26.87;3430039;92571632.00
20120312;26.87;28.48;26.82;28.20;4004759;111032584.00
20120313;28.24;28.65;27.06;27.45;3737719;102939856.00
20120314;27.68;30.10;26.76;26.89;6341086;179284432.00
20120315;26.87;26.99;24.78;25.38;4955785;126640056.00
20120316;25.01;25.76;24.65;25.72;3225664;81508480.00
20120319;25.50;25.50;24.90;25.43;1994554;50290888.00
20120320;25.30;25.53;24.30;24.48;2308738;57105812.00
20120321;24.70;24.87;23.65;24.14;2002322;48607068.00
20120322;24.10;24.47;23.90;24.42;1430195;34762480.00
20120323;24.50;24.59;23.14;23.60;1865241;44482192.00
20120326;23.30;23.80;23.15;23.59;933317;21920302.00
20120327;23.76;24.26;23.57;23.95;1556971;37353944.00
20120328;24.41;26.30;24.41;25.73;6305553;161588656.00
20120329;25.20;25.99;24.71;24.71;3642599;92782432.00
20120330;24.41;24.58;22.24;22.24;3579399;83173256.00
20120405;22.45;23.28;22.08;22.98;2517056;57528144.00
20120406;22.98;23.36;22.61;23.15;1881611;43214784.00
20120409;23.13;23.13;22.31;22.41;1548160;35194996.00
20120410;22.25;23.45;22.23;23.40;1608157;36892036.00
20120411;23.00;23.69;22.81;23.60;1473738;34317352.00
20120412;23.52;23.90;23.27;23.85;1647967;38995336.00
20120413;23.81;24.67;23.72;24.39;1576759;38059184.00
20120416;24.05;24.29;23.87;23.97;1037975;24925590.00
20120417;24.13;24.15;23.29;23.30;1033325;24427692.00
20120418;23.30;24.20;23.29;23.93;1605936;38368020.00
20120420;23.99;25.94;23.93;25.42;3432809;86933336.00
20120423;25.08;25.34;23.42;23.50;2509539;61179580.00
20120424;23.89;24.68;23.40;24.50;1905510;45973572.00
20120425;24.49;24.64;22.45;22.91;2825057;65946720.00
20120426;22.65;23.20;22.55;22.97;1055467;24088162.00
20120427;22.97;23.55;22.80;23.33;1005103;23326350.00
20120502;23.56;24.26;23.30;24.00;1329884;31614752.00
20120503;24.00;24.50;23.81;24.25;1146156;27808908.00
20120504;24.10;25.39;24.06;24.93;1968875;48944196.00
20120507;24.90;27.18;24.71;26.80;3591698;94796536.00
20120508;26.80;26.80;25.75;26.10;2447379;64182848.00
20120509;25.71;28.20;25.70;26.60;3471746;93813048.00
20120510;25.80;27.35;25.80;27.15;2282354;60977496.00
20120511;28.02;29.30;26.95;27.00;4243586;118693344.00
20120514;27.00;27.15;25.67;25.71;2552612;66739592.00
20120515;25.30;26.10;24.93;25.92;1347740;34570256.00
20120516;25.83;25.98;24.45;24.55;1722666;43216240.00
20120517;24.55;25.15;24.21;24.50;1661873;40986636.00
20120518;12.02;12.16;11.37;11.49;4316842;50108976.00
20120521;11.39;11.58;11.11;11.36;1603142;18264558.00
20120522;11.43;11.77;11.28;11.70;2020523;23367770.00
20120523;11.70;11.99;11.51;11.78;2585718;30497232.00
20120524;11.75;11.83;11.40;11.49;1814097;21010328.00
20120525;11.45;11.54;11.13;11.13;1583151;17854386.00
20120528;11.15;11.20;10.50;10.99;2229144;23927574.00
20120529;10.89;11.29;10.82;11.19;1628803;18147626.00
20120530;11.25;11.48;11.16;11.37;1745327;19721032.00
20120531;11.25;11.96;11.16;11.67;2952059;34321076.00
20120601;11.56;11.85;11.41;11.42;2017176;23438990.00
20120604;11.08;11.08;10.70;10.72;2018681;21999204.00
20120605;10.70;10.92;10.51;10.66;1120133;11947293.00
20120606;10.79;10.87;10.49;10.58;939920;10036678.00
20120607;10.80;10.84;10.52;10.60;843541;8990426.00
20120608;10.76;10.86;10.53;10.63;998216;10640373.00
20120611;10.62;11.21;10.57;11.04;1516290;16573487.00
20120612;11.04;11.04;10.80;10.81;1081189;11776757.00
20120613;10.88;11.13;10.88;11.10;1281106;14144883.00
20120614;11.01;11.36;10.96;11.14;2148876;23970170.00
20120615;11.17;11.38;10.96;11.14;1605742;17910998.00
20120618;11.22;11.85;11.18;11.68;3569912;41189788.00
20120619;11.59;11.93;11.43;11.59;2707242;31644402.00
20120620;11.79;12.62;11.66;12.10;5101593;62043456.00
20120621;12.00;12.08;11.69;11.70;2451612;28988856.00
20120625;11.57;11.70;10.92;10.95;1979401;22371968.00
20120626;10.80;11.00;10.60;10.91;1540202;16575008.00
20120627;10.91;11.24;10.86;10.90;1851438;20467216.00
20120628;10.97;11.12;10.76;10.76;1229236;13487787.00
20120629;10.58;10.97;10.54;10.86;1275934;13755454.00
20120702;11.00;11.38;10.85;11.20;1718974;19127990.00
20120703;11.28;12.18;11.16;11.67;4373084;51271520.00
20120704;11.67;11.76;11.31;11.60;2819006;32630122.00
20120705;11.49;11.50;11.14;11.24;2083392;23454876.00
20120706;11.33;11.55;10.84;11.49;2449193;27400712.00
20120709;11.40;12.00;11.35;11.57;4636981;54437652.00
20120710;11.50;11.64;11.10;11.60;2206432;25110220.00
20120711;11.52;12.17;11.36;12.09;3742928;44273072.00
20120712;12.08;12.41;11.81;12.41;5283160;64114440.00
20120713;12.34;12.55;11.92;12.13;3524976;42997864.00
20120716;12.09;12.14;11.70;11.73;3796100;44930520.00
20120717;11.59;11.95;11.38;11.72;1682887;19696860.00
20120718;11.68;11.85;11.41;11.85;2100787;24368282.00
20120719;11.84;12.17;11.73;11.95;2974202;35694996.00
20120720;11.90;12.13;11.69;11.79;1971359;23501132.00
20120723;11.59;11.60;11.05;11.07;2288991;25935268.00
20120724;11.00;12.18;10.95;12.14;5763128;68560336.00
20120725;11.91;12.36;11.91;12.03;5999630;73161064.00
20120726;11.98;12.38;11.83;11.85;3212417;38931512.00
20120727;12.00;12.69;11.86;12.55;6121714;75616136.00
20120730;12.55;12.79;12.30;12.70;5447875;68542184.00
20120731;12.42;12.56;11.65;11.91;3778686;45527948.00
20120801;11.91;12.30;11.80;12.15;2763831;33530190.00
20120802;12.16;12.20;11.71;11.90;2561660;30469750.00
20120803;11.92;12.65;11.74;12.65;4318778;53194372.00
20120806;12.50;13.17;12.42;12.99;5124145;65622488.00
20120807;12.99;13.08;12.78;13.05;4308881;55619180.00
20120808;12.99;13.04;12.60;12.84;3670411;46938020.00
20120809;12.80;13.47;12.64;13.26;4820403;63483708.00
20120810;13.19;13.45;12.96;13.12;3610607;47567460.00
20120813;12.97;13.10;12.71;12.74;2524159;32463848.00
20120814;12.65;13.36;12.42;13.32;3426036;44363392.00
20120815;13.30;13.36;12.88;12.89;2765591;36222344.00
20120816;12.76;13.05;12.76;12.98;1471677;18981106.00
20120817;12.89;13.09;12.55;12.79;2301399;29512228.00
20120820;12.50;12.55;11.91;12.25;3298925;40152364.00
20120821;12.18;12.47;12.11;12.36;2635156;32476454.00
20120822;12.34;12.44;11.96;12.00;2301240;28073246.00
20120823;11.90;12.24;11.86;12.19;1938494;23444972.00
20120824;12.16;12.16;11.67;11.67;2171835;25816132.00
20120827;11.50;11.50;10.68;10.68;3384565;37000368.00
20120828;10.50;10.90;10.46;10.69;1341793;14412684.00
20120829;10.70;10.86;10.46;10.73;1944744;20739140.00
20120830;10.67;10.75;10.19;10.23;2066142;21501670.00
20120831;10.23;10.94;10.23;10.72;2363077;25270434.00
20120903;10.55;11.23;10.55;11.12;2265745;25095554.00
20120904;11.18;11.40;11.06;11.25;2506186;28244046.00
20120905;11.25;11.62;11.10;11.60;2287381;26024756.00
20120906;11.60;11.95;11.51;11.89;2435828;28594080.00
20120907;11.89;12.35;11.88;12.14;3732772;45469664.00
20120910;12.16;12.32;11.96;12.22;2699867;32794096.00
20120911;12.27;12.47;12.21;12.36;2501328;30901008.00
20120912;12.37;12.76;12.35;12.70;2988341;37482500.00
20120913;12.70;12.82;12.00;12.00;2659512;32932556.00
20120914;12.12;12.20;11.66;11.83;1894896;22658514.00
20120917;11.90;11.94;11.12;11.13;1608889;18581318.00
20120918;11.02;11.66;10.88;11.44;1371482;15624055.00
20120919;11.35;11.96;11.35;11.95;1484050;17341364.00
20120920;12.05;12.88;12.00;12.18;4767488;59141060.00
20120921;12.00;12.72;11.97;12.29;3123854;38684476.00
20120924;12.03;13.00;12.00;12.88;4075716;51875704.00
20120925;12.72;12.93;12.08;12.12;2955974;36789488.00
20120926;12.15;12.20;11.23;11.32;2425248;28148416.00
20120927;11.40;11.76;11.26;11.30;2395968;27617092.00
20120928;11.26;11.72;11.25;11.70;1522991;17631736.00
20121008;11.73;12.38;11.67;12.31;2029280;24634316.00
20121009;12.88;13.00;12.30;12.55;3810202;47794068.00
20121010;12.48;13.81;12.35;13.81;9681267;130066672.00
20121011;14.00;14.47;13.45;13.47;8302970;116409368.00
20121012;13.26;14.20;13.26;13.98;5035653;69721920.00
20121015;13.90;14.00;13.30;13.72;2682347;36476336.00
20121016;13.77;14.37;13.42;13.85;3447018;47961872.00
20121017;13.76;14.08;13.60;13.67;2108149;29229444.00
20121018;13.63;14.19;13.61;13.89;2497770;34638580.00
20121019;13.98;14.44;13.90;14.33;4491841;63868952.00
20121022;14.30;14.30;13.86;13.92;3456125;48591268.00
20121023;13.81;13.91;13.14;13.18;4991284;66840860.00
20121024;13.17;13.29;12.91;13.10;2416887;31698666.00
20121025;13.10;13.18;12.68;12.93;2414452;31193486.00
20121026;12.95;13.10;12.72;12.98;1995034;25753284.00
20121029;13.01;13.14;12.43;12.54;1764252;22516220.00
20121030;12.58;12.74;12.48;12.61;1526630;19255952.00
20121031;12.61;13.07;12.44;13.03;2425151;31063774.00
20121101;13.05;13.26;12.92;13.18;2960321;38786156.00
20121102;13.23;13.23;12.85;13.01;1925676;25003890.00
20121105;13.03;13.03;12.62;12.83;1690476;21638684.00
20121106;12.72;12.80;12.34;12.67;1723551;21603874.00
20121107;12.69;12.87;12.60;12.69;1103556;14042440.00
20121108;12.63;12.63;11.97;12.10;1305076;16035856.00
20121109;12.00;12.24;11.94;12.09;776075;9411955.00
20121112;12.10;12.31;11.99;12.15;729666;8870702.00
20121113;12.25;12.25;11.88;11.96;717622;8610624.00
20121114;11.92;12.00;11.55;11.89;975056;11464127.00
20121115;11.73;12.10;11.60;11.62;744590;8820799.00
20121116;11.60;11.88;11.51;11.81;782136;9177728.00
20121119;11.70;11.97;11.60;11.95;548352;6504617.50
20121120;12.00;12.24;11.89;11.95;1002260;12073162.00
20121121;11.98;12.00;11.48;11.92;1245955;14610280.00
20121122;11.86;11.86;11.64;11.67;612633;7189306.50
20121123;11.67;11.90;11.58;11.68;941005;11039244.00
20121126;11.74;11.84;11.54;11.58;421997;4928875.50
20121127;11.50;11.50;10.78;10.87;1122919;12462017.00
20121128;10.70;10.79;10.37;10.41;856177;9029198.00
20121129;10.41;10.55;10.00;10.01;885527;9109385.00
20121130;10.04;10.32;10.03;10.17;873689;8886726.00
20121203;10.20;10.30;9.70;9.73;816499;8207645.50
20121204;9.79;10.02;9.32;9.96;1110325;10768740.00
20121205;9.86;10.56;9.85;10.32;1835042;18895740.00
20121206;10.50;10.50;10.08;10.17;1206890;12424416.00
20121207;10.29;10.64;10.16;10.61;1607797;16832930.00
20121210;10.65;10.87;10.50;10.85;1497776;16059329.00
20121211;10.81;11.14;10.71;10.80;1697805;18544410.00
20121212;10.83;10.92;10.50;10.79;1535043;16405290.00
20121213;10.75;11.10;10.50;11.09;1809319;19558586.00
20121214;11.02;11.49;10.91;11.40;2855710;32171344.00
20121217;11.40;11.50;11.14;11.40;1964910;22221220.00
20121218;11.32;11.42;11.08;11.30;1675918;18877250.00
20121219;11.12;11.96;11.11;11.77;2999165;35065280.00
20121220;11.67;12.23;11.66;12.16;2468566;29737764.00
20121221;12.12;12.67;12.00;12.36;2522009;31352412.00
20121224;12.40;12.71;12.38;12.41;1433937;17916818.00
20121225;12.42;12.89;12.30;12.68;2272274;28657062.00
20121226;12.70;13.03;12.56;13.00;2026619;25894858.00
20121227;12.98;12.99;12.70;12.72;1723872;22095592.00
20121228;12.65;12.75;12.41;12.66;1357913;17085036.00
20121231;12.66;12.82;12.54;12.65;1141648;14493281.00
20130104;12.78;12.88;12.20;12.50;1556259;19419134.00
20130107;12.45;12.75;12.44;12.67;1025661;12896766.00
20130108;12.70;13.65;12.68;13.27;2806807;37071916.00
20130109;13.66;14.59;13.35;13.51;3928351;54024556.00
20130110;13.50;13.60;13.20;13.35;1998301;26698640.00
20130111;13.35;13.90;13.27;13.35;2865905;39063588.00
20130114;13.38;14.14;13.38;14.02;2985192;41471360.00
20130115;14.02;14.90;14.02;14.49;3674853;53612256.00
20130116;14.47;14.62;13.97;14.62;2512840;35788040.00
20130117;14.63;14.79;14.30;14.41;1246510;18029334.00
20130118;14.45;14.65;14.09;14.50;1999777;28768794.00
20130121;14.50;15.15;14.38;14.94;2434052;36142456.00
20130122;14.94;14.94;14.18;14.25;1756167;25544736.00
20130123;14.20;14.39;13.56;14.14;2256775;31449374.00
20130124;14.25;14.33;13.45;13.71;1350394;18693896.00
20130125;13.89;14.40;13.55;14.38;1811205;25428710.00
20130128;14.45;14.87;14.27;14.76;1370649;20109224.00
20130129;14.66;14.92;14.65;14.78;1072755;15846352.00
20130130;14.81;14.85;14.44;14.62;963609;14050836.00
20130131;14.31;14.80;14.22;14.39;913811;13157793.00
20130201;14.00;14.78;14.00;14.73;1296251;18911932.00
20130204;14.78;14.99;13.79;13.91;2011785;28657176.00
20130205;13.72;14.18;13.71;14.02;1259287;17564450.00
20130206;14.02;14.36;13.85;13.98;1085053;15219437.00
20130207;14.00;14.25;13.86;14.23;1028411;14441273.00
20130208;14.33;14.58;14.18;14.45;842039;12117768.00
20130218;14.64;14.93;14.39;14.54;1972317;28857506.00
20130219;14.53;14.75;13.86;13.87;2357342;33190352.00
20130220;13.87;14.25;13.75;14.25;2160650;30223112.00
20130221;14.19;14.20;13.59;13.77;1994886;27596964.00
20130222;13.76;14.08;13.76;13.90;1229876;17119364.00
20130225;13.92;14.45;13.79;14.34;1730684;24419664.00
20130226;14.35;14.88;14.20;14.31;2937003;42592788.00
20130227;14.24;14.65;14.13;14.43;1439389;20626020.00
20130228;14.54;15.63;14.50;15.61;5820051;87909640.00
20130301;15.58;15.90;15.32;15.90;4901741;76882224.00
20130304;15.60;16.15;15.30;15.31;3212082;50247816.00
20130305;15.29;15.79;15.01;15.76;2192114;34076876.00
20130306;16.10;16.43;15.68;16.27;3028585;48643116.00
20130307;16.20;16.25;15.18;15.51;3008595;47062772.00
20130308;15.69;15.69;14.85;14.90;2418258;36673760.00
20130311;14.81;15.19;14.78;15.00;1079051;16136404.00
20130312;15.00;15.01;13.72;14.03;2757650;39436840.00
20130313;14.00;14.26;13.73;14.11;1013242;14165210.00
20130314;14.17;14.25;13.80;13.91;1066890;14941753.00
20130315;13.99;14.39;13.70;14.02;1695127;23811216.00
20130318;14.02;14.02;13.25;13.60;1946511;26644366.00
20130319;13.59;13.70;13.37;13.69;846333;11492190.00
20130320;13.78;14.23;13.60;14.16;1676004;23517422.00
20130321;14.16;14.64;14.06;14.46;1767682;25492130.00
20130322;14.50;14.64;14.36;14.48;1165282;16852170.00
20130325;14.52;14.66;14.15;14.30;999614;14269775.00
20130326;14.10;14.27;13.68;13.81;1314494;18184894.00
20130327;13.81;14.17;13.75;13.90;1076140;14997592.00
20130328;13.80;14.16;13.51;13.79;1023335;14252733.00
20130329;13.84;14.10;13.71;13.90;810803;11299658.00
20130401;13.90;14.10;13.71;13.84;1040165;14385860.00
20130402;13.85;14.34;13.30;13.40;3128207;43410700.00
20130403;13.41;13.50;12.80;12.90;1608293;20883274.00
20130408;12.77;13.20;12.47;13.20;1337369;17138358.00
20130409;13.30;13.37;13.05;13.15;934616;12296060.00
20130410;13.16;13.20;12.70;12.96;986161;12751892.00
20130411;13.12;13.12;12.80;12.84;701538;9064561.00
20130412;13.08;13.29;12.91;13.20;2008691;26445378.00
20130415;13.16;13.28;12.92;12.98;1103633;14448833.00
20130416;12.65;13.20;12.65;13.15;1014129;13238866.00
20130417;13.25;13.32;13.00;13.30;1027604;13526542.00
20130418;13.15;13.53;13.11;13.53;1685219;22535950.00
20130419;13.55;13.98;13.48;13.82;2915037;40111768.00
20130422;13.67;14.11;13.67;13.96;1602294;22350594.00
20130423;13.98;13.98;13.30;13.30;1799160;24495442.00
20130424;13.25;13.91;13.25;13.90;1671022;22844904.00
20130425;13.84;14.07;13.68;13.83;2352818;32680502.00
20130426;13.85;14.36;13.70;14.07;2850214;40069836.00
20130502;14.08;14.60;13.95;14.48;2537197;36455768.00
20130503;14.58;14.70;14.40;14.41;2891334;42082396.00
20130506;14.42;14.74;14.40;14.67;2299194;33511408.00
20130507;14.70;15.27;14.63;14.91;3992196;60019668.00
20130508;15.15;15.20;14.81;15.00;2735485;40884012.00
20130509;14.93;15.25;14.68;14.90;2652605;39587736.00
20130510;14.88;15.16;14.71;14.84;2136261;31797104.00
20130513;14.80;15.10;14.70;15.10;2618924;39067948.00
20130514;15.03;15.14;14.61;14.84;1838102;27230780.00
20130515;14.92;15.44;14.73;15.35;2913735;44124624.00
20130516;15.53;15.72;14.50;14.60;6244171;94673696.00
20130517;14.55;14.90;14.54;14.58;4305876;63171236.00
20130520;14.67;15.40;14.67;15.33;4469836;67442952.00
20130521;15.29;15.69;15.19;15.62;4371830;67691120.00
20130522;15.50;15.55;15.01;15.05;3817273;58112620.00
20130523;15.02;15.95;14.92;15.93;5708072;88900536.00
20130524;15.94;16.59;15.70;16.48;6866162;111156392.00
20130527;16.48;18.13;16.34;17.80;9306298;162802208.00
20130528;17.68;18.59;17.46;18.10;10100399;182278288.00
20130529;18.01;18.79;17.51;18.60;4399250;80542080.00
20130530;18.34;18.88;18.02;18.80;3257932;60307512.00
20130531;19.00;20.00;18.42;18.85;4110725;79332792.00
20130603;18.69;18.80;17.70;18.20;3591691;64928060.00
20130604;18.03;18.09;17.24;17.84;2334896;41158336.00
20130605;17.88;18.18;17.20;17.64;2458181;43300884.00
20130606;14.49;14.94;14.20;14.21;3136305;45776392.00
20130607;14.10;14.32;12.90;13.26;6116259;81874160.00
20130613;12.94;13.13;12.50;13.04;4183966;53484028.00
20130614;13.15;13.68;13.03;13.53;3899754;52090904.00
20130617;13.47;13.69;13.12;13.19;4308308;58063868.00
20130618;13.19;13.30;12.88;13.30;2934069;38411880.00
20130619;13.10;13.30;12.93;13.26;1995133;26135900.00
20130620;13.15;13.59;12.75;13.07;3614726;47991840.00
20130621;12.50;13.03;12.48;12.85;2027453;25946256.00
20130624;12.71;12.83;11.60;11.87;2525552;30773956.00
20130625;11.53;12.10;10.68;12.06;5192669;59391152.00
20130626;12.00;12.71;11.84;12.68;4454663;54755232.00
20130627;12.75;13.07;12.27;12.29;3512457;44893280.00
20130628;12.00;12.70;11.71;12.17;2131804;26021856.00
20130701;12.06;12.71;12.06;12.65;1522626;18945454.00
20130702;12.56;12.95;12.56;12.89;2864439;36576980.00
20130703;12.88;12.88;12.15;12.54;4741304;59274140.00
20130704;12.42;12.60;12.20;12.34;3750098;46486160.00
20130705;12.34;12.46;11.11;11.11;6687743;78933208.00
20130708;11.00;11.00;10.19;10.23;5854743;61358548.00
20130709;10.31;10.57;10.25;10.43;2646342;27527488.00
20130710;10.43;11.39;10.41;11.38;5735158;62256316.00
20130711;11.24;11.73;11.00;11.51;5651260;64326004.00
20130712;11.45;12.07;11.44;11.54;4745839;55739608.00
20130715;11.53;11.95;11.46;11.86;3585977;42249604.00
20130716;11.99;12.31;11.96;12.21;3714561;45067836.00
20130717;12.20;12.20;11.65;11.80;3413038;40716108.00
20130718;11.75;11.90;11.45;11.79;3072379;35933120.00
20130719;11.80;12.30;11.71;11.80;4358792;52514436.00
20130722;11.74;12.30;11.55;12.30;3405629;41140596.00
20130723;12.36;12.75;12.30;12.72;5360648;67058296.00
20130724;12.85;13.25;12.71;13.22;6744381;87757184.00
20130725;13.35;13.35;12.35;12.39;5991538;76181848.00
20130726;12.33;12.56;11.81;12.18;5765344;70149096.00
20130729;12.03;12.19;11.62;11.72;3823300;45370636.00
20130730;11.75;11.86;11.25;11.59;2335407;26857036.00
20130731;11.70;12.03;11.70;11.79;2069545;24508364.00
20130801;11.85;12.60;11.71;12.58;5397359;66669656.00
20130802;12.69;13.58;12.69;13.10;8581664;112413464.00
20130805;13.10;14.23;13.05;13.98;10204880;139875840.00
20130806;13.98;13.98;13.61;13.80;5027557;69253432.00
20130807;13.82;13.85;12.93;13.14;5901417;78187224.00
20130808;13.03;13.87;13.03;13.70;4810238;65091244.00
20130809;13.68;13.70;13.10;13.37;3520971;47063284.00
20130812;13.45;13.73;13.12;13.39;4995334;67143520.00
20130813;13.40;13.51;13.15;13.48;4660421;61981236.00
20130814;13.45;13.53;13.10;13.22;3207323;42664908.00
20130815;13.18;13.60;13.12;13.13;2789575;37228452.00
20130816;13.11;13.54;12.91;13.00;3608275;47859156.00
20130819;12.88;13.40;12.76;13.39;2893649;38078720.00
20130820;13.40;13.89;13.39;13.64;5055672;68970072.00
20130821;13.70;13.80;13.46;13.72;2719950;37047052.00
20130822;13.66;13.98;13.62;13.76;3662766;50610504.00
20130823;13.76;14.50;13.76;14.50;9214099;131104144.00
20130826;14.45;14.55;14.07;14.49;6352338;91034504.00
20130827;14.40;14.45;14.02;14.29;3550116;50420656.00
20130828;14.19;14.92;14.05;14.49;5337994;77872120.00
20130829;14.41;14.95;14.18;14.93;4736588;69571032.00
20130830;14.93;15.45;14.40;14.70;7726602;116405992.00
20130902;14.70;15.20;14.10;15.18;3883930;56574580.00
20130903;15.00;16.20;15.00;15.97;4828558;75887832.00
20130904;15.75;16.20;15.60;15.93;2290337;36283716.00
20130905;15.80;16.43;15.53;16.00;5748454;92311360.00
20130906;16.06;16.28;15.79;16.20;2516666;40467692.00
20130909;16.15;16.46;15.32;15.46;3687996;57997796.00
20130910;15.35;15.52;14.76;15.09;3836523;57408300.00
20130911;15.05;15.05;14.31;14.80;2479758;36254064.00
20130912;14.80;15.08;14.44;14.65;1454872;21503448.00
20130913;14.50;15.00;14.36;14.97;1862086;27429552.00
20130916;14.92;15.36;14.91;14.98;1554466;23499752.00
20130917;15.18;15.33;14.53;14.66;1185111;17432628.00
20130918;14.57;15.09;14.57;14.83;767991;11392077.00
20130923;14.85;15.26;14.66;15.18;1718809;25962176.00
20130924;15.28;15.28;14.76;14.94;1806616;27049392.00
20130925;14.94;15.30;14.93;15.07;1638930;24832818.00
20130926;15.16;15.24;14.78;14.79;1299982;19480212.00
20130927;14.51;15.07;14.51;14.90;1181154;17588952.00
20130930;14.91;15.14;14.80;14.95;893619;13347324.00
20131008;14.90;15.45;14.73;15.42;1638138;24900546.00
20131009;15.32;16.96;15.32;16.74;5013093;82095264.00
20131010;16.74;17.09;16.32;17.05;3186371;53249244.00
20131011;16.81;17.02;16.00;16.75;2928270;48530256.00
20131014;16.76;17.72;16.64;17.56;2354670;41045432.00
20131015;17.69;17.94;16.82;17.24;2549921;43899248.00
20131016;16.86;17.23;16.25;16.65;1340656;22325902.00
20131017;16.65;17.05;16.56;16.61;899938;15114324.00
20131018;16.75;16.99;16.55;16.80;651311;10980819.00
20131021;16.96;17.89;16.96;17.68;1550810;27272424.00
20131022;17.00;17.98;16.59;16.61;2237888;38341900.00
20131023;16.61;16.79;15.31;15.81;1730062;27624530.00
20131024;15.79;15.85;15.11;15.28;1768249;27308962.00
20131025;15.38;15.44;14.90;15.04;899461;13629996.00
20131028;14.99;15.60;14.85;15.56;982401;15142843.00
20131029;15.77;15.91;14.51;15.68;1966424;29884000.00
20131030;15.68;15.95;15.30;15.59;1298334;20221870.00
20131031;15.59;15.62;15.18;15.37;779002;11954204.00
20131101;15.10;15.43;14.91;15.08;1613794;24463100.00
20131104;14.87;15.80;14.87;15.49;1730833;26862872.00
20131105;15.49;15.77;15.32;15.70;871166;13619040.00
20131106;15.68;15.95;15.53;15.72;1212201;19063228.00
20131107;15.46;15.73;15.15;15.20;920725;14212792.00
20131108;15.33;15.33;14.20;14.30;2264269;32914602.00
20131111;14.35;14.86;14.18;14.67;669302;9736093.00
20131112;14.84;14.89;14.45;14.80;566281;8331943.00
20131113;14.61;15.32;14.54;15.01;1459049;21938092.00
20131114;14.96;15.32;14.82;15.19;679518;10298143.00
20131115;15.24;15.64;15.12;15.31;1473950;22735114.00
20131118;15.35;15.88;15.35;15.86;1872504;29334278.00
20131119;15.67;16.47;15.67;16.24;2678930;43393552.00
20131120;16.23;16.38;16.00;16.30;1280256;20759060.00
20131121;16.25;16.53;16.06;16.28;1287910;21067838.00
20131122;16.20;16.38;15.72;15.72;1424712;22814706.00
20131125;15.80;16.70;15.63;16.34;1832113;29955642.00
20131126;16.34;16.73;16.02;16.69;2228976;36700180.00
20131127;16.70;17.10;16.63;16.90;1702723;28785974.00
20131128;16.97;17.18;16.63;16.89;1696509;28653242.00
20131129;16.83;17.41;16.76;17.09;1755937;30069714.00
20131202;16.35;16.63;15.38;15.42;3437174;54836464.00
20131203;15.22;15.87;14.87;15.72;1884549;28876494.00
20131204;15.61;16.38;15.61;16.10;1525268;24640172.00
20131205;15.95;16.05;15.01;15.17;2669065;40922872.00
20131206;14.90;15.38;14.88;15.35;802353;12203005.00
20131209;15.35;15.58;15.28;15.42;647250;9967995.00
20131210;15.51;15.51;14.90;15.29;1388854;21032116.00
20131211;15.34;15.53;14.95;15.13;1290156;19602180.00
20131212;15.25;15.90;15.14;15.80;2081658;32709880.00
20131213;15.87;16.57;15.67;16.27;1865045;30313268.00
20131216;16.19;16.35;15.50;15.60;1286255;20409994.00
20131217;15.50;16.15;15.50;16.06;885248;14050172.00
20131218;16.25;16.30;15.58;15.75;1166012;18459512.00
20131219;15.80;15.99;15.50;15.73;790010;12447762.00
20131220;15.80;16.15;15.74;16.05;1190109;19018554.00
20131223;16.13;17.20;15.80;16.80;3170077;53025748.00
20131224;16.62;17.40;16.62;17.29;3903825;67127344.00
20131225;17.33;18.27;17.15;18.20;3339420;59418540.00
20131226;18.20;18.68;17.52;17.70;2445050;44184088.00
20131227;17.68;18.99;17.35;18.71;2674958;49156608.00
20131230;18.79;19.40;18.39;19.00;2538794;47974260.00
20131231;18.67;18.90;17.80;18.40;2201259;40250816.00
20140102;18.15;18.70;18.13;18.52;1115462;20512538.00
20140103;18.46;19.60;18.28;19.57;3206844;61291660.00
20140106;19.61;19.90;19.00;19.06;3509014;68431128.00
20140107;19.08;20.97;18.53;20.97;2938930;59219840.00
20140108;21.80;21.87;20.82;21.10;2655735;56681152.00
20140109;21.06;21.58;19.76;19.85;2673227;55473216.00
20140110;19.92;20.70;19.06;19.38;1916430;37961784.00
20140113;19.40;20.80;19.38;20.57;2098400;42376132.00
20140114;20.49;20.68;19.70;20.57;1699979;34535744.00
20140115;20.83;21.30;20.20;20.75;3403232;70234472.00
20140116;20.75;20.98;20.18;20.22;1870958;38297028.00
20140117;20.25;20.46;19.42;19.57;2329984;46442596.00
20140120;19.79;20.00;18.91;18.95;1280307;24703018.00
20140121;19.08;20.14;18.98;19.99;2063880;40830096.00
20140122;19.86;19.98;19.03;19.57;2912592;56748872.00
20140123;19.58;20.39;19.36;20.14;2462566;48919864.00
20140124;20.10;20.77;19.80;20.40;2722349;55541128.00
20140127;20.15;21.10;19.99;20.40;2151997;44470280.00
20140128;20.40;20.55;19.70;19.81;1337994;26692938.00
20140129;19.83;20.23;19.36;20.01;1613771;31844608.00
20140130;19.80;20.10;19.38;19.50;866339;17042460.00
20140207;19.32;20.45;19.30;20.36;1363114;27114024.00
20140210;20.35;20.98;20.19;20.88;1666249;34323336.00
20140211;20.88;21.17;20.20;20.48;1453605;30012568.00
20140212;20.48;20.79;19.97;20.78;1529175;31108156.00
20140213;20.88;22.14;20.86;21.09;3622870;78026216.00
20140214;21.06;23.20;21.05;23.11;3864876;86483736.00
20140217;23.13;23.68;22.40;23.30;2842651;65900716.00
20140218;23.35;24.47;23.35;23.64;3543369;84757192.00
20140219;23.50;23.81;22.80;22.95;1635677;37853896.00
20140220;22.82;22.92;21.51;22.21;2536289;55989784.00
20140221;21.97;22.45;21.58;21.88;1566383;34352836.00
20140224;21.98;23.08;21.45;23.03;1928376;42490564.00
20140225;22.80;23.48;20.73;20.75;3032118;66223244.00
20140226;20.46;20.46;19.51;20.28;2088827;41643228.00
20140227;20.03;20.98;19.01;19.28;2460075;49355960.00
20140228;19.43;20.48;19.00;19.90;1725051;33812516.00
20140303;19.80;20.64;19.80;20.64;1088406;22089858.00
20140304;20.78;20.78;20.10;20.52;821642;16803140.00
20140305;20.79;21.91;20.62;21.50;1851525;39711176.00
20140306;21.40;22.63;21.40;22.10;3617623;80457016.00
20140307;21.83;22.50;21.23;21.26;2320554;50629488.00
20140310;21.00;21.00;19.59;20.10;1758362;35686968.00
20140311;20.10;20.98;19.89;20.80;1386788;28303398.00
20140312;20.79;21.00;19.75;20.30;1024158;20793210.00
20140313;20.23;20.80;20.09;20.70;858983;17656276.00
20140314;20.31;20.71;20.18;20.59;675853;13811150.00
20140317;20.25;21.48;20.25;21.42;1064445;22457058.00
20140318;21.34;22.23;21.30;21.92;1532550;33562632.00
20140319;21.92;21.92;20.90;21.65;1244725;26547928.00
20140320;21.51;21.67;20.65;20.65;1036226;22022540.00
20140321;20.39;21.59;19.73;21.59;1793542;37086816.00
20140324;21.59;21.88;20.90;21.18;1182124;25170294.00
20140325;21.18;21.95;21.03;21.70;1420133;30715910.00
20140326;21.71;21.87;20.72;21.17;2169356;46015868.00
20140327;20.86;21.07;19.91;19.95;1274993;25960264.00
20140328;19.75;19.75;18.00;18.70;3399530;63739152.00
20140331;18.71;19.00;17.40;17.99;1641139;29785416.00
20140401;17.88;18.30;17.80;18.29;964654;17421130.00
20140402;18.13;18.49;17.66;17.77;987894;17637954.00
20140403;17.83;18.26;17.40;17.56;1644080;29457292.00
20140404;17.27;17.85;17.27;17.72;997710;17537434.00
20140408;17.53;18.13;17.37;17.91;1067962;18971090.00
20140409;17.84;18.29;17.84;18.13;1321822;23931218.00
20140410;18.30;18.48;18.13;18.20;1148837;21021918.00
20140411;18.20;18.20;17.31;17.45;2143715;37454640.00
20140414;17.45;17.58;17.27;17.51;1847591;32138180.00
20140415;17.50;17.69;17.42;17.52;862670;15128030.00
20140416;17.55;17.56;16.80;16.89;2553654;43482820.00
20140417;16.87;17.18;16.85;17.00;1040220;17695108.00
20140418;17.00;17.65;16.87;17.65;1714360;29679628.00
20140421;17.45;17.97;17.30;17.52;1700523;30071174.00
20140422;17.46;17.59;16.80;16.95;1477655;25199976.00
20140423;16.95;17.10;16.55;16.62;1351396;22666304.00
20140424;16.67;16.78;16.35;16.38;1170768;19239044.00
20140425;16.43;16.54;16.20;16.35;858166;14058043.00
20140428;16.21;16.38;15.93;16.03;1932873;31138148.00
20140429;15.98;16.18;14.85;15.30;2996005;45760224.00
20140430;15.30;15.73;15.07;15.61;1259891;19522206.00
20140505;15.52;15.68;15.13;15.60;1785822;27405588.00
20140506;15.60;15.98;15.46;15.80;1915563;30171804.00
20140507;15.78;15.78;15.00;15.20;1300970;19999200.00
20140508;15.18;15.55;14.91;15.26;791867;12121277.00
20140509;15.18;15.29;14.33;15.00;1477338;21915252.00
20140512;15.18;15.50;14.91;15.50;873843;13279065.00
20140513;15.29;15.59;14.82;14.95;1545240;23380200.00
20140514;14.99;15.06;14.72;14.80;785960;11663073.00
20140515;14.80;14.94;14.50;14.56;968915;14207058.00
20140516;14.41;14.74;14.28;14.55;673509;9718914.00
20140519;14.39;14.80;14.38;14.80;734091;10715052.00
20140520;14.87;15.22;14.87;15.01;1117191;16782788.00
20140521;14.90;15.14;14.71;15.13;624145;9336154.00
20140522;15.09;15.55;15.09;15.30;1497661;23072628.00
20140523;10.22;10.27;9.94;10.22;1414532;14264590.00
20140526;10.37;10.57;10.25;10.45;3119387;32578994.00
20140527;10.40;10.49;10.30;10.35;929347;9636368.00
20140528;10.48;10.67;10.37;10.66;2320886;24527768.00
20140529;10.60;10.70;10.46;10.48;1813770;19146280.00
20140530;10.53;10.60;10.42;10.56;821844;8641250.00
20140603;10.60;10.70;10.49;10.53;1167756;12366571.00
20140604;10.46;10.50;10.15;10.33;1075529;11099750.00
20140605;10.33;10.63;10.30;10.56;1465632;15387087.00
20140606;10.62;10.70;10.42;10.60;1511997;16008147.00
20140609;10.51;10.51;10.15;10.18;1844618;19047348.00
20140610;10.19;10.45;10.15;10.39;1537032;15848681.00
20140611;10.38;10.50;10.34;10.45;1687141;17580862.00
20140612;10.43;10.68;10.38;10.60;2377932;25115142.00
20140613;10.51;10.97;10.50;10.97;3465048;37536932.00
20140616;11.02;11.25;10.95;10.96;3649423;40468652.00
20140617;10.96;10.96;10.71;10.88;1640379;17721900.00
20140618;10.87;10.93;10.60;10.60;1427984;15410974.00
20140619;10.50;10.67;10.05;10.19;1221545;12642415.00
20140620;10.23;10.37;10.00;10.36;1077818;11014854.00
20140623;10.36;10.71;10.36;10.64;1092883;11581026.00
20140624;10.56;10.70;10.48;10.49;1074623;11342702.00
20140625;10.49;10.56;10.18;10.40;1409936;14476962.00
20140626;10.38;10.77;10.22;10.75;2397837;25440444.00
20140627;10.73;10.91;10.62;10.90;1973296;21327542.00
20140630;10.87;11.10;10.82;11.00;1761501;19305638.00
20140701;11.02;11.21;10.86;10.89;1957958;21509536.00
20140702;10.82;11.19;10.70;11.19;2860363;31229778.00
20140703;11.17;11.97;11.15;11.66;7916597;92082576.00
20140704;11.66;11.70;11.38;11.40;2939375;33702636.00
20140707;11.34;11.42;10.97;11.13;3581344;39928388.00
20140708;11.15;11.67;11.08;11.62;3067298;35055240.00
20140709;11.63;11.78;11.23;11.23;2807676;32263864.00
20140710;11.23;11.45;11.04;11.15;2124900;23826058.00
20140711;11.14;11.47;11.04;11.37;1852153;21015442.00
20140714;11.16;11.89;11.01;11.72;4573769;52953320.00
20140715;11.68;11.69;11.39;11.41;2393865;27553370.00
20140716;11.41;11.45;11.00;11.13;2079895;23323196.00
20140717;11.10;11.27;10.60;10.65;3202783;34791548.00
20140718;10.63;10.79;10.01;10.15;4807754;49922400.00
20140721;10.20;10.28;10.08;10.22;2000255;20379034.00
20140722;10.24;10.48;10.17;10.39;2443310;25313224.00
20140723;10.41;10.44;9.95;10.03;3474668;34980716.00
20140724;10.01;10.09;9.53;9.60;4128217;40055064.00
20140725;9.62;9.75;9.60;9.74;1978385;19164768.00
20140728;9.80;10.22;9.80;10.12;4635743;46304408.00
20140729;10.18;10.45;10.09;10.44;5098046;52365172.00
20140730;10.42;10.75;10.40;10.70;5732171;61051428.00
20140731;10.71;10.77;10.53;10.71;2913061;31032100.00
20140801;10.71;11.28;10.64;10.89;5680465;62273792.00
20140804;11.05;11.25;10.93;11.13;3105515;34378508.00
20140805;11.13;11.24;10.90;11.13;2622172;29073046.00
20140806;11.13;11.39;11.13;11.28;2914827;32883526.00
20140807;11.30;11.56;11.13;11.27;3230093;36653544.00
20140808;11.22;11.28;10.96;11.16;2745871;30631820.00
20140811;11.20;11.50;11.20;11.39;2785247;31731420.00
20140812;11.41;11.54;11.31;11.37;2308849;26353818.00
20140813;11.38;11.48;11.09;11.21;2180181;24498870.00
20140814;11.20;11.31;11.11;11.17;1665404;18699400.00
20140815;11.22;11.42;11.11;11.39;2059163;23285538.00
20140818;11.39;12.14;11.38;12.02;6311911;74506224.00
20140819;11.98;12.30;11.95;12.12;3669087;44316508.00
20140820;12.00;12.09;11.83;12.02;2256807;27072230.00
20140821;12.02;12.76;11.93;12.48;5177323;64432640.00
20140822;12.48;12.80;12.31;12.75;5276587;66556564.00
20140825;12.94;12.94;12.41;12.48;3131116;39239756.00
20140826;12.41;12.41;11.81;12.18;3957585;47981308.00
20140827;12.10;12.60;12.02;12.40;2965420;36619660.00
20140828;12.31;12.40;12.01;12.10;2329027;28245286.00
20140829;12.09;12.31;12.00;12.21;1791427;21780840.00
20140901;12.29;12.46;12.25;12.40;2617159;32302428.00
20140902;12.50;12.68;12.22;12.46;3636603;44986912.00
20140903;12.46;12.60;12.35;12.52;2878593;35937424.00
20140904;12.56;13.19;12.55;13.12;6418923;82609840.00
20140905;13.20;13.60;13.03;13.16;5927333;78806304.00
20140909;13.23;13.28;12.92;13.21;4415144;58166216.00
20140910;13.13;13.70;13.01;13.45;3965789;53099656.00
20140911;13.48;13.67;13.14;13.15;4385886;58689668.00
20140912;13.13;13.32;13.01;13.26;2283677;30140280.00
20140915;13.27;14.06;13.08;13.66;4736009;63799652.00
20140916;13.68;13.79;13.02;13.03;5400810;71928896.00
20140917;12.98;13.55;12.76;13.24;4641557;61551264.00
20140918;13.24;13.34;13.15;13.30;2168938;28739340.00
20140919;13.31;13.61;13.18;13.52;3266489;43833536.00
20140922;13.51;13.59;13.33;13.36;2740040;36874788.00
20140923;13.44;13.88;13.40;13.86;2654278;36142708.00
20140924;13.76;14.72;13.70;14.56;5389100;77258936.00
20140925;14.69;14.86;14.25;14.50;3670278;53671020.00
20140926;14.45;14.58;14.30;14.57;2340787;33931692.00
20140929;14.66;14.82;14.49;14.63;2490467;36290920.00
20140930;14.69;15.28;14.60;15.17;2948197;44173708.00
20141008;15.16;15.30;15.00;15.25;2024711;30715554.00
20141009;15.18;15.45;14.81;14.95;3059993;45912864.00
20141010;14.96;14.96;14.58;14.70;2920793;42947852.00
20141013;14.60;14.64;14.03;14.26;4372754;62246084.00
20141014;14.24;14.82;14.15;14.38;3272299;47683216.00
20141015;14.39;14.69;14.38;14.63;1713604;24941688.00
20141016;14.55;14.78;14.16;14.20;3511338;50855752.00
20141017;14.00;14.45;13.77;13.89;2872062;40063756.00
20141020;13.89;14.52;13.89;14.51;2445438;34876148.00
20141021;14.51;14.62;14.03;14.10;2985620;42576292.00
20141022;14.08;14.27;13.94;13.98;1569003;22146952.00
20141023;13.80;14.08;13.50;13.61;2170218;29761996.00
20141024;13.55;13.89;13.23;13.89;1550747;21323764.00
20141027;13.87;14.77;13.75;14.73;4974345;72157680.00
20141028;14.90;15.25;14.75;15.08;3704087;55771108.00
20141029;15.18;15.40;15.01;15.17;4094797;62187144.00
20141030;14.97;15.30;14.90;15.13;2795302;42294056.00
20141031;15.10;15.23;14.62;14.95;2353265;34982908.00
20141103;14.81;15.10;14.80;14.95;1791838;26686722.00
20141104;14.95;15.09;14.81;15.00;1873579;28061672.00
20141105;15.08;16.00;15.07;15.80;5607369;87682192.00
20141106;15.66;16.65;15.60;16.48;5550907;90257600.00
20141107;16.48;16.50;15.83;16.17;3658842;59278636.00
20141110;16.50;16.98;15.92;16.29;5236061;85721912.00
20141111;16.25;16.25;15.00;15.70;4717228;73600144.00
20141112;15.60;16.29;15.39;16.18;3298939;52162784.00
20141113;15.96;16.14;15.50;15.69;2496025;39300136.00
20141114;15.70;15.70;14.80;14.95;3569478;54192396.00
20141117;14.97;15.30;14.68;14.88;3690131;55314268.00
20141118;14.88;15.13;14.45;14.95;3401591;50027044.00
20141119;14.98;15.19;14.80;15.08;1904891;28592570.00
20141120;15.10;15.10;14.50;14.58;4920031;72033392.00
20141121;14.50;14.92;14.50;14.60;4529319;66801132.00
20141124;14.75;14.86;14.58;14.70;4189382;61582640.00
20141125;14.71;16.17;14.70;16.05;7354908;114196064.00
20141126;16.05;16.23;15.70;15.98;5494865;88002592.00
20141127;15.97;16.17;15.62;15.88;4011213;63750392.00
20141128;15.87;16.50;15.75;16.27;5766315;93242048.00
20141201;16.27;16.55;15.30;15.78;4331988;69263632.00
20141202;15.79;16.30;15.66;16.25;4954065;79571704.00
20141203;16.38;17.80;16.27;17.41;10298476;175445456.00
20141204;17.30;17.90;17.01;17.15;6679371;116789024.00
20141205;17.16;17.46;15.81;16.21;8183257;134779536.00
20141208;16.30;16.60;16.00;16.16;4133353;67247584.00
20141209;16.20;16.20;14.88;14.88;6136052;93963688.00
20141210;14.95;15.70;14.30;15.37;4374013;66213688.00
20141211;15.28;15.89;15.15;15.61;2445683;38159124.00
20141212;15.49;15.82;15.49;15.61;2074298;32353516.00
20141215;15.51;16.38;15.10;16.25;4621407;73785304.00
20141216;16.18;16.35;15.92;16.21;2535062;40930352.00
20141217;15.96;16.12;15.49;15.66;2786380;43834856.00
20141218;15.48;15.93;15.48;15.53;1588644;24817794.00
20141219;15.63;15.63;14.30;14.85;5209311;77195736.00
20141222;14.75;14.75;13.37;13.39;5128413;69882520.00
20141223;13.20;13.78;12.80;12.98;2676374;35424104.00
20141224;13.08;13.43;13.08;13.35;2206360;29226490.00
20141225;13.37;13.75;13.30;13.60;1883550;25621106.00
20141226;13.60;13.68;13.13;13.34;2777988;37107872.00
20141229;13.34;13.53;12.40;12.62;3946151;50215736.00
20141230;12.52;12.81;11.81;12.03;3541031;43147684.00
20141231;12.16;12.85;11.77;12.85;4262223;51989240.00
20150105;12.60;12.79;12.10;12.47;1614117;20048462.00
20150106;12.41;13.29;12.27;13.13;2935103;37910844.00
20150107;13.15;13.56;13.05;13.16;1959086;26036700.00
20150108;13.17;13.47;12.92;13.23;2313492;30588866.00
20150109;13.20;13.35;12.86;12.86;2168330;28375752.00
20150112;12.88;12.98;12.40;12.83;1847659;23291882.00
20150113;12.87;13.43;12.61;13.33;3317469;43886584.00
20150114;13.34;13.53;13.13;13.18;1375731;18230304.00
20150115;13.28;13.28;12.83;13.18;1108565;14468441.00
20150116;13.20;13.42;13.09;13.29;1556501;20658834.00
20150119;13.22;13.58;12.87;13.01;2840779;37791712.00
20150120;12.98;13.47;12.98;13.46;2249087;29879222.00
20150121;13.47;14.81;13.30;14.81;8375178;120695176.00
20150122;14.90;15.23;14.60;14.94;8491168;126518760.00
20150123;14.85;14.85;14.41;14.45;4043543;59012248.00
20150126;14.45;15.18;14.45;15.00;6240082;92993624.00
20150127;15.00;15.08;14.71;14.98;3653524;54501520.00
20150128;14.94;14.94;14.60;14.70;2313076;34067584.00
20150129;14.58;14.72;14.46;14.66;1435111;20977426.00
20150130;14.66;14.79;14.51;14.55;1185511;17390384.00
20150202;14.45;14.58;14.23;14.23;1369902;19705434.00
20150203;14.23;15.05;14.23;14.96;3026637;44762944.00
20150204;14.85;15.08;14.75;14.86;1701448;25274254.00
20150205;14.87;15.77;14.82;15.20;5654437;86935488.00
20150206;15.13;15.21;14.69;14.85;1959976;29239902.00
20150209;14.80;14.85;14.30;14.33;1934778;28146580.00
20150210;14.45;14.91;14.33;14.90;1419363;20744884.00
20150211;14.90;15.09;14.82;14.83;2025621;30359406.00
20150212;14.83;15.40;14.83;15.40;2147014;32539328.00
20150213;15.39;15.70;15.25;15.39;2382430;36884760.00
20150216;15.33;15.83;15.31;15.80;3475205;54511224.00
20150217;15.79;15.96;15.60;15.83;2046888;32255858.00
20150225;16.00;16.00;15.50;15.78;2330566;36721536.00
20150226;15.64;15.75;15.52;15.61;1751201;27361894.00
20150227;15.60;15.85;15.50;15.75;1994694;31279994.00
20150302;15.85;16.08;15.60;16.00;3254893;51533496.00
20150303;15.93;16.43;15.71;15.76;3894555;62815540.00
20150304;15.81;15.95;15.71;15.83;2641740;41824696.00
20150305;15.83;16.50;15.67;16.50;5011946;81051040.00
20150306;16.51;16.56;15.72;15.81;3827903;61594612.00
20150309;15.71;16.22;15.52;16.13;2961147;47234168.00
20150310;16.11;16.36;16.05;16.10;2477238;39988576.00
20150311;16.12;16.18;15.80;16.00;2395197;38285128.00
20150312;15.98;16.09;15.57;15.72;2484938;39220876.00
20150313;15.76;16.17;15.72;16.17;2270094;36268792.00
20150316;16.20;17.06;16.20;17.03;5453105;91487752.00
20150317;17.05;17.66;16.78;17.32;5479325;94928480.00
20150318;17.32;17.84;17.15;17.70;4187442;73704528.00
20150319;17.58;18.00;17.10;17.39;4732983;82709808.00
20150320;17.45;18.11;17.40;18.02;5120096;91062264.00
20150323;18.02;18.15;17.70;18.04;6709283;120183312.00
20150324;18.05;19.33;17.00;19.19;9779102;177160400.00
20150325;19.01;19.63;18.59;19.15;8701926;166096160.00
20150326;19.10;19.15;18.34;18.37;7046584;131307560.00
20150327;18.37;18.87;18.30;18.54;3560370;65999988.00
20150330;18.69;19.75;18.60;19.11;6520796;125907192.00
20150331;19.28;20.09;19.12;19.85;7871576;155422384.00
20150401;20.85;21.84;20.00;21.84;9787348;211730592.00
20150402;23.14;24.02;21.80;23.05;19883519;451005248.00
20150403;22.61;24.46;22.31;24.10;13717736;323258464.00
20150407;23.92;24.00;23.26;23.80;8565120;201613536.00
20150408;23.70;23.70;21.55;22.25;11591649;260647184.00
20150409;22.20;23.39;21.50;23.10;8791459;198507904.00
20150410;22.94;25.41;22.70;25.41;11679544;286597088.00
20150413;25.48;27.30;24.67;26.83;11791868;306918432.00
20150414;26.59;27.95;26.11;26.75;8412738;227907424.00
20150415;26.50;26.82;24.30;24.68;6616046;168503312.00
20150416;24.23;25.50;23.20;23.90;5565534;135756016.00
20150417;24.29;24.97;22.88;23.00;6697042;158295248.00
20150420;23.00;23.46;22.02;22.26;6997514;160330944.00
20150421;22.25;23.68;22.18;23.65;4898369;113360496.00
20150422;23.92;24.49;23.60;24.04;6002528;144269840.00
20150423;24.22;24.99;23.40;24.40;6724259;162927088.00
20150424;24.27;24.46;23.42;23.89;5522692;132044064.00
20150427;23.89;24.30;23.27;23.44;5413389;127849520.00
20150428;23.22;23.60;21.85;22.38;5268310;118434400.00
20150429;22.23;22.68;22.09;22.60;5174544;115791424.00
20150430;22.65;23.70;22.65;23.50;5949107;138783808.00
20150504;23.32;23.67;22.85;22.90;3400692;78324160.00
20150513;25.19;25.19;25.19;25.19;1273495;32079340.00
20150514;26.93;26.93;24.93;25.22;9941561;258048832.00
20150515;25.20;27.74;24.35;27.01;9095151;238098640.00
20150518;26.50;29.28;26.31;29.00;8451102;236037792.00
20150519;29.35;29.35;27.62;28.46;5699942;161090592.00
20150520;28.99;30.86;28.90;30.00;4554950;136402336.00
20150521;29.49;30.99;29.49;30.88;5606914;170532384.00
20150522;31.40;31.88;29.51;30.07;6625778;201543824.00
20150525;29.01;30.48;29.00;30.12;6874328;203801696.00
20150526;30.12;32.80;30.12;32.53;7313319;231094896.00
20150527;19.60;19.66;18.60;19.61;17248701;328876288.00
20150528;19.61;21.49;18.00;18.80;20131005;408801088.00
20150529;18.42;20.20;16.97;19.50;16472560;314133216.00
20150601;20.10;20.48;19.60;20.07;13912609;279115040.00
20150602;20.10;22.08;20.10;22.08;16913682;366737984.00
20150603;22.68;24.15;21.45;23.28;23705087;542892992.00
20150604;23.61;23.72;21.00;23.46;14950350;338883488.00
20150605;23.80;24.38;22.00;22.90;14409955;335177248.00
20150608;23.00;23.35;21.15;21.95;13877036;305931872.00
20150609;21.80;22.40;20.60;21.20;11856327;253770544.00
20150610;21.10;22.16;20.62;22.06;10538897;229365056.00
20150611;22.10;24.05;21.80;23.13;17609338;404498048.00
20150612;22.91;23.78;22.87;22.87;13108530;304529152.00
20150615;22.82;23.58;21.00;21.00;12372267;274608576.00
20150616;20.60;20.62;19.04;19.22;10899100;216046512.00
20150617;19.22;20.60;18.88;20.50;8594477;169079792.00
20150618;20.37;21.20;19.06;19.99;5898294;121629976.00
20150619;19.29;20.00;18.18;18.74;5686532;108415136.00
20150623;18.70;19.37;17.00;18.80;6661779;120938720.00
20150624;19.20;19.88;18.70;19.10;7890513;151543984.00
20150625;19.31;19.65;17.90;18.50;6068856;115840144.00
20150626;18.15;18.15;16.65;16.65;6562376;110559184.00
20150629;16.72;16.73;14.99;14.99;6681025;101118296.00
20150630;13.50;15.55;13.49;15.10;11904122;171145056.00
20150701;14.98;15.30;13.59;13.59;10503644;152344992.00
20150702;12.55;13.40;12.23;12.23;10795811;134371328.00
20150703;11.40;12.17;11.01;11.01;11714730;132694504.00
20150706;12.11;12.11;9.91;9.91;13768280;145226096.00
20150714;10.90;10.90;10.90;10.90;703432;7667409.00
20150715;11.99;11.99;10.01;11.04;36227811;417724160.00
20150716;11.04;11.49;9.94;11.40;29626881;319142464.00
20150717;11.42;12.54;11.02;12.54;22481341;269743872.00
20150720;12.71;13.58;12.50;13.22;22535601;294058048.00
20150721;13.00;13.55;12.50;13.14;16819758;219254096.00
20150722;12.86;13.28;12.48;13.00;14971909;193387600.00
20150723;13.10;14.00;13.02;13.60;17057290;230425696.00
20150724;13.71;14.56;13.40;13.63;23360221;326217120.00
20150727;13.38;14.36;12.27;12.27;20843199;280306880.00
20150728;11.59;13.45;11.14;12.62;17943610;219818976.00
20150729;12.69;13.34;11.78;13.33;12370359;156503968.00
20150730;13.10;13.50;12.42;12.61;10475628;138092944.00
20150731;12.30;12.84;11.90;12.24;8903658;109343296.00
20150803;12.08;12.08;11.02;11.02;10896626;123371160.00
20150804;11.40;12.11;11.02;12.10;10489457;121546680.00
20150805;12.00;12.28;11.76;11.92;10812350;130266184.00
20150806;11.57;12.07;11.33;11.78;6475047;76701512.00
20150807;11.88;12.39;11.88;12.19;9721549;118388392.00
20150810;12.39;13.41;12.38;13.28;14114037;182124544.00
20150811;13.35;13.79;12.85;13.50;13395951;178049168.00
20150812;13.18;13.44;12.80;12.85;9146061;120011160.00
20150813;12.90;13.30;12.62;13.24;7903497;103082568.00
20150814;13.30;13.88;13.21;13.82;14906742;202171616.00
20150817;13.85;13.99;13.52;13.92;9166175;126046712.00
20150818;13.90;13.99;12.53;12.53;9460506;125233856.00
20150819;12.00;12.86;11.50;12.80;7705879;93858304.00
20150820;12.50;12.98;12.00;12.10;5758137;72165576.00
20150821;11.75;11.96;10.89;10.89;8617376;98120656.00
20150824;10.30;10.30;9.80;9.80;4684000;46384184.00
20150825;8.82;9.00;8.82;8.82;6188450;54666040.00
20150826;8.87;8.91;7.94;7.94;14765850;122813520.00
20150827;8.04;8.38;7.51;8.29;10513719;84670608.00
20150828;8.35;9.02;8.08;8.76;31983970;272797984.00
20150831;8.75;8.75;7.95;7.95;17441556;144354864.00
20150901;7.73;7.86;7.16;7.16;14664204;107045704.00
20150902;6.54;7.50;6.49;6.74;14872345;102629656.00
20150907;6.99;7.40;6.90;7.06;13198217;93645792.00
20150908;7.10;7.75;7.02;7.71;12726763;93358168.00
20150909;7.85;8.30;7.80;8.21;17756044;143671344.00
20150910;8.01;8.25;7.90;7.98;9816107;79574976.00
20150911;7.98;8.23;7.90;8.16;8830194;71415336.00
20150914;8.23;8.29;7.34;7.34;12126861;93878568.00
20150915;7.20;7.32;6.71;6.74;8975917;62979216.00
20150916;6.85;7.41;6.83;7.41;9839461;70212544.00
20150917;7.45;7.96;7.35;7.37;13011140;99828848.00
20150918;7.47;7.86;7.38;7.76;8498086;64450288.00
20150921;7.61;8.30;7.56;8.27;14870129;119321872.00
20150922;8.33;8.44;7.92;8.22;14096449;115339248.00
20150923;8.05;8.30;7.95;8.30;10707066;86904840.00
20150924;8.40;8.95;8.39;8.76;16214157;140957040.00
20150925;8.65;8.91;8.03;8.29;13711744;116696816.00
20150928;8.38;8.68;8.14;8.63;11989190;100952624.00
20150929;8.42;8.64;8.26;8.43;7911369;66694076.00
20150930;8.55;8.76;8.27;8.41;7440983;63266032.00
20151008;8.85;8.99;8.61;8.82;14067478;124164544.00
20151009;8.86;9.45;8.75;9.30;17681341;160523968.00
20151012;9.38;9.99;9.22;9.65;13803200;132793752.00
20151013;9.58;9.85;9.40;9.80;12650374;121403360.00
20151014;9.74;9.99;9.35;9.39;14160337;136377632.00
20151015;9.34;9.77;9.29;9.77;13603776;130256456.00
20151016;9.86;10.06;9.47;9.80;15707018;153990608.00
20151019;9.88;9.88;9.40;9.53;12281300;118268392.00
20151020;9.50;9.98;9.46;9.97;13908561;135523904.00
20151021;9.95;9.95;8.97;8.97;17314756;163736080.00
20151022;8.94;9.40;8.94;9.35;11233708;102931560.00
20151023;9.35;9.96;9.35;9.80;12593870;121702800.00
20151026;9.96;10.26;9.80;10.21;15511552;156049136.00
20151027;10.14;10.45;9.35;10.38;19700450;194991792.00
20151028;10.06;10.47;9.97;10.11;16022906;163278672.00
20151029;10.24;10.30;9.80;10.09;11806122;118971392.00
20151030;9.98;10.25;9.86;10.01;8963186;90118080.00
20151102;9.55;9.97;9.51;9.55;9560115;92773560.00
20151103;9.57;9.68;9.35;9.62;8469656;80805656.00
20151104;9.68;10.50;9.62;10.44;15688156;158142592.00
20151105;10.44;10.53;10.03;10.25;14185681;145564960.00
20151106;10.25;10.75;10.24;10.71;14778815;156255376.00
20151109;10.55;11.03;10.34;10.90;14644519;156806016.00
20151110;10.75;11.10;10.65;10.84;13162272;142774544.00
20151111;10.78;11.27;10.70;11.22;15490182;170771008.00
20151112;11.25;11.28;10.85;11.23;15568962;172805696.00
20151113;11.03;11.41;10.80;10.80;15172002;167562256.00
20151116;10.47;11.12;10.40;11.12;11550143;124540424.00
20151117;11.25;11.67;10.98;11.08;16871558;190733712.00
20151118;11.00;11.17;10.63;10.68;7548524;82361144.00
20151119;10.87;11.33;10.69;11.31;14344058;159309376.00
20151120;11.32;11.85;11.11;11.50;20505750;236134112.00
20151123;11.52;11.97;11.36;11.70;17443382;204072992.00
20151124;11.70;11.88;11.43;11.88;12381751;144841552.00
20151125;11.88;12.46;11.85;12.37;17632508;216098208.00
20151126;12.35;12.45;11.85;11.86;13727597;166397328.00
20151127;11.60;11.99;10.70;10.92;13582753;155476560.00
20151130;10.89;11.23;9.91;10.90;12606943;134683600.00
20151208;11.99;11.99;11.70;11.99;11589830;138942704.00
20151209;11.90;11.90;11.20;11.34;19905913;228985824.00
20151210;11.06;11.25;10.91;11.02;10736687;118907624.00
20151211;11.05;11.27;10.93;11.02;8122226;90076808.00
20151214;10.73;11.33;10.64;11.32;10699711;118252008.00
20151215;11.19;11.42;11.18;11.28;8572231;96831840.00
20151216;11.26;12.41;11.26;12.41;22441966;269689600.00
20151217;12.88;13.50;12.61;13.27;43287093;562384192.00
20151218;13.01;13.22;12.73;12.93;22751885;294844000.00
20151221;12.80;13.38;12.76;13.11;17979150;234804272.00
20151222;13.15;13.26;12.76;12.92;13572089;175940800.00
20151223;12.84;13.08;12.39;12.46;16122680;203355408.00
20151224;12.40;12.88;12.30;12.85;11035715;138944544.00
20151225;12.78;13.10;12.62;12.75;8996600;115702704.00
20151228;12.68;13.09;12.63;12.78;13890421;178900080.00
20151229;12.90;13.08;12.50;12.92;13302034;169554784.00
20151230;13.05;13.45;12.92;13.45;22152890;293266848.00
20151231;13.35;13.76;12.88;12.89;16486503;219779760.00
20160104;12.80;12.80;11.60;11.60;12107241;144881568.00
20160105;10.62;11.28;10.44;10.82;14514190;157742112.00
20160106;10.85;11.15;10.63;11.07;9867207;107869400.00
20160107;10.70;10.70;9.96;9.96;2755900;28415532.00
20160108;10.10;10.33;9.00;9.73;10933427;106811864.00
20160111;9.59;9.59;8.76;8.76;8155969;74202800.00
20160112;8.75;9.00;8.25;8.77;7161435;62350948.00
20160113;8.81;8.97;8.20;8.20;7661740;66135524.00
20160114;7.80;8.63;7.61;8.54;10740655;87989296.00
20160115;8.40;8.59;7.78;7.92;8911665;72745744.00
20160118;7.70;8.33;7.46;8.17;7079870;57284496.00
20160119;8.20;8.58;8.09;8.52;9114013;76175320.00
20160120;8.48;8.70;8.34;8.38;8342596;70936112.00
20160121;8.20;8.59;8.00;8.01;7934438;65901808.00
20160122;8.12;8.24;7.89;8.23;6210976;50254972.00
20160125;8.25;8.43;8.21;8.32;7028351;58433188.00
20160126;8.20;8.22;7.49;7.49;9533638;75118456.00
20160127;7.50;7.71;7.01;7.50;7044861;51582424.00
20160128;7.48;7.55;7.12;7.20;4557997;33583272.00
20160129;7.22;7.69;7.18;7.58;5676320;42294300.00
20160201;7.55;7.64;7.30;7.46;4744570;35687000.00
20160202;7.52;7.92;7.46;7.86;6050832;47058580.00
20160203;7.75;7.98;7.62;7.91;5278145;40953872.00
20160204;7.87;8.23;7.87;8.13;6122609;49651656.00
20160205;8.12;8.29;8.05;8.07;5465254;44596656.00
20160215;7.79;8.24;7.65;8.10;5164237;40969836.00
20160216;8.12;8.50;8.12;8.46;7374442;61828028.00
20160217;8.41;8.66;8.21;8.60;7727809;65311672.00
20160218;8.67;8.73;8.45;8.45;6428199;54935288.00
20160219;8.43;8.60;8.36;8.51;5002598;42438264.00
20160222;8.63;8.73;8.53;8.69;5572039;48181508.00
20160223;8.67;8.73;8.36;8.52;5667539;48385668.00
20160224;8.41;8.61;8.30;8.59;6125054;51915080.00
20160225;8.55;8.56;7.73;7.73;6977133;56410100.00
20160226;7.74;7.93;7.41;7.79;5354389;41562500.00
20160229;7.79;7.85;7.02;7.16;5995393;43665596.00
20160301;7.20;7.56;7.06;7.44;6412354;46633772.00
20160302;7.44;7.94;7.39;7.85;7062243;53984036.00
20160303;7.83;8.19;7.80;7.92;8030547;64467892.00
20160304;7.91;7.92;7.27;7.49;6908715;52682404.00
20160307;7.63;8.03;7.60;7.80;6789593;53062192.00
20160308;7.79;8.57;7.40;8.50;13268117;107518816.00
20160309;8.20;9.10;8.10;8.74;20745651;181128224.00
20160310;8.65;8.85;8.31;8.37;9277507;79134824.00
20160311;8.19;8.57;8.07;8.54;5891409;48846496.00
20160314;8.69;9.39;8.63;9.21;16029866;146415888.00
20160315;9.31;9.66;9.04;9.18;13620049;126135544.00
20160316;9.30;9.39;8.68;8.68;12904036;114699592.00
20160317;8.81;9.05;8.61;9.01;12502357;111174840.00
20160318;9.03;9.51;8.92;9.37;19629596;180142608.00
20160321;9.40;9.55;9.24;9.53;15990820;150165456.00
20160322;9.43;9.49;9.28;9.35;10821191;101292288.00
20160323;9.28;9.44;9.10;9.33;9953539;92325824.00
20160324;9.18;9.24;8.97;9.00;9512835;86944312.00
20160325;8.97;9.08;8.88;9.03;5821191;52229088.00
20160328;9.10;9.16;8.82;8.83;8140597;73529752.00
20160329;8.80;8.90;8.70;8.87;8011636;70569920.00
20160330;8.95;9.28;8.90;9.24;9215694;83851696.00
20160331;9.34;9.40;9.11;9.14;8471705;78415856.00
20160401;9.14;9.14;8.78;8.99;7105201;63424840.00
20160405;8.97;9.39;8.88;9.32;9869782;90950512.00
20160406;9.24;9.36;9.18;9.32;8151810;75690416.00
20160407;9.34;9.37;9.09;9.17;8934932;82484096.00
20160408;9.02;9.08;8.90;9.00;6059132;54414864.00
20160411;9.05;9.27;9.05;9.20;6618968;60807648.00
20160412;9.20;9.45;9.16;9.33;11165289;103853208.00
20160413;9.44;9.58;9.32;9.42;13126033;124354936.00
20160414;9.48;9.53;9.31;9.50;7729864;72844576.00
20160415;9.48;9.61;9.40;9.50;10337396;98415864.00
20160418;9.41;9.77;9.20;9.69;9927649;94081136.00
20160419;9.71;9.96;9.52;9.83;15387990;150742752.00
20160420;9.80;9.86;9.00;9.09;13486554;126013504.00
20160421;9.03;9.20;8.84;8.90;6832938;62150884.00
20160422;8.89;9.23;8.72;9.19;6790900;61503664.00
20160425;9.13;9.30;9.03;9.28;5085100;46484772.00
20160426;9.29;9.92;9.28;9.89;11622944;111021712.00
20160427;9.85;10.10;9.65;9.66;12771628;125425040.00
20160428;9.61;9.82;9.42;9.75;8331011;80170568.00
20160429;9.73;9.90;9.61;9.69;6679739;65237304.00
20160503;9.72;10.19;9.52;10.17;11545500;115428720.00
20160504;10.17;10.34;9.98;10.19;12869150;130835224.00
20160505;10.15;10.36;10.11;10.25;9093547;93330528.00
20160506;10.25;10.56;9.87;9.88;14674288;149810304.00
20160509;9.69;9.70;9.28;9.33;10737425;101989904.00
20160510;9.26;9.57;9.26;9.32;5449672;51293936.00
20160511;9.40;9.49;9.00;9.11;5075118;46690804.00
20160512;8.85;9.10;8.80;9.02;4710855;42239056.00
20160513;9.03;9.17;9.00;9.09;4167567;37891476.00
20160516;9.09;9.40;9.01;9.39;4877826;45403340.00
20160517;9.39;9.50;9.19;9.39;4622901;43178900.00
20160518;9.28;9.29;8.95;9.03;4238198;38439832.00
20160519;9.03;9.27;8.98;9.00;3185811;29067962.00
20160520;9.90;9.90;9.49;9.90;30224279;297216544.00
20160523;10.08;10.59;9.91;10.29;47855583;485865120.00
20160524;10.07;10.22;9.81;9.90;18632746;185801632.00
20160525;10.00;10.14;9.85;9.94;14425871;144054944.00
20160526;9.83;9.90;9.39;9.74;15429657;148414768.00
20160527;9.74;9.98;9.64;9.81;10667379;104759048.00
20160530;9.75;9.75;9.41;9.65;8476872;81307784.00
20160531;9.58;10.09;9.58;10.07;14211017;141235808.00
20160601;10.08;10.19;9.95;10.06;15477494;155813872.00
20160602;10.09;10.18;9.93;10.16;13451635;135150752.00
20160603;10.11;10.37;10.08;10.11;14961452;152923296.00
20160606;10.03;10.27;9.95;10.10;9479649;95542112.00
20160607;10.02;10.19;9.96;10.06;6791702;68177256.00
20160608;10.07;10.12;9.78;10.02;7021686;69788784.00
20160613;9.89;9.95;9.51;9.72;8680704;84968848.00
20160614;9.61;9.76;9.52;9.74;4000589;38670972.00
20160615;9.62;10.10;9.57;10.07;9478209;94160216.00
20160616;10.05;10.29;9.97;10.08;11438724;116134312.00
20160617;10.13;10.44;10.07;10.39;13906587;143031376.00
20160620;10.53;11.38;10.53;11.09;27634274;307050112.00
20160621;11.19;11.36;10.77;10.85;15974937;177266160.00
20160622;10.73;11.94;10.72;11.94;28907957;338797568.00
20160623;12.90;13.13;12.50;12.84;49019444;632388544.00
20160624;12.45;12.71;11.82;12.26;41817750;513978400.00
20160627;12.16;13.09;12.00;12.91;36185095;455107104.00
20160628;12.60;13.00;12.20;12.66;28825010;361562560.00
20160629;12.56;13.33;12.44;12.51;29032169;371902592.00
20160630;12.41;13.08;12.28;12.63;26573374;338691456.00
