20110629;29.77;32.57;28.88;31.35;10085777;306739872.00
20110630;30.20;32.38;30.02;32.12;5633684;174478352.00
20110701;31.51;33.18;31.51;31.80;4273261;138464048.00
20110704;31.88;32.97;31.51;32.80;3263199;105381616.00
20110705;32.76;33.58;32.22;32.46;2652069;86902432.00
20110706;32.10;34.09;32.00;33.12;3219871;106300408.00
20110707;33.17;36.08;33.17;34.78;3838759;133503488.00
20110708;34.40;36.79;34.20;36.21;3574689;127842552.00
20110711;36.10;37.18;35.88;36.79;2300948;83773328.00
20110712;36.20;36.50;35.45;35.64;1768209;63632784.00
20110713;35.85;38.98;35.70;38.05;1992605;74351472.00
20110714;38.39;39.49;37.52;38.79;1994151;76608488.00
20110715;38.31;39.97;38.30;38.48;1799317;70218744.00
20110718;38.66;38.98;38.03;38.20;1118099;42859324.00
20110719;37.90;37.90;36.85;36.92;1365069;50739048.00
20110720;37.24;38.46;37.15;37.70;1496333;56563496.00
20110721;37.51;37.80;36.76;37.10;1119668;41584844.00
20110722;37.21;38.18;36.95;37.49;843493;31713238.00
20110725;37.46;37.60;34.90;35.30;1563128;56362404.00
20110726;35.14;35.79;35.10;35.59;778614;27590928.00
20110727;35.49;37.81;35.18;37.44;1528154;56440544.00
20110728;36.81;38.43;36.70;38.00;1219750;46011376.00
20110729;38.00;38.13;36.40;36.50;1425502;52752664.00
20110801;36.20;39.50;35.82;38.53;1785578;67869280.00
20110802;38.30;39.89;37.70;39.89;1741767;67314904.00
20110803;39.18;40.10;38.53;39.00;1563093;61274168.00
20110804;38.89;39.37;38.02;38.39;844662;32521914.00
20110805;36.50;37.50;36.10;36.71;1209690;44709056.00
20110808;36.26;36.48;33.58;34.60;1393305;48884812.00
20110809;33.30;36.00;33.05;36.00;1071852;37525512.00
20110810;33.87;34.83;33.31;33.83;3452238;117521256.00
20110811;32.40;33.37;32.00;33.23;2161554;70442144.00
20110812;33.19;33.69;32.80;32.85;1594466;52863264.00
20110815;32.90;33.96;32.70;33.91;1542960;51657860.00
20110816;34.00;34.89;33.53;34.24;1578728;53746604.00
20110817;34.19;34.60;33.60;34.10;1142924;38906068.00
20110818;34.24;34.25;32.89;32.91;934814;31277838.00
20110819;31.98;32.08;30.02;30.75;2194031;67533992.00
20110822;30.40;31.67;30.40;31.37;1420236;44238792.00
20110823;31.21;33.98;31.21;33.40;2036336;66413372.00
20110824;33.51;34.45;32.88;33.03;1937143;65420180.00
20110825;33.11;33.58;32.15;33.00;1226869;40102340.00
20110826;32.90;34.50;32.70;34.18;1835797;62468788.00
20110829;34.20;35.61;33.90;34.90;2170459;75661632.00
20110830;34.90;35.22;33.41;33.44;1505629;51522572.00
20110831;33.50;33.77;32.00;32.71;1217635;39695908.00
20110901;32.72;33.16;32.18;32.62;742110;24252360.00
20110902;32.39;32.69;31.60;32.35;569648;18294322.00
20110905;31.80;32.19;31.20;31.36;529728;16737785.00
20110906;31.00;31.48;30.08;30.50;707562;21703304.00
20110907;30.73;31.58;30.65;31.53;596088;18640228.00
20110908;31.78;31.96;30.53;30.53;547799;17174096.00
20110909;30.23;30.86;30.23;30.50;348112;10643048.00
20110913;30.02;30.05;29.28;29.52;480448;14180515.00
20110914;29.60;30.25;29.21;30.19;410899;12211270.00
20110915;30.18;30.50;30.15;30.18;389159;11796819.00
20110916;30.25;30.46;29.60;29.69;386985;11580152.00
20110919;29.38;29.58;28.66;28.67;405932;11739933.00
20110920;28.55;29.09;28.40;28.73;179484;5169750.50
20110921;29.09;29.67;28.59;29.57;492648;14410485.00
20110922;29.35;29.47;28.28;28.28;443452;12829673.00
20110923;27.99;27.99;27.30;27.72;494479;13665221.00
20110926;27.46;27.78;26.97;26.97;396500;10839007.00
20110927;27.38;27.46;26.80;27.34;334892;9110081.00
20110928;27.44;27.49;26.38;26.46;340269;9169422.00
20110929;26.00;26.30;25.40;25.73;638389;16465884.00
20110930;25.65;25.93;24.90;24.98;522644;13207802.00
20111010;25.02;25.36;24.88;25.18;366964;9217973.00
20111011;25.90;25.98;24.60;24.90;1214553;30682708.00
20111012;24.80;25.80;24.38;25.75;1108439;28070664.00
20111013;25.70;26.64;25.50;26.32;1373372;36045128.00
20111014;26.40;26.40;25.60;26.08;704064;18261872.00
20111017;26.26;26.74;25.98;26.58;919377;24305058.00
20111018;26.38;26.38;25.40;25.50;958394;24892448.00
20111019;25.38;25.73;24.72;24.80;816224;20553706.00
20111020;24.72;24.90;23.43;23.66;669647;16027428.00
20111021;23.55;23.83;23.05;23.25;323365;7584319.00
20111024;23.44;23.48;22.10;23.45;690240;15774980.00
20111025;23.18;24.45;23.02;24.21;822008;19578634.00
20111026;23.80;24.76;23.51;24.50;1265850;30648878.00
20111027;24.45;24.80;24.22;24.55;827502;20252532.00
20111028;24.98;25.29;24.62;25.14;1015779;25243162.00
20111031;25.14;25.38;24.87;25.30;774977;19465686.00
20111101;25.00;25.28;24.81;25.24;886293;22241108.00
20111102;24.80;26.50;24.68;26.35;1424953;36588032.00
20111103;26.50;26.75;26.03;26.11;1444268;38173880.00
20111104;26.22;26.64;26.06;26.20;876514;23073662.00
20111107;26.20;26.35;26.01;26.03;479818;12542761.00
20111108;26.12;26.16;25.35;25.36;663541;17108688.00
20111109;25.59;25.91;25.31;25.91;529187;13551310.00
20111110;25.60;26.66;25.51;26.05;1397204;36575740.00
20111111;25.91;26.45;25.80;25.95;916444;23930632.00
20111114;26.30;27.26;26.15;27.05;1614090;43323600.00
20111115;27.10;27.67;26.84;27.04;1439770;39189396.00
20111116;27.05;27.25;26.03;26.18;1193085;31833650.00
20111117;26.28;27.71;26.20;27.19;1876472;50758404.00
20111118;26.95;27.00;26.25;26.32;1093393;29113500.00
20111121;26.00;26.42;25.15;25.50;905570;23129596.00
20111122;25.20;25.57;25.01;25.36;371344;9379590.00
20111124;25.03;25.78;25.03;25.58;473830;12053462.00
20111125;25.42;26.19;25.42;25.78;709631;18430212.00
20111128;25.80;26.84;25.78;26.64;1213178;32178962.00
20111129;26.86;26.86;26.04;26.55;930438;24536322.00
20111130;26.55;26.55;24.15;24.50;964939;24444860.00
20111201;25.55;25.55;24.71;24.71;850276;21457204.00
20111202;24.72;24.72;23.65;23.73;563350;13510113.00
20111205;23.40;23.69;22.70;22.79;310000;7171610.50
20111206;22.79;23.38;22.61;23.20;265234;6078889.50
20111207;23.19;23.47;23.00;23.39;266272;6213940.00
20111208;23.39;24.00;22.92;23.70;481547;11293870.00
20111209;23.41;23.63;23.16;23.30;213634;4989695.50
20111212;23.30;23.40;22.90;23.28;180124;4185312.50
20111213;23.20;23.20;22.30;22.32;274395;6193232.00
20111214;22.40;22.71;22.10;22.25;235330;5261110.50
20111215;22.10;22.35;21.54;21.81;303807;6668193.00
20111216;21.70;22.43;21.68;22.35;329752;7273023.00
20111219;22.35;22.63;21.81;22.61;284855;6330662.00
20111220;22.61;23.18;22.61;22.68;391157;8948868.00
20111221;23.06;23.14;21.98;22.00;293234;6637970.50
20111222;21.81;22.00;20.54;21.41;432727;9182972.00
20111223;21.16;21.87;21.13;21.53;213601;4602691.00
20111226;21.54;21.69;21.20;21.32;130140;2795251.75
20111227;21.02;21.49;20.18;20.25;194699;4030240.00
20111228;20.20;20.29;19.33;19.76;298986;5878972.00
20111229;19.50;20.22;19.43;19.82;212971;4235656.00
20111230;19.86;20.28;19.86;20.12;202177;4074094.25
20120104;20.15;20.40;19.28;19.50;261360;5225146.50
20120105;19.18;19.28;18.00;18.00;481458;8989113.00
20120106;18.20;18.42;17.81;18.40;505847;9129413.00
20120109;18.39;19.20;18.00;19.18;483182;9070657.00
20120110;19.19;19.98;19.02;19.91;678221;13291163.00
20120111;19.80;20.18;19.80;19.97;393743;7868803.00
20120112;19.80;20.26;19.61;19.61;393694;7840321.00
20120113;19.61;19.70;18.32;18.44;374456;7077262.00
20120116;18.05;18.30;17.71;17.72;218401;3948363.00
20120117;17.75;18.99;17.67;18.80;367115;6739289.50
20120118;18.88;19.05;17.93;18.08;335568;6249044.00
20120119;18.08;18.68;17.81;18.47;253387;4664048.50
20120120;18.50;19.38;18.25;18.98;602111;11379549.00
20120130;18.99;19.35;18.40;18.77;422313;7977881.00
20120131;18.74;18.83;18.21;18.51;298700;5486887.00
20120201;18.50;18.84;18.30;18.46;267990;4992286.00
20120202;18.42;18.88;18.41;18.81;245334;4567164.00
20120203;18.77;19.35;18.73;19.35;498714;9529479.00
20120206;19.47;19.63;19.10;19.49;518368;10051563.00
20120207;19.58;19.58;19.03;19.28;588983;11390256.00
20120208;19.23;19.74;19.22;19.72;742576;14503388.00
20120209;19.63;20.19;19.63;19.82;730965;14612294.00
20120210;19.83;20.03;19.68;19.81;515932;10238815.00
20120213;19.75;20.24;19.55;20.18;856729;17143064.00
20120214;20.30;20.30;19.82;19.95;479963;9569145.00
20120215;19.95;20.28;19.82;20.28;487524;9794241.00
20120216;20.29;20.44;19.70;20.08;621068;12507983.00
20120217;20.11;20.19;19.75;20.00;439450;8777643.00
20120220;20.38;20.38;19.93;19.98;453853;9134304.00
20120221;19.93;20.33;19.73;20.33;515581;10322571.00
20120222;20.25;21.06;20.25;21.00;1008282;20966138.00
20120223;21.11;22.14;20.99;21.70;1605079;34788404.00
20120224;21.62;21.80;21.50;21.73;787833;17045682.00
20120227;21.90;22.31;21.51;21.78;1125623;24627706.00
20120228;21.60;22.58;21.60;22.32;1244949;27577212.00
20120229;22.34;22.34;21.53;21.53;613277;13444665.00
20120301;21.62;21.77;21.40;21.53;448792;9681523.00
20120302;21.63;22.15;21.55;22.05;552358;12124541.00
20120305;22.08;22.88;22.00;22.62;1021218;22987410.00
20120306;22.51;22.51;21.83;22.05;558830;12376688.00
20120307;21.70;22.34;21.66;21.90;613374;13473002.00
20120308;21.89;22.46;21.89;22.45;626725;13969965.00
20120309;22.53;24.58;22.53;23.67;1506412;35642376.00
20120312;23.58;23.73;23.34;23.69;785319;18480446.00
20120313;23.76;24.23;23.63;23.98;782196;18725854.00
20120314;24.17;24.70;22.75;23.14;1272796;30497316.00
20120315;23.35;23.35;22.00;22.66;805823;18137352.00
20120316;22.77;24.30;22.72;24.04;975855;22952070.00
20120319;23.97;24.90;23.85;24.90;784524;19100266.00
20120320;24.74;24.75;23.78;24.12;616947;14862274.00
20120321;24.09;24.27;23.08;24.04;731616;17288882.00
20120322;23.90;24.28;23.20;23.25;487511;11555994.00
20120323;23.46;23.94;22.74;23.01;590577;13772051.00
20120326;22.78;23.25;22.11;22.70;482815;10891057.00
20120327;22.94;23.15;22.61;22.90;413962;9474405.00
20120328;22.80;22.80;21.20;21.48;783204;16972046.00
20120329;20.42;20.42;19.33;19.33;1586723;30888118.00
20120330;19.07;19.10;18.15;18.84;1173124;21829610.00
20120405;18.67;19.23;18.40;19.23;1015908;19217900.00
20120406;19.11;19.17;18.66;18.90;542447;10289147.00
20120409;18.81;18.95;18.53;18.63;398837;7472799.00
20120410;18.55;18.90;18.00;18.77;456535;8403800.00
20120411;18.49;18.86;18.10;18.85;568117;10543746.00
20120412;18.96;19.28;18.73;19.28;665320;12691341.00
20120413;19.39;19.39;19.06;19.20;564602;10848300.00
20120416;19.13;19.13;18.73;18.85;374072;7056973.00
20120417;18.85;18.85;18.60;18.65;320246;5979381.00
20120418;18.65;19.18;18.61;19.08;370171;7020283.50
20120419;19.00;19.25;19.00;19.14;303548;5813701.00
20120420;19.14;19.35;19.11;19.27;504734;9729054.00
20120423;19.23;19.35;18.15;18.22;909978;16843116.00
20120424;18.09;18.18;16.81;17.45;727097;12763954.00
20120426;17.48;17.79;17.40;17.64;296159;5214049.00
20120427;17.61;18.25;17.61;18.02;355998;6382493.50
20120502;18.26;18.55;18.06;18.31;405683;7400822.50
20120503;18.20;18.38;18.02;18.37;227416;4153939.75
20120504;18.42;18.78;18.38;18.72;376287;7006776.50
20120507;18.60;18.98;18.51;18.96;455537;8545550.00
20120508;18.99;19.05;18.66;18.82;424797;8005371.00
20120509;18.70;18.71;18.30;18.39;289282;5345701.50
20120510;18.46;18.96;18.37;18.74;377572;7078741.50
20120511;18.64;18.79;18.50;18.58;317477;5912674.50
20120514;18.62;18.76;18.38;18.41;244949;4531928.00
20120515;18.31;18.38;17.96;18.27;342752;6207567.50
20120516;18.21;18.31;18.00;18.00;269800;4890884.00
20120517;18.01;18.24;17.83;18.21;258188;4678223.50
20120518;18.19;18.89;18.01;18.48;809014;15007665.00
20120521;18.55;18.56;18.05;18.31;308160;5660395.00
20120522;18.40;18.70;18.37;18.70;370203;6865518.50
20120523;18.62;18.62;18.10;18.29;339090;6239351.50
20120524;18.21;18.43;18.19;18.25;178910;3273075.25
20120525;18.26;18.38;17.78;17.83;243690;4405535.50
20120528;17.73;18.14;17.56;18.14;244379;4349461.00
20120529;18.13;18.41;18.00;18.39;380408;6956096.00
20120530;18.39;18.91;18.39;18.69;488504;9153183.00
20120531;18.60;18.95;18.30;18.83;517781;9688525.00
20120601;18.70;18.97;18.68;18.71;371380;6973039.50
20120604;18.48;18.63;18.23;18.24;386814;7124351.50
20120605;18.06;18.39;17.84;18.10;227776;4120721.50
20120606;18.00;18.26;17.98;18.10;131201;2375314.25
20120607;18.22;18.33;17.97;18.08;187234;3402729.50
20120608;18.05;18.25;17.84;17.90;215921;3896833.50
20120611;18.00;18.38;17.89;18.35;249426;4555128.50
20120612;18.29;18.38;18.14;18.27;192324;3507201.50
20120613;18.29;18.89;18.28;18.89;594293;11052858.00
20120614;18.79;19.67;18.73;18.84;1199503;23048018.00
20120615;18.79;19.00;18.64;18.94;453552;8556014.00
20120618;19.15;19.42;18.94;19.28;696662;13380169.00
20120619;19.30;19.77;19.20;19.72;894922;17503136.00
20120620;19.82;19.90;19.40;19.62;775809;15223993.00
20120621;19.00;19.00;18.18;18.28;690706;12714447.00
20120625;18.24;18.50;17.83;17.94;341749;6173615.00
20120626;17.90;18.10;17.65;18.05;281053;5038107.50
20120627;18.06;18.40;17.95;18.12;466501;8487846.00
20120628;18.12;18.29;17.81;17.81;353890;6393881.50
20120629;17.76;18.08;17.63;18.02;343699;6143617.00
20120702;18.16;18.37;18.07;18.37;364560;6644457.50
20120703;18.32;18.78;18.23;18.70;583286;10823411.00
20120704;18.62;18.79;18.46;18.52;340321;6340343.00
20120705;18.56;18.56;17.84;17.84;342032;6193997.00
20120706;18.01;18.20;17.53;18.15;485209;8655384.00
20120709;18.07;18.12;17.54;17.60;329551;5880022.00
20120710;17.69;17.69;17.00;17.23;254935;4405992.00
20120711;17.27;17.36;17.11;17.29;144482;2493648.25
20120712;17.31;17.53;17.07;17.41;301094;5207285.50
20120713;16.69;16.69;16.15;16.15;934038;15264845.00
20120716;16.00;16.12;15.08;15.09;354910;5577764.00
20120717;15.06;15.29;15.06;15.24;318235;4821959.00
20120718;15.29;15.29;14.72;15.18;181764;2729266.50
20120719;15.20;15.48;15.05;15.33;344959;5289343.50
20120720;15.25;15.44;15.20;15.30;188934;2888319.00
20120723;15.30;15.30;14.98;15.07;164191;2478663.75
20120724;15.00;15.35;15.00;15.17;189454;2864665.25
20120725;15.15;15.29;14.95;15.14;173503;2625867.00
20120726;15.14;15.22;15.07;15.13;174539;2642256.25
20120727;15.20;15.26;15.11;15.18;143181;2177144.00
20120730;14.86;15.39;14.73;14.76;160536;2402512.00
20120731;14.70;14.76;14.43;14.45;224924;3280898.50
20120801;14.50;14.78;14.48;14.68;137423;2013377.13
20120802;14.76;14.76;14.49;14.64;113060;1653313.25
20120803;14.77;14.89;14.58;14.87;197605;2921246.00
20120806;14.80;15.37;14.75;15.33;298803;4517691.50
20120807;15.33;15.38;15.19;15.37;236940;3627892.25
20120808;15.36;15.47;15.20;15.23;143894;2202162.50
20120809;15.40;15.54;15.25;15.52;208449;3219834.25
20120810;15.65;15.65;15.42;15.49;164693;2551309.25
20120813;15.47;15.49;15.03;15.07;122100;1866252.00
20120814;15.08;15.12;14.75;15.11;188990;2828150.00
20120815;15.01;15.12;14.93;15.02;218740;3288620.75
20120816;14.92;15.19;14.91;15.05;109500;1648526.00
20120817;15.10;15.27;14.94;15.24;135358;2037571.63
20120820;15.20;15.28;14.95;15.22;212399;3196463.00
20120821;15.29;15.56;15.08;15.44;245380;3785965.00
20120822;15.39;15.87;15.36;15.69;512846;8025033.00
20120823;15.42;16.55;15.41;16.44;1125581;18052494.00
20120824;16.27;16.68;15.83;15.90;671893;10932143.00
20120827;15.92;16.05;15.48;15.57;179173;2803869.25
20120828;15.57;17.00;15.57;16.06;403950;6492713.00
20120829;16.11;16.45;16.01;16.04;504568;8178906.00
20120830;16.02;16.21;15.04;15.83;533281;8436680.00
20120831;15.83;16.24;15.54;16.03;306902;4890045.00
20120903;16.05;16.18;15.85;16.15;321401;5168079.00
20120904;16.15;16.26;15.95;16.02;284234;4578632.00
20120905;16.09;16.47;15.80;16.27;497777;8096194.50
20120906;16.27;16.46;16.13;16.40;508080;8286563.50
20120907;16.49;17.68;16.40;17.06;1303058;22287122.00
20120910;16.97;17.08;16.61;17.00;628149;10584661.00
20120911;16.75;16.95;16.68;16.85;390896;6553800.00
20120912;16.72;17.13;16.72;16.92;404813;6834630.00
20120913;16.93;17.08;16.58;16.58;296732;4982930.50
20120914;16.62;16.78;16.30;16.56;297473;4912645.00
20120917;16.70;16.70;16.10;16.10;283672;4616391.00
20120918;16.24;16.39;15.94;16.04;239600;3871766.00
20120919;16.25;16.25;15.95;16.15;159856;2569083.75
20120920;16.15;16.21;15.31;15.40;330200;5148963.00
20120921;15.25;15.50;15.00;15.02;189400;2893362.00
20120924;14.85;15.19;14.60;15.08;318299;4708502.50
20120925;15.07;15.58;14.57;15.58;321900;4792010.00
20120926;15.16;15.16;14.60;14.80;207199;3073879.25
20120927;14.69;15.20;14.61;15.03;359804;5380937.50
20120928;15.01;15.27;14.93;15.18;207227;3136813.00
20121008;15.11;15.18;14.94;15.01;105477;1586963.13
20121009;15.15;15.45;15.00;15.39;349479;5346347.00
20121010;15.39;15.58;15.26;15.52;298282;4608140.50
20121011;15.44;15.47;15.22;15.28;308702;4740898.50
20121012;15.31;15.52;15.10;15.28;148355;2267268.00
20121015;14.90;15.28;14.53;14.69;317921;4681589.00
20121016;14.71;14.83;14.58;14.69;173792;2561627.75
20121017;14.78;14.83;14.61;14.79;116800;1720307.75
20121018;14.71;15.08;14.71;14.98;231059;3462584.00
20121019;15.03;15.16;14.90;15.00;117492;1767779.00
20121022;15.06;15.24;15.00;15.22;141271;2134052.50
20121023;15.17;15.22;15.00;15.03;209836;3166945.25
20121024;14.96;15.08;14.90;15.07;199450;2992944.75
20121025;15.25;15.25;14.90;15.07;137118;2064987.13
20121026;15.10;15.10;14.59;14.80;221799;3276995.25
20121029;14.53;14.99;14.53;14.85;96600;1425104.00
20121030;14.98;16.33;14.64;15.11;362794;5488203.00
20121031;15.10;15.10;14.81;14.97;112100;1669868.00
20121101;14.99;15.77;14.97;15.33;517913;7953941.50
20121102;15.29;15.42;15.11;15.26;202063;3073865.00
20121105;15.15;15.25;15.03;15.08;168720;2548082.00
20121106;15.08;15.11;14.81;14.90;162600;2431081.50
20121107;14.97;14.98;14.84;14.91;80753;1203664.75
20121108;15.11;15.11;14.71;14.71;177000;2621440.00
20121109;14.65;15.49;14.57;14.91;229310;3434570.00
20121112;15.06;15.37;14.88;15.02;153402;2304284.00
20121113;15.06;15.18;14.75;14.82;111500;1668075.00
20121114;14.81;15.15;14.80;15.15;133898;2000292.38
20121115;15.50;15.50;14.93;14.98;229593;3487303.75
20121116;15.30;15.30;14.66;14.87;149859;2225431.00
20121119;14.99;14.99;14.54;14.79;119733;1763839.38
20121120;14.85;14.89;14.63;14.79;113400;1677268.88
20121121;14.83;14.99;14.67;14.99;136981;2034354.25
20121122;14.75;14.98;14.75;14.94;89759;1337610.75
20121123;15.09;15.09;14.75;15.00;91511;1372558.50
20121126;14.90;15.20;14.88;14.95;82076;1228079.88
20121127;14.88;14.96;14.20;14.20;179800;2597517.25
20121128;14.01;14.06;13.70;13.76;192390;2651813.75
20121129;13.87;13.87;13.50;13.67;104339;1430739.38
20121130;13.77;13.77;13.43;13.68;79300;1081601.13
20121203;13.69;13.69;12.67;12.73;286556;3718961.50
20121204;12.58;13.17;12.51;12.95;236230;3006710.75
20121205;12.93;13.37;12.88;13.31;375609;4958268.50
20121206;13.26;13.36;13.12;13.32;164410;2181283.75
20121207;13.30;13.60;13.21;13.52;192341;2592441.00
20121210;13.52;13.73;13.45;13.67;379509;5151803.00
20121211;13.65;13.65;13.50;13.51;151260;2050292.75
20121212;13.43;13.55;13.29;13.45;183755;2462056.25
20121213;13.45;13.57;13.33;13.40;260800;3512409.00
20121214;13.39;14.45;13.38;13.96;481821;6717139.50
20121217;13.97;14.03;13.82;13.95;214719;2993685.25
20121218;13.83;14.06;13.83;13.94;216386;3019295.75
20121219;13.94;14.08;13.91;14.03;151995;2125628.25
20121220;14.00;14.45;13.93;14.29;379305;5409400.00
20121221;14.30;14.95;14.23;14.70;738412;10873223.00
20121224;14.64;15.16;14.64;15.01;702059;10528508.00
20121225;14.90;16.20;14.81;15.80;1297437;20204078.00
20121226;15.61;16.65;15.61;16.58;2106022;34125328.00
20121227;16.94;16.94;15.86;15.91;1230406;20120644.00
20121228;15.91;16.45;15.81;16.20;995325;16104431.00
20121231;16.40;16.42;15.90;16.05;549250;8837217.00
20130104;16.06;16.17;15.73;16.05;445093;7104121.50
20130107;15.90;16.14;15.70;16.06;367490;5864961.00
20130108;16.06;16.38;16.01;16.20;657084;10650309.00
20130109;16.01;16.23;15.56;15.80;713177;11364976.00
20130110;15.90;15.95;15.70;15.81;403890;6381963.00
20130111;15.99;16.60;15.90;16.15;1259440;20482352.00
20130114;16.20;16.93;16.05;16.81;1071387;17876578.00
20130115;16.96;17.35;16.60;16.82;1177251;19948922.00
20130116;16.90;16.90;16.43;16.60;727784;12104907.00
20130117;16.47;16.65;16.26;16.31;623374;10245170.00
20130118;16.38;16.55;16.22;16.51;481070;7896454.50
20130121;15.78;15.83;15.40;15.63;2188021;34169828.00
20130122;15.59;15.74;15.36;15.40;1030464;15997561.00
20130123;15.28;15.50;15.18;15.33;643821;9864983.00
20130124;15.31;15.57;14.80;14.99;781660;11907005.00
20130125;14.99;15.04;14.72;15.00;392440;5869445.00
20130128;15.10;15.23;14.95;15.22;529459;7990043.50
20130129;15.21;15.28;15.13;15.24;598267;9092699.00
20130130;15.20;15.23;15.00;15.13;401661;6066404.00
20130131;15.06;15.17;14.83;14.93;283268;4238742.00
20130201;14.89;15.44;14.80;15.25;504835;7650770.00
20130204;15.25;15.32;15.05;15.25;277913;4213310.00
20130205;15.16;15.78;15.06;15.39;520698;8003903.00
20130206;15.88;15.88;15.32;15.42;451199;7006900.50
20130207;15.36;15.42;15.20;15.29;427501;6543038.00
20130208;15.30;15.95;15.30;15.75;971697;15252265.00
20130218;15.77;15.85;15.57;15.75;437536;6866197.50
20130219;15.69;15.83;15.40;15.53;282208;4389057.00
20130220;15.40;15.81;15.40;15.78;782465;12276802.00
20130221;15.71;15.81;15.61;15.80;1075970;16919698.00
20130222;15.75;15.90;15.73;15.79;530982;8385896.00
20130225;15.88;16.35;15.51;16.16;978925;15602323.00
20130226;16.02;16.37;15.95;16.00;1076909;17373418.00
20130227;16.10;16.28;15.73;15.99;620686;9962192.00
20130228;15.98;16.16;15.82;16.04;599262;9545618.00
20130301;16.10;16.21;15.88;16.16;701982;11299228.00
20130304;16.12;16.19;15.50;15.68;585067;9250616.00
20130305;15.58;15.85;15.58;15.83;372382;5874154.00
20130306;15.93;16.10;15.82;16.07;510248;8158788.00
20130307;16.08;16.08;15.75;15.88;340376;5419761.00
20130308;15.88;16.12;15.71;16.11;469906;7521161.00
20130311;16.11;16.16;15.87;15.95;298756;4786269.50
20130312;15.88;16.01;15.15;15.33;402530;6277726.00
20130313;15.37;15.38;15.08;15.22;207611;3161147.25
20130314;15.28;15.36;15.08;15.16;190190;2891083.75
20130315;15.07;15.36;15.00;15.17;212000;3217906.00
20130318;15.17;15.18;15.00;15.03;209702;3160722.25
20130319;15.05;15.33;14.83;15.22;296771;4475637.50
20130320;14.98;15.43;14.98;15.38;404727;6178723.00
20130321;15.38;15.73;15.30;15.62;541361;8418514.00
20130322;15.59;15.72;15.46;15.65;336606;5249963.00
20130325;15.71;15.78;15.37;15.47;268420;4162455.50
20130326;15.33;15.62;15.21;15.50;292828;4505554.50
20130327;15.44;15.62;15.41;15.53;206510;3205469.00
20130328;15.63;15.63;14.85;14.90;350684;5291619.00
20130329;15.00;15.04;14.71;14.78;100525;1495490.13
20130401;14.73;15.29;14.52;14.87;119801;1785149.88
20130402;14.89;14.95;14.56;14.68;133762;1972863.88
20130403;14.69;14.69;14.21;14.22;199258;2866610.50
20130408;13.95;14.27;13.90;14.22;201761;2838417.50
20130409;14.20;14.50;14.18;14.42;256453;3675003.75
20130410;14.48;14.49;14.23;14.43;68600;984222.00
20130411;14.60;14.60;14.32;14.40;61550;889392.50
20130412;14.49;14.49;14.28;14.30;55850;802513.44
20130415;14.35;14.47;14.20;14.28;56600;812517.00
20130416;14.35;14.88;14.09;14.75;306172;4476229.00
20130417;14.62;14.95;14.52;14.80;188258;2780922.75
20130418;14.59;15.13;14.59;15.10;389566;5828050.50
20130419;15.08;15.20;14.86;15.20;268089;4049989.00
20130422;15.10;15.24;15.02;15.15;136510;2062657.38
20130423;15.05;15.16;14.70;14.91;235683;3528901.00
20130424;15.01;15.24;14.73;15.24;120025;1810837.13
20130425;15.33;15.34;15.04;15.26;297581;4524072.00
20130426;15.29;15.30;14.90;15.00;152260;2292073.75
20130502;15.09;15.46;14.52;15.46;704295;10705439.00
20130503;15.40;15.66;15.35;15.42;244689;3788517.75
20130506;15.50;15.60;15.38;15.59;299207;4634331.00
20130507;15.59;15.59;15.41;15.50;273066;4228520.50
20130508;15.56;15.92;15.43;15.81;731821;11503788.00
20130509;15.84;15.84;15.12;15.55;795394;12265723.00
20130510;15.55;15.68;15.26;15.60;498801;7738499.00
20130513;15.59;15.78;15.43;15.52;393638;6129052.00
20130514;15.62;15.74;15.34;15.37;368488;5691135.50
20130515;15.39;15.88;15.39;15.85;723077;11361537.00
20130516;15.92;15.98;15.62;15.85;688499;10895458.00
20130517;15.82;16.00;15.73;15.96;447501;7113321.50
20130520;15.97;16.34;15.97;16.23;913461;14805468.00
20130521;16.37;16.42;16.20;16.37;644765;10536850.00
20130522;16.39;16.48;15.90;16.09;571724;9244289.00
20130523;15.91;16.39;15.70;16.10;523679;8458535.00
20130524;16.00;16.98;16.00;16.78;1362406;22614200.00
20130527;16.94;17.05;16.66;16.95;883713;14892009.00
20130528;16.90;16.95;16.36;16.58;621425;10279967.00
20130529;16.68;17.55;16.59;17.15;1240976;21246780.00
20130530;17.21;17.30;16.82;17.18;853971;14578662.00
20130531;17.15;17.21;16.89;16.91;436771;7436822.50
20130603;16.91;16.91;16.41;16.60;454440;7567568.00
20130604;16.60;16.72;16.40;16.65;549280;9088792.00
20130605;16.47;16.64;16.31;16.64;267836;4415801.50
20130606;16.50;16.76;16.43;16.50;430011;7124237.00
20130607;16.67;16.67;16.32;16.40;244022;4013629.75
20130613;16.00;16.28;15.75;16.28;422850;6775167.00
20130614;16.22;16.89;16.22;16.45;578214;9598098.00
20130617;16.65;18.10;16.54;18.10;1340578;23889724.00
20130618;18.46;18.79;17.59;18.19;2451032;44885748.00
20130619;18.09;18.14;17.40;18.03;1117306;19769914.00
20130620;17.68;18.62;17.51;17.62;1254021;22631220.00
20130621;17.50;17.87;16.50;17.59;702824;12053757.00
20130624;17.37;17.68;16.03;16.24;862093;14454903.00
20130625;16.08;16.48;14.90;16.11;744922;11735689.00
20130626;16.26;17.10;15.85;17.09;755621;12500491.00
20130627;17.10;17.23;16.50;16.50;562283;9521810.00
20130628;16.53;16.90;15.93;16.30;450573;7377676.00
20130701;16.05;16.65;16.04;16.65;499135;8134423.50
20130702;16.64;17.47;16.41;17.25;797668;13621637.00
20130703;17.36;18.98;17.15;18.98;1548841;28768510.00
20130704;19.33;20.80;19.20;19.88;3021922;60177216.00
20130705;19.80;20.59;18.70;18.95;2363592;46238868.00
20130708;18.35;18.75;17.63;18.23;1457495;26642612.00
20130709;18.01;19.51;17.88;19.51;1795366;33363524.00
20130710;19.08;19.50;18.90;19.33;1615090;31041512.00
20130711;19.02;19.59;18.94;19.29;1344781;25911452.00
20130712;19.40;20.58;19.06;19.30;1491632;29589838.00
20130715;19.03;20.18;19.01;19.94;1390292;27149148.00
20130716;19.81;20.48;19.62;19.92;1236699;24745762.00
20130717;19.70;20.17;18.75;18.97;1352966;26463304.00
20130718;18.86;19.61;18.27;19.38;999709;19250216.00
20130719;19.38;19.89;18.50;18.58;1049090;20181522.00
20130722;18.50;19.17;18.28;19.06;1013840;19155686.00
20130723;19.14;20.08;19.11;19.72;967489;19018752.00
20130724;19.94;21.69;19.46;21.69;2571506;54143652.00
20130725;21.69;21.69;19.91;19.92;2129301;43867400.00
20130726;19.99;20.24;19.18;19.77;1172335;23092678.00
20130729;19.52;19.99;19.31;19.93;809841;15933805.00
20130730;19.80;19.98;18.65;19.15;802006;15427505.00
20130731;19.15;19.37;18.90;19.11;488826;9377331.00
20130801;19.01;19.97;19.00;19.80;765674;15020486.00
20130802;19.99;20.38;19.71;19.71;1171127;23343194.00
20130805;19.60;20.19;19.50;20.06;878835;17400008.00
20130806;19.99;20.08;19.71;20.06;943737;18790440.00
20130807;19.81;20.16;18.89;19.10;1186623;22819356.00
20130808;19.08;19.40;18.89;19.14;592720;11353006.00
20130809;19.12;19.26;18.21;18.64;694237;13046863.00
20130812;18.64;19.00;18.48;18.96;466010;8734631.00
20130813;18.96;19.30;18.78;19.17;339402;6503391.00
20130814;18.90;19.56;18.90;19.40;500004;9705354.00
20130815;19.38;19.79;19.30;19.44;574804;11241470.00
20130816;19.31;19.58;18.73;18.90;613771;11730743.00
20130819;18.73;19.74;18.51;19.60;510866;9837135.00
20130820;19.44;20.30;19.44;20.16;976030;19583892.00
20130821;19.93;20.14;19.67;19.85;814528;16192426.00
20130822;19.89;20.48;19.65;20.35;1269960;25637714.00
20130823;20.40;20.55;19.41;19.84;979835;19567028.00
20130826;19.88;20.08;19.73;19.94;521812;10384020.00
20130827;19.90;19.93;19.20;19.64;985545;19204002.00
20130828;19.41;19.55;19.21;19.26;585065;11345026.00
20130829;19.25;19.38;18.85;18.96;830596;15780942.00
20130830;19.00;19.16;18.53;18.59;585160;11056110.00
20130902;18.56;19.20;18.50;19.05;398288;7482832.50
20130903;19.09;20.94;19.07;19.77;771816;15245942.00
20130904;19.73;19.79;19.13;19.46;522836;10213865.00
20130905;19.49;19.96;19.33;19.94;837830;16595511.00
20130906;19.96;19.96;19.40;19.57;893981;17456454.00
20130909;19.56;20.18;19.40;19.83;711101;14082648.00
20130910;19.88;19.88;19.32;19.54;1102452;21465036.00
20130911;19.52;19.60;19.02;19.18;502047;9641766.00
20130912;19.12;19.32;19.05;19.14;327829;6284926.50
20130913;19.10;19.48;19.10;19.29;247222;4766628.50
20130916;19.29;19.58;19.28;19.38;428228;8317896.00
20130917;19.38;19.60;19.01;19.10;421744;8166543.00
20130918;19.11;19.50;19.03;19.48;394259;7604115.00
20130923;19.55;20.20;19.51;20.09;942492;18808038.00
20130924;20.05;20.05;19.51;19.64;1059413;20860536.00
20130925;19.65;19.86;19.51;19.64;514130;10116254.00
20130926;19.56;19.94;19.52;19.54;515314;10126963.00
20130927;19.59;20.40;19.59;20.20;1198646;24015388.00
20130930;20.23;21.20;20.23;20.76;1216679;25255880.00
20131008;20.56;21.00;20.42;20.85;799944;16604775.00
20131009;20.85;22.20;20.63;21.93;1722438;37283408.00
20131010;21.89;21.90;21.28;21.59;1161747;25098456.00
20131011;21.70;22.74;21.70;22.17;1255299;27934586.00
20131014;21.70;21.86;21.40;21.73;1034886;22340166.00
20131015;21.78;21.78;21.24;21.41;769600;16476039.00
20131016;21.02;21.45;20.45;20.47;1040471;21698448.00
20131017;20.60;20.98;20.45;20.56;564388;11688559.00
20131018;20.54;21.05;20.50;20.91;421485;8779644.00
20131021;20.99;22.18;20.98;22.16;1189073;25947488.00
20131022;22.20;22.50;21.62;21.69;784629;17240150.00
20131023;21.65;22.29;21.00;21.39;795321;17178768.00
20131024;21.39;23.50;21.31;22.51;1622296;36359504.00
20131025;22.45;24.75;22.30;23.81;2604158;62394364.00
20131028;23.32;25.99;23.32;25.69;2871412;72342176.00
20131029;25.70;28.10;24.62;26.60;5313867;140387360.00
20131030;26.20;29.26;26.15;29.26;3372585;95147968.00
20131031;31.50;32.19;30.22;30.22;8295554;264317616.00
20131101;27.20;27.40;27.20;27.20;3056000;83127000.00
20131104;26.10;29.39;25.02;27.46;6844313;181616944.00
20131105;26.60;27.25;26.30;27.04;4843520;129944480.00
20131106;26.70;29.29;26.67;27.17;5724828;159548560.00
20131107;26.00;27.27;25.55;26.30;3747471;98644336.00
20131108;25.98;28.58;25.82;27.68;4729978;129094968.00
20131111;27.57;30.45;27.28;30.45;4560783;132858824.00
20131112;31.02;31.97;29.20;29.76;5671091;173407392.00
20131113;29.35;32.74;29.31;32.74;6707969;211678208.00
20131114;31.80;34.00;31.31;33.41;5559471;181737840.00
20131115;32.70;33.70;31.80;32.25;5436247;177257696.00
20131118;32.00;32.50;31.04;32.27;3695708;117470072.00
20131119;32.27;35.50;32.01;32.90;5421082;184997840.00
20131120;32.49;32.60;31.22;32.24;3266781;104245600.00
20131121;31.50;33.25;31.40;31.65;3248401;104716912.00
20131122;31.41;33.30;31.41;31.80;3010565;97654976.00
20131125;31.93;34.98;31.86;34.98;5506274;186749840.00
20131126;34.25;37.98;34.04;35.90;6548099;234869088.00
20131127;35.50;38.78;35.01;37.79;4732137;175463936.00
20131128;37.30;41.57;37.01;41.57;5633115;222627008.00
20131129;41.58;45.58;40.12;43.96;6142578;267017168.00
20131202;39.56;39.56;39.56;39.56;712900;28202324.00
20131203;35.60;37.50;35.60;35.60;5309871;190874112.00
20131204;35.61;36.78;32.94;33.18;5907607;207923408.00
20131205;32.16;33.18;31.60;32.35;3801527;122413456.00
20131206;32.28;33.28;31.84;33.21;3630448;118797416.00
20131209;33.28;36.00;33.00;35.68;4511155;156887104.00
20131210;35.77;35.77;32.24;33.00;4100803;136683280.00
20131211;32.60;32.95;31.56;32.03;2375385;76212824.00
20131212;32.09;33.48;31.80;33.17;2189086;72038656.00
20131213;33.01;35.90;32.96;34.70;3902000;135226944.00
20131216;34.40;35.98;34.01;34.79;3680841;130032216.00
20131217;34.72;35.68;33.30;33.67;2287795;78266240.00
20131218;33.51;33.96;30.30;30.33;3127503;96799552.00
20131219;30.42;31.35;30.30;30.58;1474995;45544916.00
20131220;30.51;31.15;30.28;30.59;944914;28976048.00
20131223;30.30;30.68;28.02;29.90;1592486;46641644.00
20131224;29.89;32.52;29.80;31.77;2487649;78650816.00
20131225;33.90;34.95;33.90;34.95;2113749;73649640.00
20131226;36.98;38.45;35.70;35.80;6964132;260804912.00
20131227;33.90;39.38;33.90;39.38;5924480;218577088.00
20131230;39.30;41.30;38.05;38.75;4867570;191775328.00
20131231;37.47;38.78;35.70;37.01;2923229;108294072.00
20140102;37.00;39.89;36.51;38.56;2975781;114837176.00
20140103;38.21;38.95;37.17;37.41;2380188;90067432.00
20140106;37.17;37.17;33.67;33.67;2732065;94636640.00
20140107;33.96;34.25;33.03;33.45;1753859;58854088.00
20140108;33.99;35.80;33.50;35.35;2571075;90141056.00
20140109;35.02;35.18;33.03;33.10;2360632;80353096.00
20140110;33.43;34.19;32.41;33.28;1672599;55652528.00
20140113;34.06;35.35;34.06;34.56;2378843;82454360.00
20140114;34.29;35.30;34.28;35.28;1819941;63254848.00
20140115;35.00;36.99;34.76;36.93;2813285;100837848.00
20140116;36.50;36.97;35.48;36.14;2176138;78752592.00
20140117;35.80;36.17;35.32;35.36;1097269;39174972.00
20140120;35.00;35.19;33.20;33.70;1419135;48244496.00
20140121;33.74;34.39;33.48;34.39;1132668;38567648.00
20140122;34.10;34.69;33.50;34.58;1678049;57266212.00
20140123;34.65;35.70;34.36;35.58;2086517;73604720.00
20140124;35.44;36.19;34.80;35.80;1977921;70506888.00
20140127;35.20;35.79;34.28;34.88;1645202;57344476.00
20140128;34.70;35.06;33.00;33.50;1566049;52677152.00
20140129;33.52;34.04;33.52;34.00;767134;25922200.00
20140130;33.63;34.23;33.22;33.53;824497;27654876.00
20140207;33.30;33.90;33.01;33.79;686319;23078320.00
20140514;37.17;37.17;35.00;37.17;4529546;164154144.00
20140515;37.17;40.89;36.37;40.89;4869076;189450352.00
20140516;41.80;43.80;39.66;39.87;4835036;201923648.00
20140519;38.99;41.40;38.84;39.11;2959046;117670800.00
20140520;39.21;40.50;38.65;39.10;2544859;100106512.00
20140521;38.80;38.81;37.55;38.08;2092904;79526248.00
20140522;37.99;38.48;37.73;38.24;1593713;60686404.00
20140523;38.00;40.49;37.91;39.60;3026797;119533384.00
20140526;39.21;39.32;38.24;38.88;2001261;77428112.00
20140527;38.84;38.84;37.38;37.60;1635911;62090000.00
20140528;37.21;38.49;37.20;38.42;1342529;51305988.00
20140529;38.15;39.40;37.63;38.20;1680961;64693016.00
20140530;38.42;39.32;37.92;39.15;1807425;70151464.00
20140603;39.24;40.00;38.80;38.82;1337563;52663524.00
20140604;39.35;41.09;39.03;40.67;2773015;111057240.00
20140605;40.29;41.16;39.90;40.43;1711875;69315232.00
20140606;40.48;40.57;38.17;38.67;2202953;85701696.00
20140609;38.50;38.50;36.64;37.86;1418907;53044576.00
20140610;20.80;21.43;20.24;20.80;2528952;52962964.00
20140611;20.69;20.80;19.48;20.35;4496733;90479640.00
20140612;20.18;20.33;19.90;19.94;2173585;43593160.00
20140613;19.88;20.27;19.71;20.03;1810567;36308872.00
20140616;19.78;20.42;19.78;20.34;1991830;40199824.00
20140617;20.20;20.40;19.90;19.98;1547425;31051866.00
20140618;19.98;20.10;18.52;18.80;2931681;56234980.00
20140619;18.60;18.93;17.52;18.00;2011024;36528776.00
20140620;18.08;18.53;17.88;18.30;1108636;20205038.00
20140623;18.48;18.64;18.22;18.40;1180275;21808474.00
20140624;18.47;18.48;17.91;18.19;1258846;22813492.00
20140625;18.48;19.55;18.47;19.45;3184251;60787476.00
20140626;18.99;19.58;18.97;19.47;2919810;56525112.00
20140627;19.47;19.55;19.11;19.16;1749747;33760892.00
20140630;19.30;19.46;19.09;19.32;1193881;23060134.00
20140701;19.29;19.45;19.17;19.26;1441098;27789388.00
20140702;19.26;19.28;18.71;18.98;1680377;31965484.00
20140703;19.04;19.19;18.90;19.06;1194895;22733412.00
20140704;19.01;19.15;18.81;18.93;1021649;19379516.00
20140707;18.96;19.25;18.84;19.20;998409;19013922.00
20140708;19.20;19.25;18.85;19.16;947841;18029918.00
20140709;19.10;19.10;18.35;18.37;1645945;30806268.00
20140710;18.17;18.72;18.17;18.47;1178851;21775776.00
20140711;18.47;18.54;18.20;18.39;706365;12986863.00
20140714;18.70;19.24;18.68;19.20;2170853;41433500.00
20140715;19.06;19.18;18.83;18.95;1106922;21020004.00
20140716;18.95;19.65;18.85;19.53;2002607;38615752.00
20140725;18.68;19.27;17.80;18.90;2673993;49669744.00
20140728;18.90;19.05;18.61;19.00;1227057;23104274.00
20140729;18.98;19.52;18.80;19.20;1380586;26459018.00
20140730;19.20;19.44;19.09;19.22;873266;16795668.00
20140731;19.27;19.58;18.96;19.45;1390143;26808192.00
20140801;19.41;19.87;19.26;19.28;2055086;40343680.00
20140804;19.28;19.75;19.25;19.58;1134400;22176830.00
20140805;19.59;19.98;19.33;19.80;1436910;28331288.00
20140806;19.83;20.00;19.65;19.82;1308588;25966336.00
20140807;19.82;19.98;19.50;19.58;1488293;29295368.00
20140808;19.58;19.75;19.53;19.67;807257;15845090.00
20140811;19.67;19.88;19.60;19.85;959995;19007834.00
20140812;19.87;19.95;19.75;19.83;934328;18531234.00
20140813;19.88;21.60;19.80;21.21;4004487;83989696.00
20140814;21.16;21.16;20.50;20.81;1795094;37469184.00
20140815;21.00;21.90;21.00;21.32;2138667;46020948.00
20140818;21.31;21.67;21.10;21.46;1706844;36350924.00
20140819;21.42;21.83;21.30;21.78;1726802;37286416.00
20140820;21.84;21.84;21.18;21.43;2017297;43159140.00
20140821;21.32;21.52;20.87;21.10;1675419;35396296.00
20140822;21.10;21.29;20.91;21.24;1142322;24113002.00
20140825;21.24;21.26;20.67;20.92;1345927;28146828.00
20140826;20.83;21.16;20.55;20.61;967526;20175322.00
20140827;20.64;22.67;20.64;22.67;2498095;55413364.00
20140828;22.88;24.24;22.15;22.15;7524483;175267712.00
20140829;21.81;21.85;20.95;21.49;3055505;65069168.00
20140901;21.40;21.72;21.11;21.63;1839229;39497312.00
20140902;21.66;22.50;21.57;22.35;2768725;61447240.00
20140903;22.35;22.43;22.02;22.29;2104867;46824408.00
20140904;22.30;22.55;22.22;22.34;1793062;40159140.00
20140905;22.33;23.30;22.31;22.88;2837693;64877244.00
20140909;23.00;24.08;22.80;23.71;3510176;82356864.00
20140910;23.70;23.70;23.20;23.42;2007857;46908864.00
20140911;23.51;23.84;22.80;23.00;2603177;60585008.00
20140912;23.00;23.30;22.63;23.25;1289449;29614800.00
20140915;23.36;23.66;23.14;23.40;1343226;31443920.00
20140916;23.50;23.50;22.27;22.27;2348946;53545524.00
20140917;22.48;22.50;21.65;22.13;2426489;53268564.00
20140918;22.13;22.40;21.90;22.34;817488;18137624.00
20140919;22.30;22.74;22.10;22.54;874596;19630556.00
20140922;22.57;23.01;22.18;22.25;1504988;33928176.00
20140923;22.38;22.69;22.22;22.66;1102934;24862274.00
20140924;22.71;23.45;22.57;23.29;2026303;46880584.00
20140925;23.43;23.55;23.08;23.30;1857409;43363552.00
20140926;23.20;23.89;23.15;23.76;1410732;33297126.00
20140929;23.92;24.27;23.75;23.80;1677022;40065240.00
20140930;24.05;24.29;23.67;24.15;1586434;38106352.00
20141008;24.17;24.29;23.53;23.85;1410319;33646840.00
20141009;23.83;24.05;23.60;23.73;1334338;31750434.00
20141010;23.63;24.09;23.46;23.93;1210576;28916710.00
20141013;23.80;24.40;23.44;24.40;1825870;43662680.00
20141014;24.07;24.10;23.60;23.79;1808135;43113936.00
20141015;23.70;23.86;23.45;23.73;1435677;33954172.00
20141016;23.54;24.09;23.36;23.36;1522358;36136872.00
20141017;23.40;23.57;22.48;22.69;1398286;32020098.00
20141020;22.55;23.09;22.55;22.89;745010;17031466.00
20141021;22.76;23.19;22.56;22.71;1128942;25765194.00
20141022;22.70;23.02;22.56;22.63;1074856;24478496.00
20141023;22.63;22.79;22.29;22.54;857513;19321646.00
20141024;22.67;23.10;22.57;22.93;761556;17437722.00
20141027;23.10;25.15;23.10;24.46;2848268;69197184.00
20141028;24.26;24.77;24.01;24.71;2505239;61262952.00
20141029;24.72;25.70;24.30;25.70;3507361;88509056.00
20141030;25.80;26.09;25.00;25.25;2445410;62057820.00
20141031;25.25;25.70;24.60;25.27;1737537;43658864.00
20141103;25.12;25.55;25.11;25.26;1112016;28158224.00
20141104;24.99;25.26;24.70;24.73;1115740;27728394.00
20141105;24.72;25.57;24.66;25.10;1260870;31811502.00
20141106;25.10;26.26;24.87;26.26;2178181;56091588.00
20141107;26.47;27.25;25.77;26.15;3007359;80398232.00
20141110;26.10;28.70;26.10;28.16;3349071;91978288.00
20141111;28.05;28.36;26.68;28.09;3014431;83333984.00
20141112;27.67;29.49;27.66;29.30;3126679;90488440.00
20141113;29.05;29.15;27.86;28.13;2539312;72273552.00
20141114;28.10;29.00;26.80;27.47;2566297;71557952.00
20141117;27.61;28.06;26.80;27.54;1294062;35592940.00
20141118;27.62;28.25;26.90;28.25;972583;26830350.00
20141119;28.25;29.19;28.05;28.10;1607276;45997912.00
20141120;27.75;27.83;27.15;27.53;905816;24853860.00
20141121;27.49;29.59;27.32;29.20;2787623;80106456.00
20141124;29.01;30.25;28.80;29.80;2239767;66840016.00
20141125;29.77;30.66;29.61;29.62;1424798;42698316.00
20141126;29.62;30.48;29.44;29.86;1184460;35438260.00
20141127;30.34;31.99;29.91;31.80;1900167;59354492.00
20141128;31.81;32.22;30.80;31.40;1431616;44902952.00
20141201;31.40;31.71;30.30;30.30;1315862;40528124.00
20141202;30.28;31.48;30.12;31.29;914901;28484410.00
20141203;31.15;31.48;30.53;31.15;1117587;34533748.00
20141204;31.35;31.40;30.42;30.70;1969334;60583508.00
20141205;30.70;30.95;28.68;30.00;2066378;61228304.00
20150113;29.68;29.68;27.08;28.95;2881564;82038728.00
20150114;28.30;28.30;27.21;27.48;1416313;39252280.00
20150115;27.49;27.99;26.60;27.87;1336106;36359108.00
20150116;27.72;27.86;27.21;27.70;878781;24228210.00
20150119;27.39;28.44;27.02;27.59;987267;27472358.00
20150120;27.25;29.20;27.25;29.01;1264320;36239156.00
20150121;28.96;29.96;28.91;29.75;996252;29446348.00
20150122;29.68;29.79;29.19;29.70;842920;24852214.00
20150123;29.80;29.96;28.85;29.10;680448;19856424.00
20150126;29.10;29.21;28.55;28.89;772176;22217204.00
20150127;28.89;29.51;28.57;29.43;1293900;37618824.00
20150128;29.38;30.37;29.30;30.14;1946651;58307588.00
20150129;30.14;30.60;29.55;30.31;1425254;43078056.00
20150130;30.35;30.52;29.69;30.12;1092078;32737846.00
20150202;29.77;29.91;29.03;29.44;530713;15691515.00
20150203;29.70;29.90;29.43;29.63;817313;24202792.00
20150204;29.77;29.77;28.71;29.14;773807;22522046.00
20150205;29.52;29.52;28.70;28.96;561354;16393725.00
20150206;28.60;28.90;27.52;27.98;776270;21770802.00
20150209;27.76;28.41;27.76;27.89;394530;11060676.00
20150210;27.90;28.23;27.62;27.91;311800;8724108.00
20150211;28.38;28.38;28.00;28.00;404784;11408454.00
20150212;28.02;28.30;27.00;27.94;447627;12505933.00
20150213;28.08;28.78;28.08;28.47;931870;26425990.00
20150216;28.30;29.07;28.30;28.60;860323;24742816.00
20150217;28.98;28.98;28.25;28.39;651807;18555346.00
20150225;28.55;28.55;28.05;28.17;621085;17530440.00
20150226;28.26;28.31;28.02;28.28;470994;13279016.00
20150227;28.90;31.11;28.89;31.11;2952514;89362096.00
20150302;32.05;32.07;31.15;31.71;2507538;79114488.00
20150303;31.37;31.37;30.41;30.73;1808454;55686912.00
20150304;30.61;31.40;30.61;31.15;1516950;47077604.00
20150305;31.15;31.86;30.90;31.00;1146875;35887496.00
20150306;31.18;31.80;31.01;31.80;1590838;50061008.00
20150309;32.85;34.98;32.81;34.98;3270102;112718864.00
20150310;35.05;35.50;33.80;35.39;2910222;101191160.00
20150311;35.39;37.65;35.00;37.08;2683355;98039864.00
20150312;37.31;39.91;36.00;36.50;6759415;258894544.00
20150313;36.14;37.98;34.53;37.00;3366368;121408552.00
20150316;37.00;38.09;37.00;37.65;2721570;102200896.00
20150317;37.66;38.99;37.30;38.90;3053331;116514592.00
20150318;39.00;39.25;38.40;38.87;1993957;77520968.00
20150319;38.66;39.90;38.04;38.65;1806695;70063688.00
20150320;38.56;42.52;38.56;42.52;4102947;167160816.00
20150323;43.49;46.77;42.80;46.77;4563967;207010464.00
20150324;48.00;48.50;46.00;47.80;4693181;222282640.00
20150325;47.04;50.50;45.03;49.00;3623129;175318512.00
20150326;48.40;49.49;45.11;45.50;3562333;167406784.00
20150327;46.00;46.83;45.07;45.70;1914282;87992952.00
20150330;45.88;47.22;44.53;45.82;1723733;79342392.00
20150331;45.65;47.53;44.87;47.08;2487310;115818944.00
20150401;47.30;51.51;46.90;49.99;3826694;188428016.00
20150402;50.99;53.55;49.02;52.91;5037292;256597168.00
20150403;52.99;54.54;51.11;54.16;4173471;221341472.00
20150407;59.40;59.40;54.30;57.69;6287679;356897504.00
20150408;57.09;63.46;56.50;63.46;7580271;463119680.00
20150409;62.44;63.46;57.11;60.61;5743540;343319808.00
20150410;61.16;66.00;61.16;63.60;4522251;289880320.00
20150413;63.44;63.47;59.23;60.32;4634137;281271648.00
20150414;30.17;32.75;28.40;30.44;9956346;308135264.00
20150415;29.96;30.30;27.46;27.50;7126219;209772640.00
20150416;26.98;29.30;26.10;27.60;6843443;189482960.00
20150417;27.68;28.50;27.00;27.32;5029790;139527056.00
20150420;27.20;27.23;25.21;25.50;6397408;165830176.00
20150421;25.70;27.14;25.70;27.04;4153841;110414872.00
20150422;27.28;28.68;27.28;28.24;5318891;149469552.00
20150423;28.96;28.98;27.60;28.35;4559768;128340920.00
20150424;28.00;28.00;27.06;27.49;3626933;99594296.00
20150427;27.50;27.72;26.73;27.00;3786905;102326968.00
20150428;26.68;27.00;24.39;25.20;6598330;167196256.00
20150429;24.75;26.15;24.75;25.73;2807529;71944936.00
20150430;25.78;26.21;25.01;25.50;3477314;89697608.00
20150504;25.44;26.36;25.05;26.30;4054493;104862696.00
20150505;26.40;26.60;25.80;26.16;2679020;70047856.00
20150506;26.19;26.69;26.00;26.20;2118150;55750832.00
20150507;26.60;27.55;26.50;26.77;2672851;71947952.00
20150508;26.99;29.05;26.99;28.62;6430480;179642992.00
20150511;28.91;30.20;28.01;30.20;7300980;212107152.00
20150512;30.45;33.22;30.10;33.22;10963371;348665088.00
20150513;31.90;33.22;30.92;32.79;8006959;257060080.00
20150514;32.20;32.52;31.32;31.40;4333715;137607968.00
20150515;30.88;31.11;29.60;30.65;3626669;110441000.00
20150518;30.67;31.80;30.65;30.99;3965542;123642840.00
20150519;30.99;31.42;29.70;30.63;3921250;119241312.00
20150520;31.50;33.20;31.25;32.15;5720875;185864080.00
20150521;31.85;34.59;31.68;34.15;5520882;184889520.00
20150522;35.01;36.13;33.21;33.90;5796909;199599776.00
20150525;33.00;35.68;32.03;35.15;6502979;219496752.00
20150526;35.16;38.67;35.16;38.30;6527739;243588128.00
20150527;38.60;40.50;36.50;38.95;6614266;255668768.00
20150528;38.01;41.35;36.78;36.78;7238360;280544896.00
20150529;35.70;37.60;33.55;35.78;4644696;167064512.00
20150601;35.78;37.29;35.60;37.08;4636808;169088624.00
20150602;37.11;40.50;36.70;40.17;4758962;180025232.00
20150603;40.80;40.80;37.71;39.00;4003197;156920832.00
20150604;38.95;38.95;35.28;38.05;3923303;144639616.00
20150605;38.18;39.57;36.82;37.45;3834534;146025776.00
20150608;37.20;37.30;35.30;35.35;4193585;150296000.00
20150609;34.93;36.00;33.93;34.50;3543246;123483544.00
20150610;34.50;36.05;33.93;35.44;4569331;159456848.00
20150611;36.50;37.10;35.81;36.64;4500401;164034240.00
20150612;36.97;37.73;35.75;37.64;7224922;263048720.00
20150615;38.96;38.99;36.83;37.44;8769373;333566304.00
20150616;36.00;36.48;34.51;35.50;4135558;146198432.00
20150617;35.38;36.49;32.50;35.70;4196153;147501648.00
20150618;36.32;38.20;35.21;36.61;8016259;299747040.00
20150619;35.50;36.78;33.30;33.30;3423413;121262760.00
20150623;33.01;34.48;29.97;32.76;4373934;138463808.00
20150624;32.78;34.98;32.76;34.80;4676937;158761040.00
20150625;35.00;38.02;34.30;37.51;8117456;298086432.00
20150626;36.48;38.92;33.76;33.82;9858051;358196000.00
20150629;34.00;34.94;30.44;30.44;6799995;213667168.00
20150630;27.90;33.34;27.40;32.77;4587163;138937056.00
20150701;32.59;35.00;31.00;31.00;6986776;234286304.00
20150702;27.90;31.48;27.90;27.90;3698967;106511000.00
20150703;26.38;28.95;25.11;25.11;6619826;169040480.00
20150706;27.59;27.59;22.60;22.60;2976020;72218192.00
20150707;20.35;20.57;20.34;20.34;440200;8958575.00
20150708;18.31;19.77;18.31;18.99;11638771;216765408.00
20150709;18.58;20.89;18.30;20.89;3405015;69280080.00
20150710;22.60;22.98;21.85;22.98;939918;21289790.00
20150713;25.28;25.28;25.28;25.28;106302;2687314.50
20150714;27.81;27.81;27.81;27.81;76362;2123627.25
20150715;30.59;30.59;28.20;28.80;9303104;274814784.00
20150716;28.80;31.68;25.92;31.38;8629156;261911168.00
20150717;31.40;34.08;31.39;33.35;6624891;217100944.00
20150720;32.70;33.66;31.63;32.70;6305033;206468080.00
20150721;31.99;35.68;31.09;34.36;5135150;173971824.00
20150722;33.60;34.60;33.00;34.17;4449457;150695456.00
20150723;33.82;34.75;33.40;33.93;4456860;151867568.00
20150724;33.90;35.50;33.90;34.50;5530792;191879344.00
20150727;34.00;36.48;31.05;31.05;5914178;204308896.00
20150728;28.55;32.00;27.98;29.90;4925776;147154784.00
20150729;30.46;31.90;28.45;31.39;4173091;125959624.00
20150730;31.00;31.61;28.99;29.10;2914801;90090264.00
20150731;28.50;29.55;26.19;26.38;5201098;142489472.00
20150803;26.21;26.21;23.74;23.81;3508647;85665144.00
20150804;24.14;26.19;23.55;26.19;5222865;129621560.00
20150805;26.20;27.18;25.10;25.82;4343408;114018528.00
20150806;25.00;26.00;24.50;25.17;2491243;63060472.00
20150807;25.86;26.96;25.46;26.63;3829221;100940888.00
20150810;27.50;29.18;26.93;28.77;4075663;114188776.00
20150811;28.72;30.50;28.28;29.15;5063064;149655328.00
20150812;28.55;29.58;28.02;28.20;3141630;90673648.00
20150813;28.66;29.75;28.08;29.72;3282132;94884200.00
20150814;30.00;30.25;29.10;29.36;3159099;93593072.00
20150817;29.03;29.30;28.35;29.09;2389226;68974504.00
20150818;29.10;29.70;26.18;26.18;3640231;101960440.00
20150819;25.50;28.55;23.69;27.89;3868841;101550752.00
20150820;27.30;28.20;26.60;26.94;2398089;65484496.00
20150821;25.72;26.71;25.00;25.06;2820275;72855784.00
20150824;24.00;24.80;22.55;22.55;2990961;68588600.00
20150825;20.45;22.50;20.30;20.30;2448206;50906388.00
20150826;20.78;22.05;19.88;20.50;4540287;95523344.00
20150827;21.22;21.90;20.21;21.37;2629026;55693052.00
20150828;21.74;23.51;21.73;23.51;2816054;63348056.00
20150831;23.00;23.30;21.56;21.67;2626362;59676364.00
20150901;21.00;21.40;19.50;19.50;2546995;51054044.00
20150902;18.49;20.45;17.60;18.38;2104026;40012684.00
20150907;18.84;20.22;18.80;19.71;2297276;45335660.00
20150908;19.47;21.26;19.05;21.23;2253455;45527292.00
20150909;21.30;22.79;21.20;22.54;4106629;91258624.00
20150910;22.01;22.75;21.88;22.36;2051487;46008428.00
20150911;22.02;22.66;21.32;21.90;2320208;51011120.00
20150914;22.06;22.08;19.71;19.77;3200669;66431748.00
20150915;19.15;19.58;17.82;17.95;3739542;69823784.00
20150916;17.90;19.75;17.90;19.68;4173319;77531728.00
20150917;20.18;21.65;20.18;21.18;7475568;157502096.00
20150918;21.28;22.60;21.00;22.40;5537495;120399488.00
20150921;22.00;23.49;21.58;23.29;4634308;104771288.00
20150922;9.30;9.48;8.90;9.01;8237755;74969984.00
20150923;8.80;9.45;8.60;9.15;8849199;81440912.00
20150924;9.06;9.34;8.98;9.04;5655613;51639396.00
20150925;8.82;9.30;8.14;8.14;9403420;81478952.00
20150928;8.14;8.35;8.00;8.35;5390084;44245416.00
20150929;8.19;8.66;8.11;8.42;4945131;41515468.00
20150930;8.46;9.08;8.44;8.92;7872843;68964104.00
20151008;9.26;9.48;8.93;9.29;10447190;96828480.00
20151009;9.29;9.56;9.21;9.32;7212741;67703640.00
20151012;9.42;10.25;9.41;10.10;13265645;131384112.00
20151013;10.00;10.85;9.90;10.73;14652179;153006624.00
20151014;10.60;10.69;10.15;10.32;9830037;102101784.00
20151015;10.35;10.71;10.30;10.64;12087638;127170744.00
20151016;10.80;10.92;10.46;10.67;9107003;97214224.00
20151019;10.68;10.78;10.25;10.36;9235711;96782160.00
20151020;10.30;10.69;10.22;10.69;11133841;117017528.00
20151021;10.70;11.47;9.65;9.88;20351634;218464512.00
20151022;9.70;10.35;9.65;10.20;15758387;158056576.00
20151023;10.30;11.22;10.27;11.22;24594811;266739008.00
20151026;11.26;12.11;11.26;11.63;30943939;359548896.00
20151027;11.29;11.50;10.71;11.36;19721097;219016800.00
20151028;11.10;11.35;10.51;10.62;16770709;183096160.00
20151029;10.99;11.09;10.65;10.77;12355590;134296656.00
20151030;10.71;11.02;10.31;10.79;12742326;136646144.00
20151102;10.59;10.99;10.30;10.45;10353990;110269752.00
20151103;10.45;10.69;10.18;10.25;8570440;88885368.00
20151104;10.27;10.75;10.27;10.74;12575345;133364672.00
20151105;10.84;11.12;10.41;10.63;17500292;188700368.00
20151106;10.68;11.50;10.66;11.30;28335488;316067776.00
20151109;11.15;11.95;11.05;11.75;26386104;305421728.00
20151110;11.75;11.75;11.27;11.48;19123760;219432320.00
20151111;11.98;12.63;11.98;12.45;42342372;527265248.00
20151112;12.10;12.53;11.80;12.33;34688577;420732352.00
20151113;12.06;12.24;11.58;11.83;16376435;195699472.00
20151116;11.48;12.28;11.40;12.22;12438820;148139200.00
20151117;12.30;12.38;11.73;11.77;22760071;274065760.00
20151118;11.75;11.81;11.37;11.42;11544454;134019976.00
20151119;11.34;11.93;11.34;11.89;12455958;145864656.00
20151120;11.99;12.68;11.92;12.47;26212894;322632096.00
20151123;12.50;13.40;12.20;13.08;34284379;436123072.00
20151124;12.85;13.06;12.36;12.91;19896014;252907952.00
20151125;12.80;13.33;12.71;13.05;22273798;290694688.00
20151126;13.20;13.21;12.45;12.48;19799386;253234592.00
20151127;12.40;12.43;11.23;11.24;20217033;240561344.00
20151130;11.20;11.43;10.16;11.21;14900892;163689392.00
20151201;11.24;11.59;11.08;11.34;12358217;140292976.00
20151202;11.25;11.35;10.66;11.15;10175220;112338064.00
20151203;11.18;11.50;11.11;11.44;9284281;105482456.00
20151204;11.42;11.53;11.11;11.25;9553375;108319000.00
20151207;11.33;11.44;11.02;11.33;9873161;111213848.00
20151208;11.25;11.27;10.92;10.94;9183542;101608896.00
20151209;10.81;11.08;10.62;10.62;7444114;81197888.00
20151210;10.88;11.05;10.39;10.48;10758781;115549448.00
20151211;10.43;10.44;10.01;10.17;10177912;103844616.00
20151214;10.11;10.60;10.00;10.59;9113666;93497864.00
20151215;10.58;10.87;10.53;10.66;8574349;91854920.00
20151216;10.74;11.73;10.73;11.73;13767854;156470112.00
20151217;12.24;12.28;11.78;12.05;30931322;371608128.00
20151218;12.10;12.10;11.63;11.80;16910614;200271984.00
20151221;11.78;11.93;11.51;11.91;11566921;136636080.00
20151222;11.91;12.35;11.90;11.92;13302759;160516000.00
20151223;12.01;12.01;11.46;11.50;12034781;140579488.00
20151224;11.50;11.93;11.31;11.85;9901144;115212432.00
20151225;11.86;12.11;11.86;11.95;12132272;145622544.00
20151228;11.92;12.45;11.81;12.06;27931591;340641728.00
20151229;12.06;12.12;11.66;12.06;10819578;129096776.00
20151230;12.00;12.10;11.78;11.99;12554786;149673440.00
20151231;12.31;13.19;12.31;12.44;42159596;539694272.00
20160104;12.14;12.43;11.20;11.20;20114697;237912416.00
20160105;10.28;11.48;10.25;10.64;18926116;202150576.00
20160106;10.72;10.95;10.44;10.87;13592508;145760944.00
20160107;10.61;10.61;9.78;9.78;4074900;41130980.00
20160108;10.09;10.27;8.80;9.59;15712893;152836000.00
20160111;9.08;9.36;8.63;8.63;13743152;122906704.00
20160112;8.63;8.99;8.48;8.80;10454445;91520128.00
20160113;8.89;9.11;8.29;8.55;10319865;91635464.00
20160114;8.34;9.26;8.15;9.16;9908738;87409424.00
20160115;9.10;9.18;8.64;8.75;9438968;84163424.00
20160118;8.40;9.23;8.35;9.03;8789196;78537448.00
20160119;9.00;9.42;8.90;9.37;11822427;108491264.00
20160120;9.36;9.39;9.06;9.09;9452249;87132664.00
20160121;8.96;9.34;8.82;8.82;8793669;80003872.00
20160122;8.99;9.05;8.63;9.00;6708163;59327060.00
20160125;9.09;9.19;8.91;9.03;5075600;45997784.00
20160126;8.95;8.95;8.13;8.13;7778887;66288116.00
20160127;8.17;8.25;7.60;8.08;7932221;63078076.00
20160128;7.93;8.03;7.50;7.53;5603200;43694448.00
20160129;7.53;8.06;7.53;7.93;6620848;51622500.00
20160201;7.97;7.98;7.51;7.67;5426780;42056876.00
20160202;7.73;8.42;7.70;8.25;8148586;66430944.00
20160203;8.14;8.35;8.01;8.28;5804548;47304344.00
20160204;8.29;8.60;8.23;8.42;7995156;67314136.00
20160205;8.43;8.48;8.19;8.19;5107332;42330740.00
20160215;7.81;8.22;7.77;8.10;4284189;34241064.00
20160216;8.20;8.63;8.15;8.55;6379447;53839704.00
20160217;8.48;8.90;8.45;8.87;11327759;98518856.00
20160218;8.94;8.96;8.64;8.71;7233230;63335452.00
20160219;8.70;9.54;8.60;9.25;14293715;129643888.00
20160222;9.47;9.47;9.20;9.41;10018660;93674072.00
20160223;9.32;9.54;9.22;9.54;8356413;77969064.00
20160224;9.45;9.60;9.25;9.50;6258128;58948296.00
20160225;9.51;9.54;8.55;8.55;8314291;74390608.00
20160226;8.57;8.69;8.21;8.37;5673872;47867500.00
20160229;8.37;8.49;7.71;7.90;6061039;48256036.00
20160301;8.00;8.69;7.82;8.69;10708000;89437752.00
20160302;8.69;9.20;8.50;8.97;12665632;111059144.00
20160303;8.98;9.16;8.76;8.80;10354720;92382040.00
20160304;8.76;8.97;8.33;8.45;8325416;72148248.00
20160307;8.50;8.85;8.48;8.62;5858961;50790852.00
20160308;8.60;8.60;7.88;8.57;9011047;74389968.00
20160309;8.35;8.53;8.17;8.28;5277248;43949220.00
20160310;8.35;8.39;8.16;8.19;3189323;26405796.00
20160311;8.20;8.30;8.06;8.19;3227757;26447720.00
20160314;8.24;8.62;8.24;8.54;6385948;54466244.00
20160315;8.57;8.60;8.36;8.41;4420117;37428048.00
20160316;8.61;8.71;8.29;8.33;3913526;33012162.00
20160317;8.42;8.75;8.34;8.73;7623460;65591148.00
20160318;8.75;9.18;8.74;9.05;12680935;114323008.00
20160321;9.20;9.96;9.19;9.96;21449386;205629632.00
20160322;9.95;10.55;9.71;10.11;21464015;219579232.00
20160323;10.10;11.08;9.90;11.05;17954510;186194080.00
20160324;10.76;11.00;10.51;10.60;17210872;184807600.00
20160325;10.60;10.75;10.05;10.35;13463429;138912336.00
20160328;10.35;10.69;10.13;10.28;8926625;93425792.00
20160329;10.27;10.35;9.80;9.88;9502611;95847064.00
20160330;10.00;10.41;9.97;10.36;9946409;101319840.00
20160331;10.50;10.65;10.32;10.45;11000599;115018504.00
20160401;10.38;10.45;9.91;10.21;7990540;80923880.00
20160405;10.17;10.57;10.05;10.57;9567087;99460064.00
20160406;10.46;10.98;10.46;10.93;16375028;177452736.00
20160407;10.97;10.98;10.44;10.46;12793277;136547936.00
20160408;10.40;10.43;10.01;10.31;8520337;87053624.00
20160411;10.50;10.99;10.41;10.69;9492166;102164192.00
20160412;10.74;11.03;10.52;10.85;14206046;154149664.00
20160413;10.98;11.39;10.88;11.10;15518704;172946288.00
20160414;11.25;11.34;10.86;11.06;9914798;109432888.00
20160415;11.05;11.06;10.73;10.90;10141980;110166352.00
20160418;10.90;10.90;10.61;10.69;6993186;74726528.00
20160419;10.68;11.01;10.61;11.00;14439027;156938448.00
20160420;11.16;11.16;10.00;10.08;13632705;142808736.00
20160421;10.10;10.29;9.76;9.76;10511237;105388024.00
20160422;9.90;9.98;9.63;9.98;5971352;58683736.00
20160425;9.99;10.26;9.80;10.24;7613529;76995704.00
20160426;10.10;10.28;9.97;10.24;5088078;51670444.00
20160427;10.25;10.34;10.10;10.13;4906291;50121444.00
20160428;10.15;10.18;9.77;10.01;4966369;49378060.00
20160429;10.00;10.08;9.87;9.90;3389896;33831824.00
20160503;9.91;10.43;9.85;10.36;7953907;81698848.00
20160504;10.25;10.43;10.25;10.30;5408805;56019136.00
20160505;10.31;10.37;10.12;10.28;5046887;51666016.00
20160506;10.28;10.35;9.65;9.66;9051338;89927696.00
20160509;9.65;9.66;8.80;9.06;9036844;82571384.00
20160510;9.09;9.15;8.92;9.02;4971307;44795244.00
20160511;9.09;9.12;8.73;8.75;7093506;63088404.00
20160512;8.70;8.89;8.40;8.80;8410685;72320456.00
20160513;8.80;9.07;8.68;8.87;6486371;57843992.00
20160516;8.89;9.10;8.71;9.05;4837400;43271076.00
20160517;9.16;9.16;8.91;8.95;4742646;42798400.00
20160518;8.81;8.85;8.46;8.55;5983429;51444912.00
20160519;8.57;8.74;8.52;8.55;5444008;47045120.00
20160520;8.54;8.67;8.28;8.66;4974190;42241072.00
20160523;8.70;8.88;8.67;8.76;4855796;42575112.00
20160524;8.78;8.84;8.61;8.66;3897985;33952832.00
20160525;8.72;8.97;8.68;8.76;6171261;54549688.00
20160526;8.76;8.80;8.45;8.78;6037473;51962044.00
20160527;8.73;8.79;8.60;8.69;4636564;40282744.00
20160530;8.68;8.80;8.44;8.72;4921286;42731044.00
20160531;8.71;9.17;8.70;9.14;8320878;75023280.00
20160601;9.14;9.23;9.08;9.15;6548212;60052300.00
20160602;9.10;9.20;9.03;9.19;5774980;52671732.00
20160603;9.19;9.31;9.10;9.28;6724331;61845184.00
20160606;9.28;9.35;9.02;9.14;6321162;57872320.00
20160607;9.12;9.30;9.12;9.28;7989177;73819536.00
20160608;9.27;9.27;9.10;9.16;4945697;45343784.00
20160613;9.03;9.10;8.71;8.74;6753827;60296356.00
20160614;8.60;8.71;8.53;8.61;5075114;43706524.00
20160615;8.49;8.98;8.45;8.88;7376334;65010584.00
20160616;8.89;9.00;8.71;8.77;5930620;52265468.00
20160617;8.85;9.10;8.78;8.86;5362411;47974392.00
20160620;8.81;8.96;8.61;8.88;4691103;41395984.00
20160621;8.88;9.15;8.79;8.79;6751368;60592136.00
20160622;8.76;9.30;8.76;9.25;9108322;82640664.00
20160623;9.20;9.38;9.04;9.20;7482762;68896664.00
20160624;9.20;9.38;8.79;9.21;8863826;81319776.00
20160627;9.12;9.40;9.06;9.40;7961239;74080680.00
20160628;9.38;9.45;9.21;9.42;7033116;65739652.00
20160629;9.41;9.48;9.25;9.28;5709750;53314828.00
20160630;9.32;9.43;9.24;9.42;6089366;56924496.00
