20110608;29.58;29.90;27.01;27.45;6890366;193538656.00
20110609;27.35;30.20;27.32;29.50;4645487;134562000.00
20110610;28.60;29.09;27.38;27.92;2459074;69353640.00
20110613;27.60;27.87;26.00;26.42;2047774;54316664.00
20110614;26.20;26.73;26.04;26.40;1180425;31211860.00
20110615;26.41;26.48;25.54;25.71;1119301;29164534.00
20110616;25.37;25.60;24.88;25.10;713744;18004936.00
20110617;25.18;25.18;24.22;24.49;690197;17052266.00
20110620;24.47;24.76;24.08;24.53;669325;16329085.00
20110621;24.53;24.79;24.10;24.75;891983;21811444.00
20110622;24.73;24.73;23.76;23.85;753337;18177916.00
20110623;23.83;25.18;23.71;24.86;1149851;28353870.00
20110624;24.73;26.20;24.61;25.80;1659447;42323864.00
20110627;25.66;26.34;25.45;25.91;1199283;30972138.00
20110628;25.90;25.90;25.36;25.79;626450;16052411.00
20110629;25.71;26.13;25.39;25.43;504726;12993579.00
20110630;25.41;25.93;25.32;25.82;649564;16686126.00
20110701;25.75;26.47;25.75;26.05;967891;25319180.00
20110704;26.12;26.62;26.00;26.52;924440;24350384.00
20110705;26.38;26.75;25.98;26.27;1003775;26372094.00
20110706;26.25;27.18;26.07;26.68;1201495;32017730.00
20110707;26.57;28.56;26.49;27.52;1599620;44095588.00
20110708;27.44;28.52;27.23;27.77;1123417;31262130.00
20110711;27.65;28.18;27.00;27.90;555658;15470505.00
20110712;27.22;27.78;27.19;27.28;693609;19065604.00
20110713;27.29;30.01;27.29;30.01;1865225;54603112.00
20110714;29.61;30.50;29.60;30.20;1258483;37718032.00
20110715;30.00;31.60;29.81;30.00;1537642;47102624.00
20110718;30.12;30.38;29.61;29.77;821551;24525912.00
20110719;29.72;29.73;28.65;28.93;793559;23009872.00
20110720;29.17;29.51;28.51;29.30;633351;18424314.00
20110721;29.30;30.16;28.82;29.75;613009;18096390.00
20110722;29.75;30.79;29.61;30.13;757244;22936640.00
20110725;29.96;30.38;28.06;28.98;849947;24761548.00
20110726;28.50;29.20;28.38;29.08;309047;8926461.00
20110727;28.94;31.99;28.60;31.75;1434544;44922376.00
20110728;31.14;31.95;30.52;31.88;1250262;39235200.00
20110729;31.50;31.78;30.80;30.80;584775;18241948.00
20110801;30.72;32.10;30.51;31.62;716372;22534816.00
20110802;31.03;32.97;31.03;32.80;1145561;36841624.00
20110803;32.38;32.80;31.81;31.88;842592;27148970.00
20110804;32.00;32.18;30.80;30.99;763019;23896028.00
20110805;29.50;30.60;29.20;30.30;647681;19390174.00
20110808;30.00;30.00;27.54;28.66;680393;19653026.00
20110809;27.90;29.97;27.10;29.22;733571;21381878.00
20110810;29.95;30.50;29.22;29.33;821122;24534912.00
20110811;28.70;29.99;28.39;29.77;514756;15178894.00
20110812;31.00;31.59;30.48;30.91;946686;29426854.00
20110815;31.30;31.95;30.92;31.74;664225;21004688.00
20110816;31.74;31.88;31.10;31.50;363634;11438639.00
20110817;31.31;32.70;31.29;32.25;572931;18385964.00
20110818;32.35;32.53;31.64;31.65;388451;12460995.00
20110819;31.08;31.44;30.33;31.08;435527;13456716.00
20110822;31.50;33.78;31.20;32.75;622598;20445550.00
20110823;32.81;35.50;32.81;35.38;1018772;35128908.00
20110824;35.38;35.40;34.11;34.24;1031676;35808168.00
20110825;34.33;34.75;32.52;33.50;1103280;36875088.00
20110826;33.10;35.16;33.10;34.90;745489;25570850.00
20110829;34.60;34.97;33.78;34.25;827817;28622924.00
20110830;34.16;34.59;32.91;32.96;739740;24946794.00
20110831;32.72;33.26;32.01;33.10;626189;20493376.00
20110901;33.05;34.27;32.90;33.10;557474;18719314.00
20110902;32.90;33.81;32.69;33.71;546687;18222584.00
20110907;32.35;32.97;31.80;32.84;1123953;36412536.00
20110908;32.50;32.79;30.50;30.69;1522096;48719412.00
20110909;30.32;31.02;30.00;30.23;826683;25281078.00
20110913;30.00;30.00;29.30;29.87;480689;14226820.00
20110914;30.00;30.70;29.50;30.70;419308;12624945.00
20110915;30.62;30.92;30.41;30.52;315658;9693318.00
20110916;30.68;30.87;29.75;29.82;356326;10780476.00
20110919;29.83;29.84;28.66;28.68;585365;16983662.00
20110920;28.42;29.08;28.21;28.68;251110;7187001.00
20110921;28.69;29.75;28.68;29.62;390904;11481430.00
20110922;29.28;29.48;28.26;28.26;451449;13004621.00
20110923;28.00;28.35;27.80;28.12;305786;8561357.00
20110926;28.18;28.28;27.50;27.62;430085;12030789.00
20110927;28.07;28.07;27.50;27.88;326764;9069102.00
20110928;28.06;28.22;27.27;27.34;212474;5915806.50
20110929;27.19;27.56;26.88;26.97;200370;5435065.50
20110930;26.85;27.20;26.35;26.94;223700;5990534.00
20111010;26.85;27.40;26.80;27.29;204330;5541454.50
20111011;27.76;28.18;27.05;27.32;312194;8635397.00
20111012;27.00;28.62;27.00;28.41;436463;12285299.00
20111013;28.40;28.98;28.40;28.72;568513;16309334.00
20111014;28.50;28.70;27.89;28.41;377584;10655495.00
20111017;28.49;28.83;28.23;28.71;414562;11845026.00
20111018;28.40;28.46;27.40;27.48;317334;8879445.00
20111019;27.75;27.86;27.20;27.30;245112;6732893.50
20111020;27.52;27.85;26.83;26.98;370647;10148904.00
20111021;27.05;27.10;25.61;25.95;341168;8903965.00
20111024;25.81;26.23;24.41;26.20;613454;15507325.00
20111025;26.00;27.22;25.85;27.10;529494;14036591.00
20111026;26.94;28.19;26.80;27.54;573608;15775253.00
20111027;27.55;28.08;27.50;27.56;338543;9388050.00
20111028;27.75;28.56;27.40;28.35;575501;16140609.00
20111031;28.38;28.96;28.13;28.79;492598;14105125.00
20111101;28.49;28.78;28.08;28.70;370550;10562397.00
20111102;28.15;30.14;28.01;29.89;830251;24237284.00
20111103;30.11;30.54;29.35;29.41;1033539;31098596.00
20111104;29.74;29.75;29.04;29.43;420542;12390691.00
20111107;29.68;30.59;29.50;29.70;715640;21484010.00
20111108;29.70;29.82;29.07;29.35;471082;13932071.00
20111109;29.50;30.15;29.11;30.15;420806;12472653.00
20111110;30.27;31.41;29.90;29.90;951243;29272418.00
20111111;29.72;30.86;29.56;30.10;592564;17862708.00
20111114;30.43;31.30;30.24;31.00;524341;16159399.00
20111115;30.84;31.22;30.83;30.94;288827;8951781.00
20111116;31.05;31.17;29.90;30.00;497516;15202653.00
20111117;30.37;31.89;30.09;31.36;793136;24623804.00
20111118;31.15;32.28;30.96;31.16;839254;26419678.00
20111121;31.13;31.31;29.71;30.41;691575;20863278.00
20111122;30.18;31.21;29.96;31.21;566672;17346406.00
20111123;31.85;33.50;31.32;31.98;895786;29075436.00
20111124;31.49;32.93;31.36;32.66;715793;23068734.00
20111125;32.66;33.40;32.00;32.13;508055;16561779.00
20111129;32.65;32.65;31.36;31.90;561517;17853528.00
20111130;31.58;31.75;28.80;29.22;824741;24814206.00
20111201;30.38;30.69;29.85;29.86;712571;21548872.00
20111202;29.52;29.72;28.58;28.70;398400;11597000.00
20111205;28.70;28.88;28.05;28.30;200975;5714062.00
20111206;28.15;29.28;28.10;29.23;220467;6336593.00
20111207;28.99;29.38;28.60;29.23;186941;5438179.00
20111208;29.22;31.66;28.85;30.71;731855;22380986.00
20111209;30.00;30.84;30.00;30.55;267032;8127780.50
20111212;30.66;31.80;30.55;31.18;510292;15983977.00
20111213;31.21;31.33;29.80;30.60;334162;10249490.00
20111214;30.77;31.50;30.00;30.81;419193;12994487.00
20111215;30.98;32.32;30.88;31.48;813855;25784878.00
20111216;31.01;32.38;30.10;32.30;747135;23224358.00
20111219;32.01;32.29;31.15;32.19;576645;18311968.00
20111220;32.09;32.49;31.30;31.40;341658;10859506.00
20111221;31.75;31.76;29.88;30.18;513661;16042344.00
20111222;29.90;30.88;28.85;30.88;559712;16524304.00
20111223;30.01;30.98;30.01;30.85;398509;12192056.00
20111226;30.77;31.20;30.33;30.59;215299;6624852.00
20111227;30.32;30.58;28.38;28.80;348151;10257146.00
20111228;28.60;28.70;27.75;28.70;286222;8085784.50
20111229;28.36;29.18;28.30;28.78;292824;8383496.50
20111230;28.70;29.46;28.70;29.16;265584;7732450.50
20120104;29.00;29.00;26.48;26.70;1068652;29461488.00
20120105;26.68;26.68;24.95;25.20;488882;12498666.00
20120106;25.20;27.00;24.80;26.29;405206;10296473.00
20120109;26.08;28.91;25.80;28.91;664214;18381046.00
20120110;28.80;29.37;28.62;29.21;402625;11683189.00
20120111;29.19;29.65;28.77;29.35;218376;6402820.00
20120112;29.10;29.75;29.10;29.45;226355;6650837.50
20120113;29.28;29.37;27.42;27.72;434499;12212032.00
20120116;27.39;27.70;26.55;26.98;205700;5577827.00
20120117;26.80;28.87;26.58;28.51;212989;5922609.50
20120118;28.36;28.75;26.81;26.90;257600;7144146.50
20120119;26.95;27.61;26.65;27.30;224877;6119046.00
20120120;28.80;28.80;27.90;28.34;305860;8663301.00
20120130;28.36;29.35;28.08;28.69;286671;8239689.00
20120131;28.53;28.78;28.25;28.77;181932;5200801.50
20120201;28.60;29.27;28.40;28.85;142039;4105991.00
20120202;28.99;28.99;28.29;28.96;285262;8156012.50
20120203;28.70;29.30;28.51;28.99;437220;12630409.00
20120206;29.03;29.25;28.77;29.09;292450;8467791.00
20120207;28.96;29.04;28.31;28.60;155331;4458056.50
20120208;28.60;29.28;28.60;29.19;306997;8904174.00
20120209;29.16;30.20;29.07;29.60;338384;10062615.00
20120210;29.75;30.18;29.50;29.95;208248;6198771.50
20120213;29.50;30.55;29.50;30.42;343493;10399302.00
20120214;30.38;32.32;30.00;30.59;382235;11850343.00
20120215;30.34;30.77;30.07;30.61;288212;8805772.00
20120216;30.50;30.71;29.85;30.37;244206;7386811.00
20120217;30.34;30.65;29.90;30.30;282151;8533195.00
20120220;30.56;31.79;30.56;30.70;458994;14319786.00
20120221;30.61;31.50;30.00;31.50;470002;14494230.00
20120222;31.45;32.48;31.25;32.43;563133;18027238.00
20120223;32.21;32.65;31.20;32.20;559965;17972936.00
20120224;32.00;32.43;31.75;32.39;452888;14571617.00
20120227;32.30;32.54;31.40;31.93;1090549;34892360.00
20120228;32.10;34.50;31.99;33.15;961368;31873150.00
20120229;33.61;33.73;32.53;32.78;1001473;33259966.00
20120301;32.50;32.87;31.88;32.60;653413;21184328.00
20120302;32.57;33.09;32.31;33.00;324674;10643542.00
20120305;33.00;34.66;32.76;34.28;945668;32074590.00
20120306;34.00;35.65;33.85;34.80;931534;32534020.00
20120307;34.50;35.40;34.22;34.31;508491;17695428.00
20120308;34.60;35.10;34.32;34.72;368476;12779778.00
20120309;34.63;38.19;34.60;37.49;1916286;71359168.00
20120312;37.05;38.08;37.05;37.60;848520;31891028.00
20120313;37.60;39.48;37.50;38.56;944010;36561852.00
20120314;38.41;41.98;37.40;38.12;1386817;54772224.00
20120315;38.20;41.20;38.20;40.98;1458221;58134032.00
20120316;40.50;40.50;38.00;39.55;1252449;49302068.00
20120319;39.36;39.74;38.26;39.04;584067;22739078.00
20120320;38.99;39.18;37.51;37.60;505194;19369450.00
20120321;37.50;37.80;35.60;36.88;922016;33709292.00
20120322;36.86;37.49;36.51;37.00;400267;14818860.00
20120323;36.80;37.00;34.51;34.80;692342;24692244.00
20120326;34.78;35.89;34.65;35.55;366557;12956128.00
20120327;35.88;37.28;35.35;36.59;616825;22523570.00
20120328;35.37;35.37;32.93;32.93;1198490;39798048.00
20120329;31.80;32.78;30.41;30.97;1349454;42303640.00
20120330;30.99;31.32;29.82;29.99;643575;19611552.00
20120405;29.80;31.33;29.80;31.28;1099253;33794716.00
20120406;30.90;31.55;30.90;31.18;700403;21858686.00
20120409;31.19;32.16;30.68;30.77;847428;26759022.00
20120410;30.64;30.67;28.81;30.37;805497;23971130.00
20120411;29.00;30.66;28.00;30.14;537999;16193706.00
20120412;30.14;31.20;30.04;31.09;546260;16835262.00
20120413;31.09;31.57;30.81;31.17;480904;15005430.00
20120416;31.18;31.18;30.61;30.61;331303;10203494.00
20120417;30.55;30.88;30.00;30.22;286252;8722298.00
20120418;30.50;31.44;30.18;31.12;412687;12773254.00
20120420;31.01;32.45;31.00;32.15;732432;23440108.00
20120423;32.12;32.48;30.25;30.25;751360;23321068.00
20120424;30.25;30.71;29.09;30.49;403663;12127501.00
20120425;30.15;31.48;30.15;31.18;326956;10093758.00
20120426;31.17;31.25;30.70;30.85;184980;5717522.00
20120427;15.32;16.16;15.10;15.73;1017983;15954833.00
20120502;15.94;16.17;15.56;15.90;928410;14709041.00
20120503;15.97;16.44;15.70;16.22;850830;13722278.00
20120504;16.00;16.29;15.88;16.13;847965;13646823.00
20120507;16.12;16.12;15.71;16.02;1379380;21954926.00
20120508;16.02;16.64;15.92;16.09;1628620;26499396.00
20120509;15.90;15.97;15.40;15.55;1247648;19488994.00
20120510;15.60;15.84;15.41;15.59;685299;10730825.00
20120511;15.59;15.72;15.48;15.51;640750;9977421.00
20120514;15.51;15.65;14.92;14.95;952485;14380085.00
20120515;14.78;14.91;14.70;14.85;436805;6463495.00
20120516;14.72;14.72;14.22;14.30;811159;11721777.00
20120517;14.28;14.55;14.21;14.44;510271;7345557.50
20120518;14.29;14.37;13.93;14.07;562889;7945327.00
20120521;14.17;14.18;13.32;13.80;628131;8689412.00
20120522;13.89;14.11;13.70;13.96;611569;8537989.00
20120523;13.91;14.40;13.70;14.28;767963;10784706.00
20120524;14.18;14.34;14.00;14.17;437519;6206676.00
20120525;14.10;14.31;13.98;14.10;530289;7509714.00
20120528;14.00;14.27;13.80;14.26;611466;8556387.00
20120529;14.25;14.68;14.25;14.65;741448;10756083.00
20120530;14.70;14.70;14.45;14.60;331365;4832596.50
20120531;14.40;14.74;14.38;14.60;583589;8504047.00
20120601;14.50;14.52;14.12;14.18;559975;8017236.00
20120604;13.89;13.97;13.35;13.45;805771;10961844.00
20120605;13.44;13.60;13.36;13.37;333994;4483837.00
20120606;13.37;13.50;13.17;13.38;263360;3519790.50
20120607;13.57;13.57;13.26;13.28;303669;4073676.75
20120608;13.15;13.52;13.15;13.39;622369;8279869.50
20120611;13.38;13.92;13.36;13.89;663226;9088645.00
20120612;13.92;14.44;13.69;14.43;1225981;17362428.00
20120613;14.43;14.59;14.10;14.53;1085735;15553473.00
20120614;14.50;14.78;14.33;14.52;707436;10322835.00
20120615;14.68;14.68;14.31;14.50;607724;8784246.00
20120618;14.50;14.65;14.35;14.50;577341;8377753.00
20120619;14.70;14.70;14.36;14.50;336336;4876296.00
20120620;14.70;15.14;14.48;14.90;1014545;15076922.00
20120621;14.70;15.40;14.70;15.12;1489666;22572368.00
20120625;14.90;15.15;14.39;14.56;689385;10121782.00
20120626;14.19;14.35;13.21;14.10;429408;6031095.00
20120627;13.99;14.44;13.99;14.15;315153;4480414.00
20120628;14.20;14.35;13.90;13.91;274859;3863117.25
20120629;13.92;14.00;13.60;13.99;427390;5902562.50
20120702;14.08;14.14;13.85;14.00;399465;5586976.50
20120703;13.92;14.50;13.92;14.46;583875;8315040.50
20120704;14.56;14.62;14.32;14.35;430635;6235070.00
20120705;14.13;14.19;13.66;13.84;594936;8222034.50
20120706;13.90;14.00;13.56;13.95;450439;6196896.00
20120709;13.68;14.10;13.40;13.52;537986;7372812.00
20120710;13.44;13.55;13.09;13.26;555885;7398154.50
20120711;13.11;13.35;13.07;13.20;244556;3229369.00
20120712;13.10;13.45;13.10;13.40;438033;5798601.00
20120713;13.55;14.01;13.55;13.80;677774;9366363.00
20120716;13.81;13.89;13.08;13.24;486294;6540799.00
20120717;13.18;13.26;13.02;13.24;267189;3515045.25
20120718;13.16;13.30;12.90;13.25;283896;3727246.75
20120719;13.20;13.59;13.20;13.29;433583;5824803.00
20120720;13.37;13.65;13.21;13.39;438862;5934433.50
20120723;13.14;13.39;12.89;13.18;433168;5644148.00
20120724;13.05;13.18;12.85;13.06;406923;5290333.50
20120725;12.90;13.11;12.86;13.04;402773;5233962.00
20120726;13.18;13.18;12.90;12.95;230912;2997483.00
20120727;12.98;13.08;12.80;12.90;292500;3795655.75
20120730;12.95;12.99;12.53;12.69;363675;4631173.50
20120731;12.60;12.68;12.26;12.26;324230;4003630.00
20120801;12.00;12.48;12.00;12.36;277275;3423783.75
20120802;12.40;12.40;12.12;12.20;322293;3955615.75
20120803;12.20;12.60;12.01;12.56;455773;5632321.50
20120806;12.47;12.97;12.30;12.92;810466;10311061.00
20120807;12.87;13.05;12.79;13.04;547667;7092808.50
20120808;13.05;13.10;12.88;13.04;534003;6948295.00
20120809;13.01;13.30;12.94;13.28;549952;7248395.00
20120810;13.28;13.36;13.11;13.27;322949;4284684.00
20120813;13.15;13.40;12.89;12.98;405523;5288584.50
20120814;12.94;12.99;12.57;12.86;638731;8102202.50
20120815;12.81;12.81;12.55;12.69;257145;3258759.00
20120816;12.62;12.80;12.56;12.63;217000;2744824.00
20120817;12.58;12.65;12.36;12.50;246606;3094318.00
20120820;12.32;12.50;12.30;12.45;287611;3563259.25
20120821;12.39;13.43;12.39;13.19;844911;10980476.00
20120822;13.19;13.33;13.02;13.19;769431;10158141.00
20120823;13.19;13.92;13.15;13.80;911624;12345042.00
20120824;13.75;14.15;13.61;13.79;978968;13603348.00
20120827;13.87;14.38;13.55;13.82;1655568;23290772.00
20120828;13.81;14.12;13.50;13.90;895168;12436404.00
20120829;13.81;14.37;13.70;13.88;1092314;15420509.00
20120830;13.80;14.05;13.10;13.40;1457634;19809404.00
20120831;13.30;13.60;13.25;13.45;863507;11535868.00
20120903;13.50;13.98;13.22;13.90;901231;12257875.00
20120904;13.90;14.35;13.86;14.10;1184033;16765492.00
20120905;14.08;14.58;14.02;14.50;1213746;17461920.00
20120906;14.55;14.68;14.39;14.65;1086200;15806151.00
20120907;14.67;15.43;14.56;15.30;1753804;26167000.00
20120910;15.20;16.47;15.07;15.99;2244859;35825108.00
20120911;15.84;16.20;15.72;16.02;1141602;18235294.00
20120912;16.04;17.58;16.04;17.36;2357608;39578952.00
20120913;17.68;18.35;16.86;16.88;2952492;52072696.00
20120914;16.88;17.15;16.20;16.42;1419771;23401798.00
20120917;16.40;16.40;15.25;15.28;1921867;30243294.00
20120918;15.31;15.74;15.03;15.68;1708887;26398046.00
20120919;15.50;16.32;15.30;15.98;1132920;17961712.00
20120920;15.97;15.98;15.24;15.35;723188;11212538.00
20120921;15.30;15.44;14.80;14.83;416966;6317098.50
20120924;14.75;15.79;14.40;15.69;1021867;15488597.00
20120925;15.60;15.85;15.41;15.56;416280;6485490.00
20120926;15.37;15.60;15.00;15.05;221532;3371050.00
20120927;15.20;16.56;15.20;16.32;1139484;18157990.00
20120928;16.30;16.80;16.00;16.65;1024155;16911894.00
20121008;16.41;17.16;16.41;16.61;895009;15093328.00
20121009;16.61;16.88;16.20;16.70;1353765;22493438.00
20121010;16.60;16.91;16.51;16.53;839552;14009287.00
20121011;15.81;15.85;14.88;14.88;2422639;36694652.00
20121012;14.43;14.89;14.25;14.71;1038949;15149305.00
20121015;14.71;14.71;14.19;14.40;457593;6589149.00
20121016;14.35;14.53;14.31;14.50;362892;5245141.00
20121017;14.49;14.58;14.31;14.50;354391;5130596.00
20121018;14.49;14.66;14.36;14.57;682303;9914408.00
20121019;14.54;14.54;14.05;14.05;850750;12127998.00
20121022;13.90;14.01;13.51;14.00;924330;12715333.00
20121023;13.94;14.17;13.83;13.88;459585;6433639.00
20121024;13.68;14.04;13.68;13.98;447537;6243333.00
20121025;14.00;14.20;13.80;14.14;552638;7748670.50
20121026;14.02;14.15;13.69;13.69;336703;4667550.00
20121029;13.69;13.84;13.35;13.50;305445;4148878.75
20121030;13.47;13.56;13.30;13.52;489897;6598175.50
20121031;13.48;13.63;13.45;13.63;165071;2238894.00
20121101;13.58;13.87;13.51;13.82;391708;5409714.50
20121102;13.76;13.88;13.69;13.83;198100;2734636.00
20121105;13.82;13.82;13.70;13.72;245951;3378343.75
20121106;13.72;13.72;13.30;13.43;202570;2716970.00
20121107;13.48;13.58;13.33;13.50;157893;2129121.00
20121108;13.40;13.40;12.76;13.08;220151;2912385.00
20121109;13.04;13.10;12.52;12.92;144243;1864138.88
20121112;12.75;13.19;12.74;13.13;199453;2592513.75
20121113;13.00;13.29;12.92;13.00;131700;1719958.75
20121114;13.06;13.06;12.70;12.94;224046;2866090.50
20121115;12.90;12.90;12.52;12.56;161620;2046424.50
20121116;12.44;12.47;12.20;12.25;263615;3238785.25
20121119;12.49;12.52;12.11;12.36;166984;2049792.25
20121120;12.39;12.44;12.20;12.25;258114;3176425.75
20121121;12.25;12.44;12.03;12.36;251343;3077276.50
20121122;12.26;12.31;12.16;12.22;101936;1245013.50
20121123;12.32;12.40;12.23;12.39;223912;2765611.50
20121126;12.32;12.38;12.12;12.13;164712;2009089.50
20121127;12.13;12.22;11.51;11.51;257793;3019175.00
20121128;11.52;11.52;11.10;11.21;226900;2550920.75
20121129;11.25;11.45;10.85;10.86;228464;2520342.50
20121130;10.88;11.04;10.74;10.97;170780;1864765.00
20121203;10.85;11.15;10.55;10.76;341616;3708627.00
20121204;10.82;10.97;10.51;10.96;147396;1582789.88
20121205;10.95;11.60;10.90;11.35;308714;3501535.75
20121206;11.40;11.55;11.21;11.40;235561;2688653.50
20121207;11.30;11.64;11.29;11.61;288690;3323580.25
20121210;11.62;12.07;11.55;11.93;466170;5505769.50
20121211;11.82;11.98;11.81;11.84;221134;2627771.25
20121212;11.82;11.89;11.62;11.79;187503;2202099.25
20121213;11.78;11.82;11.52;11.52;161100;1872050.00
20121214;11.68;12.13;11.52;12.04;551868;6583185.00
20121217;12.16;12.28;12.11;12.17;401049;4882565.50
20121218;12.02;12.45;12.02;12.17;321207;3942297.00
20121219;12.32;12.32;12.14;12.24;237354;2899546.25
20121220;12.22;12.43;12.10;12.38;267724;3294616.25
20121221;12.38;12.80;12.30;12.72;417617;5261505.00
20121224;12.56;12.89;12.56;12.73;521563;6664569.00
20121225;12.80;13.27;12.78;13.16;672134;8801711.00
20121226;13.09;13.59;13.07;13.50;715070;9515227.00
20121227;13.50;13.55;13.06;13.08;585853;7741745.00
20121228;13.13;13.18;12.70;13.18;845475;10949586.00
20121231;13.13;13.17;12.71;13.06;772245;9978916.00
20130104;13.18;13.18;12.60;12.70;692860;8847770.00
20130107;12.68;13.17;12.68;13.16;656299;8504924.00
20130108;13.15;14.10;12.80;13.92;1801064;24428452.00
20130109;13.71;14.54;13.61;14.39;1693456;24049172.00
20130110;14.30;14.57;14.19;14.55;810436;11673862.00
20130111;14.55;14.55;14.10;14.23;807172;11557349.00
20130114;14.10;14.77;14.01;14.63;553431;8025786.50
20130115;14.64;15.10;14.50;14.85;716738;10597181.00
20130116;14.89;15.47;14.35;14.49;694592;10300271.00
20130117;14.50;14.50;13.80;14.10;568356;8002410.00
20130118;13.76;14.22;13.58;14.10;970592;13522065.00
20130121;13.96;14.23;13.96;13.98;486434;6838075.50
20130122;13.93;14.10;13.65;13.76;343981;4736056.50
20130123;13.60;13.76;13.50;13.75;277626;3789939.00
20130124;13.84;14.06;13.48;13.60;526914;7250384.50
20130125;13.56;13.99;13.36;13.68;365114;5013560.00
20130128;13.50;14.07;13.50;13.98;376664;5254146.00
20130129;14.18;14.27;13.80;14.18;659538;9296404.00
20130130;14.31;14.34;13.96;14.12;355025;5007968.50
20130131;14.04;14.25;13.85;13.99;262561;3667979.50
20130201;13.80;14.06;13.70;14.00;231334;3226119.25
20130204;14.13;14.13;13.73;13.73;277226;3828783.75
20130205;13.79;13.84;13.62;13.68;395232;5420312.50
20130206;13.61;13.84;13.43;13.69;377494;5140771.50
20130207;13.55;13.67;13.46;13.62;337497;4567935.50
20130208;13.63;13.87;13.60;13.80;433313;5965882.00
20130218;13.83;13.97;13.72;13.78;458143;6305622.50
20130219;13.74;13.94;13.73;13.77;897746;12442588.00
20130220;13.70;13.98;13.52;13.98;934797;12934945.00
20130221;13.90;13.90;13.32;13.33;918341;12558490.00
20130222;13.27;13.36;13.01;13.13;718983;9495610.00
20130225;13.24;13.30;13.14;13.29;349193;4617537.50
20130226;13.20;13.40;13.06;13.06;640961;8500744.00
20130227;13.03;13.14;12.56;12.74;705800;9040766.00
20130228;12.79;13.05;12.69;13.05;674146;8701999.00
20130301;13.05;13.45;13.01;13.45;983849;13079574.00
20130304;13.39;13.42;12.65;12.77;622397;8103606.50
20130305;12.78;13.35;12.70;13.29;948202;12414045.00
20130306;13.28;13.85;13.20;13.79;1053366;14376937.00
20130307;13.80;13.84;13.20;13.36;695424;9460072.00
20130308;13.36;13.54;13.30;13.34;378306;5082516.50
20130311;13.52;14.18;13.34;14.10;1374032;19186510.00
20130312;14.15;14.15;13.44;13.47;1132091;15539231.00
20130313;13.38;13.97;13.38;13.97;768747;10536457.00
20130314;13.74;14.13;13.73;13.87;632731;8810718.00
20130315;14.04;14.34;13.87;14.23;1272474;18077390.00
20130318;14.22;14.44;13.83;13.96;924465;13036057.00
20130319;13.96;14.04;13.07;13.33;723787;9746556.00
20130320;13.15;13.55;13.12;13.52;675584;9037303.00
20130321;13.50;13.80;13.50;13.68;590269;8080333.00
20130322;13.68;13.83;13.61;13.77;487055;6692457.00
20130325;13.77;13.83;13.38;13.48;530172;7148620.50
20130326;13.45;13.45;13.05;13.18;442683;5840287.50
20130327;13.27;13.31;13.04;13.23;316106;4181433.75
20130328;13.13;13.19;12.90;12.97;398801;5195606.00
20130329;12.80;13.08;12.80;12.80;216824;2799207.50
20130401;12.84;13.07;12.84;12.96;234883;3044144.25
20130402;12.93;13.05;12.73;12.74;270282;3472396.50
20130403;12.49;12.50;11.47;11.68;1039007;12171450.00
20130408;11.55;11.55;11.09;11.39;333689;3768823.00
20130409;11.43;11.67;11.30;11.65;378130;4369804.00
20130410;11.67;11.67;11.41;11.56;204371;2356583.25
20130411;11.60;11.73;11.46;11.61;192955;2231614.00
20130412;11.90;12.10;11.65;11.88;665552;7948608.50
20130415;11.68;11.74;11.32;11.48;247059;2849667.50
20130416;11.40;11.65;11.26;11.60;203055;2327222.00
20130417;11.60;11.89;11.55;11.89;279919;3283884.75
20130418;11.80;12.87;11.80;12.16;456231;5575986.00
20130419;12.06;12.36;11.95;12.31;468189;5709780.00
20130422;12.19;12.45;11.91;12.10;1570608;19007584.00
20130423;12.06;12.15;11.70;11.80;512018;6097573.50
20130424;11.72;12.15;11.72;12.08;574871;6900374.50
20130425;11.97;12.34;11.88;11.96;790047;9589641.00
20130426;11.88;11.98;11.43;11.70;420979;4925593.00
20130502;11.54;11.74;11.50;11.68;137135;1597295.00
20130503;11.79;12.09;11.76;11.95;360008;4310261.00
20130506;12.14;12.31;11.96;12.26;804513;9835851.00
20130507;12.27;12.33;12.08;12.17;577379;7041295.00
20130508;12.29;12.65;12.12;12.60;985776;12296903.00
20130509;12.60;13.30;12.45;13.22;1507755;19579246.00
20130510;13.34;13.34;12.92;13.17;986575;12929025.00
20130513;13.11;13.39;13.01;13.10;979189;12864118.00
20130514;13.16;13.18;12.46;12.57;1079102;13749226.00
20130515;12.60;12.92;12.58;12.90;447154;5722354.00
20130516;12.89;13.38;12.80;12.92;1483969;19437836.00
20130517;8.77;8.77;8.36;8.56;2218332;18963374.00
20130520;8.62;9.10;8.53;8.98;2211201;19653998.00
20130521;9.01;9.58;8.90;9.56;3451112;32052986.00
20130522;9.40;9.47;8.96;9.09;3150844;28929130.00
20130523;9.08;9.94;9.00;9.36;4577334;43318708.00
20130524;9.28;10.30;9.28;10.26;6100211;60704244.00
20130527;10.23;10.38;10.01;10.38;4302961;43900996.00
20130528;10.35;10.38;9.85;9.96;3072709;30791910.00
20130529;9.90;10.30;9.90;10.07;2501799;25340488.00
20130530;10.07;10.23;9.91;10.10;2550936;25710464.00
20130531;10.21;11.11;10.08;10.58;5216922;55686600.00
20130603;10.79;10.96;10.31;10.44;3573164;37891220.00
20130604;10.38;10.50;9.41;9.78;3273965;32547538.00
20130605;9.73;10.26;9.60;10.08;2366235;23728170.00
20130606;10.15;10.15;9.86;9.87;1116086;11097845.00
20130607;9.87;10.10;9.64;9.85;1231965;12117382.00
20130613;9.70;9.85;9.21;9.70;1414843;13496512.00
20130614;9.86;10.67;9.73;10.67;4170146;43688344.00
20130617;10.88;11.46;10.67;10.97;5575538;61811992.00
20130618;10.75;11.98;10.63;11.80;6012655;68846456.00
20130619;11.35;11.82;11.00;11.40;4917762;55893860.00
20130620;11.30;11.50;10.35;10.43;3784112;41745220.00
20130621;10.16;10.70;9.70;10.48;6810235;68447080.00
20130624;10.21;10.33;9.43;9.50;4937812;48558596.00
20130625;9.22;9.74;8.63;9.59;4850143;45218640.00
20130626;9.40;10.55;9.40;10.55;7604813;77889704.00
20130627;10.58;10.98;10.18;10.87;8035638;85131680.00
20130628;10.58;11.16;10.31;10.42;5081689;54436484.00
20130701;10.36;11.31;10.32;11.24;6467438;70530968.00
20130702;11.24;12.36;11.05;12.36;7641260;91334368.00
20130703;12.50;13.57;11.88;13.01;10888141;137673824.00
20130704;12.80;12.97;12.31;12.39;7536228;95025600.00
20130705;12.35;12.70;11.72;11.80;6048242;74488520.00
20130708;11.19;12.49;11.13;11.99;7348925;87452632.00
20130709;11.72;13.19;11.70;13.19;7245628;92550400.00
20130710;13.70;14.51;13.39;14.00;9848569;137144032.00
20130711;13.88;15.40;13.78;15.40;8044465;120382936.00
20130712;16.94;16.94;16.94;16.94;2175144;36846940.00
20130715;18.63;18.63;18.10;18.63;3114181;57999608.00
20130716;19.77;20.49;19.20;20.49;14225963;285972096.00
20130717;20.05;21.70;19.67;20.59;12775544;261687968.00
20130718;20.52;21.10;19.83;20.28;9685258;196629792.00
20130719;19.78;22.31;19.73;22.31;7016405;148640016.00
20130722;23.50;24.54;23.20;24.54;16700644;402420960.00
20130723;23.90;25.85;22.93;25.22;11641492;284126560.00
20130724;25.11;27.70;24.40;25.88;10471634;274701728.00
20130725;25.19;26.80;24.81;26.16;9961326;256308912.00
20130726;25.68;26.47;23.78;25.25;10734860;268013904.00
20130729;24.50;24.76;22.73;22.80;8983227;210894832.00
20130730;22.40;23.88;22.02;23.06;9073352;208427760.00
20130731;22.68;23.22;22.00;22.32;7069457;159337728.00
20130801;22.25;23.92;22.10;23.51;10825298;249984160.00
20130802;23.20;24.48;22.58;22.70;9808443;230560000.00
20130805;22.50;23.17;21.90;22.69;6510885;146072368.00
20130806;22.51;24.30;22.40;23.49;8581197;200788816.00
20130807;23.21;23.38;22.20;22.46;6516371;147333104.00
20130808;22.00;22.74;21.40;21.71;4970728;109582696.00
20130809;21.71;22.99;21.71;22.30;5941748;133182256.00
20130812;22.02;24.53;22.02;24.53;10148386;241727440.00
20130813;25.25;26.98;25.19;26.98;7888239;205754400.00
20130814;27.33;29.68;25.58;29.40;14193824;399304512.00
20130815;28.32;32.34;28.21;32.29;11888920;365417984.00
20130816;31.32;34.46;30.50;30.92;9402203;303287904.00
20130819;30.92;34.01;30.90;34.01;5470384;181867248.00
20130820;35.94;37.00;34.16;35.46;9427061;334307520.00
20130821;34.60;36.93;34.02;34.48;7144228;250955920.00
20130822;34.40;36.86;33.30;36.10;9540451;333083680.00
20130823;35.38;37.90;35.01;36.11;8622267;313825280.00
20130826;35.26;36.65;34.68;35.40;6354484;224982544.00
20130827;34.76;38.94;34.63;38.94;10037839;379855200.00
20130828;38.60;42.50;37.50;39.10;10350714;412546752.00
20130829;38.90;40.40;37.50;39.00;8435634;329214880.00
20130830;37.61;38.70;35.10;35.10;6624001;242893824.00
20130902;34.10;35.97;32.11;34.70;6384540;218847648.00
20130903;33.99;38.17;33.71;38.17;8210293;295843968.00
20130904;37.37;40.93;36.88;38.70;9429503;366385696.00
20130905;37.47;40.79;37.42;38.92;7554639;296563584.00
20130906;38.53;40.18;37.30;38.24;7323427;283760384.00
20130909;37.52;39.57;36.55;38.62;6906723;263649232.00
20130910;38.70;39.48;36.64;37.30;5590118;211536960.00
20130911;36.70;37.00;33.57;33.57;5496405;188154240.00
20130912;33.37;35.47;33.01;34.45;4499811;155348768.00
20130913;33.81;36.67;33.20;35.42;5037422;177134512.00
20130916;34.30;38.96;34.30;38.96;6975010;265176352.00
20130917;40.50;42.86;39.50;42.86;12794282;533374848.00
20130918;43.00;44.00;41.00;42.84;8828267;376962848.00
20130923;42.84;45.98;42.10;42.99;8568045;376283936.00
20130924;42.40;43.80;41.02;41.90;7514392;317513984.00
20130925;41.00;42.31;40.10;40.15;6196011;253755520.00
20130926;40.00;41.25;38.91;38.95;4111087;164891104.00
20130927;39.50;42.50;38.10;42.40;5943909;239897296.00
20130930;41.86;44.20;41.21;42.40;5893876;253514928.00
20131008;41.50;42.59;39.51;40.60;4699457;193042800.00
20131009;40.21;43.28;40.04;42.55;5507859;230056016.00
20131010;42.79;45.67;40.50;41.10;6350878;272493888.00
20131011;39.90;41.88;39.41;40.12;3951568;159314512.00
20131014;40.02;41.16;39.01;40.28;2645888;106168624.00
20131015;40.00;40.00;36.30;37.02;5997163;225963344.00
20131016;36.61;36.97;33.42;34.05;4202124;145458208.00
20131017;34.70;35.36;33.60;33.83;3338226;115323088.00
20131018;34.10;35.00;34.10;34.48;1978152;68497880.00
20131021;34.30;35.18;34.02;35.12;2896594;101046544.00
20131022;35.15;35.18;31.61;31.61;4566519;148020656.00
20131023;30.92;30.92;28.45;29.55;5254538;153672384.00
20131024;29.11;30.13;28.73;28.78;3878434;113604152.00
20131025;28.97;29.16;26.78;28.38;4085209;114315208.00
20131028;28.20;28.98;28.00;28.68;2846064;81284624.00
20131029;28.35;28.59;25.81;26.68;4441879;118865016.00
20131030;26.63;27.68;26.24;26.98;2591020;70206520.00
20131031;26.11;26.50;25.21;25.85;2233303;58003472.00
20131101;25.79;28.44;24.98;28.44;6194544;168961552.00
20131104;27.56;29.03;27.30;27.95;5919376;166557024.00
20131105;27.91;29.60;27.15;29.17;6358935;182971312.00
20131106;28.70;29.03;27.39;27.50;5285833;150029200.00
20131107;26.75;28.40;26.01;26.81;4302644;116510848.00
20131108;26.60;28.50;26.22;27.70;4824847;131855464.00
20131111;27.39;27.40;25.53;25.80;4560636;119848944.00
20131112;25.51;26.66;25.33;26.35;3319286;86680712.00
20131113;26.15;27.18;25.50;25.53;3455093;90884136.00
20131114;25.11;26.99;25.11;26.82;4152281;109174856.00
20131115;26.82;29.50;26.46;29.50;5272859;151042976.00
20131118;29.50;30.25;28.88;30.20;7242644;214315184.00
20131119;30.05;30.37;29.13;29.36;4924837;146184880.00
20131120;29.65;31.12;29.65;29.83;5897678;178681440.00
20131121;30.68;32.80;30.31;31.52;7809276;247303808.00
20131122;30.90;32.32;30.32;31.58;5565851;172667360.00
20131125;30.91;31.18;30.21;30.33;3569919;109426248.00
20131126;30.00;30.59;29.40;29.65;2665064;79545088.00
20131127;29.43;30.99;29.43;30.25;3855909;117469400.00
20131128;30.04;30.67;29.63;29.66;3505020;105210400.00
20131129;29.48;32.63;29.42;32.63;9474847;299836896.00
20131202;30.50;31.35;29.37;29.37;6676109;200799392.00
20131203;27.40;28.40;26.43;27.89;5530713;151442032.00
20131204;28.20;29.79;27.61;28.28;5075345;147216960.00
20131205;27.88;28.16;26.61;26.74;3586553;97225984.00
20131206;25.63;27.26;25.59;26.72;1858014;49304756.00
20131209;26.69;27.40;26.52;27.04;2048583;55410832.00
20131210;26.89;29.30;26.82;28.40;4543702;129055856.00
20131211;27.72;29.23;27.46;27.93;2876196;81094824.00
20131212;27.90;30.50;27.90;29.34;4945251;146059712.00
20131213;29.40;31.98;29.20;30.86;6712010;206286496.00
20131216;30.28;33.80;30.05;32.90;6754050;214100976.00
20131217;32.50;36.19;32.25;36.19;8783135;309472896.00
20131218;36.45;36.60;33.33;34.85;7709835;269702656.00
20131219;34.85;37.28;34.00;34.76;7736628;278545824.00
20131220;34.78;36.30;33.03;35.92;6475905;225590368.00
20131223;35.50;38.30;34.00;36.66;6102055;223321648.00
20131224;36.00;37.30;35.58;36.49;4412518;160937872.00
20131225;36.49;36.99;34.80;35.50;5978647;212545760.00
20131226;35.01;36.15;33.86;35.08;5741667;200655728.00
20131227;36.09;38.59;36.09;38.59;11778557;449481888.00
20131230;38.50;41.00;37.69;39.67;9427332;370879680.00
20131231;39.40;39.40;35.81;37.00;5458573;205974144.00
20140102;36.59;38.50;36.15;37.50;2852309;106911504.00
20140103;37.00;38.40;36.98;37.73;3212196;121028160.00
20140106;37.25;37.48;34.53;34.80;4096977;145025728.00
20140107;34.41;35.18;33.00;34.19;4225872;143766528.00
20140108;34.93;37.03;34.50;37.00;5518682;199027136.00
20140109;36.80;39.40;36.31;37.59;5835632;223213712.00
20140110;37.00;39.20;36.36;37.75;3403663;128213176.00
20140113;37.05;40.29;36.40;38.83;5214259;202432960.00
20140114;38.50;40.66;38.36;39.89;3718058;146974080.00
20140115;39.40;42.83;38.78;42.27;5548810;228037584.00
20140116;41.70;45.18;41.52;42.00;5652239;245251296.00
20140117;41.52;43.90;41.30;43.15;3439594;147869072.00
20140120;43.20;45.90;43.00;44.45;3107181;138826512.00
20140121;44.21;48.90;42.63;48.90;5413128;251656272.00
20140122;50.10;52.96;48.17;52.66;5316775;266375520.00
20140123;52.00;55.27;50.92;54.22;3454766;183503456.00
20140124;53.61;59.64;53.20;59.64;2589085;146588784.00
20140127;60.50;65.60;60.50;65.60;2854540;183672176.00
20140128;66.71;69.93;62.33;62.60;5269670;347498240.00
20140129;63.10;68.86;61.11;68.86;4994371;324406496.00
20140130;69.66;72.66;68.00;70.10;3632086;256388240.00
20140207;68.49;71.00;66.61;68.80;2573459;176180448.00
20140210;68.49;68.49;62.49;64.25;6661919;428066848.00
20140211;63.20;64.49;62.00;62.30;3572583;225151168.00
20140212;62.10;63.46;59.20;61.10;4596568;278129088.00
20140213;60.25;61.77;58.40;58.80;3228826;194967488.00
20140214;58.80;60.25;58.60;59.40;2601374;154772768.00
20140217;59.30;62.35;59.02;60.60;3867711;235298000.00
20140218;60.78;60.78;54.54;57.31;5310401;300610432.00
20140219;56.94;60.60;55.82;60.20;5884258;344433952.00
20140220;60.00;66.22;59.62;66.22;7257259;466078336.00
20140221;68.00;72.84;66.02;72.84;4783707;336403200.00
20140224;75.00;79.30;71.00;73.51;6005095;453286976.00
20140225;74.67;78.90;68.70;74.99;4894097;369695552.00
20140226;71.05;77.99;67.49;72.56;4207128;300170464.00
20140227;71.11;71.49;65.30;65.30;4667714;311782560.00
20140228;64.32;64.32;58.77;62.95;5022536;305906592.00
20140303;61.87;62.91;59.20;59.98;3340631;202852832.00
20140304;59.90;63.10;59.52;63.02;3534576;216588208.00
20140305;63.99;69.32;63.60;69.32;3675377;248003472.00
20140306;72.11;75.78;69.00;71.25;5740367;413288864.00
20140307;69.54;71.21;64.13;64.40;4455755;294574592.00
20140310;61.50;66.80;60.50;62.95;2768840;176051536.00
20140311;63.81;64.44;60.40;61.60;1949437;121237272.00
20140312;60.98;63.99;59.69;61.04;2369441;146997808.00
20140313;60.19;61.58;56.67;58.18;3477241;202595936.00
20140314;57.90;60.87;57.00;60.00;2700324;161054784.00
20140317;60.40;64.78;59.78;64.61;3008538;190672160.00
20140318;64.55;65.19;61.00;62.64;3018417;190795040.00
20140319;62.60;65.00;62.19;63.75;2162517;138064832.00
20140320;63.35;64.75;60.50;62.00;2484937;155207776.00
20140321;61.00;62.89;58.50;61.90;2014082;122196512.00
20140324;64.00;64.00;59.00;59.70;1633234;100112904.00
20140325;60.10;61.70;59.52;61.27;1663938;101214000.00
20140326;62.50;62.50;59.50;59.75;1562696;94524760.00
20140327;59.00;59.83;54.08;54.50;2340879;132426128.00
20140328;53.50;54.80;50.00;50.10;2353562;120659480.00
20140331;48.90;51.68;48.90;50.54;1625027;82232464.00
20140401;50.00;52.01;50.00;51.79;1384453;71200304.00
20140402;51.79;52.58;48.50;48.98;2207184;109367672.00
20140403;48.85;52.49;47.45;52.24;3793892;191931200.00
20140404;51.00;51.90;50.30;51.03;1808445;92251784.00
20140408;49.00;50.19;48.52;50.13;2146933;106066280.00
20140409;50.13;51.98;50.00;50.76;1761530;89484440.00
20140410;50.00;55.84;49.60;53.46;5563825;299786688.00
20140411;51.90;51.97;49.00;50.41;3735983;188484512.00
20140414;50.31;50.97;49.28;49.70;2098318;104899088.00
20140415;49.55;51.20;49.40;50.10;1930285;97488096.00
20140416;49.65;49.89;47.48;48.26;1980738;95784840.00
20140417;48.60;48.94;47.90;48.65;1173736;56743476.00
20140418;48.68;50.88;47.75;49.58;1700123;84870664.00
20140421;48.95;51.55;48.39;49.81;1967250;99523168.00
20140422;49.52;53.30;48.88;53.20;3017067;154590800.00
20140423;53.38;53.38;50.13;50.90;2544331;130935464.00
20140424;50.92;51.49;48.86;49.21;1761858;87586992.00
20140425;49.25;49.25;46.19;46.22;1851380;87752944.00
20140428;45.10;45.10;41.60;41.60;2477952;105139840.00
20140429;40.22;41.80;38.82;40.66;3745186;150503680.00
20140430;40.30;41.50;40.02;40.86;2318629;94824096.00
20140505;40.60;43.38;40.59;42.45;2528975;106503664.00
20140506;42.34;43.98;41.45;43.54;2914536;126130216.00
20140507;43.25;43.25;41.15;41.25;2018139;84811144.00
20140508;41.00;42.43;40.33;40.51;1962405;81022832.00
20140509;40.52;40.99;38.66;39.15;2636057;103973792.00
20140512;40.20;40.92;38.74;40.50;2643257;105609600.00
20140513;40.49;41.98;39.82;40.91;2852929;117591824.00
20140514;40.60;41.38;39.82;40.20;1961376;79316576.00
20140515;40.58;41.21;38.93;38.97;2448262;97640128.00
20140516;38.44;38.87;35.69;36.59;4684672;172737024.00
20140519;36.64;37.98;35.88;37.60;3136838;117069592.00
20140520;38.30;40.49;38.30;38.87;4168526;163159664.00
20140521;38.35;39.38;37.86;39.04;2463281;94735128.00
20140522;39.03;41.20;39.03;39.52;4039951;162631248.00
20140523;40.00;43.47;39.10;43.47;5394162;223673616.00
20140526;44.50;44.50;42.37;43.47;5155462;223461840.00
20140527;43.03;43.20;41.80;41.99;3518156;148889232.00
20140528;42.30;46.19;41.90;46.19;7693297;340965248.00
20140529;47.00;47.30;44.57;45.20;5954321;273620448.00
20140530;45.40;47.29;45.00;45.97;4736123;218988112.00
20140603;45.00;45.75;43.31;43.67;3581282;158462032.00
20140604;43.80;45.27;43.68;44.20;2845033;126193288.00
20140605;40.14;42.68;39.78;40.20;6952482;278938240.00
20140606;40.00;41.99;39.20;40.40;6614059;268162880.00
20140609;40.30;41.27;38.81;38.90;6374633;253004096.00
20140610;38.99;40.76;38.22;40.44;8434818;331668992.00
20140611;40.43;40.43;38.67;38.92;10346604;405680256.00
20140612;39.21;39.92;38.42;39.54;8338922;326419616.00
20140613;39.46;43.49;39.36;41.90;12174492;507607936.00
20140616;42.00;43.59;41.92;42.99;7840283;335330560.00
20140617;43.00;44.04;42.02;43.35;8330989;359342560.00
20140618;43.10;45.68;43.10;44.80;11754316;527022688.00
20140619;34.48;37.15;33.50;33.80;17050239;600042176.00
20140620;33.79;36.30;33.79;35.19;10461998;369819456.00
20140623;35.60;38.71;35.25;38.71;15313382;577028352.00
20140624;38.45;38.80;37.35;38.52;11078878;421459936.00
20140625;38.50;38.50;35.30;36.00;12417056;451852224.00
20140626;35.85;37.43;35.52;36.69;7848746;289305984.00
20140627;36.25;36.60;35.25;36.28;7780441;280266752.00
20140630;36.25;37.49;36.03;37.24;7000184;259578480.00
20140701;37.14;40.90;36.68;40.40;10287826;406850112.00
20140702;40.00;41.00;39.12;39.75;5991545;239825072.00
20140703;39.75;42.48;39.70;41.35;7259101;303224864.00
20140704;41.56;42.57;40.00;40.55;6037668;246520320.00
20140707;40.21;41.56;39.18;39.71;5459077;219027792.00
20140708;39.24;41.93;39.24;41.21;6316379;258319648.00
20140709;41.50;41.50;39.70;39.88;4816629;193571680.00
20140710;40.25;41.09;39.15;39.95;4675096;186765824.00
20140711;39.01;39.50;36.67;36.97;7704688;292302368.00
20140714;36.98;37.81;35.01;37.81;5729391;210081984.00
20140715;38.00;38.25;36.21;36.54;3593447;133042800.00
20140716;36.43;36.49;33.80;34.87;4907569;171952816.00
20140717;34.36;35.48;34.25;34.58;3088250;107302648.00
20140718;34.50;35.14;33.30;33.52;4536871;154741600.00
20140721;33.51;34.50;33.16;34.17;4284099;145036256.00
20140722;34.50;35.00;34.18;35.00;3952199;137291872.00
20140723;35.20;35.30;33.40;33.53;4071367;138352816.00
20140724;33.40;33.84;31.18;32.95;4180736;136305984.00
20140725;32.61;34.26;32.21;33.96;3555483;119511496.00
20140728;34.29;34.70;33.70;34.60;3861476;132256064.00
20140729;34.80;35.97;34.30;35.34;4928298;173686704.00
20140730;35.00;35.95;34.75;35.07;3192203;112177584.00
20140731;35.09;35.35;34.00;34.59;3446667;118862024.00
20140801;34.06;34.22;33.03;33.40;3859549;130223696.00
20140804;33.30;34.95;33.15;34.51;4182923;143877616.00
20140805;34.40;37.00;33.65;36.16;8111032;290104448.00
20140807;35.05;38.60;35.03;37.45;8571069;318738848.00
20140808;37.96;40.00;37.71;39.55;8111149;318432000.00
20140811;39.60;39.60;38.56;39.21;5000201;195311664.00
20140812;39.18;41.52;38.68;39.83;6592353;266682944.00
20140813;39.50;40.59;38.30;39.99;5778349;227529776.00
20140814;39.80;41.70;39.56;40.39;4392412;178877936.00
20140815;40.02;40.90;39.46;40.05;3279241;131498576.00
20140818;40.08;44.06;40.08;44.06;10056103;434226592.00
20140819;44.80;44.80;43.13;43.90;5971050;261111744.00
20140820;43.89;43.90;42.60;43.20;3523540;151827376.00
20140821;43.50;46.25;43.43;44.66;5182297;231129792.00
20140822;44.98;46.77;43.80;45.93;5323913;244011424.00
20140825;45.80;47.40;44.85;46.67;4392806;204089152.00
20140826;46.89;47.40;43.00;44.21;4064822;183398320.00
20140827;44.00;46.50;43.86;45.41;3532627;160496192.00
20140828;45.20;45.20;43.10;43.28;3606266;158384576.00
20140829;42.80;44.20;42.60;43.56;2787617;121096608.00
20140901;43.59;45.94;43.00;45.61;3461315;155559216.00
20140902;45.60;46.60;44.85;46.01;3873897;176714480.00
20140903;45.37;47.28;45.37;46.75;4049614;189375808.00
20140904;47.12;49.60;46.20;48.38;4374813;209722224.00
20140905;48.26;49.00;47.08;47.46;2559070;122395160.00
20140909;48.89;49.90;47.50;48.58;3928179;191458288.00
20140910;47.52;49.63;47.46;48.79;3295244;159887664.00
20140911;48.55;49.20;47.80;47.90;3347784;162194320.00
20140912;47.50;47.88;46.38;46.80;3892736;182255360.00
20140915;46.60;46.70;44.72;45.39;6007216;271716448.00
20140916;45.35;46.34;43.90;44.00;5584592;252575456.00
20140917;44.12;45.20;43.05;44.99;4246513;186911776.00
20140918;45.00;46.88;44.50;46.16;4859505;224445888.00
20140919;46.16;46.78;45.41;45.74;2405794;110749912.00
20140922;45.50;45.50;43.70;44.20;3298815;146503200.00
20140923;44.22;47.30;44.22;46.50;4522044;209074368.00
20140924;46.09;47.69;45.95;46.73;3890552;183102656.00
20140925;46.73;47.50;45.88;46.16;2952829;137854944.00
20140926;46.10;46.73;45.60;46.17;2195386;101552336.00
20140929;46.56;48.83;46.55;48.29;4887207;234212944.00
20140930;48.50;53.12;48.50;52.17;7118795;370311808.00
20141008;51.32;54.11;51.13;53.32;5606643;296314240.00
20141009;52.59;53.88;51.70;52.80;2827395;148805456.00
20141010;52.48;52.48;50.30;51.11;2853935;146611888.00
20141013;51.05;52.62;49.38;52.62;3821575;194165568.00
20141014;52.35;53.89;51.38;51.73;2938228;154994560.00
20141015;51.12;52.50;50.81;52.10;2021139;104191112.00
20141016;51.92;56.99;51.72;54.98;4479909;244339472.00
20141017;55.03;55.50;52.88;54.93;2801187;151364768.00
20141020;55.00;55.60;54.18;55.05;2148997;118275608.00
20141021;54.88;55.49;54.23;54.60;2573216;141507264.00
20141022;54.79;54.79;51.33;51.67;2914604;154000160.00
20141023;51.13;51.67;49.80;50.10;2362146;119614312.00
20141024;50.50;51.80;50.10;50.41;2074700;105650088.00
20141027;50.40;53.75;49.51;52.90;2792823;145831008.00
20141028;53.55;54.30;52.95;53.88;2459782;132201448.00
20141029;54.02;57.80;53.48;56.39;3499050;196863968.00
20141030;56.35;57.38;54.69;55.90;2442477;136605264.00
20141031;55.56;58.40;55.56;56.35;2944085;166885248.00
20141103;56.51;57.98;56.35;57.13;2638572;151129984.00
20141104;56.90;57.60;54.86;54.90;2368891;132078032.00
20141105;55.02;56.44;55.02;55.15;1933277;107634272.00
20141106;55.00;59.30;54.70;59.08;4172679;240276400.00
20141107;58.90;63.90;58.62;61.10;4743562;292404480.00
20141110;61.41;63.41;60.10;61.38;2600927;160636848.00
20141111;61.00;61.90;58.00;58.97;2826461;166964288.00
20141112;58.96;64.87;58.50;64.87;4947415;312892768.00
20141113;64.50;68.80;62.30;66.90;4475221;295129792.00
20141114;66.50;70.56;63.68;64.74;4570850;307480736.00
20141117;65.60;70.15;64.20;70.00;3462094;234528416.00
20141118;70.00;72.60;67.98;69.76;3946457;276757216.00
20141119;69.06;76.74;69.06;73.80;7310615;550236032.00
20141120;73.40;74.54;70.00;74.50;5453711;390567328.00
20141121;74.20;76.83;72.28;72.48;3407488;252210304.00
20141124;72.68;74.30;70.50;73.16;3472565;251235552.00
20141125;72.85;76.40;72.54;73.50;3830757;284457248.00
20141126;74.30;76.30;73.14;74.19;3367676;252942160.00
20141127;75.50;75.65;69.50;70.85;5330831;381156128.00
20141128;70.39;73.65;68.01;70.80;4821517;341856320.00
20141201;70.00;73.79;68.70;72.86;4266712;308319488.00
20141202;72.00;73.35;70.50;71.85;3061677;219050368.00
20141203;71.00;73.81;69.77;73.70;3901656;281976256.00
20141204;73.72;81.07;73.20;81.07;5566158;437325088.00
20141205;85.48;85.48;77.45;81.29;4380046;358001088.00
20141208;80.79;83.67;77.60;78.51;3733244;296951456.00
20141209;76.70;76.79;70.66;70.66;7204845;520516032.00
20141210;68.93;74.00;68.00;71.40;3883107;278525856.00
20141211;70.00;71.48;67.88;70.90;3163873;222201200.00
20141212;70.90;77.00;70.70;75.50;4337543;321691968.00
20141215;75.00;83.01;74.13;82.32;5317020;425591840.00
20141216;81.51;84.29;78.13;82.20;2775217;225011616.00
20141217;81.53;82.87;78.81;80.59;1914484;154394848.00
20141218;80.99;81.70;77.00;77.84;3090635;241900560.00
20141219;76.63;77.48;70.06;74.00;4282513;311088000.00
20141222;72.96;72.96;66.60;66.60;4222500;289005792.00
20141223;65.70;67.43;60.40;63.05;4593916;291883200.00
20141225;65.88;67.00;63.00;64.20;5335716;343579680.00
20141226;64.00;69.00;63.50;66.00;4058742;269471936.00
20141229;64.40;64.80;59.80;60.13;5307683;325092128.00
20141230;60.50;60.75;55.02;60.38;5150501;297691584.00
20141231;59.00;62.05;58.80;60.37;3429557;206771776.00
20150105;60.20;60.20;56.00;57.49;3343843;193074160.00
20150106;57.38;63.24;56.50;63.24;8457288;515492384.00
20150107;63.00;64.81;60.40;62.69;5207885;325174016.00
20150108;61.48;67.50;61.03;65.27;7480228;486551584.00
20150109;65.95;67.60;64.20;64.79;4280456;282573280.00
20150112;64.98;71.05;64.95;70.95;6491275;446768672.00
20150113;72.57;76.00;69.06;74.90;4684139;345074304.00
20150114;74.90;75.41;71.21;75.40;2797265;205833824.00
20150115;75.00;79.18;73.98;75.53;2849627;219112448.00
20150116;75.10;82.00;74.08;81.00;3874586;306950496.00
20150119;77.00;84.60;75.10;80.09;4597959;371258976.00
20150120;81.00;84.29;78.32;82.70;3518677;291549760.00
20150121;82.00;86.20;81.71;84.77;5654116;477442848.00
20150122;83.85;89.90;83.85;89.38;3063035;269670304.00
20150123;89.00;91.69;84.90;86.02;4047855;356901504.00
20150126;85.81;94.62;85.08;94.62;3383082;313169760.00
20150127;94.00;100.73;93.20;96.56;3489929;339064768.00
20150128;97.00;100.00;94.96;96.00;2695643;261754624.00
20150129;96.21;97.88;88.00;92.80;2018495;187518864.00
20150130;93.10;95.48;87.65;93.48;3571998;324097216.00
20150202;90.09;102.83;89.60;102.83;4267795;418360096.00
20150203;104.90;113.11;101.00;110.01;4490952;489939104.00
20150204;110.80;118.80;107.00;117.80;4809666;542472640.00
20150205;114.00;127.80;114.00;126.00;5837741;716134784.00
20150206;125.76;125.76;113.40;116.00;3772690;450211200.00
20150209;114.15;125.50;112.77;120.00;3426315;408237344.00
20150210;121.69;130.00;114.01;129.86;3593948;437372512.00
20150211;128.84;139.00;124.00;124.25;4599405;608375744.00
20150212;125.30;132.00;122.00;126.43;3362636;427160576.00
20150213;126.75;131.93;121.68;127.99;3255309;410747712.00
20150216;126.99;129.98;121.80;127.60;3228646;406733952.00
20150217;126.50;127.00;122.00;124.89;3818258;474826720.00
20150225;123.62;124.89;113.77;114.77;3796960;447076672.00
20150226;114.77;119.98;110.00;114.79;2698752;309322880.00
20150227;115.09;124.38;115.09;122.00;3708528;445643360.00
20150302;123.00;123.88;113.90;120.40;3759217;451716640.00
20150303;118.00;124.80;116.96;118.70;3416397;413237376.00
20150304;118.70;118.70;112.60;114.00;4396137;501038784.00
20150305;113.90;114.00;108.23;110.50;4607767;513523296.00
20150306;110.63;112.87;108.90;109.02;3585730;398061376.00
20150309;107.24;119.80;103.10;118.12;8201267;901928000.00
20150310;117.00;118.50;113.61;118.29;6616483;770685312.00
20150311;119.07;125.10;117.25;121.00;5488065;669800896.00
20150312;120.00;123.50;109.00;117.76;4818261;559451264.00
20150313;118.00;125.85;116.00;124.28;4180491;510866464.00
20150316;128.05;135.26;126.20;132.18;5361405;701292608.00
20150317;131.00;135.45;128.18;132.00;3398761;449516160.00
20150318;132.10;132.83;125.95;131.00;2894491;375821888.00
20150319;128.00;129.00;119.17;126.60;5994667;742423936.00
20150320;124.53;129.08;121.80;126.01;6926827;865632896.00
20150323;126.00;127.50;121.68;124.05;7155477;890355072.00
20150324;126.00;136.46;126.00;136.46;7591381;1012872512.00
20150325;139.23;143.00;129.06;133.00;8803383;1212092672.00
20150326;128.50;128.50;119.70;119.70;7026638;861501120.00
20150327;115.54;119.60;112.92;118.50;5740351;667006336.00
20150330;118.00;118.30;109.00;112.33;5409714;608872064.00
20150331;110.79;119.00;109.68;116.20;5051752;586450688.00
20150401;116.20;117.90;113.80;116.60;4836312;557739648.00
20150402;119.50;120.60;113.99;116.04;6530732;760688576.00
20150403;114.90;116.50;111.30;111.56;7925504;891198272.00
20150407;111.63;111.90;108.98;110.70;7571988;832312320.00
20150408;111.11;114.69;110.90;113.93;8191807;924211328.00
20150409;113.93;124.90;111.00;122.75;10684627;1256575744.00
20150410;120.00;123.28;118.02;118.90;6598287;792477248.00
20150413;117.80;117.80;111.40;111.71;9829219;1109036032.00
20150414;108.99;108.99;100.88;105.33;13313364;1383771648.00
20150415;103.22;103.29;94.80;94.80;7007495;697445696.00
20150416;93.95;98.66;91.38;94.49;9352582;895737600.00
20150417;96.00;99.90;93.40;97.15;7793652;754792512.00
20150420;96.00;104.42;93.16;101.75;9832196;986696384.00
20150421;101.00;111.50;100.11;110.00;7667816;822575744.00
20150422;110.00;113.00;106.10;107.78;6962343;753870400.00
20150423;108.18;110.02;105.00;108.00;7781755;836337920.00
20150424;107.00;107.00;99.80;103.78;6558942;677044736.00
20150427;102.20;105.60;100.00;101.68;6022330;614166336.00
20150428;101.72;103.48;97.00;98.60;5679556;567788544.00
20150429;97.98;108.46;97.22;108.46;7938743;822712704.00
20150430;110.00;119.31;109.60;115.06;12632235;1472795392.00
20150504;113.99;113.99;103.55;107.70;5039524;546649600.00
20150505;106.00;107.80;101.99;104.58;3973833;413628032.00
20150506;105.50;115.04;104.01;109.70;6253247;696632576.00
20150507;114.10;120.67;114.10;120.67;9542912;1145447040.00
20150508;129.55;132.74;129.00;132.74;4095514;541462976.00
20150511;146.01;146.01;141.00;146.01;5506570;803555968.00
20150512;152.89;157.95;138.48;154.98;11756366;1722378752.00
20150513;142.99;153.00;139.48;142.00;7862699;1137780224.00
20150514;143.00;147.53;129.55;130.50;8332396;1134192384.00
20150515;127.00;135.19;125.45;129.00;7045490;918854848.00
20150518;132.35;137.69;126.00;131.85;6942344;920210240.00
20150519;131.85;132.86;126.20;130.50;4752275;614951104.00
20150520;132.08;140.64;127.07;137.40;6726720;893879424.00
20150521;134.30;143.51;132.40;137.71;5945978;825247552.00
20150522;136.00;137.72;129.95;131.45;5253942;696621376.00
20150525;125.70;128.00;122.22;123.19;5800444;724984768.00
20150526;118.50;126.80;118.50;125.20;6122000;765757120.00
20150527;125.30;127.49;121.00;121.94;4673296;578544256.00
20150528;122.00;134.13;119.30;131.00;10569790;1363236736.00
20150624;117.90;117.90;117.90;117.90;396400;46735560.00
20150625;106.11;106.11;106.11;106.11;1657100;175834880.00
20150626;95.50;95.50;95.50;95.50;1254600;119814304.00
20150629;85.95;88.00;85.95;85.95;2439700;209717088.00
20150630;77.36;94.55;77.36;81.00;16761331;1342381824.00
20150701;77.11;83.49;72.90;72.90;13342207;1056059520.00
20150702;67.19;70.00;65.61;65.61;13577572;898605504.00
20150703;60.50;67.75;59.05;59.05;12577855;766996352.00
20150706;63.00;64.00;53.15;53.15;13511370;773424896.00
20150714;58.47;58.47;58.47;58.47;2869508;167780128.00
20150715;64.32;64.32;53.08;53.90;26779137;1620257792.00
20150716;48.51;56.65;48.51;55.40;15946768;832595200.00
20150717;55.60;60.94;53.81;60.94;13709574;812727040.00
20150720;63.85;67.03;63.10;67.03;17661830;1157772672.00
20150721;67.00;71.88;64.52;68.45;15964046;1076329216.00
20150722;67.00;73.83;65.80;69.93;17019200;1186348928.00
20150723;69.07;73.18;68.01;71.11;10459204;736140032.00
20150724;71.76;74.50;64.00;67.10;11850195;841419712.00
20150727;64.00;65.34;60.39;60.39;14777178;922639936.00
20150728;54.35;58.00;54.35;54.35;18875361;1032821888.00
20150729;54.60;56.93;49.45;56.93;17040768;909067136.00
20150730;55.60;56.20;51.24;51.24;12641569;688856448.00
20150731;49.25;53.30;48.00;51.20;14730408;744070912.00
20150803;48.50;51.30;46.08;46.13;11399924;538041344.00
20150804;46.80;50.74;46.03;50.74;9918974;482715360.00
20150805;51.77;53.88;49.20;50.00;13453506;695758784.00
20150806;47.67;52.28;47.67;51.08;9048373;452678144.00
20150807;52.60;56.19;52.60;56.19;8192388;447860000.00
20150810;61.81;61.81;58.60;61.81;18503215;1123193216.00
20150811;63.00;65.52;60.40;61.21;20067258;1267049088.00
20150812;59.20;61.24;58.36;58.71;10704408;640181440.00
20150813;57.02;62.93;57.02;62.36;14511090;878303296.00
20150814;62.17;64.50;60.27;60.30;12887664;801419712.00
20150817;58.97;59.75;56.30;58.49;11746945;678843200.00
20150818;57.99;60.80;52.64;52.64;15456241;892838592.00
20150819;49.98;55.50;47.84;54.40;12642335;647519232.00
20150820;53.10;55.80;51.57;51.75;9884184;530444512.00
20150821;49.60;51.20;47.00;47.10;7904650;390381216.00
20150824;43.31;44.97;42.39;42.39;5098008;218633696.00
20150825;38.15;39.48;38.15;38.15;7005225;267908192.00
20150826;37.50;39.30;34.34;34.34;15002372;549280384.00
20150827;36.36;37.77;36.00;37.77;16844167;632405824.00
20150828;39.90;40.96;37.92;40.41;19669657;773305920.00
20150831;39.57;39.63;36.80;36.90;11627148;449030112.00
20150901;35.90;39.75;34.25;35.10;15362502;571210368.00
20150902;32.10;38.61;32.04;38.61;20342339;748440768.00
20150907;39.40;42.47;39.00;42.47;22919037;954483712.00
20150908;41.00;45.19;39.13;44.80;20690477;864731904.00
20150909;44.00;47.08;43.23;45.35;23505074;1067482560.00
20150910;43.68;44.88;42.01;42.48;11303095;494718656.00
20150911;42.66;46.73;42.66;45.57;18012570;821514368.00
20150914;44.50;45.00;41.01;41.01;13458028;575017472.00
20150915;37.52;39.99;36.91;36.91;13721605;518386816.00
20150916;38.21;40.60;38.00;40.60;11981205;478312832.00
20150917;44.66;44.66;43.66;44.02;18629840;830937280.00
20150918;43.68;45.55;41.99;44.80;20527552;901299264.00
20150921;43.30;49.28;43.00;49.28;15500534;726743488.00
20150922;50.00;53.00;47.71;49.40;19912500;997651200.00
20150923;48.38;52.38;48.06;50.20;15845154;796828480.00
20150924;50.10;52.15;48.81;50.20;15373327;777740160.00
20150925;50.35;52.89;47.73;48.78;16768590;847522496.00
20150928;49.25;53.66;47.11;53.66;13940346;714017792.00
20150929;52.30;57.68;52.28;56.30;14651964;797140032.00
20150930;55.50;55.97;51.00;52.94;10866703;581297088.00
20151008;55.10;57.10;54.66;55.33;10680764;596541184.00
20151009;55.59;55.65;53.01;54.00;9883666;535264128.00
20151012;54.23;59.30;54.23;56.28;12362361;704972416.00
20151013;55.38;60.48;55.18;58.90;12837318;743563776.00
20151014;57.75;58.80;55.60;56.82;10379961;592193600.00
20151015;55.70;59.95;55.00;59.20;13369311;773175040.00
20151016;59.36;65.12;58.08;63.34;17373762;1063782336.00
20151019;63.00;63.40;58.91;60.65;14253921;867696768.00
20151020;60.69;64.68;60.67;62.97;13846949;872379840.00
20151021;62.00;65.59;56.67;56.67;17993595;1087956736.00
20151022;56.63;59.48;55.00;58.70;13779011;795909760.00
20151023;58.39;62.57;57.08;60.75;15442944;918451968.00
20151026;60.91;61.00;56.53;58.00;11970828;695945664.00
20151027;57.08;60.20;54.00;59.06;12311618;705017984.00
20151028;58.21;59.34;53.62;54.92;10674004;609260416.00
20151029;54.30;60.41;54.10;60.41;14387123;832189440.00
20151030;60.39;64.38;58.41;60.00;20437218;1258713472.00
20151102;55.02;60.79;55.02;56.48;13407129;775192128.00
20151103;56.71;61.80;56.71;59.80;14846086;883140992.00
20151104;60.00;65.78;59.02;65.78;24559781;1556149248.00
20151105;65.00;67.58;63.88;65.80;19715423;1295063168.00
20151106;65.90;69.58;65.50;66.69;15403501;1042512768.00
20151109;65.80;69.48;63.90;68.00;14000162;931189248.00
20151110;66.78;70.70;65.78;66.66;12884184;872675904.00
20151111;65.94;66.50;64.63;65.94;10657669;697393920.00
20151112;66.50;69.66;65.69;65.81;14510563;973456256.00
20151113;64.00;65.08;61.66;61.75;11659249;734061632.00
20151116;60.10;63.18;60.01;63.12;10980640;674397824.00
20151117;64.26;64.58;60.10;60.42;12658441;795069696.00
20151118;61.00;62.00;57.02;57.35;12190280;724897216.00
20151119;58.30;60.50;57.32;59.57;12239718;722510912.00
20151120;59.66;62.48;58.33;60.36;13479184;817087616.00
20151123;59.80;61.50;58.82;59.70;11429996;687584960.00
20151124;59.98;61.99;58.52;61.77;12221417;741034176.00
20151125;61.69;67.95;61.03;65.64;19836976;1300862720.00
20151126;65.50;65.85;62.15;62.81;14065784;896562432.00
20151127;61.80;62.99;56.53;56.53;13787950;822055040.00
20151130;56.19;57.27;51.30;55.38;9848558;541312256.00
20151201;54.80;55.78;53.36;54.54;7932218;433974400.00
20151202;54.50;55.11;51.54;54.98;7144493;385204288.00
20151203;55.65;57.80;54.26;57.55;12870220;720701440.00
20151204;57.00;58.20;55.66;55.75;9549415;542846208.00
20151207;55.80;58.01;55.01;56.40;7738730;439038976.00
20151208;55.50;55.79;53.18;53.76;8289051;449161792.00
20151209;53.20;55.74;52.55;53.96;8647974;469605536.00
20151210;54.00;56.69;53.50;54.46;9019834;494607936.00
20151214;51.55;52.00;49.01;50.97;16003136;800365440.00
20151215;51.06;52.97;50.80;51.75;9429717;489488416.00
20151216;52.70;56.06;51.50;53.25;14386269;768374720.00
20151217;53.00;55.50;52.63;54.60;12152427;660595136.00
20151218;54.06;55.90;53.55;53.82;9172911;500480320.00
20151221;54.25;55.90;53.90;55.21;9860582;542899584.00
20151222;55.31;56.65;54.01;55.60;9192943;511641408.00
20151223;55.60;55.63;52.92;53.20;8348388;452090144.00
20151224;53.30;54.53;52.70;54.18;4373266;234906448.00
20151225;54.20;54.30;53.20;53.79;4409608;237233424.00
20151228;54.00;54.93;52.66;52.68;6003712;324158112.00
20151229;52.81;53.09;51.20;53.08;4417994;230594784.00
20151230;53.49;54.46;53.00;53.99;5140310;276637760.00
20151231;53.75;54.00;50.63;50.70;6631711;345510432.00
20160104;50.68;50.88;45.63;45.63;5845825;279707200.00
20160105;41.07;45.08;41.07;43.51;8964156;385316448.00
20160106;43.98;45.20;43.43;44.91;9370720;412421824.00
20160107;43.80;43.80;40.42;40.42;2587630;107615808.00
20160108;41.22;44.43;36.38;40.96;11545229;466046816.00
20160111;39.00;44.60;38.50;42.01;13734363;580748416.00
20160112;42.70;44.72;41.50;44.00;10950790;477976352.00
20160113;43.50;45.55;41.08;41.08;8963385;384713888.00
20160114;39.44;44.30;39.00;43.44;7804459;330556096.00
20160115;42.93;43.31;39.91;40.50;6675962;278274976.00
20160118;39.44;43.00;39.02;41.85;6212338;259772800.00
20160119;42.00;43.36;40.78;43.35;7142681;300522976.00
20160120;42.50;43.18;42.00;42.21;5441224;231573328.00
20160121;41.46;43.01;39.70;39.80;5446681;226713040.00
20160122;40.40;40.75;38.50;40.41;4792715;190825040.00
20160125;40.81;41.45;40.30;40.89;3309311;135212624.00
20160126;40.40;40.65;36.80;36.80;4644611;180461168.00
20160127;36.88;37.83;34.38;37.14;5042934;183852416.00
20160128;36.90;36.94;34.74;35.49;3410134;123460616.00
20160129;35.45;37.50;35.44;36.83;4203967;153683008.00
20160201;36.50;36.70;34.50;35.20;2964327;106005272.00
20160202;35.65;37.35;35.25;36.68;3899135;142853232.00
20160203;36.00;37.69;35.76;37.36;4024606;147769664.00
20160204;37.69;39.21;37.15;38.69;4787096;184739136.00
20160205;38.69;39.18;37.63;38.03;2703519;103451264.00
20160215;36.91;38.24;36.78;38.10;2360650;88189120.00
20160216;38.26;40.68;38.26;40.26;4246967;168948400.00
20160217;40.01;43.10;39.90;42.27;7796003;325829536.00
20160218;42.02;42.87;41.43;42.05;5983570;252920800.00
20160219;41.80;44.00;41.60;43.14;5843259;251697056.00
20160222;43.77;47.45;43.15;46.17;8950164;413344352.00
20160223;46.00;46.45;44.82;45.70;4749430;215759536.00
20160224;45.31;46.48;44.90;45.82;3576128;163641152.00
20160630;50.40;50.40;50.40;50.40;880489;44376644.00
