20110518;28.99;31.38;28.57;30.31;15228899;455148576.00
20110519;29.20;29.50;27.43;28.03;8288418;236033792.00
20110520;27.45;28.42;27.16;28.40;5538439;154050064.00
20110523;28.20;28.78;27.68;27.70;3013868;84836408.00
20110524;27.48;28.87;27.32;28.40;3648882;103226096.00
20110525;28.20;28.40;27.51;27.90;1980907;55255296.00
20110526;28.17;28.20;25.90;25.90;3546198;94775456.00
20110527;25.85;26.00;25.30;25.35;1369215;35083464.00
20110530;24.98;25.64;24.63;25.00;1158157;29141884.00
20110531;25.04;25.86;25.00;25.65;846851;21505784.00
20110601;25.65;26.40;25.43;25.77;1120334;29025170.00
20110602;25.38;25.38;24.74;25.30;1069901;26810346.00
20110603;25.17;25.74;25.05;25.51;1041250;26513144.00
20110607;25.38;25.57;25.04;25.33;904153;22862960.00
20110608;25.21;25.38;24.56;24.86;868287;21575046.00
20110609;24.85;24.85;24.26;24.28;918249;22530040.00
20110610;24.30;24.74;24.12;24.72;647273;15801420.00
20110613;24.60;25.10;24.24;25.00;550422;13650025.00
20110614;24.98;25.45;24.80;25.21;725640;18302836.00
20110615;24.97;25.30;24.68;24.78;530796;13241474.00
20110616;24.61;24.61;23.78;24.04;768911;18534028.00
20110617;24.19;24.19;23.79;23.79;364386;8725430.00
20110620;23.84;24.11;23.52;23.96;474299;11317191.00
20110621;23.93;24.50;23.90;24.33;617615;14972476.00
20110622;24.51;24.90;24.35;24.71;1085907;26765290.00
20110623;24.70;25.98;24.47;25.71;1354911;34436472.00
20110624;25.69;26.92;25.52;26.36;1676643;44297468.00
20110627;26.65;28.24;26.65;27.60;1807108;50030200.00
20110628;27.53;27.97;27.23;27.53;818135;22555108.00
20110629;27.49;28.44;27.48;27.60;1530034;42903788.00
20110630;27.65;29.66;27.41;28.98;1610379;46432880.00
20110701;29.01;29.68;28.70;28.91;942358;27433474.00
20110704;29.02;29.58;28.88;29.36;951051;27742092.00
20110705;29.38;29.58;28.58;29.31;997790;28903402.00
20110706;29.29;30.56;28.61;30.38;1612670;47983476.00
20110707;30.25;32.19;30.10;31.08;1834412;57574372.00
20110708;31.06;31.58;30.60;31.01;706882;21988698.00
20110711;31.00;31.80;30.73;31.24;507373;15911382.00
20110712;30.95;32.69;30.22;32.41;1798556;56572272.00
20110713;32.01;34.89;31.88;34.19;1803256;60643796.00
20110714;34.58;34.58;33.04;33.89;1837439;62175564.00
20110715;33.25;35.50;33.05;33.76;2118078;72803184.00
20110718;33.70;36.50;33.35;35.72;1851572;64930836.00
20110719;35.70;36.10;34.82;35.80;1366790;48610744.00
20110720;35.80;36.49;35.11;35.62;742232;26609956.00
20110721;35.50;35.99;34.81;35.43;580005;20550766.00
20110722;35.31;36.90;35.11;36.06;763151;27571624.00
20110725;35.99;36.23;34.09;34.17;1492030;52135732.00
20110726;34.00;34.40;33.13;34.25;1002583;33888016.00
20110727;34.25;35.97;33.61;35.80;2142124;74510336.00
20110728;35.40;39.35;35.05;38.48;2081664;78875424.00
20110729;38.48;39.65;38.05;39.09;924736;35833372.00
20110801;39.10;41.05;38.26;40.01;1015396;40559188.00
20110802;39.39;41.68;39.18;41.68;1360012;55040072.00
20110803;41.09;42.17;40.92;41.05;726254;30173182.00
20110804;41.35;41.35;39.80;39.80;924841;37279816.00
20110805;38.76;42.44;37.18;41.54;1399653;56033976.00
20110808;40.89;42.45;39.00;39.80;1441110;58234548.00
20110809;38.20;40.96;37.71;40.85;1099119;43803160.00
20110810;41.15;43.70;40.85;42.99;1022377;43574828.00
20110811;42.04;43.58;41.70;42.64;730360;31058536.00
20110812;42.00;43.82;41.90;42.01;905407;38800260.00
20110815;41.71;42.98;41.00;42.23;711356;29896920.00
20110816;42.31;43.50;41.51;43.38;901166;38455796.00
20110817;43.33;44.97;43.29;43.75;959902;42453996.00
20110818;43.68;43.68;41.66;42.66;2110652;90024136.00
20110819;41.98;42.95;41.42;42.33;1035262;43577584.00
20110822;42.30;43.65;41.65;41.80;1020970;43567908.00
20110823;41.51;43.00;41.51;42.92;995388;42200836.00
20110824;43.19;43.95;42.07;42.51;1349778;57642244.00
20110825;42.47;42.58;39.62;40.80;1764689;72153984.00
20110826;40.70;41.44;40.32;40.99;592411;24263148.00
20110829;40.71;42.65;40.71;41.90;1049575;44099936.00
20110830;41.91;42.24;40.02;40.04;696525;28589566.00
20110831;40.19;40.38;38.60;38.82;1132310;44249068.00
20110901;39.20;39.87;38.40;38.83;687846;26937714.00
20110902;38.95;39.00;37.77;38.65;545951;20903378.00
20110905;37.86;38.65;37.86;38.10;386651;14761265.00
20110906;38.13;38.70;37.82;38.30;940673;35948700.00
20110907;38.89;38.98;36.88;38.48;1432587;53951708.00
20110908;38.21;38.84;37.03;37.03;1191502;45395440.00
20110909;37.15;38.28;36.89;37.71;927690;34919908.00
20110913;37.07;37.45;36.49;37.35;415639;15385048.00
20110914;37.47;37.80;36.81;37.70;455065;17000440.00
20110916;37.61;38.38;37.40;37.60;407473;15417882.00
20110919;37.20;37.57;34.90;34.90;1108700;39755624.00
20110920;35.00;35.25;34.15;34.80;562687;19546270.00
20110921;34.98;36.15;34.20;35.87;470577;16700927.00
20110922;35.60;35.60;32.42;33.20;1311151;44331116.00
20110923;32.66;33.32;32.50;32.95;509751;16750884.00
20110926;32.80;33.29;31.92;32.00;706368;23018294.00
20110927;32.31;32.98;31.71;32.45;467193;15038612.00
20110928;32.92;34.28;31.63;31.80;1344551;44301896.00
20110929;31.21;32.35;31.21;31.31;864946;27327084.00
20110930;31.90;31.90;30.60;31.20;1189262;36789008.00
20111010;31.11;31.28;29.68;30.68;1345264;40571412.00
20111011;31.48;31.88;29.69;30.55;932137;29011274.00
20111012;30.30;32.76;29.78;32.44;1306960;41324160.00
20111013;33.10;35.68;33.00;35.05;2873682;100271816.00
20111014;34.68;35.34;34.16;35.30;1384985;47970940.00
20111017;35.78;36.48;34.80;35.32;1142274;40455136.00
20111018;34.93;35.00;33.33;33.48;1446364;49378944.00
20111019;33.97;35.19;33.52;34.54;1354384;46661372.00
20111020;34.10;34.80;31.37;32.10;2137514;69475200.00
20111021;32.22;32.35;30.20;31.60;1522394;47429616.00
20111024;31.19;32.76;30.52;32.70;889093;28363146.00
20111025;32.50;34.33;32.49;34.25;1621513;54654200.00
20111026;34.10;34.98;33.77;33.86;1463916;50224328.00
20111027;34.20;35.18;33.85;34.30;1306281;45077324.00
20111028;34.99;35.18;34.18;35.08;1369658;47606884.00
20111031;35.08;36.10;34.80;35.69;1241768;44101720.00
20111101;35.32;35.65;34.30;34.40;2182440;76013320.00
20111102;34.08;36.38;33.89;36.36;1533594;53880884.00
20111103;36.38;36.96;35.58;35.70;1562991;56382716.00
20111104;36.10;37.37;36.00;36.89;1928018;70741936.00
20111107;36.70;37.48;36.34;36.85;979539;36244116.00
20111108;36.80;36.95;35.66;35.76;825225;29892064.00
20111109;36.02;36.46;35.00;36.34;1155983;41340780.00
20111110;35.75;36.47;35.38;35.50;1368041;49065068.00
20111111;35.65;35.87;34.69;34.83;808075;28481016.00
20111114;35.29;36.60;35.10;36.51;1544039;55889144.00
20111115;36.57;37.51;36.36;36.70;1356926;50165360.00
20111116;37.05;38.10;35.90;36.20;2219836;82069168.00
20111117;36.22;39.00;36.22;38.30;2497834;94374712.00
20111118;38.05;38.85;37.41;37.62;1765814;67042140.00
20111121;37.53;38.46;36.70;38.07;1500682;56508932.00
20111122;37.51;38.16;36.96;38.16;1083100;40705136.00
20111123;38.21;39.47;38.21;38.44;1169618;45398980.00
20111124;37.90;39.57;37.55;39.57;1479939;57275472.00
20111125;39.40;40.49;39.11;39.61;1412164;56154752.00
20111128;39.57;40.25;38.70;39.00;963828;37820156.00
20111129;39.28;39.49;37.70;38.50;1905743;73112416.00
20111130;38.47;38.60;35.50;36.12;1737954;64326804.00
20111201;37.15;38.48;36.60;36.96;2089280;78153864.00
20111202;36.60;37.48;36.03;36.10;1185779;43471728.00
20111205;35.72;36.07;32.49;32.49;1985669;67119336.00
20111206;32.55;33.34;32.05;32.85;1066732;34922868.00
20111207;32.80;33.58;32.68;33.08;890007;29571272.00
20111208;33.02;33.99;31.32;33.17;1995781;65194260.00
20111209;32.54;32.99;31.90;32.14;1030566;33471068.00
20111212;32.15;32.70;31.60;31.61;800670;25661038.00
20111213;31.33;31.33;30.25;30.75;872030;26832256.00
20111214;30.73;31.32;30.56;30.65;718709;22236116.00
20111215;30.20;31.70;30.05;30.99;1154778;35904484.00
20111216;30.83;32.00;30.40;31.92;1277430;39949800.00
20111220;32.00;32.88;31.60;31.60;1442387;46600876.00
20111221;31.98;32.23;30.60;30.78;819225;25950908.00
20111222;30.58;30.67;28.80;30.08;1150227;34110888.00
20111223;30.02;30.78;29.67;29.95;882882;26665388.00
20111226;29.70;30.50;29.65;29.95;649530;19567836.00
20111227;29.90;29.90;28.38;28.38;972524;28059922.00
20111228;28.20;28.21;26.58;27.35;1349088;36576424.00
20111229;27.18;27.59;27.01;27.16;853919;23336174.00
20111230;27.40;28.18;27.38;28.08;894351;24864208.00
20120104;28.58;28.88;27.50;27.50;1199048;33960616.00
20120105;27.11;27.66;26.15;26.55;1110521;29906690.00
20120106;26.66;28.27;26.21;27.97;1089059;29484520.00
20120109;27.97;29.38;27.70;29.30;1203097;34683424.00
20120110;29.30;30.48;29.00;30.34;1633285;48572176.00
20120111;29.99;30.48;29.65;29.90;908575;27336100.00
20120112;29.88;30.48;29.06;29.50;1085427;32316786.00
20120113;29.56;29.56;27.70;28.90;1701826;48670180.00
20120116;28.00;28.68;26.80;26.82;1290445;35750096.00
20120117;27.20;28.78;26.61;28.70;916517;25519454.00
20120118;28.70;28.88;26.65;26.90;942111;26314444.00
20120119;26.70;27.89;26.65;27.80;1127652;30896496.00
20120120;27.76;28.57;27.76;28.23;626950;17713134.00
20120130;28.23;29.55;27.58;28.51;1082822;30896264.00
20120131;28.55;28.66;27.60;28.06;740936;20718570.00
20120201;27.98;29.25;27.77;28.38;1147434;32916028.00
20120202;28.40;29.17;28.40;29.11;913862;26422772.00
20120203;29.12;29.80;28.70;29.64;1555942;45415512.00
20120206;29.70;30.17;29.12;29.83;1656350;49020884.00
20120207;29.70;29.70;28.66;28.84;1748974;50740516.00
20120208;28.51;29.58;28.50;29.54;998350;29106694.00
20120209;29.57;30.64;29.49;29.89;1377693;41416448.00
20120210;29.89;30.50;29.72;30.10;1002971;30160004.00
20120213;29.82;31.27;29.75;31.13;1671787;51476232.00
20120214;31.13;31.28;30.52;30.97;899111;27798558.00
20120215;31.28;31.66;30.88;31.54;973523;30492080.00
20120216;31.40;31.98;30.61;31.05;1480529;46330236.00
20120217;31.07;32.32;30.80;32.29;1956089;62344108.00
20120220;32.50;32.98;32.20;32.29;1836332;59980052.00
20120221;35.52;35.52;33.62;34.88;6573860;227626448.00
20120222;34.60;37.62;34.45;36.35;4794113;172465008.00
20120223;36.30;36.55;35.25;35.98;2749599;98648624.00
20120224;35.70;36.50;35.48;36.06;3049679;109595712.00
20120227;35.80;38.26;35.55;36.55;4189592;154665840.00
20120228;36.40;37.20;35.60;35.87;2537313;92381384.00
20120229;35.53;36.16;34.76;34.79;1996683;70455640.00
20120301;34.71;35.37;34.50;34.81;1205464;42241652.00
20120302;34.93;35.75;34.82;35.56;1287226;45523940.00
20120305;35.60;36.93;35.35;36.10;2130193;77177504.00
20120306;36.09;36.25;34.77;35.12;1589153;56017328.00
20120307;34.62;35.38;34.42;34.63;1161553;40587548.00
20120308;34.83;35.94;34.70;35.55;1221087;43200176.00
20120309;35.90;36.50;35.70;36.05;1314956;47422736.00
20120312;36.19;36.41;35.66;36.28;1114031;40167992.00
20120313;36.45;37.24;36.10;37.06;2183204;80266552.00
20120314;37.25;37.95;34.50;35.03;3111304;114214184.00
20120315;35.17;35.29;34.30;34.55;1388120;48255360.00
20120316;34.76;35.40;34.60;35.35;834841;29290620.00
20120319;35.04;36.35;35.04;36.20;1011064;36146824.00
20120320;36.20;36.21;34.65;34.80;1149428;40644268.00
20120321;35.00;35.17;33.60;34.20;1193738;40919160.00
20120322;34.20;34.47;33.90;34.25;647607;22171246.00
20120323;34.09;34.25;33.10;33.22;877397;29495850.00
20120326;33.28;34.16;33.28;33.78;547294;18396546.00
20120327;34.12;34.44;33.80;34.17;975044;33301470.00
20120328;33.65;33.65;30.75;30.75;2431409;75916288.00
20120329;30.01;30.29;28.55;29.11;1874712;55136592.00
20120330;29.12;29.49;28.12;28.50;801490;23054744.00
20120405;28.58;29.50;28.40;29.41;873113;25487118.00
20120406;29.26;29.88;29.02;29.80;914984;27077782.00
20120409;29.51;29.54;28.80;28.80;714570;20836126.00
20120410;28.80;28.98;27.40;28.72;1080508;30584000.00
20120411;28.30;28.80;28.00;28.63;680199;19320048.00
20120412;28.70;29.49;28.50;29.40;834459;24205686.00
20120413;29.50;29.86;29.32;29.54;833576;24641250.00
20120416;29.27;29.27;28.81;28.95;661315;19190262.00
20120417;29.09;29.16;28.33;28.35;638133;18236784.00
20120418;28.43;29.27;28.31;29.24;713852;20533148.00
20120419;29.10;29.28;28.88;28.95;499996;14534968.00
20120420;28.95;29.86;28.86;29.67;856353;25338588.00
20120423;29.50;29.50;28.28;28.29;1217277;34810116.00
20120424;27.90;28.66;27.50;28.49;590669;16550400.00
20120425;28.48;28.95;27.96;28.66;626070;17841958.00
20120426;28.82;28.82;28.43;28.55;416976;11911294.00
20120427;28.80;29.73;28.50;29.44;969091;28365734.00
20120502;29.85;30.18;29.40;29.88;1024350;30533772.00
20120503;29.85;30.12;29.60;29.98;668805;19995000.00
20120504;30.09;30.79;29.72;30.63;1111344;33701076.00
20120507;30.60;32.00;30.30;31.85;1556817;48931488.00
20120508;32.00;33.25;31.84;32.00;2092066;68107824.00
20120509;31.71;31.90;31.22;31.26;851524;26781190.00
20120510;31.01;31.87;31.01;31.55;650727;20513144.00
20120511;31.28;31.76;30.69;30.71;728879;22778914.00
20120514;31.00;31.23;29.50;29.50;1435482;43399884.00
20120515;28.69;29.48;28.58;29.42;750395;21771664.00
20120516;29.29;30.15;29.29;29.40;778924;23167236.00
20120517;29.50;29.99;29.50;29.74;500658;14904304.00
20120518;29.63;29.65;29.08;29.15;581054;17046326.00
20120521;29.15;29.79;29.15;29.58;517309;15298745.00
20120522;30.11;30.99;30.05;30.75;1144799;35053096.00
20120523;31.02;31.10;30.10;30.62;768132;23479320.00
20120524;30.28;30.61;30.14;30.27;521403;15806946.00
20120525;30.23;30.99;30.05;30.46;835935;25440530.00
20120528;30.35;30.35;29.50;30.07;815413;24334576.00
20120529;30.17;30.45;29.73;29.90;1256043;37859076.00
20120530;13.41;14.00;13.33;13.82;2902628;39952348.00
20120531;13.62;14.12;13.30;13.97;3372068;46204672.00
20120601;13.84;14.17;13.51;13.71;2054585;28484396.00
20120604;13.43;13.43;13.00;13.10;1601028;21151442.00
20120605;13.22;13.28;12.80;12.86;962005;12456971.00
20120606;12.99;12.99;12.44;12.59;1118268;14178471.00
20120607;12.74;12.85;12.35;12.36;835789;10518542.00
20120608;12.51;12.59;12.09;12.10;1059441;13071349.00
20120611;12.10;12.56;12.09;12.50;1253026;15469410.00
20120612;12.45;12.45;12.10;12.15;1287914;15756164.00
20120613;12.27;12.48;12.13;12.47;1315914;16225707.00
20120614;12.47;12.65;12.37;12.51;1605678;20141890.00
20120615;12.45;12.57;12.06;12.25;2444319;29930520.00
20120618;12.30;12.52;12.20;12.46;1488845;18463074.00
20120619;12.40;12.74;12.36;12.65;2230648;28181850.00
20120620;12.68;13.25;12.51;13.03;3575199;46248532.00
20120621;12.90;12.91;12.30;12.52;2720729;33994948.00
20120625;12.50;12.50;12.04;12.07;1527493;18585904.00
20120626;12.00;12.00;11.70;11.88;1085797;12853278.00
20120627;11.84;12.04;11.75;11.77;959786;11420264.00
20120628;11.88;11.90;11.45;11.45;882257;10310681.00
20120629;11.42;11.65;11.15;11.62;948808;10857693.00
20120702;11.68;11.97;11.67;11.86;1157061;13720332.00
20120703;11.72;11.96;11.66;11.78;1467731;17305272.00
20120704;11.78;11.94;11.72;11.84;873962;10344139.00
20120705;11.72;11.73;11.28;11.35;1391027;15900848.00
20120706;11.38;11.48;11.07;11.41;2105157;23696912.00
20120709;11.33;11.33;10.27;10.30;3349793;35957828.00
20120710;10.30;10.34;9.80;9.93;1687784;16856642.00
20120711;9.81;10.23;9.81;10.11;1138538;11509325.00
20120712;10.13;10.47;10.02;10.37;1598137;16430637.00
20120713;10.26;10.49;10.10;10.14;1162763;11993236.00
20120716;10.33;10.39;9.92;9.92;1165253;11764654.00
20120717;9.90;10.04;9.72;9.98;1035323;10279750.00
20120718;9.99;10.17;9.73;10.12;1149870;11423250.00
20120719;10.08;10.39;10.02;10.24;1823251;18679372.00
20120720;10.15;10.35;10.14;10.20;1371889;14036245.00
20120723;10.20;10.20;9.90;9.99;1033351;10325445.00
20120724;9.89;10.19;9.89;10.14;885683;8907837.00
20120725;10.07;10.22;10.00;10.04;903483;9134095.00
20120726;10.03;10.13;9.96;9.98;678397;6813811.50
20120727;10.09;10.15;9.81;9.87;916376;9087187.00
20120730;9.86;9.96;9.78;9.84;778800;7680748.50
20120731;9.80;9.83;9.43;9.52;1002851;9610981.00
20120801;9.51;9.79;9.51;9.67;881581;8530460.00
20120802;9.68;9.71;9.53;9.63;563703;5426364.00
20120803;9.55;9.90;9.52;9.90;1084234;10607271.00
20120806;9.81;10.20;9.81;10.17;1512611;15267018.00
20120807;10.16;10.28;10.14;10.18;861522;8794447.00
20120808;10.18;10.24;10.12;10.18;945363;9615271.00
20120809;10.18;10.33;10.06;10.25;1237900;12656669.00
20120810;10.31;10.47;10.22;10.39;1417348;14655637.00
20120813;10.36;10.36;9.91;9.96;1487631;15060093.00
20120814;10.00;10.09;9.76;10.06;1702731;16889364.00
20120815;9.96;10.00;9.80;9.88;998030;9864855.00
20120816;9.79;9.88;9.78;9.85;320202;3149768.75
20120817;9.77;9.93;9.77;9.88;443798;4376945.50
20120820;9.80;10.00;9.68;9.98;794291;7800341.00
20120821;9.99;10.38;9.93;10.28;2046009;20930388.00
20120822;10.29;10.44;10.20;10.30;1730493;17850888.00
20120823;10.26;10.97;10.26;10.90;3811232;40744856.00
20120824;10.79;11.05;10.51;10.57;2635708;28462070.00
20120827;10.45;10.45;10.11;10.23;1369627;14008670.00
20120828;10.23;10.53;10.15;10.45;1186821;12322159.00
20120829;10.44;10.46;10.20;10.22;1176259;12134808.00
20120830;10.18;10.34;9.77;9.85;1727753;17269438.00
20120831;9.85;9.97;9.77;9.84;936073;9217691.00
20120903;9.83;10.35;9.80;10.32;1358301;13730267.00
20120904;10.28;10.37;10.13;10.14;918792;9420484.00
20120905;10.11;10.65;10.11;10.57;2613121;27376374.00
20120906;10.59;10.65;10.42;10.62;1553681;16360809.00
20120907;10.76;11.06;10.60;10.95;3452098;37600720.00
20120910;10.95;11.13;10.77;11.13;2124085;23232508.00
20120911;11.09;11.09;10.88;10.94;1583786;17332498.00
20120912;10.99;11.07;10.67;10.85;1751797;18999742.00
20120913;10.84;11.09;10.78;10.78;1887721;20643838.00
20120914;10.86;10.90;10.36;10.60;2175623;23057702.00
20120917;10.60;10.67;10.12;10.12;1048300;10883457.00
20120918;10.08;10.24;10.08;10.13;995545;10115850.00
20120919;10.20;10.28;10.12;10.26;685155;6988054.50
20120920;10.27;10.27;9.87;9.88;1059330;10631547.00
20120921;9.91;10.06;9.79;9.79;662428;6561244.00
20120924;9.70;9.93;9.50;9.83;648286;6269683.00
20120925;9.65;9.85;9.61;9.65;381180;3701287.00
20120926;9.65;9.73;9.43;9.45;455558;4359148.50
20120927;9.45;9.77;9.30;9.65;751389;7212332.00
20120928;9.61;9.99;9.45;9.95;956038;9419526.00
20121008;9.95;10.14;9.78;9.82;511415;5097380.50
20121009;9.80;10.80;9.80;10.80;2988292;31868842.00
20121010;11.30;11.34;10.86;11.00;7204654;79735232.00
20121011;10.83;10.87;10.45;10.48;3817449;40462500.00
20121012;10.46;10.55;10.21;10.36;2233401;23134806.00
20121015;10.28;10.35;9.95;10.11;1930182;19496220.00
20121016;10.13;10.25;9.96;9.97;1405831;14182778.00
20121017;10.00;10.13;9.91;10.12;1167671;11700995.00
20121018;10.10;10.49;10.10;10.37;1854993;19156608.00
20121019;10.41;10.42;10.18;10.21;898457;9223552.00
20121022;10.18;10.42;10.07;10.38;877409;8961996.00
20121023;10.41;10.44;10.10;10.10;1062090;10906846.00
20121024;10.00;10.12;9.90;9.94;1057115;10562180.00
20121025;9.94;10.13;9.91;9.95;791927;7914571.50
20121026;9.96;10.04;9.60;9.60;1035784;10068210.00
20121029;9.50;9.66;9.42;9.45;580305;5523414.00
20121030;9.58;9.58;9.41;9.41;776110;7352463.50
20121031;9.46;9.55;9.40;9.51;894041;8482967.00
20121101;9.53;9.74;9.53;9.70;811842;7840370.50
20121102;9.66;9.75;9.66;9.73;537374;5213853.00
20121105;9.70;9.79;9.25;9.39;2637865;24929610.00
20121106;9.40;9.41;9.27;9.40;746243;6965168.00
20121107;9.41;9.45;9.34;9.38;668214;6282536.50
20121108;9.30;9.34;8.88;8.90;1418320;12898410.00
20121109;8.91;8.97;8.72;8.86;762086;6727003.00
20121112;8.89;8.93;8.78;8.92;863781;7664976.00
20121113;8.94;8.94;8.75;8.75;534590;4701144.50
20121114;8.76;8.96;8.76;8.95;820253;7268061.00
20121115;8.92;8.93;8.53;8.58;527385;4623814.00
20121116;8.58;8.69;8.50;8.69;501897;4325215.50
20121119;8.66;8.81;8.63;8.79;337435;2941883.25
20121120;8.81;9.00;8.81;8.88;646744;5755301.00
20121121;8.84;8.99;8.80;8.97;669624;5963658.50
20121122;8.93;8.93;8.80;8.82;421628;3735814.00
20121123;8.79;8.84;8.69;8.76;340364;2988397.00
20121126;8.72;8.78;8.55;8.60;313859;2730457.50
20121127;8.55;8.56;8.00;8.03;624679;5159711.50
20121128;7.91;7.99;7.63;7.74;682040;5298203.00
20121129;7.72;7.85;7.60;7.60;489992;3792520.25
20121130;7.60;7.73;7.48;7.70;420813;3214698.75
20121203;7.70;7.78;7.50;7.50;451873;3450232.75
20121204;7.46;7.56;7.11;7.50;818214;5962432.50
20121205;7.44;7.95;7.44;7.75;978231;7590800.50
20121206;7.70;7.86;7.65;7.72;520388;4019997.00
20121207;7.71;7.97;7.67;7.92;1018724;8010245.50
20121211;8.71;8.71;8.71;8.71;385912;3361293.50
20121212;9.58;9.58;9.07;9.33;11556628;109044160.00
20121213;9.03;9.16;8.83;9.07;6412341;57552240.00
20121214;8.90;9.36;8.86;9.23;6167707;56519984.00
20121217;9.09;9.20;8.88;9.03;4960574;44747288.00
20121218;8.98;9.17;8.71;8.93;2715138;24394350.00
20121219;8.85;9.07;8.85;8.95;1989560;17866926.00
20121220;8.96;9.18;8.90;9.12;3323799;30140362.00
20121221;9.17;9.17;8.71;8.84;4138963;36852140.00
20121224;8.81;8.92;8.74;8.85;1726214;15248446.00
20121225;8.82;9.14;8.80;9.09;4324427;39124628.00
20121226;9.00;9.55;9.00;9.50;4365129;40860972.00
20121227;9.55;9.56;9.15;9.15;4408794;40978540.00
20121228;9.18;9.25;8.98;9.16;2690558;24477088.00
20121231;9.19;9.46;9.16;9.27;3031898;28276996.00
20130104;9.50;9.50;9.01;9.27;2184834;20154458.00
20130107;9.25;9.50;9.08;9.47;2614802;24348364.00
20130108;9.48;9.93;9.33;9.80;4108495;39818740.00
20130109;9.70;10.78;9.65;10.78;4864957;51853040.00
20130110;10.89;11.40;10.53;10.73;13298581;146141840.00
20130111;10.65;11.10;10.25;10.41;7256848;77553968.00
20130114;10.19;10.69;10.09;10.59;5794933;60354648.00
20130115;10.58;10.90;10.33;10.74;5903117;62885476.00
20130116;10.61;10.91;10.31;10.43;4239388;45007516.00
20130117;10.43;10.53;10.11;10.19;2356305;24282884.00
20130118;10.21;10.54;10.21;10.42;2279753;23748312.00
20130121;10.50;10.55;10.30;10.47;1705130;17764850.00
20130122;10.46;10.55;9.90;10.10;2160863;22189904.00
20130123;9.97;10.14;9.59;9.81;2784548;27325766.00
20130124;9.81;9.95;9.30;9.47;2581560;24966802.00
20130125;9.40;9.53;9.32;9.49;971082;9183786.00
20130128;9.41;9.91;9.41;9.89;1928927;18817844.00
20130129;9.93;9.97;9.80;9.86;1691797;16712278.00
20130130;9.95;9.95;9.66;9.75;1394750;13614518.00
20130131;9.75;9.80;9.42;9.54;1218697;11640256.00
20130201;9.44;9.68;9.44;9.64;845933;8103574.50
20130204;9.70;9.73;9.49;9.53;923662;8859475.00
20130205;9.63;9.86;9.50;9.83;1637501;15931848.00
20130206;9.78;9.91;9.78;9.82;1137308;11197864.00
20130207;9.77;9.95;9.67;9.85;1244240;12188734.00
20130208;9.77;10.04;9.77;10.04;1265061;12622549.00
20130218;10.20;10.25;10.00;10.16;1891263;19179716.00
20130219;10.05;10.40;10.05;10.08;2166127;22026656.00
20130220;10.07;10.32;10.01;10.29;1639527;16742535.00
20130221;10.22;10.28;9.80;9.90;2348762;23537458.00
20130222;9.82;9.96;9.81;9.87;1045318;10333652.00
20130225;9.85;10.12;9.83;10.03;1268120;12663197.00
20130226;9.95;9.98;9.70;9.70;1625653;16059846.00
20130227;9.71;9.81;9.51;9.53;1152276;11127662.00
20130228;9.64;9.85;9.54;9.83;1086820;10532871.00
20130301;9.90;10.11;9.80;10.11;2039810;20383378.00
20130304;10.07;10.10;9.70;9.71;1878484;18608038.00
20130305;9.66;9.96;9.66;9.96;1278249;12573851.00
20130306;10.10;10.30;9.97;10.24;2220019;22625152.00
20130307;10.21;10.58;10.05;10.14;3211608;33243614.00
20130308;10.11;10.32;10.06;10.16;1428443;14554768.00
20130311;10.17;10.17;9.95;9.98;1142986;11453076.00
20130312;9.98;10.04;9.52;9.63;1516208;14785685.00
20130313;9.63;9.68;9.25;9.27;1451723;13636840.00
20130314;9.26;9.37;9.25;9.32;755182;7026598.00
20130315;9.35;9.47;9.18;9.30;865887;8099331.00
20130318;9.18;9.28;8.93;8.93;1078866;9810947.00
20130319;9.00;9.05;8.78;8.95;673771;6008463.00
20130320;9.02;9.41;8.94;9.36;1008544;9315754.00
20130321;9.37;9.67;9.27;9.60;1770187;16934536.00
20130322;9.61;9.61;9.44;9.59;885488;8431474.00
20130325;9.59;9.76;9.53;9.63;702308;6772598.50
20130326;9.58;9.64;9.31;9.40;612070;5748135.00
20130327;9.46;9.52;9.40;9.48;657789;6224529.00
20130328;9.41;9.41;9.05;9.11;1364469;12509149.00
20130329;9.11;9.18;9.00;9.16;679518;6176459.50
20130401;9.16;9.21;9.04;9.07;646694;5893555.00
20130402;9.01;9.05;8.82;9.02;2476021;22201766.00
20130403;9.06;9.10;8.85;8.95;716116;6413018.50
20130408;8.88;8.94;8.69;8.92;780985;6874711.00
20130409;8.85;9.02;8.85;8.97;251290;2252341.00
20130410;9.22;9.66;9.03;9.58;3454124;32824250.00
20130411;9.69;10.26;9.66;10.14;4809228;48286448.00
20130412;10.10;10.18;9.86;9.97;2621143;26224492.00
20130415;9.90;10.24;9.86;10.08;3078658;31097674.00
20130416;10.07;10.21;9.81;10.17;1682831;16904448.00
20130417;10.17;10.52;10.01;10.13;1885824;19386334.00
20130418;10.01;10.15;9.89;9.96;1919699;19150412.00
20130419;9.95;10.96;9.94;10.79;5127683;53927556.00
20130422;10.61;11.25;10.53;10.89;4632849;50844412.00
20130423;10.78;11.45;10.78;11.01;4329923;48187784.00
20130424;10.90;12.11;10.90;11.95;5193738;60820588.00
20130425;11.80;12.14;11.61;11.95;3643872;43130220.00
20130426;11.95;11.95;11.45;11.60;2967672;34459844.00
20130502;11.48;11.58;11.20;11.58;2473746;28116724.00
20130503;11.58;11.80;11.42;11.49;2641790;30636156.00
20130506;11.50;11.85;11.44;11.73;2618677;30635032.00
20130507;11.72;12.37;11.65;11.67;3406283;40565244.00
20130508;11.61;11.66;11.20;11.57;3018359;34512784.00
20130509;11.54;12.05;11.41;11.50;3413766;40162188.00
20130510;11.55;12.28;11.25;12.26;4409526;52212100.00
20130513;12.26;12.27;11.60;12.04;6219379;74396120.00
20130514;11.87;11.99;11.70;11.89;2202935;26019890.00
20130515;11.76;11.90;11.65;11.84;1041444;12283800.00
20130516;11.80;11.91;11.41;11.70;3153110;36656496.00
20130517;11.66;11.82;11.38;11.70;2672458;30899766.00
20130520;11.70;12.09;11.50;12.02;2984081;35237812.00
20130521;12.10;13.22;11.96;13.22;5605605;71756496.00
20130522;13.33;13.88;12.90;13.72;7277764;97763976.00
20130523;13.51;13.60;13.00;13.29;3919492;51902496.00
20130524;13.26;13.34;12.91;13.33;2292427;30154286.00
20130527;13.26;13.39;13.00;13.17;1554319;20457502.00
20130528;13.20;13.21;12.20;12.36;2395694;29987900.00
20130529;12.42;12.56;12.20;12.55;1314667;16294968.00
20130530;12.36;12.52;11.98;11.99;2828379;34431392.00
20130531;12.00;12.20;11.91;12.03;2123835;25601526.00
20130603;12.09;12.60;12.05;12.20;2492931;30772514.00
20130604;12.22;12.29;11.55;11.77;1678861;19757120.00
20130605;11.80;11.89;11.60;11.89;567717;6676187.50
20130606;11.75;11.83;11.46;11.62;809237;9431319.00
20130607;11.62;11.76;10.96;11.20;1424731;15890361.00
20130613;10.95;10.95;10.43;10.80;550717;5876842.00
20130614;11.23;11.23;10.71;11.01;709911;7810952.50
20130617;11.10;11.28;10.85;11.08;1287752;14236546.00
20130618;11.01;11.77;10.61;11.75;1814378;20351272.00
20130619;11.53;12.12;11.53;11.82;2616255;31046172.00
20130620;11.80;11.80;11.14;11.25;878105;10081048.00
20130621;11.06;11.59;10.66;11.48;623525;7041784.50
20130624;11.45;11.46;11.13;11.30;1813850;20469670.00
20130625;11.14;11.58;10.72;11.58;2925125;32320498.00
20130626;11.60;12.39;11.60;12.32;2223185;27058744.00
20130627;12.12;12.45;11.76;11.84;2299851;28012542.00
20130628;11.82;12.10;11.34;11.55;1026904;11996837.00
20130701;11.40;12.37;11.40;12.37;2198255;26429036.00
20130702;12.37;12.75;12.15;12.31;2644193;33137900.00
20130703;12.35;13.25;12.06;13.05;3497421;43487652.00
20130704;12.96;13.25;12.69;12.89;5004043;64313772.00
20130705;12.53;12.88;12.41;12.42;3830910;48079440.00
20130708;12.00;12.15;11.18;11.58;3149252;36957588.00
20130709;11.34;11.94;11.12;11.59;3741681;42849316.00
20130710;11.48;12.68;11.44;12.59;7908778;96070272.00
20130711;12.68;13.38;12.35;12.82;9514439;120814480.00
20130712;12.80;13.39;12.63;13.15;9114761;119221856.00
20130715;12.99;13.44;12.79;13.32;8296955;109388992.00
20130716;13.40;14.20;13.32;14.02;7263430;100913464.00
20130717;13.91;14.70;13.88;13.90;6442990;91742264.00
20130718;13.70;14.33;13.48;14.15;3849755;53699288.00
20130719;14.08;14.20;13.18;13.18;3208104;44134036.00
20130722;13.18;14.06;13.10;13.96;2835318;39112292.00
20130723;13.90;14.61;13.60;14.55;2932449;41594480.00
20130724;14.45;15.10;14.33;14.97;3283981;47894668.00
20130725;14.96;15.16;13.70;14.10;2202771;31986274.00
20130726;13.99;14.23;13.53;14.00;1891786;26233794.00
20130729;14.03;14.03;13.10;13.55;3214942;43281308.00
20130730;13.40;13.50;13.00;13.28;1157070;15345875.00
20130731;13.15;13.89;13.15;13.68;1060348;14514022.00
20130801;13.70;14.46;13.70;14.23;1218895;17232232.00
20130802;14.39;14.49;13.91;13.98;1580301;22551304.00
20130805;13.98;14.22;13.73;14.15;849621;11938396.00
20130806;14.38;14.38;14.01;14.10;1218771;17210346.00
20130807;14.00;14.05;13.55;13.59;1443785;19764948.00
20130808;13.52;13.89;13.32;13.62;1012172;13776103.00
20130809;13.68;14.50;13.67;14.29;3944028;56342672.00
20130812;14.29;14.36;13.85;14.02;3575702;50022840.00
20130813;14.05;14.20;13.80;14.05;952166;13315595.00
20130814;13.88;14.17;13.73;14.14;1174961;16416781.00
20130815;14.14;14.26;14.06;14.19;988730;14004602.00
20130816;14.11;15.09;13.81;14.30;1907819;27601522.00
20130819;14.48;14.73;13.87;14.39;2037669;29057046.00
20130820;14.49;14.60;14.31;14.60;914557;13209111.00
20130821;14.52;14.88;14.32;14.59;614998;8924529.00
20130822;14.45;15.06;14.42;14.85;1421336;21103722.00
20130823;14.70;15.80;14.69;15.78;4587750;70984112.00
20130826;15.63;16.22;15.61;15.86;2466306;39428004.00
20130827;15.77;16.20;15.44;16.05;1122605;17943622.00
20130828;15.87;16.77;15.87;16.47;2051683;33598380.00
20130829;16.40;16.64;15.80;16.01;1403761;22552674.00
20130830;15.98;16.13;14.75;15.09;1853484;28676490.00
20130902;14.75;15.88;14.75;15.58;1078264;16524378.00
20130903;15.45;15.69;15.44;15.68;619367;9657949.00
20130904;15.78;15.78;15.45;15.48;560689;8709583.00
20130905;15.49;15.72;15.48;15.68;464703;7249710.00
20130906;15.64;15.80;15.50;15.62;560797;8768251.00
20130909;15.60;15.61;15.24;15.40;954490;14653781.00
20130910;15.40;15.45;15.00;15.37;1220801;18521718.00
20130911;15.39;15.39;14.80;14.85;875881;13154745.00
20130912;14.61;14.99;14.30;14.44;1235905;18063276.00
20130913;14.34;15.00;14.34;14.98;1006459;14855749.00
20130916;14.99;15.33;14.95;15.25;907730;13759439.00
20130917;15.25;15.88;15.04;15.70;1042815;16187038.00
20130918;15.80;15.86;15.49;15.80;677837;10621932.00
20130923;15.80;15.98;15.58;15.84;547502;8651101.00
20130924;15.90;15.90;15.50;15.50;762879;11913318.00
20130925;15.50;15.68;15.05;15.30;760493;11705727.00
20130926;15.30;16.48;15.25;15.67;1912131;30326546.00
20130927;15.89;16.10;15.31;15.61;1054069;16519631.00
20130930;15.63;15.94;15.63;15.89;629359;9893671.00
20131008;15.92;16.35;15.87;16.17;972467;15699919.00
20131009;16.02;16.35;15.90;15.90;774780;12468337.00
20131010;15.60;16.45;15.00;15.90;2669571;41808068.00
20131011;15.77;15.94;15.51;15.84;534424;8404476.00
20131014;15.79;16.00;15.55;15.80;987262;15636118.00
20131015;15.71;15.78;15.25;15.38;1390691;21431142.00
20131016;15.50;15.60;15.03;15.35;1009596;15512730.00
20131017;15.58;16.51;15.32;15.96;2359113;37537988.00
20131018;15.98;15.98;15.60;15.90;1032020;16265501.00
20131021;15.90;16.40;15.90;16.30;1631098;26406050.00
20131022;16.20;17.93;16.10;17.93;2883397;49687608.00
20131023;18.04;19.30;17.30;17.79;2962106;54229004.00
20131024;17.70;17.70;17.10;17.30;1160821;20211464.00
20131025;17.30;17.92;16.89;17.10;1068725;18615058.00
20131028;17.01;17.69;16.64;17.00;1255784;21411072.00
20131029;16.99;17.35;15.30;15.53;1950601;30999096.00
20131030;15.46;16.30;15.31;16.20;937873;14834493.00
20131031;16.04;16.38;15.73;16.01;820611;13086602.00
20131101;15.99;16.50;15.68;16.12;740681;11897018.00
20131104;16.12;16.38;15.85;16.05;544398;8770529.00
20131105;15.85;16.15;15.80;16.10;478960;7641607.50
20131106;16.16;16.79;15.94;16.13;1754621;28671804.00
20131107;16.00;16.38;15.82;15.83;640643;10272164.00
20131108;15.65;16.59;15.65;15.82;472100;7522997.00
20131111;15.67;16.16;15.65;15.98;807645;12848585.00
20131112;16.15;16.15;15.72;16.04;826920;13161276.00
20131113;16.05;16.14;15.70;15.76;322600;5118353.50
20131114;15.56;16.26;15.56;16.14;529725;8493103.00
20131115;16.07;16.89;16.07;16.18;1408302;23193584.00
20131118;16.25;16.73;16.19;16.72;1512427;24941956.00
20131119;16.75;17.47;16.61;17.25;1167425;19955994.00
20131120;17.21;17.25;16.86;17.00;1100320;18721958.00
20131121;16.93;16.93;16.38;16.51;1116550;18537352.00
20131122;16.48;16.95;16.48;16.84;1159160;19419350.00
20131125;16.85;17.20;16.70;17.10;1304749;22170718.00
20131126;18.81;18.81;17.20;17.76;6398682;115733104.00
20131127;17.42;17.86;17.20;17.79;2449166;42951620.00
20131128;17.66;19.57;17.66;19.57;5918976;113861184.00
20131129;19.90;21.47;19.80;21.26;7479594;153156480.00
20131202;20.20;21.68;19.33;19.55;6585414;135022336.00
20131203;19.18;20.90;18.01;20.59;5906214;115861000.00
20131204;20.40;20.96;19.68;19.80;3672410;75398272.00
20131205;19.27;19.70;18.32;18.76;2848020;54112316.00
20131206;18.32;18.60;17.90;18.40;1869846;34157964.00
20131209;18.61;19.24;18.41;18.53;1406992;26232936.00
20131210;18.70;18.78;17.84;18.45;2164549;39263120.00
20131211;18.38;18.38;17.60;18.05;1785005;32015692.00
20131212;17.87;19.25;17.87;18.98;2490973;46833308.00
20131213;18.84;18.99;18.50;18.92;904523;17006396.00
20131216;18.98;18.98;18.02;18.63;1216832;22494504.00
20131217;18.50;19.06;18.20;18.90;802980;15055021.00
20131218;19.00;19.42;18.10;18.25;1330019;24897326.00
20131219;18.19;18.44;18.10;18.10;688802;12566894.00
20131220;18.05;18.28;17.86;18.06;384198;6938139.00
20131223;17.87;18.09;17.39;18.01;777028;13870512.00
20131224;17.92;18.27;17.86;17.95;402818;7282940.50
20131225;17.99;18.80;17.81;18.80;1138550;21015818.00
20131226;18.80;18.82;17.83;17.83;1040181;19005688.00
20131227;17.82;18.26;17.82;18.04;920577;16637332.00
20131230;18.26;18.58;18.17;18.50;912485;16800516.00
20131231;18.50;19.22;18.23;18.85;1409352;26622234.00
20140102;18.85;19.15;18.68;19.03;953520;18024548.00
20140103;19.00;19.00;18.59;18.63;867856;16252712.00
20140106;18.50;19.05;18.09;18.09;762602;14182817.00
20140107;18.00;18.56;17.71;18.52;846046;15436653.00
20140108;18.55;19.43;18.55;18.97;1967788;37469416.00
20140109;19.17;19.18;17.80;17.93;1116077;20638240.00
20140110;17.80;18.09;16.41;16.57;2186360;37286340.00
20140113;16.40;17.13;16.15;16.68;1524668;25499744.00
20140114;16.53;17.41;16.51;17.17;697978;11953050.00
20140115;17.01;17.24;16.75;17.19;979700;16636542.00
20140116;17.19;17.30;16.99;17.02;851742;14561673.00
20140117;16.99;17.12;16.80;16.99;448345;7628727.00
20140120;16.61;17.19;16.61;16.95;815414;13811162.00
20140121;17.08;18.65;17.03;18.65;1485678;26616292.00
20140122;18.98;19.45;18.00;19.35;3358544;64355572.00
20140123;19.34;20.45;19.15;20.04;2476411;49702016.00
20140124;19.79;20.85;19.70;20.57;1710547;35061252.00
20140127;20.23;22.28;20.23;21.65;1934946;41322704.00
20140128;21.67;22.05;20.75;21.61;1515684;32585796.00
20140129;21.43;22.00;21.00;21.55;1056715;22512856.00
20140130;21.41;21.41;20.75;21.15;615567;12964928.00
20140207;20.71;22.19;20.67;21.92;903188;19626478.00
20140210;21.71;22.00;21.08;21.61;2027125;43378128.00
20140211;21.59;21.74;21.13;21.65;1242096;26671214.00
20140212;21.55;21.78;21.15;21.52;988023;21210206.00
20140213;21.52;23.30;20.60;20.79;2689936;58967072.00
20140214;20.60;21.00;19.87;20.79;1729757;35382056.00
20140217;20.95;21.39;20.63;21.21;906017;19066262.00
20140218;21.21;21.23;20.50;20.79;1105163;22997932.00
20140219;20.79;20.91;19.80;20.15;1781527;35998184.00
20140220;20.15;20.18;19.31;19.74;1514207;29753462.00
20140221;19.51;20.07;19.46;20.02;916117;18113072.00
20140224;19.90;20.72;19.70;20.42;883222;17954988.00
20140225;20.42;20.63;19.09;19.26;1546413;30940776.00
20140226;19.07;19.64;18.60;19.62;1912719;36244888.00
20140227;19.62;20.50;19.62;19.79;2002438;40238988.00
20140228;19.98;20.28;19.40;20.17;600578;11924152.00
20140303;20.27;20.56;20.19;20.33;919398;18750334.00
20140304;20.68;22.36;20.41;22.07;3673721;78253088.00
20140305;22.07;22.07;21.35;21.60;1344927;29138664.00
20140306;21.60;22.54;20.00;20.48;2303801;47243136.00
20140307;20.60;20.60;19.85;20.29;1337853;27064504.00
20140310;20.28;20.67;19.80;19.80;1428541;28940336.00
20140311;19.80;20.17;19.40;20.15;591762;11704036.00
20140312;19.88;20.15;19.43;19.61;605629;11931524.00
20140313;19.60;19.96;19.11;19.19;1176042;22770960.00
20140314;19.19;19.20;18.61;19.11;1191709;22509744.00
20140317;19.12;19.95;18.89;19.84;1203720;23261168.00
20140318;19.84;20.07;19.60;19.84;1231892;24459718.00
20140319;19.85;20.56;19.64;20.12;1264016;25539120.00
20140320;20.00;20.36;18.63;18.90;1431855;27867112.00
20140321;18.63;19.20;18.00;19.20;1345482;25070048.00
20140324;19.30;19.30;18.18;18.36;1821766;33781348.00
20140325;18.19;18.69;17.90;18.65;1772690;32428210.00
20140326;19.08;19.96;18.91;19.35;2186456;42357320.00
20140327;19.23;19.48;18.69;18.87;1049820;19888418.00
20140328;19.08;19.30;17.93;18.48;677365;12556595.00
20140331;18.47;18.66;18.16;18.53;282438;5203018.00
20140401;18.31;18.31;16.92;17.18;2659118;46413048.00
20140402;17.18;17.19;16.46;16.74;2443593;40997156.00
20140403;16.74;17.08;16.56;16.80;1114392;18763580.00
20140404;16.80;17.35;16.74;17.25;946633;16244382.00
20140408;17.11;17.20;16.91;17.09;1206184;20547832.00
20140409;17.18;17.59;17.10;17.35;1056566;18377894.00
20140410;17.26;17.87;17.26;17.28;1135942;19986108.00
20140411;17.28;17.28;16.90;17.09;564233;9615803.00
20140414;17.25;17.38;17.10;17.30;505737;8721176.00
20140415;17.28;17.48;17.00;17.17;922518;15863284.00
20140416;17.07;17.29;17.00;17.07;559489;9548094.00
20140417;17.14;18.00;17.02;17.90;1484591;26180750.00
20140418;18.06;18.08;17.67;17.80;654700;11675860.00
20140421;17.71;17.96;17.50;17.76;1099262;19518068.00
20140422;17.76;18.10;17.32;17.58;547598;9645856.00
20140423;17.58;17.70;17.36;17.55;405326;7092178.50
20140424;17.49;17.74;17.41;17.56;290891;5104399.00
20140425;17.50;17.66;15.80;16.43;1259865;21019964.00
20140428;16.11;16.39;15.60;15.66;660122;10568528.00
20140429;15.78;15.82;15.24;15.79;719545;11239819.00
20140430;15.95;16.47;15.78;16.33;600395;9668736.00
20140505;16.34;16.79;16.10;16.41;480313;7904607.50
20140506;16.40;16.73;16.16;16.46;578199;9513721.00
20140507;16.32;16.40;15.65;15.90;562425;9009325.00
20140508;15.76;16.55;15.72;15.83;913546;14736874.00
20140509;15.84;15.86;15.32;15.47;531950;8251763.50
20140512;15.87;15.87;15.23;15.71;1666775;25986450.00
20140513;15.65;15.83;15.60;15.69;1216575;19095082.00
20140514;15.51;15.85;15.39;15.54;897831;13951238.00
20140515;15.58;15.77;14.67;14.90;1618612;24447614.00
20140516;14.60;15.16;14.05;14.48;2197267;31641594.00
20140519;14.43;15.10;14.16;14.88;2086582;31014316.00
20140520;15.13;15.49;14.80;14.90;1023069;15349413.00
20140521;14.90;15.25;14.68;15.18;513672;7755805.50
20140522;15.37;15.65;15.20;15.45;1269656;19701598.00
20140523;15.45;15.83;15.30;15.80;951678;14880460.00
20140526;15.99;16.10;15.66;15.87;1318628;20935950.00
20140527;15.86;16.00;15.69;15.74;696807;11019526.00
20140528;15.79;16.22;15.74;16.05;1046209;16692374.00
20140529;16.19;16.19;15.60;15.66;863051;13622666.00
20140530;15.70;16.04;15.58;15.95;962765;15266513.00
20140603;16.01;16.64;15.87;16.29;1574842;25775540.00
20140604;16.06;16.47;15.95;16.18;1058795;17115196.00
20140605;16.17;16.51;16.01;16.30;767360;12509950.00
20140606;16.37;16.40;16.03;16.14;752269;12151679.00
20140609;16.26;16.55;16.10;16.45;925400;15134158.00
20140610;16.43;16.95;16.40;16.85;941410;15742049.00
20140611;16.83;16.95;16.61;16.83;609810;10235405.00
20140612;16.73;17.01;16.71;16.92;438472;7409945.50
20140613;17.13;17.46;16.85;17.44;840108;14508803.00
20140616;17.50;17.80;17.28;17.68;837789;14779145.00
20140617;17.88;17.88;17.16;17.22;841508;14705362.00
20140618;17.40;17.44;16.96;17.02;629922;10790348.00
20140619;17.09;17.81;17.02;17.20;1409576;24523396.00
20140620;17.27;18.65;17.21;18.35;2236714;40584756.00
20140623;18.37;18.85;18.22;18.55;1670864;30854272.00
20140624;18.59;19.66;18.51;19.48;3893178;74874560.00
20140625;19.48;19.48;18.82;19.06;2001527;38171920.00
20140626;19.80;19.80;18.66;19.14;8777508;168710112.00
20140627;19.00;19.40;18.50;18.61;5617834;106211336.00
20140630;18.70;20.47;18.70;20.39;8651879;171534128.00
20140701;20.18;20.23;19.75;19.95;3846311;76770456.00
20140702;20.10;20.33;19.66;20.07;4494240;89831256.00
20140703;19.93;20.06;19.74;19.90;3066864;60897892.00
20140704;20.01;20.46;19.62;19.96;3405790;68046696.00
20140707;19.90;20.27;19.58;20.07;2734790;54469728.00
20140708;20.78;20.78;20.02;20.33;4231120;86014528.00
20140709;20.26;20.48;19.88;19.88;2938097;59340256.00
20140710;19.62;20.20;19.60;19.85;2349951;46669612.00
20140711;20.00;20.22;19.77;19.88;1864462;37231316.00
20140714;19.80;20.18;19.78;20.03;1753139;34990380.00
20140715;20.07;20.29;19.42;19.78;2167715;42846976.00
20140716;19.64;19.70;18.52;18.75;3564655;67856984.00
20140717;18.70;18.78;18.30;18.45;2057224;38030668.00
20140718;18.45;18.99;18.41;18.79;2528105;47289476.00
20140721;18.70;18.70;18.40;18.46;1771648;32836996.00
20140722;18.49;19.25;18.41;19.11;2675238;50618980.00
20140723;19.08;19.11;18.68;18.95;1554470;29268812.00
20140724;18.88;19.27;18.55;18.80;1519704;28684674.00
20140725;18.66;18.96;18.60;18.84;982037;18428890.00
20140728;18.92;19.13;18.52;19.00;1774599;33504916.00
20140729;19.00;19.88;18.94;19.63;4020256;78415424.00
20140730;19.67;19.67;19.35;19.47;2298572;44793488.00
20140731;19.47;19.68;19.40;19.55;1830086;35755844.00
20140801;19.56;20.28;19.43;19.92;3087427;61275336.00
20140804;19.80;20.97;19.69;20.42;4602178;93800704.00
20140805;20.30;20.79;19.95;20.69;6005703;122547272.00
20140806;20.45;20.78;20.02;20.26;6944950;139961664.00
20140807;20.16;20.39;19.41;19.64;6631132;131867088.00
20140808;19.63;20.25;19.52;19.67;6766146;133766416.00
20140811;19.67;20.06;19.63;19.73;5934308;117306904.00
20140812;19.81;19.87;19.51;19.61;2401041;47070848.00
20140813;19.64;20.24;19.57;19.81;6895451;136954128.00
20140814;19.77;20.13;19.61;19.65;3390979;67472656.00
20140815;19.66;20.67;19.64;20.32;8734239;175518592.00
20140818;20.37;20.86;20.21;20.61;7476710;153402880.00
20140819;20.54;20.70;20.10;20.25;4434458;90262368.00
20140820;20.20;20.46;20.13;20.17;3052579;61870516.00
20140821;20.16;20.44;20.03;20.36;3231867;65387060.00
20140822;20.36;20.67;20.29;20.53;3791924;77721856.00
20140826;20.30;20.84;18.73;19.00;10096044;198891200.00
20140827;18.69;18.96;18.52;18.63;4365362;81742816.00
20140828;18.62;18.93;18.47;18.65;2252028;41995052.00
20140829;18.55;18.75;18.26;18.63;2679596;49384820.00
20140901;18.65;19.04;18.64;18.96;3266697;61769608.00
20140902;19.00;19.39;19.00;19.38;3324011;63908784.00
20140903;19.40;19.48;19.23;19.47;3091249;59753064.00
20140904;19.51;19.94;19.41;19.88;3953470;77966560.00
20140905;19.91;20.13;19.75;20.04;3344743;66717268.00
20140909;20.15;20.66;20.00;20.55;4257000;87004864.00
20140910;20.43;20.54;20.21;20.48;2726332;55614704.00
20140911;20.45;20.94;20.16;20.38;4815599;99020296.00
20140912;20.50;20.81;20.13;20.75;3582092;73370368.00
20140915;20.95;21.50;20.72;21.27;6428445;136148448.00
20140916;22.10;22.80;21.00;21.15;9972353;217893248.00
20140917;21.16;21.39;20.23;20.84;4627544;95737240.00
20140918;20.70;21.20;20.53;20.62;3727490;77405568.00
20140919;20.58;20.80;20.41;20.58;4985148;102689760.00
20140922;10.30;10.43;9.90;9.90;7125541;71784280.00
20140923;9.97;10.17;9.83;10.17;7306111;72792664.00
20140924;10.15;10.39;10.02;10.25;8644160;88571424.00
20140925;10.28;10.75;10.20;10.51;12037475;125697576.00
20140926;10.40;10.59;10.38;10.44;7744223;81004288.00
20140929;10.44;10.54;10.28;10.41;7361356;76531504.00
20140930;10.49;10.53;10.32;10.48;6301185;65959252.00
20141008;10.48;10.82;10.38;10.78;9687091;102908104.00
20141009;10.72;10.83;10.51;10.74;9481753;101339712.00
20141010;10.66;10.72;10.51;10.60;6188997;65668888.00
20141013;10.51;10.59;10.12;10.34;8004946;82400216.00
20141014;10.34;10.46;10.20;10.25;5683065;58620932.00
20141015;10.32;10.40;10.19;10.29;5117831;52640456.00
20141016;10.26;10.36;10.13;10.13;6641189;67988944.00
20141017;9.98;10.13;9.70;9.86;7226870;71638344.00
20141020;9.83;10.04;9.83;10.04;3980952;39743144.00
20141021;10.09;10.12;9.90;9.92;4141396;41321316.00
20141022;9.94;10.17;9.90;9.97;5053113;50770208.00
20141023;9.96;10.00;9.79;9.79;4283976;42398520.00
20141024;9.85;9.95;9.72;9.83;2538620;25034440.00
20141027;9.80;9.84;9.50;9.69;3383170;32661436.00
20141028;9.72;10.08;9.71;10.05;5118875;51103940.00
20141029;10.05;10.21;10.05;10.19;6737365;68317088.00
20141030;10.21;10.25;10.00;10.03;5482448;55249156.00
20141031;10.00;10.10;9.76;9.86;6088880;60301216.00
20141103;9.86;10.06;9.83;10.01;5448209;54198312.00
20141104;10.01;10.07;9.88;9.89;4329429;43127788.00
20141105;9.89;9.96;9.80;9.89;4059031;40100868.00
20141106;9.91;10.14;9.88;10.12;5369523;53612952.00
20141107;10.15;10.22;10.01;10.10;7490493;75835552.00
20141127;10.45;11.11;10.41;11.11;30691248;335638176.00
20141128;11.14;11.41;10.55;10.85;40224542;442765344.00
20141201;10.69;10.69;10.26;10.34;15839820;164965568.00
20141202;10.36;10.60;10.36;10.45;9851217;103330976.00
20141203;10.46;10.50;10.20;10.44;12044846;124181488.00
20141204;10.46;10.51;10.33;10.45;13639226;142248544.00
20141205;10.44;10.44;9.90;10.07;12573293;127826056.00
20141208;10.00;10.00;9.83;9.89;8578628;85037272.00
20141209;9.85;10.09;9.60;9.71;9173130;89958544.00
20141210;9.76;10.18;9.71;10.18;11565061;115643608.00
20141211;10.19;10.65;10.07;10.51;16996643;176650048.00
20141212;10.52;10.55;10.28;10.41;8454388;87655696.00
20141215;10.34;10.64;10.28;10.62;10919091;114988080.00
20141216;10.75;10.80;10.42;10.44;8747364;92285448.00
20141217;10.46;10.56;10.28;10.53;8123550;84295808.00
20141218;10.51;10.76;10.39;10.41;7664100;80977840.00
20141219;10.33;10.43;10.05;10.29;7916852;80965904.00
20141222;10.26;10.26;9.58;9.90;8183482;79897568.00
20141223;9.78;9.99;9.70;9.86;3502369;34419852.00
20141224;9.86;10.06;9.86;10.00;3510179;35051400.00
20141225;10.00;10.18;9.91;10.08;3612509;36252172.00
20141226;10.09;10.17;10.06;10.13;3421398;34581796.00
20141229;10.09;10.09;9.76;9.85;5429447;53571512.00
20141230;9.80;9.90;9.69;9.85;4925582;48024896.00
20141231;9.80;10.33;9.76;10.33;7383219;74933144.00
20150105;10.29;10.45;10.12;10.23;7612879;77998664.00
20150106;10.13;10.44;10.02;10.33;7426240;75668232.00
20150107;10.29;10.38;10.13;10.23;4723614;48354928.00
20150108;10.25;10.31;10.09;10.25;4113918;42084748.00
20150109;10.18;10.25;9.95;10.08;5579726;56363964.00
20150112;9.97;10.13;9.85;9.99;2550253;25446758.00
20150113;9.90;10.05;9.90;10.00;2803433;28035920.00
20150114;10.00;10.18;9.95;10.04;3591720;36066360.00
20150115;10.04;10.43;9.99;10.28;7737609;79572440.00
20150116;10.24;10.70;10.18;10.62;12273645;129204272.00
20150119;10.60;11.08;10.26;10.82;20513593;222322992.00
20150120;10.80;11.09;10.74;11.05;14532943;159137680.00
20150121;11.06;11.15;10.89;11.02;12046976;132401480.00
20150122;11.00;11.39;10.78;11.28;21714371;239039392.00
20150123;11.29;11.35;10.75;11.02;16840955;185815280.00
20150126;10.87;11.10;10.82;11.03;13855036;151567264.00
20150127;11.03;12.13;10.99;12.13;32852211;387031296.00
20150128;12.20;12.40;11.62;12.05;21822878;263315808.00
20150129;11.90;12.39;11.77;12.11;14097149;171656704.00
20150130;12.11;12.36;11.92;12.15;9705126;117750616.00
20150202;12.10;12.86;11.85;12.53;19894892;248646848.00
20150203;12.47;12.67;12.38;12.55;11813927;147794992.00
20150204;12.54;12.83;12.12;12.16;13486534;166878784.00
20150205;12.40;12.43;11.99;12.00;9939954;120578832.00
20150206;11.98;12.24;11.62;12.18;10945709;130654104.00
20150209;12.18;12.34;11.78;12.14;7980876;95678424.00
20150210;12.00;12.10;11.78;11.98;6515110;77727808.00
20150211;12.06;12.52;11.88;12.45;8646885;106077800.00
20150212;12.47;12.60;12.25;12.34;6721152;83198664.00
20150213;12.34;12.59;12.27;12.35;8075140;100178144.00
20150216;12.30;13.10;12.25;12.81;14447174;184789392.00
20150217;12.78;13.37;12.73;13.17;9836448;128386144.00
20150225;13.16;13.50;12.98;13.18;9106222;120754984.00
20150226;13.15;13.45;12.86;12.95;9371825;123091944.00
20150227;12.90;13.05;12.71;12.93;7417927;95666088.00
20150302;12.92;13.15;12.80;13.10;9357698;121197936.00
20150303;13.05;13.34;12.90;12.98;9700750;127443168.00
20150304;12.92;13.06;12.81;12.97;7695822;99586344.00
20150305;13.00;13.04;12.60;12.83;9141866;116852416.00
20150306;12.83;12.88;12.42;12.60;9617167;121350216.00
20150309;12.57;12.88;12.40;12.72;4377239;55458428.00
20150310;12.69;12.85;12.62;12.75;4722171;60173052.00
20150311;12.67;12.90;12.56;12.69;6005602;76347656.00
20150312;12.55;12.65;12.04;12.20;10213160;125770120.00
20150313;12.24;12.47;12.22;12.25;6202128;76287520.00
20150316;12.34;12.68;12.22;12.55;14512345;180391168.00
20150317;12.58;12.85;12.46;12.80;12204392;154476272.00
20150318;12.80;13.35;12.67;13.32;18869556;246769792.00
20150319;13.15;13.55;13.10;13.23;16529090;219852624.00
20150320;13.24;13.39;13.07;13.29;13259807;175493184.00
20150323;13.28;13.80;13.27;13.59;14654267;197981792.00
20150324;13.60;14.49;13.45;14.24;25934102;364099040.00
20150325;14.14;14.45;13.81;14.18;14534594;204691424.00
20150326;14.16;14.16;13.31;13.47;13886015;190163792.00
20150327;13.61;13.73;13.21;13.63;8955514;120703576.00
20150330;13.78;13.81;13.36;13.46;8840489;119677272.00
20150331;13.38;13.87;13.21;13.87;12976410;175781392.00
20150401;13.80;14.17;13.75;14.10;12278792;172099968.00
20150402;14.20;14.34;13.80;14.27;13625811;191357536.00
20150403;14.05;14.28;13.91;14.16;12847540;181139264.00
20150407;14.20;14.84;14.16;14.72;16736277;244207952.00
20150408;14.75;14.75;13.80;14.09;15378464;218942448.00
20150409;13.96;14.67;13.15;14.44;17622556;245260032.00
20150410;14.20;15.88;13.94;15.57;27634046;421385024.00
20150413;15.34;16.50;15.27;15.54;21786515;344332096.00
20150414;15.50;15.95;15.20;15.58;13687037;213239536.00
20150415;15.57;16.40;15.34;15.77;20629008;330133792.00
20150416;15.51;16.85;15.21;16.65;17800620;286658112.00
20150417;16.77;16.77;15.95;15.96;17425498;281886048.00
20150420;15.90;15.90;14.85;15.12;16169408;247487472.00
20150421;15.12;15.66;15.05;15.51;8506386;130540920.00
20150422;15.51;15.97;15.48;15.82;10696935;168196832.00
20150423;15.90;15.91;15.38;15.47;12300163;191363792.00
20150424;15.20;15.45;15.01;15.40;8362853;127684088.00
20150427;15.45;16.35;15.45;15.88;13614010;217232128.00
20150428;16.00;16.05;15.19;15.32;8771728;136643376.00
20150429;15.20;15.68;15.16;15.43;6609943;102181216.00
20150430;15.48;15.90;15.42;15.63;9965421;155997856.00
20150504;15.59;16.18;15.50;16.17;10479625;166749120.00
20150505;16.09;16.30;15.17;15.37;8364676;131145704.00
20150506;15.38;15.67;14.55;14.66;9528784;145287408.00
20150507;14.58;14.58;13.98;14.00;7261089;103583320.00
20150508;14.38;14.70;14.10;14.62;7618050;109903592.00
20150511;14.73;15.29;14.55;15.21;8707420;130189408.00
20150512;15.12;15.84;15.12;15.28;12688280;196227488.00
20150513;15.30;15.38;14.73;14.81;10653587;159772560.00
20150514;14.90;15.95;14.70;15.81;15767024;244427520.00
20150515;15.88;17.35;15.85;16.84;24046410;400284320.00
20150518;17.10;17.70;16.91;17.42;16461254;285041728.00
20150519;17.52;17.65;16.68;17.30;12216610;208434960.00
20150520;17.25;18.18;17.25;17.42;13988846;247659504.00
20150521;17.37;18.00;17.37;17.77;10242518;180424208.00
20150522;17.86;18.40;16.88;17.38;13999158;244712160.00
20150525;17.00;19.12;16.80;19.12;20825572;377057600.00
20150526;19.60;20.88;19.60;20.48;15480578;313846560.00
20150527;20.65;22.22;20.00;21.63;18049319;378196160.00
20150528;21.63;23.59;21.39;21.39;19478191;438238304.00
20150529;21.30;22.40;19.98;22.23;17078594;368617376.00
20150601;22.10;23.45;21.88;23.15;10863547;248597984.00
20150602;23.08;24.47;22.81;24.33;22669070;538956160.00
20150603;24.33;24.33;22.00;22.86;16323047;377390624.00
20150604;22.60;23.20;20.57;21.97;12278508;265419232.00
20150605;22.40;23.27;21.41;22.70;19648519;435738272.00
20150608;22.50;22.50;20.78;21.58;11211139;240216016.00
20150609;21.00;21.47;20.60;20.75;7967160;166428112.00
20150610;20.85;21.60;20.42;21.13;8306236;176563088.00
20150611;21.15;22.84;21.04;22.17;13047280;287006368.00
20150612;22.30;22.50;21.71;22.22;8197234;181392368.00
20150615;22.24;22.86;21.75;22.58;9173993;204887872.00
20150616;22.30;22.30;20.43;20.43;9974378;210511520.00
20150617;20.02;21.30;19.81;21.30;8514351;177864064.00
20150618;22.35;22.35;20.10;20.98;9149222;195976464.00
20150619;20.00;20.70;18.89;19.30;8576836;169330832.00
20150623;19.29;19.76;17.39;18.51;7118553;130519112.00
20150624;18.73;19.25;17.80;18.57;7225006;134147768.00
20150625;18.56;18.95;17.56;18.05;8779752;160795616.00
20150626;17.31;17.50;16.25;16.25;7841626;130698408.00
20150629;16.57;16.57;14.63;14.63;6622801;99440392.00
20150630;13.17;15.86;13.17;15.24;20753279;290496256.00
20150701;14.55;15.48;13.72;13.72;13958086;203276448.00
20150702;13.00;13.42;12.35;12.35;12509477;157243056.00
20150703;11.30;12.20;11.12;11.12;16641032;188201360.00
20150706;11.78;12.05;10.01;10.01;22259789;234574096.00
20150707;9.05;9.10;9.01;9.01;4471400;40310060.00
20150714;9.91;9.91;9.91;9.91;857524;8498063.00
20150715;10.90;10.90;10.13;10.26;44980437;478236352.00
20150716;10.25;11.29;9.29;11.17;34598366;370964736.00
20150717;11.22;12.29;11.22;12.29;23003349;274357856.00
20150720;12.72;13.05;12.00;12.48;30082595;376524960.00
20150721;12.18;12.99;11.93;12.69;20976615;262182384.00
20150722;12.45;13.19;12.41;12.86;19491480;250469344.00
20150723;12.85;13.98;12.60;13.80;21344899;281791584.00
20150724;13.66;14.50;13.20;13.49;20712929;288171200.00
20150727;13.15;13.65;12.14;12.14;18450573;237813840.00
20150728;11.14;12.09;10.93;10.93;23996374;267264032.00
20150729;11.10;12.02;10.51;12.00;19379965;215894448.00
20150730;11.70;12.51;11.58;11.66;22244803;267335760.00
20150731;11.30;11.66;10.75;11.03;14149824;160247696.00
20150803;10.60;10.85;9.93;10.00;18667322;189296384.00
20150804;10.19;11.00;9.98;11.00;16531203;173616528.00
20150805;11.05;11.36;10.67;10.82;16058224;176954176.00
20150806;10.50;11.10;10.40;10.92;9970912;107717304.00
20150807;11.09;11.55;11.00;11.47;15133749;171478736.00
20150810;11.60;12.30;11.60;12.13;14458820;172295536.00
20150811;12.12;12.49;12.00;12.23;16192217;197896240.00
20150812;12.10;12.39;11.87;11.89;11622025;141098032.00
20150813;11.89;12.45;11.51;12.43;13092435;157837680.00
20150814;12.60;13.12;12.44;13.04;20122631;257315024.00
20150817;13.19;13.20;12.68;13.00;15692797;204052032.00
20150818;13.00;13.05;11.70;11.70;15243150;189819792.00
20150819;11.18;12.00;10.73;11.75;15430997;174906688.00
20150820;11.50;11.90;11.30;11.30;10546878;122547840.00
20150821;10.95;11.18;10.21;10.30;11243211;120914984.00
20150824;9.89;9.95;9.27;9.27;9156730;86015024.00
20150825;8.34;8.59;8.34;8.34;10670069;89300560.00
20150826;8.43;8.66;7.51;7.55;27224314;219243152.00
20150827;7.75;8.09;7.30;8.05;17163556;134153280.00
20150828;8.23;8.66;8.08;8.62;16353271;136138096.00
20150831;8.59;8.59;7.89;7.91;15933029;130217696.00
20150901;7.82;7.83;7.12;7.12;14871622;110149656.00
20150902;6.80;7.50;6.60;6.81;14179917;100031896.00
20150907;7.05;7.38;7.00;7.25;12372323;89430936.00
20150908;7.27;7.98;7.15;7.98;13225865;99257568.00
20150909;8.20;8.54;8.07;8.40;23998429;199528416.00
20150910;8.15;8.38;8.06;8.13;11613714;95583832.00
20150911;8.07;8.28;7.95;8.23;11530604;93785976.00
20150914;8.26;8.30;7.41;7.41;12576280;97511056.00
20150915;7.11;7.25;6.67;6.67;14388426;99828232.00
20150916;6.80;7.34;6.78;7.34;13112857;92395304.00
20150917;7.37;7.72;7.20;7.23;17745235;132283944.00
20150918;7.35;7.55;7.19;7.42;11171635;82162504.00
20150921;7.40;8.16;7.32;8.16;17515545;138115424.00
20150922;8.40;8.51;7.97;8.20;27638160;228663424.00
20150923;7.92;8.37;7.92;8.24;18687230;152842384.00
20150924;8.25;8.54;8.24;8.40;15473013;129691296.00
20150925;8.28;8.53;7.81;8.03;18696970;154076720.00
20150928;8.11;8.55;7.90;8.39;11626390;96020016.00
20150929;8.19;8.47;8.09;8.22;10885220;90043600.00
20150930;8.26;8.40;8.12;8.24;8160408;67429888.00
20151008;8.60;8.84;8.42;8.80;16418678;142086560.00
20151009;8.76;9.37;8.73;9.28;17653293;159450848.00
20151012;9.30;9.86;9.26;9.78;16285295;156658864.00
20151013;9.62;10.35;9.57;10.29;19138667;192901872.00
20151014;10.16;10.27;9.58;10.08;18886567;187616096.00
20151015;9.85;10.28;9.70;10.19;18888119;189940048.00
20151016;10.22;10.50;9.92;10.49;21741072;223349152.00
20151019;10.43;10.49;10.08;10.30;12955684;132400936.00
20151020;10.30;10.45;10.05;10.36;12713867;130768816.00
20151021;10.24;10.24;9.32;9.32;28000082;275341856.00
20151022;9.11;9.54;8.74;9.51;30938263;283433184.00
20151023;9.40;10.28;9.30;9.98;28015719;271299488.00
20151026;10.05;10.39;9.81;10.32;28145672;285047648.00
20151027;10.20;10.35;9.63;10.21;19585396;195666624.00
20151028;10.25;10.64;10.03;10.18;20880912;214874976.00
20151029;10.17;10.38;9.82;10.38;16237432;164372240.00
20151030;10.52;10.59;10.17;10.35;17331187;180471648.00
20151102;10.15;10.33;9.90;9.93;14467499;146162896.00
20151103;9.91;10.09;9.90;9.94;10298116;102628328.00
20151118;10.93;10.93;10.93;10.93;1170134;12789565.00
20151119;11.40;12.02;11.03;12.02;40682918;468436672.00
20151120;12.36;12.85;12.09;12.20;37117788;463057504.00
20151123;12.00;13.09;11.75;12.69;32786351;407254944.00
20151124;12.51;13.08;12.44;12.70;20761253;265596720.00
20151125;12.61;13.49;12.58;12.98;19510353;255265232.00
20151126;13.05;13.70;13.00;13.25;21229204;282450240.00
20151127;13.26;13.35;11.93;12.22;19033097;243294272.00
20151130;12.27;12.69;11.35;12.69;16594086;202118272.00
20151201;12.70;13.96;12.55;13.77;25112784;335256288.00
20151202;13.51;14.49;12.60;14.03;24849472;344405536.00
20151203;14.05;14.39;13.80;14.06;15111931;213600912.00
20151204;14.18;14.40;13.75;14.23;13417637;188980288.00
20151207;14.31;15.65;14.16;15.65;22139606;330950048.00
20151208;15.45;15.96;15.08;15.24;17428791;268592032.00
20151209;15.11;15.23;14.45;14.49;12433666;183047248.00
20151210;14.40;14.85;14.40;14.63;8155009;119267192.00
20151211;14.90;14.90;14.00;14.23;7990351;114363344.00
20151214;13.90;14.35;13.62;14.33;8614952;119906600.00
20151215;14.30;14.85;13.97;14.42;7761693;111988272.00
20151216;14.36;14.65;14.15;14.52;7321963;105595496.00
20151217;14.51;15.36;14.51;15.11;10517965;157463856.00
20151218;15.16;15.69;14.80;14.82;10705927;162502720.00
20151221;14.66;14.77;14.27;14.62;10403283;150645296.00
20151222;14.75;14.75;14.36;14.50;5906874;85470568.00
20151223;14.50;14.69;14.27;14.43;6801590;98582976.00
20151224;14.41;14.59;13.90;14.23;6158847;87133296.00
20151225;14.21;15.65;14.21;15.57;21679488;330689248.00
20151228;15.40;15.66;14.70;14.77;11020552;167568496.00
20151229;14.60;16.09;14.58;15.93;14428462;221827744.00
20151230;15.83;17.08;15.51;16.53;13472736;221450624.00
20151231;16.55;17.20;16.01;16.61;12633372;211500464.00
20160104;16.60;16.63;14.95;14.95;8129400;127128536.00
20160105;14.30;14.95;13.46;14.09;13673603;195279936.00
20160106;14.12;14.58;13.95;14.54;8045724;114910304.00
20160107;14.07;14.49;13.09;13.09;2242800;30694768.00
20160108;13.40;13.70;11.78;13.07;11908817;156194256.00
20160111;12.60;13.00;11.76;11.76;9817268;120457968.00
20160112;11.97;11.98;11.00;11.10;9271974;106705752.00
20160113;11.20;11.97;10.60;10.65;8453005;96042552.00
20160114;10.20;11.43;10.18;11.38;7652682;83787288.00
20160115;11.38;11.50;10.50;10.62;8007700;87796872.00
20160118;10.49;11.34;10.30;10.91;9704202;106254448.00
20160119;10.92;12.00;10.80;12.00;15576115;181353184.00
20160120;12.05;12.73;12.00;12.36;13740542;170046016.00
20160121;12.12;13.54;12.03;12.55;16381386;210843296.00
20160122;12.85;13.26;12.50;13.17;10449970;134989824.00
20160125;13.50;14.08;13.15;13.49;16100572;219180032.00
20160126;13.33;13.43;12.14;12.60;13214174;166942624.00
20160127;12.56;13.33;11.99;13.26;14496617;183686064.00
20160128;13.18;13.54;12.05;12.40;11730075;153670512.00
20160129;12.45;13.28;12.03;13.13;11146280;142976624.00
20160201;13.00;13.80;12.93;13.68;15391512;205744160.00
20160202;13.70;14.75;13.22;14.35;59530922;824449024.00
20160203;13.80;14.08;13.51;13.86;30038696;414672128.00
20160204;13.86;14.15;13.62;13.75;43103677;597467264.00
20160205;13.80;14.20;13.64;13.75;29122287;404883904.00
20160215;13.05;13.79;12.80;13.59;23139557;307301536.00
20160216;13.69;14.95;13.57;14.28;46019585;655366592.00
20160217;14.20;15.57;14.12;15.20;46845299;689831936.00
20160218;15.20;15.70;14.91;15.16;47967763;729714496.00
20160219;15.09;15.52;14.97;15.16;30759514;467537504.00
20160222;15.38;15.45;14.72;15.01;34817291;522781952.00
20160223;15.02;15.16;14.40;14.78;29632641;439982432.00
20160224;14.63;14.78;13.86;14.37;29638877;423541760.00
20160225;14.25;14.28;12.93;12.93;31078918;414944000.00
20160226;12.84;12.95;12.03;12.20;24842348;308374048.00
20160229;12.21;12.35;10.98;10.98;21023261;238816464.00
20160301;11.05;11.58;10.72;11.36;18629785;207965056.00
20160302;11.28;12.50;11.23;12.27;30104647;360362144.00
20160303;12.25;12.58;12.15;12.17;21762084;268932736.00
20160304;12.03;12.15;10.99;11.21;23258915;268603232.00
20160307;11.39;11.90;11.39;11.57;16153556;187761184.00
20160308;11.38;11.79;10.98;11.71;16754870;189892576.00
20160309;11.43;11.64;11.30;11.45;12162171;139383696.00
20160310;11.51;12.00;11.42;11.55;20737606;243594800.00
20160311;11.45;11.63;11.25;11.53;8801639;100792776.00
20160314;11.77;12.50;11.76;12.12;21534363;261575184.00
20160315;12.14;12.33;11.87;11.96;13309837;160913168.00
20160316;12.21;12.31;11.75;11.92;13142283;158054864.00
20160317;12.04;12.65;11.96;12.54;23715434;293397056.00
20160318;12.55;13.60;12.50;13.25;35486982;463836480.00
20160321;13.49;13.75;13.21;13.68;23614289;318659552.00
20160322;13.50;14.60;13.42;14.20;29377658;412779456.00
20160323;14.20;14.85;14.02;14.76;32042132;460630944.00
20160324;14.50;15.82;14.45;14.89;44819813;677991744.00
20160325;14.99;15.13;14.01;14.38;32074061;466571040.00
20160328;14.55;15.03;14.10;14.24;27418067;400351392.00
20160329;14.27;14.45;13.81;14.11;20644025;291583744.00
20160330;14.36;15.52;14.26;15.35;47931048;719622528.00
20160331;15.20;16.71;15.05;15.66;74719916;1183536128.00
20160401;15.50;15.98;15.30;15.98;39787287;622339008.00
20160405;16.12;16.48;15.68;16.06;40048142;643898816.00
20160406;15.90;16.95;15.81;16.68;39712251;649629632.00
20160407;16.60;16.79;16.14;16.19;30443073;498439904.00
20160408;15.86;16.00;15.34;15.70;24454486;382399200.00
20160411;15.87;16.30;15.49;15.54;29928407;474896352.00
20160412;15.52;15.53;14.64;14.91;30145791;450395648.00
20160413;15.03;15.54;14.95;15.12;26298640;401740928.00
20160414;15.23;15.64;15.08;15.56;20813141;318833248.00
20160415;15.59;15.69;15.19;15.44;16213407;250732880.00
20160418;15.29;15.32;14.93;15.02;14552189;219604464.00
20160419;15.21;15.45;14.93;15.12;12501510;189889072.00
20160420;15.20;15.22;13.66;13.96;25909271;371076000.00
20160421;13.88;14.29;13.81;13.85;14178693;200029728.00
20160422;13.81;14.36;13.70;14.35;12027610;168986544.00
20160425;14.32;14.32;13.86;14.08;9790994;137609856.00
20160426;14.07;14.53;14.05;14.51;13528848;193085392.00
20160427;14.39;14.55;14.01;14.01;15410549;220564048.00
20160428;13.91;14.06;13.47;13.99;13195712;181931120.00
20160429;13.81;14.25;13.81;14.06;11076535;155974064.00
20160503;14.15;14.69;13.95;14.65;17224609;248969648.00
20160504;14.50;14.80;14.42;14.71;16943226;247351792.00
20160505;14.60;15.70;14.50;15.60;31664232;480442336.00
20160506;15.77;15.77;14.52;14.64;40987424;622591360.00
20160509;14.64;14.83;13.71;14.04;20246116;286675200.00
20160510;14.09;14.12;13.20;13.31;19029418;259055056.00
20160511;4.76;4.79;4.36;4.47;42349747;190611984.00
20160512;4.36;4.54;4.21;4.45;39182040;172472048.00
20160513;4.39;4.54;4.36;4.45;28556706;127186064.00
20160516;4.40;4.47;4.35;4.45;25447836;112439840.00
20160517;4.46;4.62;4.35;4.49;43778051;195715408.00
20160518;4.46;4.46;4.10;4.19;33553103;143773680.00
20160519;4.18;4.53;4.18;4.28;37832602;164629840.00
20160520;4.26;4.68;4.22;4.58;72021262;324353280.00
20160523;4.54;4.66;4.49;4.61;56016051;256022752.00
20160524;4.55;4.57;4.38;4.42;37383478;166128224.00
20160525;4.45;4.50;4.35;4.38;19806798;87805224.00
20160526;4.38;4.41;4.21;4.40;25577593;110373496.00
20160527;4.36;4.49;4.32;4.35;18939602;82899320.00
20160530;4.32;4.42;4.26;4.29;13924722;60297352.00
20160531;4.29;4.64;4.29;4.56;46385659;208297248.00
20160601;4.55;4.71;4.53;4.55;58721502;270900896.00
20160602;4.60;4.64;4.49;4.60;36493177;166782304.00
20160603;4.60;5.01;4.50;4.86;92626424;439668448.00
20160606;4.82;4.88;4.72;4.75;38188080;183094080.00
20160607;4.75;4.89;4.72;4.81;27442502;131233640.00
20160608;4.79;4.88;4.72;4.74;28353091;135524016.00
20160613;4.67;4.67;4.39;4.39;30078904;137270016.00
20160614;4.34;4.42;4.32;4.39;15315850;66894384.00
20160615;4.32;4.60;4.29;4.52;25523699;114868352.00
20160616;4.49;4.55;4.41;4.45;21336639;95956336.00
20160617;4.46;4.54;4.44;4.47;16437106;73788944.00
20160620;4.46;4.50;4.41;4.48;14980211;66660352.00
20160621;4.50;4.53;4.38;4.41;16052765;71656288.00
20160622;4.41;4.51;4.39;4.50;16125172;71683632.00
20160623;4.48;4.57;4.47;4.51;21307981;96399776.00
20160624;4.48;4.55;4.25;4.38;30653598;135410384.00
20160627;4.32;4.44;4.31;4.42;24999689;109806808.00
20160628;4.40;4.45;4.38;4.44;27691516;122502384.00
20160629;4.46;4.51;4.43;4.49;25328170;113088904.00
20160630;4.48;4.50;4.42;4.45;17367572;77290952.00
