20110729;28.00;29.00;25.11;26.35;14469680;387222720.00
20110801;26.00;28.99;25.50;28.99;11083482;305296352.00
20110802;28.50;31.66;28.34;30.30;11903726;354173984.00
20110803;29.07;29.49;28.03;28.18;6890203;198304624.00
20110804;28.08;28.24;26.69;27.25;5318611;145751776.00
20110805;26.00;26.99;25.50;26.90;4028250;105954936.00
20110808;26.30;26.88;24.21;24.21;3686757;92830136.00
20110809;22.06;24.09;21.79;22.77;5103694;115020584.00
20110810;23.00;23.60;22.00;22.33;4012743;92403456.00
20110811;21.16;23.48;21.16;23.21;4007180;89204632.00
20110812;23.43;23.44;22.70;22.80;3418675;78971680.00
20110815;22.82;24.58;22.82;24.18;4288563;102060952.00
20110816;24.00;24.87;23.88;24.15;3477587;84825816.00
20110817;24.03;24.78;23.80;24.44;2739250;66455252.00
20110818;24.01;24.69;22.03;22.85;3001674;70622336.00
20110819;21.98;22.27;21.50;22.03;1753028;38464584.00
20110822;22.02;24.19;22.02;23.32;2900051;67586016.00
20110823;23.31;25.50;23.00;25.00;4957367;120784672.00
20110824;25.05;25.99;24.53;24.65;4807396;121213368.00
20110825;24.88;25.21;23.95;24.75;2802224;68503104.00
20110826;24.68;27.23;24.50;26.60;5757389;149244480.00
20110829;26.25;26.74;25.84;26.00;3643022;95642400.00
20110830;25.91;26.56;24.82;24.82;2924685;75227264.00
20110831;24.80;25.39;23.16;25.30;2775224;67834736.00
20110901;25.30;25.58;24.00;24.50;1968785;49140804.00
20110902;24.10;25.05;23.43;24.50;1886386;45975576.00
20110905;24.00;24.57;23.60;23.84;1543310;37224704.00
20110906;23.60;23.83;21.80;22.15;2146569;48623484.00
20110907;22.39;23.00;22.15;22.82;1551581;34977280.00
20110908;22.94;23.18;21.88;21.88;1377366;31014378.00
20110909;21.60;22.19;21.30;21.95;927208;20210562.00
20110913;21.78;21.78;20.50;20.66;959660;20136666.00
20110914;20.80;21.37;20.50;21.30;975191;20474714.00
20110915;21.36;21.74;21.23;21.24;930244;19979150.00
20110916;21.40;21.65;20.66;20.80;905321;19150978.00
20110919;20.60;20.61;19.51;19.52;900509;17965324.00
20110920;19.30;19.66;18.85;19.34;1114026;21411306.00
20110921;19.30;20.20;19.00;20.05;1423755;28044422.00
20110922;19.78;19.98;18.80;18.81;1159283;22451278.00
20110923;18.27;18.66;18.06;18.40;748759;13755455.00
20110926;18.20;18.90;18.20;18.28;764195;14159960.00
20110927;18.50;18.65;18.07;18.46;591607;10865718.00
20110928;18.62;18.64;17.74;17.75;657788;12011106.00
20110929;17.59;17.69;16.30;16.39;1084389;18325908.00
20110930;16.34;16.60;15.91;16.31;641767;10412235.00
20111010;16.55;16.59;16.28;16.55;780909;12862972.00
20111011;17.19;17.20;16.40;16.79;955564;16044868.00
20111012;16.50;17.98;16.28;17.73;1497155;25895136.00
20111013;17.74;18.45;17.65;18.07;1836570;33278988.00
20111014;18.00;18.00;17.60;17.90;878379;15604279.00
20111017;17.92;18.55;17.81;18.30;1146949;20918544.00
20111018;18.03;18.24;17.10;17.13;1047873;18586388.00
20111019;17.33;17.54;17.14;17.17;621624;10758291.00
20111020;16.92;17.00;16.16;16.25;747217;12284401.00
20111021;16.42;16.43;15.85;15.86;500625;8065888.00
20111024;15.99;16.25;15.23;16.21;769784;12123931.00
20111025;16.21;16.91;16.01;16.73;1025542;16962012.00
20111026;16.49;17.48;16.36;17.00;1481878;25306824.00
20111027;17.00;17.16;16.75;17.00;1197544;20279268.00
20111028;17.18;17.55;16.88;17.52;1760064;30334258.00
20111031;17.50;17.68;17.13;17.30;2734626;47275360.00
20111101;17.05;19.03;17.00;19.03;5508498;99924728.00
20111102;18.50;19.51;18.20;19.46;5687308;107641216.00
20111103;19.35;19.49;18.72;18.74;3810403;73010944.00
20111104;18.75;19.00;18.32;18.60;2306594;42908200.00
20111107;18.60;19.49;18.41;19.28;3196752;60871580.00
20111108;19.10;19.19;18.31;18.32;1886803;35301736.00
20111109;18.35;18.74;18.12;18.73;1343566;24906570.00
20111110;18.60;19.72;18.45;18.90;3866941;74043808.00
20111111;18.96;19.14;18.46;18.70;1660778;31190286.00
20111114;18.77;19.65;18.67;19.41;2976012;57348712.00
20111115;19.25;19.65;19.21;19.57;2393707;46544368.00
20111116;19.62;19.62;18.42;18.53;2355490;44668932.00
20111117;18.55;19.19;18.24;18.71;2217372;41452464.00
20111118;18.42;18.60;17.51;17.62;1918478;34635152.00
20111121;17.70;17.81;16.80;17.26;1057264;18090878.00
20111122;17.03;17.22;16.52;17.18;874584;14871647.00
20111123;17.15;17.47;17.13;17.17;965157;16689693.00
20111124;16.91;17.25;16.63;17.04;804976;13606082.00
20111125;17.10;17.28;16.62;16.67;981191;16682336.00
20111128;16.82;16.82;16.23;16.44;838680;13850480.00
20111129;16.55;16.95;16.49;16.88;950196;15899227.00
20111130;16.86;17.11;15.24;15.74;1767910;28611672.00
20111201;16.30;16.44;15.92;15.98;1266348;20494076.00
20111202;15.90;15.92;15.30;15.44;886894;13747610.00
20111205;15.17;15.49;14.71;14.72;672138;10050232.00
20111206;14.72;14.98;14.58;14.91;545852;8078461.00
20111207;14.84;15.15;14.84;15.03;620396;9318328.00
20111208;15.03;15.48;14.57;15.22;1081709;16328657.00
20111209;15.06;15.26;14.88;15.00;514743;7743109.50
20111212;15.03;15.20;14.90;14.90;395726;5947022.00
20111213;14.82;14.88;14.00;14.10;722330;10376510.00
20111214;14.28;14.28;13.81;13.89;476116;6698025.00
20111215;13.73;13.94;13.50;13.65;639667;8775898.00
20111216;13.70;14.25;13.62;14.22;697690;9681630.00
20111219;14.04;14.75;13.85;14.72;1229132;17601008.00
20111220;14.59;14.95;14.36;14.39;1082764;15934711.00
20111221;14.50;15.17;14.39;14.39;1572178;23270918.00
20111222;14.39;14.77;13.54;14.60;1479913;20799906.00
20111223;14.40;14.90;14.20;14.90;1316363;19339986.00
20111226;14.90;14.95;14.42;14.50;842844;12408833.00
20111227;14.47;14.47;13.80;13.83;848589;11935240.00
20111228;13.60;13.73;13.23;13.55;747012;10046032.00
20111229;13.60;13.80;13.46;13.65;396973;5417316.50
20111230;13.79;14.09;13.67;13.91;482485;6679676.50
20120104;13.91;14.16;12.94;12.97;750599;10146885.00
20120105;12.66;12.95;12.00;12.18;960207;11945886.00
20120106;12.35;12.35;11.86;12.29;644501;7817229.50
20120109;12.28;12.99;11.95;12.86;1228230;15354196.00
20120110;12.70;13.40;12.70;13.36;1173841;15400410.00
20120111;13.33;13.59;13.19;13.34;828168;11062335.00
20120112;13.12;13.50;13.00;13.20;654512;8705256.00
20120113;13.20;13.21;12.02;12.11;1222246;15194073.00
20120116;11.94;12.07;11.37;11.37;819083;9609814.00
20120117;11.33;12.18;11.33;12.18;943646;11147305.00
20120118;12.10;12.30;11.51;11.51;962829;11479601.00
20120119;11.52;12.41;11.52;12.12;1143853;13831359.00
20120120;11.93;12.43;11.93;12.29;1049751;12911186.00
20120130;12.35;12.60;12.14;12.30;913104;11342824.00
20120131;12.31;12.39;12.05;12.33;623381;7581857.50
20120201;12.19;12.59;12.19;12.33;895014;11128658.00
20120202;12.39;12.60;12.30;12.57;672141;8366553.00
20120203;12.53;13.05;12.52;12.94;929792;11881894.00
20120206;12.89;13.17;12.77;13.09;1076116;13975067.00
20120207;12.97;12.97;12.63;12.75;762073;9759514.00
20120208;12.70;13.22;12.66;13.21;1020063;13240694.00
20120209;13.15;14.18;13.10;13.46;1935373;26438850.00
20120210;13.32;13.56;13.32;13.45;1142250;15360747.00
20120213;13.22;13.76;13.22;13.60;977501;13276348.00
20120214;13.55;13.80;13.50;13.67;808237;11043085.00
20120215;13.71;13.94;13.50;13.89;1121568;15431923.00
20120216;13.90;14.29;13.71;13.87;1418302;19851470.00
20120217;13.85;13.90;13.39;13.60;963443;13156244.00
20120220;13.80;14.07;13.66;13.75;1033503;14316177.00
20120221;13.71;14.27;13.62;14.20;1322042;18439468.00
20120223;14.80;15.50;14.64;14.75;3513066;52676412.00
20120224;14.67;15.09;14.58;14.87;1945626;28843700.00
20120227;15.17;15.35;14.70;14.76;2439143;36858032.00
20120228;14.71;15.10;14.58;15.04;1782503;26496354.00
20120229;14.90;15.00;14.55;14.56;1404857;20761748.00
20120301;14.53;14.88;14.45;14.75;678514;9954920.00
20120302;14.78;15.05;14.70;15.00;1052537;15686333.00
20120305;14.97;15.15;14.80;14.83;913229;13656528.00
20120306;14.82;14.97;14.57;14.90;1008061;14889598.00
20120307;14.76;15.19;14.55;14.95;1292733;19343324.00
20120308;14.99;15.64;14.99;15.46;1911227;29377718.00
20120309;15.52;15.66;15.21;15.55;1642982;25487084.00
20120312;15.49;15.84;15.44;15.70;1380620;21568614.00
20120313;15.70;15.94;15.46;15.84;1338309;21042908.00
20120314;15.90;16.45;15.00;15.19;2558552;40476612.00
20120315;15.30;15.58;14.50;14.73;1429280;21360890.00
20120316;14.77;15.14;14.68;15.06;1097754;16377452.00
20120319;14.95;15.39;14.95;15.35;978926;14877316.00
20120320;15.24;15.32;14.65;14.68;1150326;17117520.00
20120321;14.70;14.86;14.10;14.42;1227447;17697286.00
20120322;14.35;14.56;14.21;14.44;474640;6831227.50
20120323;14.39;14.39;13.94;14.05;764209;10818180.00
20120326;13.94;14.10;13.78;13.90;417107;5802742.00
20120327;13.99;14.18;13.89;13.95;424739;5957265.00
20120328;13.90;13.90;12.90;12.93;883518;11781220.00
20120329;12.88;13.02;12.60;12.60;546917;7002959.00
20120330;12.63;12.70;12.00;12.05;1038564;12691469.00
20120405;12.05;12.39;11.96;12.34;541569;6627111.00
20120406;12.38;12.49;12.23;12.45;556900;6901010.50
20120409;12.50;12.65;12.41;12.52;538166;6736743.00
20120410;12.48;12.58;12.06;12.58;526821;6481576.50
20120411;12.38;12.65;12.31;12.65;445668;5587295.00
20120412;12.84;13.06;12.60;13.00;649490;8347436.50
20120413;13.08;13.09;12.88;13.01;511852;6640744.00
20120416;13.02;13.05;12.86;12.96;410421;5319889.50
20120417;12.91;13.01;12.71;12.80;396943;5102172.00
20120418;12.96;13.20;12.84;13.15;729800;9521812.00
20120419;13.15;13.34;13.01;13.27;786505;10338419.00
20120420;12.97;13.09;12.67;13.00;2056303;26425420.00
20120423;12.89;12.95;11.90;11.91;2165580;26641182.00
20120424;11.90;12.17;11.51;11.88;916861;10820581.00
20120425;11.83;11.97;11.72;11.91;721348;8576585.00
20120426;12.00;12.00;11.81;11.83;498959;5922750.00
20120427;11.84;12.04;11.74;11.89;435540;5190134.00
20120502;12.05;12.09;11.92;11.98;516624;6206791.50
20120503;11.93;12.05;11.90;11.99;429831;5147863.50
20120504;11.99;12.30;11.97;12.28;680223;8283444.00
20120507;12.20;12.39;12.19;12.39;731298;8978976.00
20120508;12.40;12.78;12.25;12.53;1038900;13040728.00
20120509;12.48;12.49;12.15;12.21;664689;8187507.50
20120510;12.30;13.15;12.29;12.58;1309656;16630411.00
20120511;12.45;12.60;12.33;12.37;643097;8004670.50
20120514;12.49;12.49;12.26;12.26;399853;4950377.00
20120515;12.17;12.31;12.03;12.27;350690;4258679.00
20120516;12.29;12.29;12.13;12.14;297605;3631912.00
20120517;12.15;12.56;12.12;12.46;529205;6551668.00
20120518;12.27;12.82;12.27;12.56;1181987;14872128.00
20120521;12.55;12.59;12.29;12.37;544514;6767145.50
20120522;12.48;12.53;12.37;12.44;420615;5231200.50
20120523;12.46;12.50;12.11;12.15;624376;7660023.50
20120524;12.17;12.28;12.11;12.12;322939;3931131.50
20120525;12.14;12.16;11.72;11.76;502839;5993634.00
20120528;11.70;11.80;11.41;11.77;479927;5564077.50
20120529;11.77;12.06;11.66;11.96;394500;4704004.00
20120530;12.00;12.12;11.89;12.00;411541;4934625.00
20120531;11.97;12.30;11.91;12.20;669701;8120172.50
20120601;12.22;12.45;12.15;12.29;810930;9992205.00
20120604;12.16;12.16;11.80;11.84;469240;5610566.50
20120605;11.80;11.99;11.68;11.71;308364;3639777.00
20120606;11.73;11.82;11.63;11.79;278707;3276678.00
20120607;11.94;11.95;11.63;11.68;249510;2942229.50
20120608;11.81;11.87;11.64;11.74;406946;4783784.00
20120611;11.72;12.12;11.72;12.08;522409;6250597.50
20120612;12.00;12.07;11.90;11.92;262486;3140983.25
20120613;12.00;12.35;11.94;12.28;739782;9020912.00
20120614;12.52;12.88;12.25;12.29;1570394;19696198.00
20120615;12.17;12.36;12.04;12.18;767766;9334838.00
20120618;12.18;12.39;12.13;12.30;625205;7677864.50
20120619;12.30;12.45;12.21;12.37;549619;6767926.00
20120620;12.34;12.69;12.27;12.58;1008096;12628853.00
20120621;12.55;12.58;12.20;12.26;628365;7741346.00
20120625;12.37;12.37;11.93;11.95;351143;4269061.50
20120626;11.95;12.14;11.75;12.05;339297;4054472.25
20120627;12.08;12.36;12.00;12.14;495720;6052247.00
20120628;12.16;12.98;12.16;12.32;1612342;20241508.00
20120629;12.19;12.19;11.52;12.15;1212756;14448587.00
20120702;12.24;12.58;12.03;12.43;905285;11146660.00
20120703;12.50;12.69;12.40;12.62;1457281;18347110.00
20120704;12.74;12.74;12.32;12.41;851550;10632477.00
20120705;12.41;12.42;12.05;12.09;591718;7199796.00
20120706;12.22;12.54;12.00;12.54;846990;10396059.00
20120709;12.43;12.67;12.23;12.29;723375;9034939.00
20120710;12.09;12.31;11.62;11.80;643258;7668380.00
20120711;11.80;11.93;11.73;11.88;270984;3204753.25
20120712;11.85;12.04;11.66;11.94;650040;7708441.00
20120713;11.46;11.56;11.01;11.06;889540;10046620.00
20120716;11.03;11.03;10.15;10.16;809750;8542401.00
20120717;10.15;10.39;10.11;10.29;206965;2121814.00
20120718;10.29;10.31;10.10;10.31;163694;1674098.13
20120719;10.32;10.56;10.29;10.48;328499;3434252.50
20120720;10.38;10.58;10.38;10.50;275953;2896129.75
20120723;10.41;10.41;10.13;10.27;155141;1589630.63
20120724;10.31;10.43;10.27;10.35;243312;2514769.25
20120725;10.31;10.54;10.27;10.28;213582;2219138.00
20120726;10.20;10.39;10.20;10.21;259712;2672145.75
20120727;10.21;10.27;10.14;10.14;218645;2229476.75
20120730;10.02;10.18;9.60;9.69;528684;5193912.50
20120731;9.62;9.69;9.40;9.42;305555;2893670.75
20120801;9.40;9.65;9.32;9.58;462241;4419094.00
20120802;9.58;9.59;9.38;9.41;226270;2145702.25
20120803;9.46;9.63;9.41;9.63;200066;1905732.25
20120806;9.52;9.94;9.52;9.89;437917;4278506.50
20120807;9.88;10.09;9.86;9.96;385702;3843489.50
20120808;9.98;10.00;9.86;9.97;219988;2184949.50
20120809;9.96;10.13;9.89;10.12;334266;3356335.50
20120810;10.13;10.19;10.01;10.09;275540;2775608.75
20120813;10.14;10.19;9.84;9.84;246836;2469435.50
20120814;9.83;9.99;9.70;9.94;312951;3077530.25
20120815;9.88;9.92;9.78;9.79;188705;1853700.00
20120816;9.78;9.78;9.51;9.62;496290;4781813.00
20120817;9.59;9.65;9.54;9.62;184890;1774481.25
20120820;9.60;10.00;9.50;10.00;477383;4671355.00
20120821;9.98;10.59;9.80;10.38;1187640;12201740.00
20120822;10.31;10.80;10.20;10.47;889357;9310032.00
20120823;10.35;10.40;10.17;10.40;493875;5082841.50
20120824;10.32;10.35;10.01;10.03;465085;4728731.50
20120827;10.01;10.01;9.81;9.83;217860;2153049.25
20120828;9.81;10.07;9.81;10.01;241750;2409562.00
20120829;9.91;10.16;9.91;10.02;280629;2821914.25
20120830;9.95;10.13;9.65;9.76;299019;2949355.75
20120831;9.76;9.84;9.71;9.80;135810;1325865.75
20120903;9.74;10.05;9.71;10.02;407677;4046264.75
20120904;10.00;10.15;9.99;10.04;456846;4594011.50
20120905;10.04;10.30;9.99;10.25;587002;5990107.50
20120906;10.30;10.43;10.18;10.36;558117;5738627.00
20120907;10.41;10.65;10.32;10.52;980442;10329630.00
20120910;10.51;10.72;10.44;10.53;533828;5627144.50
20120911;10.53;10.53;10.30;10.46;499051;5200138.00
20120912;10.50;10.55;10.37;10.54;473715;4952726.50
20120913;10.50;10.57;10.36;10.38;282157;2950056.00
20120914;10.40;10.45;10.23;10.32;424538;4387069.50
20120917;10.28;10.32;9.81;9.85;587805;5883822.50
20120918;9.81;9.94;9.66;9.74;375308;3681749.75
20120919;9.76;9.87;9.74;9.81;361498;3536521.75
20120920;9.81;9.81;9.46;9.48;366849;3528985.75
20120921;9.43;9.59;9.40;9.43;196861;1866134.63
20120924;9.38;9.46;9.00;9.43;319550;2971769.75
20120925;9.44;9.45;9.26;9.27;186392;1740704.50
20120926;9.21;9.26;8.98;9.00;229439;2080385.00
20120927;9.05;9.25;8.96;9.16;215732;1969152.63
20120928;9.14;9.70;9.10;9.60;687209;6479863.50
20121008;9.56;9.67;9.45;9.51;116601;1108733.50
20121009;9.60;9.78;9.50;9.77;372130;3610258.00
20121010;9.77;9.84;9.67;9.78;414781;4042376.00
20121011;9.80;10.04;9.72;9.72;768765;7603305.00
20121012;9.70;9.80;9.48;9.62;402926;3881792.75
20121015;9.65;9.65;9.16;9.24;549646;5113635.50
20121016;9.26;9.33;9.20;9.27;295259;2740227.50
20121017;9.33;9.33;9.13;9.27;232044;2146734.00
20121018;9.29;9.47;9.22;9.39;387970;3633471.75
20121019;9.43;9.50;9.34;9.37;325884;3063421.75
20121022;9.35;9.45;9.27;9.43;217059;2035777.63
20121023;9.40;9.45;9.27;9.30;268661;2516058.75
20121024;9.30;9.35;9.14;9.20;641248;5915898.50
20121025;9.20;9.27;9.17;9.20;345064;3183809.00
20121026;9.24;9.24;8.93;8.95;411330;3710427.50
20121029;8.94;8.97;8.89;8.90;193659;1727631.13
20121030;8.88;9.01;8.88;8.93;159900;1430917.00
20121031;8.95;9.04;8.90;9.03;155950;1397022.50
20121101;9.05;9.25;9.03;9.18;415144;3802489.75
20121102;9.16;9.25;9.14;9.20;161051;1480964.25
20121105;9.16;9.24;9.16;9.17;172400;1585712.00
20121106;9.23;9.23;9.02;9.15;219332;1996208.38
20121107;9.18;9.23;9.08;9.21;226726;2074398.00
20121108;9.18;9.18;8.90;8.91;291400;2630082.00
20121109;8.91;8.97;8.86;8.90;151881;1354317.50
20121112;8.82;9.05;8.82;8.98;144064;1294631.50
20121113;9.05;9.05;8.90;8.95;224690;2010316.63
20121114;8.80;9.08;8.80;9.07;221074;1992154.75
20121115;9.07;9.22;8.98;8.98;467604;4271322.50
20121116;9.18;9.18;8.84;8.86;179810;1604610.25
20121119;8.89;9.04;8.80;9.01;165468;1472468.25
20121120;9.16;9.20;9.04;9.08;314927;2874911.50
20121121;9.12;9.19;9.02;9.18;218083;1986316.88
20121122;9.11;9.28;9.08;9.22;555365;5115066.50
20121123;9.20;9.21;9.10;9.11;264765;2423702.25
20121126;9.18;9.20;8.73;8.80;366791;3277933.50
20121127;8.75;8.83;8.48;8.50;263650;2263514.00
20121128;8.40;8.42;8.21;8.33;143520;1194090.63
20121129;8.43;8.43;8.08;8.08;135500;1117216.50
20121130;8.08;8.19;8.04;8.14;158069;1281096.25
20121203;8.08;8.17;8.00;8.00;150803;1219959.63
20121204;8.00;8.13;7.80;8.08;169077;1341293.13
20121205;8.08;8.44;8.05;8.39;353073;2944479.00
20121206;8.43;8.43;8.29;8.31;137400;1145495.88
20121207;8.31;8.48;8.28;8.48;332714;2794678.25
20121210;8.44;8.68;8.42;8.63;374583;3201472.25
20121211;8.69;8.69;8.46;8.56;337600;2886318.00
20121212;8.47;8.58;8.37;8.53;191308;1623765.88
20121213;8.45;8.78;8.45;8.53;771518;6665247.50
20121214;8.52;8.88;8.41;8.85;731382;6405845.00
20121217;8.89;8.89;8.75;8.83;472947;4180755.00
20121218;8.76;8.98;8.72;8.83;515000;4561849.00
20121219;8.80;8.90;8.77;8.84;343318;3028617.75
20121220;8.78;9.47;8.78;9.10;1475721;13510374.00
20121221;9.02;9.31;9.01;9.20;1274840;11645645.00
20121224;9.21;9.24;9.02;9.19;640438;5880737.00
20121225;9.17;9.44;9.17;9.34;897801;8352955.00
20121226;9.34;10.27;9.30;10.27;4932851;49610792.00
20121227;10.25;10.79;10.10;10.40;5561510;58233780.00
20121228;10.30;10.31;9.95;10.19;2340845;23740872.00
20121231;10.19;10.25;9.92;9.96;1503952;15076909.00
20130104;10.03;10.12;9.75;9.95;1437438;14229971.00
20130107;9.89;10.24;9.83;10.18;2068527;20852992.00
20130108;10.15;10.28;9.94;10.05;1518611;15343704.00
20130109;9.99;10.05;9.84;9.89;2176842;21625126.00
20130110;9.88;9.97;9.70;9.80;2076854;20431774.00
20130111;9.85;10.06;9.75;9.80;1559710;15445284.00
20130114;9.72;10.14;9.71;10.13;1920268;19201406.00
20130115;10.20;10.29;10.11;10.25;1999887;20400266.00
20130116;10.23;10.23;9.84;9.99;1567348;15705987.00
20130117;9.99;9.99;9.79;9.88;885395;8754412.00
20130118;9.87;10.06;9.87;10.04;919629;9187339.00
20130121;10.04;10.18;9.99;10.15;1373795;13860773.00
20130122;10.15;10.25;9.81;9.88;1382552;13959875.00
20130123;9.78;9.91;9.61;9.82;963195;9413367.00
20130124;9.83;9.91;9.41;9.45;1217494;11769135.00
20130125;9.47;9.59;9.41;9.49;435742;4135473.25
20130128;9.50;9.72;9.47;9.70;422234;4061798.75
20130129;9.70;9.79;9.63;9.75;955716;9269502.00
20130130;9.72;9.76;9.54;9.62;893082;8591731.00
20130131;9.61;9.62;9.42;9.47;764120;7247137.50
20130201;9.42;9.58;9.35;9.56;455723;4337858.00
20130204;9.58;9.61;9.41;9.48;488716;4646347.50
20130205;9.45;9.65;9.44;9.58;547105;5221998.00
20130206;9.53;9.75;9.53;9.66;618139;5962139.00
20130207;9.62;9.75;9.61;9.70;494100;4778357.50
20130208;9.70;9.92;9.70;9.89;779727;7664167.00
20130218;9.99;10.12;9.86;9.99;1101311;10981666.00
20130219;9.96;9.99;9.77;9.84;773168;7661937.00
20130220;9.88;10.23;9.82;10.23;1651299;16664137.00
20130221;10.13;10.30;9.95;10.00;1022343;10316628.00
20130222;10.00;11.00;9.91;11.00;1794716;19273196.00
20130225;11.32;11.32;10.50;10.69;4388593;47418416.00
20130226;10.50;10.79;10.31;10.46;2451563;25931076.00
20130227;10.46;11.27;10.25;11.15;3455758;37101092.00
20130228;10.89;11.15;10.70;11.14;2354133;25754172.00
20130301;11.12;11.42;10.92;11.40;2595171;29022050.00
20130304;11.22;11.44;10.76;10.85;1710054;18972894.00
20130305;10.86;11.48;10.83;11.45;1885544;21197994.00
20130306;11.48;11.52;11.25;11.46;1619289;18418838.00
20130307;11.33;11.45;11.02;11.12;1617841;18096034.00
20130308;11.15;11.30;10.90;11.18;1353049;14969960.00
20130311;11.15;11.22;11.00;11.07;643321;7129219.50
20130312;11.00;11.10;10.52;10.70;1107028;11929071.00
20130313;10.82;10.93;10.49;10.64;1236749;13270918.00
20130314;10.63;10.69;10.10;10.10;2347165;24151746.00
20130315;10.16;10.31;9.99;10.22;1295139;13161469.00
20130318;10.21;10.22;10.02;10.03;618325;6253789.50
20130319;10.04;10.10;9.85;10.02;701949;7006224.00
20130320;10.02;10.33;10.00;10.31;885589;9027710.00
20130321;10.27;10.46;10.22;10.38;1026666;10638614.00
20130322;10.35;10.42;10.29;10.34;717577;7420663.00
20130325;10.36;10.50;10.29;10.43;754671;7855176.50
20130326;10.40;10.69;10.31;10.55;1283656;13457895.00
20130327;10.45;10.55;10.40;10.46;690990;7244445.50
20130328;10.52;10.52;9.98;10.08;1218326;12379985.00
20130329;10.08;10.17;10.05;10.08;468600;4730399.00
20130401;10.11;10.21;10.06;10.09;345743;3496387.75
20130402;10.17;10.21;10.01;10.06;538970;5451720.00
20130403;10.07;10.62;10.07;10.17;481641;4894092.00
20130408;10.17;10.24;10.06;10.23;539139;5476432.50
20130409;10.29;10.42;10.20;10.35;729664;7520429.50
20130410;10.30;10.38;10.15;10.24;509665;5241735.50
20130411;10.23;10.35;10.21;10.30;475177;4878373.00
20130412;10.27;10.27;10.02;10.04;478778;4842924.50
20130415;9.92;10.12;9.88;9.95;322091;3200980.00
20130416;9.90;10.05;9.77;10.04;283949;2818141.25
20130417;10.05;10.12;9.96;10.12;258625;2597697.75
20130418;10.02;10.33;10.01;10.29;573614;5874662.50
20130419;10.28;10.53;10.21;10.43;1069966;11165343.00
20130422;10.50;10.63;10.45;10.51;1004741;10590351.00
20130423;10.52;10.54;10.21;10.24;832169;8612746.00
20130424;10.24;10.67;10.14;10.64;1084715;11407803.00
20130425;10.66;10.96;10.57;10.68;1506141;16268107.00
20130426;10.58;10.79;10.45;10.45;660623;7005787.00
20130502;10.39;10.80;10.38;10.80;663181;7039329.00
20130503;11.48;11.48;10.90;11.03;1557116;17253800.00
20130506;11.09;11.29;10.94;11.23;1287839;14332776.00
20130507;11.20;11.20;10.91;11.04;1010508;11161840.00
20130508;11.04;11.24;11.02;11.17;733368;8161465.50
20130509;11.17;11.33;10.91;11.17;1055123;11742312.00
20130510;11.17;11.88;11.04;11.71;2354742;27166244.00
20130513;11.70;12.27;11.61;12.17;2823327;33996344.00
20130514;12.16;12.16;11.77;11.93;1276506;15182636.00
20130515;11.90;12.22;11.82;12.12;1268329;15204438.00
20130516;12.05;12.16;11.65;11.75;1661035;19737916.00
20130517;11.59;11.95;11.59;11.78;1267200;14982851.00
20130520;11.75;12.17;11.75;12.13;1623093;19541924.00
20130521;12.12;12.37;12.00;12.17;1948563;23658534.00
20130522;12.12;12.15;11.75;11.78;1496470;17848744.00
20130523;11.76;12.01;11.66;11.80;1051106;12450606.00
20130524;11.80;12.28;11.80;12.24;1485890;17929516.00
20130527;12.24;12.56;12.20;12.47;1548450;19213248.00
20130528;12.38;12.38;11.91;11.92;2340024;28166176.00
20130529;11.88;12.01;11.83;11.91;1203425;14335696.00
20130530;11.91;12.29;11.83;12.26;1476641;17861722.00
20130531;12.25;12.30;12.03;12.03;1309962;15912063.00
20130603;12.10;12.16;11.81;11.83;896348;10696759.00
20130604;11.86;11.96;11.45;11.58;1332843;15574540.00
20130605;11.60;11.73;11.52;11.61;709868;8263639.00
20130606;7.65;7.71;7.36;7.40;1292008;9688472.00
20130607;7.40;7.47;7.29;7.32;794457;5860233.50
20130613;7.30;7.30;6.90;7.04;953104;6698000.50
20130614;7.10;7.22;7.05;7.21;977810;6969341.00
20130617;7.20;7.31;7.11;7.15;802815;5770702.50
20130618;7.13;7.19;7.04;7.14;618542;4407042.00
20130619;7.10;7.17;6.98;7.13;964047;6788439.00
20130620;7.09;7.29;6.95;6.98;1266022;9030118.00
20130621;6.88;6.93;6.65;6.84;848913;5797998.00
20130624;6.88;6.88;6.32;6.44;940483;6207494.00
20130625;6.32;6.59;6.05;6.40;1268659;8025434.00
20130626;6.35;6.75;6.32;6.65;1278996;8346801.50
20130627;6.63;6.72;6.41;6.45;932043;6132198.00
20130628;6.39;6.61;6.31;6.42;720843;4663182.50
20130701;6.33;6.62;6.33;6.61;426464;2768089.50
20130702;6.63;6.78;6.57;6.74;844864;5635402.00
20130703;6.74;6.88;6.53;6.83;759996;5117112.00
20130704;6.80;6.94;6.70;6.82;868141;5915612.00
20130705;6.78;7.13;6.77;6.85;1530658;10669497.00
20130708;6.94;7.24;6.85;7.04;3555197;25209118.00
20130709;7.08;7.13;6.87;7.01;1248089;8700179.00
20130710;7.00;7.08;6.85;7.06;1324991;9249662.00
20130711;7.06;7.19;6.87;7.15;2282682;16120025.00
20130712;7.10;7.26;7.08;7.15;1450217;10406713.00
20130715;7.10;7.21;7.00;7.12;1636455;11633210.00
20130716;7.14;7.19;7.05;7.15;1403686;9986230.00
20130717;7.48;7.80;7.30;7.36;5293766;39769812.00
20130718;7.21;7.44;7.13;7.40;2899432;21088382.00
20130719;7.33;7.40;7.00;7.00;2046499;14867547.00
20130816;7.63;7.70;7.36;7.70;9392303;71720904.00
20130819;7.40;8.33;7.26;8.13;10977922;86006296.00
20130820;8.02;8.08;7.80;7.94;5583624;44299496.00
20130821;7.86;8.73;7.86;8.73;8274528;70581560.00
20130822;8.85;9.00;8.50;8.81;9310717;81317128.00
20130823;8.87;8.87;8.15;8.47;6001576;51201836.00
20130826;8.48;8.79;8.30;8.66;4666296;39628708.00
20130827;8.59;8.63;8.38;8.50;3828062;32603278.00
20130828;8.45;8.45;8.20;8.22;3538659;29358134.00
20130829;8.59;9.04;8.43;8.57;9586871;84274240.00
20130830;8.31;8.39;7.71;7.73;7894938;63254724.00
20130902;7.69;7.93;7.55;7.85;2510492;19510374.00
20130903;7.86;7.96;7.73;7.91;2493322;19563344.00
20130904;7.90;7.94;7.78;7.84;2001115;15709858.00
20130905;7.80;7.95;7.76;7.90;1852708;14632171.00
20130906;7.87;7.92;7.77;7.84;1801922;14096579.00
20130909;7.84;8.03;7.78;7.93;2219244;17506478.00
20130910;7.93;7.98;7.83;7.90;1903977;15000405.00
20130911;7.91;7.91;7.61;7.83;2960568;22946086.00
20130912;7.78;7.86;7.55;7.62;2945862;22598514.00
20130913;7.61;8.38;7.58;8.38;8073002;64833388.00
20130916;9.22;9.22;9.22;9.22;1818213;16763924.00
20130917;9.95;10.14;9.32;10.14;21262071;207765504.00
20130918;10.17;11.15;10.17;11.15;14110320;150646304.00
20130923;11.20;12.13;10.60;11.93;19208598;215338912.00
20130924;11.65;11.70;11.22;11.36;14349203;164365376.00
20130925;11.28;11.97;11.05;11.09;15477781;176881984.00
20130926;11.00;11.91;10.75;11.16;13992004;158288800.00
20130927;11.30;11.58;10.62;11.15;9283467;102901920.00
20130930;11.00;11.66;10.86;11.55;9728320;110724064.00
20131008;11.45;12.08;11.33;11.60;10459240;121567200.00
20131009;11.60;12.76;11.39;12.76;7593766;93534256.00
20131010;13.79;13.85;12.96;13.01;17632414;234644928.00
20131011;12.55;12.79;12.30;12.64;9813101;123024912.00
20131014;12.50;13.74;12.35;13.14;12690533;167647952.00
20131015;13.80;14.30;13.10;13.28;12298766;166870592.00
20131016;12.42;12.91;11.95;11.95;9053429;110498480.00
20131017;11.86;12.17;11.41;11.59;6920766;82073664.00
20131018;11.59;12.28;11.45;11.96;5794814;69209912.00
20131021;12.09;12.75;12.02;12.69;7236296;89769528.00
20131022;12.55;12.55;11.85;11.99;6309804;76614776.00
20131023;12.12;12.12;10.92;11.10;5568696;62986572.00
20131024;11.01;11.40;10.91;11.14;2960400;33079864.00
20131025;11.15;11.29;10.45;10.59;3614973;39074240.00
20131028;10.61;10.92;10.46;10.74;2890426;30927470.00
20131029;10.90;10.95;9.80;10.76;5069275;52666232.00
20131030;10.80;11.25;10.63;11.20;5356198;58808504.00
20131031;11.08;11.08;10.46;10.60;3153358;33855028.00
20131101;10.40;10.55;10.03;10.40;2569598;26438114.00
20131104;10.37;10.66;10.18;10.55;2013966;21129298.00
20131105;10.65;11.00;10.42;10.97;3671102;39588264.00
20131106;10.85;10.99;10.60;10.62;3379030;36478036.00
20131107;10.39;10.56;10.20;10.24;2573857;26595544.00
20131108;10.18;10.60;10.06;10.60;2417258;24964578.00
20131111;10.50;10.87;10.30;10.75;2946877;31331734.00
20131112;10.67;11.83;10.61;11.83;7468730;84462184.00
20131113;11.88;12.77;11.58;11.84;15070240;184088832.00
20131114;11.41;12.33;11.41;12.20;9350940;111882072.00
20131115;11.93;12.47;11.85;11.97;10179349;123768208.00
20131118;12.04;12.75;11.78;12.45;11311445;138823472.00
20131119;12.25;12.36;11.86;12.06;7009975;84805168.00
20131120;11.98;12.55;11.72;12.49;11181064;137069840.00
20131121;12.30;12.30;11.92;12.21;5897253;71503424.00
20131122;12.12;12.21;11.20;11.20;5035351;59855040.00
20131125;11.70;11.70;11.26;11.34;3717306;42655224.00
20131126;11.21;11.67;11.02;11.49;4242413;48303652.00
20131127;11.46;11.69;11.36;11.66;3211819;37259624.00
20131128;11.64;11.97;11.55;11.76;3358480;39594876.00
20131129;11.67;12.29;11.62;12.24;5192287;61892316.00
20131202;11.30;11.65;11.02;11.02;4313948;48425196.00
20131203;10.20;10.51;9.92;10.46;5749022;58508432.00
20131204;10.35;10.94;10.20;10.43;4408583;46637708.00
20131205;10.20;10.42;10.07;10.08;3466658;35481784.00
20131206;10.19;10.27;10.02;10.10;2202802;22388750.00
20131209;10.16;10.36;10.15;10.25;1993131;20483098.00
20131210;10.28;10.37;10.08;10.29;2583488;26429236.00
20131211;10.27;10.79;10.09;10.71;5472992;57288972.00
20131212;10.48;10.72;10.45;10.62;3886186;41169692.00
20131213;10.57;11.17;10.49;10.93;5566177;60800124.00
20131216;10.74;10.83;10.40;10.41;3801758;40109256.00
20131217;10.39;10.53;10.01;10.12;2705862;27632402.00
20131218;10.17;10.20;10.01;10.12;1454797;14715372.00
20131219;10.12;10.26;10.08;10.14;1353213;13752747.00
20131220;10.13;10.17;9.93;9.96;1409204;14138213.00
20131223;9.90;9.95;9.10;9.49;1895100;17975764.00
20131224;9.42;9.77;9.41;9.60;1361307;13048260.00
20131225;9.65;9.98;9.53;9.91;2225990;21890342.00
20131226;9.90;9.98;9.58;9.68;1779896;17450238.00
20131227;9.65;10.16;9.61;10.08;2668667;26708254.00
20131230;11.09;11.09;10.58;10.62;7327331;79695520.00
20131231;10.62;11.68;10.38;11.68;7886492;88898872.00
20140102;12.31;12.85;12.31;12.85;12887214;163888864.00
20140103;13.10;13.55;12.50;12.85;21549477;280832064.00
20140106;12.71;12.88;11.83;11.90;11403992;139349520.00
20140107;12.02;12.64;11.90;11.96;10057470;122437600.00
20140108;11.74;12.25;11.66;12.01;8572019;102806704.00
20140109;11.93;12.45;11.72;12.05;9690076;116910576.00
20140110;11.76;11.95;10.85;10.99;9227164;103965552.00
20140113;10.90;11.15;10.73;11.00;3956848;43351556.00
20140114;11.15;11.46;11.14;11.44;5829527;66020120.00
20140115;11.37;12.58;11.23;12.58;7586875;91145744.00
20140116;12.56;13.27;12.25;12.91;16875128;214064240.00
20140117;12.55;13.28;12.45;12.50;11083412;141939968.00
20140120;12.33;13.09;12.21;12.80;9642373;122839176.00
20140121;12.75;13.80;12.50;13.57;14363194;189123328.00
20140122;13.30;13.63;13.06;13.36;10230781;136543232.00
20140123;13.30;13.62;13.13;13.37;8333236;111338440.00
20140124;13.18;13.53;13.00;13.21;7688861;101643328.00
20140127;13.02;13.39;12.65;12.87;7084780;92027584.00
20140128;12.88;14.16;12.75;13.88;12339187;167274976.00
20140129;13.48;14.38;13.45;14.31;10498924;146203536.00
20140130;14.20;14.38;13.51;13.68;6388377;88903504.00
20140207;13.69;15.03;13.50;14.87;9570102;138075136.00
20140210;15.50;16.36;15.33;15.42;13424354;212296320.00
20140211;15.21;16.25;14.75;16.25;13153107;203133200.00
20140212;16.25;16.79;15.65;16.21;10379551;168423824.00
20140213;15.98;16.17;15.22;15.23;7390683;116507920.00
20140214;15.11;15.64;15.01;15.42;6007079;92369600.00
20140217;16.96;16.96;16.96;16.96;2596797;44041676.00
20140218;17.65;18.66;17.21;18.66;12469711;225551152.00
20140219;19.09;19.79;18.38;18.68;16154138;308562080.00
20140220;18.80;18.80;17.68;18.12;9158993;166333824.00
20140221;18.21;19.48;17.90;18.70;10082750;189710112.00
20140224;18.00;20.57;17.90;20.24;13844857;269316288.00
20140225;19.70;20.49;18.22;18.60;14081024;271114752.00
20140226;18.10;19.43;16.83;19.30;10303235;191158512.00
20140227;18.95;19.18;17.37;17.37;9880035;180084608.00
20140228;17.20;17.20;16.00;16.85;6939004;116153896.00
20140303;16.63;17.99;16.57;17.90;7184171;126076232.00
20140304;17.59;17.79;17.18;17.56;5147402;90073296.00
20140305;17.68;18.86;17.50;18.24;8154276;149530160.00
20140306;18.06;18.86;17.78;18.57;6774804;125423976.00
20140307;18.50;19.10;18.35;18.41;5496879;102574200.00
20140310;17.80;17.92;16.61;17.26;5169561;90045648.00
20140311;17.12;17.38;16.00;16.01;4931006;81504856.00
20140312;16.03;16.60;15.00;15.90;5124432;81535008.00
20140313;16.20;16.49;16.12;16.42;3623849;59134964.00
20140314;16.18;16.30;15.50;15.90;3299361;52602748.00
20140317;15.76;16.60;15.76;16.52;3683727;60138428.00
20140318;16.50;16.98;16.41;16.70;4315303;72325488.00
20140319;16.50;16.56;15.93;16.19;4113330;66623076.00
20140320;16.20;16.49;15.60;15.60;3151527;50412560.00
20140321;15.58;16.06;15.16;15.93;2112570;32993994.00
20140324;15.82;16.02;15.30;15.44;2398414;37401876.00
20140325;15.25;15.66;15.23;15.54;1553676;24033590.00
20140326;15.73;16.22;15.65;15.93;3072265;49185084.00
20140327;15.88;15.88;15.19;15.19;2345008;36196224.00
20140328;15.19;15.40;14.51;14.76;2948570;43820272.00
20140331;14.75;15.04;14.45;14.64;1790172;26451010.00
20140401;14.64;15.04;14.64;14.96;1620281;24143668.00
20140402;15.10;15.10;14.70;14.78;1743400;25947512.00
20140403;14.70;15.06;14.70;14.97;2060526;30742722.00
20140404;14.86;15.25;14.70;15.23;2327439;35017012.00
20140609;16.10;16.75;15.68;16.75;6068526;100366104.00
20140610;17.29;17.40;16.60;16.93;11043909;186992640.00
20140611;16.70;17.56;16.58;17.46;10188011;175304912.00
20140612;17.21;17.38;16.93;17.15;4799427;82284104.00
20140613;17.15;17.35;16.91;16.94;4848179;83122192.00
20140616;16.84;17.48;16.80;17.02;4363066;74914480.00
20140617;17.05;17.38;17.05;17.09;3598447;61965604.00
20140618;16.90;16.96;16.10;16.21;4008329;66354392.00
20140619;16.20;16.44;14.80;15.08;3655877;57164872.00
20140620;15.01;15.26;14.89;15.16;2233699;33679652.00
20140623;15.10;15.78;15.10;15.63;3040429;47175528.00
20140624;16.25;17.19;16.20;16.98;13585092;231446128.00
20140625;16.03;16.50;15.68;16.04;8884667;143082688.00
20140626;16.04;16.49;15.91;16.40;5763901;93840280.00
20140627;16.45;16.88;16.40;16.68;5525662;92226528.00
20140630;16.74;16.86;16.55;16.81;3945161;65972544.00
20140701;16.85;17.79;16.66;17.61;9194954;158375104.00
20140702;17.35;17.96;17.05;17.10;10781156;185991776.00
20140703;17.10;17.58;17.05;17.17;6753493;116976984.00
20140704;17.20;17.28;16.84;16.94;4682284;79627024.00
20140707;16.98;17.24;16.71;16.95;2794099;47413716.00
20140708;16.98;17.22;16.74;17.16;3293652;56126436.00
20140709;17.12;17.17;16.58;16.69;3714049;62711176.00
20140710;16.62;16.95;16.62;16.69;2198720;36873884.00
20140711;16.74;17.08;16.65;16.93;3114852;52805112.00
20140714;16.88;17.04;16.71;17.03;3067398;51858584.00
20140715;17.06;17.23;16.52;16.71;3569902;60229652.00
20140716;16.68;16.79;15.86;15.93;4098885;66587128.00
20140717;15.90;16.12;15.75;15.94;1732697;27579516.00
20140718;15.85;16.09;15.68;15.73;1532298;24314056.00
20140721;15.73;16.04;15.42;16.00;1989703;31352208.00
20140722;16.00;16.22;15.80;16.17;2243469;35961248.00
20140723;16.15;16.24;15.44;15.52;2790698;43865280.00
20140724;15.40;15.58;15.06;15.30;2079071;31695318.00
20140725;15.40;15.67;15.16;15.33;1815965;27913638.00
20140728;15.50;15.85;15.31;15.80;2487887;38700852.00
20140729;15.74;15.95;15.63;15.86;2476329;39271544.00
20140730;15.91;16.47;15.88;16.17;3576846;57825544.00
20140731;16.18;17.19;16.02;16.59;12811150;213516880.00
20140801;16.44;16.89;16.11;16.12;6538425;107654240.00
20140804;16.45;16.84;16.45;16.84;7768026;129879672.00
20140805;16.88;17.04;16.60;16.93;5396785;90881104.00
20140806;16.99;16.99;16.70;16.80;3365158;56561240.00
20140807;16.86;17.00;16.73;16.94;4065839;68679328.00
20140808;17.06;17.32;16.92;17.05;8747166;149983248.00
20140811;8.45;8.52;8.19;8.40;12169605;101733120.00
20140812;8.40;9.24;8.40;9.24;18166601;164264784.00
20140813;9.38;9.69;9.20;9.60;53252208;502483168.00
20140814;9.30;9.46;9.23;9.28;22787640;212801376.00
20140815;9.21;9.97;9.07;9.69;32525474;308802144.00
20140818;9.73;10.66;9.61;10.66;37401014;379276608.00
20140819;11.00;11.58;10.71;11.29;40465277;451443200.00
20140820;11.20;11.20;10.81;10.91;20250733;221836944.00
20140821;10.95;11.45;10.95;11.08;21308384;237839680.00
20140822;11.03;11.12;10.62;10.78;17144918;185121824.00
20140825;10.92;11.05;10.75;10.75;11102433;120670080.00
20140826;10.67;11.00;10.47;10.68;11447416;122792816.00
20140827;10.49;10.95;10.49;10.94;16267456;175143136.00
20140828;11.10;11.34;10.61;10.66;13957830;151664560.00
20140829;10.49;10.49;10.03;10.34;11172865;114732832.00
20140901;10.29;10.65;10.28;10.62;7523995;78997888.00
20140902;10.70;10.76;10.52;10.72;9906878;105260520.00
20140903;10.72;11.18;10.67;11.03;19070355;209751568.00
20140904;10.75;10.91;10.53;10.85;18416189;196718832.00
20140905;10.84;10.84;10.60;10.72;10724241;114659816.00
20140909;10.73;10.78;10.52;10.78;8337022;88910728.00
20140910;10.78;11.54;10.67;11.31;27385713;305614272.00
20140911;11.17;11.39;11.11;11.17;11302822;126850976.00
20140918;11.10;11.97;10.80;11.28;23468947;269822240.00
20140919;11.14;11.43;11.00;11.17;10244376;114847080.00
20140922;11.06;11.16;10.70;10.70;10720871;115955776.00
20140923;10.73;10.77;10.58;10.74;7634334;81499448.00
20140924;10.75;10.75;10.38;10.62;15648952;164656016.00
20140925;10.60;10.75;10.51;10.55;8461798;89912584.00
20140926;10.46;10.48;10.35;10.43;6719182;69990576.00
20140929;10.44;10.75;10.44;10.75;10096090;107550976.00
20140930;10.80;10.80;10.66;10.78;7822169;83951112.00
20141008;10.83;11.05;10.73;11.03;10958837;119788928.00
20141009;11.00;11.11;10.83;11.04;11625929;127514648.00
20141010;10.99;11.86;10.87;11.54;28809240;328276864.00
20141013;11.50;11.98;11.36;11.60;25185159;293777504.00
20141014;11.50;11.88;11.39;11.41;16840702;195642048.00
20141015;11.46;11.51;11.10;11.29;10771961;121380976.00
20141016;11.25;11.55;11.07;11.18;11639070;132243464.00
20141017;11.09;11.30;10.50;10.74;10197927;110360176.00
20141020;10.81;10.92;10.70;10.92;5195434;56215756.00
20141021;10.95;11.19;10.83;10.99;6784694;74814888.00
20141022;10.89;10.99;10.43;10.53;7744659;82651008.00
20141023;10.45;10.56;10.11;10.54;7047493;72853416.00
20141024;10.53;10.60;10.22;10.28;5150892;53775504.00
20141027;10.24;10.47;10.04;10.41;3844004;39691540.00
20141028;10.46;10.94;10.44;10.94;7901736;84654640.00
20141029;10.94;11.27;10.81;11.20;19267402;213299840.00
20141030;11.03;11.19;10.70;10.80;19410032;211829760.00
20141031;10.69;10.82;10.39;10.52;10283003;108440464.00
20141103;10.67;10.67;10.53;10.63;5209011;55245268.00
20141104;10.61;10.74;10.39;10.41;6222579;65394128.00
20141105;10.41;10.54;10.30;10.48;4239477;44252344.00
20141106;10.48;10.55;10.24;10.46;5448119;56600852.00
20141107;10.45;10.47;10.20;10.23;6810886;70517760.00
20141110;10.24;10.37;10.23;10.33;4195066;43155008.00
20141111;10.30;10.30;9.58;9.65;10249022;101390808.00
20141112;9.60;9.95;9.53;9.93;5171034;50456908.00
20141113;9.81;9.89;9.37;9.41;7519844;71587488.00
20141114;9.40;9.46;9.26;9.42;3469933;32626198.00
20141117;9.47;9.69;9.36;9.68;4289276;41169868.00
20141118;9.61;9.75;9.61;9.73;3623226;35140564.00
20141119;9.70;9.84;9.63;9.81;4597373;44829924.00
20141120;9.79;9.99;9.61;9.77;5266051;51456212.00
20141121;9.75;9.85;9.71;9.79;4520011;44218832.00
20141124;9.85;10.29;9.63;10.12;13045327;130157248.00
20141125;10.00;10.10;9.97;10.05;8017733;80474728.00
20141126;10.05;10.39;10.04;10.19;8868820;90462088.00
20141127;10.21;10.24;10.04;10.11;7582910;76763416.00
20141128;10.20;10.35;10.08;10.21;7984920;81407696.00
20141201;10.22;10.24;9.73;9.80;7967762;79029456.00
20141202;9.93;10.08;9.86;9.94;4955054;49501156.00
20141203;10.10;10.32;9.93;10.24;11827844;119740720.00
20141204;10.26;10.48;10.13;10.36;14673886;150975952.00
20141205;10.33;10.33;9.61;9.81;11057190;110117504.00
20141208;9.77;9.84;9.60;9.62;7219354;69957352.00
20141209;9.62;9.73;8.98;8.99;9879926;92282496.00
20141210;9.00;9.35;8.97;9.29;4786984;44070704.00
20141211;9.28;9.36;9.16;9.31;4584485;42547296.00
20141212;9.34;9.52;9.34;9.50;4682758;44195240.00
20141215;9.46;9.73;9.40;9.68;5117290;49285964.00
20141216;9.70;9.75;9.37;9.58;5448097;51930384.00
20141217;9.50;9.83;9.45;9.80;9608015;93017808.00
20141218;9.80;9.84;9.61;9.64;6374303;61671420.00
20141219;9.58;9.59;9.16;9.28;7026921;65511536.00
20141222;9.17;9.17;8.40;8.47;6779422;59143560.00
20150316;9.32;9.32;9.32;9.32;60463;563515.19
20150317;10.25;10.25;10.25;10.25;228006;2337061.50
20150318;11.28;11.28;11.28;11.28;911418;10280795.00
20150319;12.41;12.41;12.19;12.41;23235619;288266304.00
20150320;13.00;13.18;12.56;12.66;60095182;770997248.00
20150323;12.50;12.96;12.36;12.85;36595879;465108672.00
20150324;12.80;13.43;12.42;13.13;42330311;551382784.00
20150325;13.14;13.65;12.75;13.30;32929789;432366080.00
20150326;13.14;13.15;12.51;12.73;22535147;289868768.00
20150327;12.66;13.36;12.66;12.98;20378620;265035040.00
20150330;12.77;12.97;12.65;12.86;14794320;189259008.00
20150331;12.90;14.14;12.80;13.34;36462490;490883072.00
20150401;13.14;13.70;13.14;13.57;28937687;387953760.00
20150402;13.66;14.10;13.60;13.89;27967630;386315872.00
20150403;13.73;14.79;13.60;14.37;28574609;407375264.00
20150407;14.38;14.70;14.07;14.56;23862572;341581056.00
20150408;14.50;14.50;13.34;13.87;29758199;413712384.00
20150409;13.87;13.87;12.71;13.29;17358510;229808608.00
20150410;13.25;14.62;13.03;14.38;37199525;528061056.00
20150413;14.25;14.69;14.10;14.60;31932086;462162752.00
20150414;14.47;14.50;13.88;14.21;23931428;340452992.00
20150415;14.06;14.44;13.43;13.44;18113175;252833200.00
20150416;13.00;13.57;12.78;13.21;15428188;203379552.00
20150417;13.24;13.42;12.90;13.11;14668280;192162080.00
20150420;13.09;13.10;12.60;12.63;11885163;152396144.00
20150421;12.86;13.44;12.75;13.36;13674447;180046592.00
20150422;13.78;13.80;13.39;13.46;14816184;200800176.00
20150423;13.50;14.34;13.34;14.02;24155941;334082720.00
20150424;13.80;13.99;13.46;13.78;16366492;225024912.00
20150427;14.03;14.20;13.51;13.77;14505385;200532000.00
20150428;13.95;14.05;13.01;13.10;13989325;187978416.00
20150429;12.90;13.47;12.75;13.39;8765047;116629592.00
20150430;13.50;13.86;13.38;13.39;13415793;182850048.00
20150504;13.25;13.44;12.87;13.21;8719127;114906968.00
20150505;13.24;13.86;13.06;13.46;16340062;220426320.00
20150506;13.59;13.99;13.05;13.32;19973785;273377248.00
20150507;13.10;13.21;12.01;12.16;14698464;186213952.00
20150508;12.40;12.76;12.30;12.76;10885355;136354544.00
20150511;12.89;13.67;12.70;13.54;16223508;213922352.00
20150512;13.65;14.89;13.28;14.89;27534128;389391840.00
20150513;14.88;15.47;14.44;14.66;39556784;586154112.00
20150514;14.62;15.15;14.37;14.93;24458678;362123616.00
20150515;14.90;14.90;14.10;14.36;17680647;255672512.00
20150518;14.30;15.80;14.19;15.80;25910404;394019424.00
20150519;16.68;17.05;15.51;16.43;40934952;666968960.00
20150520;16.50;18.07;16.00;18.07;38884272;693038016.00
20150521;17.97;19.88;17.77;19.48;42633997;812045440.00
20150522;19.93;21.43;18.99;19.09;38042203;767485952.00
20150525;18.70;19.74;18.30;19.50;23022170;441391456.00
20150526;19.90;21.45;19.85;21.45;19302015;407619232.00
20150527;22.54;23.60;22.21;23.60;28076771;652935424.00
20150528;23.50;24.00;21.24;21.24;24741315;563687616.00
20150529;20.60;22.87;19.50;21.87;23453397;507641600.00
20150601;22.10;23.73;22.10;23.15;18463180;424923392.00
20150602;23.12;25.47;23.12;25.38;17015523;421489984.00
20150603;25.38;25.61;23.12;24.70;17326636;423884416.00
20150604;24.70;25.46;22.49;23.68;16930026;406481280.00
20150615;23.68;26.05;22.95;26.05;26836662;687909952.00
20150616;25.80;25.80;23.45;23.68;25715279;621975424.00
20150617;23.59;24.63;21.90;23.98;15945041;375717792.00
20150618;24.05;24.05;21.58;21.78;19475406;439835200.00
20150619;20.98;20.98;19.60;19.60;15874188;314964192.00
20150623;19.10;19.87;17.65;19.52;15701785;292265344.00
20150624;20.03;20.08;18.34;19.41;18114737;348578464.00
20150625;19.30;19.88;18.50;19.30;16226392;310838208.00
20150626;18.37;18.40;17.37;17.37;12318939;217323776.00
20150629;17.20;17.30;15.63;15.63;12338010;195953744.00
20150630;14.08;16.65;14.07;16.10;18065649;275187968.00
20150701;15.49;16.40;14.49;14.49;17104799;267092752.00
20150702;13.11;14.16;13.04;13.04;15632398;206976512.00
20150703;12.00;13.20;11.72;11.72;12897612;155809552.00
20150706;12.75;12.75;10.55;10.55;20608655;232974896.00
20150714;11.61;11.61;11.61;11.61;785152;9115615.00
20150715;12.77;12.77;11.30;11.30;40129345;491360288.00
20150716;10.95;12.35;10.17;11.78;26494699;299647584.00
20150717;11.82;12.96;11.80;12.96;22964326;287087168.00
20150720;13.40;14.26;13.36;14.26;34081419;474789440.00
20150721;14.20;15.60;13.67;14.84;36575790;539663680.00
20150722;15.50;15.50;13.98;14.70;21207109;308957536.00
20150723;14.50;15.98;14.39;15.59;22576526;339020672.00
20150724;15.43;16.32;14.90;15.12;21770218;338319488.00
20150727;14.61;15.46;13.61;13.61;16983186;246981408.00
20150728;12.53;13.59;12.25;12.25;19162140;240704624.00
20150729;12.51;13.48;11.80;13.47;14806502;186740928.00
20150730;13.20;13.76;12.56;12.66;14318524;190706752.00
20150731;12.25;12.95;11.95;12.20;10207228;127382000.00
20150803;12.01;12.15;10.98;11.00;10998668;124932264.00
20150804;11.30;12.10;11.00;12.10;13730806;160415744.00
20150805;12.30;12.80;12.18;12.26;20701749;257609264.00
20150806;11.72;13.49;11.63;13.49;11416856;144583184.00
20150807;13.47;14.55;13.37;14.15;22984446;319914176.00
20150810;14.15;15.40;14.02;14.92;20707275;302765120.00
20150811;14.66;15.01;14.33;14.54;20759189;305236896.00
20150812;14.30;14.75;13.88;13.98;14618138;208466000.00
20150813;13.94;15.00;13.93;14.92;17750819;258310400.00
20150814;15.02;15.21;14.51;14.62;16966901;251851136.00
20150817;14.35;14.96;14.05;14.93;13617052;196391696.00
20150818;14.69;15.04;13.44;13.44;14626677;209052160.00
20150819;12.60;13.84;12.15;13.59;15156640;195615568.00
20150820;13.35;13.50;12.61;12.62;10305552;135222064.00
20150821;12.30;12.60;11.58;11.71;9089512;110073648.00
20150824;11.11;11.38;10.54;10.54;8249716;88210704.00
20150825;9.54;9.97;9.49;9.49;9305040;89085936.00
20150826;9.26;10.10;8.54;8.80;15754670;147815072.00
20150827;9.12;9.45;8.48;9.28;12808186;116097448.00
20150828;9.40;10.21;9.38;10.21;15556794;151327888.00
20150831;10.00;10.17;9.68;9.70;10819818;106973896.00
20150901;9.60;9.64;8.73;8.73;9588942;87365912.00
20150902;8.18;9.16;8.00;8.37;10066263;85419672.00
20150907;8.60;9.09;8.45;8.71;10226362;89796728.00
20150908;8.70;9.58;8.36;9.58;15906987;146883120.00
20150909;9.93;10.54;9.82;10.54;12684040;129878056.00
20150910;10.75;11.11;10.40;10.40;24409824;262269600.00
20150911;10.21;10.68;10.12;10.48;14374879;149112704.00
20150914;10.38;10.50;9.43;9.60;17326836;171139888.00
20150915;9.75;10.56;9.63;10.56;38687950;398068384.00
20150916;10.20;11.62;10.01;11.62;41159536;445550304.00
20150917;11.75;12.58;11.13;11.30;44441661;525662752.00
20150918;11.26;11.47;10.50;10.97;27550320;302538656.00
20150921;10.60;12.07;10.50;12.07;27128891;307910464.00
20150922;11.97;12.16;11.58;11.82;26970225;320379136.00
20150923;11.43;12.35;11.25;11.81;22242339;260531232.00
20150924;11.78;12.18;11.50;11.71;15582699;184279824.00
20150925;11.56;11.88;10.60;10.80;15436534;172501824.00
20150928;10.77;11.88;10.70;11.88;18204950;210846080.00
20150929;11.97;12.80;11.82;12.19;35749972;439752416.00
20150930;12.06;12.41;11.71;12.19;19279588;232643200.00
20151008;12.82;13.41;12.56;13.41;30387394;399522816.00
20151009;13.11;13.50;12.88;13.40;26146954;345999040.00
20151012;13.43;14.37;13.43;13.89;25710567;359108640.00
20151013;13.55;14.90;13.51;14.78;24288507;349724000.00
20151019;15.40;16.26;15.11;16.26;34808456;552749504.00
20151020;16.10;16.62;15.85;16.08;27103956;437540992.00
20151021;16.11;17.69;15.42;16.37;37210957;617611456.00
20151022;18.01;18.01;18.00;18.01;10910339;196495184.00
20151023;19.81;19.81;19.81;19.81;1743190;34532592.00
20151026;21.79;21.79;21.79;21.79;2395368;52195068.00
20151027;21.99;23.97;20.91;23.97;66086071;1481795840.00
20151028;23.00;24.99;22.13;22.85;61531831;1447517696.00
20151029;22.51;24.50;22.21;23.30;53867351;1256973824.00
20151030;22.40;22.75;21.00;21.06;51145992;1115927680.00
20151102;19.88;20.78;19.40;19.56;35364350;710097728.00
20151103;19.85;20.44;18.90;20.01;32322273;637513088.00
20151104;20.11;21.77;19.88;20.83;42079173;871890048.00
20151105;20.20;21.20;19.65;20.44;36915640;748798208.00
20151106;20.58;21.45;20.58;20.75;35899762;752674752.00
20160322;19.17;22.80;18.69;21.86;45502367;904599424.00
20160323;20.88;21.86;20.45;20.89;28816425;607949056.00
20160324;20.20;21.67;20.00;20.53;24976128;523256544.00
20160325;20.40;20.89;19.01;19.28;20949757;417096128.00
20160328;19.45;19.85;18.40;18.59;16197895;310038048.00
20160329;18.51;18.52;17.83;17.97;12089545;218565760.00
20160330;18.28;19.25;18.04;19.15;16762002;312371680.00
20160331;19.30;19.30;18.65;18.71;15250045;288619616.00
20160401;18.81;19.28;18.51;18.95;13650062;257939600.00
20160405;19.28;19.32;18.71;19.20;16085861;306994848.00
20160406;19.29;19.42;18.80;18.97;13368414;255303328.00
20160407;19.06;19.65;19.00;19.20;19711908;381592000.00
20160408;18.90;18.90;18.05;18.30;15914051;290733248.00
20160411;18.45;18.67;18.34;18.56;12045378;222998864.00
20160412;18.58;18.89;17.83;18.72;16555167;303600032.00
20160413;18.75;19.10;18.60;18.60;16389054;308248544.00
20160414;18.76;18.80;18.05;18.20;14919548;272911616.00
20160415;18.30;18.37;17.94;18.11;10058831;181981120.00
20160418;18.00;18.38;17.83;18.12;8929976;162453248.00
20160419;18.15;18.30;17.96;18.15;7598233;137841824.00
20160420;18.25;18.32;16.34;16.34;18749013;316878080.00
20160421;16.20;16.26;15.35;15.51;11895966;188876576.00
20160422;15.61;16.55;15.61;16.21;14341306;232253040.00
20160425;16.00;16.17;15.60;15.93;7515402;119400704.00
20160426;15.90;16.40;15.80;16.36;7928691;128121488.00
20160427;16.45;16.58;16.06;16.12;7698616;125230952.00
20160428;16.01;16.66;15.80;16.62;12841605;208941424.00
20160429;8.30;8.75;8.25;8.44;29477712;251193840.00
20160503;8.37;8.75;8.10;8.59;26922171;227358368.00
20160504;8.45;8.70;8.42;8.50;23246240;199114112.00
20160505;8.38;9.24;8.34;8.95;42497018;374587968.00
20160506;8.87;8.99;8.23;8.27;35665917;309234528.00
20160509;8.18;8.19;7.60;7.70;19194189;151124224.00
20160510;7.75;7.93;7.63;7.74;11457433;89125784.00
20160511;7.88;7.88;7.46;7.51;12360462;94511712.00
20160512;7.36;7.39;7.07;7.31;12465797;90642856.00
20160513;7.30;7.46;7.12;7.19;10797922;78855248.00
20160516;7.15;7.38;7.15;7.38;9206225;67058416.00
20160517;7.38;8.12;7.20;8.12;23401450;179552480.00
20160518;8.05;8.35;7.68;7.89;42466976;343278624.00
20160519;7.75;8.10;7.74;7.80;23729795;188057232.00
20160520;7.65;8.07;7.55;7.98;21877541;171766416.00
20160523;8.02;8.10;7.88;7.95;19336023;154070080.00
20160524;7.95;7.95;7.62;7.66;14826770;114849304.00
20160525;7.77;7.87;7.58;7.67;13105471;101470584.00
20160526;7.60;7.68;7.30;7.60;14373491;107589016.00
20160527;7.56;7.59;7.46;7.51;10837821;81547944.00
20160530;7.63;8.16;7.61;7.83;28958226;228756624.00
20160531;7.68;8.29;7.65;8.24;36839923;297507776.00
20160601;8.18;8.35;8.16;8.18;28706685;236697808.00
20160602;8.13;8.57;8.08;8.44;33089983;276601280.00
20160603;8.44;8.60;8.27;8.40;30628459;258081744.00
20160606;8.37;8.88;8.28;8.80;38519147;329585184.00
20160607;8.72;8.80;8.57;8.64;24218206;209984240.00
20160608;8.60;9.09;8.51;8.80;35687086;313913056.00
20160613;8.65;8.65;7.92;7.92;32536408;271899424.00
20160614;7.89;7.98;7.72;7.90;14767293;115967936.00
20160615;7.78;8.31;7.71;8.17;19470550;157839056.00
20160616;8.14;8.28;8.09;8.14;17102153;139799712.00
20160617;8.18;8.62;8.16;8.30;23797056;199615024.00
20160620;8.30;8.30;8.03;8.18;12799161;104534376.00
20160621;8.26;8.35;7.90;7.96;15202226;123651232.00
20160622;7.94;8.15;7.90;8.11;12231318;98345464.00
20160623;8.10;8.14;7.95;8.04;12540675;100820912.00
20160624;8.05;8.13;7.42;7.88;17545438;138429168.00
20160627;7.81;8.14;7.81;8.11;14644703;117888448.00
20160628;8.10;8.54;8.04;8.45;31436195;262684736.00
20160629;8.50;8.53;8.25;8.33;21169181;176909696.00
20160630;8.34;8.38;8.21;8.30;13867595;115085192.00
