20110706;18.00;27.00;17.50;26.90;14375755;287392960.00
20110707;24.21;24.21;24.21;24.21;400900;9705789.00
20110708;21.79;23.41;21.79;21.90;10874451;241842704.00
20110711;21.01;22.21;21.01;21.50;5142312;110797160.00
20110712;21.20;21.40;19.99;20.19;4432717;91491280.00
20110713;20.23;20.95;20.23;20.50;3428328;70539200.00
20110714;20.50;21.93;20.30;21.73;5652187;119816312.00
20110715;21.45;21.65;21.17;21.30;3743709;80002232.00
20110718;21.78;22.58;21.52;21.57;4470039;98759368.00
20110719;21.35;21.35;20.33;20.46;2799429;57718244.00
20110720;20.67;20.77;20.32;20.64;1325596;27286414.00
20110721;20.73;20.80;19.71;19.75;1895186;38152416.00
20110722;19.75;21.49;19.71;20.93;3654061;75929264.00
20110725;20.82;21.99;20.50;20.78;4087597;87251752.00
20110726;20.44;21.75;19.03;21.70;3374103;70099144.00
20110727;21.50;23.87;21.20;23.87;7076127;163165360.00
20110728;23.35;26.00;23.32;23.99;7575682;185788304.00
20110729;23.61;26.39;23.60;26.39;7552331;190436112.00
20110801;26.50;29.03;25.50;28.47;8669128;238055472.00
20110802;27.70;30.30;25.66;27.75;7637826;211366640.00
20110803;27.00;27.60;26.00;26.19;4914950;130917760.00
20110804;25.88;26.68;25.46;26.39;4676860;121642936.00
20110805;25.28;26.80;25.04;25.80;3902119;101266992.00
20110808;25.05;26.38;23.22;25.47;5192850;129494752.00
20110809;24.00;25.02;22.98;24.16;3786930;91077264.00
20110810;24.65;25.45;24.18;24.28;3733292;92568712.00
20110811;23.77;26.71;23.45;26.71;5711164;144741136.00
20110812;27.15;27.67;26.00;26.15;5718253;154155568.00
20110815;26.00;26.80;25.80;26.25;3182555;83647888.00
20110816;25.80;28.44;25.80;27.31;5665193;155315168.00
20110817;26.85;29.83;26.60;29.29;6599354;187130160.00
20110818;28.81;30.30;27.70;27.75;6597047;191250448.00
20110819;26.30;28.75;26.05;28.34;4385027;119916936.00
20110822;28.00;31.17;27.89;31.17;6715475;199083024.00
20110823;31.15;34.29;31.05;34.29;7610195;249607968.00
20110826;32.85;34.29;32.00;33.00;6331962;208789008.00
20110829;32.41;34.08;32.30;32.80;4648326;154566544.00
20110830;32.21;33.98;30.83;31.00;4915326;158189392.00
20110831;30.30;31.20;29.30;30.82;3680681;110884616.00
20110901;30.60;30.90;29.20;29.31;2627707;78957776.00
20110902;29.32;30.30;29.08;29.82;3026947;90334712.00
20110905;29.29;32.55;29.20;32.25;5880735;183258080.00
20110906;31.24;32.10;29.30;29.60;3991168;122312264.00
20110907;29.60;31.34;29.48;30.82;3172748;96700176.00
20110908;30.75;31.50;30.10;30.21;3096551;95018264.00
20110909;29.75;30.60;27.28;27.40;3872124;111211064.00
20110913;26.87;26.87;24.87;25.10;2994695;76701200.00
20110914;25.39;26.47;25.00;26.25;2367480;60604576.00
20110915;26.04;28.28;25.81;27.37;3699336;100651352.00
20110916;27.02;27.42;26.01;26.05;2346761;62366676.00
20110919;26.17;26.17;23.90;23.98;2101231;51558584.00
20110920;23.98;24.80;23.71;24.30;1524423;36852232.00
20110921;24.27;25.22;23.70;24.96;2033962;50081424.00
20110922;24.78;24.78;22.83;22.88;2462424;58475308.00
20110923;22.06;22.70;21.70;22.22;1609718;35659392.00
20110926;22.20;23.90;22.05;22.71;1972753;45312708.00
20110927;23.01;23.40;22.00;23.09;2325829;53410076.00
20110928;23.22;23.22;21.75;21.93;1573050;35357716.00
20110929;21.45;21.45;19.88;20.02;1670881;34554992.00
20110930;19.99;20.57;19.86;20.30;1233773;24935392.00
20111010;20.47;21.46;19.92;20.35;4769553;98951576.00
20111011;20.76;21.50;20.30;20.92;4254040;89191304.00
20111012;20.30;21.89;19.63;21.56;4508138;95152896.00
20111013;21.31;23.15;21.28;22.86;5036704;113403704.00
20111014;22.60;22.99;22.10;22.74;3089369;69644392.00
20111017;22.58;23.59;22.41;23.53;3545111;81507752.00
20111018;22.97;23.30;21.18;21.24;3605323;80125072.00
20111019;21.23;21.86;21.06;21.33;1926457;41323672.00
20111020;21.00;21.80;20.86;20.98;2175562;46266504.00
20111021;20.81;20.98;19.36;19.40;2083146;41383096.00
20111024;19.25;20.80;18.45;20.70;3026653;59917904.00
20111025;20.69;21.19;20.21;20.92;2993399;62025312.00
20111026;20.53;21.38;20.30;20.69;2487810;51715172.00
20111027;20.55;22.16;20.55;21.26;3528773;76039128.00
20111028;21.68;21.90;21.20;21.56;2536869;54565492.00
20111031;21.76;22.60;21.76;22.02;3050141;67528544.00
20111101;21.66;24.22;21.30;24.22;8211625;193510176.00
20111102;23.65;24.96;23.50;24.82;7485687;181639312.00
20111103;24.74;25.30;24.00;24.00;5411963;132544768.00
20111104;23.89;24.50;23.40;23.53;3135782;74765480.00
20111107;23.40;24.49;23.40;23.80;2855472;68854032.00
20111108;24.00;24.20;23.06;23.14;2053158;48255220.00
20111109;23.45;23.85;22.70;23.84;2246597;52429536.00
20111110;23.52;24.53;22.95;23.81;3739651;89165760.00
20111111;23.62;24.58;23.62;24.18;3760953;90822960.00
20111114;24.50;26.51;24.30;25.94;6071268;154720128.00
20111115;25.70;26.10;25.26;25.48;3502371;89547232.00
20111116;25.55;26.40;24.60;24.79;3949127;101223312.00
20111117;24.55;26.08;24.55;25.49;4154389;105801880.00
20111118;25.11;25.96;24.10;24.30;2836734;70873856.00
20111121;23.67;24.20;22.05;22.65;2430870;55460604.00
20111122;22.30;22.92;22.09;22.78;1514104;34118172.00
20111123;22.77;23.59;22.63;23.14;1963242;45511348.00
20111124;23.00;23.59;22.49;23.16;1844571;42779240.00
20111125;22.99;23.58;22.21;22.48;1536558;35256216.00
20111128;22.35;22.80;21.90;22.55;1238963;27674370.00
20111129;22.85;24.00;22.72;23.38;2499911;58802584.00
20111130;23.26;23.55;21.13;22.11;2000653;45035624.00
20111201;23.02;23.49;22.52;23.03;2378133;54849924.00
20111202;22.74;22.98;21.80;22.00;1717463;38207548.00
20111205;21.72;21.90;19.93;19.98;1370305;28378766.00
20111206;19.90;20.45;19.50;20.34;1032940;20879920.00
20111207;20.32;21.45;20.20;21.10;1756557;36727380.00
20111208;20.90;21.59;20.39;20.88;1634438;34318956.00
20111209;20.70;21.30;20.52;20.92;926879;19422782.00
20111212;20.75;21.18;20.35;20.50;800183;16625354.00
20111213;20.35;20.35;19.10;19.35;1293965;25217450.00
20111214;19.25;19.80;19.15;19.19;883584;17204192.00
20111215;19.19;19.44;18.66;18.84;1158616;22098638.00
20111216;18.85;19.38;17.80;19.36;1627608;30402898.00
20111219;19.24;19.65;18.51;19.50;1324812;25403736.00
20111220;19.50;20.32;19.50;19.86;1976760;39456408.00
20111221;20.16;20.16;18.68;18.70;1385049;27110156.00
20111222;18.46;18.89;17.80;18.35;1072955;19538024.00
20111223;18.25;18.85;18.25;18.48;967539;18011964.00
20111226;18.65;18.85;17.90;18.02;643090;11847371.00
20111227;17.90;18.09;16.90;16.91;1164339;20177820.00
20111228;16.71;17.15;15.61;16.53;927213;15205140.00
20111229;16.50;16.68;16.00;16.05;764180;12454457.00
20111230;16.22;16.49;16.01;16.32;751611;12239524.00
20120104;16.45;16.78;15.50;15.51;866092;14142785.00
20120105;15.51;15.57;13.96;13.97;1301631;18887006.00
20120106;13.95;14.29;13.32;14.20;1373536;18918312.00
20120109;14.20;14.96;13.85;14.88;1503754;21802138.00
20120110;14.87;15.72;14.67;15.50;1527108;23345360.00
20120111;15.47;16.70;15.32;15.93;1994546;31876216.00
20120112;15.63;15.99;15.41;15.61;1463392;23002064.00
20120113;15.61;15.68;14.20;14.21;1397389;20632050.00
20120116;13.89;14.18;13.38;13.38;773027;10587065.00
20120117;13.37;14.40;13.37;14.36;1177192;16456263.00
20120118;14.37;14.97;13.65;13.85;1164189;16714742.00
20120119;13.70;15.07;13.70;14.95;2099199;30773142.00
20120120;14.64;14.92;14.51;14.85;1316300;19435952.00
20120130;14.90;15.40;14.55;14.95;1188141;17834234.00
20120131;14.86;14.97;14.47;14.79;718889;10574986.00
20120201;14.79;15.30;14.53;14.90;1152644;17218332.00
20120202;14.90;15.25;14.80;15.25;1069656;16137381.00
20120203;15.34;15.87;15.10;15.63;1892078;29473532.00
20120206;15.63;15.71;15.28;15.62;1361256;21090564.00
20120207;15.63;15.64;14.91;15.15;1264244;19307066.00
20120208;15.27;15.55;14.93;15.55;1270848;19491490.00
20120209;15.51;16.35;15.44;15.98;2387377;38182976.00
20120213;15.71;16.46;15.59;16.27;2265918;36534732.00
20120214;16.26;16.98;16.12;16.52;2189406;36378780.00
20120215;16.41;16.87;16.18;16.80;1811931;29960156.00
20120216;16.80;16.83;16.21;16.67;1459194;24166670.00
20120217;16.66;16.69;16.25;16.53;1148682;18916624.00
20120220;16.70;16.89;16.49;16.53;1483644;24812712.00
20120221;16.49;16.81;16.25;16.81;1645482;27318344.00
20120222;16.81;17.37;16.75;17.30;2408882;41230496.00
20120223;17.25;17.65;17.04;17.25;2234813;38825416.00
20120224;17.25;18.80;17.13;18.39;3382457;60426272.00
20120227;18.17;18.95;17.90;18.09;3304771;60754808.00
20120228;18.00;18.45;17.56;17.77;2016659;36200564.00
20120229;17.76;17.92;17.12;17.20;1318475;23130898.00
20120301;17.19;17.67;17.00;17.28;877155;15214327.00
20120302;17.23;17.74;17.23;17.69;932500;16344876.00
20120305;17.70;18.13;17.55;17.73;1140833;20314402.00
20120306;17.60;17.72;17.19;17.39;1033485;17930654.00
20120307;17.01;17.46;17.01;17.04;1080552;18614884.00
20120308;17.15;17.37;17.05;17.28;967528;16672518.00
20120309;19.01;19.01;19.01;19.01;1319516;25084000.00
20120312;20.34;20.91;20.00;20.91;4872620;99552328.00
20120314;22.38;23.00;22.02;23.00;6746643;154351120.00
20120315;23.15;24.60;23.15;23.54;8850533;210997824.00
20120316;23.21;25.76;22.80;25.12;7461663;180057888.00
20120319;24.90;24.90;23.90;24.50;4329366;105006880.00
20120320;24.32;25.12;24.07;24.15;4362729;107338344.00
20120321;23.82;24.05;22.89;24.00;4230249;99336120.00
20120322;23.70;25.56;23.65;24.23;6258844;154461808.00
20120323;23.81;25.10;21.87;22.15;5809524;135852544.00
20120326;22.13;22.50;21.69;22.08;2969172;65544700.00
20120327;22.15;22.85;21.90;22.27;2704553;60446180.00
20120328;22.06;22.07;20.95;21.45;2883954;61939304.00
20120329;21.22;21.73;20.68;21.39;2313264;49215612.00
20120330;21.38;21.45;19.30;19.51;3016972;60512728.00
20120405;19.57;20.70;19.03;20.55;2597906;52056084.00
20120406;20.30;21.39;20.04;20.97;2677112;55254072.00
20120409;20.68;21.21;20.49;20.83;1909771;39750108.00
20120410;20.70;21.80;20.60;21.73;2931691;62309100.00
20120411;21.26;23.55;21.10;22.84;4390808;98919656.00
20120413;23.20;23.76;22.41;23.38;3031372;69989656.00
20120416;25.43;25.43;24.00;24.31;5563179;136371200.00
20120417;25.18;26.74;25.18;26.74;5667921;150525120.00
20120418;28.50;29.41;27.69;29.41;9617320;277182368.00
20120419;30.51;32.35;30.31;32.35;4275728;134686000.00
20120420;35.58;35.59;34.50;35.59;3817076;135351552.00
20120423;39.15;39.15;39.15;39.15;479976;18791060.00
20120424;40.78;43.07;39.55;43.07;9893583;416116448.00
20120425;43.98;46.95;43.01;43.61;7446955;335173120.00
20120426;43.65;44.05;39.25;39.25;4779221;195081760.00
20120427;18.02;19.00;17.69;18.20;16548924;302326048.00
20120503;18.71;20.02;18.10;20.02;12980943;246392400.00
20120504;20.98;22.02;20.62;22.02;16634253;360395136.00
20120514;22.40;23.98;19.98;20.28;19780755;438324672.00
20120515;19.66;19.82;18.50;18.93;10544345;202532016.00
20120516;19.01;19.57;18.81;18.91;7211437;138009680.00
20120517;18.41;19.67;18.30;18.87;8014707;151683904.00
20120518;18.40;19.15;18.04;18.28;7419614;137005216.00
20120521;18.58;19.14;18.18;18.41;5993229;111932768.00
20120522;18.40;18.80;17.90;18.52;6041125;111538352.00
20120523;18.31;18.55;17.92;18.22;5610799;102194664.00
20120524;18.25;18.50;17.32;17.61;5797487;103734704.00
20120525;17.70;17.83;16.61;16.92;6207041;105719144.00
20120528;17.10;17.66;16.80;17.30;6517262;112287224.00
20120529;17.30;17.65;16.87;17.38;6625314;114115464.00
20120530;17.15;17.98;17.08;17.50;7767158;136707040.00
20120531;17.45;17.45;16.86;17.21;4682626;80132360.00
20120601;17.09;18.10;16.98;17.42;8845562;156177520.00
20120604;16.93;16.93;15.88;16.02;7287995;118312832.00
20120605;15.91;16.20;15.60;15.93;4074254;64732852.00
20120606;16.00;16.00;15.45;15.55;3420997;53621564.00
20120607;15.75;16.09;15.55;15.65;3744117;59168624.00
20120608;15.65;15.85;15.21;15.36;3637713;56539172.00
20120611;15.36;15.68;15.05;15.50;3435805;52968732.00
20120612;15.32;16.43;15.23;15.68;7785031;123703632.00
20120613;15.50;15.86;15.50;15.80;4728934;74374872.00
20120614;15.84;16.41;15.70;16.07;7179544;115070952.00
20120615;16.05;16.11;15.06;15.38;6318804;98493664.00
20120618;15.50;15.66;15.32;15.47;3338088;51695400.00
20120619;15.40;17.02;15.33;17.02;8995317;148342192.00
20120620;17.70;18.72;17.50;18.72;18957404;345604864.00
20120621;18.20;18.48;17.50;17.70;9524449;170427392.00
20120625;17.46;17.70;16.80;16.93;5740227;97888384.00
20120626;16.81;18.62;16.80;18.62;13455925;245661792.00
20120627;19.00;20.39;18.80;19.76;15339298;301278656.00
20120628;19.50;19.88;18.37;18.43;10005441;189439808.00
20120629;17.95;18.77;17.61;18.68;7701361;139790464.00
20120702;18.78;20.13;18.20;19.16;9650431;185794432.00
20120703;18.78;19.47;18.51;18.97;7205862;135946656.00
20120704;18.65;18.82;17.80;18.08;7346007;133531240.00
20120705;17.78;18.35;17.13;18.09;6009323;107162824.00
20120706;18.09;18.29;17.59;18.22;5201364;93392064.00
20120709;18.22;18.22;16.40;16.40;9754061;166767792.00
20120710;15.48;15.50;14.76;14.76;10159562;151775216.00
20120711;14.40;15.38;14.03;15.01;8302687;124011720.00
20120712;14.73;15.00;14.44;14.85;7588082;111768944.00
20120713;14.70;15.25;14.53;14.79;6025752;89860680.00
20120716;14.79;14.80;13.31;13.31;10469583;142252720.00
20120717;13.30;13.70;13.11;13.59;6189040;83702168.00
20120718;13.46;13.66;13.15;13.53;5105290;68369064.00
20120719;13.40;14.88;13.33;14.23;11369612;163824656.00
20120720;13.80;14.55;13.78;14.03;6723088;95388464.00
20120723;13.91;13.92;13.38;13.58;4514695;61410092.00
20120724;13.55;14.38;13.42;13.99;6864228;96568248.00
20120725;13.88;14.13;13.62;13.87;5178911;71490072.00
20120726;13.87;14.08;13.45;13.45;4943720;67824408.00
20120727;13.50;14.02;13.50;13.65;4198305;57632168.00
20120730;13.65;13.79;12.88;12.97;4990462;65976336.00
20120731;12.85;13.10;12.30;12.42;4224885;53039096.00
20120801;12.50;12.97;12.39;12.69;3444216;43716656.00
20120802;12.68;12.97;12.52;12.83;3873940;49426064.00
20120803;13.08;13.50;12.80;13.25;6129599;80092256.00
20120806;13.01;14.20;12.92;13.82;8182114;110399640.00
20120807;13.69;13.95;13.61;13.74;5510017;75912680.00
20120808;13.75;13.96;13.58;13.74;3899124;53554172.00
20120809;13.82;14.31;13.79;14.14;8124042;114124992.00
20120810;14.00;14.30;13.89;14.14;5726978;80670640.00
20120813;14.06;14.06;13.33;13.43;4257179;58228628.00
20120814;13.35;13.49;12.68;13.22;3816354;49971148.00
20120815;13.11;13.18;12.90;12.93;2703133;35162204.00
20120816;12.96;13.10;12.72;12.93;2231628;28860272.00
20120817;12.92;13.04;12.75;13.04;2058092;26622224.00
20120820;12.94;13.06;12.71;13.02;2220048;28585606.00
20120821;12.99;13.64;12.91;13.42;4667815;62663504.00
20120822;13.30;13.65;13.21;13.31;3750132;50412660.00
20120823;13.02;13.65;13.02;13.58;5340797;71931176.00
20120824;13.47;13.86;13.00;13.00;4307320;57928200.00
20120827;12.69;12.99;12.35;12.75;2888390;36725064.00
20120828;12.80;14.03;12.68;13.58;11697034;160489536.00
20120829;13.80;13.80;13.03;13.05;7400358;99109056.00
20120830;12.70;13.15;11.78;12.25;7284273;91235256.00
20120831;12.12;12.39;11.83;12.16;3329777;40281620.00
20120903;12.07;12.90;11.96;12.48;5066018;63159096.00
20120904;12.42;12.68;12.26;12.28;3903765;48574992.00
20120905;12.07;12.60;12.07;12.39;2983283;36941312.00
20120906;12.41;12.54;12.25;12.45;3365085;41714920.00
20120907;12.66;13.27;12.56;13.01;7367946;95191752.00
20120910;13.00;13.46;12.88;13.34;6744536;89328216.00
20120911;13.24;13.30;13.10;13.23;3879824;51154692.00
20120912;13.30;13.39;13.00;13.17;4208981;55345900.00
20120913;13.19;13.42;13.04;13.04;4211233;55696212.00
20120914;13.08;13.22;12.70;12.86;3822885;49449356.00
20120917;12.93;12.93;12.40;12.45;2817273;35682268.00
20120918;12.45;12.53;12.25;12.38;1845133;22842468.00
20120919;12.42;12.56;12.30;12.45;2043683;25366930.00
20120920;12.49;12.49;11.61;11.64;3902035;46782624.00
20120921;11.57;11.57;11.11;11.16;3411054;38503804.00
20120924;11.05;11.70;10.80;11.51;3404980;38177668.00
20120925;11.28;11.53;11.24;11.26;2172716;24720294.00
20120926;11.25;11.58;10.95;11.00;1879063;21075034.00
20120927;11.00;11.39;11.00;11.30;2579425;29002376.00
20120928;11.27;11.44;11.16;11.40;2341286;26518732.00
20121008;11.44;11.69;11.38;11.53;3265131;37702208.00
20121009;12.01;12.68;11.89;12.62;10631191;132802584.00
20121010;12.30;12.48;12.04;12.39;7286628;89501496.00
20121011;12.16;12.78;12.12;12.25;6471852;80971664.00
20121012;12.25;12.45;11.72;12.01;4613459;55425000.00
20121015;12.20;12.60;11.93;12.44;5357464;65947732.00
20121016;12.40;12.85;12.21;12.58;5842106;73473040.00
20121017;12.43;12.75;12.37;12.44;3787517;47452860.00
20121018;12.41;12.78;12.41;12.61;4482813;56505588.00
20121019;12.65;12.87;12.47;12.57;3176295;40130384.00
20121022;12.57;12.71;12.40;12.66;2767406;34861844.00
20121023;12.64;12.78;12.07;12.10;5015788;61825532.00
20121024;12.03;12.24;11.81;11.91;2655861;31904392.00
20121025;11.92;12.03;11.63;11.63;2585936;30580242.00
20121026;11.64;11.85;11.42;11.50;1854830;21443848.00
20121029;11.48;11.63;11.31;11.51;1402540;16085846.00
20121030;11.48;11.72;11.48;11.58;1478889;17182954.00
20121031;11.59;11.65;11.25;11.45;1904908;21668718.00
20121101;11.36;11.82;11.36;11.69;2288744;26663188.00
20121102;11.70;11.78;11.55;11.68;1585534;18459766.00
20121105;11.68;11.97;11.63;11.86;2548808;30166306.00
20121106;11.95;11.95;11.40;11.51;2292039;26471110.00
20121107;11.45;11.56;11.41;11.47;1093309;12540402.00
20121108;11.33;11.45;10.90;10.93;3013600;33567464.00
20121109;10.85;11.09;10.76;10.79;1572976;17152166.00
20121112;10.88;10.95;10.75;10.84;1186942;12878815.00
20121113;10.87;10.88;10.50;10.55;1653688;17566572.00
20121114;10.62;11.15;10.53;10.87;3059422;33379822.00
20121115;10.75;10.80;10.35;10.38;2273884;24068074.00
20121116;10.41;10.45;9.78;10.02;2476813;24817930.00
20121119;9.93;10.18;9.91;10.04;1367020;13707653.00
20121120;10.10;10.25;10.02;10.03;1537198;15538547.00
20121121;10.10;10.20;9.93;10.18;1715140;17276870.00
20121122;10.13;10.65;10.08;10.33;3117278;32508914.00
20121123;10.26;10.34;10.18;10.20;1762427;18046324.00
20121126;10.15;10.32;9.95;9.98;982046;9937267.00
20121127;9.88;10.01;9.42;9.47;1973964;19041470.00
20121128;9.40;9.46;9.00;9.06;1772941;16183826.00
20121129;9.05;9.16;8.82;8.83;1317528;11906237.00
20121130;8.84;9.02;8.77;8.94;1632968;14589306.00
20121203;9.00;9.05;8.15;8.26;1893363;16345631.00
20121204;8.21;8.59;8.21;8.52;1971988;16526251.00
20121205;8.54;9.15;8.41;8.89;3272831;29044858.00
20121206;8.88;9.04;8.78;9.00;2762339;24690012.00
20121207;9.00;9.90;8.82;9.54;6737950;64072464.00
20121210;9.45;9.79;9.28;9.63;5027986;47883448.00
20121211;9.64;9.64;9.38;9.51;3565112;33854508.00
20121212;9.46;9.54;9.26;9.46;2615511;24597796.00
20121213;9.40;9.74;9.31;9.34;3440324;32905540.00
20121214;9.31;9.81;9.20;9.75;5251736;50685624.00
20121217;9.76;10.14;9.64;9.80;4586153;45171004.00
20121218;9.69;10.78;9.69;10.78;8584812;89724312.00
20121219;11.07;11.75;11.00;11.35;16523123;188515312.00
20121220;11.04;11.35;10.85;11.25;8984571;99414880.00
20121221;11.23;11.27;10.95;11.01;7128708;79130352.00
20121224;11.13;11.75;10.82;11.68;9670029;109378696.00
20121225;11.50;11.87;11.32;11.58;8355416;96888544.00
20121226;11.60;11.90;11.51;11.73;6409562;74891280.00
20121227;11.58;11.80;11.17;11.17;6719636;76478656.00
20121228;11.05;11.39;11.05;11.23;3610524;40555176.00
20121231;11.23;11.36;11.10;11.12;3569997;40057632.00
20130104;11.30;11.50;11.05;11.29;4361232;49088804.00
20130107;12.42;12.42;12.42;12.42;3661419;45474824.00
20130108;13.66;13.66;13.66;13.66;2409537;32914276.00
20130109;14.74;14.74;12.80;13.11;18938232;257545008.00
20130110;12.80;14.36;12.70;14.04;15599684;210745024.00
20130111;13.70;14.50;13.30;13.43;15296579;212923312.00
20130114;13.72;14.40;13.69;13.89;11404789;159295296.00
20130115;13.71;14.48;13.58;13.92;11174704;157197008.00
20130116;13.65;13.88;13.05;13.45;8359575;112292888.00
20130117;13.31;13.49;12.85;12.85;5079401;66528588.00
20130118;12.95;13.28;12.81;13.11;3944056;51545204.00
20130121;13.10;13.45;13.01;13.34;4203043;55769136.00
20130122;13.30;13.33;12.58;12.84;4293182;55559888.00
20130123;12.79;13.18;12.70;13.15;3783788;49216732.00
20130124;13.16;14.36;13.16;13.69;11693388;160667312.00
20130125;13.90;14.30;13.38;14.20;12690304;177703600.00
20130128;14.00;15.61;13.60;15.14;14555238;216379552.00
20130129;15.10;15.54;14.68;14.99;10838033;163287392.00
20130130;15.16;15.85;14.96;15.28;12873616;198603184.00
20130131;15.03;15.53;14.40;14.41;10142914;150091600.00
20130201;14.12;14.64;14.10;14.36;5180975;74478600.00
20130204;14.36;14.48;13.80;13.86;4768910;66734212.00
20130205;13.80;14.43;13.60;14.37;4584069;65037728.00
20130206;14.32;14.56;14.20;14.26;3190889;45856024.00
20130207;14.24;14.97;14.23;14.49;4481231;65431372.00
20130208;14.30;14.75;14.30;14.46;3259538;47242268.00
20130218;14.47;14.95;14.40;14.72;3687503;54270480.00
20130219;14.71;14.82;14.18;14.26;4979376;72436152.00
20130220;14.15;14.67;14.15;14.61;3878454;56059808.00
20130221;14.45;14.93;14.31;14.52;5636701;82435168.00
20130222;14.51;14.70;13.80;13.82;5720376;80884584.00
20130225;13.82;14.20;13.78;13.82;3261371;45484384.00
20130226;13.75;14.30;13.72;13.87;4757404;66647392.00
20130227;13.81;14.13;13.50;13.59;3580474;49230252.00
20130228;13.63;13.96;13.51;13.92;3177906;43690972.00
20130301;13.92;14.19;13.90;14.15;4092972;57766172.00
20130304;14.15;14.29;13.60;13.68;4578613;63819320.00
20130305;13.65;14.20;13.63;14.07;4269565;59862472.00
20130306;14.03;14.50;14.00;14.38;5864918;83916512.00
20130307;14.40;14.55;14.00;14.09;3899467;55298600.00
20130308;14.05;14.18;13.61;13.69;3142689;43471020.00
20130311;13.60;13.74;13.30;13.45;2352316;31656818.00
20130312;13.32;13.66;12.75;13.01;3399907;44824044.00
20130313;13.06;13.08;12.45;12.67;2300736;29105224.00
20130314;12.56;12.85;12.56;12.69;1560940;19862086.00
20130315;12.79;12.97;12.28;12.74;2558604;32500586.00
20130318;12.60;12.94;12.53;12.62;1668478;21224270.00
20130319;12.50;12.75;12.15;12.40;1656844;20544284.00
20130320;12.40;12.88;12.40;12.86;2348181;29800498.00
20130321;12.88;13.09;12.86;13.01;2656699;34558732.00
20130322;13.00;13.08;12.80;12.91;1572190;20339634.00
20130325;13.00;13.54;12.78;13.31;3894948;51391444.00
20130326;13.20;13.21;12.80;12.90;2374786;30767344.00
20130327;13.06;13.46;13.06;13.18;3506072;46509948.00
20130328;13.05;13.06;12.40;12.51;2613204;33243780.00
20130329;12.50;12.75;12.42;12.50;1278564;16078563.00
20130401;13.05;13.46;12.85;12.99;3228923;42209496.00
20130402;13.00;13.12;12.55;12.56;2322593;29664300.00
20130403;12.73;13.40;12.60;13.22;6066823;79630856.00
20130408;13.80;14.46;13.80;14.31;11291272;159901728.00
20130409;14.00;14.68;13.81;14.29;9110103;129454896.00
20130410;14.34;14.50;14.00;14.30;5238811;74726920.00
20130411;14.25;14.41;14.01;14.13;4053419;57405600.00
20130412;14.05;14.17;13.50;13.52;3726761;51389552.00
20130415;13.53;13.95;13.51;13.62;2311119;31645538.00
20130416;13.44;13.44;12.71;13.20;2900122;37790140.00
20130417;13.27;13.71;13.14;13.71;3164263;42550952.00
20130418;13.49;14.00;13.41;13.93;3986518;55200372.00
20130419;14.00;14.28;13.93;14.07;4198223;59198584.00
20130422;14.25;14.38;14.03;14.12;3471004;49195036.00
20130423;14.11;14.11;13.18;13.38;4330731;58799456.00
20130424;13.38;13.93;13.38;13.83;3045977;41798308.00
20130425;13.78;14.30;13.76;14.00;5442937;76787280.00
20130426;14.00;14.29;13.57;13.67;4469890;62431312.00
20130502;13.68;13.88;12.90;13.86;3434324;45838096.00
20130503;13.68;14.24;13.65;14.12;4729531;66747548.00
20130506;14.27;15.13;14.27;14.86;9757095;143852528.00
20130507;14.76;15.18;14.61;14.91;6528567;96924384.00
20130508;14.98;15.17;14.75;15.09;6570807;98570840.00
20130509;15.12;15.15;14.67;14.87;5757195;85709832.00
20130510;14.87;15.05;14.51;14.90;4518196;66936584.00
20130513;14.93;15.49;14.68;15.34;6608256;100061440.00
20130514;15.27;15.49;14.78;14.83;4513420;67876536.00
20130515;14.81;15.41;14.81;15.35;5552547;84487696.00
20130516;15.30;15.45;14.96;15.14;5675751;86330416.00
20130517;15.14;15.66;15.11;15.35;6664090;102919632.00
20130520;11.75;12.17;11.30;12.08;10388747;121678720.00
20130521;11.98;12.24;11.87;12.10;7813802;94275664.00
20130522;12.09;12.20;11.51;11.65;7754935;92023376.00
20130523;11.39;11.44;11.03;11.20;9469499;106394336.00
20130524;11.21;11.34;11.11;11.32;4953921;55685500.00
20130527;11.29;11.31;11.10;11.25;5184510;58063680.00
20130528;11.19;11.48;11.18;11.31;5348952;60694552.00
20130529;11.31;11.47;11.25;11.38;4083593;46299724.00
20130530;11.36;11.67;11.13;11.62;6582116;75696072.00
20130531;11.61;11.95;11.54;11.82;7186538;84516128.00
20130603;11.60;11.78;11.29;11.78;7736559;88827768.00
20130604;11.88;11.94;11.11;11.16;6942474;79262528.00
20130605;11.11;11.34;11.01;11.17;3507207;39144420.00
20130606;11.12;11.12;10.05;10.05;12081825;124893704.00
20130607;9.85;9.95;9.56;9.89;6260582;61244192.00
20130613;9.72;9.72;8.90;9.27;4150818;38250752.00
20130614;9.31;9.50;9.28;9.44;3017898;28465960.00
20130617;9.45;9.69;9.45;9.56;3244186;31094812.00
20130618;9.57;9.67;9.22;9.44;2925032;27451844.00
20130619;9.39;9.47;9.24;9.41;1852316;17330812.00
20130620;9.28;9.58;9.10;9.12;3056397;28677362.00
20130621;9.00;9.11;8.55;8.85;2522691;22290076.00
20130624;8.96;9.08;8.12;8.54;3909126;34065812.00
20130625;8.36;8.66;7.80;8.30;5504552;45371296.00
20130626;8.34;8.59;8.28;8.55;3790506;32121652.00
20130627;8.38;9.41;8.35;8.85;7837487;70507560.00
20130628;8.60;8.74;7.97;8.42;4873404;41209104.00
20130701;8.30;8.67;8.20;8.65;2727295;23251748.00
20130702;8.64;9.17;8.62;9.10;4575280;40611120.00
20130703;9.07;9.40;8.93;9.39;5828400;53447872.00
20130704;9.30;9.65;9.19;9.30;5462523;51564068.00
20130705;9.14;9.36;8.95;8.95;3556536;32626972.00
20130708;9.20;9.85;9.20;9.85;14257749;137321616.00
20130709;9.68;10.76;9.55;10.45;17164350;174715744.00
20130710;10.38;10.82;10.00;10.59;10997042;114425272.00
20130711;10.50;10.65;10.40;10.48;9384058;98645472.00
20130712;10.37;10.78;10.37;10.46;7796491;82511424.00
20130715;10.46;10.75;10.12;10.59;7428055;77621712.00
20130716;10.51;11.00;10.46;10.91;8657335;92798272.00
20130717;10.81;11.08;10.36;10.38;7736637;82730528.00
20130718;10.26;10.39;10.11;10.19;4761588;48779748.00
20130719;10.17;10.55;10.17;10.18;5142557;53264284.00
20130722;10.09;10.44;9.95;10.41;4519472;46462756.00
20130723;10.43;10.70;10.41;10.65;5600368;59309788.00
20130724;10.60;11.08;10.45;11.03;10142206;110726744.00
20130725;10.98;11.22;10.55;10.56;8663487;94303032.00
20130726;10.41;10.65;10.24;10.58;3877004;40534252.00
20130729;10.56;11.06;10.56;10.79;5291510;57096172.00
20130730;10.79;10.95;10.21;10.48;3850416;40429756.00
20130731;10.41;10.60;10.24;10.33;3306499;34500476.00
20130801;10.71;11.16;10.65;11.02;8891176;97108744.00
20130802;11.11;11.90;10.81;11.41;11948736;136140448.00
20130805;11.45;12.14;11.22;11.94;11318929;133098272.00
20130806;11.77;12.00;11.68;11.76;7156761;84590112.00
20130807;11.76;11.92;11.43;11.66;6803623;79127296.00
20130808;11.61;11.88;11.43;11.72;5570319;65341848.00
20130809;11.72;11.88;11.30;11.50;5576086;64406428.00
20130812;11.45;11.65;11.08;11.34;6022883;68117256.00
20130813;11.45;11.54;11.28;11.45;4312094;49293180.00
20130814;11.46;11.60;11.38;11.51;3494603;40086984.00
20130815;11.50;11.51;11.13;11.18;3456391;38967820.00
20130816;11.10;11.19;10.51;10.53;5390402;58715324.00
20130819;10.52;10.86;10.49;10.84;2510018;26950766.00
20130820;10.86;11.11;10.81;10.96;2587771;28465156.00
20130821;10.96;11.11;10.80;10.98;2255090;24707294.00
20130822;10.95;11.40;10.94;11.15;3672368;41202104.00
20130823;11.26;11.26;10.63;10.90;3843301;42172828.00
20130826;10.99;11.10;10.81;10.99;2877690;31450930.00
20130827;10.96;11.06;10.83;10.98;2784451;30340590.00
20130828;10.90;11.04;10.71;10.71;2761316;30066064.00
20130829;10.70;10.97;10.63;10.94;3436668;37209264.00
20130830;10.80;10.97;10.25;10.37;3938210;41910232.00
20130902;10.34;10.60;10.30;10.57;1998529;20998218.00
20130903;10.53;10.70;10.53;10.69;1963050;20862554.00
20130904;10.70;10.72;10.49;10.56;1903519;20139388.00
20130905;10.67;11.62;10.65;11.34;8468696;95552520.00
20130906;11.28;11.48;11.06;11.24;4809920;53856380.00
20130909;11.25;11.34;11.05;11.27;4249043;47529084.00
20130910;11.26;11.27;10.92;11.04;4292926;47519840.00
20130911;11.00;11.10;10.65;10.69;3677442;39548440.00
20130912;10.65;10.87;10.63;10.74;2452502;26331926.00
20130913;10.78;10.83;10.61;10.77;1719215;18425996.00
20130916;10.74;11.00;10.70;10.84;2757703;30098128.00
20130917;10.76;11.10;10.74;10.88;3535143;38759588.00
20130918;10.98;11.06;10.65;10.87;2390883;25801624.00
20130923;10.87;11.20;10.73;11.19;4348168;48067336.00
20130924;11.24;11.24;11.04;11.11;3358182;37326500.00
20130925;11.11;11.37;10.94;11.28;6051846;67733184.00
20130926;11.29;11.45;11.08;11.30;5723572;64622840.00
20130927;11.34;11.76;11.30;11.52;7098672;82175216.00
20130930;11.54;11.85;11.41;11.81;5990587;70135800.00
20131008;11.74;11.95;11.40;11.72;6181270;71948464.00
20131009;11.73;11.88;11.52;11.69;6552378;76670720.00
20131010;11.67;11.68;11.14;11.20;7296558;82777536.00
20131011;11.26;11.33;11.06;11.25;3739639;41980188.00
20131014;11.23;11.38;11.07;11.37;4274670;48185804.00
20131015;11.45;12.51;11.40;12.51;16292319;197887104.00
20131016;12.70;13.36;12.60;12.90;27542012;357880832.00
20131017;12.95;13.90;12.60;12.62;15738068;207818768.00
20131018;12.30;13.58;12.22;13.50;15517180;200024288.00
20131021;13.30;14.12;13.23;13.43;14125380;192705872.00
20131022;13.42;13.86;12.78;12.88;12259090;163037840.00
20131023;12.76;13.49;12.51;13.31;10918029;142564720.00
20131024;13.35;13.48;12.60;12.78;7072724;91502704.00
20131025;12.78;12.93;12.12;12.34;7170444;89078312.00
20131028;12.30;12.68;12.20;12.61;4523876;56382956.00
20131029;12.54;12.68;11.35;11.35;10073167;117889464.00
20131030;11.30;11.50;10.80;11.48;6147982;68697672.00
20131031;11.42;11.42;11.01;11.03;3748944;41847556.00
20131101;11.01;11.17;10.81;11.02;3393345;37173956.00
20131104;11.18;11.34;10.93;11.08;3114543;34660956.00
20131105;11.02;11.24;10.81;11.24;3648436;40406436.00
20131106;11.15;11.35;10.98;11.00;4105634;45924928.00
20131107;10.90;10.91;10.25;10.28;6339604;66735860.00
20131108;10.30;10.43;10.05;10.15;2700328;27686250.00
20131111;10.13;10.42;10.08;10.36;1828411;18803746.00
20131112;10.38;10.56;10.30;10.51;2573347;26922086.00
20131113;10.49;10.50;10.06;10.07;3044466;31158090.00
20131114;10.02;10.34;9.93;10.27;2894636;29418990.00
20131115;10.24;10.62;10.21;10.42;4364410;45722840.00
20131118;10.46;10.79;10.46;10.79;4299960;45957644.00
20131119;10.87;11.10;10.79;11.04;4735648;51793156.00
20131120;11.11;11.15;10.85;11.13;4593098;50456216.00
20131121;11.00;11.03;10.87;10.93;3288271;35932956.00
20131122;10.91;11.10;10.77;10.79;2900232;31605256.00
20131125;10.82;11.04;10.75;10.89;2596178;28421294.00
20131126;10.99;11.28;10.87;11.23;5006236;55723444.00
20131127;11.24;11.35;11.08;11.25;3617188;40560156.00
20131128;11.21;11.53;11.21;11.31;3835851;43773668.00
20131129;11.33;12.22;11.33;11.75;6612318;77941800.00
20131202;11.35;11.35;10.58;10.58;7191991;78382568.00
20131203;10.30;10.54;9.91;10.47;5478476;55937208.00
20131204;10.47;10.72;10.36;10.38;3700945;39218748.00
20131205;10.28;10.50;10.18;10.36;3221230;33286444.00
20131206;10.36;10.42;10.19;10.37;1988329;20507682.00
20131209;10.43;10.68;10.40;10.63;2774474;29266820.00
20131210;10.78;10.96;10.61;10.70;3087499;33257242.00
20131211;10.67;10.75;10.47;10.56;2286002;24255568.00
20131212;10.67;10.93;10.55;10.87;3693981;39907412.00
20131213;10.82;10.82;9.78;10.73;2981534;31849264.00
20131216;10.70;10.79;10.30;10.35;2930373;30859690.00
20131217;10.28;10.64;10.28;10.46;1791592;18711894.00
20131218;10.46;11.05;10.28;10.83;5188971;55570808.00
20131219;10.77;11.04;10.61;10.65;4753015;51739020.00
20131220;10.63;11.06;10.57;11.05;5956571;64682392.00
20131223;10.99;11.68;10.89;11.32;10608210;120192216.00
20131224;11.10;11.27;10.90;11.18;5690842;63190712.00
20131225;11.21;11.22;10.90;11.20;4367049;48363412.00
20131226;11.20;11.20;10.60;10.60;3960354;43343588.00
20131227;10.60;10.87;10.42;10.78;3429012;36639676.00
20131230;10.88;11.37;10.80;11.28;5652157;63039740.00
20131231;11.19;11.50;11.10;11.44;5663156;64346248.00
20140102;11.42;11.69;11.31;11.56;6056664;69719656.00
20140103;11.56;11.78;11.36;11.66;6872918;79516576.00
20140106;11.59;12.12;11.26;11.30;10222092;120283960.00
20140107;11.19;11.93;11.01;11.89;7660821;88682048.00
20140108;11.88;12.22;11.70;12.05;9856943;118202856.00
20140109;12.28;12.51;11.85;11.87;11311300;138035440.00
20140110;11.73;11.93;11.35;11.40;6295934;73014296.00
20140113;11.40;11.79;11.39;11.75;4377207;50832768.00
20140114;11.70;12.06;11.64;12.03;5680070;67736648.00
20140115;11.96;12.19;11.85;11.98;5337576;63884904.00
20140116;11.99;12.15;11.61;11.66;5816922;69073656.00
20140117;11.65;12.83;11.51;12.44;17575203;218356432.00
20140120;12.36;12.77;12.18;12.55;12289294;153269872.00
20140121;12.46;12.67;12.33;12.65;7363505;92143184.00
20140122;12.63;12.88;12.39;12.67;8084002;101848312.00
20140123;12.68;12.77;12.50;12.61;8062355;101974496.00
20140124;12.35;12.83;12.35;12.75;8226257;103858736.00
20140127;12.64;13.04;12.48;12.60;6744951;86384120.00
20140128;12.56;12.79;12.38;12.45;5018175;62793732.00
20140129;12.41;12.74;12.40;12.74;5165556;65125392.00
20140130;12.59;12.75;12.37;12.38;4975817;62439648.00
20140207;12.10;12.58;12.10;12.54;4884841;60721604.00
20140210;12.50;13.18;12.50;12.88;7920850;102397720.00
20140211;12.92;13.22;12.65;13.05;7206565;93527968.00
20140212;12.98;13.22;12.89;13.13;5459064;71204160.00
20140213;13.08;13.40;12.61;12.63;7464146;97448792.00
20140214;12.40;13.00;12.40;13.00;5829175;74271544.00
20140217;13.10;13.27;12.90;13.21;5972895;78436512.00
20140218;13.16;13.19;12.90;12.97;5686732;73938888.00
20140219;12.95;13.14;12.81;12.92;4604862;59740372.00
20140220;12.90;12.98;12.02;12.09;7901227;98136312.00
20140221;12.20;12.30;11.83;12.11;4758136;57497336.00
20140224;12.07;12.49;12.03;12.49;4294462;52792888.00
20140225;12.52;12.59;11.52;11.69;5957265;72462600.00
20140226;11.60;11.70;11.05;11.52;3402112;38711080.00
20140227;11.52;11.81;11.18;11.20;3277667;37767384.00
20140228;11.16;11.48;11.02;11.42;2181568;24516594.00
20140303;11.41;11.65;11.30;11.64;2440431;28116964.00
20140304;11.60;11.60;11.21;11.44;2541264;29006334.00
20140305;11.48;11.65;11.38;11.43;2672844;30808110.00
20140306;11.40;11.48;11.08;11.45;2479347;27970790.00
20140307;11.39;11.58;11.38;11.45;2318258;26625278.00
20140310;11.40;11.40;10.85;10.95;2753023;30557292.00
20140311;10.92;10.94;10.59;10.73;1819426;19601348.00
20140312;10.81;11.03;10.70;10.99;2174640;23661754.00
20140313;11.03;11.04;10.90;11.00;1707861;18746080.00
20140314;10.98;11.17;10.89;11.15;1780063;19658226.00
20140317;12.27;12.27;12.27;12.27;2271561;27872054.00
20140318;13.27;13.27;12.53;12.70;20439741;262750736.00
20140319;12.40;12.57;12.08;12.26;9847691;120862064.00
20140320;12.14;12.54;11.57;11.60;8838412;106708192.00
20140321;11.32;11.57;11.08;11.53;6204685;70303992.00
20140324;11.45;11.53;11.23;11.38;4317748;49081948.00
20140325;11.38;11.53;11.21;11.53;3585142;40901320.00
20140326;11.48;11.81;11.48;11.60;4203980;48969452.00
20140327;11.52;11.53;11.10;11.15;3778787;42604900.00
20140328;11.10;11.23;10.80;10.82;3139603;34327976.00
20140331;10.85;10.96;10.60;10.70;2138407;22959238.00
20140401;10.71;10.92;10.70;10.91;1863191;20227224.00
20140402;10.95;11.00;10.82;10.88;1348539;14673540.00
20140403;10.90;11.00;10.76;10.91;1395107;15199283.00
20140404;10.91;11.04;10.81;11.00;1469596;16087431.00
20140408;10.90;11.17;10.86;11.08;2124756;23385878.00
20140409;11.13;11.23;11.05;11.19;2193391;24501650.00
20140410;11.10;11.20;10.92;11.07;4254326;46977276.00
20140411;10.92;10.96;10.71;10.76;3579598;38630352.00
20140414;10.66;10.93;10.66;10.92;2281454;24657302.00
20140415;10.81;10.92;10.72;10.77;1821551;19704752.00
20140416;10.77;10.88;10.73;10.80;1295064;13976966.00
20140417;10.78;10.87;10.74;10.79;1363656;14734684.00
20140418;10.80;10.86;10.74;10.84;1376147;14893008.00
20140421;10.78;10.80;10.42;10.45;2609849;27774380.00
20140422;10.39;10.53;10.18;10.29;1946304;20080952.00
20140423;10.29;10.34;10.09;10.09;1723812;17605676.00
20140424;10.13;10.19;9.96;10.14;1843482;18536046.00
20140425;10.10;10.16;10.01;10.01;1094778;11032628.00
20140428;9.90;9.97;9.28;9.41;2050965;19684078.00
20140429;9.37;9.49;9.30;9.46;1328868;12514871.00
20140430;9.52;9.57;9.48;9.54;970070;9250633.00
20140505;9.54;9.62;9.45;9.60;832090;7937855.00
20140506;9.61;9.79;9.57;9.70;1424403;13852246.00
20140507;9.73;9.73;9.31;9.35;1306043;12396376.00
20140508;9.40;9.60;9.31;9.35;1184019;11195062.00
20140509;9.40;9.53;9.25;9.27;1123304;10510030.00
20140512;9.40;9.64;9.31;9.60;1298413;12342246.00
20140513;9.77;10.49;9.76;9.98;5150896;52291064.00
20140514;9.82;10.08;9.80;9.97;1867540;18574602.00
20140515;9.86;10.05;9.66;9.66;1753353;17264678.00
20140516;9.75;9.75;9.37;9.56;1465246;13938166.00
20140519;9.55;9.55;9.34;9.45;1401937;13204282.00
20140520;9.55;9.74;9.51;9.55;1039142;9988811.00
20140521;9.58;9.64;9.41;9.62;936764;8933110.00
20140522;9.62;9.76;9.62;9.68;1324312;12858121.00
20140523;9.71;9.83;9.63;9.82;1348009;13111462.00
20140526;9.87;9.92;9.76;9.90;1559668;15394793.00
20140527;9.88;9.89;9.72;9.77;1259859;12337986.00
20140528;9.77;9.98;9.72;9.95;1696320;16747486.00
20140529;9.95;10.14;9.73;9.75;1410528;13938624.00
20140530;9.73;9.85;9.69;9.79;635002;6201751.50
20140603;9.75;9.96;9.75;9.81;831569;8196801.50
20140604;9.78;9.79;9.54;9.63;941538;9090058.00
20140605;9.64;9.75;9.60;9.74;1068708;10363407.00
20140606;9.80;9.93;9.73;9.88;2013371;19864414.00
20140609;9.87;9.92;9.81;9.82;982291;9691283.00
20140610;9.83;9.97;9.72;9.96;1415269;13961028.00
20140611;9.96;10.20;9.92;10.18;2912440;29316952.00
20140612;10.08;10.17;9.91;9.95;2087178;20902038.00
20140613;9.99;10.19;9.92;10.05;2019927;20302172.00
20140616;10.07;10.22;9.97;10.20;2204803;22276424.00
20140617;10.19;10.20;9.99;10.01;1579011;15855512.00
20140618;10.01;10.03;9.75;9.77;1777429;17575896.00
20140619;9.77;9.95;9.40;9.52;2078203;20138316.00
20140620;9.59;9.64;9.43;9.56;936417;8915176.00
20140623;9.56;9.75;9.56;9.64;1120996;10833094.00
20140624;9.65;9.73;9.64;9.72;876015;8491710.00
20140625;9.72;9.72;9.50;9.55;1083395;10365398.00
20140626;9.59;10.19;9.59;9.94;3913132;38928184.00
20140627;9.85;10.10;9.81;10.02;3132495;31402062.00
20140630;10.02;10.19;9.97;10.09;2056799;20739078.00
20140701;10.04;10.15;9.89;10.10;2518497;25253798.00
20140702;10.15;10.36;10.08;10.30;4270442;43770484.00
20140703;10.31;10.65;10.22;10.47;5430528;57173424.00
20140704;10.43;10.64;10.28;10.54;4351393;45309708.00
20140707;10.45;10.57;10.28;10.38;2643098;27468592.00
20140708;10.33;10.45;10.25;10.45;2196705;22761652.00
20140709;10.39;10.57;10.26;10.26;2436554;25342616.00
20140710;10.22;10.52;10.20;10.36;2172096;22570282.00
20140711;10.55;10.75;10.40;10.46;2942915;31008758.00
20140714;10.40;10.61;10.40;10.59;3129571;32982574.00
20140715;10.43;10.48;10.14;10.25;4209414;43324564.00
20140716;10.21;10.29;10.11;10.18;1661428;16952160.00
20140717;10.18;10.27;10.14;10.25;1366995;13957285.00
20140718;10.22;10.34;10.10;10.17;1861025;19061978.00
20140721;10.20;10.22;9.90;10.02;1608026;16088789.00
20140722;10.01;10.14;10.00;10.11;1169802;11800907.00
20140723;10.15;10.15;9.81;9.86;2096765;20827858.00
20140724;9.89;9.96;9.61;9.93;1756994;17232208.00
20140725;9.92;10.06;9.88;10.05;1345068;13435282.00
20140728;10.06;10.18;9.99;10.13;2150675;21685648.00
20140729;10.13;10.26;10.11;10.19;2203928;22505040.00
20140730;10.18;10.45;10.09;10.33;3974425;40844708.00
20140731;10.26;10.40;10.23;10.33;2528215;26043064.00
20140801;10.29;10.80;10.25;10.41;7491328;79218624.00
20140804;10.40;10.66;10.34;10.50;4948049;51912836.00
20140805;10.48;10.57;10.26;10.53;4398934;45963220.00
20140811;10.88;11.29;10.80;10.98;13830199;152333248.00
20140812;10.82;11.09;10.79;10.95;7624207;83191976.00
20140813;10.89;10.91;10.68;10.74;5056246;54461240.00
20140814;10.80;10.96;10.64;10.67;3913987;42319868.00
20140815;10.64;10.87;10.64;10.87;3433849;37142536.00
20140818;11.11;11.19;10.85;10.98;5143156;56457004.00
20140819;10.92;11.46;10.91;11.39;10069884;112282608.00
20140820;11.47;11.65;11.12;11.17;7539385;85699264.00
20140821;11.10;11.18;10.91;11.14;6368363;70236368.00
20140822;11.12;11.33;11.05;11.24;4521703;50696392.00
20140825;11.28;11.28;11.02;11.04;3165046;35217680.00
20140826;11.02;11.07;10.66;10.70;3177136;34440744.00
20140827;10.68;10.93;10.68;10.86;2603222;28230334.00
20140828;10.86;10.93;10.62;10.66;2337670;25111528.00
20140829;10.65;10.81;10.63;10.78;1290206;13841351.00
20140901;10.78;11.04;10.71;11.04;2386121;26127784.00
20140902;11.05;11.24;11.00;11.19;4413415;49164160.00
20140903;12.31;12.31;11.68;11.78;21869168;262767600.00
20140904;11.65;11.78;11.46;11.53;12892847;149219280.00
20140905;11.47;12.00;11.47;11.87;13462590;159245120.00
20140909;11.80;11.99;11.70;11.83;6635106;78284992.00
20140910;11.79;11.82;11.60;11.76;4945427;57845288.00
20140911;11.76;11.94;11.55;11.71;5941899;70052288.00
20140912;11.68;11.95;11.59;11.93;5457098;64751512.00
20140915;11.84;11.97;11.74;11.89;4906768;58232600.00
20140916;11.85;12.03;11.40;11.43;5581361;65596888.00
20140917;11.42;11.53;11.26;11.53;4149208;47216740.00
20140918;11.49;11.68;11.41;11.68;3304870;38285248.00
20140919;11.78;11.97;11.70;11.88;5226261;62103092.00
20140922;11.90;11.90;11.55;11.63;3475740;40714832.00
20140923;11.60;11.99;11.55;11.99;4858536;57670824.00
20140924;11.96;12.07;11.84;12.06;5547718;66511896.00
20140925;12.10;12.23;11.85;11.90;4859884;58416892.00
20140926;11.89;12.21;11.79;12.21;5592187;67305216.00
20140929;12.35;12.49;12.21;12.44;7151554;88373352.00
20140930;12.43;12.46;12.22;12.36;4351883;53681772.00
20141008;12.26;12.60;12.25;12.60;5159623;64279208.00
20141009;12.73;13.07;12.51;12.88;8249922;105651056.00
20141010;12.79;12.85;12.50;12.51;5135894;64932516.00
20141013;12.47;12.48;12.14;12.45;4015709;49603760.00
20141014;12.44;12.81;12.30;12.51;5645789;71175328.00
20141015;12.38;13.05;12.30;12.88;9570884;122392648.00
20141016;12.76;13.49;12.60;12.89;9937361;130050992.00
20141017;12.70;12.86;12.10;12.47;6714946;83965232.00
20141020;12.44;12.98;12.43;12.83;4748503;60584764.00
20141021;12.88;12.88;12.42;12.71;5536251;70201136.00
20141022;12.70;12.77;12.28;12.31;3394700;42457668.00
20141023;12.20;12.32;11.08;11.65;5442421;64540484.00
20141024;11.59;11.86;11.56;11.68;2410171;28228650.00
20141027;11.70;12.21;11.61;11.97;2703180;32361666.00
20141028;11.97;12.35;11.96;12.32;4737226;57497752.00
20141029;12.31;13.55;12.31;13.30;17039849;223581104.00
20141030;13.29;13.40;13.00;13.11;7765080;102291816.00
20141031;13.14;13.40;12.90;13.08;6645474;87094168.00
20141103;13.20;13.45;13.05;13.18;8106601;107311720.00
20141104;13.15;13.76;13.02;13.15;8350337;112032480.00
20141105;13.22;13.39;12.80;13.29;5129280;67101176.00
20141106;13.19;13.78;13.14;13.78;7923496;107429224.00
20141107;13.78;13.99;13.05;13.17;5338182;72188104.00
20141110;13.10;13.35;12.90;13.12;3928211;51511232.00
20141111;13.12;13.28;12.25;12.42;6361585;79990000.00
20141112;12.35;12.56;12.21;12.54;3232961;39967396.00
20141113;12.48;12.60;12.03;12.45;3109610;38390264.00
20141114;12.47;12.50;12.15;12.32;1869484;23058446.00
20141117;12.37;12.70;12.16;12.69;2751061;34596988.00
20141118;12.69;12.74;12.43;12.64;2126757;26737488.00
20141119;12.51;12.90;12.51;12.74;2580249;32853768.00
20141120;12.63;12.77;12.53;12.65;1868273;23588062.00
20141121;12.60;13.11;12.60;12.99;4283983;55650256.00
20141124;13.00;13.28;12.90;13.27;4931603;64886488.00
20141125;13.20;13.46;13.17;13.30;4213989;56007860.00
20141126;13.20;13.36;13.12;13.17;3027200;39989948.00
20141127;13.17;13.47;13.12;13.23;3421827;45383432.00
20141128;13.25;13.83;13.01;13.69;6220106;83234600.00
20141201;13.86;15.06;13.59;14.66;13576430;197777984.00
20141202;14.50;15.00;14.50;14.67;5888047;86667536.00
20141203;14.50;15.10;14.15;15.03;7481265;109336736.00
20141204;15.05;16.50;14.90;16.00;8152384;129615896.00
20141205;15.60;15.79;14.40;14.84;6830823;103137384.00
20141208;14.63;14.90;14.18;14.28;5784588;83444032.00
20141209;14.08;14.56;13.30;13.31;7539359;105439968.00
20141210;13.18;14.26;13.10;13.81;6661596;91634176.00
20141211;13.84;14.15;13.70;13.93;4454004;61909056.00
20141212;14.00;14.39;13.81;14.00;3821764;53844404.00
20141215;14.06;14.52;13.88;14.49;5630719;80272000.00
20141216;14.49;14.59;14.10;14.31;3924917;56094852.00
20141217;14.31;14.31;13.44;13.62;5527316;75969040.00
20141218;13.59;13.89;13.30;13.65;3220254;43926624.00
20141219;13.65;13.77;12.72;12.98;4604889;60200664.00
20141222;12.84;12.96;11.68;11.68;6294716;74562536.00
20141223;11.46;11.86;11.09;11.12;4882423;55764304.00
20141224;11.30;11.55;11.25;11.54;2861166;32647136.00
20141225;11.63;11.68;11.48;11.65;2672559;30926782.00
20141226;11.68;11.70;11.50;11.54;2183407;25340368.00
20141229;11.49;11.49;11.01;11.07;3343775;37226028.00
20141230;11.12;11.34;10.72;10.74;3689093;40597440.00
20141231;10.79;11.04;10.50;11.01;4791256;51410116.00
20150105;10.96;11.00;10.62;10.93;3075711;33295228.00
20150106;10.85;11.44;10.77;11.37;4298361;47938612.00
20150107;11.32;11.43;11.07;11.18;2764203;31054054.00
20150108;11.18;11.42;11.10;11.34;2867177;32433122.00
20150109;11.30;11.48;11.17;11.17;2901141;32857188.00
20150112;11.07;11.16;10.68;10.84;2349610;25641208.00
20150113;10.61;11.25;10.61;11.12;3052782;33518456.00
20150114;11.11;11.43;11.05;11.27;3377997;38032548.00
20150115;11.17;11.33;10.92;11.01;3250475;36046920.00
20150116;10.92;11.24;10.92;11.09;3057488;33985468.00
20150119;10.80;11.47;10.72;11.04;5491129;61482700.00
20150120;11.19;11.85;11.00;11.70;7310456;83525616.00
20150121;11.70;11.85;11.53;11.81;6717783;78852848.00
20150122;11.81;12.04;11.70;11.98;5042542;59929028.00
20150123;12.02;12.05;11.68;11.76;4261998;50305288.00
20150126;11.75;11.94;11.66;11.91;4146899;49131152.00
20150127;11.96;12.15;11.80;12.15;5249280;62925440.00
20150128;12.09;12.29;11.92;11.98;3628363;43894744.00
20150129;11.88;12.11;11.81;11.84;2878314;34299204.00
20150130;11.89;12.24;11.76;12.02;3988603;47697240.00
20150202;11.80;12.05;11.71;11.81;1932582;22927434.00
20150203;11.85;11.95;11.72;11.89;2845560;33695496.00
20150204;11.93;12.05;11.80;11.90;3019938;36029140.00
20150205;11.99;12.20;11.85;12.11;4250492;51233004.00
20150206;12.11;12.12;11.51;11.69;3781788;44507436.00
20150209;11.70;11.80;11.17;11.30;3013045;34440320.00
20150210;11.30;11.78;11.26;11.60;3073428;35454760.00
20150211;11.54;11.62;11.40;11.55;2279129;26223696.00
20150212;11.50;11.72;11.48;11.59;2800614;32460214.00
20150213;11.64;12.13;11.64;11.99;5597573;66913300.00
20150216;12.02;12.22;11.92;12.11;4128361;50021388.00
20150217;12.01;13.18;11.91;12.66;8144581;101943136.00
20150225;12.54;13.08;12.45;12.98;6446533;82406176.00
20150226;12.98;12.98;12.64;12.89;3846458;49210916.00
20150227;12.88;13.19;12.76;13.05;5255162;68151304.00
20150302;13.05;13.52;12.90;13.33;4509268;59681704.00
20150303;13.33;13.37;12.74;12.79;5785816;75498256.00
20150304;12.73;13.26;12.72;13.11;5788968;75507704.00
20150305;13.06;13.64;12.93;13.62;8972967;120170744.00
20150306;13.58;13.58;13.01;13.21;5498980;72812616.00
20150309;13.22;13.35;12.94;13.30;3424811;45166720.00
20150310;13.35;13.54;13.18;13.20;5560987;74028840.00
20150311;13.20;13.22;12.81;12.86;4746592;61529324.00
20150312;12.87;13.08;12.70;12.96;3341040;43104476.00
20150313;12.92;13.40;12.85;13.36;5409148;71206976.00
20150316;13.43;13.63;13.22;13.51;11622340;156197184.00
20150317;13.45;13.95;13.40;13.92;11823226;161263408.00
20150318;13.83;14.15;13.65;14.01;8986585;124812680.00
20150319;13.98;14.07;13.74;13.88;6945631;96480648.00
20150320;13.90;14.38;13.87;13.95;10312473;145427152.00
20150323;14.01;14.32;13.95;14.29;7328290;104055256.00
20150324;14.20;14.28;13.48;14.06;10344320;143989024.00
20150325;14.00;14.85;13.81;14.59;13235200;190231360.00
20150326;14.40;14.76;13.91;14.59;11381450;164403472.00
20150327;14.50;14.71;14.30;14.69;6749621;98108864.00
20150330;14.85;14.96;14.43;14.54;8191473;119807720.00
20150331;14.52;15.36;14.30;15.06;13372554;198308480.00
20150401;14.90;15.67;14.90;15.48;10425472;159407248.00
20150402;15.48;15.97;15.20;15.93;10061615;156642576.00
20150403;15.72;16.28;15.56;16.19;10170645;162563072.00
20150407;16.14;17.51;16.01;16.65;12452745;207136160.00
20150408;16.65;16.79;15.00;16.19;12581103;201725632.00
20150409;15.93;16.07;14.90;15.83;10906166;169708688.00
20150410;15.65;16.96;15.48;16.73;12890654;211073216.00
20150413;17.23;17.23;16.25;17.13;10804262;182559168.00
20150414;17.00;17.57;16.41;16.71;10458354;177707472.00
20150415;16.60;16.60;15.22;15.33;8630783;137406768.00
20150416;15.20;15.80;14.82;15.38;5569722;85849800.00
20150417;15.45;15.89;15.10;15.60;7097797;110015704.00
20150420;15.60;15.80;14.90;15.44;9572178;147055248.00
20150421;15.18;15.88;15.18;15.88;8995469;140864000.00
20150422;15.97;16.31;15.81;16.15;8809619;142191360.00
20150423;16.20;16.63;15.95;16.63;11304018;184268400.00
20150424;16.33;17.30;16.25;17.19;13737960;231906384.00
20150427;17.47;17.50;16.00;16.75;10879365;183916144.00
20150428;16.54;16.75;15.60;16.05;9648026;156039744.00
20150429;15.90;16.91;15.88;16.72;7971760;131036304.00
20150430;16.70;18.39;16.62;18.39;7807436;139388960.00
20150504;18.80;18.96;17.68;18.20;11126680;203375072.00
20150505;17.87;18.20;17.02;17.40;7583134;133166480.00
20150506;17.20;18.70;17.20;17.90;12014184;217469264.00
20150507;17.65;17.86;16.43;16.60;6878109;117699176.00
20150508;16.90;17.40;16.70;17.40;6057519;103285744.00
20150511;17.50;18.62;17.50;18.35;8678064;157704912.00
20150512;18.40;19.85;17.74;19.29;12269276;228792096.00
20150513;18.58;19.10;18.40;18.55;8356747;156330896.00
20150514;18.50;19.33;18.25;18.89;7228130;136093888.00
20150515;18.80;18.82;18.00;18.36;5811739;106697848.00
20150518;18.06;19.50;18.00;19.30;8008915;152265744.00
20150519;19.13;19.99;18.78;19.81;9386130;181686736.00
20150520;19.76;21.19;19.12;20.20;9179356;187789248.00
20150521;20.40;21.36;19.84;20.78;10057778;207714464.00
20150522;20.98;22.50;20.92;21.71;13099445;284498304.00
20150525;21.10;22.45;20.82;22.30;9298753;199731200.00
20150526;22.10;24.53;22.04;24.53;12709821;301706464.00
20150527;24.97;24.97;23.52;24.07;10631057;256010672.00
20150528;23.71;25.20;21.66;21.86;11822795;277384832.00
20150529;21.68;22.89;20.32;22.30;10214862;224853712.00
20150601;22.66;24.00;22.66;23.96;9643555;224966416.00
20150602;24.20;26.36;23.96;26.36;10993022;279651776.00
20150603;26.98;29.00;26.25;28.88;19908469;564924928.00
20150604;28.00;28.20;25.99;27.00;15872365;425394400.00
20150605;28.00;28.35;26.10;27.30;9868850;267389744.00
20150608;27.44;27.45;25.99;26.70;8525584;226170224.00
20150609;26.70;26.72;25.40;25.80;5548709;144171376.00
20150610;25.75;27.20;25.44;26.59;5878576;156424928.00
20150611;26.30;28.74;26.18;28.60;9038827;248970144.00
20150612;28.44;29.35;27.58;29.16;7429400;210814960.00
20150615;28.89;28.89;26.81;27.58;7526548;210567120.00
20150616;27.00;27.00;25.12;25.78;4870578;126671712.00
20150617;25.51;26.50;23.51;26.43;5020430;125666072.00
20150618;26.35;27.02;24.51;24.51;5111571;134095328.00
20150619;23.68;23.68;22.06;22.06;6538769;149585232.00
20150623;21.50;22.36;19.85;21.90;7225474;151119792.00
20150624;22.00;23.05;20.90;22.66;7367458;162187936.00
20150625;22.80;22.89;21.00;21.18;4726756;104342000.00
20150626;20.00;20.46;19.06;19.06;6934333;135807664.00
20150629;19.40;19.40;17.15;17.15;6045320;106086000.00
20150630;16.30;17.99;15.44;17.70;8405195;138729936.00
20150701;17.48;18.15;15.93;15.93;6650744;116509696.00
20150702;15.50;15.78;14.34;14.34;7287393;107773224.00
20150703;13.51;14.99;12.91;12.91;7998247;108154624.00
20150706;14.20;14.20;11.62;11.62;11952877;149814720.00
20150707;10.71;11.13;10.46;10.46;4472702;47408828.00
20150708;9.41;11.47;9.41;11.00;19130224;193418928.00
20150709;10.50;12.10;10.20;12.10;10669723;122284848.00
20150710;13.00;13.31;12.70;13.31;3080813;40543692.00
20150713;14.63;14.64;13.40;14.64;9741850;140248784.00
20150714;14.62;16.00;14.15;15.04;15959424;243201520.00
20150715;14.47;14.85;13.54;13.54;7914329;110509640.00
20150716;12.61;14.48;12.20;13.82;7262212;98610792.00
20150717;13.87;14.99;13.53;14.83;5466535;79235352.00
20150720;14.83;15.51;14.55;14.98;7832878;117423504.00
20150721;14.85;15.50;14.40;15.34;6246409;94286440.00
20150722;15.12;15.55;14.78;15.50;6785100;103689288.00
20150723;15.60;16.74;15.58;16.38;7836580;126697272.00
20150724;16.45;17.25;15.80;15.99;8776559;145241152.00
20150727;15.28;15.97;14.39;14.39;6610449;100077264.00
20150728;13.00;14.26;12.95;13.13;6620812;88274464.00
20150729;13.90;14.18;12.65;14.18;6259261;83687008.00
20150730;14.23;14.80;13.66;13.80;5554447;80275688.00
20150731;12.82;13.79;12.82;13.21;6987584;92893176.00
20150803;12.90;13.10;12.00;12.14;4458024;56069848.00
20150804;12.37;13.35;12.28;13.35;5237361;66993780.00
20150805;13.35;13.90;12.90;13.36;5818310;78265880.00
20150806;12.98;13.78;12.82;13.57;4449326;59708056.00
20150807;13.59;14.44;13.59;14.33;6716216;94245624.00
20150810;14.38;15.45;14.37;15.16;6412847;95505904.00
20150811;15.05;15.55;14.82;15.07;6282414;95286672.00
20150812;14.80;15.36;14.67;14.88;5951306;89352832.00
20150813;14.74;15.55;14.55;15.52;6103768;92286072.00
20150814;16.50;16.52;15.36;15.53;7406921;117799192.00
20150817;15.41;15.93;15.08;15.81;5532252;85805384.00
20150818;15.89;16.12;14.23;14.23;6612187;100768952.00
20150819;13.68;14.79;12.92;14.56;6055443;84452064.00
20150820;14.09;14.76;14.09;14.43;5122859;73919336.00
20150821;14.08;14.45;13.10;13.12;4168061;57165032.00
20150824;12.55;12.55;11.81;11.81;4382671;52170832.00
20150825;10.63;10.99;10.63;10.63;4579848;48783916.00
20150826;10.56;11.19;9.91;10.10;5775465;60976808.00
20150827;10.50;10.90;10.10;10.90;5638135;58841388.00
20150828;11.08;11.89;10.83;11.88;7254922;80929120.00
20150831;11.78;11.78;10.90;11.00;4435117;50324072.00
20150901;10.82;10.90;9.90;9.90;4222351;43538088.00
20150902;9.48;10.58;9.22;9.56;4498232;44355200.00
20150907;9.90;10.39;9.70;9.99;3053766;30762358.00
20150908;9.99;10.99;9.96;10.93;4308396;45052500.00
20150909;11.01;11.56;11.01;11.42;5449693;61766092.00
20150910;11.11;11.56;11.05;11.15;3223446;36394892.00
20150911;11.28;11.44;11.01;11.29;2837239;31904236.00
20150914;11.30;11.47;10.16;10.16;3765016;39911812.00
20150915;9.90;10.07;9.15;9.24;2777747;26719316.00
20150916;9.38;10.16;9.33;10.16;2526448;24501904.00
20150917;10.16;10.76;10.03;10.05;4171753;43536500.00
20150918;10.12;10.68;10.12;10.60;2715490;28013078.00
20150921;10.30;11.28;10.30;11.25;4558614;49468412.00
20150922;11.25;11.45;10.81;11.17;4631428;51845552.00
20150923;10.97;11.39;10.94;11.15;3889739;43410268.00
20150924;11.22;11.52;11.17;11.50;3966859;44995712.00
20150925;11.35;11.80;10.40;10.78;4555697;50388380.00
20150928;10.78;11.34;10.70;11.33;3261128;36026676.00
20150929;11.04;11.38;10.99;11.23;3227086;36080656.00
20150930;11.26;11.41;11.00;11.20;2123905;23839818.00
20151008;11.65;12.18;11.57;11.80;4644875;55144892.00
20151009;11.68;12.13;11.63;12.05;3281342;39154800.00
20151012;12.21;12.77;12.12;12.60;4969911;62165412.00
20151013;12.58;13.00;12.40;12.94;4763510;60715212.00
20151014;12.80;13.10;12.53;12.62;3726991;47497732.00
20151015;12.80;13.20;12.56;13.12;4899856;63830552.00
20151016;13.35;13.58;12.91;13.48;5437373;72190440.00
20151104;14.80;14.83;14.11;14.83;4364096;64470620.00
20151105;15.60;16.00;14.30;14.41;17820430;270946336.00
20151106;14.22;15.22;14.21;14.78;9012298;133608296.00
20151109;14.41;14.85;14.27;14.70;7205502;105344896.00
20151110;14.68;15.18;14.55;14.94;6638574;98946712.00
20151111;15.20;15.41;14.82;15.35;6769186;102635816.00
20151112;15.25;15.39;14.81;15.09;6751584;101936192.00
20151113;14.95;15.68;14.80;15.30;9479772;145081216.00
20151116;14.93;15.77;14.77;15.68;7925244;121395976.00
20151117;15.80;15.98;15.05;15.50;9013586;140186144.00
20151118;15.33;15.48;14.00;14.25;6123514;91819528.00
20151119;14.48;15.00;14.26;14.95;5622092;82286168.00
20151120;14.87;15.25;14.70;15.18;4967270;74687672.00
20151123;15.24;15.69;15.07;15.25;6321158;97443328.00
20151124;15.20;15.78;15.20;15.78;6394318;99239576.00
20151125;15.77;17.13;15.55;16.87;10967528;179339760.00
20151126;16.70;16.93;16.14;16.23;7797658;128493456.00
20151127;16.17;16.60;14.68;14.69;10171304;159891168.00
20151130;14.68;14.94;13.53;14.39;6183256;88971296.00
20151201;14.42;14.97;14.38;14.57;4703743;68967104.00
20151202;14.54;14.77;13.68;14.30;4082552;58390096.00
20151203;14.39;15.00;14.38;14.96;3951677;58326892.00
20151204;14.90;15.38;14.86;15.04;4518564;68190696.00
20151207;15.14;16.00;15.02;15.80;6776804;105969688.00
20151208;17.38;17.38;17.38;17.38;5173207;89910336.00
20151209;17.69;18.88;17.50;18.29;27087411;491245184.00
20151210;17.79;18.00;17.08;17.70;16480917;289070336.00
20151211;17.30;17.50;16.13;16.19;11601602;193516864.00
20151214;16.21;16.66;16.05;16.66;6289510;103052208.00
20151215;16.69;17.02;16.50;16.68;5776174;96963608.00
20151216;16.82;17.44;16.71;16.91;6548869;112187968.00
20151217;17.10;17.54;17.01;17.50;8256805;143195840.00
20151218;17.35;17.78;17.00;17.11;7736013;133748080.00
20151221;17.01;17.40;16.81;17.10;4845633;82721688.00
20151222;17.19;17.70;17.03;17.45;6484276;113106384.00
20151223;17.31;17.90;16.90;16.99;7283464;127457680.00
20151224;16.81;16.85;16.13;16.45;5175747;85091288.00
20151225;16.59;17.13;16.34;17.13;4574509;76661096.00
20151228;17.20;18.82;17.20;17.52;13096290;235934592.00
20151229;17.49;18.77;17.46;18.50;9286870;169188592.00
20151230;18.56;19.89;18.09;19.47;12927308;247782016.00
20151231;19.00;19.40;18.20;18.56;7605789;143384432.00
20160104;17.80;18.43;16.70;16.70;7589180;130448992.00
20160105;15.20;16.14;15.03;15.08;10298690;159121232.00
20160106;15.22;15.87;14.77;15.80;6501662;100431280.00
20160107;15.45;15.45;14.22;14.22;1979750;28919264.00
20160108;14.46;14.93;12.80;13.90;6986497;97636912.00
20160111;13.49;13.69;12.51;12.51;5253982;68381152.00
20160112;12.38;12.93;11.91;12.45;4323047;54027896.00
20160113;12.52;12.82;12.07;12.08;3617928;45262452.00
20160114;11.52;12.88;11.35;12.88;4888901;59741212.00
20160115;12.73;12.94;12.22;12.44;4532953;56887496.00
20160118;12.51;13.22;12.10;13.06;4419267;56550320.00
20160119;12.93;13.61;12.80;13.50;3933067;52028656.00
20160120;13.38;13.63;13.03;13.20;3437414;45801048.00
20160121;13.06;13.58;12.18;12.22;3430733;44642356.00
20160122;12.70;12.85;12.13;12.78;3301158;41395224.00
20160125;12.93;13.20;12.50;12.81;3342513;43222736.00
20160126;12.60;12.79;11.53;11.58;3956266;48067260.00
20160127;11.59;11.82;10.83;11.80;3693705;42135624.00
20160128;11.70;11.83;11.01;11.10;2099054;24104218.00
20160129;11.12;11.93;11.00;11.69;3504551;40393436.00
20160201;11.72;12.02;11.62;11.81;3206321;37897100.00
20160202;11.65;12.53;11.65;12.45;2946689;36207596.00
20160203;12.25;12.50;12.00;12.30;3020309;36961336.00
20160204;12.30;12.84;12.30;12.75;3292759;41679988.00
20160205;12.62;12.97;12.62;12.81;2842668;36425044.00
20160215;12.20;12.97;12.00;12.85;2186261;27438408.00
20160216;13.03;13.48;12.90;13.39;2973527;39489552.00
20160217;13.56;13.66;13.16;13.52;2998983;40283332.00
20160218;13.43;14.00;13.43;13.55;2739826;37445688.00
20160219;13.40;14.30;13.40;14.16;4500685;63325396.00
20160222;14.27;14.67;14.18;14.34;3772649;54227260.00
20160223;14.25;14.38;13.65;13.99;3137103;43937860.00
20160224;13.77;14.57;13.71;14.48;3602603;50779576.00
20160225;14.30;14.35;13.03;13.03;4604290;61705616.00
20160226;13.04;13.28;12.70;12.99;3254090;42312604.00
20160229;12.78;13.00;11.69;11.69;3584175;42803412.00
20160301;11.70;12.12;11.30;11.70;4045883;47195124.00
20160302;11.76;12.56;11.76;12.50;4345853;52665656.00
20160303;12.38;12.78;12.38;12.60;4367571;54930776.00
20160304;12.45;12.55;11.53;11.73;3345970;40248640.00
20160307;11.80;12.35;11.80;12.19;2285243;27741986.00
20160308;12.19;12.75;11.40;12.50;3666210;43808508.00
20160309;12.13;12.34;11.84;12.01;2425081;29323424.00
20160310;12.15;12.50;11.80;11.83;1844588;22158514.00
20160311;11.75;11.87;11.51;11.70;1601387;18731598.00
20160314;12.87;12.87;12.61;12.87;3566677;45886356.00
20160315;13.42;13.47;12.96;13.40;10595465;140289232.00
20160316;13.30;13.56;12.88;13.00;5884705;77742632.00
20160317;13.04;13.55;13.03;13.49;6758381;90292304.00
20160318;13.42;14.18;13.42;13.94;6991984;97212344.00
20160321;14.33;14.33;13.90;14.29;6437934;91294096.00
20160322;14.35;14.79;14.10;14.70;6533017;95156336.00
20160323;14.60;15.00;14.46;14.90;5971655;87983168.00
20160324;15.01;15.77;15.01;15.05;7238900;110835752.00
20160325;14.90;15.13;14.69;14.95;4391220;65152736.00
20160328;15.02;15.29;14.40;14.78;3800960;56730172.00
20160329;14.78;14.78;14.13;14.58;3613585;52190616.00
20160330;14.68;15.40;14.61;15.40;5898359;88655112.00
20160331;15.66;15.68;15.05;15.10;5936086;90809112.00
20160401;14.98;15.24;14.89;15.16;3539410;53383628.00
20160405;15.18;15.75;15.09;15.56;4711813;72951552.00
20160406;15.50;15.88;15.43;15.73;4481559;70256664.00
20160407;15.72;15.85;15.43;15.48;4591098;71690696.00
20160408;15.25;15.40;14.90;15.10;4947803;74834776.00
20160411;15.31;15.68;15.25;15.43;3461057;53681192.00
20160412;15.41;15.49;15.00;15.21;3332150;50618756.00
20160413;15.32;15.73;15.23;15.40;4607249;71600240.00
20160414;15.50;15.98;15.48;15.90;4812772;75488680.00
20160415;16.10;16.12;15.68;15.99;3573328;56693260.00
20160418;15.88;15.94;15.56;15.82;3102074;48768744.00
20160419;15.85;16.05;15.61;15.82;2784459;44099084.00
20160420;15.90;15.99;14.50;15.14;5230472;79176664.00
20160421;14.96;15.28;14.71;14.95;2339816;35141676.00
20160422;14.80;15.20;14.67;15.13;2314030;34729456.00
20160425;15.12;15.12;14.61;15.03;1962937;29213488.00
20160426;14.94;15.25;14.81;15.24;1973200;29707726.00
20160427;15.19;15.45;15.15;15.22;2683408;41079728.00
20160428;15.18;15.30;14.88;15.22;2263001;34040176.00
20160429;15.25;15.96;15.12;15.78;5256570;82406360.00
20160503;15.80;16.45;15.57;16.33;5620588;90071008.00
20160504;16.26;16.39;16.05;16.08;4182836;67906592.00
20160505;16.06;16.99;16.00;16.97;6088387;100428568.00
20160506;16.85;16.93;15.80;15.80;6220703;101241520.00
20160509;15.70;15.70;15.20;15.48;4555231;70128512.00
20160510;15.38;15.64;15.30;15.62;2363435;36674324.00
20160511;15.61;15.75;15.10;15.19;3513179;54212532.00
20160512;15.00;15.00;14.31;14.89;2337468;34228728.00
20160513;14.76;15.08;14.70;14.90;1238338;18459082.00
20160516;14.90;15.14;14.61;15.12;2252326;33741564.00
20160517;15.09;15.41;14.90;15.13;2887015;43758576.00
20160518;15.06;15.06;14.50;14.80;2677076;39518120.00
20160519;14.64;15.10;14.64;14.80;1905870;28472022.00
20160520;14.61;15.00;14.60;15.00;1519324;22557488.00
20160523;15.02;15.27;15.02;15.19;2631043;39911252.00
20160524;15.08;15.35;15.02;15.32;2678017;40679504.00
20160525;15.35;15.39;15.07;15.27;2614165;39873924.00
20160526;15.47;15.47;15.00;15.35;3135673;47811816.00
20160527;15.16;15.34;14.98;15.12;2003467;30401444.00
20160530;15.17;15.29;14.90;14.98;1946320;29371402.00
20160531;7.48;7.80;7.48;7.80;10529176;81004456.00
20160601;7.88;8.15;7.80;7.98;11870566;94656504.00
20160602;7.99;8.02;7.83;8.01;8753113;69562976.00
20160603;8.02;8.49;7.99;8.29;12459930;103010896.00
20160606;8.25;8.33;8.11;8.29;9036779;74305992.00
