20120817;32.00;34.20;31.71;33.20;10629330;349046368.00
20120820;32.50;32.50;30.00;30.20;5582721;173063600.00
20120821;30.35;31.30;30.35;30.87;4218351;129583192.00
20120822;31.90;33.96;31.88;33.60;8181342;271676928.00
20120823;32.60;33.27;32.20;32.70;6056415;197877584.00
20120824;33.30;35.20;32.90;32.94;6095328;206886352.00
20120827;31.71;34.20;31.02;33.89;4638396;151507712.00
20120828;33.60;35.70;33.33;34.98;5227886;182669616.00
20120829;34.98;37.70;34.70;36.70;5199936;189838304.00
20120830;38.60;39.48;35.72;36.91;6143341;231384032.00
20120831;35.51;39.18;35.50;38.83;4711093;175693152.00
20120903;39.20;39.78;37.80;38.89;3540385;137403024.00
20120904;38.70;38.94;37.83;37.83;3200924;122419784.00
20120905;37.41;38.23;36.81;37.17;2559555;95799128.00
20120906;37.15;38.33;37.15;37.53;2258467;85040200.00
20120907;37.79;38.77;37.20;37.69;3007288;113958144.00
20120910;37.90;39.73;37.80;39.00;2558037;99596424.00
20120911;38.70;38.86;36.54;37.00;2738441;102721056.00
20120912;37.07;37.29;36.01;37.22;1772477;65059020.00
20120913;37.13;37.77;36.51;36.70;1214090;45036776.00
20120914;36.89;37.79;36.20;37.11;1562215;58226652.00
20120917;36.80;38.49;36.60;36.60;1568865;58945180.00
20120918;36.00;37.46;35.80;37.46;1313538;48108672.00
20120919;37.57;38.38;37.17;37.50;1221300;46140292.00
20120920;37.30;37.35;35.80;35.80;1481755;53833420.00
20120921;35.55;35.88;33.33;33.60;1923034;66464776.00
20120924;33.40;34.16;33.10;33.51;865123;29142294.00
20120925;33.50;34.10;33.22;33.92;751772;25315372.00
20120926;33.75;33.82;32.02;32.33;1202054;39366992.00
20120927;32.36;33.80;32.36;33.25;1058207;35037776.00
20120928;33.10;34.27;32.90;34.18;845597;28458010.00
20121008;34.21;35.50;33.65;34.68;866051;29828086.00
20121009;34.51;35.38;34.41;35.20;804642;28185132.00
20121010;35.20;35.79;35.00;35.20;766555;27075622.00
20121011;35.02;35.16;34.00;34.00;961871;33129246.00
20121012;33.98;34.57;33.70;34.30;595448;20337516.00
20121015;34.11;35.85;34.11;35.36;1075493;37801972.00
20121016;35.38;35.70;34.81;35.25;706485;24896624.00
20121017;35.25;36.20;35.01;35.88;772946;27621086.00
20121018;35.88;36.28;35.54;35.99;638359;22923072.00
20121019;36.10;36.70;35.75;35.92;666610;24177852.00
20121022;35.77;36.62;35.77;36.51;585944;21238254.00
20121023;36.80;37.15;35.75;35.81;1125195;41048360.00
20121024;35.75;38.50;35.75;37.81;2228987;83061208.00
20121025;37.62;38.37;37.36;37.61;1408477;53267556.00
20121026;37.46;38.48;36.66;36.68;1540260;57744256.00
20121029;36.80;38.85;36.71;38.46;1780739;67465048.00
20121030;38.36;38.99;37.91;38.87;1263614;48637828.00
20121031;38.59;39.16;37.92;38.38;1172412;45002688.00
20121101;38.34;40.00;37.91;39.33;2070725;80601408.00
20121102;39.05;39.70;38.90;39.44;1169075;45857416.00
20121105;39.43;39.43;38.42;38.86;895057;34772784.00
20121106;38.65;39.21;37.84;39.21;1205696;46376768.00
20121107;39.10;39.20;38.01;38.07;899925;34693972.00
20121108;37.60;38.46;37.45;37.45;808002;30634796.00
20121109;37.50;38.55;37.31;37.73;992124;37603980.00
20121112;37.99;39.18;37.63;39.12;1264103;48810800.00
20121113;39.38;39.73;38.52;38.62;1147628;44948988.00
20121114;38.66;39.38;37.00;37.85;1766408;67133920.00
20121115;37.27;37.80;36.80;36.80;824415;30806524.00
20121116;36.69;37.38;36.43;37.28;796816;29537292.00
20121119;37.28;37.45;36.37;37.30;646918;23870634.00
20121120;37.38;37.95;37.00;37.30;568076;21281508.00
20121121;37.33;38.80;36.80;38.72;1125079;42491376.00
20121122;38.55;38.98;38.30;38.58;855967;33050020.00
20121123;38.88;39.90;38.58;38.60;1189932;46789936.00
20121129;35.20;36.90;34.74;34.74;1740846;62182248.00
20121130;35.50;36.90;35.03;36.34;974915;35224248.00
20121203;36.15;36.57;35.71;36.25;588342;21257300.00
20121204;36.10;36.25;33.58;35.50;1229311;42366348.00
20121205;34.86;38.00;34.86;37.10;1262501;46434040.00
20121206;37.00;37.75;36.61;36.70;550379;20423202.00
20121207;36.82;38.50;36.74;37.98;788761;29675724.00
20121210;37.83;38.85;37.62;38.85;721430;27562682.00
20121211;38.50;42.50;38.38;41.02;2018376;81143496.00
20121212;41.08;43.50;40.80;41.51;1987812;83253888.00
20121213;41.12;43.87;40.56;42.80;1861859;78176136.00
20121214;42.33;43.99;42.31;43.00;1453113;62567928.00
20121217;43.30;43.77;42.10;42.53;1126882;48212156.00
20121218;42.66;43.50;41.31;43.30;1729654;73173336.00
20121219;43.00;43.20;42.02;43.01;773551;33087244.00
20121220;42.85;47.31;42.60;45.75;2281297;104311200.00
20121221;45.23;48.00;45.23;45.80;2443036;113314024.00
20121224;45.62;47.31;45.01;47.21;2134622;98170352.00
20121225;47.10;47.67;45.50;46.96;2827955;131791560.00
20121226;46.41;49.20;46.10;48.28;2088059;99595128.00
20121227;48.21;48.49;45.62;45.78;1665767;77586704.00
20121228;45.46;50.28;45.46;48.43;2102276;101100040.00
20121231;48.30;48.93;47.21;48.30;1108719;53146668.00
20130104;48.05;52.66;48.05;51.90;2052905;102900256.00
20130107;51.40;51.90;50.01;51.65;1269637;64666572.00
20130108;51.22;53.50;50.50;51.90;1629845;84415304.00
20130109;50.00;50.50;48.01;48.85;1739162;86018232.00
20130110;48.51;50.65;48.51;49.65;1083917;53811656.00
20130111;50.45;51.90;50.00;51.28;1553493;79177160.00
20130114;50.88;52.38;50.40;52.25;1612768;83134304.00
20130115;51.70;51.70;48.82;50.06;3481055;172869760.00
20130116;49.59;49.60;48.01;48.62;2174204;105508880.00
20130117;48.50;49.28;48.16;48.68;967682;47223816.00
20130118;48.52;49.12;46.11;47.55;1802868;85324632.00
20130121;47.50;48.78;46.70;47.99;1184997;56795192.00
20130122;47.61;47.79;45.60;46.03;1533517;71590208.00
20130123;45.76;47.20;45.50;47.13;806240;37295960.00
20130124;47.00;47.65;45.19;46.00;1010942;47005076.00
20130125;46.05;47.30;45.95;46.83;637688;29914776.00
20130128;46.83;48.20;46.46;48.05;858555;40956080.00
20130129;48.24;48.65;47.72;48.05;869242;41888252.00
20130130;47.88;48.05;45.88;46.30;975780;45536652.00
20130131;46.30;46.74;45.82;46.60;568085;26302674.00
20130201;46.49;47.58;46.21;47.40;617696;29133016.00
20130204;47.59;47.70;45.09;46.40;759373;35027540.00
20130205;46.37;47.83;46.01;47.83;702801;33259728.00
20130206;47.50;47.85;47.09;47.71;480570;22828882.00
20130207;47.50;49.31;47.45;49.28;1180852;57760080.00
20130208;49.28;49.75;48.86;49.22;821816;40535372.00
20130218;49.39;49.48;48.55;48.78;561550;27446554.00
20130219;48.65;48.83;46.17;46.30;864529;40745900.00
20130220;46.60;47.35;46.15;47.08;549122;25789052.00
20130221;46.89;47.33;46.00;46.20;708346;32879844.00
20130222;46.20;47.30;46.13;46.81;612058;28710620.00
20130225;46.90;47.19;46.22;46.94;394790;18495406.00
20130226;46.59;47.44;46.55;46.60;672510;31559324.00
20130227;46.79;46.79;45.51;45.90;522333;24083734.00
20130228;46.08;47.92;46.08;47.80;918518;43497096.00
20130301;47.82;48.90;47.82;48.57;1042136;50507440.00
20130304;48.68;48.70;46.69;47.27;748005;35784300.00
20130305;47.02;48.48;47.01;48.36;544757;26125828.00
20130306;48.48;50.98;48.39;50.36;1201549;60179684.00
20130307;50.60;51.19;48.62;49.00;1012218;50535452.00
20130308;49.16;50.89;48.13;48.16;874812;43350712.00
20130311;47.91;48.70;47.72;48.20;338341;16325877.00
20130312;48.22;48.75;44.05;44.50;1149194;52359724.00
20130313;44.01;44.73;43.39;44.60;548253;24166706.00
20130314;44.47;44.79;43.61;43.69;507757;22393350.00
20130315;43.52;46.19;43.50;44.95;648132;29116104.00
20130318;44.83;45.98;44.59;45.16;389246;17689272.00
20130319;45.20;45.62;44.53;45.62;235950;10668463.00
20130320;45.62;47.15;45.41;47.02;440547;20404378.00
20130321;47.21;48.70;47.05;48.25;703089;33901332.00
20130322;48.00;49.29;47.70;48.85;850328;41300860.00
20130325;49.21;49.73;47.98;49.03;915611;44568476.00
20130326;48.80;48.80;46.00;47.28;1101451;51822168.00
20130327;47.00;47.03;45.38;46.00;1357554;62964132.00
20130328;45.82;45.82;44.22;44.40;691898;30939234.00
20130329;44.75;44.78;44.01;44.28;585390;26000348.00
20130401;44.34;46.19;44.34;45.85;654829;29809844.00
20130402;45.98;46.33;44.40;44.61;495465;22401170.00
20130403;44.22;44.99;43.00;43.34;551924;24079240.00
20130408;42.64;44.50;42.01;44.24;457391;19801924.00
20130409;44.10;45.20;44.10;44.30;446911;19974340.00
20130410;44.29;44.46;42.60;43.36;618619;26768974.00
20130411;43.36;43.80;43.14;43.26;287880;12493388.00
20130412;43.20;43.65;43.01;43.05;258259;11180374.00
20130415;42.91;43.17;42.50;42.50;275191;11736370.00
20130416;41.86;43.26;41.51;43.22;235667;10020602.00
20130417;43.22;43.84;42.81;43.80;329041;14256578.00
20130418;43.08;45.10;43.08;44.43;555816;24694716.00
20130419;44.48;46.22;44.48;45.84;783119;35633724.00
20130422;46.02;47.58;46.02;47.39;1125491;53077940.00
20130423;47.20;47.69;46.80;47.31;1309986;61902564.00
20130424;47.25;49.24;46.51;48.70;1627130;78314896.00
20130425;48.21;49.20;46.06;46.15;1642437;78329520.00
20130426;46.10;46.51;45.29;45.41;773671;35512460.00
20130502;45.54;47.27;45.10;47.00;541662;25033526.00
20130503;47.00;49.69;46.83;49.05;1555947;75967416.00
20130506;49.02;51.18;49.00;49.85;1388253;69752480.00
20130507;49.70;51.37;49.55;50.93;1337649;67858824.00
20130508;51.10;51.50;49.96;50.88;910415;45960280.00
20130509;50.84;50.90;49.00;50.50;1105040;55413224.00
20130510;50.10;52.98;49.75;52.66;1390881;72422816.00
20130513;52.38;53.50;51.06;52.60;896854;46896848.00
20130514;52.60;52.60;50.50;50.83;982390;50329100.00
20130515;50.50;52.97;50.50;52.51;989764;51406692.00
20130516;35.85;36.16;33.71;34.00;2613758;90860424.00
20130517;33.89;34.46;33.11;34.09;1482480;50110836.00
20130520;33.84;35.90;33.84;35.69;1607298;56210932.00
20130521;35.70;36.29;35.23;36.18;1503627;54085144.00
20130522;35.91;36.40;35.29;35.34;1139519;40665188.00
20130523;35.00;38.87;34.82;37.80;3057135;116322896.00
20130524;38.80;39.70;38.00;39.70;2141911;83414160.00
20130527;39.01;40.20;38.88;39.65;1370359;54081748.00
20130528;39.20;39.20;38.00;38.10;1269274;49005776.00
20130529;38.40;40.08;38.10;40.08;1215913;47894356.00
20130530;40.00;42.20;39.61;41.45;1291915;53490512.00
20130531;41.39;42.58;40.80;40.80;1056142;43977368.00
20130603;41.00;41.50;40.01;40.08;918813;37290320.00
20130604;39.81;40.17;38.65;39.80;1349088;53031180.00
20130605;39.80;42.48;39.80;41.44;988651;40872636.00
20130606;41.00;43.30;40.71;42.34;989636;41576592.00
20130607;42.00;42.34;38.88;40.37;2389146;97250920.00
20130625;37.88;40.33;36.33;38.98;2229740;84995792.00
20130626;38.98;42.30;38.08;42.30;1576688;63569444.00
20130627;42.50;43.78;41.30;41.60;1363488;57878144.00
20130628;41.00;42.50;40.59;40.81;704132;29262782.00
20130701;40.81;44.89;40.81;44.89;1760914;77280608.00
20130702;44.89;48.00;44.34;46.67;1537150;71552408.00
20130703;46.60;47.74;46.47;46.92;868973;40801192.00
20130704;46.80;47.20;45.28;46.00;707556;32708612.00
20130705;46.25;47.57;45.09;46.30;643256;29737238.00
20130708;44.95;47.78;44.47;45.32;555576;25571482.00
20130709;45.00;46.10;44.28;46.05;490491;22282170.00
20130710;46.18;47.20;45.71;46.17;641877;29789394.00
20130711;46.17;47.26;45.00;47.26;674093;31228362.00
20130712;47.26;48.90;46.60;46.62;878464;41983636.00
20130715;46.72;50.15;46.72;50.06;1163311;56219928.00
20130716;49.80;50.70;49.22;49.90;897437;44872452.00
20130717;49.52;50.66;49.20;50.00;825545;41196484.00
20130718;49.60;50.59;48.90;50.55;557769;27844340.00
20130719;50.70;54.90;50.22;52.00;1294154;68040552.00
20130722;52.00;57.00;52.00;56.51;880862;48650120.00
20130723;56.50;58.00;55.61;57.50;673494;37991276.00
20130724;57.60;57.60;55.89;57.49;573167;32491386.00
20130725;57.11;57.38;52.55;53.30;1222524;67345624.00
20130726;52.60;53.59;50.39;51.80;1099792;56659084.00
20130729;51.60;52.80;50.18;50.22;518124;26578092.00
20130730;50.91;50.97;47.26;47.76;1252387;60422236.00
20130731;48.01;48.99;47.45;47.85;896085;43123072.00
20130801;47.88;51.40;47.68;51.17;1320298;65316396.00
20130802;51.09;51.80;48.02;48.68;1762313;87832856.00
20130805;48.50;48.85;47.00;48.78;1224940;58712852.00
20130806;49.62;52.80;49.62;52.70;1688837;86366248.00
20130807;52.68;52.68;50.50;50.99;1174309;60120328.00
20130808;50.99;52.36;50.25;51.24;537307;27474068.00
20130809;51.20;52.51;49.59;50.80;683459;34762984.00
20130812;51.00;51.03;47.50;48.15;947126;46115080.00
20130813;48.00;48.00;46.38;46.99;1726403;81036768.00
20130814;47.00;49.08;46.84;49.08;1648280;79393616.00
20130815;49.69;49.69;47.60;47.60;714031;34586720.00
20130816;47.51;48.60;47.02;47.04;596984;28518044.00
20130819;47.00;49.98;46.99;49.89;1055752;51483168.00
20130820;49.49;51.48;49.49;50.56;960873;48885060.00
20130821;50.25;52.00;49.30;51.60;825702;41703472.00
20130822;51.50;51.91;51.15;51.41;605482;31216170.00
20130823;51.40;54.00;51.10;53.96;1200096;63379312.00
20130826;54.87;54.95;53.00;54.82;803363;43460056.00
20130827;54.82;54.82;53.60;54.50;405987;22048274.00
20130828;53.90;54.38;52.60;52.70;792828;42196996.00
20130829;52.70;53.22;51.61;52.25;644336;33679256.00
20130830;52.01;52.01;49.20;49.20;624547;31665802.00
20130902;49.80;50.80;49.02;50.35;1007281;50262024.00
20130903;49.92;51.75;49.92;50.98;475783;24355126.00
20130904;51.00;51.40;50.00;50.70;489227;24828890.00
20130905;51.18;51.99;50.20;51.97;709872;36483804.00
20130906;51.89;51.97;50.70;50.87;473277;24197320.00
20130909;50.55;51.49;49.17;50.21;758616;37905696.00
20130910;50.03;50.40;48.60;48.60;680284;33428660.00
20130911;48.50;48.98;46.68;47.19;649183;30587752.00
20130912;46.80;48.00;46.60;47.13;607069;28572472.00
20130913;47.13;48.50;46.50;48.00;462456;22061358.00
20130916;48.32;49.00;46.60;48.18;865991;41353512.00
20130917;48.00;48.18;47.02;47.38;401964;19125226.00
20130918;47.64;47.84;47.29;47.67;421537;20065368.00
20130923;47.64;48.50;47.06;48.00;1196067;57113040.00
20130924;48.00;48.38;46.30;47.07;1204646;56627384.00
20130925;47.08;47.20;44.00;45.11;1934433;87490048.00
20130926;44.90;45.93;44.30;44.73;995243;44690164.00
20130927;44.77;45.00;43.90;43.96;997290;44088952.00
20130930;44.01;44.92;44.00;44.90;504471;22487436.00
20131008;45.25;46.29;44.75;46.10;1019180;46486572.00
20131009;46.10;50.71;45.81;50.71;2205940;106925728.00
20131010;51.99;52.70;50.00;50.29;1828746;94336480.00
20131011;50.01;51.39;48.91;50.53;988870;49434012.00
20131014;50.50;50.50;49.51;50.20;616678;30807760.00
20131015;51.22;51.22;48.46;48.56;916385;45318284.00
20131016;48.71;48.96;46.08;47.08;944033;44650964.00
20131017;47.24;48.64;47.08;47.36;645930;30926952.00
20131018;46.92;47.98;46.46;47.20;547119;25606654.00
20131021;47.69;49.16;47.25;48.96;744465;36057028.00
20131022;49.46;49.46;46.66;48.50;940143;44917108.00
20131023;47.98;47.98;45.90;46.28;748733;35017908.00
20131024;46.35;46.98;45.02;46.12;553752;25496132.00
20131025;46.34;46.49;44.66;44.93;550027;24841628.00
20131028;44.90;46.58;44.90;46.42;738438;33873504.00
20131029;46.42;47.70;44.51;45.45;726704;33338904.00
20131030;46.00;47.43;45.04;47.18;635792;29481364.00
20131031;47.60;47.60;44.80;44.80;852895;39097240.00
20131101;44.51;45.79;44.31;45.00;360827;16248407.00
20131104;44.72;46.10;44.72;45.66;428420;19567790.00
20131105;45.68;46.68;45.09;46.46;415668;19227508.00
20131106;46.38;48.65;46.21;46.98;770796;36658116.00
20131107;46.54;46.88;45.00;45.00;547911;25246074.00
20131108;44.80;45.00;42.50;43.30;793098;34704556.00
20131111;42.80;44.35;42.80;44.10;212765;9302776.00
20131112;44.51;44.61;43.25;43.90;464785;20471218.00
20131113;43.90;45.19;43.39;43.41;581748;25817704.00
20131114;43.40;45.55;43.21;45.10;866407;38842596.00
20131115;45.00;46.68;45.00;45.83;1282320;59019120.00
20131118;46.00;46.95;45.89;46.17;695188;32227312.00
20131119;46.17;46.96;46.13;46.69;705966;32877048.00
20131120;46.33;46.74;45.50;45.96;628337;28791676.00
20131121;45.78;45.85;44.50;45.38;521988;23544606.00
20131122;45.35;45.96;45.11;45.67;448062;20394194.00
20131125;45.65;47.87;45.00;47.71;1293001;60481536.00
20131126;47.70;50.15;47.36;48.95;2060174;100947296.00
20131127;48.87;49.49;48.08;49.03;1173632;57472236.00
20131128;49.13;51.45;49.05;51.22;1707103;86720480.00
20131129;51.59;53.50;51.56;52.27;2411352;126554952.00
20131202;47.90;49.77;47.04;47.04;2980067;142201920.00
20131203;45.90;46.49;43.00;45.66;1408540;63301184.00
20131204;45.03;47.24;44.61;44.97;1114858;51456372.00
20131205;44.96;45.43;43.11;43.25;1341747;58709860.00
20131206;43.00;43.88;42.84;43.59;648017;28174174.00
20131209;43.59;45.46;43.00;45.45;774703;34599376.00
20131210;45.47;45.55;43.90;44.08;1015155;45113820.00
20131211;44.12;44.74;44.00;44.27;614567;27239238.00
20131212;44.24;45.55;44.11;45.13;606274;27295620.00
20131213;45.12;45.78;44.50;44.98;502827;22734766.00
20131226;48.00;49.48;47.51;49.48;2847993;140029616.00
20131227;49.44;49.88;48.33;49.43;2724624;134013912.00
20131230;49.59;51.18;49.10;49.55;1640422;81895720.00
20131231;48.98;49.49;47.62;49.42;1233694;59944628.00
20140102;49.23;50.41;48.00;49.80;1160158;57298356.00
20140103;49.79;49.79;48.68;48.87;840745;41337824.00
20140106;48.52;48.56;46.70;46.70;1062578;50548404.00
20140107;46.38;47.30;45.88;46.95;531597;24832236.00
20140108;47.15;49.09;47.15;48.88;1096426;53243940.00
20140109;48.79;49.49;47.28;47.30;861191;41958424.00
20140110;47.00;48.99;46.80;48.86;744016;35654664.00
20140113;48.79;49.65;47.91;49.49;889419;43684908.00
20140114;49.89;50.21;49.10;49.94;690953;34406112.00
20140115;49.99;51.64;49.99;51.27;1632858;83495376.00
20140116;51.58;51.58;49.88;50.24;923617;46639264.00
20140117;50.22;51.18;49.80;50.25;597755;30217656.00
20140120;50.25;50.75;48.40;49.38;681168;33702452.00
20140121;49.28;49.99;49.00;49.81;583282;28908452.00
20140122;49.86;50.70;49.45;50.38;879352;44075760.00
20140123;50.30;52.98;50.30;52.55;1385848;71900584.00
20140124;52.03;53.50;51.98;52.09;1212813;63735732.00
20140127;52.09;54.25;51.62;52.84;909037;48155556.00
20140128;52.90;53.91;51.71;53.73;717886;37842812.00
20140129;53.94;55.47;53.94;54.80;990652;54302868.00
20140130;55.00;55.70;53.63;54.71;576555;31442792.00
20140207;54.00;55.55;54.00;55.30;707600;38984568.00
20140210;55.97;56.00;53.52;54.31;1371787;74547008.00
20140211;54.30;54.73;51.90;52.99;1338374;71139480.00
20140212;52.81;54.23;52.52;54.22;656629;35105696.00
20140213;54.00;54.55;52.10;52.18;843428;44568292.00
20140214;52.25;54.40;52.25;54.29;900395;48185516.00
20140217;54.48;56.22;54.48;55.90;1221558;67819200.00
20140218;55.87;56.00;54.40;55.90;931923;51130312.00
20140219;55.00;55.82;54.30;54.88;582673;31951496.00
20140220;54.80;55.50;53.66;54.95;691597;37869064.00
20140221;55.00;55.37;54.30;54.85;423352;23142992.00
20140224;54.55;55.15;53.70;54.99;592632;32253592.00
20140225;54.97;56.01;50.70;52.38;1371242;74520512.00
20140226;52.38;52.38;50.22;51.00;592500;30309754.00
20140227;51.34;53.00;50.70;50.96;587238;30299230.00
20140228;51.01;51.98;49.08;51.98;547987;27773250.00
20140303;51.60;52.50;51.06;51.87;412827;21444568.00
20140304;51.48;51.87;50.80;51.20;328742;16850398.00
20140305;51.59;52.12;51.20;51.24;359917;18573220.00
20140306;51.30;52.20;50.90;52.16;327951;16928770.00
20140307;52.16;54.75;52.01;54.30;894832;48448576.00
20140310;54.28;55.64;53.53;53.91;814050;44318292.00
20140311;54.49;56.98;54.00;56.50;1316696;73929096.00
20140312;56.50;56.50;51.16;52.78;1541353;82806400.00
20140313;52.36;53.45;50.80;53.11;682810;35655040.00
20140314;52.63;53.38;52.00;52.19;538071;28344950.00
20140317;51.82;52.96;51.82;52.61;546210;28661042.00
20140318;52.90;57.87;52.60;57.29;2499468;141818368.00
20140319;56.50;57.90;55.00;56.80;1419316;80260336.00
20140320;56.42;59.95;55.52;57.80;1578017;92157320.00
20140321;56.90;59.10;55.60;58.75;1546988;88919160.00
20140324;59.02;60.88;57.90;58.25;2173201;128200136.00
20140325;58.85;58.88;56.55;57.78;812180;46501872.00
20140326;58.10;59.80;57.66;58.98;830033;49030164.00
20140327;58.50;58.80;56.80;56.87;626059;36061676.00
20140328;56.87;57.48;52.00;53.00;886565;48042924.00
20140331;51.75;53.97;51.75;53.20;430240;22837924.00
20140401;53.17;54.90;53.17;54.87;347713;18831080.00
20140402;54.66;55.20;53.12;53.29;355994;19118916.00
20140403;53.29;54.28;53.01;53.50;250213;13443503.00
20140404;53.71;58.42;53.70;56.71;643758;36291156.00
20140408;57.60;59.15;57.00;58.70;878438;51210700.00
20140409;58.65;58.65;57.51;58.30;747694;43407092.00
20140410;58.50;59.20;57.64;58.05;915846;53527608.00
20140411;28.64;29.76;27.58;29.58;2761867;79780888.00
20140414;29.26;29.90;28.50;29.00;1704009;49696492.00
20140415;29.10;29.10;28.00;28.56;1261574;35933004.00
20140416;28.50;28.65;27.61;27.80;1101625;30769454.00
20140417;27.80;28.31;27.59;27.60;989646;27615454.00
20140418;27.50;28.25;27.21;28.25;916219;25562788.00
20140421;27.88;29.10;27.70;28.50;1358550;38812756.00
20140422;28.34;29.09;27.55;28.33;1209031;34488596.00
20140423;28.15;28.55;27.55;27.60;708203;19695554.00
20140424;27.70;27.70;25.68;26.58;1255168;33283394.00
20140425;26.52;26.62;25.31;25.31;878828;22821310.00
20140428;25.30;25.30;24.00;24.55;1072614;26515594.00
20140429;24.50;25.18;24.50;25.15;491663;12253067.00
20140430;25.00;25.67;24.88;25.49;534327;13570503.00
20140505;25.48;26.00;25.42;25.85;432168;11127518.00
20140506;25.69;27.00;25.68;26.42;1043950;27745444.00
20140507;26.40;26.50;25.83;25.85;647573;16964594.00
20140508;25.80;25.90;25.26;25.40;602021;15383739.00
20140509;25.40;25.40;24.28;25.25;854583;21039554.00
20140512;25.01;25.72;24.45;25.12;1030366;25753362.00
20140513;25.12;25.50;24.35;25.10;942679;23443234.00
20140514;24.20;25.10;24.20;24.89;955715;23557350.00
20140515;24.70;24.88;23.50;23.53;1410700;33957636.00
20140516;23.45;23.59;21.70;22.16;1844841;41391440.00
20140519;22.22;22.30;21.87;22.26;712111;15696645.00
20140520;22.26;23.23;22.26;22.70;864078;19757618.00
20140521;22.68;22.85;22.25;22.81;515526;11670683.00
20140522;22.85;24.11;22.85;23.50;1555339;36950816.00
20140523;23.56;23.65;22.97;23.51;842394;19609978.00
20140526;23.68;23.81;23.41;23.76;871008;20598512.00
20140527;23.76;23.84;23.13;23.13;771215;18104866.00
20140528;23.12;23.99;23.10;23.90;1082033;25537820.00
20140529;23.95;23.99;23.19;23.39;1069426;25089598.00
20140530;23.33;23.47;23.02;23.33;607767;14156789.00
20140603;23.35;23.59;23.16;23.43;546645;12766229.00
20140604;23.50;23.50;22.69;23.40;744590;17192016.00
20140605;23.28;23.47;23.03;23.40;587944;13706651.00
20140606;23.40;23.50;23.17;23.32;480268;11193592.00
20140609;23.31;23.32;22.80;23.10;630218;14549505.00
20140610;23.00;23.99;22.86;23.75;1008748;23834708.00
20140611;23.88;24.80;23.55;24.38;1493272;36082592.00
20140612;24.15;24.56;23.95;24.10;840491;20361632.00
20140613;23.99;24.51;23.94;24.35;773345;18769694.00
20140616;24.37;24.99;24.37;24.82;1000981;24827002.00
20140617;24.85;24.85;24.09;24.09;939313;22842272.00
20140618;24.20;24.80;23.40;23.69;945893;22507346.00
20140619;23.69;23.70;22.50;22.50;647325;14905977.00
20140620;22.86;23.01;22.21;22.91;755316;17041810.00
20140623;22.99;23.98;22.81;23.47;940520;21995806.00
20140624;23.38;23.80;23.15;23.27;930542;21772964.00
20140625;23.25;23.55;23.07;23.48;601683;14022777.00
20140626;23.47;24.60;23.26;24.40;2173953;52802104.00
20140627;24.32;24.75;24.06;24.50;1661551;40572756.00
20140630;24.50;24.94;24.39;24.66;1308975;32269542.00
20140701;24.66;24.83;24.46;24.50;1621866;39871180.00
20140702;24.52;24.52;23.80;24.14;1607889;38683208.00
20140703;24.10;24.48;23.91;24.43;1286983;31195724.00
20140704;24.49;25.64;24.49;25.54;2976761;75404544.00
20140707;25.60;25.90;24.83;25.10;1825144;45845348.00
20140708;25.00;25.00;24.32;24.88;1641731;40477216.00
20140709;24.63;24.96;23.95;24.08;1735007;42327004.00
20140710;24.16;24.78;24.10;24.26;1241938;30335574.00
20140711;24.26;24.47;23.90;24.02;1105755;26731230.00
20140714;24.09;24.39;23.90;24.36;892977;21556062.00
20140715;24.36;24.41;24.02;24.17;821739;19850342.00
20140716;24.21;24.28;23.40;23.93;1298512;30864924.00
20140717;23.80;23.83;23.18;23.33;1063812;24854218.00
20140718;23.20;23.55;23.03;23.33;521382;12163540.00
20140721;23.33;23.50;23.08;23.40;489382;11404772.00
20140722;23.29;23.77;23.27;23.65;616723;14548392.00
20140723;23.65;23.86;22.58;22.70;1142228;26304160.00
20140724;22.59;22.70;21.83;22.05;1240527;27657758.00
20140725;22.00;22.44;21.94;22.28;662038;14722641.00
20140728;22.33;22.86;22.23;22.74;998423;22505452.00
20140729;22.74;23.39;22.74;23.12;1061263;24582010.00
20140730;23.11;23.72;23.10;23.61;1231729;28964740.00
20140731;23.45;23.77;23.45;23.51;1152412;27220848.00
20140801;23.62;23.96;23.43;23.51;1161235;27515622.00
20140804;23.60;23.76;23.20;23.38;1178410;27645064.00
20140805;23.54;23.70;23.20;23.70;1551327;36499732.00
20140806;23.85;24.15;23.65;23.98;1618554;38836992.00
20140807;23.96;24.33;23.90;23.91;1281964;30894334.00
20140808;23.91;24.10;23.84;24.04;866651;20781188.00
20140811;24.10;24.35;23.90;24.31;1171151;28277180.00
20140812;24.33;24.33;23.97;24.10;1075259;25897002.00
20140813;24.10;24.14;23.72;23.92;773361;18494908.00
20140814;24.11;24.18;23.87;23.90;847534;20307986.00
20140815;23.90;24.24;23.86;24.16;1316514;31758396.00
20140818;24.26;24.99;24.17;24.95;2135167;52325788.00
20140819;24.90;25.47;24.75;25.09;2423345;60816632.00
20140820;25.04;25.37;24.81;24.97;1893635;47467240.00
20140821;25.01;25.13;24.68;25.10;1654327;41226252.00
20140822;25.13;25.38;24.81;25.10;1959960;49021800.00
20140825;25.08;25.08;24.58;24.67;1231737;30498192.00
20140826;24.80;24.88;23.88;23.97;1506630;36549284.00
20140827;24.12;24.15;23.90;24.08;603991;14521422.00
20140828;23.93;24.16;23.83;23.99;884583;21228520.00
20140829;24.02;24.18;23.87;24.16;664334;15973007.00
20140901;24.27;25.02;24.20;24.96;1665030;41117576.00
20140902;25.00;25.34;25.00;25.18;2241579;56509268.00
20140903;25.21;25.77;25.21;25.60;3033052;77354552.00
20140904;25.68;25.94;25.45;25.79;2104906;54219988.00
20140905;26.00;26.00;25.55;25.66;2267334;58300712.00
20141014;28.23;28.23;26.94;28.23;6820730;192075312.00
20141015;28.19;29.73;27.80;29.12;9359961;271420800.00
20141016;28.90;29.19;28.24;28.39;4222227;120942096.00
20141017;28.01;28.36;26.62;27.06;3254238;89181360.00
20141020;27.08;29.29;27.08;28.95;3965752;112287592.00
20141021;28.95;29.49;28.31;29.13;4187698;121566560.00
20141022;29.13;29.15;27.83;28.00;2056364;58548740.00
20141023;27.89;27.90;26.77;26.89;1818233;49558900.00
20141024;26.85;27.60;26.85;27.20;1551010;42268656.00
20141027;27.00;28.30;26.80;27.90;1803005;50092652.00
20141028;27.98;29.28;27.98;29.05;3130584;90108552.00
20141029;29.21;29.55;28.62;29.48;3423772;99612840.00
20141030;29.48;30.56;29.21;29.34;3780264;113079248.00
20141031;29.22;30.08;28.43;29.43;3684821;107349024.00
20141103;29.65;31.55;29.40;30.99;4221630;130094976.00
20141104;31.00;34.09;30.82;33.64;5832959;191856608.00
20141105;33.60;34.35;32.34;33.26;3256222;108670608.00
20141106;33.10;33.89;33.00;33.78;1998250;66885100.00
20141107;33.77;37.00;33.77;34.77;3793087;133422280.00
20141110;34.98;36.33;34.20;34.73;3029381;106123176.00
20141111;34.80;35.28;31.60;32.57;4465811;145806944.00
20141112;32.20;34.52;31.90;34.43;3227774;107238432.00
20141113;34.18;35.88;33.13;34.90;2806835;96555392.00
20141114;34.89;35.73;33.86;35.01;2233317;78109632.00
20141117;35.39;35.39;32.70;33.39;2866546;97028912.00
20141118;33.19;33.20;31.98;32.80;1880472;61056748.00
20141119;32.55;33.77;32.55;33.08;1354327;45153496.00
20141120;33.08;33.35;32.30;33.11;1373943;44966764.00
20141121;33.14;33.80;32.81;33.39;1288425;43089964.00
20141124;33.94;34.10;32.51;33.64;1312701;43585752.00
20141125;33.80;34.40;33.12;33.45;1927084;64613408.00
20141126;33.39;34.31;33.11;33.99;1724448;58346684.00
20141127;34.35;34.45;33.53;33.53;1697421;57335708.00
20141128;33.55;33.55;32.13;32.18;2512480;81491088.00
20141201;32.06;32.30;30.45;31.00;2577582;80204800.00
20141202;30.65;31.98;30.65;31.85;1409845;44656380.00
20141203;31.63;31.90;30.75;31.86;1621036;50555152.00
20141204;32.10;32.49;31.66;31.71;1576520;50518156.00
20141205;31.71;31.72;30.08;30.79;2253085;68944392.00
20141208;31.00;31.00;29.78;29.88;1565827;47254488.00
20141209;29.79;30.20;27.82;28.60;2623863;75650176.00
20141210;28.60;29.96;28.11;29.44;1666245;49181928.00
20141211;29.44;29.79;28.80;29.31;1432511;41925340.00
20141212;29.50;29.68;29.05;29.49;1119462;32795246.00
20141215;29.52;30.98;29.52;30.89;2187415;66035476.00
20141216;30.90;31.01;30.00;30.05;1453100;43960452.00
20141217;29.92;29.93;28.80;29.18;1264656;36787912.00
20141218;29.18;29.23;28.40;28.49;1375580;39497372.00
20141219;28.42;28.84;27.82;28.48;1089327;30715876.00
20141222;28.62;28.62;27.00;27.08;1346339;36884792.00
20141223;27.46;27.46;26.42;26.51;1149787;31060544.00
20141224;26.90;28.35;26.56;27.88;1651878;45534588.00
20141225;27.97;28.48;27.37;27.60;1246464;34701044.00
20141226;27.65;28.06;27.44;27.68;2216580;61585904.00
20141229;27.74;27.76;26.01;26.27;2098892;55285520.00
20141230;26.19;26.25;25.15;25.30;1279785;32837716.00
20141231;25.32;25.66;24.70;25.27;1233661;31093308.00
20150105;25.39;27.80;25.18;26.47;1598549;42260252.00
20150106;26.28;27.36;23.82;27.24;1946726;51065192.00
20150107;26.65;27.09;26.31;26.70;1137468;30367690.00
20150108;26.50;27.68;26.50;27.19;1455578;39525004.00
20150109;27.33;27.63;26.40;26.40;1101550;29914830.00
20150112;26.32;26.32;25.27;25.46;1078045;27621374.00
20150113;25.48;26.27;25.11;26.04;1042890;27020232.00
20150114;26.04;26.30;25.42;25.43;797737;20484290.00
20150115;25.68;26.10;25.20;25.21;1252528;32033064.00
20150116;25.25;25.86;25.25;25.77;1463899;37453636.00
20150119;25.50;28.35;25.21;28.35;7548055;211687632.00
20150120;28.69;29.99;28.43;29.89;8080646;235456912.00
20150121;29.50;29.70;28.87;29.42;4447078;130078520.00
20150122;29.30;30.90;29.01;30.18;4211598;126453784.00
20150123;30.09;30.29;29.00;29.12;2554179;75556912.00
20150126;29.12;29.45;29.06;29.33;1401407;41024684.00
20150127;29.32;29.98;28.50;29.02;2331478;68160512.00
20150128;29.21;29.43;28.52;29.18;1802644;52615432.00
20150129;29.08;29.81;28.70;29.43;1872984;55105640.00
20150130;29.38;29.63;28.27;28.30;1815595;52285312.00
20150202;28.00;28.65;27.63;27.97;1261186;35507616.00
20150203;28.35;28.98;27.98;28.67;1932008;55337128.00
20150204;28.70;29.49;28.70;28.87;1818830;53060756.00
20150205;28.76;29.40;28.71;28.74;2284407;66552948.00
20150206;28.64;29.00;26.50;26.65;2711150;74273448.00
20150209;26.66;26.98;26.00;26.07;1395928;36769868.00
20150210;26.07;27.79;26.07;27.73;2475628;67018148.00
20150211;27.70;27.70;27.01;27.20;1561959;42553064.00
20150212;27.09;28.00;27.06;27.60;1643456;45605484.00
20150213;27.70;28.44;27.68;28.20;1570734;44151056.00
20150216;28.49;28.97;28.00;28.87;1996832;57127576.00
20150217;28.87;29.03;28.31;28.68;1245200;35573556.00
20150225;28.74;29.80;28.74;28.99;2038073;59599392.00
20150226;29.00;29.24;28.08;28.62;1668015;47599012.00
20150227;28.57;29.17;28.41;29.10;1610757;46480560.00
20150302;29.60;32.01;29.60;32.01;8114762;254968944.00
20150303;32.50;32.50;30.96;30.98;5888445;185710000.00
20150304;30.90;32.00;30.70;31.62;4234580;133312200.00
20150305;31.64;32.04;31.10;31.41;3117428;98382176.00
20150306;31.32;31.70;29.98;30.00;4105673;124998800.00
20150309;30.09;30.79;29.90;30.25;2367113;71929272.00
20150310;30.35;31.48;30.30;31.44;2486895;77129952.00
20150311;31.48;32.00;31.08;31.27;2345738;73835024.00
20150312;30.99;31.20;30.05;30.31;2061701;62780188.00
20150313;30.35;30.68;30.10;30.53;2353082;71549248.00
20150316;30.80;32.30;30.80;31.98;4291791;136351088.00
20150317;32.37;32.37;31.55;31.85;3288681;104581008.00
20150318;31.88;34.29;31.80;33.32;4420306;145743472.00
20150319;32.81;34.28;32.50;34.23;3788471;125674160.00
20150320;34.00;34.90;33.59;34.90;4446285;152757072.00
20150323;33.49;37.28;32.46;36.06;10372503;359083200.00
20150324;35.90;39.55;35.43;38.30;9699578;366552128.00
20150325;37.88;39.40;37.50;38.51;6353174;244460144.00
20150421;42.36;42.36;37.20;37.75;9621182;376369344.00
20150422;38.08;41.53;37.50;41.53;6569796;256551296.00
20150423;42.51;42.51;39.58;39.95;6296480;258654912.00
20150424;39.87;41.35;37.25;40.09;6400198;247932624.00
20150427;40.38;44.10;40.36;43.35;7732395;332216864.00
20150428;43.50;45.00;42.10;44.58;5448965;238683600.00
20150429;44.00;47.42;41.70;46.02;4292366;191179040.00
20150430;45.88;48.60;45.10;46.26;3007168;141699984.00
20150504;45.40;47.59;43.41;43.58;3100818;140556512.00
20150505;43.01;44.28;40.50;41.87;3838476;160179216.00
20150506;41.87;43.70;40.94;41.71;2972358;126470472.00
20150507;41.66;42.58;39.41;39.51;2799505;112673688.00
20150508;39.93;43.46;39.93;43.46;3610692;150656400.00
20150511;45.10;47.70;45.00;47.70;5694184;267400224.00
20150512;48.71;51.48;48.71;50.00;5866168;292371392.00
20150513;49.20;53.30;45.21;49.88;4165250;207660000.00
20150514;49.68;51.90;48.00;48.96;2713881;134684880.00
20150515;48.29;48.78;45.90;47.50;3862816;182536160.00
20150518;46.81;52.25;46.81;52.21;4437036;223590016.00
20150519;53.00;53.00;49.80;50.89;2544339;129718792.00
20150520;51.00;54.16;50.90;51.70;2528356;132941992.00
20150521;51.78;53.50;50.38;52.91;3248314;169271248.00
20150522;53.00;57.00;53.00;55.92;3564558;195617376.00
20150525;54.00;55.14;53.00;53.67;3544388;191154752.00
20150526;53.69;55.14;52.80;54.11;3610701;194135248.00
20150527;54.07;54.07;51.81;52.81;3185908;167691424.00
20150528;52.88;53.82;48.00;48.20;3760032;192168304.00
20150529;48.18;50.00;44.00;48.30;2822286;135913856.00
20150601;49.04;52.83;49.04;52.27;2946159;151019072.00
20150602;52.70;56.46;52.01;55.80;3903514;214066352.00
20150603;55.92;59.89;55.92;57.57;3723752;215917136.00
20150604;56.05;58.20;51.81;55.29;2945737;160574352.00
20150605;55.40;57.10;50.00;52.85;3972988;212382320.00
20150608;53.00;53.46;48.50;49.41;2811865;140396896.00
20150609;49.45;51.50;49.45;50.14;3499880;177281744.00
20150610;50.39;52.25;49.00;51.30;3084731;156070544.00
20150611;51.56;52.50;50.10;50.48;3868460;196870864.00
20150612;50.48;51.37;48.90;51.30;4923197;244585088.00
20150615;51.90;56.43;51.62;54.91;9002731;494442400.00
20150616;54.86;59.50;49.45;55.49;8251586;443145792.00
20150617;55.01;60.00;55.01;59.79;6606105;383745824.00
20150819;53.81;53.81;53.81;53.81;20100;1081581.00
20150820;48.43;48.43;48.43;48.43;90100;4363543.00
20150821;43.59;43.59;43.59;43.59;31600;1377444.00
20150824;39.23;39.23;39.23;39.23;14000;549220.00
20150825;35.31;35.31;35.31;35.31;180000;6355800.00
20150826;31.78;31.78;31.78;31.78;1367100;43446440.00
20150827;28.60;30.06;28.60;29.52;16179802;468383296.00
20150828;29.05;32.16;28.16;31.46;12003805;357539200.00
20150831;30.44;30.88;28.31;28.31;8867712;263306544.00
20150901;26.95;27.93;25.48;25.60;8928629;236541280.00
20150902;23.10;26.08;23.04;23.04;8921693;213590512.00
20150907;23.51;24.79;23.51;23.79;5922617;142502464.00
20150908;23.58;26.17;23.20;26.17;7246090;180250592.00
20150909;26.33;27.50;25.00;27.29;9685482;257890128.00
20150910;26.01;29.50;25.80;29.50;7318770;200539712.00
20150911;28.01;31.89;28.01;31.09;8188067;248617648.00
20150914;31.09;31.09;27.98;31.00;6021385;176299552.00
20150915;29.66;32.49;28.82;31.90;5918274;185002992.00
20150916;32.22;34.89;30.37;34.50;8607098;279479584.00
20150917;33.01;36.31;31.57;34.90;7556615;256030320.00
20150918;34.00;34.80;33.25;34.00;2974983;100917592.00
20150921;32.98;33.92;32.30;33.25;2696691;89585968.00
20150922;32.93;34.78;32.32;32.35;2303750;77268160.00
20150923;31.89;35.59;31.01;35.59;5393986;185543488.00
20150924;36.50;38.98;35.51;38.13;6125905;227402704.00
20150925;37.61;37.98;34.50;36.40;3968928;145300672.00
20150928;35.15;36.38;33.90;35.00;4091082;141681904.00
20150929;33.99;34.31;32.21;32.59;2524994;83896480.00
20150930;32.80;33.19;30.58;30.59;2937366;91895424.00
20151008;31.17;32.10;30.00;31.64;6285176;196393216.00
20151009;31.05;32.00;30.02;31.98;5379086;165731840.00
20151012;32.09;33.40;31.60;32.71;6652927;216792640.00
20151013;32.00;33.61;31.78;32.20;5381684;175261920.00
20151014;32.40;32.83;31.12;31.18;4087367;130622904.00
20151015;30.44;31.68;30.41;31.40;6162136;192601984.00
20151016;31.78;33.00;31.42;32.88;8668320;277224000.00
20151019;32.91;32.94;30.50;31.68;6807753;217351696.00
20151020;31.30;34.85;31.18;34.85;13420300;445309184.00
20151021;34.99;35.60;31.37;31.37;12128089;407946720.00
20151022;30.29;32.12;29.26;31.57;8669435;267280672.00
20151023;31.28;31.75;30.31;31.24;6661784;206668208.00
20151026;31.51;31.88;30.34;30.65;5287626;163917280.00
20151027;30.09;30.23;28.50;29.93;4454877;131724984.00
20151028;29.95;30.75;29.29;29.80;4791201;143865280.00
20151029;30.30;30.49;29.35;29.60;3284900;98044816.00
20151030;29.50;29.97;28.93;29.30;2809687;82955680.00
20151102;28.69;29.50;28.01;28.10;3294277;94433616.00
20151103;28.32;28.74;27.90;28.23;3121940;88104160.00
20151104;28.23;30.00;28.23;30.00;5520439;160977024.00
20151105;30.11;30.30;29.27;29.44;4389281;130371448.00
20151106;29.46;30.47;29.45;30.28;4976580;149754864.00
20151109;30.10;31.45;29.90;30.95;5448698;167411584.00
20151110;30.74;32.00;30.60;31.49;6227635;196752016.00
20151111;31.95;32.79;31.50;32.24;5302711;170816064.00
20151112;32.48;33.29;31.80;32.87;6981642;227586256.00
20151113;32.75;32.77;30.75;31.10;4853943;154245216.00
20151116;30.30;32.30;30.00;32.30;3533244;110204072.00
20151117;32.42;33.15;31.20;31.29;4473384;144398016.00
20151118;31.31;31.97;31.20;31.49;4001821;126348200.00
20151119;31.86;34.64;31.49;34.64;9402013;314461984.00
20151120;36.00;38.09;35.00;37.75;9432713;344031136.00
20160330;33.98;35.80;33.98;35.10;9489577;325706464.00
20160331;34.80;34.80;33.30;33.40;8822422;299745376.00
20160401;33.00;33.00;31.47;32.17;5506895;176697216.00
20160405;31.73;33.00;31.72;32.76;4445780;144909200.00
20160406;32.76;32.76;31.74;32.52;5190753;167198336.00
20160407;32.95;33.08;32.01;32.01;4079794;132578808.00
20160408;31.69;31.69;29.91;30.35;4877042;149009280.00
20160411;30.60;31.35;30.60;30.93;3187617;98899480.00
20160412;31.00;31.01;30.01;30.53;2576957;78149680.00
20160413;30.80;31.58;30.60;31.11;3585454;112133768.00
20160414;31.20;31.57;31.00;31.57;2871516;89894736.00
20160415;31.78;33.45;31.78;32.80;6283748;205484208.00
20160418;32.00;32.60;31.41;31.90;3211091;102246816.00
20160419;31.90;32.50;31.51;31.70;2581837;82302760.00
20160420;31.82;32.05;28.53;28.81;5065996;151789152.00
20160421;28.80;29.20;27.60;27.70;2423710;69280592.00
20160422;27.70;28.55;27.63;28.28;2300465;64698552.00
20160425;28.25;28.25;27.10;27.89;1522386;42166816.00
20160426;27.61;28.49;27.61;28.45;1451130;40772532.00
20160427;28.55;28.69;28.00;28.00;1527841;43126688.00
20160428;28.10;29.05;27.85;28.48;2010269;57282184.00
20160429;28.46;29.15;28.33;28.62;1554559;44815588.00
20160503;29.01;29.59;28.45;29.50;2096911;61281260.00
20160504;29.22;30.69;29.15;30.13;2951308;89064600.00
20160505;29.92;30.30;29.70;30.13;1728694;51766768.00
20160506;30.29;30.79;28.30;28.31;2547024;74940880.00
20160512;28.68;28.68;26.02;26.51;2209324;58951984.00
20160513;26.30;26.87;25.90;26.05;1376335;36205316.00
20160516;26.05;26.69;25.25;26.55;1740370;45482280.00
20160517;26.55;27.30;26.36;26.88;1699703;45657248.00
20160518;26.99;26.99;25.33;25.62;1488998;38701656.00
20160519;25.38;26.49;25.38;25.63;1177406;30535350.00
20160520;25.60;26.00;25.40;26.00;968820;24952550.00
20160523;26.14;26.60;26.05;26.47;1247547;32942626.00
20160524;26.73;26.73;25.84;26.26;1209185;31603878.00
20160525;26.44;26.51;25.90;26.21;1054320;27709142.00
20160526;26.01;26.30;25.41;26.27;1093832;28288034.00
20160527;26.28;26.30;25.91;26.17;882255;23059288.00
20160530;26.17;26.47;25.75;26.17;1007309;26355908.00
20160531;26.17;27.66;26.09;27.58;2508632;67644792.00
20160601;27.58;27.70;27.31;27.35;2104929;57847592.00
20160602;27.10;27.60;27.10;27.50;1386917;38043300.00
20160603;27.73;28.28;27.51;28.08;2221652;62238876.00
20160606;28.00;28.55;28.00;28.50;2035368;57462712.00
20160607;28.48;28.58;28.03;28.39;1616095;45705988.00
20160608;28.29;28.65;27.60;28.16;2484970;69534232.00
20160613;27.51;28.19;26.13;27.02;2732506;75534464.00
20160614;26.76;29.50;26.58;27.99;4203440;118040464.00
20160615;27.36;28.94;27.22;28.67;3958018;112563512.00
20160616;28.60;28.60;27.70;27.76;3139359;88192632.00
20160617;27.95;28.25;27.40;27.72;2206576;61491400.00
20160620;27.97;28.28;27.43;28.18;2193106;61323076.00
20160621;28.38;28.48;27.60;27.75;2446881;68666120.00
20160622;27.71;30.53;27.65;30.53;8538868;254783536.00
20160623;33.58;33.58;33.58;33.58;4532044;152186032.00
20160624;33.38;36.94;32.75;36.94;21779749;753447552.00
20160627;36.45;39.10;35.40;38.40;18692656;696136640.00
20160628;37.70;39.96;36.81;38.30;14831272;564344320.00
20160629;38.20;41.83;37.37;39.09;17130007;674752128.00
20160630;39.12;43.00;38.75;43.00;14038812;575091264.00
