20120920;29.50;29.50;27.50;27.66;8083698;229568064.00
20120921;26.70;26.92;25.11;25.15;5404375;140731728.00
20120924;24.87;25.55;23.91;24.93;3450199;85102816.00
20120925;24.63;24.95;24.11;24.13;2117147;51724472.00
20120926;24.00;24.00;22.89;22.96;2425904;56542848.00
20120927;23.06;23.34;22.60;23.15;2032193;46809092.00
20120928;22.95;23.66;22.80;23.45;1818933;42516948.00
20121008;23.30;23.58;22.90;23.04;1108624;25756456.00
20121009;23.48;23.90;23.12;23.80;1663540;39366208.00
20121010;23.60;23.84;23.51;23.82;1257141;29771764.00
20121011;23.95;24.88;23.72;23.95;2173143;52910632.00
20121012;23.82;24.23;23.20;23.45;1249134;29522278.00
20121015;23.46;23.47;22.77;23.07;844147;19386482.00
20121016;23.00;23.27;22.92;23.08;442167;10215437.00
20121017;23.10;23.34;23.10;23.24;568579;13222597.00
20121018;23.35;23.54;23.28;23.45;604739;14185287.00
20121019;23.45;23.64;23.16;23.33;481375;11247001.00
20121022;23.30;23.42;23.04;23.30;476361;11055605.00
20121023;23.42;23.95;23.32;23.47;928664;22022030.00
20121024;23.45;23.45;23.01;23.18;566357;13136378.00
20121025;23.10;23.30;22.88;22.93;447558;10328860.00
20121026;23.05;23.07;22.36;22.36;625897;14150826.00
20121029;22.11;22.88;22.11;22.49;259313;5832689.00
20121030;22.58;22.58;22.28;22.33;248284;5566417.00
20121031;22.38;23.23;22.18;23.08;1006083;23067424.00
20121101;23.31;24.30;23.28;24.12;3158472;75608176.00
20121102;23.99;24.98;23.92;24.90;2897129;71275776.00
20121105;24.96;25.19;24.15;24.43;1755180;43124692.00
20121106;24.32;24.80;23.91;24.80;1434194;34888028.00
20121107;24.60;24.89;23.87;23.87;1515086;36880036.00
20121108;23.94;25.87;23.90;25.20;3399602;84970000.00
20121109;25.50;25.78;24.80;25.40;2729816;69220400.00
20121112;25.14;25.79;25.13;25.61;2217431;56576556.00
20121113;25.83;26.26;25.44;25.44;2599759;67021012.00
20121114;25.37;25.98;24.41;25.26;1985013;50051496.00
20121115;25.00;25.24;24.45;24.60;753961;18739570.00
20121116;24.35;24.88;24.35;24.53;814948;20051258.00
20121119;24.54;25.16;24.22;25.16;867997;21474994.00
20121120;25.26;25.75;25.06;25.30;1382092;35070060.00
20121121;25.37;25.83;25.10;25.80;855731;21769436.00
20121122;25.51;25.80;25.40;25.58;631217;16112706.00
20121123;25.74;25.79;25.35;25.45;694418;17782098.00
20121126;25.45;25.48;24.55;24.57;718739;17926270.00
20121127;24.80;24.82;23.28;23.35;1357045;32273790.00
20121128;23.31;23.32;22.50;23.02;846661;19303166.00
20121129;23.02;23.08;21.85;21.93;855126;19139858.00
20121130;21.51;22.50;21.51;22.21;600965;13319477.00
20121203;22.01;22.29;21.68;21.70;388609;8522926.00
20121204;21.46;22.48;21.33;22.19;406193;8833180.00
20121205;21.99;23.49;21.86;23.26;917582;21090704.00
20121206;23.25;23.86;23.06;23.36;600070;14124460.00
20121207;23.18;23.77;23.15;23.64;499295;11750055.00
20121210;23.88;24.19;23.64;23.98;680894;16325887.00
20121211;23.90;24.65;23.72;24.09;589655;14314259.00
20121212;23.90;24.58;23.85;24.47;824207;20047426.00
20121213;24.40;24.40;23.90;23.92;607401;14604232.00
20121214;23.95;25.58;23.90;24.97;915742;22761834.00
20121217;24.99;25.30;24.48;24.86;586443;14564045.00
20121218;24.70;25.18;24.51;24.60;708552;17593100.00
20121219;24.61;24.94;24.51;24.52;367390;9056893.00
20121220;24.66;26.49;24.40;25.95;2653828;68181376.00
20121221;25.70;27.35;25.65;26.90;2394896;63892668.00
20121224;27.01;27.34;26.60;27.18;1913238;51425348.00
20121225;26.90;28.98;26.71;28.55;3774943;105624616.00
20121226;28.02;29.25;27.85;28.90;3368592;96210600.00
20121227;28.77;28.77;27.40;27.49;2733463;76410440.00
20121228;27.30;28.10;27.25;27.51;1703586;47203344.00
20121231;27.47;27.90;26.66;27.30;2191524;59252264.00
20130104;27.39;28.35;26.89;28.18;2618911;72732216.00
20130107;27.93;28.27;27.29;28.25;1396382;38954876.00
20130108;28.14;29.50;27.60;28.01;2565513;73636624.00
20130109;27.10;27.64;26.78;27.37;1842223;50172152.00
20130110;27.60;27.74;27.18;27.44;933249;25569060.00
20130111;27.95;28.98;27.60;27.61;2185818;61541304.00
20130114;27.60;28.70;27.30;28.55;1823093;51502576.00
20130115;28.55;29.37;28.20;28.91;2230705;64213128.00
20130116;28.90;28.99;28.10;28.45;1411835;40240756.00
20130117;28.48;28.64;27.69;27.72;1136995;31896638.00
20130118;27.97;28.15;27.15;27.90;1247952;34496960.00
20130121;27.98;28.05;27.00;27.39;1090183;30099556.00
20130122;26.58;26.58;24.65;24.67;4495921;111976280.00
20130123;24.70;25.03;24.59;24.99;2107971;52353308.00
20130124;25.05;25.19;24.25;24.52;1349202;33412336.00
20130125;24.47;25.06;24.35;25.05;1144097;28423198.00
20130128;25.15;25.87;25.15;25.82;1520044;38954028.00
20130129;25.82;26.10;25.70;25.79;964825;24949628.00
20130130;25.73;25.92;24.95;25.05;1061556;26814842.00
20130131;25.15;25.15;24.60;25.00;482596;11992107.00
20130201;24.98;25.38;24.80;25.13;586657;14744047.00
20130204;25.20;25.29;24.62;24.70;868968;21601524.00
20130205;24.71;25.65;24.50;25.59;1457753;36671636.00
20130206;25.48;25.69;25.26;25.39;597676;15177268.00
20130207;25.40;25.40;25.02;25.35;587669;14824820.00
20130208;25.11;26.06;25.06;25.70;1085788;28004386.00
20130218;25.70;26.39;25.60;26.00;1039845;27045574.00
20130219;26.07;26.17;25.42;25.59;802445;20631868.00
20130220;25.58;26.13;25.48;26.00;1032525;26723384.00
20130221;25.97;26.30;25.55;25.90;1013140;26249410.00
20130222;25.66;26.30;25.65;25.95;740383;19294248.00
20130225;26.16;26.58;26.03;26.41;1032563;27197802.00
20130226;26.40;26.93;26.00;26.05;1160303;30856074.00
20130227;25.93;26.26;25.08;25.35;1393683;35601288.00
20130228;25.32;25.78;25.30;25.70;945591;24129960.00
20130301;25.88;25.88;25.15;25.52;1163547;29626528.00
20130304;25.53;25.53;24.26;24.40;1261303;31299400.00
20130305;24.68;24.86;24.22;24.80;850224;20846762.00
20130306;24.86;25.66;24.53;25.39;1345760;34031592.00
20130307;25.31;25.75;25.16;25.38;915535;23270008.00
20130308;25.38;25.48;24.85;24.85;641958;16085334.00
20130311;24.85;25.25;24.80;25.07;522308;13054044.00
20130312;25.00;25.19;24.28;24.29;588923;14464972.00
20130313;24.15;24.29;23.78;23.93;608487;14567328.00
20130314;23.93;24.16;23.81;23.97;374262;8983870.00
20130315;23.90;24.39;23.37;23.38;636105;15154062.00
20130318;23.38;23.66;22.74;22.85;642548;14822867.00
20130319;23.13;23.37;22.86;23.03;567813;13096102.00
20130320;23.03;23.70;22.91;23.68;702494;16435875.00
20130321;23.68;24.25;23.65;24.13;869751;20859796.00
20130322;24.01;24.09;23.70;23.93;424896;10146320.00
20130325;23.85;24.38;23.78;24.30;430523;10398871.00
20130326;24.12;24.30;23.80;23.98;402668;9649913.00
20130327;24.07;24.08;23.73;23.90;287444;6866105.50
20130328;23.80;23.80;23.00;23.08;577490;13438601.00
20130329;23.12;23.38;23.00;23.00;226653;5242730.50
20130401;22.90;23.32;22.90;23.18;273731;6340041.50
20130402;23.24;23.40;22.70;22.78;407995;9392790.00
20130403;22.98;23.29;22.74;23.17;309315;7105271.00
20130408;23.00;23.29;22.74;23.19;433185;9964559.00
20130409;23.08;24.15;23.08;24.07;550729;13070013.00
20130410;24.00;24.20;23.66;24.11;422955;10115309.00
20130411;24.16;24.37;23.80;23.94;322401;7763272.00
20130412;23.99;24.10;23.57;23.64;245198;5833319.50
20130415;23.63;23.63;23.14;23.19;233808;5441628.00
20130416;23.01;23.59;22.93;23.59;238240;5562380.00
20130417;23.39;23.98;23.39;23.90;232743;5517079.00
20130418;23.80;24.58;23.80;24.45;885648;21541898.00
20130422;23.98;24.80;23.98;24.59;704284;17261126.00
20130423;24.50;24.50;23.71;23.87;735907;17718968.00
20130424;24.10;24.54;23.72;24.34;625217;15075868.00
20130425;24.30;24.30;23.73;23.80;533102;12760415.00
20130426;23.66;24.20;23.60;23.74;370877;8887888.00
20130502;23.58;24.30;23.58;24.11;334337;8068745.50
20130503;24.03;24.95;24.03;24.89;687009;17004198.00
20130506;24.89;25.70;24.70;25.68;1530595;38818144.00
20130507;25.73;26.27;25.39;25.82;1391136;36026156.00
20130508;25.80;26.89;25.80;26.78;1867618;49794256.00
20130509;26.58;27.40;26.31;26.89;1764919;47605144.00
20130510;27.14;27.17;26.41;27.13;1207645;32439302.00
20130513;27.78;27.78;26.66;26.68;1107064;30031166.00
20130514;26.68;26.68;26.00;26.53;873189;22943784.00
20130515;26.49;28.00;26.49;27.65;1631196;44789800.00
20130516;27.55;28.12;26.75;27.00;1318374;36064472.00
20130517;27.00;28.66;26.80;28.47;1919899;53996504.00
20130520;28.90;28.99;27.98;28.80;1051470;29740272.00
20130521;28.55;28.87;28.01;28.49;856271;24367208.00
20130522;28.78;28.78;27.15;27.38;1522118;42189192.00
20130523;27.20;28.77;27.18;28.21;1478154;41378972.00
20130524;21.03;21.79;20.56;21.60;2232633;47888612.00
20130527;21.88;22.55;21.40;21.99;1918215;42257824.00
20130528;21.99;22.98;21.41;21.60;2237286;49651900.00
20130529;22.00;22.00;21.21;21.47;1299387;27846102.00
20130530;21.25;21.67;21.25;21.51;998693;21475068.00
20130531;21.36;21.99;21.36;21.73;1222326;26422830.00
20130603;21.56;21.68;20.37;20.38;1305914;27298902.00
20130604;20.45;20.58;19.30;19.44;1630483;32055586.00
20130605;19.33;19.76;19.33;19.67;590461;11564446.00
20130606;19.68;19.68;19.16;19.25;746188;14429345.00
20130607;19.15;19.62;18.50;19.10;757318;14494928.00
20130613;18.99;18.99;17.67;17.91;1175123;21206088.00
20130614;17.99;18.57;17.96;18.35;692147;12658098.00
20130617;18.45;19.48;18.21;19.06;1098529;20916230.00
20130618;19.06;19.08;18.58;18.82;552518;10377935.00
20130619;18.64;18.70;18.00;18.38;673638;12266810.00
20130620;18.55;18.68;17.91;18.00;489048;8968349.00
20130621;17.90;17.90;16.67;17.34;1183654;20331172.00
20130624;17.10;17.36;16.00;16.17;862532;14362967.00
20130625;16.40;16.56;15.35;16.32;1618752;25965972.00
20130626;16.26;17.16;16.01;17.15;1459999;24321428.00
20130627;17.18;17.48;16.45;16.63;1166824;19770312.00
20130628;16.29;17.00;16.29;16.58;516068;8560611.00
20130701;16.67;17.06;16.39;17.02;799085;13527812.00
20130702;17.24;17.74;17.00;17.60;1000657;17408924.00
20130703;17.51;17.69;17.10;17.32;881834;15278561.00
20130704;17.15;17.32;16.81;16.97;889632;15179361.00
20130705;16.97;17.10;16.50;16.69;602911;10142614.00
20130708;16.60;16.87;16.30;16.34;660741;10924433.00
20130709;16.37;16.69;16.14;16.59;416996;6858592.00
20130710;16.56;17.33;16.50;17.25;802219;13717791.00
20130711;17.25;17.84;17.23;17.70;1101711;19356012.00
20130712;17.30;18.58;17.17;18.32;2246661;40769804.00
20130715;18.26;18.96;18.00;18.90;1364176;25225430.00
20130716;20.79;20.79;19.36;19.81;4092267;82089120.00
20130717;19.41;20.99;19.36;20.01;3750356;76328120.00
20130718;19.57;20.98;19.46;20.95;2086145;42661264.00
20130719;20.68;21.05;20.04;20.10;1391682;28585156.00
20130722;20.01;20.67;19.60;20.63;764696;15588235.00
20130723;20.31;22.69;20.31;22.46;5056068;113206648.00
20130724;22.19;23.59;21.89;23.58;4691932;107145032.00
20130725;23.88;24.85;22.50;23.00;3756447;88705792.00
20130726;23.23;23.25;22.34;22.96;1968137;44749776.00
20130729;22.74;22.75;21.70;21.76;1600060;35267728.00
20130730;21.78;21.80;19.65;21.00;1883113;38899608.00
20130731;20.75;21.16;20.75;21.12;1073586;22532766.00
20130801;21.28;21.68;20.90;21.58;3267526;69471472.00
20130802;21.66;21.83;20.75;20.85;2931828;61831788.00
20130805;20.91;21.37;20.70;21.30;1941597;41047812.00
20130806;21.01;21.82;21.01;21.60;1722689;37075312.00
20130807;21.60;21.73;20.60;20.68;1645179;34376508.00
20130808;20.35;20.80;20.19;20.42;944888;19339682.00
20130809;20.32;20.79;19.98;20.28;1128906;22948844.00
20130812;20.28;20.51;20.16;20.45;991616;20170386.00
20130813;20.71;21.59;20.70;21.25;1521829;32198306.00
20130814;21.25;21.50;20.92;21.15;1337972;28333460.00
20130815;21.04;22.00;20.80;21.61;2604015;56237964.00
20130816;21.40;21.99;21.02;21.10;2436069;52786464.00
20130819;20.82;21.29;20.20;20.91;1602320;33368328.00
20130820;21.10;22.18;21.10;21.75;3111107;67721728.00
20130821;21.75;22.47;21.37;22.19;1887961;41648240.00
20130822;22.11;22.25;21.90;21.93;1284515;28290950.00
20130823;21.89;22.13;21.00;21.59;1299195;28165656.00
20130826;21.22;21.90;21.22;21.68;795266;17250418.00
20130827;21.74;21.74;21.12;21.26;894103;19061492.00
20130828;21.08;21.45;20.55;20.57;1150692;24134288.00
20130829;20.75;20.75;20.00;20.28;717295;14566686.00
20130830;20.29;20.55;20.00;20.13;1324566;26887456.00
20130902;20.00;20.68;19.91;20.67;571398;11691339.00
20130903;20.61;21.58;20.48;21.30;1344685;28280558.00
20130904;21.30;21.49;21.20;21.37;965242;20608674.00
20130905;21.37;22.75;21.18;22.49;2240998;49685340.00
20130906;22.25;22.65;22.03;22.64;1226859;27472122.00
20130909;22.71;24.20;22.05;24.14;3356755;78446600.00
20130910;24.00;26.55;23.88;25.28;3550873;89982032.00
20130911;25.00;25.88;23.91;24.02;1774218;44347532.00
20130912;24.05;24.88;23.11;24.85;1613802;38548928.00
20130913;24.50;27.34;24.40;27.34;3178500;83283176.00
20130916;26.70;27.85;26.31;26.75;1713632;46290104.00
20130917;26.76;27.95;26.22;27.20;2394847;65203440.00
20130918;27.22;27.85;26.70;27.85;1382451;37904844.00
20130923;27.76;28.48;27.16;27.37;939101;25887030.00
20130924;27.10;27.62;26.51;27.28;1243976;33468688.00
20130925;27.07;27.75;26.86;27.26;880765;23989400.00
20130926;27.26;27.26;25.02;25.09;1133545;29255628.00
20130927;25.11;26.26;25.00;25.14;918218;23578612.00
20130930;25.29;26.50;25.11;26.49;827785;21324392.00
20131008;25.98;26.68;25.49;26.27;485608;12700885.00
20131009;26.26;26.79;25.97;26.62;500635;13176985.00
20131010;26.62;27.58;26.23;26.36;598827;16164314.00
20131011;26.35;27.38;26.00;26.40;638990;17117358.00
20131014;27.39;29.00;27.00;28.68;1828997;51976256.00
20131015;28.50;29.11;27.70;28.10;1058903;30072910.00
20131016;27.90;29.79;27.90;28.40;1076956;31045680.00
20131017;28.39;29.28;28.05;28.15;457122;13062347.00
20131018;28.23;29.01;28.15;29.01;525898;15058171.00
20131021;28.93;30.88;28.50;30.35;982906;29406770.00
20131022;31.00;33.38;30.08;32.76;1379257;44161332.00
20131023;32.10;35.87;32.10;32.99;1343575;45474112.00
20131024;32.24;34.95;31.55;32.98;891670;29985190.00
20131025;32.51;32.96;30.50;30.99;1396615;43740120.00
20131028;31.00;31.00;28.89;29.00;999687;29705174.00
20131029;29.45;30.31;27.11;29.90;1042413;29831040.00
20131030;29.85;32.89;29.15;32.89;1180231;37737572.00
20131031;33.18;34.50;30.05;30.09;1719512;55224332.00
20131101;29.10;31.45;27.77;31.37;1053974;30961194.00
20131104;30.86;32.88;30.11;31.37;1051713;33002112.00
20131105;30.97;32.86;30.56;32.52;1007677;32289696.00
20131106;32.47;33.26;31.72;32.20;718151;23129872.00
20131107;32.17;32.88;31.01;31.35;684614;21786196.00
20131108;31.26;31.60;29.81;31.00;652661;19984556.00
20131111;31.29;34.05;30.80;33.86;1126090;36403276.00
20131112;33.00;34.77;32.88;33.30;1386158;46974680.00
20131113;32.98;33.88;32.60;32.81;511468;16884522.00
20131114;32.81;34.50;32.55;34.17;987382;33454760.00
20131115;33.71;35.28;33.71;34.49;784558;27181056.00
20131118;34.41;35.88;33.77;33.97;1028016;35394340.00
20131119;34.48;34.50;33.12;34.42;1169647;39741884.00
20131120;34.05;34.52;33.38;33.95;805961;27282818.00
20131121;33.95;33.95;31.88;32.11;1255263;40720788.00
20131122;32.10;32.70;30.65;30.85;1239328;38957832.00
20131125;30.51;31.67;29.80;31.65;2246338;68469296.00
20131126;31.59;33.10;31.11;32.63;1350723;43434076.00
20131127;32.40;33.95;31.96;32.50;1770732;58343908.00
20131128;32.21;32.74;31.58;31.60;1541310;49580128.00
20131129;31.61;31.99;30.79;31.47;1590018;49822132.00
20131202;29.89;29.89;28.32;28.32;1751819;50153584.00
20131203;27.10;27.59;25.62;26.81;1885594;50078432.00
20131204;26.81;28.78;26.80;27.38;2233317;62197888.00
20131205;27.38;27.73;26.10;26.96;906665;24471962.00
20131206;27.00;27.10;26.50;26.74;490433;13142081.00
20131209;26.87;27.76;26.77;27.33;740630;20198808.00
20131210;27.62;27.79;26.13;26.27;1066864;28530418.00
20131211;26.29;26.90;25.62;26.05;968596;25237960.00
20131212;26.04;27.20;25.81;26.94;1065003;28418996.00
20131213;26.87;27.58;26.62;27.06;784853;21254976.00
20131216;27.25;27.38;26.51;26.53;687977;18512530.00
20131217;26.65;27.10;25.80;26.10;458537;12023579.00
20131218;26.06;26.19;25.31;25.38;777456;19954032.00
20131219;25.49;25.95;25.49;25.66;568458;14621283.00
20131220;25.85;27.48;25.70;27.44;1231575;32841334.00
20131223;27.27;28.65;26.81;28.08;1617736;45329996.00
20131224;27.90;28.99;27.90;28.45;1463130;41720616.00
20131225;28.45;29.04;28.11;28.32;1442211;41195232.00
20131226;28.32;29.60;28.32;29.30;1986870;57793180.00
20131227;28.91;29.85;28.91;29.53;1028278;30193854.00
20131230;29.54;29.98;28.39;28.62;1425595;40989168.00
20131231;28.60;29.00;28.08;29.00;1094096;31203338.00
20140102;28.50;29.10;27.80;29.10;1134117;32239828.00
20140103;29.01;30.78;28.68;30.56;2277609;67643344.00
20140106;30.56;30.95;29.00;29.97;1814731;54066972.00
20140107;30.10;30.10;29.30;29.77;872959;26039210.00
20140108;30.51;30.93;29.60;30.25;2124745;64297232.00
20140109;30.00;30.50;28.88;29.15;1745824;51955076.00
20140110;29.15;29.15;26.91;28.40;1881438;52478276.00
20140113;28.01;28.37;26.98;27.41;1032355;28548018.00
20140114;27.35;29.15;27.35;29.15;856866;24162154.00
20140115;29.10;29.28;28.50;28.72;988017;28465710.00
20140116;29.15;30.13;28.80;29.65;1227074;36254880.00
20140117;29.80;29.80;28.12;28.33;1806500;51472716.00
20140120;28.10;28.64;26.96;27.20;1503049;41723172.00
20140121;27.31;27.58;26.85;27.06;892112;24193452.00
20140122;27.24;28.80;27.24;28.13;1350181;37982064.00
20140123;28.28;28.80;27.72;28.58;1603674;45315128.00
20140124;29.18;29.18;28.37;28.60;1793442;51314836.00
20140127;28.49;28.64;27.90;28.58;1065465;30245398.00
20140128;28.92;31.38;28.44;31.21;3211397;95308824.00
20140129;30.47;32.57;30.18;31.65;2473227;77772944.00
20140130;31.08;32.00;30.98;31.86;1053560;33241650.00
20140207;31.60;33.50;31.50;33.10;1773956;57362580.00
20140210;33.11;34.45;33.11;34.01;1927828;65537124.00
20140211;34.10;34.27;31.21;32.95;2010084;66467896.00
20140212;32.94;33.58;32.01;33.19;1034590;33929320.00
20140213;33.00;33.00;31.54;31.54;1309277;42144580.00
20140214;31.42;32.56;30.85;32.30;1621862;51448900.00
20140217;32.44;32.47;31.75;32.14;1813433;57914416.00
20140218;32.24;32.99;31.50;32.44;1316586;42394900.00
20140219;32.44;32.97;32.15;32.23;1007251;32617570.00
20140220;32.03;32.35;30.82;30.97;1202589;37678728.00
20140221;30.90;31.60;30.58;31.00;908919;28294174.00
20140224;30.90;32.02;30.65;31.87;1170814;36668992.00
20140225;31.81;32.29;28.68;28.68;1742648;52918228.00
20140226;27.90;28.46;26.14;27.46;1461542;39698296.00
20140227;27.40;27.75;26.30;26.30;1165654;31510118.00
20140228;26.50;26.95;26.03;26.77;638910;16915520.00
20140303;26.95;28.20;26.86;27.89;1152961;31876874.00
20140304;27.76;28.19;27.55;27.85;1122649;31358510.00
20140305;27.85;28.40;27.66;28.09;861287;24085610.00
20140306;28.00;28.06;26.75;27.49;1193853;32518834.00
20140307;27.07;27.86;27.07;27.53;499498;13748315.00
20140310;27.29;27.45;26.50;26.60;525619;14177184.00
20140311;26.51;26.51;25.85;26.29;610463;15958918.00
20140312;26.37;27.00;26.00;26.99;427810;11348235.00
20140313;27.10;28.21;27.10;27.70;540925;15008868.00
20140314;27.43;27.89;27.21;27.78;336161;9306629.00
20140317;27.78;28.52;27.50;28.41;625324;17673768.00
20140318;28.41;30.08;28.41;29.30;1278282;37644672.00
20140319;29.75;30.95;29.22;30.38;1348332;40834312.00
20140320;30.30;30.88;29.75;29.76;973719;29499258.00
20140321;29.43;29.44;28.15;29.19;1007757;29027098.00
20140324;29.00;29.80;28.90;29.22;433366;12714772.00
20140325;28.96;29.48;28.46;28.77;368261;10637784.00
20140326;28.56;29.44;28.55;29.07;365213;10618359.00
20140327;29.10;29.42;28.14;28.69;537047;15339100.00
20140328;28.60;28.70;27.01;27.33;419936;11630317.00
20140331;28.79;29.40;27.72;28.50;1161311;33127302.00
20140401;28.40;30.38;28.20;30.38;1506673;44330980.00
20140402;30.49;31.12;29.70;30.04;1144771;34693560.00
20140403;30.30;32.66;30.30;30.69;1668539;52132360.00
20140404;30.59;31.20;29.83;30.90;824553;25437572.00
20140408;30.65;30.98;29.91;30.60;693534;21197934.00
20140409;30.78;31.17;30.15;30.41;1070312;32753596.00
20140410;30.40;31.03;30.16;30.40;1182992;36296372.00
20140411;30.30;30.30;29.01;29.68;1064567;31359918.00
20140414;29.44;29.88;29.00;29.49;595632;17494488.00
20140415;29.73;31.50;29.73;30.79;1930530;59486572.00
20140416;30.79;30.80;30.14;30.53;601954;18303448.00
20140417;30.70;31.55;30.68;31.27;1109531;34563368.00
20140418;31.27;31.27;30.13;30.48;1097080;33581216.00
20140421;29.98;31.99;29.97;31.82;1944611;60936252.00
20140422;31.80;32.48;31.40;32.13;2255267;71998968.00
20140423;32.12;33.17;31.62;32.13;2077241;67157656.00
20140424;32.13;32.69;31.74;32.68;1226012;39493060.00
20140425;32.62;32.62;31.31;32.10;1468141;46903392.00
20140428;31.80;31.80;30.87;30.95;1227514;38337492.00
20140429;30.40;30.75;29.50;30.48;1217570;36689968.00
20140430;30.45;31.10;30.18;30.80;807804;24711806.00
20140505;31.70;32.50;31.61;32.05;1552940;49659384.00
20140506;32.09;32.49;31.72;32.02;853550;27335102.00
20140507;31.80;33.60;31.44;32.55;2620411;86007112.00
20140508;32.88;33.59;32.21;32.59;1584312;52262472.00
20140509;32.46;33.27;32.05;32.83;944817;30916938.00
20140512;33.39;33.66;32.36;33.05;1102999;36448176.00
20140513;32.97;32.97;32.12;32.20;937645;30363736.00
20140514;32.38;32.93;32.20;32.79;640340;20920132.00
20140515;32.88;32.88;31.51;31.51;817853;26254542.00
20140516;31.52;31.80;30.15;31.05;1162750;35999884.00
20140519;31.10;31.42;30.71;31.00;433933;13465508.00
20140520;31.30;32.35;31.16;31.96;1116140;35678096.00
20140521;32.16;32.90;31.70;32.85;854955;27791100.00
20140522;32.87;34.35;32.86;33.89;2192269;74020048.00
20140523;33.88;34.20;33.59;34.00;893775;30231198.00
20140526;34.35;35.00;34.05;34.12;1324621;45556316.00
20140527;22.50;22.63;21.95;22.15;1363757;30254756.00
20140528;22.17;23.60;21.81;23.25;2453860;56478336.00
20140529;23.48;24.59;23.26;23.63;3383743;80653032.00
20140530;23.53;23.83;23.10;23.68;1605170;37675484.00
20140603;23.59;24.14;23.48;23.53;1142880;27128022.00
20140604;23.79;23.79;22.58;22.95;1601778;36955332.00
20140605;22.95;23.64;22.60;23.58;1257756;29132462.00
20140606;23.58;23.60;22.87;23.00;1435747;33210552.00
20140609;22.97;23.22;22.59;22.69;806191;18503310.00
20140610;22.71;23.60;22.68;23.39;1470982;34324244.00
20140611;23.55;23.59;23.21;23.50;826174;19353260.00
20140612;23.68;23.68;23.29;23.64;772115;18169200.00
20140613;23.71;26.00;23.71;26.00;4384122;111204880.00
20140616;27.00;27.00;25.98;26.28;3191401;84040272.00
20140617;26.30;26.38;25.34;25.47;2528615;64889764.00
20140618;25.57;25.80;24.80;25.51;1830328;46206744.00
20140619;25.69;26.09;24.28;24.60;2823960;71660320.00
20140620;24.29;25.10;24.01;25.10;1767866;43510156.00
20140807;27.61;27.61;27.61;27.61;470935;13002515.00
20140808;30.30;30.30;29.00;29.37;6835198;202193552.00
20140811;29.35;30.40;28.81;29.80;3699882;110018208.00
20140812;29.32;29.90;28.90;29.66;2618973;76937912.00
20140813;29.39;31.08;29.25;30.18;2541364;77526984.00
20140814;30.15;30.80;29.60;30.55;2109802;63722120.00
20140815;30.82;31.25;29.60;30.50;2047085;62231916.00
20140818;30.95;31.09;30.30;30.65;1315723;40273332.00
20140819;30.70;31.97;30.01;31.96;2140296;66962360.00
20140820;31.75;32.64;31.28;31.72;1235478;39452368.00
20140821;31.88;32.00;31.20;31.75;1010279;31835234.00
20140822;31.75;32.60;31.40;32.38;1361808;43736312.00
20140825;32.85;35.30;32.32;34.44;2544065;86850576.00
20140826;34.01;34.31;33.42;33.66;1153399;38928984.00
20140827;33.70;35.10;33.30;33.78;1288703;44261392.00
20140828;33.05;33.83;32.30;32.80;1120578;36919412.00
20140829;32.79;32.90;32.36;32.56;717732;23465912.00
20140901;32.25;33.83;32.25;33.15;1049633;34787432.00
20140902;33.10;34.78;33.05;34.40;1460625;49398756.00
20140903;34.50;34.98;34.00;34.51;1220714;42047964.00
20140904;34.79;34.79;33.81;34.70;1304717;44730272.00
20140905;34.70;34.74;33.60;34.14;1672167;56882028.00
20140909;34.87;35.00;33.76;33.80;1325064;45326780.00
20140910;33.50;34.44;33.00;34.13;1774271;59691696.00
20140911;33.92;35.21;33.92;34.30;1662775;57505800.00
20140912;34.34;34.35;33.62;33.94;1663479;56554268.00
20140915;34.59;35.21;33.57;34.66;2609112;89882320.00
20140916;34.61;34.89;33.60;33.89;1227820;41895312.00
20140917;33.94;34.36;33.36;34.24;998530;34005728.00
20140918;34.20;35.50;34.05;35.50;2372143;82673176.00
20140919;35.64;37.00;34.90;35.99;1608728;58064736.00
20140922;35.50;36.90;35.02;36.28;855792;30946800.00
20140923;36.72;37.28;35.85;36.04;956763;34714788.00
20140924;36.34;36.34;35.22;35.42;1597701;56736300.00
20140925;35.32;35.98;34.88;34.89;2024059;71609672.00
20140926;34.52;35.44;34.52;35.05;1155690;40409252.00
20140929;35.28;37.01;35.00;36.36;1541455;55480408.00
20140930;36.45;36.45;35.66;35.72;786598;28213284.00
20141008;35.71;35.71;35.11;35.52;706447;24990122.00
20141009;35.52;35.84;35.02;35.25;857149;30266238.00
20141010;35.20;35.20;34.47;34.71;1162529;40337848.00
20141013;35.12;36.60;35.12;35.72;2589614;92920936.00
20141014;35.58;35.98;35.12;35.25;1359330;48320504.00
20141015;35.43;35.79;35.10;35.68;755141;26725506.00
20141016;35.50;39.25;35.15;38.13;3476575;131325696.00
20141017;38.20;39.70;37.55;37.68;3077417;119213448.00
20141020;37.68;38.79;37.52;37.70;1310483;49563048.00
20141021;38.00;38.37;36.63;36.84;1538674;57132180.00
20141022;37.21;38.26;36.80;37.42;1597580;59692136.00
20141023;37.33;39.70;36.82;38.45;3435956;132028584.00
20141024;38.48;41.30;38.48;40.53;3141926;125772136.00
20141027;39.90;42.60;38.63;42.18;3763020;154541008.00
20141028;42.16;43.50;41.25;42.23;3797423;160712800.00
20141029;42.52;46.43;42.50;45.30;4242482;188206528.00
20141030;44.33;46.20;44.16;45.01;2422583;109394416.00
20141031;44.30;44.74;41.50;42.65;4186216;179618976.00
20141103;42.46;43.35;41.91;42.63;1705494;72468096.00
20141104;43.01;43.30;41.92;41.99;1575779;67173608.00
20141105;41.95;41.95;40.39;41.36;1149960;47346820.00
20141106;42.00;43.08;41.80;42.28;1746884;74345568.00
20141107;42.80;43.89;40.53;41.32;1986213;84085336.00
20141110;41.14;41.16;39.65;40.65;2271627;91777872.00
20141111;40.50;43.50;40.50;41.95;3779217;159209056.00
20141112;42.16;44.60;41.11;44.10;2811777;120557872.00
20141113;44.29;44.29;41.60;41.60;1939555;82454608.00
20141114;41.35;41.70;40.00;40.60;1625440;66021896.00
20141117;40.77;42.03;39.00;41.38;1255045;51561804.00
20141118;41.26;42.75;41.00;41.62;1238699;51791556.00
20141119;43.52;44.40;42.60;43.15;2394388;103715888.00
20141120;42.70;44.73;42.18;43.94;2588185;114116136.00
20141121;43.80;45.53;43.61;45.05;2277966;102030176.00
20141124;45.90;49.08;44.20;48.24;2807849;130837808.00
20141125;47.99;50.02;47.00;47.20;2831466;137746080.00
20141126;47.99;49.12;47.31;48.35;2029009;98050136.00
20141127;48.36;49.18;46.66;48.03;2123421;100805904.00
20141128;47.11;47.90;45.96;47.24;1694203;79544592.00
20141201;47.01;47.01;44.88;44.94;1668808;75871616.00
20141202;44.89;46.19;44.89;45.70;1676981;76469064.00
20141203;45.75;46.59;44.70;46.00;1712341;77902792.00
20141204;45.57;46.65;44.98;45.36;2758080;124979072.00
20141205;45.05;45.35;41.13;41.48;4687195;198909184.00
20141208;40.88;43.18;40.00;41.70;3774100;155796400.00
20141209;40.73;40.75;37.53;37.53;5613737;220037168.00
20141210;37.35;40.26;36.29;39.65;3807248;146843744.00
20141211;39.59;41.49;38.68;40.30;3207216;130059832.00
20141212;40.31;41.99;40.30;41.49;2551605;105942904.00
20141215;41.53;42.50;40.60;41.96;1772716;74352680.00
20141216;41.97;42.49;38.78;39.14;5035568;201277376.00
20141217;39.01;39.02;37.50;38.20;3857254;146499968.00
20141218;39.01;40.49;39.01;39.57;3619061;144013328.00
20141219;40.60;40.85;39.15;40.31;3955284;158643392.00
20141222;39.80;40.20;36.82;37.20;4383370;167663648.00
20141223;37.20;38.68;36.81;36.87;2480828;93403416.00
20141224;37.08;38.85;37.08;38.78;2754088;105386184.00
20141225;39.20;41.00;39.20;40.36;3230425;130203456.00
20141226;39.70;40.25;39.02;40.10;2399112;95056696.00
20141229;38.79;39.79;38.02;39.01;2180045;84525624.00
20141230;39.12;42.87;38.50;42.83;4136490;166612768.00
20141231;45.20;45.23;39.50;40.72;6124931;254030768.00
20150105;39.90;39.90;36.65;37.92;3637239;137774480.00
20150106;38.07;38.60;37.00;38.32;2602871;98680240.00
20150107;38.35;39.49;37.82;38.34;1880253;72655352.00
20150108;38.41;38.57;37.15;37.49;1891915;71367640.00
20150109;36.64;37.97;36.63;37.26;1428169;53705032.00
20150112;36.79;37.28;36.60;36.88;1349898;49818184.00
20150113;37.20;38.39;37.02;38.12;1446331;54733740.00
20150114;38.44;38.44;36.98;37.55;1286069;48094692.00
20150115;37.27;38.92;37.14;37.99;1735539;66131964.00
20150116;37.89;38.88;37.81;38.32;1591331;61110436.00
20150119;38.15;39.20;36.90;37.55;2678426;102162480.00
20150120;37.45;39.08;37.45;39.06;2822853;108691632.00
20150121;39.50;40.19;39.15;39.58;2825983;111993200.00
20150122;39.59;40.98;39.49;40.75;2910227;117190992.00
20150123;44.83;44.83;43.10;44.83;7240459;323695808.00
20150126;43.77;44.65;42.01;44.20;6218603;270221216.00
20150127;44.10;45.99;43.40;44.55;4709494;210296400.00
20150128;44.00;44.19;43.20;43.32;2250695;98012976.00
20150129;43.60;43.69;42.02;42.37;1839596;78552944.00
20150130;42.35;42.90;41.42;41.42;1681380;70264168.00
20150202;40.51;42.16;40.30;41.22;1340770;55376380.00
20150203;41.48;42.20;40.61;41.62;1890208;78374024.00
20150204;41.38;41.99;40.76;41.20;2165931;89276368.00
20150205;41.93;41.93;40.86;40.95;2025056;83610944.00
20150206;40.95;41.30;39.19;39.40;2052013;81869888.00
20150209;39.20;39.40;37.85;38.20;1890815;72467424.00
20150210;38.39;38.98;37.97;38.95;1201273;46387068.00
20150211;38.94;39.80;38.60;39.56;1112451;43642328.00
20150212;39.64;40.58;39.62;40.22;1325857;53360876.00
20150213;40.40;40.79;40.20;40.60;1654050;67069280.00
20150216;40.64;42.05;40.30;41.69;2219174;91433112.00
20150217;41.61;42.10;41.05;41.20;1614893;67118400.00
20150225;40.51;41.31;39.88;39.95;1485104;59857796.00
20150226;39.95;40.31;39.41;40.19;1468697;58467580.00
20150227;40.23;44.21;39.86;43.60;6485660;278622720.00
20150302;43.61;43.97;42.00;43.79;3666933;158682416.00
20150303;44.27;45.37;42.36;42.99;5359892;237071952.00
20150304;42.16;43.48;42.14;43.26;2233891;95733992.00
20150305;43.55;45.30;43.39;45.12;4550379;202435632.00
20150306;44.62;44.97;42.75;43.41;2956944;129506016.00
20150309;42.80;45.98;42.75;45.91;4303522;194090400.00
20150310;45.36;46.90;44.88;45.10;3079091;139846400.00
20150311;45.00;45.79;44.55;44.97;1970110;88838208.00
20150312;45.00;45.20;42.94;43.61;3260328;142587424.00
20150323;46.15;47.97;44.80;47.97;9565733;450329216.00
20150324;49.25;52.77;47.88;52.77;10629288;533184896.00
20150325;53.45;57.20;51.78;54.98;6419441;351179712.00
20150326;53.49;60.48;50.62;57.46;7798965;432268448.00
20150327;57.55;60.00;55.55;56.68;4642791;268415888.00
20150330;57.81;58.55;55.01;55.52;3919279;220674784.00
20150331;55.00;58.40;54.39;57.58;3907365;221164944.00
20150401;57.68;62.58;57.07;62.00;5513299;332758304.00
20150402;68.20;68.20;67.00;68.20;5660930;385665568.00
20150403;67.77;71.99;66.15;70.88;8219566;567690624.00
20150407;74.74;77.97;73.33;77.97;6224158;475040352.00
20150408;82.20;85.00;75.38;80.00;9208942;750176576.00
20150409;36.31;39.88;33.50;39.88;21271408;788613504.00
20150410;39.72;40.45;37.87;38.06;18297888;710155648.00
20150413;37.70;39.33;34.61;37.07;16665572;612962304.00
20150414;36.40;38.99;35.48;37.06;13974778;525825952.00
20150415;37.58;38.75;34.70;34.90;13591401;497538560.00
20150416;34.50;35.20;31.41;31.99;23175298;751912576.00
20150417;31.90;31.98;30.66;31.33;16388624;514340704.00
20150420;31.15;31.95;30.00;30.64;13884002;428480960.00
20150421;30.20;31.95;30.10;31.83;9261066;289714592.00
20150422;31.86;32.59;31.84;32.35;9937614;320946368.00
20150423;32.58;32.78;31.60;31.78;11732008;374552352.00
20150424;31.00;31.69;30.18;31.13;10753244;331180352.00
20150427;31.13;31.86;30.72;31.16;8673034;270814688.00
20150428;31.12;31.12;29.32;29.51;8729660;262853584.00
20150429;29.20;30.38;29.01;30.02;5608825;167803040.00
20150430;30.23;30.70;29.88;29.98;5414778;163684064.00
20150504;29.98;32.90;29.40;32.35;11492266;359969120.00
20150505;32.19;32.20;30.18;30.42;7778367;242356608.00
20150506;30.65;31.21;29.58;29.88;6263353;191234304.00
20150507;29.70;29.70;28.42;28.60;5102726;147195440.00
20150508;28.75;29.97;28.75;29.83;5646911;166217056.00
20150511;30.33;32.38;30.33;31.79;10243142;324114496.00
20150512;32.01;32.35;31.10;31.79;10886142;345016672.00
20150513;31.49;34.97;30.23;34.72;22375763;745971264.00
20150514;34.50;34.53;33.48;33.63;12198667;413999520.00
20150515;33.55;34.48;32.87;33.80;9872811;334307968.00
20150518;33.79;35.25;33.42;34.81;10952086;380105216.00
20150519;35.03;36.33;33.90;34.55;9969573;345937408.00
20150520;34.61;36.06;34.11;35.33;13534481;478375136.00
20150521;35.73;38.86;35.73;38.86;14005827;530228992.00
20150528;42.75;42.75;41.00;41.96;14582031;621125696.00
20150529;40.89;46.00;37.94;44.18;22028305;937388416.00
20150601;44.40;46.48;42.66;45.38;20332492;914984192.00
20150602;45.79;49.92;45.01;49.92;15449328;735409536.00
20150603;52.42;53.87;48.56;51.08;16306213;844990464.00
20150604;50.50;53.80;45.97;53.05;13016470;643804928.00
20150605;53.31;55.48;50.80;54.91;12550532;674286016.00
20150608;55.20;56.64;49.50;49.96;13771264;717456832.00
20150609;47.85;50.00;45.67;47.45;9767056;463804000.00
20150610;46.65;52.10;46.02;50.50;10451795;520500800.00
20150611;50.07;53.10;50.00;53.00;8079030;423578176.00
20150612;53.20;57.90;53.20;56.00;9936516;560035392.00
20150615;56.60;58.20;53.60;55.98;8333946;467353440.00
20150616;53.65;54.50;50.38;50.38;6876661;358200768.00
20150617;54.40;54.40;46.68;52.77;8508219;434093408.00
20150618;52.20;53.99;49.80;50.07;5215438;273613376.00
20150619;49.49;51.12;45.06;45.47;5705000;276019456.00
20150623;46.55;47.50;41.05;47.00;5925764;266567024.00
20150624;47.90;48.49;45.00;47.01;6416689;301027040.00
20150625;47.06;47.85;43.74;43.85;5225881;238856784.00
20150626;42.12;43.00;39.47;39.47;4416506;177900560.00
20150629;39.65;40.50;35.52;35.52;7593231;276522496.00
20150630;33.00;38.59;31.97;38.35;7288605;252902448.00
20150701;38.35;39.60;34.52;34.52;7429605;281649600.00
20150702;33.92;35.38;31.07;31.07;6759241;222665808.00
20150703;30.58;31.95;27.96;28.00;7503992;218181984.00
20150706;30.80;30.80;25.20;27.02;11886321;335364384.00
20150707;24.62;27.02;24.32;24.32;5656949;139353440.00
20150708;21.89;21.89;21.89;21.89;965100;21126040.00
20150714;24.08;24.08;24.08;24.08;384345;9255028.00
20150715;26.49;26.49;24.66;26.49;20764031;538239104.00
20150716;26.19;28.10;24.10;27.66;13133709;353473472.00
20150717;27.88;30.43;27.88;30.43;9687033;288466272.00
20150720;31.61;33.47;31.28;33.47;12093371;396258752.00
20150721;33.40;35.50;32.00;33.12;11935809;405845184.00
20150722;32.79;34.43;32.11;33.70;7483232;250226224.00
20150723;33.49;34.95;33.48;34.78;6482929;222116976.00
20150724;34.80;37.37;34.18;34.74;10331441;368591776.00
20150727;33.99;34.62;31.27;31.27;8795197;290381408.00
20150728;29.60;31.68;28.14;28.14;12063377;347446240.00
20150729;29.02;30.76;26.01;30.47;8602088;244280096.00
20150730;30.00;31.10;28.40;28.48;7201005;218064016.00
20150731;27.85;29.60;27.42;28.25;5636036;162085424.00
20150803;27.40;28.49;25.60;26.50;4456905;119122832.00
20150804;26.46;29.06;26.45;29.06;5792677;160328144.00
20150805;29.30;29.99;28.35;28.59;6496550;189134640.00
20150806;27.50;28.75;27.00;28.50;3861312;108837736.00
20150807;29.00;30.15;28.80;29.63;5613734;165850560.00
20150810;29.64;32.48;29.64;31.94;6757913;211150752.00
20150811;31.90;32.65;31.12;31.97;5972716;190417968.00
20150812;31.65;33.48;31.15;32.03;7017985;228734800.00
20150813;31.90;33.00;31.51;32.90;5505673;177024512.00
20150814;33.00;34.30;32.80;32.92;6222768;209818176.00
20150817;32.45;33.92;32.20;32.41;6851591;226918960.00
20150818;32.24;33.30;29.17;29.18;7936599;250597936.00
20150819;28.00;30.99;27.50;30.52;5155769;150310960.00
20150820;30.20;31.16;29.50;29.73;3283537;99702672.00
20150821;28.50;29.50;26.76;27.01;5977586;165757488.00
20150824;24.86;26.01;24.31;24.31;1952800;47887588.00
20150825;21.88;22.58;21.88;21.88;2824074;62033164.00
20150826;21.88;22.48;19.69;19.69;5320117;110721976.00
20150827;20.50;21.03;19.58;21.03;5188272;106299408.00
20150828;21.35;23.13;21.35;23.13;5718818;128155144.00
20150831;22.52;24.35;22.52;23.25;5595824;131708504.00
20150901;22.50;22.50;20.93;20.93;4518530;96237608.00
20150902;19.20;21.80;18.84;18.85;5927662;115297448.00
20150907;19.43;20.36;19.07;19.31;4556336;89537696.00
20150908;19.31;21.13;19.10;21.00;4293958;85449600.00
20150909;21.60;23.10;21.18;22.65;6679639;150441488.00
20150910;22.06;23.64;21.70;22.93;5577984;128070768.00
20150911;23.00;23.44;22.40;22.83;3817514;87341120.00
20150914;22.80;23.26;20.55;20.55;4268004;92191088.00
20150915;19.45;20.52;18.50;18.50;4049513;77671360.00
20150916;18.70;20.35;18.50;20.11;5740401;110930336.00
20150917;20.01;22.12;19.83;22.12;8048835;172390416.00
20150918;23.95;24.33;22.00;23.71;15135084;353507392.00
20150921;22.52;24.33;22.25;23.90;13760775;317164928.00
20150922;23.39;24.48;23.31;23.51;10290779;246663872.00
20150923;23.05;23.36;22.22;22.60;5576349;127539936.00
20150924;22.65;24.55;22.65;23.89;5781456;135512880.00
20150925;23.51;23.89;21.60;21.98;5243357;118576688.00
20150928;22.01;23.10;21.56;22.84;4116594;91724424.00
20150929;22.00;22.70;21.90;22.11;3036976;67550120.00
20150930;22.55;23.40;22.50;22.74;4692505;107582992.00
20151008;24.45;24.97;23.66;24.65;6380143;155029328.00
20151009;24.27;26.15;24.20;25.71;6943604;177698912.00
20151012;25.91;28.28;25.91;28.28;8483110;236055952.00
20151013;27.89;29.24;27.80;27.90;7942731;225440672.00
20151014;28.20;29.77;27.80;28.63;9272866;266861328.00
20151015;28.04;30.55;27.90;29.84;6802984;197344752.00
20151016;30.06;31.60;29.96;31.30;8523245;264139520.00
20160218;29.80;31.22;28.17;28.17;9322039;267506144.00
20160219;26.51;30.50;25.60;29.11;17646677;475652864.00
20160222;27.98;29.09;27.70;28.23;12254455;346970912.00
20160223;28.23;28.38;27.01;27.07;7225970;198737664.00
20160224;26.99;27.32;25.67;26.50;5905671;156722272.00
20160225;26.39;27.44;23.85;23.85;8979960;230687200.00
20160226;23.55;24.50;22.12;23.07;8155745;187713920.00
20160229;22.88;23.38;20.76;20.76;5267626;111226568.00
20160301;20.30;20.40;18.68;19.72;12862649;253428768.00
20160302;19.90;20.80;19.51;20.74;14084586;284918784.00
20160303;20.78;21.43;20.29;20.30;10862959;227211152.00
20160304;19.92;20.30;18.27;18.28;12672611;241284288.00
20160307;18.60;19.38;18.60;19.20;9204326;175130368.00
20160308;19.55;19.60;17.80;19.50;10319016;196080096.00
20160309;18.79;20.00;18.58;19.38;7883074;153315104.00
20160310;19.46;19.75;18.90;18.93;5696638;109926936.00
20160311;18.60;19.24;18.48;19.03;4630821;87229808.00
20160314;19.39;20.93;19.39;20.69;12386814;251207888.00
20160315;20.80;22.19;20.70;20.98;12477383;267245088.00
20160316;21.78;21.84;20.26;20.59;7112821;148911296.00
20160317;20.65;21.85;20.45;21.51;9329816;197916256.00
20160318;21.88;22.75;21.50;22.45;10303684;229456512.00
20160321;23.00;24.54;23.00;24.54;11156230;262177248.00
20160322;24.00;25.78;23.72;25.10;11409429;283657184.00
20160323;25.00;25.41;24.45;25.00;6185992;153857152.00
20160331;25.50;27.43;24.91;25.19;11760773;307770720.00
20160401;24.60;24.89;23.90;24.48;6581793;160010704.00
20160405;24.01;25.68;24.01;25.39;8342129;208295888.00
20160406;25.20;26.65;25.01;25.75;5654980;146791552.00
20160407;25.98;26.06;24.50;24.51;7627200;190481456.00
20160408;24.15;24.21;23.00;23.80;5468469;130031112.00
20160411;24.40;24.80;24.10;24.47;5348454;131007656.00
20160412;24.69;25.15;23.90;24.20;3027269;74023944.00
20160413;24.40;25.39;24.40;25.14;5398410;134811056.00
20160414;25.12;25.94;24.79;25.80;4425767;111959448.00
20160415;25.70;25.90;25.00;25.67;4149564;105747072.00
20160418;25.90;25.96;25.03;25.15;3168118;80446352.00
20160419;25.55;26.48;25.38;26.32;7982833;208006016.00
20160420;26.35;27.18;24.08;25.90;8439838;219489120.00
20160421;25.50;25.72;24.80;25.08;4535528;114103328.00
20160422;24.63;25.56;24.61;25.54;3220973;81157144.00
20160425;25.30;25.30;23.00;23.27;7793999;187320304.00
20160426;23.50;23.69;22.05;23.12;7047084;161435248.00
20160427;23.18;23.97;22.96;23.94;5427809;128416664.00
20160428;24.13;24.33;23.20;23.86;3044643;72078712.00
20160429;24.24;24.52;23.81;24.23;5021955;122146328.00
20160503;24.10;26.65;24.10;26.65;6947413;178422208.00
20160504;26.99;29.16;26.99;28.60;10594371;296921024.00
20160505;28.98;29.94;27.92;29.33;10045525;291265408.00
20160506;29.60;30.01;28.01;29.17;10708179;311970048.00
20160509;28.84;30.17;27.20;29.15;8653326;252411312.00
20160510;28.70;30.15;26.73;28.00;6460369;186710912.00
20160511;28.20;30.80;27.28;30.80;7970104;233930256.00
20160512;30.29;31.55;29.90;30.04;8904853;273499136.00
20160513;30.10;32.00;29.36;31.00;9046913;281314016.00
20160516;30.64;31.50;29.66;31.38;8395923;256781280.00
20160517;31.85;32.28;30.05;31.50;8114095;252450192.00
20160518;30.51;32.45;30.20;30.98;10106146;317263616.00
20160519;30.80;31.30;30.11;30.72;7024171;216000848.00
20160520;30.37;31.48;29.51;30.76;8177891;248232640.00
20160523;29.85;30.66;29.65;29.85;10459795;314455904.00
20160524;29.67;29.93;27.40;27.99;12024740;342319680.00
20160525;28.12;28.50;27.13;27.18;8563907;239450528.00
20160526;27.30;27.71;25.66;27.52;7784356;206913312.00
20160527;27.20;28.17;26.68;27.68;5132994;141847856.00
20160530;27.21;28.78;27.10;28.00;8081526;226454544.00
20160531;27.82;28.95;27.71;28.79;9933157;283557248.00
20160601;28.50;29.75;28.24;29.58;13227962;379212512.00
20160602;28.68;29.50;28.56;28.98;9592988;277615680.00
20160603;28.98;28.98;27.00;27.47;14082965;390205856.00
20160606;27.20;30.22;27.20;30.22;14839468;425127328.00
20160607;30.59;31.05;29.40;30.08;12561043;379251584.00
20160608;30.07;30.86;29.53;30.60;12666207;381816608.00
20160613;29.58;30.19;27.66;27.90;9776175;287410720.00
20160614;27.15;28.02;26.50;27.24;7661162;208135488.00
20160615;26.80;29.81;26.60;28.47;8372406;238809232.00
20160616;28.25;30.08;28.17;29.56;10076364;296726592.00
20160617;29.72;31.00;29.01;30.15;12722316;382757376.00
20160620;30.31;32.34;30.10;30.15;13394114;413975424.00
20160621;30.30;31.59;30.30;31.00;15247043;472126304.00
20160622;30.51;31.00;30.11;30.80;8256618;251946000.00
20160623;30.80;30.98;29.11;29.76;9044185;270373024.00
20160624;29.73;31.70;28.07;31.17;14134800;432809664.00
20160627;30.79;33.08;30.62;33.08;14227502;456010944.00
20160628;33.10;35.78;33.08;33.93;19453222;667874368.00
