20140121;14.40;17.42;14.40;17.42;5582538;95646416.00
20140122;18.00;19.16;18.00;19.16;13130415;246806288.00
20140123;20.18;21.08;20.00;21.08;19452290;401693568.00
20140124;20.90;23.19;20.26;22.30;18017417;398461600.00
20140129;21.90;21.90;20.07;20.07;13115576;270175232.00
20140130;19.52;20.06;18.69;19.15;7947463;154185456.00
20140207;19.00;19.75;18.78;19.57;6067230;117892712.00
20140210;19.57;21.53;19.43;21.34;9925348;204892688.00
20140211;20.94;21.79;19.60;21.42;9852355;207067680.00
20140212;21.74;23.56;21.00;23.56;11437393;264568800.00
20140213;23.56;25.41;23.13;24.09;13742920;333454976.00
20140214;23.60;26.47;23.19;26.08;10706873;268582144.00
20140219;27.00;28.69;26.08;26.47;12830072;352308768.00
20140220;26.45;27.45;24.66;25.35;9697903;251435360.00
20140221;24.66;25.49;23.80;24.87;6405892;157718048.00
20140224;24.60;25.57;24.50;25.14;4463451;111537800.00
20140225;25.51;26.47;22.63;22.90;8037354;201011040.00
20140226;22.05;22.18;20.66;21.98;5149021;111434736.00
20140227;21.95;23.00;20.92;21.00;5147186;112314720.00
20140228;20.88;23.10;20.60;23.10;6446593;142609232.00
20140304;25.41;25.41;24.02;25.41;10075599;253832128.00
20140305;26.18;26.88;24.31;24.85;10438676;267250880.00
20140306;24.42;27.34;23.70;27.34;8988996;230645520.00
20140307;27.50;29.98;26.80;27.78;13407014;379499104.00
20140310;26.38;29.24;26.38;28.00;10093543;285034368.00
20140311;27.43;27.90;25.35;26.85;7925959;210849680.00
20140312;26.47;26.85;24.53;25.31;7326616;187456608.00
20140313;25.24;25.95;24.32;24.95;5502415;138045824.00
20140314;24.31;25.29;23.71;24.46;5304936;130362800.00
20140317;24.45;25.10;24.02;24.74;4191650;103147888.00
20140318;24.64;26.18;24.30;25.10;6006992;152073600.00
20140319;24.80;24.80;23.76;24.20;5048462;122256456.00
20140320;23.81;24.17;23.02;23.05;4064501;95619296.00
20140321;22.80;23.58;22.55;23.39;3065195;70807016.00
20140324;23.23;23.60;21.89;22.01;4229557;95791224.00
20140325;21.60;22.47;21.31;21.95;2677205;58589216.00
20140326;21.88;22.36;21.73;21.76;2399260;52792076.00
20140327;21.77;21.78;20.31;20.35;3286642;68740616.00
20140328;20.39;21.75;19.65;20.86;4390734;90950728.00
20140331;20.69;21.20;19.90;20.36;2113402;43408044.00
20140401;20.11;21.35;20.11;21.28;2866556;60191632.00
20140402;21.14;22.12;20.45;21.91;3764709;79908296.00
20140403;21.46;22.78;21.33;21.88;4290613;94958200.00
20140404;21.51;22.04;21.22;21.45;2387383;51335624.00
20140408;21.20;22.23;20.64;21.89;3282558;70889360.00
20140409;21.87;24.08;21.58;24.08;5096165;116415912.00
20140410;24.79;26.49;24.79;26.49;13390060;348056608.00
20140411;26.00;26.29;24.65;25.71;10785846;276078848.00
20140414;25.85;26.40;25.21;25.44;6677143;171794768.00
20140415;25.44;25.60;24.08;24.47;5760646;141093120.00
20140416;24.07;24.55;23.06;23.43;6159782;145348112.00
20140417;23.50;25.49;23.16;24.30;7964230;193636240.00
20140418;24.00;24.15;23.19;23.42;4659557;109994488.00
20140421;22.91;24.40;22.80;23.41;5572185;132988048.00
20140422;22.82;23.45;22.17;23.26;4246518;96626984.00
20140423;22.76;23.65;22.53;22.58;3526265;80987024.00
20140424;22.45;22.89;21.40;21.60;3896644;85785104.00
20140425;21.33;22.09;21.12;21.23;2760566;59704688.00
20140428;20.94;21.18;19.51;19.54;3159222;63765856.00
20140429;19.66;20.54;19.58;20.39;2917180;58958164.00
20140430;20.15;21.18;20.15;20.89;2886900;59810148.00
20140505;20.88;21.70;20.36;21.59;2783938;58996952.00
20140506;21.75;23.75;21.75;23.75;2339843;54043960.00
20140507;24.95;25.20;24.15;24.35;9362133;230318880.00
20140508;24.15;24.44;22.92;22.96;5780294;136138480.00
20140509;22.75;23.39;21.97;22.05;4090271;92351968.00
20140512;22.15;22.85;21.61;22.79;4008375;89787160.00
20140513;22.80;23.47;22.41;22.51;3611374;82709152.00
20140514;22.29;23.45;21.91;23.30;4253042;96934808.00
20140515;23.00;24.14;22.89;22.90;5085889;119248344.00
20140516;22.58;22.58;21.03;21.37;3956475;85897936.00
20140519;21.05;21.66;20.90;21.51;1903481;40569572.00
20140520;22.10;23.66;22.10;22.73;6147995;141952592.00
20140521;22.39;22.85;22.10;22.73;3315320;74355624.00
20140522;22.78;23.10;22.28;22.28;2947282;66948036.00
20140523;22.39;23.33;22.29;23.12;3953190;90680704.00
20140526;23.00;23.65;22.71;23.60;3662475;84340488.00
20140527;23.46;23.58;22.81;22.92;2987494;69117048.00
20140528;22.85;23.76;22.85;23.59;3722298;87192608.00
20140529;23.41;23.80;22.95;23.11;3393410;79240560.00
20140530;23.13;23.49;22.35;22.52;2718547;61937812.00
20140603;22.60;22.94;22.42;22.60;1476327;33504296.00
20140604;22.50;23.65;22.43;23.18;3534405;82044096.00
20140605;22.82;23.14;22.55;23.09;2180442;49810444.00
20140606;23.08;23.54;22.86;22.90;2993160;69513264.00
20140609;22.80;22.80;22.21;22.36;1708140;38322844.00
20140610;23.10;24.60;23.10;24.60;8747657;213156288.00
20140611;25.00;25.68;24.19;24.32;11425847;285443072.00
20140612;24.18;24.25;23.57;23.91;5094162;121576872.00
20140613;23.80;24.59;23.80;24.10;4981718;120853136.00
20140616;23.88;25.10;23.75;24.76;5190187;127970736.00
20140617;24.60;24.60;23.94;24.02;3158624;76302664.00
20140618;23.99;24.25;23.28;23.42;2653755;63065620.00
20140619;23.31;23.65;21.30;21.52;3646861;81586672.00
20140620;21.52;22.35;21.45;22.32;2393253;52608372.00
20140623;22.30;23.59;22.25;23.26;3423291;79172272.00
20140624;23.13;23.70;23.10;23.31;2718196;63516524.00
20140625;23.36;24.40;23.10;24.14;5302330;127485824.00
20140626;24.37;26.23;24.10;25.97;8890498;225877056.00
20140627;25.75;25.78;24.85;25.16;6073374;153229840.00
20140630;25.20;25.31;24.60;24.91;3264096;81236136.00
20140701;24.88;25.44;24.62;25.13;3585970;89841856.00
20140702;25.04;25.13;24.05;24.54;3840522;93964232.00
20140703;24.36;24.73;24.26;24.39;2855180;69924824.00
20140704;24.29;26.38;24.29;25.45;7176631;182651168.00
20140707;25.32;25.32;24.72;24.86;3514801;87726760.00
20140708;24.84;25.25;24.40;25.01;2912459;72317776.00
20140709;25.04;25.98;24.47;24.51;4162595;104963160.00
20140710;24.20;25.18;24.20;24.45;2326812;57305164.00
20140711;24.43;24.83;24.21;24.48;1923999;47195436.00
20140714;24.29;24.89;24.15;24.80;2119157;52204992.00
20140715;24.45;24.65;23.11;23.37;3890220;91676696.00
20140716;23.34;23.57;22.61;22.98;1848306;42633180.00
20140717;22.93;23.36;22.82;23.34;1271619;29410314.00
20140718;23.22;23.49;22.85;22.99;1175641;27264278.00
20140721;22.99;22.99;22.43;22.73;1079262;24463374.00
20140722;22.66;23.28;22.60;23.13;1074202;24757236.00
20140723;23.13;23.28;22.18;22.29;1351377;30643022.00
20140724;22.29;22.65;21.60;22.57;1530616;34019424.00
20140725;22.45;22.77;22.22;22.61;971002;21900802.00
20140728;22.65;23.29;22.65;23.12;1254625;28924754.00
20140729;23.43;23.43;23.01;23.15;1602744;37173800.00
20140730;23.13;23.25;22.75;23.21;1452024;33404648.00
20140731;23.21;23.30;22.75;22.99;1110813;25514302.00
20140801;22.80;22.94;22.34;22.42;1605489;36359832.00
20140804;22.47;23.06;22.36;22.95;1389516;31715052.00
20140805;22.86;23.44;22.81;23.36;1672153;38788348.00
20140806;23.32;23.64;23.15;23.49;2069888;48554208.00
20140807;23.45;23.57;22.97;22.97;1515309;35215448.00
20140808;23.11;23.44;22.99;23.20;1131172;26295288.00
20140811;23.21;23.55;23.12;23.52;2138162;49990620.00
20140812;23.52;23.77;23.34;23.59;1900282;44831040.00
20140813;23.61;23.69;22.81;23.20;1668567;38664232.00
20140814;23.08;23.41;22.84;22.88;1347175;31211150.00
20140815;22.78;23.08;22.72;23.04;1046348;23960754.00
20140818;23.00;23.42;23.00;23.42;1484049;34475796.00
20140819;23.47;23.77;23.25;23.75;2445106;57691400.00
20140820;23.70;24.46;23.48;23.94;2923936;70049176.00
20140821;23.90;24.49;23.80;24.25;2711455;65500116.00
20140822;24.11;24.29;23.87;24.26;1948780;46952652.00
20140825;24.40;24.49;23.75;23.85;1432790;34368272.00
20140826;23.58;23.77;22.92;22.95;2057020;47929484.00
20140827;22.90;23.12;22.76;22.89;1110465;25490930.00
20140828;22.89;25.18;22.89;25.18;6838899;167538272.00
20140829;25.50;25.79;24.47;24.86;5578989;139205600.00
20140901;25.16;25.75;24.66;25.44;5124995;129500512.00
20140902;25.56;25.87;24.90;25.68;4846840;123251904.00
20140903;25.68;26.20;25.40;25.91;5089895;130969992.00
20140904;25.80;25.80;25.35;25.51;3537114;90310344.00
20140905;25.30;25.77;25.16;25.43;2405090;61184524.00
20140909;25.40;26.16;25.11;26.15;3519846;90250600.00
20140910;26.30;26.30;25.62;25.93;3078521;79864168.00
20140911;25.75;27.75;25.73;26.16;5612487;149857840.00
20140912;25.84;26.60;25.71;26.48;2905598;76128808.00
20140915;26.49;26.78;26.33;26.50;2186933;58078692.00
20140916;27.06;27.70;25.51;25.58;4550221;122300520.00
20140917;25.35;25.83;24.88;25.70;2426908;61587356.00
20140918;25.58;25.86;25.31;25.68;1299912;33258030.00
20140919;25.98;26.50;25.48;26.10;2271967;59181344.00
20140922;25.96;25.96;25.03;25.13;1975159;50019904.00
20140923;25.40;25.65;25.17;25.58;1377729;35031548.00
20140924;25.43;25.95;25.40;25.90;1645442;42307072.00
20140925;25.81;26.14;25.58;25.70;1955801;50597264.00
20140926;25.71;26.46;25.70;26.04;1787177;46679560.00
20140929;26.30;26.48;26.00;26.35;1703478;44640752.00
20140930;26.30;26.46;25.96;26.27;1730822;45270116.00
20141008;26.32;26.68;25.95;26.68;2422087;63814640.00
20141009;26.73;27.16;26.16;26.71;2612430;69764144.00
20141010;26.43;27.08;26.33;26.48;2059149;54902912.00
20141013;26.70;29.13;26.70;29.13;5990246;168041200.00
20141014;29.80;29.98;28.72;29.47;7158776;209827776.00
20141015;29.02;30.98;28.73;30.22;5569351;165216048.00
20141016;29.80;33.24;29.62;33.24;6060400;194879776.00
20141017;33.88;36.56;33.00;35.76;11918944;416239904.00
20141020;33.00;33.87;32.18;32.30;10884961;356333792.00
20141021;32.00;32.89;31.09;31.50;6863679;218828224.00
20141022;31.38;32.50;30.86;31.05;5838426;184292128.00
20141023;30.85;31.13;29.85;30.56;4157673;126467296.00
20141024;29.74;30.42;29.30;29.85;3601711;107683688.00
20141027;29.96;30.59;29.86;30.08;2829410;85330128.00
20141028;30.17;30.88;29.91;30.88;3827974;116520224.00
20141029;30.88;31.13;30.02;30.79;4893168;150122560.00
20141030;30.80;31.08;30.11;30.26;3632677;111178192.00
20141031;30.30;30.38;29.08;29.49;3661566;108366240.00
20141103;29.50;30.58;29.50;30.58;3670500;110827384.00
20141104;30.63;31.68;30.59;30.85;4774094;148247632.00
20141105;30.50;30.50;29.30;29.69;2654643;78961096.00
20141106;29.42;31.40;29.40;31.35;3636041;111031392.00
20141107;31.18;31.55;30.06;30.32;3716480;115248456.00
20141110;30.00;30.88;29.81;30.66;2031456;61877808.00
20141111;30.73;30.94;27.76;28.55;3499444;102554752.00
20141112;28.33;30.24;28.33;29.93;3383455;100104344.00
20141113;29.89;29.98;28.61;29.25;2492855;72653344.00
20141114;28.71;29.33;28.02;28.27;1672599;47807580.00
20141117;28.33;29.19;28.27;29.05;1560986;44944884.00
20141118;29.05;29.05;28.31;28.91;1478108;42367452.00
20141119;28.90;29.25;28.51;29.00;1532083;44287680.00
20141120;28.90;29.87;28.50;29.27;2478986;72640232.00
20141121;29.18;29.78;29.00;29.28;1811305;53396784.00
20141124;29.35;29.58;28.90;29.20;1905694;55671556.00
20141125;29.39;30.14;29.15;30.14;2594705;77364976.00
20141126;30.20;30.50;29.71;30.43;2747824;82762536.00
20141127;30.80;30.94;29.98;30.19;2432487;73823304.00
20141128;30.10;30.97;30.08;30.45;2779378;84737816.00
20141201;30.45;30.56;28.00;29.13;2314408;68250424.00
20141202;29.16;30.47;29.03;29.87;2295128;68863840.00
20141203;29.74;29.98;28.83;29.77;2174663;63720324.00
20141204;30.05;30.43;29.77;29.90;2563385;77207608.00
20141205;29.25;29.68;27.80;28.02;3047954;86973136.00
20150504;30.82;30.82;30.82;30.82;21403;659640.44
20150505;33.90;33.90;33.90;33.90;41705;1413799.50
20150506;37.29;37.29;37.29;37.29;67419;2514054.50
20150507;41.02;41.02;37.00;39.45;9083147;363985856.00
20150508;38.00;42.00;37.00;41.16;6071937;244631632.00
20150511;40.90;43.38;39.51;41.31;6046161;250811008.00
20150512;41.37;41.97;40.10;41.30;4480065;183633088.00
20150513;40.89;40.89;39.61;40.60;3038853;122050440.00
20150514;40.61;44.66;40.08;42.01;4404671;188295024.00
20150515;41.27;42.87;40.55;42.08;2897007;120457392.00
20150518;42.86;46.21;42.86;44.99;4139437;186021104.00
20150519;45.25;49.38;45.25;48.30;4592658;217865888.00
20150520;47.90;49.50;47.01;47.80;3768823;181679232.00
20150521;48.50;49.32;46.25;48.98;3343954;160394304.00
20150522;49.31;51.20;48.02;50.26;3514053;173880304.00
20150525;50.00;55.29;49.21;55.29;3554512;190241920.00
20150526;56.88;60.82;56.88;60.82;2354830;141619488.00
20150527;64.50;66.85;60.10;64.06;4480109;288100032.00
20150528;62.00;70.05;62.00;62.10;4173387;275625824.00
20150529;62.20;68.31;60.18;68.31;5250217;344366368.00
20150601;69.00;72.10;66.55;70.21;2897950;201977744.00
20150602;69.99;70.00;64.40;68.00;4346622;291070016.00
20150603;68.00;71.30;64.65;68.16;2956643;200773952.00
20150604;68.16;68.39;61.34;63.00;2723454;171547200.00
20150605;63.52;65.01;57.70;60.00;2782504;170443072.00
20150608;60.00;60.10;54.00;55.50;4557101;253534352.00
20150609;55.30;56.60;53.00;55.08;2567820;140137824.00
20150610;55.08;59.86;54.03;57.92;3588334;202269632.00
20150611;58.00;58.47;56.20;57.16;2544776;145366016.00
20150612;57.43;59.25;57.43;58.30;2422006;141338176.00
20150615;59.12;59.16;52.47;52.47;5193218;279179584.00
20150616;51.50;53.93;47.82;53.17;3727661;189091168.00
20150617;52.50;55.56;51.30;54.17;2957786;158883056.00
20150618;53.90;55.99;49.50;51.00;1445247;77817776.00
20150619;50.05;51.00;45.90;45.90;1550319;74738768.00
20150623;46.51;50.00;44.00;49.20;2172544;102325312.00
20150624;49.21;50.11;47.51;49.00;1596977;78587528.00
20150625;49.00;49.30;45.72;46.41;1261594;60336064.00
20150626;45.70;45.70;41.77;41.77;2223008;95997936.00
20150629;42.09;42.98;37.59;37.59;1801214;70399512.00
20150630;36.50;39.38;33.83;38.54;3518906;128267112.00
20150701;38.50;40.28;34.69;35.30;2957644;113499048.00
20150702;34.66;34.77;31.77;31.77;3263082;106365776.00
20150703;30.19;32.75;28.59;28.59;2652404;77858576.00
20150706;31.45;31.45;27.33;29.65;4380261;128680688.00
20150707;28.80;29.18;26.69;26.69;2600581;71947568.00
20150708;24.02;28.69;24.02;28.50;5196574;131041840.00
20150709;27.60;31.35;27.05;31.35;2762266;83607880.00
20150710;33.34;34.49;32.61;34.49;1072752;36376152.00
20150713;36.48;37.87;35.20;37.87;2714730;101601424.00
20150714;39.37;40.87;37.02;39.50;4820399;186851952.00
20150715;37.50;39.20;35.55;35.55;1701900;62152864.00
20150716;35.55;37.98;32.22;37.00;2223626;79211832.00
20150717;37.08;39.63;37.00;38.80;1800214;69515728.00
20150720;38.00;41.50;37.18;40.57;3071436;122517536.00
20150721;39.65;42.10;38.60;41.50;2062387;84546904.00
20150722;41.45;41.90;40.13;41.15;1415298;58249576.00
20150723;41.42;44.27;39.60;43.16;2099136;88125232.00
20150805;38.84;41.27;38.84;38.84;3071343;122065848.00
20150806;36.10;37.68;34.96;37.68;2713705;97768664.00
20150807;37.45;39.30;36.21;38.85;1722215;65695808.00
20150810;39.90;40.66;38.84;40.15;1139995;45267076.00
20150811;40.09;44.17;39.21;42.24;2668757;113865024.00
20150812;41.00;43.30;40.70;41.15;1151963;48633492.00
20150813;41.31;42.89;40.50;42.70;915243;38405888.00
20150814;42.80;44.01;42.30;43.87;1234586;53433904.00
20150817;43.90;47.36;43.65;46.89;1513154;67884200.00
20150818;50.00;51.58;42.51;42.52;3453468;168795120.00
20150819;39.90;46.77;39.70;46.77;3046080;129755168.00
20150820;46.78;49.86;43.70;46.68;2485758;117877784.00
20150821;45.00;46.55;42.01;42.83;1458152;63787204.00
20150824;40.60;40.60;38.55;38.55;420500;16363026.00
20150825;34.70;35.99;34.70;34.70;1287601;44821508.00
20150826;33.20;35.88;31.26;34.27;1396088;46581552.00
20150827;34.58;36.00;33.05;35.95;1084852;37134152.00
20150828;35.98;38.44;35.11;38.24;1147633;41779116.00
20150831;37.21;38.81;36.05;37.47;823562;30777636.00
20150901;36.55;37.47;33.72;33.72;679790;23461820.00
20150902;31.60;35.00;30.49;32.90;770951;25309868.00
20150907;33.15;35.95;29.61;31.90;2675726;82914472.00
20150908;30.60;35.09;29.50;33.70;1860817;59803524.00
20150909;35.20;36.50;34.16;36.28;3432820;120805464.00
20150910;34.65;35.40;33.99;33.99;2417228;83618304.00
20150911;33.10;34.28;32.30;33.25;1378310;45799568.00
20150914;33.55;33.99;29.93;29.93;1400005;43259824.00
20150915;27.90;29.70;26.94;26.94;826300;23037884.00
20150916;26.54;29.59;26.08;29.21;1582476;43983764.00
20150917;28.70;29.35;27.28;28.30;1628678;46317572.00
20150918;28.65;28.78;27.31;28.30;655305;18510380.00
20150921;28.39;29.75;27.52;29.39;823717;23753010.00
20150922;29.56;31.00;29.44;29.90;1755975;52967960.00
20150923;29.50;30.35;29.00;29.80;909400;27130168.00
20150924;29.95;30.76;29.81;30.21;666003;20139750.00
20150925;30.22;30.50;28.01;29.50;916078;26712888.00
20150928;29.00;30.50;28.73;30.38;662182;19771854.00
20150929;29.70;30.48;29.21;30.00;635176;18959138.00
20150930;29.88;30.50;29.50;30.50;577676;17468868.00
20151008;31.92;32.66;31.01;32.00;954645;30549034.00
20151009;31.88;32.42;31.40;32.29;663353;21203990.00
20151012;32.29;35.12;32.20;34.50;1255090;42495696.00
20151013;34.16;34.93;34.00;34.58;875289;30125364.00
20151014;34.00;37.28;34.00;36.99;1664365;59536424.00
20151015;36.60;38.85;36.33;38.60;1485971;55456128.00
20151016;39.00;39.15;37.12;37.63;1408327;53146476.00
20151019;37.64;39.38;37.52;38.01;1801203;68966720.00
20151020;37.55;38.45;37.55;38.17;1163955;44249672.00
20151021;38.00;38.48;34.80;35.45;1641843;59755820.00
20151022;35.00;36.67;35.00;36.55;1108193;39880080.00
20151023;36.71;40.00;36.18;40.00;2580751;96685984.00
20151026;40.01;42.95;38.80;41.60;3256596;132475320.00
20151027;40.63;42.08;39.10;40.90;1758744;71105552.00
20151028;40.91;44.99;40.91;42.95;2845878;124508376.00
20151029;44.80;44.80;42.00;43.00;1038110;45026688.00
20151030;43.12;43.30;42.01;42.02;667513;28443598.00
20151102;42.04;45.14;41.00;43.10;1412069;61236572.00
20151103;43.90;44.46;42.55;42.80;614400;26481148.00
20151104;42.61;44.70;42.61;44.50;1503819;65830672.00
20151105;44.52;48.00;44.50;44.91;2196898;100831008.00
20151106;44.00;46.00;44.00;45.18;1868862;84419352.00
20151109;45.04;47.10;44.80;46.61;1979981;91906616.00
20151110;45.71;48.00;45.55;46.41;2005222;93495544.00
20151111;46.20;47.98;45.60;47.75;2313814;108773472.00
20151112;50.00;50.50;47.90;48.15;2246326;109905408.00
20151113;47.50;47.70;44.43;45.89;1965074;90856064.00
20151116;44.55;46.40;44.40;46.00;1456020;66414692.00
20151117;46.75;46.97;44.92;45.94;1866280;86146056.00
20151118;45.70;45.74;41.82;42.33;1452308;64578616.00
20151119;42.50;43.95;42.18;43.89;1384157;59452356.00
20151120;44.05;44.80;43.19;44.45;947223;41692552.00
20151123;44.30;46.50;43.86;44.32;2356831;106577480.00
20151124;44.22;46.37;44.01;46.20;1780020;81477600.00
20151125;48.47;49.68;47.13;48.49;3260511;156924384.00
20151126;48.40;51.50;48.03;48.91;3274705;163740176.00
20151127;49.30;53.50;44.04;47.00;3430847;170161088.00
20151130;48.00;48.77;43.30;46.41;3013134;138516464.00
20151201;46.20;47.80;44.50;45.75;2712346;125963576.00
20151202;45.70;45.70;41.20;43.87;2369328;101585208.00
20151203;44.17;45.97;43.17;44.90;1587444;70699744.00
20151204;44.80;45.70;44.00;44.37;1802848;80894512.00
20151207;44.56;45.46;44.26;45.46;2038898;91627472.00
20151208;45.80;47.96;45.48;47.50;3431398;161243440.00
20151209;47.50;48.67;47.00;47.73;3547050;169918560.00
20151210;47.78;48.66;46.50;46.73;2667200;127716552.00
20151211;46.73;46.73;44.20;44.40;1950120;87647288.00
20151214;43.05;45.80;42.22;44.44;2440637;106492440.00
20151215;44.44;45.35;44.21;44.80;1399069;62793796.00
20151216;44.95;46.50;44.71;46.13;2404156;109878960.00
20151217;46.20;50.39;46.19;49.17;3357447;163387776.00
20151218;49.20;51.36;49.00;49.38;3196607;159410160.00
20151221;49.06;51.66;48.30;51.38;2696357;135168912.00
20151222;51.41;53.80;51.03;53.29;2524826;133376152.00
20151223;54.00;54.00;51.00;51.60;2780809;144960384.00
20151224;50.88;52.96;48.68;52.58;2485345;126058024.00
20151225;57.84;57.84;57.84;57.84;1554186;89894120.00
20151228;57.79;63.62;56.23;59.90;8911550;525548992.00
20151229;59.00;65.89;58.51;65.89;9113408;583161792.00
20151230;65.89;65.89;61.81;62.59;7394878;468655616.00
20151231;62.00;64.00;60.56;60.72;4767789;296028256.00
20160104;60.30;60.72;54.65;54.65;3083845;180113408.00
20160105;51.58;58.28;51.58;56.87;5590950;310752736.00
20160106;56.87;61.60;55.51;59.83;4658366;273203424.00
20160107;58.11;58.30;53.85;53.85;1143250;64033496.00
20160108;55.98;59.18;52.00;57.40;5253849;296173760.00
