20140910;28.86;34.63;28.86;34.63;35100;1210611.00
20140911;38.09;38.09;38.09;38.09;9500;361855.00
20140912;41.90;41.90;41.90;41.90;11100;465090.00
20140915;46.09;46.09;46.09;46.09;26650;1228298.50
20140916;50.70;50.70;50.70;50.70;114850;5822895.00
20140917;55.77;55.77;55.77;55.77;103758;5786583.50
20140918;61.35;61.35;61.35;61.35;142902;8767038.00
20140919;67.49;67.49;67.49;67.49;219006;14780715.00
20140922;74.24;74.24;74.24;74.24;274237;20359354.00
20140923;81.66;81.66;81.66;81.66;435031;35524632.00
20140924;89.83;89.83;89.83;89.83;310543;27896078.00
20140925;98.81;98.81;98.81;98.81;372625;36819076.00
20140926;108.69;108.69;108.69;108.69;1353571;147119632.00
20140929;119.56;119.56;108.90;110.21;21538050;2510765568.00
20140930;108.80;111.80;103.33;105.11;8639013;921545344.00
20141008;104.97;108.29;103.02;106.32;6489699;688284288.00
20141009;105.12;105.74;101.80;102.65;5932612;613650688.00
20141010;101.18;102.55;100.36;101.68;3304467;335710816.00
20141013;100.50;101.44;98.34;99.40;3695433;367495552.00
20141014;99.00;101.88;98.51;99.85;2685614;269482912.00
20141015;99.88;104.74;98.50;102.65;5430014;552550144.00
20141016;101.01;101.50;99.00;99.02;3512634;352195776.00
20141017;99.00;102.29;97.80;100.45;3294787;328945088.00
20141020;100.38;101.47;99.30;100.52;1774910;178060064.00
20141021;100.78;104.90;100.40;103.46;4410212;454225024.00
20141022;102.84;104.34;101.11;101.11;3231043;331796800.00
20141023;100.80;105.30;100.02;102.27;3435026;354442784.00
20141024;101.66;104.20;95.77;95.77;3831483;385272544.00
20141027;94.01;94.43;87.80;87.90;4869110;438017280.00
20141028;88.80;90.40;88.38;90.05;2817782;252327008.00
20141029;90.40;93.47;90.10;93.47;3295501;302620800.00
20141030;93.00;95.90;92.59;92.74;2977645;280555456.00
20141031;92.50;94.29;92.00;93.20;2020525;187932496.00
20141103;93.30;94.17;92.63;93.50;1683535;157331456.00
20141104;93.90;95.78;92.66;93.10;2433140;229132544.00
20141105;92.40;92.40;90.30;90.65;2000864;182259312.00
20141106;90.61;99.00;90.51;96.35;4128984;390843520.00
20141107;96.39;98.87;93.90;94.50;3448914;332855072.00
20141110;94.40;99.10;93.71;98.66;3725611;362883200.00
20141111;98.00;98.60;91.88;92.91;3896638;369822144.00
20141112;92.96;102.20;92.50;102.20;6722549;667035264.00
20141113;100.00;101.98;98.50;98.84;5083336;508178336.00
20141114;97.53;98.49;89.30;89.72;5415481;502488928.00
20141117;88.56;91.81;88.05;89.30;2227155;200909424.00
20141118;89.60;90.88;89.00;90.30;1281997;115191168.00
20141119;90.60;90.80;88.61;89.96;1556719;139554000.00
20141120;89.36;90.49;88.70;90.14;1284683;115413248.00
20141121;89.96;91.60;89.62;90.00;1750449;158369968.00
20141124;90.55;90.86;89.01;89.47;1905519;171354400.00
20141125;89.53;90.39;86.38;88.34;2806633;247545952.00
20141126;88.00;91.02;87.93;90.20;2064702;185440160.00
20141127;90.90;92.88;90.60;91.39;2190923;200770656.00
20141128;91.76;91.76;89.21;89.97;2095922;188803424.00
20141201;89.80;92.99;87.87;91.20;2113931;187550528.00
20141202;90.30;95.50;90.13;93.95;3435381;321947936.00
20141203;94.00;94.00;90.45;93.11;2650241;244122432.00
20141204;93.00;93.97;92.28;92.31;1891525;175493296.00
20141205;93.30;101.54;91.50;101.54;7839616;775710592.00
20141208;104.99;107.56;99.70;102.10;10268297;1069613440.00
20141209;99.00;99.80;91.89;91.89;8316208;791770880.00
20141210;90.39;93.30;89.51;91.87;3361996;307709056.00
20141211;91.02;93.71;90.01;92.73;2178064;200537392.00
20141212;92.01;93.50;91.37;91.78;1553276;143011008.00
20141215;89.80;94.20;88.01;93.60;2276922;210397712.00
20141216;93.10;94.11;91.80;91.82;1625515;150399344.00
20141217;91.56;93.95;90.62;92.41;1804150;167406112.00
20141218;91.61;94.11;91.06;92.03;1678525;155380480.00
20141219;91.02;91.60;87.76;88.47;2473281;221114800.00
20141222;88.00;88.00;79.62;79.62;2400791;193380976.00
20141223;79.02;81.60;78.02;79.83;1401139;112398752.00
20141224;80.12;84.90;80.12;83.82;1676484;138834608.00
20141225;84.00;84.58;82.00;83.77;750062;62470328.00
20141226;83.60;84.45;83.03;83.84;618808;51878832.00
20141229;83.88;83.88;79.86;79.99;1012210;81774576.00
20141230;80.30;81.66;79.30;80.65;653892;52465252.00
20141231;80.51;82.60;80.13;82.06;652231;53356952.00
20150105;82.00;82.06;78.88;80.00;744522;59394440.00
20150106;79.40;82.64;78.90;81.72;1625717;131120064.00
20150107;81.71;81.71;79.88;79.93;1073442;86036192.00
20150108;79.95;80.40;79.00;79.30;1103188;87969744.00
20150109;79.40;80.50;79.08;79.25;960648;76641600.00
20150112;79.38;79.38;75.44;75.90;1593129;122487552.00
20150113;75.65;78.47;75.60;78.11;863990;66861404.00
20150114;77.79;79.56;77.50;79.18;1150196;90660848.00
20150115;78.80;83.40;78.50;82.60;1725014;141003744.00
20150116;82.00;85.50;81.88;84.15;1298245;108857192.00
20150119;83.10;89.50;81.66;87.88;3225087;282878432.00
20150120;88.00;90.49;87.90;90.32;1738627;155267920.00
20150121;89.95;90.90;89.15;90.19;994882;89519992.00
20150122;90.01;98.58;89.98;96.00;2157256;203928592.00
20150123;96.21;96.50;93.25;94.79;1362593;128971256.00
20150126;95.29;97.98;95.28;97.26;1175255;114135768.00
20150127;96.50;98.50;94.88;98.10;1007309;97623976.00
20150128;95.10;101.00;94.03;97.24;2486017;242422768.00
20150129;96.21;100.28;95.32;98.30;1339884;131941864.00
20150130;98.38;102.44;98.30;98.99;1212989;121664560.00
20150202;97.70;100.00;97.01;98.80;935822;91941480.00
20150203;98.90;101.92;96.78;99.68;1317675;130099944.00
20150204;99.91;99.95;98.50;99.02;468179;46391988.00
20150205;98.50;99.63;95.35;96.52;1248542;120643256.00
20150206;96.00;96.99;95.01;95.10;594550;56845980.00
20150209;95.00;97.20;94.70;94.70;461122;44068964.00
20150210;95.70;95.70;94.50;95.50;361739;34389432.00
20150211;95.50;96.87;95.00;95.95;369175;35321240.00
20150212;96.00;96.38;95.01;95.62;265915;25378456.00
20150213;95.62;97.00;95.55;95.89;672155;64490836.00
20150216;96.49;98.48;95.50;97.90;713916;69681240.00
20150217;97.90;98.76;97.01;98.15;452306;44145376.00
20150225;98.11;99.40;97.50;98.40;643859;63564996.00
20150226;98.40;100.39;97.03;98.15;639875;63150316.00
20150227;98.50;99.60;96.46;97.66;769519;75205136.00
20150302;97.28;97.28;94.00;96.20;1054331;100756688.00
20150303;95.50;96.35;95.47;95.50;644190;61703184.00
20150304;95.47;95.60;92.60;92.89;1386343;129402504.00
20150305;92.81;92.81;90.50;91.10;1490751;136091776.00
20150306;91.15;91.73;88.00;88.90;1387826;124482784.00
20150309;88.50;89.09;87.26;88.88;1403520;123574704.00
20150310;89.09;89.99;87.65;87.91;1727732;152307648.00
20150311;87.35;87.95;85.08;85.49;1934171;167077312.00
20150312;85.49;86.90;84.77;86.75;2754676;236584688.00
20150313;86.85;88.47;86.68;87.80;1913453;167573520.00
20150316;89.40;89.99;88.71;89.10;2336519;208710896.00
20150317;89.00;91.00;88.51;90.06;2068956;185516016.00
20150318;89.99;91.45;89.30;91.29;1808423;164275856.00
20150319;92.06;93.49;89.90;90.55;1877139;172159024.00
20150320;91.00;92.00;89.80;90.88;1947659;176543536.00
20150323;90.88;98.90;90.50;97.00;4107158;388574880.00
20150324;96.30;96.66;92.08;95.40;3466515;328064224.00
20150325;94.90;96.47;93.50;95.64;2273916;215956208.00
20150326;94.50;95.99;92.00;93.10;1919514;180297936.00
20150327;93.00;95.49;92.70;92.89;1404792;131655688.00
20150330;92.96;93.48;88.50;89.26;2693836;242802096.00
20150331;89.40;91.29;88.50;90.27;1505340;135201840.00
20150401;89.19;91.50;89.19;91.00;1373482;124335624.00
20150402;91.25;93.52;90.80;92.98;1808649;166790400.00
20150403;92.60;95.00;91.70;94.90;2593515;242103536.00
20150407;95.00;98.37;94.37;96.99;3138462;302089856.00
20150408;97.50;97.70;92.67;96.53;2909483;277250912.00
20150409;97.05;105.10;95.63;102.27;4702443;472973728.00
20150410;100.76;103.00;99.00;102.00;2502655;253736544.00
20150413;102.05;104.50;99.32;102.30;2658707;270648544.00
20150414;102.75;112.10;101.97;105.50;3812509;409937184.00
20150415;104.00;104.83;94.99;95.50;3605469;357170176.00
20150416;94.80;96.82;90.00;92.26;2628261;246233408.00
20150417;92.97;95.19;92.12;93.30;1849103;172938096.00
20150420;93.50;95.60;91.50;93.00;1954620;182095104.00
20150421;92.71;97.40;92.40;97.40;2465029;236136560.00
20150422;96.97;102.30;96.83;101.16;2245837;222791616.00
20150423;101.25;109.00;100.00;107.90;3539371;372719680.00
20150424;106.01;115.50;105.60;115.00;4539342;501085472.00
20150427;113.60;116.00;108.91;110.38;5356661;598553728.00
20150428;110.43;121.42;110.43;121.42;3088492;370861600.00
20150601;133.56;133.56;133.56;133.56;21072;2814376.25
20150602;146.92;146.92;146.92;146.92;60501;8888807.00
20150603;161.61;161.61;161.61;161.61;23201;3749513.50
20150604;177.77;177.77;163.00;177.77;3185504;557016000.00
20150605;189.00;189.00;165.02;166.88;5579883;979673152.00
20150608;160.50;164.96;159.01;161.37;2301005;370339200.00
20150609;161.00;175.50;159.00;169.00;1931336;326073760.00
20150610;165.20;166.88;160.00;163.98;1360432;222232576.00
20150611;163.98;180.38;163.03;180.38;2790369;485931840.00
20150612;184.00;198.42;180.00;197.60;3515557;676374464.00
20150615;198.01;203.00;184.00;184.99;3129304;610186688.00
20150616;179.90;201.00;175.60;185.00;2500432;471478784.00
20150617;186.55;200.00;180.98;199.08;2710286;522265280.00
20150618;195.12;218.99;192.80;214.96;3447088;708356352.00
20150619;209.28;228.27;207.00;218.01;2865563;629159424.00
20150623;215.99;227.85;198.00;225.00;2131014;453215744.00
20150624;233.98;240.00;220.00;223.00;1789460;409876544.00
20150625;222.00;233.00;211.00;228.00;1440222;323653440.00
20150626;216.99;223.03;205.20;207.99;2826945;590336128.00
20150629;211.98;211.98;187.19;200.00;3169968;609194304.00
20150630;193.05;199.97;180.00;181.00;3543571;647521344.00
20150701;170.98;182.93;162.90;163.30;2249977;388281824.00
20150702;160.00;160.00;146.97;146.97;1429076;215684672.00
20150703;132.27;132.27;132.27;132.27;564400;74653184.00
20150706;138.00;142.00;118.93;118.93;1462172;185235312.00
20150707;107.04;107.04;107.04;107.04;230000;24619200.00
20150717;117.00;117.74;106.00;117.74;2946509;335407104.00
20150720;125.00;129.51;121.00;129.51;3428231;435894592.00
20150721;133.98;142.01;129.50;135.20;3367631;458973536.00
20150722;132.02;144.90;132.02;143.50;2993613;419547072.00
20150723;141.00;151.88;139.99;149.32;2195848;319420256.00
20150724;147.44;157.57;142.00;144.49;2729397;409094496.00
20150727;140.00;145.20;130.04;130.04;2513480;339653920.00
20150728;117.30;127.43;117.04;117.04;2883876;341499648.00
20150729;119.12;128.00;105.50;125.90;2842734;325408160.00
20150730;122.96;138.49;120.00;127.63;3737483;493463488.00
20150731;125.28;128.00;114.87;114.87;2259248;271876032.00
20150803;104.01;108.00;103.38;103.38;2234653;231562864.00
20150804;103.50;110.00;99.03;109.78;2775028;293672800.00
20150805;109.89;111.48;101.65;105.20;2992038;319712672.00
20150806;100.10;107.48;100.00;103.65;1331758;138688992.00
20150807;105.72;109.87;104.68;109.53;2729851;292641376.00
20150810;109.53;120.48;108.26;120.48;3799351;430372320.00
20150811;120.09;126.44;119.00;122.82;3101680;383046016.00
20150812;120.00;126.90;117.10;119.05;2782273;340371616.00
20150813;117.10;122.00;116.30;120.83;1619412;192954176.00
20150814;121.00;122.00;116.27;117.50;2093237;249148144.00
20150817;117.51;119.39;113.41;117.74;1802724;210722176.00
20150818;117.00;118.00;105.97;105.97;1965684;218395152.00
20150819;99.99;104.25;95.45;103.91;2963400;295673312.00
20150820;101.50;102.00;95.58;95.58;1624081;161628128.00
20150821;92.00;95.58;88.89;93.68;1745234;161008976.00
20150824;87.00;88.99;84.31;84.31;904862;77214648.00
20150825;75.89;78.88;75.88;75.88;973969;74035760.00
20150826;76.05;77.30;68.29;68.29;2654874;190215216.00
20150827;70.00;75.00;64.50;72.75;2370532;163399056.00
20150828;72.02;80.03;72.01;80.03;3723758;282733120.00
20150831;80.00;80.00;72.30;72.30;2304131;174184496.00
20150901;70.14;70.14;65.07;65.07;1759076;116154440.00
20150902;58.56;67.50;58.56;58.56;2742195;167794560.00
20150907;59.21;62.71;56.00;57.94;2285659;137880144.00
20150908;57.13;62.46;57.13;62.30;1742510;104291704.00
20150909;63.00;67.80;62.99;65.50;3000997;195967760.00
20150910;64.50;69.76;64.01;66.79;2505439;168972288.00
20150911;65.80;70.67;65.61;69.30;2862079;195259056.00
20150914;68.01;69.49;62.37;62.37;1626532;106272456.00
20150915;57.72;60.00;56.13;56.13;1865311;107367560.00
20150916;56.18;61.74;54.40;61.46;2459145;142931424.00
20150917;60.58;64.00;57.88;60.01;2296652;142514528.00
20150918;60.06;61.50;57.88;60.03;1806528;107179488.00
20150921;59.05;66.03;58.88;66.03;2634249;168226096.00
20150922;68.00;70.03;67.01;68.00;3087602;211311840.00
20150923;66.07;72.79;66.00;70.80;3242789;224556448.00
20150924;70.79;71.90;68.30;69.58;2676599;187822576.00
20150925;69.00;69.30;62.62;63.76;2503161;164360096.00
20150928;63.60;70.00;63.59;69.20;2085445;139527200.00
20150929;67.99;68.19;65.10;66.17;1704626;113788504.00
20150930;66.36;68.81;65.20;67.20;1853356;124516648.00
20151008;70.50;72.42;69.00;70.22;2391393;169041232.00
20151009;70.24;71.70;69.54;71.35;2265506;160439584.00
20151012;71.80;78.49;71.80;76.31;3766834;286941376.00
20151013;75.53;78.99;75.00;78.00;2834024;217143424.00
20151014;75.99;77.00;73.88;74.33;4184144;314349344.00
20151015;73.00;77.97;72.11;77.68;3881538;291008832.00
20151016;78.01;80.00;76.26;78.00;3992003;311917504.00
20151019;78.82;78.97;73.60;75.19;4093926;309917088.00
20151020;75.15;78.50;74.40;77.92;4706430;360278752.00
20151021;79.00;83.49;70.20;70.80;6675857;521066496.00
20151022;70.91;73.91;70.00;73.55;4590949;330527936.00
20151023;73.80;76.03;72.11;75.83;5236539;388960608.00
20151026;76.00;79.00;74.00;77.32;6060641;463558048.00
20151027;76.70;82.94;71.01;81.50;8892170;678490560.00
20151028;84.15;89.65;84.15;89.30;16293188;1437774336.00
20151029;86.20;88.88;83.50;86.90;10016003;864975040.00
20151030;84.90;86.00;81.56;83.01;5764341;481512352.00
20151102;79.50;85.79;78.51;79.29;5130111;418557504.00
20151103;79.80;80.99;77.25;79.31;4223720;334236512.00
20151104;81.00;87.24;80.00;87.10;7448529;627435008.00
20151105;87.79;87.79;83.45;84.81;5394916;461019776.00
20151106;84.80;89.38;84.50;88.29;4937556;430700128.00
20151109;87.25;95.00;82.66;92.66;7688382;678274560.00
20151110;90.90;94.50;90.00;92.50;5995934;553527872.00
20151111;92.33;99.99;91.50;96.23;6536835;625512512.00
20151112;98.00;105.80;97.18;103.29;6903748;698990336.00
20151113;101.01;102.99;92.96;92.96;5855704;567829184.00
20151116;90.00;93.95;88.90;93.60;4405696;402964320.00
20151117;94.30;95.56;89.40;89.80;5409513;503947456.00
20151118;89.40;90.99;87.00;87.15;2978974;265208960.00
20151119;88.41;91.80;88.05;91.34;3054952;275224448.00
20151120;91.30;99.86;91.30;95.90;5531275;527714752.00
20151123;96.00;96.71;91.85;92.12;3321880;314141536.00
20151124;92.02;98.80;91.60;98.10;5064207;479599232.00
20151125;102.00;107.91;101.00;107.91;4869430;514683712.00
20151126;111.00;112.99;102.00;103.09;7735234;831334464.00
20151127;105.98;113.40;102.99;105.31;11818406;1294450688.00
20151130;103.88;113.35;98.70;112.29;10447174;1106975872.00
20151201;110.20;111.26;101.18;102.51;7026497;750451520.00
20151202;98.50;99.15;92.26;92.40;6451613;609926848.00
20151203;92.18;96.00;92.18;95.51;3671850;347181216.00
20151204;95.50;97.62;91.00;93.21;4698791;445112992.00
20151207;92.81;94.70;92.51;94.15;3270935;306143264.00
20151208;92.87;93.37;89.70;89.82;4354824;395621312.00
20151209;89.82;89.90;86.51;87.75;3304394;290751392.00
20151210;88.00;89.00;87.57;88.13;2481021;219214416.00
20151211;87.19;90.89;87.19;89.59;3046150;272044928.00
20151214;87.58;90.00;86.00;89.90;2654264;233948832.00
20151215;89.95;92.58;89.95;90.98;2313724;211216000.00
20151216;91.32;92.69;91.28;91.60;2529895;232738704.00
20151217;93.41;94.70;92.12;94.64;3633962;341234048.00
20151218;94.30;94.39;90.90;91.19;3367868;310530272.00
20151221;90.40;91.19;88.01;89.49;3522396;314710912.00
20151222;89.98;90.89;89.21;90.58;2232373;201144160.00
20151223;91.10;91.80;88.27;88.51;2456468;221581952.00
20151224;87.90;88.25;85.29;87.48;2616601;227066912.00
20151225;87.48;88.47;87.03;87.93;1917749;168733008.00
20151228;87.78;88.65;83.70;83.70;3154234;272222688.00
20151229;84.15;84.50;83.05;84.39;2242523;188161888.00
20151230;84.31;85.49;83.90;85.13;1966434;166829152.00
20151231;85.10;85.30;81.10;81.10;2468949;204635344.00
20160104;83.00;84.35;73.01;73.08;2938106;238521888.00
20160105;68.78;75.50;68.50;72.08;3574012;257313200.00
20160106;73.73;74.85;71.20;74.40;2660388;195399216.00
20160107;72.50;72.50;66.96;66.96;928700;64140300.00
20160108;69.00;69.45;62.80;66.01;2635405;176750240.00
20160111;64.00;64.13;59.41;59.41;3611143;222271904.00
20160112;60.00;61.50;57.73;60.39;2433479;145569856.00
20160113;60.57;61.36;56.69;56.70;2112269;125756872.00
20160114;52.01;60.00;52.01;59.53;3270820;184592464.00
20160115;59.00;60.55;56.00;56.51;2822816;164795392.00
20160118;54.41;59.57;54.41;59.05;2437124;141329712.00
20160119;58.70;61.60;58.01;61.23;2663443;159038752.00
20160120;60.71;61.38;59.70;60.18;2680717;162443552.00
20160121;58.80;61.18;56.90;56.90;2290264;136557776.00
20160122;57.98;59.89;56.08;58.70;1821843;105521256.00
20160125;59.93;59.99;58.37;59.26;1458715;86652376.00
20160126;58.50;58.80;53.33;53.33;2010710;112950200.00
20160127;53.10;54.40;49.15;52.20;2338288;120253760.00
20160128;50.06;52.00;48.20;48.38;1564639;78771288.00
20160129;49.00;51.50;48.38;50.91;2012339;101290240.00
20160201;50.50;52.40;49.80;51.30;1902436;97730128.00
20160202;51.98;54.00;51.06;53.40;1880187;99974472.00
20160203;52.60;54.31;51.80;54.00;1611781;85000336.00
20160204;53.80;55.50;53.80;55.11;1904819;104536224.00
20160205;55.00;55.06;53.90;54.00;1470714;79906360.00
20160215;51.25;53.60;51.23;53.20;1396861;73462408.00
20160216;53.19;56.98;53.15;56.65;2377699;131917272.00
20160217;56.48;59.80;56.08;58.74;3376129;197559392.00
20160218;58.80;59.50;57.33;57.55;2679419;155239712.00
20160219;57.05;58.89;57.05;58.01;2283493;132794616.00
20160222;58.92;59.60;58.20;59.38;2594786;153299136.00
20160223;59.38;60.80;58.20;59.26;2555916;152358160.00
20160224;58.83;59.20;57.02;58.40;2238160;129906656.00
20160225;57.58;58.30;52.56;52.56;3112674;170704272.00
20160226;52.20;52.99;49.13;50.49;2437211;124557048.00
20160229;49.51;50.40;45.44;45.44;2386710;111150304.00
20160301;45.50;47.52;44.14;47.28;2115420;97898616.00
20160302;47.52;50.00;46.77;49.68;2306734;111514792.00
20160303;49.60;51.48;49.08;49.80;2364709;119410296.00
20160304;49.80;52.77;46.78;48.20;2806702;140439088.00
20160307;48.24;50.34;48.24;49.23;1966130;97463592.00
20160308;48.73;49.98;46.80;49.70;2106031;101584376.00
20160309;48.77;51.35;47.51;50.16;2420880;121359296.00
20160310;50.12;50.66;48.53;48.53;1427701;70640680.00
20160311;47.60;48.84;47.07;48.40;1461796;70271312.00
20160314;48.79;51.50;48.79;50.71;2423750;122376832.00
20160315;50.66;51.38;50.00;50.46;1827768;92677136.00
20160316;51.01;51.67;49.52;49.80;1572448;79272920.00
20160317;49.88;52.52;49.88;52.20;2537609;130444848.00
20160318;52.18;56.80;52.02;56.80;3803831;208304592.00
20160321;57.60;60.17;57.60;59.31;4182194;245907824.00
20160322;58.75;60.40;57.78;58.91;2786616;164547584.00
20160323;58.12;59.90;58.12;59.13;2227174;131179880.00
20160324;57.32;58.19;56.28;56.28;4062797;231942016.00
20160325;55.28;56.87;55.08;56.38;1990445;111816808.00
20160328;57.00;58.58;56.11;56.38;2573091;147926608.00
20160329;55.78;56.31;53.65;54.10;1964508;107433264.00
20160330;54.72;56.54;54.70;56.26;1813794;100691992.00
20160331;56.89;57.96;56.56;56.63;2367508;135697648.00
20160401;56.00;56.25;54.70;55.43;1781750;98379144.00
20160405;55.55;57.87;55.11;57.53;2262427;129162072.00
20160406;57.39;59.11;57.07;59.08;2503634;145621376.00
20160407;58.94;59.38;57.00;57.00;2522486;145439024.00
20160408;56.03;56.89;55.60;56.59;1769700;99496920.00
20160411;56.80;58.47;56.60;58.08;2218494;128174952.00
20160412;58.04;58.04;56.05;56.67;1852984;105203776.00
20160413;57.16;58.95;57.15;57.92;2958671;172501776.00
20160414;58.35;60.33;58.10;59.38;3040949;180581408.00
20160415;59.10;59.97;58.48;58.74;1945733;114647896.00
20160418;58.19;58.20;56.80;57.29;1597996;91567256.00
20160419;57.60;58.34;57.11;57.67;1181079;68004816.00
20160420;57.79;58.19;51.99;52.78;3423102;186744640.00
20160421;52.60;53.37;52.05;52.12;1924090;101581640.00
20160422;52.00;53.35;51.81;53.00;1396031;73751040.00
20160425;53.12;53.77;52.60;53.26;1426979;76010864.00
20160426;53.28;53.73;52.75;53.65;1358909;72484408.00
20160427;53.55;53.78;53.11;53.15;1239947;66404220.00
20160428;52.97;53.15;51.70;52.91;1281056;67239280.00
20160429;52.50;54.19;52.49;53.06;1450880;77352440.00
20160503;52.72;55.12;52.70;55.10;2121284;115132144.00
20160504;54.98;55.12;54.55;54.64;1805375;99003552.00
20160505;54.60;56.45;54.43;56.29;2308027;128054488.00
20160506;56.29;56.75;53.00;53.00;2919566;160364544.00
20160509;51.99;52.50;50.50;50.89;1889385;97032880.00
20160510;50.70;51.49;50.55;50.80;1078392;54962732.00
20160511;51.28;51.52;48.80;49.00;1608391;80703608.00
20160512;48.20;48.90;47.50;48.81;1243686;59831668.00
20160513;48.83;49.75;48.51;48.83;1013717;49846620.00
20160516;48.83;50.14;48.34;50.14;1069974;52832156.00
20160517;50.02;51.66;49.61;50.99;1719209;87200392.00
20160518;50.31;50.51;48.51;48.75;1495648;73765280.00
20160519;48.77;51.19;48.77;49.90;1983694;99469432.00
20160520;49.11;51.20;48.01;51.09;1794846;90739568.00
20160523;51.26;51.92;50.71;51.70;1705436;87726704.00
20160524;51.11;51.68;50.50;51.16;1105758;56387164.00
20160525;51.50;51.99;51.01;51.11;1343620;69244272.00
20160526;50.60;51.40;49.31;51.37;1751203;88150632.00
20160527;51.39;52.31;50.81;51.75;1822578;94358328.00
20160530;51.40;55.47;51.05;54.40;3589320;192910816.00
20160531;54.00;57.00;53.95;56.97;3986338;222767392.00
20160601;56.69;58.98;56.69;57.28;4110980;238551344.00
20160602;57.80;63.01;57.29;63.01;7159639;434831584.00
20160603;63.06;65.25;61.84;62.05;7947954;502336032.00
20160606;62.46;63.46;61.22;62.80;4152796;258893104.00
20160607;63.46;63.46;61.62;62.61;3321862;207072080.00
20160608;62.61;63.19;61.30;62.50;3269920;203297968.00
20160613;61.70;62.28;56.25;56.25;3996299;237748976.00
20160614;56.31;57.75;56.12;57.65;3004181;171517664.00
20160615;56.84;62.88;56.83;61.82;3898833;236268128.00
20160616;30.97;33.89;30.00;31.99;11741179;377784608.00
20160617;32.40;33.98;31.12;32.88;10705588;350295200.00
20160620;32.99;32.99;31.66;32.52;7524511;243372400.00
20160621;32.67;33.95;31.27;31.60;8874263;290239168.00
20160622;31.11;32.50;31.00;32.48;5671987;179854768.00
20160623;32.60;32.77;31.16;31.79;5196771;165405040.00
20160624;31.67;31.92;29.63;30.83;6553872;202545184.00
20160627;30.75;32.67;30.39;32.67;7071595;226772752.00
20160628;32.38;33.80;32.30;33.16;8699884;288492672.00
20160629;34.00;36.00;33.52;34.87;10658696;371311488.00
20160630;34.45;34.79;33.62;34.00;6367557;216901776.00
