20150423;28.64;31.25;28.64;31.25;18114;565540.50
20150424;34.38;34.38;34.38;34.38;6300;216594.00
20150427;37.82;37.82;37.82;37.82;6600;249612.00
20150428;41.60;41.60;41.60;41.60;8700;361920.00
20150429;45.76;45.76;45.76;45.76;17350;793936.00
20150430;50.34;50.34;50.34;50.34;22900;1152786.00
20150504;55.37;55.37;55.37;55.37;18650;1032650.50
20150505;60.91;60.91;60.91;60.91;116260;7081396.50
20150506;67.00;67.00;67.00;67.00;234660;15722220.00
20150507;70.00;73.70;66.01;73.70;14190624;1003331776.00
20150508;72.00;81.07;71.00;81.07;10057896;771903936.00
20150511;80.78;89.18;79.78;89.18;6953295;600047680.00
20150512;93.20;98.10;88.47;98.10;8957970;843957056.00
20150513;94.00;106.50;90.10;100.00;8024128;801854720.00
20150514;99.00;110.00;97.00;108.45;7814691;821691520.00
20150515;106.00;119.30;103.56;119.30;7357828;830657152.00
20150518;125.00;131.23;123.10;131.23;4513809;585569280.00
20150519;143.98;144.35;123.40;130.20;9307641;1252884096.00
20150520;135.00;138.00;129.00;130.36;6138137;823266816.00
20150521;124.50;130.00;120.10;121.11;6466272;808454784.00
20150522;125.00;133.22;125.00;133.22;8373430;1087494016.00
20150525;126.00;133.80;120.99;126.58;6803666;872012864.00
20150526;129.22;139.24;129.22;139.24;6738553;914119616.00
20150527;149.87;153.16;146.00;153.16;5025317;760628608.00
20150528;168.46;168.48;137.84;137.84;6902542;1133580544.00
20150529;124.06;144.99;124.06;130.73;9390566;1225833728.00
20150601;127.16;130.20;119.01;122.90;6559270;804627200.00
20150602;122.92;124.98;120.28;123.95;3856173;472610688.00
20150603;124.08;125.20;120.00;120.76;3785153;461519264.00
20150604;117.00;120.00;108.68;108.68;4617812;513249568.00
20150605;111.00;114.38;105.01;110.07;3589545;397597440.00
20150608;110.95;110.95;99.90;101.00;3932355;406823264.00
20150609;99.85;106.39;97.58;106.20;3239451;332687744.00
20150610;104.85;114.17;103.00;111.99;3963479;438361920.00
20150611;110.02;114.26;109.51;111.00;3376483;378554208.00
20150612;110.01;111.99;103.40;103.55;3608091;384564064.00
20150615;101.93;101.93;93.20;93.20;2997556;287966688.00
20150616;90.00;94.43;86.52;90.00;3143058;282971200.00
20150617;89.90;93.98;89.50;93.30;2641639;242856768.00
20150618;92.18;93.00;83.97;83.97;2626200;232149872.00
20150619;81.10;87.00;80.03;82.30;2717264;228635648.00
20150623;85.00;90.53;83.00;90.22;3316799;286236896.00
20150624;91.00;93.80;87.77;90.30;3482094;315482336.00
20150625;90.20;90.20;81.98;83.34;2399201;207890608.00
20150626;80.50;80.50;75.01;75.01;2498636;193061056.00
20150629;75.25;75.89;67.51;67.51;3179136;222976576.00
20150630;66.00;73.49;60.76;71.65;3833488;254572080.00
20150701;69.71;73.98;64.49;64.49;3367723;237376112.00
20150702;64.48;65.28;58.04;58.04;2980576;182327040.00
20150703;55.20;60.84;52.33;55.08;2883331;161910288.00
20150706;60.59;60.59;49.57;52.52;5265784;290915392.00
20150707;50.00;50.98;47.27;47.27;1817098;87658968.00
20150708;42.54;45.67;42.54;42.54;4592993;198697024.00
20150709;42.65;46.79;42.65;46.79;3449898;158438608.00
20150710;51.47;51.47;51.47;51.47;257399;13248327.00
20150713;56.62;56.62;56.62;56.62;287501;16278307.00
20150714;62.28;62.28;62.28;62.28;166750;10385190.00
20150715;65.75;65.75;56.05;56.65;6778393;405795200.00
20150716;52.31;62.32;52.10;60.30;5269461;310726496.00
20150717;60.01;66.33;60.01;66.33;4471746;285387072.00
20150720;66.33;69.81;64.85;67.50;4795238;321840960.00
20150721;65.30;70.80;64.50;68.66;3837399;260559136.00
20150722;67.90;69.60;65.61;68.74;3591332;244218416.00
20150723;68.00;75.61;67.58;75.61;3635507;259636096.00
20150724;77.87;80.29;73.39;74.81;5024607;393190464.00
20150727;72.26;78.00;67.33;67.33;4551036;331018016.00
20150728;62.03;68.51;60.60;61.36;4125222;259887488.00
20150729;63.50;67.50;58.12;67.49;3894852;243677168.00
20150730;66.00;71.80;64.11;65.01;4707263;321041664.00
20150731;63.00;69.18;62.12;65.59;3454771;225991792.00
20150803;64.00;64.50;59.03;59.05;3404422;208257792.00
20150804;60.20;64.96;58.90;64.96;3344929;207244224.00
20150805;64.70;68.44;63.99;67.00;3839105;253938096.00
20150806;64.96;66.49;62.01;62.85;2661217;172106336.00
20150807;63.30;68.15;63.30;67.83;3201633;212814672.00
20150810;69.00;73.10;67.18;72.25;3312420;232302640.00
20150811;70.90;73.58;70.02;70.55;3687147;264388144.00
20150812;69.22;73.00;68.57;68.57;2597350;182698400.00
20150813;68.50;70.40;67.00;70.25;2460598;169753376.00
20150814;70.50;71.95;68.88;68.93;2491579;173762144.00
20150817;67.99;68.51;64.00;64.95;2539996;166503776.00
20150818;64.85;66.50;58.46;58.46;2920711;182275072.00
20150819;56.80;60.57;53.80;59.42;2375407;135405072.00
20150820;58.50;59.98;57.30;57.30;1617998;94431760.00
20150821;55.21;56.49;52.88;53.51;1807620;98902080.00
20150824;50.02;50.90;48.16;48.16;1493400;72835328.00
20150825;43.34;46.75;43.34;43.34;2215332;98157920.00
20150826;44.00;47.67;41.52;43.80;3335519;150758160.00
20150827;45.68;47.13;43.80;47.13;2573360;117626400.00
20150828;48.07;50.80;46.60;50.50;3248964;156230256.00
20150831;48.96;49.77;46.00;46.01;2105354;100182976.00
20150901;44.50;45.00;41.82;41.99;2141178;92661544.00
20150902;40.01;45.00;39.16;41.11;2217825;93596328.00
20150907;42.50;45.00;42.01;43.56;1725265;75446624.00
20150908;42.62;47.92;42.62;47.92;2629723;119411216.00
20150909;48.51;51.39;48.11;50.32;3512183;174617472.00
20150910;49.31;49.90;48.49;48.50;1816854;89272992.00
20150911;48.41;49.84;48.41;49.84;1449589;71401816.00
20150914;49.88;50.19;44.86;44.86;1661001;78353344.00
20150915;43.50;44.50;40.88;41.12;1625950;69162304.00
20150916;42.12;45.23;41.55;45.23;1930999;83313176.00
20150917;45.23;49.75;44.64;47.65;4028278;192847600.00
20150918;47.83;51.96;47.83;50.67;3644163;181102128.00
20150921;49.51;54.00;49.00;53.53;3796649;196171744.00
20150922;53.65;53.90;51.56;52.80;3276292;172958560.00
20150923;51.66;53.89;51.35;52.60;2778180;145685008.00
20150924;52.90;54.39;52.08;52.62;2329576;123994952.00
20150925;52.09;52.50;48.50;48.88;2162679;108930784.00
20150928;49.00;52.40;48.35;52.25;1863276;94592104.00
20150929;51.02;52.27;50.38;51.52;1738190;89276184.00
20150930;52.01;53.10;50.90;51.67;1719012;89451216.00
20151008;53.99;55.60;53.53;54.78;2427804;132592136.00
20151009;54.39;55.24;53.92;54.88;1704550;93248672.00
20151012;56.08;59.20;55.53;58.51;2606228;150895168.00
20151013;58.08;61.89;58.00;60.90;2798657;168111632.00
20151014;60.70;66.99;60.20;66.99;4649097;302928480.00
20151015;65.30;72.98;65.25;69.31;4561020;311912768.00
20151016;69.78;73.49;66.15;69.16;3658776;253947088.00
20151019;69.00;69.38;67.01;68.60;2510461;170575184.00
20151020;68.88;71.33;68.84;70.76;2589900;182375392.00
20151021;70.77;76.30;66.00;66.20;4908123;350825856.00
20151022;66.52;72.82;66.52;72.82;4917301;352170432.00
20151023;74.99;80.10;74.52;80.10;4532518;351092800.00
20151026;81.00;81.03;76.00;78.15;2718921;211094848.00
20151027;77.00;80.98;72.50;80.03;2779939;212030784.00
20151028;78.50;82.28;74.50;75.00;2863948;227058320.00
20151029;75.90;77.85;72.50;73.59;2625430;194796144.00
20151030;72.90;80.48;71.00;79.97;3217723;246460848.00
20151102;77.00;86.00;75.75;80.40;4131204;339652000.00
20151103;80.04;82.20;77.74;81.14;2573606;206992896.00
20151104;81.30;86.60;80.20;86.55;2792225;233842624.00
20151105;86.00;88.00;82.80;83.66;3274224;277533280.00
20151106;83.92;87.39;83.88;86.87;3032854;258801696.00
20151109;85.80;92.22;84.00;89.89;3124890;277500960.00
20151110;88.30;91.74;86.00;88.50;3009554;265789632.00
20151111;88.50;95.28;86.21;94.99;3751663;343963520.00
20151112;95.94;104.00;94.00;101.60;4416089;436624832.00
20151113;98.88;98.88;91.44;91.44;4041986;377738944.00
20151116;83.88;91.44;83.86;89.49;2749448;241460080.00
20151117;91.00;91.99;84.03;84.78;3603443;315694912.00
20151118;83.78;87.00;79.00;79.97;2507027;208051888.00
20151119;80.99;85.88;80.00;85.21;2763775;227635136.00
20151120;85.00;88.00;85.00;86.50;2416259;209106912.00
20151123;85.20;86.49;81.00;81.50;2658006;222679264.00
20151124;81.55;89.62;81.55;89.62;4229829;361070368.00
20151125;89.62;90.30;87.65;89.58;3844748;343023168.00
20151126;90.88;93.99;86.99;88.36;3950758;357329888.00
20151127;87.00;90.99;81.00;83.53;3979098;346291488.00
20151130;84.00;90.77;81.00;89.71;3914175;336768416.00
20151201;89.90;96.89;85.70;90.12;4951092;456260768.00
20151202;88.30;90.02;81.11;85.02;3239329;273842816.00
20151203;85.45;93.52;85.45;93.52;5625886;516119328.00
20151204;92.20;94.47;89.50;92.00;4435957;408402432.00
20151207;93.20;96.18;91.77;93.99;3851189;361889248.00
20151208;92.89;95.18;89.23;94.50;3550654;327645952.00
20151209;92.90;97.49;90.30;95.35;4328443;408753632.00
20151210;94.50;96.49;90.00;90.00;3106328;288166208.00
20151211;89.50;89.50;84.00;84.00;3132389;270874464.00
20151214;81.50;85.50;81.11;85.35;1892004;156731008.00
20151215;84.90;86.97;84.00;84.30;1607917;137701264.00
20151216;85.00;89.88;85.00;88.51;2478626;217478720.00
20151217;88.49;91.72;88.49;91.29;2159825;195826912.00
20151218;90.84;91.50;88.00;88.50;1818975;162107824.00
20151221;87.50;93.20;86.18;93.15;2884902;261224736.00
20151222;93.00;94.10;91.71;94.00;2257830;210599632.00
20151223;93.50;96.38;92.20;92.80;2585112;243557568.00
20151224;92.55;95.50;91.20;94.76;2374669;221641952.00
20151225;94.85;96.60;92.30;94.68;2385537;226527200.00
20151228;93.50;94.70;88.49;92.00;3003064;275592224.00
20151229;91.58;94.98;91.58;92.92;2586609;241933408.00
20151230;92.90;93.40;90.50;90.87;2185647;200768064.00
20151231;90.97;91.40;85.72;86.12;2282002;200800496.00
20160104;85.89;85.90;77.51;77.51;1452150;117595104.00
20160105;70.50;79.30;70.50;77.42;2471891;188134704.00
20160106;78.00;79.70;76.01;79.43;1557942;122190912.00
20160107;77.66;77.68;71.49;71.49;351900;25994828.00
20160108;74.00;74.88;66.02;70.10;1462467;104990400.00
20160111;67.06;70.95;63.09;63.09;1639578;108386208.00
20160112;63.09;67.00;62.52;65.20;1635272;106074760.00
20160113;66.00;67.53;64.00;65.03;1518562;100493592.00
20160114;63.08;69.05;62.50;67.99;1377919;92035976.00
20160115;67.77;68.44;63.50;64.10;1439470;94627080.00
20160118;64.00;67.30;63.00;66.37;1317005;86487184.00
20160119;66.20;69.89;65.40;69.30;1576272;107112720.00
20160120;68.60;69.57;67.25;67.90;1222629;83579096.00
20160121;67.50;69.30;64.48;65.00;1268685;85877880.00
20160122;65.77;67.70;64.50;67.60;925726;61430260.00
20160125;69.01;69.04;66.33;68.39;1099355;74569512.00
20160126;67.42;67.99;61.60;62.00;1385020;90536936.00
20160127;61.40;62.99;56.90;60.80;1246689;74519800.00
20160128;58.00;60.87;55.00;55.30;1106307;64276160.00
20160129;55.28;58.98;54.00;58.00;1229589;69856656.00
20160201;57.95;58.48;55.50;56.58;1052270;60150872.00
20160202;57.15;59.84;57.15;59.21;1314751;77589584.00
20160203;58.49;59.66;57.60;59.25;1008802;58806176.00
20160204;59.25;62.00;58.87;61.10;1313957;80204392.00
20160205;61.45;61.48;60.00;60.00;974835;59006500.00
20160215;58.08;59.69;57.60;59.18;856673;50258160.00
20160216;59.68;62.89;59.68;62.80;1213375;75089336.00
20160217;62.80;65.89;61.85;65.05;1508807;96950056.00
20160218;65.30;67.48;65.01;65.80;1648304;109207032.00
20160219;65.39;72.37;64.61;68.96;2414263;167969072.00
20160222;69.00;71.76;68.17;69.20;1940708;135714224.00
20160223;69.75;70.95;68.10;69.92;1543760;107074248.00
20160224;70.00;72.35;68.09;71.92;2890094;205041568.00
20160225;71.01;72.89;64.73;67.00;3306125;227789152.00
20160226;68.51;69.18;63.12;66.80;2036500;134348368.00
20160229;65.00;65.80;60.12;60.12;1405758;86112704.00
20160301;59.78;60.30;54.50;58.60;1849367;105917344.00
20160302;58.00;61.28;57.00;61.00;1732554;102308008.00
20160303;61.00;63.80;59.90;60.18;1840570;112924016.00
20160304;59.90;60.00;55.17;55.40;1553363;89030552.00
20160307;57.35;58.80;55.78;56.26;1734582;99118688.00
20160308;55.50;56.99;51.70;56.81;1634887;88928808.00
20160309;55.60;56.60;54.01;55.30;886383;49254872.00
20160310;55.51;56.30;54.08;54.27;762637;41965308.00
20160311;53.94;55.65;53.00;54.84;977685;53423176.00
20160314;56.10;60.05;55.59;59.60;2096365;121982768.00
20160315;59.00;60.47;57.57;59.10;1637524;96978832.00
20160316;60.05;60.80;57.50;58.31;1298829;76928008.00
20160317;58.70;62.90;58.10;62.72;1634991;99857256.00
20160318;62.10;67.80;62.10;66.39;1720937;113448776.00
20160321;66.80;69.38;66.10;67.96;2048355;139012544.00
20160322;67.50;67.57;65.80;66.30;1498723;99907568.00
20160323;66.40;68.30;66.30;68.30;1671426;112064112.00
20160324;70.70;75.13;70.57;75.13;2218726;163399072.00
20160325;77.00;77.58;71.45;72.00;3342955;246386640.00
20160328;73.00;77.77;72.01;72.40;2931210;219401536.00
20160329;71.30;72.00;68.65;69.12;1907588;133761352.00
20160330;71.08;75.87;70.30;75.00;1922599;139958624.00
20160331;75.30;82.20;75.00;78.68;3621550;285592640.00
20160401;78.14;79.90;74.65;77.61;1810222;139160912.00
20160405;76.50;80.90;75.68;80.00;2231143;175120272.00
20160406;79.41;82.28;78.75;81.32;1622837;130764304.00
20160407;80.62;81.20;78.50;78.99;1216700;96680976.00
20160408;78.06;78.90;75.08;76.00;1317829;101052872.00
20160411;76.12;78.79;76.12;78.14;1165433;90726680.00
20160412;77.15;77.90;71.91;72.90;1973501;145724560.00
20160413;74.46;75.80;73.20;74.25;1523969;113577312.00
20160414;74.97;75.38;73.40;74.40;1446361;107285728.00
20160415;75.12;77.00;74.80;76.16;1846240;139525792.00
20160418;75.00;75.05;70.05;71.70;1872917;135526352.00
20160419;72.60;72.99;71.52;72.30;891022;64269660.00
20160420;72.99;73.10;66.43;66.94;1770388;121986344.00
20160421;67.21;68.49;66.03;66.18;1277112;86260816.00
20160422;66.21;67.45;64.57;67.39;1322982;87538256.00
20160425;66.97;66.97;63.80;64.32;2072023;133955824.00
20160426;63.00;64.73;62.70;64.58;1225202;78470288.00
20160427;64.50;68.36;64.01;66.99;2543205;168946432.00
20160428;66.50;67.10;64.20;66.90;1366381;89506560.00
20160429;66.44;67.44;65.00;66.80;1071674;71421264.00
20160503;66.80;68.80;64.00;68.30;2289436;155017536.00
20160504;67.94;70.97;67.51;69.11;1963137;135743856.00
20160505;69.11;70.68;68.62;70.38;1342201;93840936.00
20160506;70.02;70.30;64.20;64.40;2993329;201192656.00
20160509;64.00;64.00;59.05;59.91;2224390;135110176.00
20160510;59.91;60.65;59.20;59.91;1023148;61264580.00
20160511;60.30;60.88;58.01;58.01;1374196;81382384.00
20160512;57.00;58.12;55.39;57.90;870419;49499700.00
20160513;57.39;59.56;57.20;58.20;899345;52767332.00
20160516;57.55;59.51;57.55;59.44;1368703;80733840.00
20160517;59.19;60.20;57.88;59.40;1332641;78829056.00
20160518;58.60;58.60;55.00;56.10;1400105;79298240.00
20160519;56.19;58.68;56.10;56.67;2014821;116099976.00
20160520;55.98;58.45;55.50;58.32;1286066;73684176.00
20160523;59.79;61.45;59.01;60.75;1851181;112507696.00
20160524;61.00;61.00;58.75;59.98;1671358;99568048.00
20160525;60.80;61.60;59.79;60.10;1730318;105111368.00
20160526;58.81;59.96;57.00;59.71;2419516;141160144.00
20160527;58.88;59.68;58.31;58.60;1753156;103626904.00
20160530;28.55;28.97;27.86;28.28;1921846;54769740.00
20160531;28.28;31.11;28.28;31.11;4411005;133812968.00
20160601;32.40;33.70;31.52;32.83;12636212;409808864.00
20160602;32.00;33.25;31.68;33.25;12967134;419918624.00
20160603;33.03;34.80;33.00;34.56;13418907;455806432.00
20160606;34.35;35.73;33.20;33.69;7992475;271029920.00
20160607;33.50;34.70;33.33;34.50;7651749;261516864.00
20160608;34.25;34.68;33.11;33.50;6771850;228751360.00
20160613;32.83;32.87;30.15;30.15;7279141;231145280.00
20160614;29.76;30.10;28.98;29.51;5380566;158679232.00
20160615;29.27;31.20;29.02;30.97;5389334;164914080.00
20160616;30.68;31.04;30.20;30.41;4603418;140490928.00
20160617;30.45;31.75;30.30;31.18;5569996;173195728.00
20160620;31.00;31.08;30.03;30.90;4142831;126851368.00
20160621;31.31;32.18;30.66;31.13;6364371;200588320.00
20160622;31.00;31.90;30.53;31.90;4714296;147354864.00
20160623;31.99;32.46;31.01;31.52;5915995;187778384.00
20160624;31.53;32.12;29.88;31.09;6395664;200456672.00
20160627;30.70;32.45;30.49;32.36;6077075;194169216.00
20160628;32.23;33.50;32.22;33.18;7859621;258131216.00
20160629;33.40;34.20;33.20;33.70;7812973;262811248.00
20160630;33.75;34.00;33.22;33.71;5802159;195136784.00
