20150423;12.95;14.13;12.95;14.13;11200;157666.00
20150424;15.54;15.54;15.54;15.54;4800;74592.00
20150427;17.09;17.09;17.09;17.09;4900;83741.00
20150428;18.80;18.80;18.80;18.80;7400;139120.00
20150429;20.68;20.68;20.68;20.68;5700;117876.00
20150430;22.75;22.75;22.75;22.75;16800;382200.00
20150504;25.03;25.03;25.03;25.03;12550;314126.50
20150505;27.53;27.53;27.53;27.53;54750;1507267.50
20150506;30.28;30.28;30.28;30.28;186100;5635108.00
20150507;33.31;33.31;31.79;33.31;8774441;289818624.00
20150508;33.68;36.64;33.62;36.64;9280418;327957824.00
20150511;39.00;40.30;37.80;40.30;2143672;84382112.00
20150512;44.32;44.33;39.32;44.33;9693575;419826400.00
20150513;42.97;48.76;41.06;48.76;9195604;425341280.00
20150514;50.00;53.64;50.00;53.64;5124943;272040096.00
20150515;58.70;59.00;56.00;59.00;3529025;205989488.00
20150518;64.90;64.90;64.00;64.90;624274;40498472.00
20150519;71.39;71.39;65.00;71.39;6564793;456919232.00
20150520;76.80;78.53;71.21;78.53;1858401;142959328.00
20150521;86.38;86.38;85.00;86.38;504503;43570020.00
20150522;95.02;95.02;92.14;95.02;1292021;122460736.00
20150525;104.52;104.52;103.74;104.52;1168160;122074688.00
20150526;114.97;114.97;114.97;114.97;24504;2817225.00
20150527;126.47;126.47;126.47;126.47;50739;6416961.50
20150528;139.12;139.12;113.82;113.82;1465100;179308592.00
20150529;102.44;124.98;102.44;107.99;10870357;1176019328.00
20150601;102.00;103.96;97.19;97.19;4547094;447290176.00
20150602;88.50;93.00;87.47;87.47;7054208;623551936.00
20150603;87.30;91.65;85.00;88.87;6125862;539241664.00
20150604;86.89;87.29;79.98;79.98;5194175;425598848.00
20150605;81.30;83.50;77.12;80.61;5246942;423815328.00
20150608;79.50;79.50;72.66;73.40;4551536;342305632.00
20150609;73.45;76.33;73.10;75.06;3453681;258114592.00
20150610;75.00;80.80;73.05;78.30;5325837;417353184.00
20150611;77.16;82.34;76.81;81.19;5499408;440237184.00
20150612;80.63;82.98;75.13;75.66;5068518;396119264.00
20150615;73.22;73.30;68.09;68.09;4171315;291647904.00
20150616;65.60;69.47;63.60;66.83;3013414;200040304.00
20150617;66.82;68.88;65.85;68.55;2768309;187424144.00
20150618;67.70;67.70;61.70;61.70;3163432;203694576.00
20150619;60.00;62.48;56.65;57.10;2642996;157586368.00
20150623;57.21;61.50;56.01;61.28;2786217;164453088.00
20150624;61.53;63.38;59.38;60.75;2910777;177755184.00
20150625;60.49;61.98;58.00;58.80;2538967;153141584.00
20150626;56.00;60.00;52.92;52.92;2695794;151615152.00
20150629;54.88;54.88;47.63;47.63;2462793;125007880.00
20150630;47.30;51.08;42.87;50.23;2736001;128389856.00
20150701;49.00;52.17;45.94;45.96;2644032;131736496.00
20150702;44.11;46.43;41.36;41.36;2118422;92353296.00
20150703;39.21;42.80;37.50;38.67;2245078;89361136.00
20150706;42.54;42.54;34.80;39.05;3427042;136700992.00
20150707;37.11;37.43;35.15;35.15;1105700;39552528.00
20150708;31.55;32.20;31.55;31.55;2447123;77395720.00
20150709;30.21;34.71;30.21;34.71;2302724;78108928.00
20150710;37.80;38.18;37.00;38.18;1030342;38947960.00
20150713;42.00;42.00;40.80;42.00;2607392;109434808.00
20150714;44.61;46.20;42.93;46.20;5972205;272285312.00
20150715;44.28;45.41;41.58;41.58;3132224;132802120.00
20150716;37.42;43.66;37.42;40.36;3882864;156161424.00
20150717;40.88;43.82;40.10;43.09;2755194;115759912.00
20150720;43.10;44.60;41.50;42.57;3022763;129799696.00
20150721;41.00;46.83;41.00;46.83;2949548;130643920.00
20150722;50.99;51.51;47.08;50.53;7479801;374775840.00
20150723;49.03;55.58;47.50;55.58;7022619;365013888.00
20150724;54.88;58.35;52.30;53.48;6678647;374535488.00
20150727;50.35;54.84;48.13;48.13;3466214;177845552.00
20150728;44.00;47.78;43.32;43.32;3411108;151729600.00
20150729;44.47;47.65;40.00;47.65;3914521;173019216.00
20150730;47.91;50.79;45.70;46.10;4782623;232909984.00
20150731;44.71;48.89;43.52;46.45;3500206;162016032.00
20150803;46.03;47.92;42.03;43.00;2887595;129706400.00
20150804;43.66;47.30;42.58;47.03;3371096;151588560.00
20151117;25.87;25.87;25.87;25.87;530252;13717619.00
20151118;28.46;28.46;28.46;28.46;403550;11485033.00
20151119;31.31;31.31;31.31;31.31;95520;2990731.25
20151120;34.44;34.44;34.44;34.44;373978;12879802.00
20151123;37.88;37.88;37.88;37.88;541547;20513800.00
20151124;41.67;41.67;41.67;41.67;8947588;372845984.00
20151125;44.80;45.84;44.05;45.84;6043707;272901696.00
20151126;50.42;50.42;48.13;50.42;23005611;1141998976.00
20151127;48.00;55.46;46.73;55.46;21467757;1119882240.00
20151130;59.80;61.01;57.60;61.01;4332431;261843680.00
20151201;64.99;67.11;55.02;56.33;25526382;1610803968.00
20151202;55.00;59.35;52.00;54.50;19671823;1093274880.00
20151203;53.02;56.50;51.50;55.00;14378870;774259968.00
20151204;53.50;56.56;52.78;53.30;13829639;750069504.00
20151207;52.20;54.45;51.60;52.10;10019635;525741056.00
20151208;52.43;54.49;51.70;52.87;11483182;609206912.00
20151209;51.81;52.03;48.00;49.50;11374875;566865664.00
20151210;49.50;50.85;47.88;48.96;8863295;436099616.00
20151211;48.70;49.40;47.47;47.54;6325511;305154496.00
20151214;46.90;47.54;45.01;47.42;6663693;309160224.00
20151215;47.35;49.79;47.10;48.11;8146911;396208768.00
20151216;47.75;49.66;47.53;48.48;7834208;382341120.00
20151217;48.41;53.33;48.41;53.33;7833602;399070432.00
20151218;56.16;58.66;52.17;52.50;19849435;1116306432.00
20151221;50.52;50.89;47.62;49.50;11453782;566078656.00
20151222;49.17;49.50;48.06;48.79;6465116;314651136.00
20151223;48.70;50.26;48.00;48.34;6633531;326046944.00
20151224;47.60;49.50;46.28;49.11;5865918;280968608.00
20151225;49.08;49.40;47.28;47.65;4262916;205363280.00
20151228;47.27;47.97;45.78;45.80;4593625;215597424.00
20151229;45.80;46.21;44.51;45.11;3654275;164983520.00
20151230;45.50;46.08;45.00;45.97;3360707;153212944.00
20151231;46.00;46.44;44.00;44.01;3333735;149586544.00
20160104;42.74;43.74;39.61;39.61;3017224;122880848.00
20160105;35.65;38.95;35.65;36.24;4972168;182618672.00
20160106;37.22;39.86;36.64;39.86;5056266;192114880.00
20160107;39.68;39.68;35.87;35.87;1601603;60184664.00
20160108;37.89;38.80;33.87;37.20;6646571;250876592.00
20160111;35.02;37.30;33.48;33.48;4600450;159385872.00
20160112;32.58;35.35;30.90;34.80;5750958;196028176.00
20160113;34.98;35.26;31.69;31.84;4898577;164120032.00
20160114;30.01;33.66;29.94;33.28;4550364;146226960.00
20160115;33.30;33.60;30.45;30.77;4090860;131646120.00
20160118;30.82;32.95;30.10;32.11;3886523;124629328.00
20160119;32.01;34.35;31.80;33.78;5534818;182543904.00
20160120;34.00;37.16;33.50;37.16;3040812;109748336.00
20160128;33.44;35.45;33.44;33.44;5537111;188252064.00
20160129;31.77;33.64;30.66;32.80;5054363;164191072.00
20160201;32.00;33.49;29.52;29.87;4371593;137364128.00
20160202;30.30;31.88;30.00;31.30;4087270;127016280.00
20160203;30.53;34.43;30.22;34.43;7409966;245833536.00
20160204;36.16;37.87;36.16;37.87;2936923;109028752.00
20160205;40.66;41.30;35.92;36.02;11184454;427494656.00
20160215;33.79;35.88;33.68;35.05;5047437;174526992.00
20160216;35.50;38.56;35.22;38.56;6390396;236413712.00
20160217;39.00;40.50;36.90;38.62;9713121;376574112.00
20160218;38.60;39.00;37.21;37.81;7153244;272145760.00
20160219;37.30;40.80;37.10;39.26;8901101;349138944.00
20160222;40.00;40.42;38.58;39.80;7025849;278048352.00
20160223;39.62;39.62;38.00;38.89;5546637;214508160.00
20160224;38.51;42.70;38.38;39.98;8152791;328876352.00
20160225;39.33;39.34;35.98;35.98;6239107;233763200.00
20160226;35.99;36.77;33.80;35.85;5331651;190686144.00
20160229;35.71;35.71;32.27;32.27;3915980;127829120.00
20160301;32.00;33.36;29.60;32.30;4351819;137600400.00
20160302;31.65;33.95;31.65;33.72;3909992;129234200.00
20160303;33.97;37.09;33.65;37.09;4418721;162416176.00
20160304;36.88;36.88;33.38;33.38;7776239;270797312.00
20160307;34.50;35.50;33.60;34.07;4381316;151042352.00
20160308;33.30;34.00;30.88;33.88;4486217;145527136.00
20160309;32.60;33.88;32.00;32.48;2887370;94828680.00
20160310;32.48;33.38;31.50;31.81;2755961;89664088.00
20160311;31.50;33.06;31.39;32.44;3159962;102038320.00
20160314;33.30;35.50;33.04;34.05;4654359;159595024.00
20160315;33.51;34.78;32.72;32.98;3076625;103009384.00
20160316;33.50;33.89;31.88;32.42;2325990;76356584.00
20160317;32.50;34.95;32.50;34.51;5194575;175312176.00
20160318;34.41;36.28;34.21;36.20;7075553;251286464.00
20160321;37.17;38.60;36.20;37.26;6625174;247181968.00
20160322;36.61;39.96;36.30;38.48;7606358;286109472.00
20160323;38.02;39.48;37.39;39.12;6654268;256528064.00
20160324;38.29;39.68;37.79;37.82;6781499;261992896.00
20160325;37.11;38.63;37.10;38.01;3737292;141540912.00
20160328;39.09;39.85;37.55;38.10;4398532;170798016.00
20160329;37.35;41.91;37.35;39.69;10182794;411482624.00
20160330;39.58;43.66;38.90;43.66;12767978;534546528.00
20160331;44.74;48.03;43.70;48.03;14929447;685604288.00
