20151222;18.96;22.08;18.96;22.08;16420;362062.47
20151223;24.29;24.29;24.29;24.29;2600;63154.00
20151224;26.72;26.72;26.72;26.72;1500;40080.00
20151225;29.39;29.39;29.39;29.39;2100;61719.00
20151228;32.33;32.33;32.33;32.33;3200;103456.00
20151229;35.56;35.56;35.56;35.56;4400;156464.00
20151230;39.12;39.12;39.12;39.12;5000;195600.00
20151231;43.03;43.03;43.03;43.03;7200;309816.00
20160104;47.33;47.33;47.33;47.33;33600;1590288.00
20160105;52.06;52.06;52.06;52.06;49400;2571764.00
20160106;57.27;57.27;57.27;57.27;27700;1586379.00
20160107;63.00;63.00;63.00;63.00;29500;1858500.00
20160108;69.30;69.30;69.30;69.30;75618;5240327.50
20160111;76.23;76.23;76.23;76.23;122700;9353421.00
20160112;83.85;83.85;83.85;83.85;1121533;94040544.00
20160113;75.47;83.85;75.47;75.47;10173862;780774528.00
20160114;69.01;76.00;69.01;72.67;6819735;496970464.00
20160115;71.30;75.36;67.11;68.68;6920746;492723296.00
20160118;65.00;71.30;64.01;68.60;5533453;376238016.00
20160119;68.00;71.87;67.86;70.75;5109625;358479168.00
20160120;70.12;74.20;69.00;71.03;5725171;412779680.00
20160121;69.00;73.88;67.01;68.80;6300588;444457504.00
20160122;69.90;71.88;67.15;70.01;5000574;348171232.00
20160125;70.18;76.78;69.12;75.99;5488399;396109856.00
20160126;74.30;74.79;68.39;68.39;5098025;364196352.00
20160127;66.17;67.48;61.83;65.64;4147508;268699584.00
20160128;63.99;64.79;59.08;59.08;3213287;198454576.00
20160129;57.60;64.99;57.51;64.99;4622089;287745120.00
20160201;65.22;71.49;65.22;70.00;5723892;395007776.00
20160202;69.00;72.59;68.00;71.49;4072409;287985728.00
20160203;69.85;78.64;69.51;78.64;4821989;359315712.00
20160204;79.57;86.50;78.51;86.50;4151770;343040096.00
20160205;89.00;93.00;81.50;83.00;6607767;579436160.00
20160215;80.00;91.30;80.00;91.30;4752222;408491680.00
20160216;93.00;100.43;91.80;94.42;6223075;597284096.00
20160217;94.29;96.87;91.65;95.40;4480662;422103936.00
20160218;95.50;102.97;92.37;97.12;4982633;483459200.00
20160219;95.90;96.20;91.69;93.20;4001349;375215200.00
20160222;93.60;95.98;91.88;93.88;2927559;275036672.00
20160223;93.87;98.50;93.00;95.18;3593651;342663104.00
20160224;93.80;94.10;85.66;85.89;5579628;491141568.00
20160225;84.00;88.46;82.70;84.27;4584100;393829216.00
20160226;85.57;85.88;78.65;80.37;4074332;332459744.00
20160229;78.80;79.50;72.33;72.33;2638855;194655856.00
20160301;71.05;78.00;68.16;75.33;3689864;267353344.00
20160302;73.97;80.89;72.97;79.70;3517505;271501408.00
20160303;78.61;81.50;75.68;76.10;3407558;268876736.00
20160304;75.06;75.49;68.50;69.13;3411908;246003488.00
20160307;71.79;76.04;71.51;73.18;3327664;246196096.00
20160308;71.00;75.30;66.67;75.23;3744322;265819760.00
20160309;73.00;75.45;71.52;72.98;2588045;190873840.00
20160310;72.81;74.70;70.00;71.90;2328980;169345632.00
20160311;70.90;76.00;70.01;75.00;3517097;259049776.00
20160314;76.50;82.35;76.36;79.10;3832360;304555200.00
20160315;78.03;79.68;75.58;75.72;2935926;227402352.00
20160316;77.55;78.55;73.23;74.00;2261341;171070016.00
20160317;74.10;80.30;74.00;79.85;3491287;270122432.00
20160318;79.20;84.63;79.06;82.41;4117434;336665888.00
20160321;84.41;85.38;81.61;84.68;3591618;298231808.00
20160322;82.98;84.19;82.16;82.81;2342255;194535664.00
20160323;82.50;87.78;82.18;87.41;3481386;296339200.00
20160324;86.59;86.60;82.19;82.19;3713465;313364320.00
20160325;82.25;82.96;78.80;80.45;2669571;216256896.00
20160328;81.50;82.94;78.50;79.07;2039445;165261648.00
20160329;78.41;79.10;75.83;76.64;2048342;157959840.00
20160330;77.99;80.68;77.01;80.47;2352986;185810432.00
20160331;85.50;88.52;85.08;88.52;3868647;338427552.00
20160401;89.50;93.77;89.30;89.91;5959202;543196480.00
20160405;89.00;93.69;87.51;92.16;4036428;369429856.00
20160406;91.00;95.74;90.32;94.38;3692094;340791616.00
20160407;94.50;94.50;90.00;90.11;2993775;275122656.00
20160408;88.89;93.98;87.30;93.10;3803775;347608544.00
20160411;93.31;98.99;91.47;97.80;4786025;453503936.00
20160412;96.22;96.90;88.05;90.86;4216082;391009696.00
20160413;91.11;95.00;91.00;91.86;2753798;255313616.00
20160414;91.77;97.50;91.66;95.69;3293291;312030400.00
20160415;95.00;95.85;91.18;93.00;2899489;270322560.00
20160418;91.00;92.56;88.58;91.93;2119237;192713104.00
20160419;92.58;101.12;92.50;101.12;4663144;451343008.00
20160420;101.12;102.80;91.01;94.15;5301252;516031872.00
20160421;92.00;103.57;91.66;98.12;6871696;687459520.00
20160422;95.00;95.00;88.50;90.87;4624514;419738240.00
20160425;88.01;93.79;86.25;93.50;3386245;307217056.00
20160426;89.99;91.18;88.02;90.90;3536036;317982464.00
20160427;91.00;92.30;88.51;89.01;2715095;244928464.00
20160428;88.36;90.89;86.36;90.22;2696787;239536176.00
20160429;89.40;90.70;88.83;89.00;1667327;149597776.00
20160503;89.40;92.88;87.51;92.66;2654249;241211744.00
20160504;92.12;94.00;91.55;92.19;2624973;243039072.00
20160505;92.00;96.75;91.80;96.15;3113029;295701984.00
20160506;96.88;96.88;90.00;90.02;3948892;368375936.00
20160509;88.88;88.88;84.69;85.43;2435823;211695568.00
20160510;85.79;86.43;84.15;84.80;1453249;124189064.00
20160511;85.31;86.68;83.20;83.48;1613410;137023456.00
20160512;81.90;83.49;79.81;82.71;1587663;129694768.00
20160513;82.00;83.88;80.47;81.19;1474751;121563968.00
20160516;80.60;83.98;80.60;83.88;1381169;114301344.00
20160517;83.87;84.30;81.88;82.90;1652830;137189024.00
20160518;81.80;85.57;80.76;82.10;2102844;175026496.00
20160519;82.10;85.20;82.10;82.96;2001608;167457232.00
20160520;82.40;87.50;80.80;86.90;2638562;222493984.00
20160523;86.30;90.00;86.30;88.68;2826409;249458784.00
20160524;88.00;88.48;86.00;87.69;1840375;160883600.00
20160525;88.55;93.00;88.55;90.96;3033335;276310752.00
20160526;90.00;97.12;89.58;96.50;3761782;352856288.00
20160527;95.53;97.58;93.58;94.00;2808362;267652656.00
20160530;93.27;100.71;92.96;97.88;3106547;302361824.00
20160531;97.40;107.53;95.95;104.70;4061311;413522048.00
20160601;104.80;106.99;103.03;105.10;3012780;316253760.00
20160602;104.87;109.10;104.10;106.02;2555883;271429728.00
20160603;105.98;108.50;104.51;107.50;2957962;314844032.00
20160606;107.36;107.77;102.00;103.48;2921097;304350944.00
20160607;104.28;111.96;103.70;110.00;3581284;385009056.00
20160608;108.00;108.49;103.55;104.80;2662339;281231744.00
20160613;102.80;102.80;95.00;95.17;3281255;323275424.00
20160614;94.03;98.80;94.03;97.18;1694958;164394736.00
20160615;96.12;106.58;96.12;105.04;2856007;296596192.00
20160616;104.09;108.79;103.73;106.80;2943072;312308128.00
20160617;105.78;110.88;105.78;109.00;2736602;296201568.00
20160620;110.50;119.90;108.52;115.68;4196989;486337056.00
20160621;113.89;119.80;110.02;111.10;4147260;477295360.00
20160622;111.85;121.21;111.58;117.79;3978007;464685920.00
20160623;116.01;117.00;113.21;114.77;2319129;266497792.00
20160624;115.26;122.33;111.69;118.50;3576741;420468928.00
20160627;116.78;128.52;116.78;127.00;3592348;445882336.00
20160628;126.00;128.42;123.28;125.80;2934870;368427808.00
20160629;126.09;128.70;124.00;127.89;2600459;330100224.00
20160630;123.00;124.80;116.01;117.70;3291905;396865408.00
