20151231;12.00;13.09;12.00;13.09;11700;152608.00
20160104;14.40;14.40;14.40;14.40;2000;28800.00
20160105;15.84;15.84;15.84;15.84;4400;69696.00
20160106;17.42;17.42;17.42;17.42;4000;69680.00
20160107;19.16;19.16;19.16;19.16;3600;68976.00
20160108;21.08;21.08;21.08;21.08;12500;263500.00
20160111;23.19;23.19;23.19;23.19;12100;280599.00
20160112;25.51;25.51;25.51;25.51;9800;249998.00
20160113;28.06;28.06;28.06;28.06;16100;451766.00
20160114;30.87;30.87;30.87;30.87;92554;2857142.00
20160115;33.96;33.96;33.96;33.96;50400;1711584.00
20160118;37.36;37.36;37.36;37.36;103300;3859288.00
20160119;41.10;41.10;41.10;41.10;110000;4521000.00
20160120;45.21;45.21;45.21;45.21;140170;6337085.50
20160121;49.73;49.73;40.69;40.69;14330680;636138432.00
20160122;40.43;40.99;36.70;37.75;10412024;400078624.00
20160125;38.60;39.80;37.48;38.62;7245643;278511968.00
20160126;37.80;37.90;34.76;34.76;6165187;220884256.00
20160127;34.50;34.96;31.83;33.90;5400766;179495552.00
20160128;33.00;37.29;32.80;34.77;9851534;356001888.00
20160129;33.68;37.40;33.02;36.81;8497764;305339808.00
20160201;35.86;36.95;33.45;34.40;6341081;224631376.00
20160202;34.06;36.65;34.05;35.35;5185049;184906272.00
20160203;34.26;35.74;34.03;35.74;3730120;129699944.00
20160204;35.68;39.31;35.55;39.31;10526555;406893408.00
20160205;39.28;39.50;37.16;37.71;6430322;245627808.00
20160215;35.50;39.10;35.14;38.25;4403726;162287664.00
20160216;38.90;41.28;38.25;39.95;7211608;287503264.00
20160217;39.20;41.47;39.20;40.93;6797145;274229536.00
20160218;40.90;44.26;40.40;42.73;8114650;341466816.00
20160219;41.90;42.40;40.50;41.15;5392023;223401712.00
20160222;41.82;42.54;40.70;41.97;5145722;215069856.00
20160223;41.96;43.40;41.44;42.80;5272858;223268064.00
20160224;42.20;42.31;38.53;39.41;5941029;238233664.00
20160225;39.00;39.32;35.47;35.47;4100081;151649856.00
20160226;35.56;35.99;33.79;34.88;2997487;105725192.00
20160229;34.80;34.81;31.39;31.39;3350048;107093944.00
20160301;31.38;32.68;30.01;32.03;2909505;91622624.00
20160302;31.72;33.75;31.50;33.39;3004369;98370056.00
20160303;33.40;34.47;32.75;32.80;3134968;105623472.00
20160304;32.50;32.77;29.90;30.16;3007318;93960088.00
20160307;31.00;31.88;30.64;31.21;2001513;62751264.00
20160308;30.90;31.59;29.03;31.53;2279241;69217008.00
20160309;30.61;32.09;30.16;31.14;2355940;73795832.00
20160310;31.18;31.67;30.51;30.71;1647391;51253644.00
20160311;30.13;31.43;29.85;30.92;1616100;49884472.00
20160314;31.55;33.45;31.52;32.72;3069659;100226640.00
20160315;32.45;32.99;31.95;32.08;2161871;70164384.00
20160316;32.56;32.92;31.30;31.59;2052958;66121428.00
20160317;31.90;33.33;31.50;33.19;3081255;100551536.00
20160318;33.54;34.98;33.03;34.70;4647967;159043728.00
20160321;35.20;36.68;34.95;36.64;4458067;158667920.00
20160322;36.00;36.88;35.51;35.82;3232675;116912560.00
20160323;36.30;37.19;36.01;37.14;3827025;140623456.00
20160324;36.70;36.70;35.40;35.50;3744774;135203152.00
20160325;35.28;35.85;34.88;35.45;2084273;73649104.00
20160328;37.98;39.00;37.98;39.00;2207722;85848472.00
20160329;39.01;39.38;36.35;36.86;5608940;211296976.00
20160330;37.05;39.80;37.01;39.60;5454130;209133904.00
20160331;39.98;42.96;39.60;40.89;5622343;231228000.00
20160401;40.40;40.98;39.08;40.96;3718936;149393424.00
20160405;40.80;42.68;40.55;42.44;3899806;163511536.00
20160406;42.28;43.87;42.00;42.99;4130019;176886560.00
20160407;43.09;43.25;42.01;42.10;3228343;137066320.00
20160408;41.99;43.86;41.50;42.50;4839748;206748304.00
20160411;42.50;44.20;41.70;44.11;4974253;213356496.00
20160412;43.80;44.18;41.51;42.32;4488934;191694624.00
20160413;42.58;43.96;42.58;42.79;3518447;151960592.00
20160414;43.00;45.88;43.00;45.01;6047866;270891520.00
20160415;45.00;45.86;44.30;44.32;3934505;176055680.00
20160418;43.61;43.75;41.55;42.20;3140977;132675696.00
20160419;42.31;43.29;42.00;42.60;2445644;104272152.00
20160420;42.90;42.90;38.34;39.25;4369294;175645328.00
20160421;38.98;40.66;38.70;39.32;3199152;127363072.00
20160422;38.50;40.00;38.03;40.00;2072694;81631896.00
20160425;39.51;40.47;38.68;40.16;1935526;76583200.00
20160426;39.86;41.33;39.75;40.93;1880496;75940520.00
20160427;40.93;41.69;40.40;40.60;1959583;80591712.00
20160428;40.40;42.50;40.40;42.30;2612574;108112656.00
20160429;41.85;43.25;41.55;42.42;2723962;116252256.00
20160503;42.30;43.99;42.05;43.84;2742370;118693640.00
20160504;43.89;48.00;43.50;46.07;5388115;245391664.00
20160505;45.71;50.68;45.68;50.68;7874982;382625152.00
20160506;52.00;52.78;48.55;48.92;9395736;479406240.00
20160509;49.15;53.81;49.15;53.81;8452585;441313632.00
20160510;54.78;58.97;50.70;54.20;14348020;791613120.00
20160511;53.99;54.48;50.50;52.02;7369435;390813184.00
20160512;25.00;26.10;23.32;24.00;15530081;380376320.00
20160513;23.00;24.12;22.61;23.97;13930283;324935232.00
20160516;23.35;24.12;22.70;24.05;12730765;298773184.00
20160517;24.14;26.46;24.13;26.46;8358376;217203408.00
20160518;27.00;27.58;24.32;25.01;17122885;442798720.00
20160519;24.40;27.51;23.85;26.96;18735664;483150688.00
20160520;26.00;29.28;25.73;28.95;20281394;563939776.00
20160523;28.72;29.87;27.60;29.17;20595948;591047360.00
20160524;28.45;31.90;28.45;31.70;22844061;686539456.00
20160525;31.20;34.82;30.80;34.00;24378438;793819264.00
20160526;33.54;34.04;32.77;33.20;19089700;634358528.00
20160527;32.38;34.96;32.12;33.33;23536190;792790784.00
20160530;31.72;32.30;30.00;30.20;15119202;467758912.00
20160531;30.60;31.42;29.58;30.78;22202067;678577280.00
20160601;30.21;32.26;29.81;31.35;20962563;650395392.00
20160602;30.87;31.30;30.03;31.23;16007669;492222016.00
20160603;31.65;34.16;31.60;31.76;21669572;710580224.00
20160606;30.74;31.18;30.18;30.85;12811794;392623744.00
20160607;31.10;33.57;30.38;33.30;20381919;661327616.00
20160608;32.90;32.95;31.10;31.42;14674432;467713600.00
20160613;30.45;31.45;28.28;28.28;11635794;346196544.00
20160614;27.96;28.00;26.12;27.10;8507836;229418192.00
20160615;26.64;28.60;26.50;28.22;9282844;259439856.00
20160616;28.58;29.29;28.20;28.22;8487959;243427248.00
20160617;28.01;28.78;27.30;27.88;7306913;205030352.00
20160620;27.96;29.86;27.96;29.77;12250796;357817120.00
20160621;29.80;30.00;27.81;28.17;10583454;307068352.00
20160622;27.75;28.58;27.75;28.50;5314052;149361584.00
20160623;28.30;28.94;27.31;27.75;5360017;150132656.00
20160624;27.85;28.50;25.81;27.94;7443837;207479056.00
20160627;27.45;28.72;27.20;28.61;7163379;202291424.00
20160628;28.50;28.87;27.98;28.74;7306077;208040464.00
20160629;29.00;31.50;28.78;31.01;16125217;492017312.00
20160630;30.03;30.13;28.63;29.00;11559561;340524576.00
