20150424;16.98;18.53;16.98;18.53;14200;262351.00
20150427;20.38;20.38;20.38;20.38;7000;142660.00
20150428;22.42;22.42;22.42;22.42;4300;96406.00
20150429;24.66;24.66;24.66;24.66;2001;49344.66
20150430;27.13;27.13;27.13;27.13;3000;81390.00
20150504;29.84;29.84;29.84;29.84;5600;167104.00
20150505;32.82;32.82;32.82;32.82;19895;652953.88
20150506;36.10;36.10;36.10;36.10;20494;739833.38
20150507;39.71;39.71;39.71;39.71;91429;3630645.50
20150508;43.68;43.68;43.68;43.68;35360;1544524.75
20150511;48.05;48.05;48.05;48.05;15139;727428.94
20150512;52.86;52.86;52.86;52.86;15140;800300.38
20150513;58.15;58.15;58.15;58.15;24130;1403159.50
20150514;63.97;63.97;63.97;63.97;14130;903896.13
20150515;70.37;70.37;70.37;70.37;39892;2807200.00
20150518;77.41;77.41;77.41;77.41;18545;1435568.50
20150519;85.15;85.15;85.15;85.15;17201;1464665.13
20150520;93.67;93.67;93.67;93.67;19115;1790502.00
20150521;103.04;103.04;103.04;103.04;18715;1928393.63
20150522;113.34;113.34;113.34;113.34;36015;4081940.00
20150525;124.67;124.67;124.67;124.67;130724;16297361.00
20150526;137.14;137.14;137.14;137.14;38907;5335706.00
20150527;150.85;150.85;150.85;150.85;35568;5365433.00
20150528;165.94;165.94;165.94;165.94;648087;107543560.00
20150529;182.53;182.53;150.96;182.53;7531757;1346020736.00
20150601;200.78;200.78;186.15;200.78;8100486;1611534080.00
20150602;189.00;193.00;180.70;180.70;5320060;981751680.00
20150603;171.88;181.70;164.00;177.50;4035380;695382080.00
20150604;171.00;173.02;159.75;160.00;2276841;373583552.00
20150605;166.00;170.60;158.38;166.00;3099326;509156832.00
20150608;162.00;165.00;149.40;149.40;2584201;394714304.00
20150609;142.10;147.42;137.48;143.00;2368842;336524480.00
20150610;140.20;157.30;140.20;155.97;2712762;411575520.00
20150611;150.13;159.99;150.11;157.29;1853099;288736640.00
20150612;159.59;162.96;148.00;149.09;2093132;327780352.00
20150615;145.50;147.01;134.18;134.18;2535841;347085824.00
20150616;128.16;141.77;123.80;134.80;2353682;315092128.00
20150617;133.00;137.98;128.88;137.38;1218073;163587984.00
20150618;134.00;144.01;132.08;133.00;1351453;189042464.00
20150619;127.50;138.01;122.28;123.60;1063277;141077088.00
20150623;126.46;135.96;120.13;135.96;1347235;172254768.00
20150624;136.50;147.28;136.00;138.99;1890857;268309824.00
20150625;139.55;139.55;125.09;126.00;1355156;177923104.00
20150626;120.50;121.80;113.40;113.40;1396401;160467568.00
20150629;115.26;115.26;102.06;102.06;1783187;183997600.00
20150630;96.03;105.35;91.85;103.79;1460732;142190080.00
20150701;99.68;108.40;93.41;93.41;1673844;170293184.00
20150702;88.08;92.97;84.07;84.07;1099439;95665936.00
20150703;77.00;81.00;75.66;75.66;1339005;103656728.00
20150706;80.00;82.00;68.09;68.09;1637239;121491056.00
20150707;62.04;62.04;61.28;61.28;412700;25348346.00
20150714;67.41;67.41;67.41;67.41;25700;1732437.00
20150715;74.15;74.15;69.70;71.80;3347992;242874320.00
20150716;71.80;76.32;64.62;72.10;2956886;209787152.00
20150717;72.69;79.31;72.68;79.31;2158392;167363328.00
20150720;82.88;87.24;80.01;87.24;2378039;202279936.00
20150721;86.98;94.86;83.01;91.28;1977623;180871520.00
20150722;92.16;94.50;88.88;93.50;1467622;133123712.00
20150723;91.50;102.85;91.50;102.85;2288423;227161248.00
20150724;103.33;110.00;99.00;100.30;2367691;248590144.00
20150727;95.10;104.66;90.27;90.27;2094329;204641760.00
20150728;82.00;90.30;81.24;82.99;2399410;199501008.00
20150729;84.06;88.10;75.00;87.01;2018259;163333328.00
20150730;85.47;87.99;79.90;80.06;1994428;168854832.00
20150731;76.50;82.00;75.11;78.85;1230902;95970040.00
20150803;76.86;76.86;70.97;71.50;1119403;81452000.00
20150804;71.30;78.65;71.30;78.65;1257397;94854640.00
20150805;78.00;82.80;77.11;78.72;1355183;107815448.00
20150806;76.30;80.38;75.98;78.15;832809;65513880.00
20150807;79.07;84.00;78.51;83.21;1461083;119866272.00
20150810;85.50;89.62;83.08;88.60;1435227;123278160.00
20150811;88.00;93.29;87.38;91.18;1442965;129613672.00
20150812;89.50;91.28;87.28;88.80;985558;88429720.00
20150813;87.39;91.83;86.01;89.80;692628;61310872.00
20150814;90.10;91.50;89.38;90.61;850568;77075128.00
20150817;89.80;90.19;86.48;89.60;609454;53919732.00
20150818;89.95;92.53;80.64;80.64;977670;84778936.00
20150819;78.22;84.88;73.00;84.83;1043569;82835240.00
20150820;83.02;85.33;80.27;82.50;800020;66181968.00
20150821;80.42;82.28;78.00;78.88;296470;23735994.00
20150824;75.03;75.99;70.99;70.99;385100;27749844.00
20150825;64.30;67.64;63.89;63.89;488907;31679322.00
20150826;62.00;66.00;57.57;57.58;1649370;101550168.00
20150827;61.00;61.88;54.00;59.50;1064374;62897968.00
20150828;61.10;63.50;59.03;63.31;1331157;81294808.00
20150831;62.68;62.68;57.89;57.89;908376;54546696.00
20150901;57.00;57.68;52.10;52.10;713875;37887916.00
20150902;47.70;55.78;47.58;51.01;1218420;63298356.00
20150907;52.00;54.50;52.00;52.80;643735;34314068.00
20150908;53.20;58.08;52.02;58.08;1067745;60200236.00
20150909;60.70;62.69;59.62;61.20;1389622;84747680.00
20150910;59.88;61.00;59.00;59.18;598447;35894588.00
20150911;59.19;64.45;53.80;63.54;1553784;94567560.00
20150914;62.68;66.46;58.50;59.10;1926726;121499896.00
20150915;55.50;59.49;53.50;53.52;842992;47027188.00
20150916;55.46;58.87;53.20;58.87;1066331;59523748.00
20150917;59.00;62.00;57.66;57.80;1160033;69346520.00
20150918;58.30;60.94;57.00;60.16;884316;52270244.00
20150921;57.00;66.18;57.00;66.18;1271091;81090856.00
20150922;70.00;72.80;69.42;72.80;1091681;78233520.00
20150923;72.80;77.30;71.00;74.12;2276356;167452192.00
20150924;74.89;75.90;69.88;70.90;2858374;206745280.00
20150925;69.50;71.95;63.90;66.03;1623677;109618936.00
20150928;66.25;72.63;66.25;72.63;1553097;109075576.00
20150929;73.00;77.44;72.11;74.51;2221088;166169472.00
20150930;75.01;75.45;70.05;72.36;1178632;85197312.00
20151008;75.50;77.58;74.88;75.35;1382010;105096944.00
20151009;74.55;75.84;73.90;75.69;1416533;106145920.00
20151012;76.30;83.00;76.30;81.05;1695374;135957728.00
20151013;81.36;83.30;79.92;83.02;1707004;139419008.00
20151014;82.79;84.98;80.62;80.63;1346634;110041640.00
20151015;79.50;84.96;79.07;83.92;1407616;115370984.00
20151016;85.00;85.98;82.03;84.10;1399940;117313472.00
20151019;83.69;84.78;79.60;81.55;1503716;122700880.00
20151020;40.95;42.57;39.99;42.30;3404559;140789536.00
20151021;42.00;45.88;39.00;39.57;5399025;233023936.00
20151022;39.95;43.53;39.70;43.53;5637104;240775792.00
20151023;46.97;47.88;45.85;47.88;4375595;207542096.00
20151026;50.00;52.67;47.00;48.01;7065388;350383808.00
20151027;47.49;50.40;43.30;49.33;4855098;225980656.00
20151028;47.70;50.00;45.88;46.35;3264951;155215040.00
20151029;46.74;48.00;44.57;46.58;2731540;126685816.00
20151030;46.05;47.14;44.66;45.50;1890441;86816360.00
20151102;43.52;48.50;43.52;47.07;3157168;147426736.00
20151103;46.03;47.48;45.51;46.16;1567637;72851520.00
20151104;47.05;49.20;47.05;48.96;2896835;140005232.00
20151105;49.81;49.88;46.88;47.53;3032911;146518096.00
20151106;47.56;52.08;47.53;50.70;3058796;150850192.00
20151109;50.50;54.83;48.80;53.97;3571902;185637808.00
20151110;53.00;56.88;52.15;54.58;3163376;174041200.00
20151111;54.00;58.50;54.00;57.00;4482592;254133504.00
20151112;56.23;62.70;52.26;61.80;15290240;854722688.00
20151113;56.80;59.95;55.62;55.62;9829906;563797952.00
20151116;51.00;53.70;51.00;52.82;5820590;305945472.00
20151117;53.21;54.59;50.40;50.74;5331101;280531200.00
20151118;50.80;51.37;47.90;48.18;4597777;226493184.00
20151119;48.98;50.15;48.00;49.98;4313924;211215776.00
20151120;50.00;52.50;49.60;51.60;4572819;233827984.00
20151123;51.69;52.97;50.50;51.08;3911688;201824320.00
20151124;50.51;52.98;50.51;52.96;3828934;199210208.00
20151125;52.96;56.16;52.48;55.20;5894691;320106464.00
20151126;55.24;56.80;53.00;53.58;4669543;257289104.00
20151127;52.96;54.97;48.30;48.90;4089301;210251232.00
20151130;48.00;49.70;44.51;48.12;3799594;179721248.00
20151201;48.00;48.60;45.80;46.47;2961188;139861872.00
20151202;46.44;47.40;43.51;45.25;2032591;92499696.00
20151203;45.61;47.69;44.90;47.63;1971921;91761096.00
20151204;47.88;48.40;46.80;46.94;2452602;116959784.00
20151207;47.32;47.32;45.00;47.22;1989866;92761912.00
20151208;46.50;47.68;45.50;45.80;2439873;112658352.00
20151209;45.10;45.15;42.00;43.28;3741198;163105008.00
20151210;43.28;44.79;42.01;43.78;2947309;128053184.00
20151211;43.66;43.95;42.89;43.01;1873105;81014024.00
20151214;42.73;43.80;42.20;43.70;1412053;60542648.00
20151215;43.50;45.89;43.50;44.71;2155721;96790160.00
20151216;44.76;45.76;44.00;45.40;2133015;96352032.00
20151217;45.32;47.51;45.32;47.51;3173969;148564224.00
20151218;47.80;48.44;46.21;46.60;2743926;129339792.00
20151221;46.11;47.20;46.10;46.68;1786374;83200576.00
20151222;46.60;47.00;46.03;46.77;1478550;68885848.00
20151223;47.46;49.98;47.46;47.98;3325807;161547216.00
20151224;47.30;47.38;46.02;47.18;2170540;101293544.00
20151225;47.11;47.70;47.00;47.25;1392117;65939604.00
20151228;47.28;48.10;45.50;45.51;2269044;106539720.00
20151229;45.18;46.00;45.00;45.60;1252735;56817036.00
20151230;45.74;46.30;45.52;46.25;1126485;51858312.00
20151231;46.25;46.45;44.90;44.90;1341300;61075908.00
20160104;44.78;44.78;40.41;40.42;1503700;63092164.00
20160105;37.14;40.40;37.00;38.40;1889669;73442984.00
20160106;39.50;40.50;38.50;40.02;1397358;55107284.00
20160107;39.06;39.48;36.03;36.10;404400;15322890.00
20160108;37.90;37.90;33.00;36.20;1458599;53048488.00
20160111;34.96;35.45;32.58;32.58;1678425;56940948.00
20160112;32.57;33.29;31.06;32.52;1582201;51259980.00
20160113;32.90;33.18;30.80;30.80;1136042;36384788.00
20160114;29.62;32.48;29.33;31.72;1846015;57475220.00
20160115;31.90;32.20;30.00;30.21;1561437;48836704.00
20160118;29.74;31.80;29.55;31.37;1303434;40497012.00
20160119;31.67;33.59;31.40;33.48;1951726;63658892.00
20160120;33.00;34.65;33.00;33.96;2177266;73771272.00
20160121;33.51;34.19;31.89;31.89;1750690;58290424.00
20160122;32.30;32.80;31.30;32.45;1935484;62238156.00
20160125;32.99;33.35;32.00;32.56;1153547;37762668.00
20160126;32.20;32.20;29.30;29.30;1958092;59584504.00
20160127;30.00;30.00;26.96;28.89;1812728;50893920.00
20160128;28.01;28.53;26.68;26.90;1250454;34604632.00
20160129;27.40;28.99;26.68;28.48;1477876;41396496.00
20160201;28.52;28.85;26.95;27.85;1203477;33861008.00
20160202;28.10;29.39;27.90;29.20;1219829;35325240.00
20160203;28.96;29.99;28.22;29.65;1092725;31671718.00
20160204;29.88;31.06;29.59;30.69;1475434;44862360.00
20160205;30.98;30.98;29.90;30.00;1147347;34807736.00
20160215;29.00;30.90;28.70;30.50;1393768;41541824.00
20160216;30.77;32.30;30.68;32.24;1744298;55464084.00
20160217;32.50;35.00;31.70;34.70;2792325;92348496.00
20160218;34.70;34.88;33.80;33.87;2083828;71348792.00
20160219;33.61;34.45;33.50;33.97;1767375;59957588.00
20160222;34.50;35.35;33.74;35.31;2372155;82097592.00
20160223;35.00;37.00;34.85;36.80;3642663;130182832.00
20160224;36.66;37.30;34.30;36.80;3678638;132358032.00
20160225;36.15;36.15;33.12;33.12;2721017;94132800.00
20160226;33.12;33.97;30.00;31.72;1977037;63970988.00
20160229;31.58;31.58;28.55;29.56;1652283;48372092.00
20160301;29.56;31.09;29.00;30.66;1642464;49311868.00
20160302;30.66;33.38;30.66;32.61;2239297;71719464.00
20160303;32.31;33.18;32.14;32.18;2189952;71270416.00
20160304;32.10;32.10;29.01;29.91;2072213;63359252.00
20160307;30.20;31.40;29.92;30.33;1919299;58772000.00
20160308;30.63;30.98;28.38;30.20;1683845;49626920.00
20160309;29.50;30.11;28.38;29.30;1325274;39033724.00
20160310;29.31;30.18;28.90;29.00;1085712;31909998.00
20160311;29.14;29.80;28.53;29.58;1267350;37082896.00
20160314;29.70;31.50;29.70;30.90;2683298;82588824.00
20160315;30.52;30.88;29.84;29.98;1591485;48275152.00
20160316;30.80;31.00;29.51;29.88;1498934;45459716.00
20160317;29.99;31.30;29.99;31.15;2211367;68097432.00
20160318;31.21;32.74;31.00;32.67;2417758;77391960.00
20160321;33.03;33.59;32.44;33.58;3066473;101221376.00
20160322;33.35;34.15;32.66;33.35;3078063;102767032.00
20160323;33.17;33.89;33.01;33.86;1996718;66829520.00
20160324;33.50;34.30;32.80;33.08;2755070;92345248.00
20160325;32.95;33.30;32.27;32.87;1661020;54588860.00
20160328;32.80;35.50;32.80;34.44;4132373;140869360.00
20160329;34.00;34.18;32.52;32.80;2409953;80335776.00
20160330;33.12;34.76;33.11;34.76;2526269;86018816.00
20160331;34.95;35.70;34.40;34.55;2759394;96356752.00
20160401;33.90;34.40;33.10;34.25;1957327;66141096.00
20160405;34.50;35.50;33.88;34.98;2236633;77716792.00
20160406;34.98;35.68;34.65;35.35;2148077;75526208.00
20160407;35.45;35.89;34.24;34.28;2249059;78075600.00
20160408;34.15;34.15;33.08;33.60;1758292;58956852.00
20160411;33.84;35.10;33.60;35.05;2832698;97518520.00
20160412;34.99;34.99;33.68;34.77;1974944;67847976.00
20160413;34.70;36.37;34.65;35.57;3286368;117067600.00
20160414;35.60;36.45;35.25;36.23;2586418;92599312.00
20160415;36.45;38.50;35.50;38.16;4676789;173152000.00
20160418;37.51;41.98;37.03;41.98;4365482;174127360.00
20160419;42.89;43.00;40.51;40.61;7657119;317603488.00
20160420;41.02;42.48;36.80;38.28;5890058;236409440.00
20160421;39.00;39.90;34.55;37.51;3971566;153134848.00
20160422;37.70;38.20;36.50;38.00;3144612;117651608.00
20160425;37.98;39.37;37.00;37.25;3964273;152496144.00
20160426;36.39;39.20;36.00;38.68;3553372;135872864.00
20160427;39.08;39.54;37.75;37.85;1960668;76065232.00
20160428;37.87;38.14;36.55;37.55;2099216;77871232.00
20160429;37.60;37.60;36.81;36.94;1102189;40968244.00
20160503;36.58;38.40;36.51;38.01;1599789;60209916.00
20160504;37.91;39.50;37.58;38.24;1682896;65267576.00
20160505;38.24;41.69;38.03;40.47;2559169;102625032.00
20160506;40.50;41.00;38.10;38.78;2211580;86942160.00
20160509;38.60;38.60;35.79;35.86;1546121;56514692.00
20160510;35.70;36.49;35.68;36.05;707795;25531134.00
20160511;36.50;37.68;36.16;36.36;993344;36662832.00
20160512;36.20;36.99;35.03;36.40;802964;28741480.00
20160513;35.66;36.88;35.66;36.29;581581;21184900.00
20160516;36.29;37.27;36.29;37.08;795529;29350210.00
20160517;36.96;40.77;36.96;39.65;3499918;137160080.00
20160518;38.86;40.80;38.00;40.20;3057982;121113320.00
20160519;40.10;41.20;39.10;39.66;2885832;116304248.00
20160520;39.08;40.36;38.26;39.00;1916342;74749056.00
20160523;39.07;40.10;38.72;40.03;1545279;60626264.00
20160524;39.80;40.00;38.40;38.40;1134959;44001948.00
20160525;38.69;39.23;36.52;36.54;1825900;68681032.00
20160526;36.40;36.99;34.98;36.17;1398176;49977848.00
20160527;36.01;36.78;35.88;36.14;1124503;40775872.00
20160530;36.10;36.13;34.53;35.52;737324;26240056.00
20160531;35.54;38.99;35.54;38.83;2902467;107921712.00
20160601;38.76;40.00;38.07;39.02;3617955;141123488.00
20160602;38.53;39.00;38.13;38.71;2328294;90001320.00
20160603;38.65;42.58;38.48;39.41;4347194;171524032.00
20160606;39.40;39.70;37.90;38.47;3714660;143006656.00
20160607;38.42;38.74;37.88;38.26;1775581;67778096.00
20160608;38.40;38.40;37.27;37.67;1932596;72847000.00
20160613;36.89;37.19;34.51;34.55;1984734;71757944.00
20160614;34.68;34.99;33.31;34.20;1532873;52301436.00
20160615;33.60;35.29;33.40;35.15;1859765;64831668.00
20160616;34.85;35.26;34.60;34.68;1204156;42072240.00
20160617;34.70;36.14;34.61;35.22;1368414;48463440.00
20160620;35.30;35.70;34.60;35.56;1342687;47306972.00
20160621;35.60;35.99;34.60;34.80;1269217;44938488.00
20160622;34.90;35.50;34.70;35.46;1067451;37559264.00
20160623;35.70;35.70;34.71;34.88;1084043;38027740.00
20160624;34.82;35.17;33.12;34.16;1258634;43215908.00
20160627;34.16;35.21;34.05;35.20;2511103;87066904.00
20160628;34.97;36.00;34.70;35.74;2692375;95321024.00
20160629;36.00;36.22;35.25;35.84;2132938;76198768.00
20160630;35.85;36.20;35.48;35.67;1405450;50126764.00
