20150319;24.96;27.23;24.96;27.23;8300;225782.00
20150320;29.95;29.95;29.95;29.95;3200;95840.00
20150323;32.95;32.95;32.95;32.95;3700;121915.00
20150324;36.25;36.25;36.25;36.25;7350;266437.50
20150325;39.88;39.88;39.88;39.88;11600;462608.00
20150326;43.87;43.87;43.87;43.87;28600;1254682.00
20150327;48.26;48.26;48.26;48.26;112659;5436923.50
20150330;53.09;53.09;53.09;53.09;355648;18881352.00
20150331;55.00;58.40;54.06;58.40;8707937;493634176.00
20150401;57.96;59.19;56.18;58.51;6207167;356462592.00
20150402;58.40;63.55;58.01;60.35;5595109;339960096.00
20150403;60.10;66.39;59.56;66.21;5617651;354203680.00
20150407;66.21;72.82;64.83;71.01;5006096;345502272.00
20150408;74.00;76.58;70.10;72.69;3710998;270557344.00
20150409;70.77;70.80;65.80;70.00;3761372;256897152.00
20150410;68.50;71.66;67.50;69.93;2509567;174782944.00
20150413;69.10;75.95;68.01;73.22;3059828;219669680.00
20150414;72.32;76.82;72.02;75.26;2695296;201908096.00
20150415;74.14;78.48;70.00;74.40;3087707;227467040.00
20150416;74.00;77.60;72.30;73.98;2037525;153659312.00
20150417;74.35;74.99;69.00;69.38;2518997;180167728.00
20150420;68.90;73.23;68.19;69.95;1486413;104757048.00
20150421;69.28;74.54;68.44;73.85;2593459;187178704.00
20150422;73.20;76.20;73.00;74.09;1908464;141751840.00
20150423;74.00;74.33;71.48;71.70;1842951;133536728.00
20150424;70.08;74.79;70.00;74.65;1763114;128039168.00
20150427;74.76;80.50;74.76;77.38;2514990;196392800.00
20150428;75.88;79.38;72.00;72.95;1615221;119767296.00
20150429;72.01;80.25;71.55;80.25;2126956;164856688.00
20150430;82.10;86.58;81.28;81.60;2637113;221402128.00
20150504;80.32;84.99;78.91;80.70;1381998;112866080.00
20150505;80.80;88.50;80.40;87.86;2209234;186893472.00
20150506;86.00;96.65;85.58;96.65;2416293;226822464.00
20150507;96.65;100.00;92.00;95.00;2554094;243718480.00
20150508;95.00;104.50;95.00;104.50;1773354;183838320.00
20150511;104.60;114.95;103.10;114.95;1438411;160918864.00
20150512;121.85;126.45;116.00;120.35;3024450;368220608.00
20150513;114.87;126.00;108.66;121.43;1978113;233938816.00
20150514;118.99;124.40;113.00;115.00;1448307;169887872.00
20150515;112.83;126.50;105.61;124.60;2019242;237421312.00
20150518;123.18;137.06;123.09;137.06;1672860;219866848.00
20150519;137.88;145.88;128.01;137.74;1612883;220287328.00
20150520;135.10;140.95;131.01;131.76;2199700;299417920.00
20150521;130.58;144.19;127.31;137.50;1606032;219998704.00
20150522;137.51;138.80;130.65;134.28;1473074;197496368.00
20150525;129.90;142.30;125.12;140.04;1471263;195250880.00
20150526;137.88;154.00;137.12;153.99;1446366;217123376.00
20150527;152.01;169.39;151.85;169.39;1319729;214172864.00
20150528;169.88;186.00;166.66;166.66;1559822;281480320.00
20150529;157.00;174.96;153.00;165.80;1196088;197332912.00
20150601;166.00;170.00;153.33;156.26;1033403;164603408.00
20150602;159.39;160.26;151.88;152.00;1093562;168396848.00
20150603;152.01;154.80;141.40;144.80;1055421;155418816.00
20150604;145.00;150.89;131.00;138.66;1084766;154480384.00
20150605;143.33;149.85;141.00;148.10;1098408;160618736.00
20150608;147.00;147.00;133.29;133.29;1248037;173906544.00
20150609;126.96;135.00;124.05;132.71;1384549;179013760.00
20150610;130.00;141.73;126.64;138.16;1219758;162281728.00
20150611;136.99;143.62;134.51;142.98;960910;134080192.00
20150612;144.00;148.82;135.00;141.00;1654703;233149328.00
20150615;140.86;144.80;126.90;126.90;1357546;180604656.00
20150616;117.66;122.30;114.21;114.34;1088484;126791504.00
20150617;112.78;117.80;111.90;114.00;1455484;167552176.00
20150618;115.25;117.66;102.60;102.60;1314077;142889136.00
20150619;98.50;104.99;93.91;98.99;1301556;129120776.00
20150623;103.00;106.10;93.00;105.35;1990686;201566304.00
20150624;106.18;109.99;99.00;103.60;1719016;179903680.00
20150625;102.99;104.00;93.24;93.45;1459315;144019712.00
20150626;90.01;91.46;84.11;84.11;1247262;107127464.00
20150629;85.72;86.43;75.70;75.70;1917911;152121616.00
20150630;77.00;83.27;69.81;83.27;2337214;180218176.00
20150701;83.50;91.60;81.70;84.00;2914121;255260304.00
20150702;81.60;91.44;80.00;87.49;2511093;215647840.00
20150703;84.00;96.24;78.74;92.06;2881525;255086288.00
20150706;101.27;101.27;82.85;87.00;3140592;294581408.00
20150707;81.00;81.00;78.30;78.30;411244;32417156.00
20150708;70.47;72.95;70.47;70.47;2458061;173638576.00
20150709;66.00;77.52;66.00;77.52;1189364;89247392.00
20150710;80.70;85.27;80.70;85.27;445265;37078152.00
20150713;91.30;93.80;86.01;93.80;1306033;119428680.00
20150714;91.92;101.00;88.50;94.60;2094449;200107392.00
20150715;89.90;91.97;85.14;85.14;867331;75411080.00
20150716;76.70;90.06;76.63;84.68;1195619;98511472.00
20150717;82.00;93.10;81.36;92.45;1948318;171586784.00
20150720;91.72;93.89;86.50;88.90;2151322;194586848.00
20150721;87.86;92.22;84.17;90.75;1461713;129819160.00
20150722;90.21;92.78;87.52;91.91;1269934;114865992.00
20150723;91.92;101.10;91.00;101.10;1755119;169880016.00
20150724;104.00;106.00;98.88;99.02;2089535;213445312.00
20150727;98.00;98.47;89.12;89.12;1409137;133524648.00
20150728;81.12;88.27;80.21;80.21;1282287;105060160.00
20150729;82.78;85.20;75.13;85.01;1057340;84951304.00
20150730;85.00;86.86;82.02;82.20;1013565;85857392.00
20150731;79.50;84.00;77.99;80.50;994650;80949712.00
20150803;79.70;80.00;72.45;72.45;797889;59587496.00
20150804;73.30;77.92;72.01;77.59;1217874;92116784.00
20150805;77.38;78.70;73.80;75.00;905598;69492752.00
20150806;72.00;75.20;70.10;74.10;560665;41237852.00
20150807;74.99;79.00;74.99;78.94;1046160;81259344.00
20150810;80.30;86.20;79.16;84.90;1130104;93178360.00
20150811;84.00;86.20;83.20;83.88;951345;80742792.00
20150812;83.00;88.89;81.00;86.05;1472917;126362200.00
20150813;84.20;86.69;81.01;86.34;1155706;98260672.00
20150814;87.20;94.97;86.05;92.11;1701378;154644192.00
20150817;88.02;88.83;82.90;84.45;2179664;184145984.00
20150818;84.45;86.03;76.01;76.01;1419760;115622480.00
20150819;72.30;78.87;68.88;77.35;1114671;82197656.00
20150820;74.04;76.80;73.11;73.50;608174;45589652.00
20150821;72.00;72.99;69.65;69.71;588175;42060888.00
20150824;65.50;65.94;62.74;62.74;626885;39768056.00
20150825;56.47;60.00;56.47;56.47;925627;53087748.00
20150826;56.77;60.59;53.25;55.82;1328218;76251720.00
20150827;57.20;60.00;54.40;58.65;880619;50659844.00
20150828;59.29;62.54;58.02;62.40;1142636;68638512.00
20150831;60.12;61.78;56.68;57.02;763059;45086888.00
20150901;56.00;56.87;51.32;51.32;807464;42675184.00
20150902;50.30;54.58;48.75;50.00;1403360;72933944.00
20150907;51.50;53.60;51.06;52.47;837505;43917328.00
20150908;51.81;57.38;50.53;57.20;920761;49827080.00
20150909;57.50;61.78;57.08;60.00;1327196;79081048.00
20150910;58.79;61.77;58.39;59.90;1024486;61302256.00
20150911;59.15;61.38;59.00;59.91;691281;41548520.00
20150914;60.80;60.88;53.92;53.92;777898;43833964.00
20150915;51.50;53.20;50.10;50.40;606171;31323634.00
20150916;50.95;55.44;50.55;55.44;965646;51075344.00
20150917;54.80;57.79;54.00;54.00;1128840;63151036.00
20150918;54.50;56.10;53.40;56.05;814871;44663792.00
20150921;55.50;61.66;54.48;61.66;1547618;91856312.00
20150922;62.54;64.41;61.55;62.13;1353284;85445112.00
20150923;61.00;64.95;60.18;63.99;1421476;88984680.00
20150924;64.70;67.56;64.61;65.97;1430092;94329232.00
20150925;65.00;65.44;60.02;60.80;1264741;79099408.00
20150928;62.00;65.30;60.83;64.90;913316;57702920.00
20150929;64.00;65.57;62.59;63.10;1074122;68661368.00
20150930;63.88;64.49;62.00;63.48;826295;52304248.00
20151008;67.00;69.50;65.00;68.90;1255617;84222536.00
20151009;42.54;43.29;41.68;42.70;1614404;68678432.00
20151012;42.90;45.57;42.27;44.95;2795268;123471008.00
20151013;44.16;44.88;43.01;44.75;2286930;101041160.00
20151014;44.07;49.23;44.07;48.40;5057151;242264192.00
20151015;47.30;51.39;46.71;50.54;4202539;204289696.00
20151016;50.10;52.00;50.10;51.58;3067719;155890992.00
20151019;51.24;51.70;48.98;49.30;2912328;146439568.00
20151020;48.98;50.10;48.53;49.72;2004292;99128944.00
20151021;49.50;50.80;44.75;44.75;2946920;142039040.00
20151022;44.77;47.18;44.67;46.91;1936809;89131512.00
20151023;47.00;49.56;47.00;49.48;2037884;99662056.00
20151026;50.80;50.97;48.00;49.28;2020230;99835040.00
20151027;49.28;49.40;46.11;49.13;1644931;78830160.00
20151028;48.19;49.88;46.68;46.90;1737647;84173160.00
20151029;49.00;49.00;46.18;47.51;1482396;70129896.00
20151030;47.06;48.10;46.18;47.10;1510419;71312920.00
20151102;46.01;49.88;45.00;48.13;2881934;138755504.00
20151103;48.00;50.68;47.22;50.05;3213726;158079904.00
20151104;51.41;52.38;49.57;52.37;3528805;180520688.00
20151105;51.86;55.13;51.02;52.21;3099992;163043952.00
20151106;52.21;55.80;52.21;55.49;3067659;166217408.00
20151109;56.13;61.04;56.12;61.04;4996049;295177408.00
20151110;62.70;66.90;61.50;64.60;5048036;320700992.00
20151111;63.67;71.06;62.31;71.06;5229859;349331040.00
20151112;73.43;76.33;71.12;73.60;5037417;371483232.00
20151113;73.55;73.55;66.24;66.24;4558172;311267008.00
20151116;62.40;65.30;60.88;64.93;3515789;223646688.00
20151117;66.25;68.00;61.50;62.10;4165693;271511872.00
20151118;62.48;62.88;58.78;59.11;2974685;178965680.00
20151119;59.90;62.48;59.81;62.46;2707847;165371728.00
20151120;63.28;64.65;62.01;63.24;3266904;207069840.00
20151123;62.05;63.80;60.02;60.36;2340563;145165280.00
20151124;60.36;64.40;60.36;63.95;3461473;217395328.00
20151125;64.28;67.99;63.01;66.91;4319112;282769024.00
20151126;66.89;69.00;64.29;64.40;3600069;240045136.00
20151127;63.40;65.80;58.50;60.51;3400569;213604384.00
20151130;60.48;65.59;57.30;65.03;3128066;192490544.00
20151201;65.03;66.57;62.96;64.47;3196531;208006208.00
20151202;64.40;64.40;58.50;61.00;2083183;127232120.00
20151203;61.00;63.87;61.00;63.79;1774588;111011648.00
20151204;63.79;64.65;62.04;62.36;2033954;129275344.00
20151207;62.36;63.70;60.80;62.80;1732599;108012056.00
20151208;62.50;63.34;60.00;62.12;2299054;142165504.00
20151209;61.50;61.88;57.68;58.14;2702105;160344080.00
20151210;58.54;58.54;57.10;57.18;1691634;97752296.00
20151211;57.18;57.48;56.18;56.68;850625;48348764.00
20151214;56.30;58.86;55.69;58.62;1120423;64636332.00
20151215;58.52;59.49;58.01;58.55;1029549;60590908.00
20151216;58.88;61.54;58.71;60.99;2225527;134268768.00
20151217;61.90;63.13;61.20;63.00;2702733;168675760.00
20151218;63.00;63.04;60.61;61.45;2063537;127306320.00
20151221;60.88;62.96;60.30;62.60;1883928;116338632.00
20151222;62.58;63.45;62.13;62.70;1676275;105214616.00
20151223;63.00;64.99;61.25;61.50;1894041;119455000.00
20151224;61.10;64.49;61.10;64.10;2835399;178769248.00
20151225;63.59;65.38;62.65;63.48;2175870;139264080.00
20151228;63.40;63.56;59.88;59.88;2322298;143792992.00
20151229;59.90;60.29;58.55;59.79;1068057;63462456.00
20151230;60.20;61.00;59.66;60.78;864913;52114328.00
20151231;61.30;61.47;58.17;58.28;1226343;72942544.00
20160104;57.98;58.00;52.45;52.49;1291546;70237528.00
20160105;49.00;52.40;47.24;48.85;1547965;76491920.00
20160106;49.28;51.20;48.43;50.95;1219598;60846092.00
20160107;49.80;49.80;45.89;46.01;318200;15316234.00
20160411;50.61;50.61;50.61;50.61;283360;14340850.00
20160412;55.67;55.67;52.67;53.66;4169938;225868416.00
20160413;53.08;54.57;52.40;53.70;2749057;146972688.00
20160414;53.68;54.18;53.30;53.78;1600155;85978288.00
20160415;53.64;54.98;53.51;54.27;1683883;91740552.00
20160418;53.00;53.26;51.56;52.02;1361536;71353552.00
20160419;52.58;52.75;50.48;50.53;1679478;85790904.00
20160420;50.94;51.44;45.48;45.98;2065595;98623976.00
20160421;45.51;46.48;44.81;45.47;1181506;54163072.00
20160422;45.01;45.98;44.50;45.80;891019;40588924.00
20160425;45.78;46.68;45.51;46.45;1070136;49476272.00
20160426;46.44;46.63;45.60;46.50;910333;42037076.00
20160427;46.53;46.93;45.45;45.69;943458;43729816.00
20160428;45.69;46.48;44.86;45.89;795502;36312724.00
20160429;45.98;46.18;45.01;45.11;681548;31117926.00
20160503;45.11;47.35;44.94;47.10;1420839;65807304.00
20160504;47.38;47.94;47.02;47.12;1636901;77682704.00
20160505;46.90;47.90;46.52;47.36;1192409;56161548.00
20160506;47.21;47.64;43.65;43.99;1968155;90319144.00
20160509;43.59;43.59;39.68;39.89;1460990;60683528.00
20160510;39.99;40.92;39.89;40.18;1193205;48227872.00
20160511;40.26;42.55;39.20;41.29;2204555;89679416.00
20160512;40.15;40.99;39.50;40.63;1325206;53329144.00
20160513;40.66;41.48;40.20;40.37;1223811;49916580.00
20160516;40.51;40.83;39.66;40.68;1040175;42049504.00
20160517;40.82;41.52;40.02;40.93;1639377;66926516.00
20160518;40.40;40.60;37.60;38.59;1397519;55192928.00
20160519;38.45;40.82;38.45;40.05;1565169;62746372.00
20160520;39.86;41.50;39.00;41.44;1774529;72283808.00
20160523;42.20;42.93;41.54;42.01;2061102;87179792.00
20160524;42.05;42.06;41.16;41.60;1379329;57239172.00
20160525;41.81;42.48;41.00;41.25;1365770;57090140.00
20160526;40.90;41.89;39.80;41.71;1488099;60562844.00
20160606;45.88;45.88;45.88;45.88;182460;8371265.00
20160607;48.00;50.47;47.70;50.47;5532266;271782944.00
20160608;51.40;54.44;49.61;49.69;7785284;404579616.00
20160613;47.99;48.00;44.72;44.72;5080031;235962784.00
20160614;44.01;44.50;43.05;43.80;2486851;108764856.00
20160615;43.05;46.20;43.05;45.96;2949325;133723384.00
20160616;45.91;47.99;45.07;47.01;3464138;161003056.00
20160617;46.97;48.62;46.13;46.53;2543261;120199784.00
20160620;46.20;49.20;45.90;48.00;2815578;134234800.00
20160621;48.50;51.50;47.80;48.27;4767812;237041312.00
20160622;46.79;49.65;46.79;49.24;3022086;146180544.00
20160623;49.26;49.66;47.86;48.60;2295306;111776224.00
20160624;48.77;49.20;45.08;46.88;2575333;122184896.00
20160627;45.10;47.97;45.09;47.75;2905219;134717856.00
20160628;47.15;49.08;46.76;48.70;3195660;153072256.00
20160629;48.63;50.61;48.63;49.30;3018651;149409248.00
20160630;49.01;49.33;48.24;48.70;1840228;89459864.00
