20150319;17.65;21.18;17.65;21.18;19632;414219.75
20150320;23.30;23.30;23.30;23.30;5700;132810.00
20150323;25.63;25.63;25.63;25.63;5200;133276.00
20150324;28.19;28.19;28.19;28.19;10768;303549.91
20150325;31.01;31.01;31.01;31.01;25300;784553.00
20150326;34.11;34.11;34.11;34.11;69150;2358706.50
20150327;37.52;37.52;36.00;37.52;6513555;242458928.00
20150330;39.58;41.27;39.15;39.99;12179720;490901184.00
20150331;37.56;39.48;37.40;39.48;7190594;276361696.00
20150401;39.03;40.88;38.80;39.58;5196312;206229008.00
20150402;39.12;42.58;39.08;40.95;6459089;262031392.00
20150403;39.94;43.57;39.70;42.70;6665862;274311456.00
20150407;42.49;44.70;42.08;42.91;5220766;225500000.00
20150408;42.91;43.05;40.00;41.52;3987481;165816096.00
20150409;41.28;42.78;39.50;42.07;3958581;162502208.00
20150410;41.75;44.55;41.63;43.72;4696946;203898752.00
20150413;43.73;45.49;43.19;44.49;3823496;170030336.00
20150414;44.49;45.55;42.78;43.59;3575530;157228784.00
20150415;42.93;42.93;40.50;40.51;2820651;116881760.00
20150416;40.29;42.11;39.53;40.86;2429490;100123760.00
20150417;41.10;41.37;40.30;40.50;2224469;90954328.00
20150420;40.15;40.50;38.85;39.03;2420708;96269784.00
20150421;38.70;40.78;38.70;40.65;1663088;66616976.00
20150422;41.00;41.65;41.00;41.12;2268512;93526408.00
20150423;41.34;42.75;40.83;42.36;3600120;150477584.00
20150424;41.63;44.98;41.33;43.70;3951269;171683344.00
20150427;45.12;45.60;43.20;43.70;3653319;161491936.00
20150428;43.50;44.00;40.76;41.30;2692071;113212528.00
20150429;41.15;45.00;41.00;44.55;3484360;151279552.00
20150430;45.00;45.80;43.80;44.00;3663770;164126576.00
20150504;43.74;46.95;42.50;46.53;3380826;150898976.00
20150505;45.95;48.36;44.91;46.78;4527940;211186544.00
20150506;47.00;49.58;44.00;45.03;4353345;208700832.00
20150507;43.61;44.97;43.20;43.30;2421741;106031568.00
20150508;44.20;47.08;43.83;46.85;3166167;143177120.00
20150511;47.45;50.99;47.03;50.28;4834092;238305488.00
20150512;50.22;54.39;49.02;53.80;5780410;299454176.00
20150513;51.00;54.80;50.09;52.30;3842802;201161392.00
20150514;51.78;57.53;51.21;57.53;4143800;228193408.00
20150515;57.53;62.99;54.53;60.70;4630682;269931392.00
20150518;59.99;66.77;59.01;66.77;3610030;232660032.00
20150519;69.55;71.50;63.01;67.19;4740645;314650016.00
20150520;65.89;69.99;65.20;68.95;3980011;271350016.00
20150521;68.50;69.96;66.00;68.30;3450292;234110064.00
20150522;69.98;70.70;64.05;66.50;3503768;234623904.00
20150525;64.45;70.45;64.00;68.53;3267450;221441328.00
20150526;68.50;75.38;68.50;75.38;2525720;185375344.00
20150527;78.00;82.92;77.65;82.92;4989238;402071936.00
20150528;86.00;91.21;78.50;78.50;6104012;543501952.00
20150529;75.10;82.99;70.65;76.20;4585098;349538016.00
20150601;77.00;77.30;71.30;74.78;3235403;240409856.00
20150602;73.99;75.98;72.00;74.46;2957974;218666736.00
20150603;74.75;77.00;72.66;75.37;2404735;181560096.00
20150604;75.98;75.98;67.83;68.50;3134469;218728448.00
20150605;69.99;70.49;65.88;67.60;3430137;232716640.00
20150608;67.10;67.10;61.98;63.10;3044422;194239552.00
20150609;63.05;65.90;62.38;64.50;2056960;132306744.00
20150610;64.00;69.28;61.77;67.30;3050003;203957168.00
20150611;67.36;70.28;66.77;70.03;2782823;191592304.00
20150612;71.04;75.43;68.05;68.50;3371473;242116688.00
20150615;67.00;67.49;61.65;61.66;3026407;194629248.00
20150616;59.00;63.65;57.55;61.76;2259732;136312032.00
20150617;61.19;64.46;60.11;63.91;2040721;127625368.00
20150618;63.31;63.66;58.50;58.99;1786649;110096192.00
20150619;56.98;60.87;56.00;57.45;1588398;93324264.00
20150623;58.35;62.50;57.00;62.42;2115419;126525968.00
20150624;63.68;64.00;61.60;63.49;2498686;157215424.00
20150625;63.23;64.00;59.51;59.69;1579424;97716016.00
20150626;57.20;60.00;53.72;53.97;2407390;134930064.00
20150629;56.00;56.79;48.57;48.57;1964687;100291848.00
20150630;48.57;52.36;43.71;51.70;2465885;116675232.00
20150701;49.58;53.80;46.93;47.65;2254809;116088192.00
20150702;46.99;49.88;44.00;44.88;1536890;72161768.00
20150703;44.80;47.40;41.00;43.33;1510919;66487852.00
20150706;47.66;47.66;39.18;42.40;2181917;95687288.00
20150707;40.28;41.02;38.16;38.16;973791;38151852.00
20150708;34.34;35.88;34.34;34.41;2304580;79444704.00
20150709;33.00;37.85;33.00;37.85;1577825;57811956.00
20150710;40.00;41.64;38.56;41.64;873322;35945376.00
20150713;45.80;45.80;44.02;45.80;2045842;93155424.00
20150714;47.21;49.90;45.80;47.80;3948184;188739424.00
20150715;46.00;46.57;43.02;43.02;1911771;84566112.00
20150716;39.00;45.45;38.81;44.13;2067471;88953216.00
20150717;44.13;48.10;44.00;47.05;2189728;101061672.00
20150720;47.10;48.35;45.82;46.73;2144748;101267816.00
20150721;45.87;47.99;44.50;47.43;1854307;86238080.00
20150722;47.00;48.50;46.00;48.08;1935980;92405568.00
20150723;47.98;52.50;47.60;52.28;2971861;149798032.00
20150724;51.85;53.99;50.00;50.21;3408431;177640992.00
20150727;48.05;50.50;45.19;45.19;2507723;120196912.00
20150728;42.58;45.60;41.00;42.81;1776475;76639520.00
20150729;44.00;47.09;42.80;47.09;1931990;86474960.00
20150730;47.95;50.60;47.00;47.65;2637014;129156152.00
20150731;43.50;48.51;43.00;45.45;3228902;145318928.00
20150803;44.00;45.28;41.10;42.00;1839630;79106688.00
20150804;42.76;45.16;42.02;45.16;1863247;81577240.00
20150805;44.58;48.60;44.50;47.50;2889945;134891968.00
20150806;46.11;47.90;46.01;46.80;1743769;81896848.00
20150807;47.30;49.75;47.30;49.17;2608914;127088096.00
20150810;49.33;52.36;49.00;52.01;2836305;142975968.00
20150811;51.49;53.50;50.56;52.60;2771338;143371264.00
20150812;54.00;57.86;53.65;57.86;7315792;417613440.00
20150813;57.70;63.65;55.97;63.65;7836592;463543232.00
20150814;64.50;68.59;61.81;65.00;4813994;308600192.00
20150817;62.00;62.99;58.50;58.50;3639338;215803984.00
20150818;57.00;59.03;52.65;52.65;4204157;234438368.00
20150819;50.10;53.75;47.51;52.81;3301914;168095568.00
20150820;51.99;54.18;50.25;50.25;2244134;116440048.00
20150821;48.51;49.50;45.23;45.23;2273956;107150640.00
20150824;42.00;42.40;40.71;40.71;1870400;76354392.00
20150825;36.64;38.75;36.64;36.64;3381075;124575728.00
20150826;37.00;39.48;35.41;37.07;3608464;135743712.00
20150827;38.56;39.50;36.00;38.74;2513101;96155256.00
20150828;39.45;42.00;38.18;41.26;3091024;121920872.00
20150831;40.47;40.47;37.29;37.29;1923680;75373928.00
20150901;37.00;37.00;33.56;33.56;2011150;69967944.00
20150902;31.01;35.25;31.00;31.90;1673709;55374108.00
20150907;32.60;34.69;32.50;33.50;1389055;46692560.00
20150908;33.25;36.50;32.88;36.35;1530910;53133412.00
20150909;36.83;38.54;36.41;38.25;2113023;79654080.00
20150910;37.20;38.05;36.50;36.69;1639656;60960796.00
20150911;36.60;37.58;36.30;37.45;1067825;39597804.00
20150914;37.45;37.74;33.71;33.71;1542523;54247220.00
20150915;32.01;32.85;30.50;30.54;1247488;39472932.00
20150916;30.70;33.59;30.70;33.59;1519663;48469416.00
20150917;33.61;34.98;32.72;32.80;1732348;58955952.00
20150918;32.90;33.88;32.51;33.50;1048348;34827968.00
20150921;33.00;35.67;32.60;35.55;1376846;47864624.00
20150922;35.97;37.76;35.75;36.50;2003016;73789608.00
20150923;35.98;37.69;35.58;37.20;1998950;73527000.00
20150924;37.35;38.40;37.27;37.67;1570022;59312692.00
20150925;37.61;37.82;34.53;34.91;1635637;58573028.00
20150928;35.40;37.00;34.96;37.00;1175215;42380184.00
20150929;36.10;36.78;35.80;36.65;1182425;42860732.00
20150930;36.65;37.65;36.10;37.05;1226855;45463972.00
20151008;38.45;39.55;38.10;38.70;1568650;60908600.00
20151009;38.35;39.80;38.35;39.58;1547918;60757136.00
20151012;39.99;41.95;39.80;41.41;1877752;77256000.00
20151013;41.00;41.52;40.58;41.30;1435998;58878112.00
20151014;41.05;41.64;40.10;40.35;1476146;60355176.00
20151015;40.34;44.39;40.34;44.39;2363552;100492960.00
20151016;44.85;45.48;44.00;44.58;2662198;118727488.00
20151019;44.00;44.55;42.91;43.63;2015136;87992784.00
20151020;43.81;45.70;43.66;45.52;2537075;113429152.00
20151021;45.50;45.50;40.97;40.97;2789129;120003208.00
20151022;41.18;43.40;40.81;43.10;2117563;88766096.00
20151023;43.59;46.00;43.20;45.41;2744469;123678600.00
20151026;46.30;46.49;44.44;45.58;2176414;99211472.00
20151027;45.70;45.70;42.10;45.59;1996264;88900088.00
20151028;45.32;46.50;44.51;44.76;1841395;84305688.00
20151029;45.79;45.99;44.52;45.45;1389483;63109304.00
20151030;45.47;47.30;45.00;46.21;2211381;102259864.00
20151102;44.80;49.95;44.04;47.19;3222925;153282048.00
20151103;47.07;49.50;46.31;48.75;2710581;130489016.00
20151104;49.50;51.50;49.20;51.00;2780126;140201424.00
20151105;50.00;52.90;49.98;50.70;2260718;115381976.00
20151106;50.90;54.96;50.90;54.38;2668192;140745968.00
20151109;53.49;57.68;52.52;55.80;3117961;172241232.00
20151110;55.50;57.19;53.31;56.80;2892999;160296848.00
20151111;56.00;61.36;55.70;60.96;3437442;202457984.00
20151112;62.09;65.76;59.51;63.00;4368958;270684256.00
20151113;61.14;61.98;56.70;56.70;4027198;235174032.00
20151116;53.40;57.49;53.00;56.70;2060982;114365872.00
20151117;57.70;58.70;54.18;54.25;2194057;124555880.00
20151118;54.29;55.85;53.12;53.15;1873956;102185488.00
20151119;53.72;56.55;53.30;56.38;1915979;104770912.00
20151120;56.52;57.55;55.39;56.90;2089454;117871608.00
20151123;56.81;57.30;54.45;54.60;1955831;109570272.00
20151124;54.80;59.98;54.50;59.20;2624189;150296080.00
20151125;59.40;61.55;58.88;60.05;2582300;155816064.00
20151126;60.67;63.30;58.57;59.24;2487560;151997440.00
20151127;58.90;61.88;56.80;58.10;2943674;176312224.00
20151130;58.41;63.91;58.41;63.91;3603362;221200752.00
20151201;64.09;65.58;60.03;62.65;3945552;250086688.00
20151202;61.25;61.88;56.51;59.00;2479002;147946176.00
20151203;58.85;62.68;58.85;62.67;2417503;147803408.00
20151204;62.58;62.96;59.51;61.20;2296185;141381664.00
20151207;61.37;61.49;59.30;60.74;1599021;96572416.00
20151208;60.55;62.20;59.00;61.05;1773342;107726592.00
20151209;60.20;60.74;56.74;57.40;2039154;119295544.00
20151210;56.55;58.10;56.00;56.04;1454038;82307080.00
20151211;55.45;56.62;55.45;55.85;915336;51241396.00
20151214;55.27;57.88;55.00;57.81;792035;44882748.00
20151215;57.70;59.28;57.20;57.72;1173611;68530192.00
20151216;58.28;60.28;57.72;59.15;1230755;73051696.00
20151217;60.00;61.41;59.66;61.32;1742748;105998648.00
20151218;61.30;61.49;59.23;59.75;1357125;81594080.00
20151221;59.69;60.80;58.86;60.12;1055868;63204504.00
20151222;60.15;61.30;59.46;60.80;876982;53034604.00
20151223;61.39;63.96;60.80;61.68;2436429;151943904.00
20151224;62.90;67.80;62.07;66.33;2904174;189710688.00
20151225;65.78;67.80;63.00;64.70;2513793;164696224.00
20151228;64.70;65.55;60.88;61.10;2087108;131193832.00
20151229;60.70;62.60;60.70;62.30;1015705;62563288.00
20151230;62.30;62.99;61.26;61.90;848609;52698812.00
20151231;61.92;62.76;60.30;60.34;1050658;64619988.00
20160104;59.79;59.79;54.31;54.31;1384404;77779760.00
20160105;50.80;54.50;49.18;52.05;1285386;67398952.00
20160106;52.60;55.28;52.00;54.61;1400997;75253120.00
20160107;52.99;53.00;49.15;49.15;319043;16243738.00
20160108;50.22;51.50;47.21;49.90;1304092;65356224.00
20160111;48.48;49.70;44.91;44.91;1420776;67027244.00
20160112;44.80;46.20;43.50;45.31;1299119;58728392.00
20160113;45.31;45.98;41.59;41.81;1369192;60349620.00
20160114;40.15;44.50;40.00;44.19;1257277;53476956.00
20160115;43.80;44.47;40.51;41.20;1163550;49517700.00
20160118;40.02;43.70;40.00;42.93;1195580;50513572.00
20160119;42.80;45.00;42.67;44.86;1554160;68552744.00
20160120;44.83;46.29;44.18;45.62;1526496;69283552.00
20160121;44.90;49.88;44.50;45.01;1831513;85633504.00
20160122;46.26;47.20;44.75;46.87;1254974;57856976.00
20160628;50.46;50.46;50.46;50.46;75037;3786367.00
20160629;55.51;55.51;55.51;55.51;28416;1577372.13
20160630;61.06;61.06;61.06;61.06;35320;2156639.25
