20141231;15.36;18.43;15.36;18.43;18050;331589.50
20150105;20.27;20.27;20.27;20.27;6050;122633.50
20150106;22.30;22.30;22.30;22.30;10300;229690.00
20150107;24.53;24.53;24.53;24.53;22200;544566.00
20150108;26.98;26.98;26.98;26.98;78500;2117930.00
20150109;29.68;29.68;29.68;29.68;252220;7485889.50
20150112;32.65;32.65;27.37;27.80;11599005;340895552.00
20150113;27.00;29.38;26.00;28.60;9486237;262107376.00
20150114;27.77;27.95;26.50;26.50;6593019;179561328.00
20150115;25.60;29.00;25.50;27.25;7457796;205126112.00
20150116;28.00;29.98;27.49;29.98;4993939;145718752.00
20150119;31.50;32.98;31.05;32.98;11230646;367511904.00
20150120;34.40;36.28;34.00;36.28;3994990;142848128.00
20150121;39.91;39.91;38.08;39.91;9951539;395067936.00
20150122;39.77;40.59;37.51;38.60;11292546;438317408.00
20150123;37.50;38.99;36.32;37.02;9392800;352605568.00
20150126;35.81;37.50;35.80;36.58;5604156;204399904.00
20150127;36.20;38.32;36.20;36.80;6370655;236777536.00
20150128;36.00;39.50;35.50;38.08;8988379;341115232.00
20150129;37.50;38.43;35.54;35.60;7013684;257213216.00
20150130;34.62;34.98;32.75;32.78;5960196;200581936.00
20150202;32.55;33.77;32.10;33.00;3059179;101343840.00
20150203;33.10;34.31;32.65;33.67;3872893;130080472.00
20150204;33.13;33.97;32.58;32.85;3776143;124641816.00
20150205;32.90;33.35;32.08;32.09;3364736;110235520.00
20150206;31.80;31.88;30.32;30.50;3028608;93412208.00
20150209;30.26;31.16;29.95;30.22;1992854;60748828.00
20150210;30.00;30.88;30.00;30.79;1699438;51741876.00
20150211;30.80;31.65;30.50;31.25;1980850;61741836.00
20150212;31.32;33.96;31.01;33.21;4921578;160590960.00
20150213;33.20;33.30;32.37;32.90;3590853;117756376.00
20150216;33.03;33.72;32.60;33.15;2792271;92469584.00
20150217;33.45;33.99;33.15;33.30;2714531;91106200.00
20150225;33.55;33.75;31.83;32.80;2170649;70388768.00
20150226;32.28;34.30;32.08;33.43;3406336;114478776.00
20150227;32.90;33.12;32.22;32.98;2135320;70018984.00
20150302;32.53;34.00;32.30;34.00;3173701;105106952.00
20150303;33.68;36.18;33.20;34.42;5084784;176484768.00
20150304;34.37;34.78;33.70;34.33;2710204;92496824.00
20150305;34.34;34.41;33.16;33.46;2320217;77716856.00
20150306;33.46;33.50;32.23;32.28;2051378;67015568.00
20150309;31.80;32.37;31.31;32.09;1325542;42239776.00
20150310;32.09;33.05;31.80;32.75;1732734;56643692.00
20150311;32.80;33.02;32.26;32.71;1534017;50171184.00
20150312;32.71;33.10;32.00;32.94;1410629;46079016.00
20150313;32.93;34.99;32.52;34.30;2277583;77219368.00
20150316;34.45;35.35;34.33;35.33;3174826;110614592.00
20150317;35.33;35.88;34.81;35.25;2821520;99552344.00
20150318;35.25;36.75;35.08;36.38;2535756;91310744.00
20150319;36.38;40.02;36.37;40.02;5208936;203692416.00
20150320;40.50;40.85;39.25;39.39;3644891;145023440.00
20150323;39.30;39.87;38.65;39.77;2288923;90050048.00
20150324;39.62;40.70;38.70;40.36;3011991;119791960.00
20150325;40.70;43.27;39.72;42.01;2994352;125724696.00
20150326;41.50;44.80;40.34;43.79;2995470;126006376.00
20150327;43.19;47.98;42.85;47.06;3048114;142136800.00
20150330;46.66;47.60;44.60;46.33;2744436;127766344.00
20150331;45.65;47.54;45.60;45.86;1546115;72006008.00
20150401;45.80;46.47;45.57;46.14;1139635;52327764.00
20150402;46.16;46.39;45.02;45.30;1481457;67901184.00
20150403;45.07;47.71;44.50;47.30;1560657;71696408.00
20150407;46.98;47.20;46.08;47.07;1303514;60837644.00
20150408;46.88;47.32;44.27;45.98;1134762;52291088.00
20150409;45.50;50.49;44.50;48.76;1841607;87242208.00
20150410;49.48;50.49;48.34;48.46;1379624;67761000.00
20150413;48.40;50.00;46.50;48.74;1807969;87147744.00
20150414;48.73;49.60;47.61;49.28;1051049;51362756.00
20150415;48.71;50.00;46.60;48.45;1407321;68034192.00
20150416;48.31;51.70;47.00;49.66;2055570;102768600.00
20150417;51.00;52.60;48.40;48.43;1371466;67760656.00
20150420;47.59;47.59;44.52;44.92;1623296;75209376.00
20150421;44.70;46.99;44.70;46.23;673257;31060742.00
20150422;46.66;47.48;46.35;46.80;1270078;59669672.00
20150423;50.88;51.48;49.00;51.48;4017616;201771840.00
20150424;51.26;51.28;48.38;49.70;2818754;140595216.00
20150427;50.20;50.50;48.81;48.98;1846390;91103904.00
20150428;49.45;49.45;45.30;45.75;2011711;94201288.00
20150429;44.75;46.99;43.58;46.19;1337966;61122976.00
20150430;46.22;48.35;45.50;46.99;2024841;95215520.00
20150504;47.10;48.48;45.00;47.67;1199093;56402776.00
20150505;47.67;48.18;46.50;46.72;1545820;73316720.00
20150506;46.72;47.50;45.92;46.10;1127049;52692376.00
20150507;46.10;47.38;45.27;45.71;797099;36765328.00
20150508;45.90;48.80;45.90;48.53;1526466;72391176.00
20150511;48.53;51.99;48.18;50.95;3641472;182480832.00
20150512;51.49;56.05;50.85;56.05;4968328;267144272.00
20150513;56.77;61.57;53.54;58.75;5107435;298229248.00
20150514;58.05;59.98;55.54;57.90;2783922;160720400.00
20150515;56.06;61.00;56.06;59.30;2323135;135674800.00
20150518;60.14;65.23;59.55;65.23;3064081;193695712.00
20150519;65.53;68.98;62.80;64.77;2984038;193181328.00
20150520;63.76;69.00;63.72;64.00;2711019;179122528.00
20150521;63.95;67.22;63.90;67.00;2520457;165369696.00
20150522;68.99;71.99;66.20;70.95;3067689;213853312.00
20150525;70.50;71.18;66.50;69.02;2824151;194759328.00
20150526;70.00;75.92;69.88;75.92;3222524;237465344.00
20150527;78.30;83.51;75.89;83.51;3306743;268449440.00
20150528;91.00;91.86;77.00;77.00;2350652;209442448.00
20150529;81.90;84.70;80.00;84.70;4333447;362176064.00
20150601;93.15;93.17;91.50;93.17;1402898;130673864.00
20150602;50.00;51.19;47.60;51.19;15148755;766542656.00
20150603;48.00;49.70;46.07;48.30;12168607;583553280.00
20150604;46.31;53.13;46.31;53.13;13361892;680059200.00
20150605;55.85;56.85;50.85;53.68;12255593;658369088.00
20150922;48.31;48.31;48.31;48.31;34500;1666695.00
20150923;43.48;43.48;43.48;43.48;7400;321752.00
20150924;39.13;39.13;39.13;39.13;98800;3866044.00
20150925;35.22;35.22;35.22;35.22;265000;9333300.00
20150928;31.70;31.70;31.70;31.70;666600;21131220.00
20150929;28.53;33.28;28.53;29.90;17354834;511998560.00
20150930;29.40;29.40;27.00;27.01;11606486;322079328.00
20151008;27.25;28.36;27.25;27.90;8570183;238056192.00
20151009;27.38;27.88;27.01;27.54;6399332;175604032.00
20151012;27.99;30.29;27.96;30.29;9369764;279151552.00
20151013;31.53;32.18;30.10;32.01;14382344;446963552.00
20151014;31.40;32.40;30.38;31.28;9374512;293258464.00
20151015;30.81;33.04;30.56;32.91;9891163;315023136.00
20151016;34.00;36.20;34.00;36.20;13046308;463603168.00
20151019;37.96;37.98;35.30;35.52;11230447;408427008.00
20151020;34.80;36.45;34.55;35.69;7066181;251161168.00
20151021;35.80;36.39;32.12;32.12;8930181;302716672.00
20151022;31.24;32.94;30.30;32.55;8533072;271548928.00
20151023;32.40;33.74;31.35;33.10;8002227;258626144.00
20151026;33.30;34.07;32.10;34.02;7448494;248600176.00
20151027;33.80;33.80;30.68;32.72;6241885;200999648.00
20151028;31.83;33.00;30.35;30.87;4850474;154646448.00
20151029;31.88;31.88;31.00;31.45;3196157;100336032.00
20151030;31.09;31.90;30.60;31.33;3416414;107251672.00
20151102;30.69;32.25;29.95;31.16;3443273;107875904.00
20151103;31.40;31.77;30.90;31.57;3061301;96130776.00
20151104;31.91;33.96;31.81;33.69;7435199;247000640.00
20151105;33.98;34.46;32.60;32.72;6575023;218998304.00
20151106;32.72;35.49;32.53;34.90;8400044;286407328.00
20151109;34.90;36.55;34.10;35.64;8968607;318238016.00
20151110;34.80;35.70;34.04;34.81;7465517;260463440.00
20151111;34.77;37.79;34.50;37.00;9293339;337683872.00
20151112;37.60;40.70;37.01;40.70;4639009;184252000.00
20151113;43.50;44.77;40.80;41.53;19288077;833755008.00
20151116;39.25;41.40;37.50;40.65;10638864;422154976.00
20151117;40.26;42.42;40.20;40.20;10290925;421698976.00
20151118;40.85;42.40;37.68;38.00;7829404;314183648.00
20151119;38.15;39.50;37.10;39.10;6077374;231574720.00
20151120;39.56;40.82;38.88;39.90;6769746;269398272.00
20151123;39.20;40.25;38.02;38.54;5285173;207344432.00
20151124;38.44;39.90;37.97;39.74;4585157;179915344.00
20151125;39.74;40.52;39.40;40.32;5550533;222577680.00
20151126;40.44;41.98;39.80;40.21;6515738;266362304.00
20151127;39.65;40.00;36.19;36.20;5800227;219858064.00
20151130;36.30;36.79;32.63;35.47;4612460;160827088.00
20151201;35.67;35.97;34.00;34.82;3573412;126508368.00
20151202;34.67;35.18;32.31;33.75;2517267;84529192.00
20151203;33.92;35.36;33.90;35.19;2736133;95036000.00
20151204;35.68;36.55;35.21;36.09;3915060;140406944.00
20151207;35.90;36.44;35.27;36.03;3060046;109703728.00
20151208;35.70;35.72;33.80;34.21;3036289;105191280.00
20151209;33.60;34.34;33.00;33.17;2577549;86478280.00
20151210;33.08;34.23;32.98;33.90;2664003;89339176.00
20151211;33.90;34.70;33.51;34.11;2424270;82944752.00
20151214;33.68;34.35;33.00;34.28;2441591;81904272.00
20151215;34.28;35.70;34.28;34.89;2448849;85878040.00
20151216;34.90;35.68;34.50;35.54;3320413;117008960.00
20151217;35.95;39.09;35.95;39.09;2595273;99124624.00
20151218;41.08;41.88;37.50;37.56;9693931;382687840.00
20151221;37.15;38.50;36.71;38.09;4764346;178764528.00
20151222;37.57;38.48;37.57;37.70;3098849;117431128.00
20151223;37.76;37.76;36.48;36.48;3217277;119172384.00
20151224;36.40;36.58;35.00;36.12;2706736;96849032.00
20151225;36.06;36.77;35.88;36.24;2011466;73085672.00
20151228;36.60;36.60;34.22;34.49;2951660;105678120.00
20151229;34.26;34.98;34.14;34.96;1771183;61187024.00
20151230;34.96;36.20;34.58;35.92;3004503;106400232.00
20151231;35.92;36.19;34.56;34.90;2331107;82380288.00
20160104;34.51;35.08;31.41;31.41;2020129;65847776.00
20160105;29.00;31.39;28.35;29.85;2564384;76777464.00
20160106;30.05;30.50;29.10;30.39;2455307;73491368.00
20160107;29.21;29.57;27.35;27.35;814628;22833888.00
20160108;27.81;28.45;25.03;26.79;2739516;74119568.00
20160111;25.93;26.19;24.11;24.11;2371644;59517572.00
20160112;23.73;24.99;23.26;24.55;1975881;47973576.00
20160113;24.70;24.98;22.58;22.67;1613368;38963484.00
20160114;22.00;23.80;21.50;23.72;1810701;41511404.00
20160115;23.59;23.73;22.04;22.15;1907234;43880932.00
20160118;22.17;23.50;21.52;23.19;1968451;45218808.00
20160119;23.18;24.28;23.08;24.05;2065728;48988660.00
20160120;23.64;26.46;23.64;26.46;6304730;163124528.00
20160121;25.72;26.20;23.86;23.88;5381646;136492448.00
20160122;24.43;24.46;22.60;24.05;3302641;78084552.00
20160125;23.79;25.15;23.79;24.35;2646607;64611496.00
20160126;24.00;24.00;21.92;21.92;2628079;60250660.00
20160127;22.00;22.25;19.90;21.11;2652441;55346864.00
20160128;20.50;20.98;19.31;19.31;1746504;35457964.00
20160129;19.32;20.50;19.10;20.21;2481995;49933272.00
20160201;20.20;20.27;19.20;19.80;1760892;34931424.00
20160202;19.84;21.04;19.80;20.90;4051629;83506784.00
20160203;20.51;20.87;20.01;20.76;3220079;65848944.00
20160204;20.97;21.70;20.84;21.39;4452986;94869576.00
20160205;21.25;21.60;20.80;20.83;3125918;66361744.00
20160215;19.72;20.73;19.60;20.48;2814615;57098520.00
20160216;20.69;21.93;20.65;21.85;5786494;123970840.00
20160217;21.78;23.80;21.58;23.30;8961904;200550160.00
20160218;23.00;23.22;22.12;22.60;8962444;202642144.00
20160219;22.50;22.80;22.16;22.53;5216837;117051112.00
20160222;22.75;24.78;22.75;24.78;12530405;304296128.00
20160223;24.75;26.35;24.31;25.97;14854429;378060128.00
20160224;25.45;25.97;24.66;25.41;8492681;215484736.00
20160225;25.32;27.08;23.60;24.16;12673851;326173568.00
20160226;24.60;25.12;23.56;24.38;9262898;225937424.00
20160229;23.59;24.27;22.12;23.95;8094544;190235584.00
20160301;23.88;26.35;23.23;26.35;7262605;180262848.00
20160302;27.65;28.99;26.75;28.09;13080833;363130240.00
20160303;27.58;30.50;27.38;29.25;11258410;323488736.00
20160304;28.53;28.89;26.33;26.33;8062417;221630528.00
20160307;26.28;28.96;26.03;28.96;8270815;231053664.00
20160308;29.00;29.70;27.51;28.87;8124024;232018112.00
20160309;27.69;28.30;27.00;27.08;5178126;143139056.00
20160310;27.18;27.73;24.37;25.20;5060140;133015448.00
20160311;25.78;27.27;25.13;26.95;5779629;152758704.00
20160314;27.45;28.70;26.86;27.54;6620353;184735648.00
20160315;27.60;28.13;26.60;26.83;4474779;122117904.00
20160316;27.77;27.99;26.48;27.15;4378807;119251240.00
20160317;27.41;28.80;27.02;28.50;6773712;189590640.00
20160318;28.55;30.10;28.50;29.07;7324775;214756176.00
20160321;29.20;30.69;29.20;30.59;7683138;231662880.00
20160322;30.00;32.25;29.67;31.09;6456622;202038096.00
20160323;30.80;31.68;29.90;31.44;5284501;161839376.00
20160324;30.82;30.88;29.60;29.71;5479372;165798320.00
20160325;29.70;30.65;29.30;30.08;3849008;115270032.00
20160328;31.01;33.09;31.01;31.88;9242002;299498944.00
20160329;31.05;31.39;30.20;30.87;4317778;133504152.00
20160330;31.20;32.88;31.20;32.26;4622703;148125024.00
20160331;32.41;32.64;31.38;32.13;3891289;124349680.00
20160401;32.11;33.44;31.11;33.24;5033719;163703216.00
20160405;33.24;33.86;32.34;33.55;5025817;167042592.00
20160406;33.55;33.88;32.85;33.11;3349058;111252064.00
20160407;33.51;33.58;31.45;31.59;3855972;124541496.00
20160408;31.16;31.90;30.76;31.69;2152663;67469632.00
20160411;31.79;32.55;31.00;31.79;3203811;102343768.00
20160412;31.58;31.71;30.44;30.86;1900001;58766528.00
20160413;30.35;33.23;30.35;32.80;5761141;187448768.00
20160414;32.49;33.23;31.89;32.75;3788475;122748632.00
20160415;32.88;32.88;31.80;32.35;2671165;85758696.00
20160418;32.02;32.30;31.07;31.60;1588298;49826740.00
20160419;31.61;32.30;31.20;31.76;2288170;72565352.00
20160420;31.86;32.11;28.98;28.98;3395457;102958328.00
20160421;29.20;29.45;28.01;28.59;1946764;56423736.00
20160422;27.82;29.17;27.82;29.10;1419733;40951852.00
20160425;29.21;29.96;28.78;29.56;1788404;52871720.00
20160426;29.25;31.40;29.25;31.39;2463450;74585352.00
