20150527;24.76;27.01;24.76;27.01;5200;139327.00
20150528;29.71;29.71;29.71;29.71;2100;62391.00
20150529;32.68;32.68;32.68;32.68;3900;127452.00
20150601;35.95;35.95;35.95;35.95;1100;39545.00
20150602;39.55;39.55;39.55;39.55;600;23730.00
20150603;43.51;43.51;43.51;43.51;4800;208848.00
20150604;47.86;47.86;47.86;47.86;5400;258444.00
20150605;52.65;52.65;52.65;52.65;5000;263250.00
20150608;57.92;57.92;57.92;57.92;9700;561824.00
20150609;63.71;63.71;63.71;63.71;28500;1815735.00
20150610;70.08;70.08;70.08;70.08;13900;974112.00
20150611;77.09;77.09;77.09;77.09;6100;470249.00
20150612;84.80;84.80;84.80;84.80;12500;1060000.00
20150615;93.28;93.28;93.28;93.28;49300;4598704.00
20150616;102.61;102.61;102.61;102.61;202183;20745998.00
20150617;112.87;112.87;112.87;112.87;356019;40183864.00
20150618;120.00;124.16;114.01;124.16;15614566;1881292544.00
20150619;117.07;135.00;116.50;122.00;9339339;1178435968.00
20150623;121.35;134.00;110.04;126.60;8443355;1052945792.00
20150624;133.49;138.00;115.23;118.00;7603842;956177664.00
20150625;112.00;118.11;106.20;106.20;6512388;722468864.00
20150626;99.00;99.79;95.58;95.58;2849828;275074048.00
20150629;88.53;90.79;86.02;86.02;5350176;462580480.00
20150630;79.12;89.88;77.42;86.10;5392282;446332032.00
20150701;82.50;94.12;77.49;77.49;5503499;479857568.00
20150702;78.00;81.80;73.10;74.65;4524698;352310400.00
20150703;70.20;78.99;68.70;72.75;3690682;267902224.00
20150706;80.03;80.03;65.48;65.48;3733844;270844800.00
20150707;61.00;62.13;58.93;58.93;1314377;77942632.00
20150708;53.04;53.98;53.04;53.10;4353066;231037072.00
20150709;53.00;58.41;53.00;58.41;2225963;127082880.00
20150710;64.25;64.25;63.13;64.25;886264;56915308.00
20150713;70.68;70.68;68.88;70.68;1000403;70631808.00
20150714;77.75;77.75;77.75;77.75;289359;22497662.00
20150715;78.39;79.99;70.88;72.55;4337519;328111040.00
20150716;65.30;79.81;65.30;75.45;2779296;208401760.00
20150717;75.01;82.96;73.50;80.50;4126452;324151840.00
20150720;77.01;84.50;77.01;81.17;2382906;194517232.00
20150721;79.64;87.00;78.20;84.31;1760839;147318208.00
20150722;84.90;85.85;81.70;84.00;1460482;122069088.00
20150723;84.61;92.40;83.96;92.40;2056911;182227216.00
20150724;94.22;98.80;88.88;89.99;2750520;259777136.00
20150727;86.41;88.86;80.99;80.99;2808489;238191952.00
20150728;72.89;79.88;72.89;72.89;2531089;187096816.00
20150729;75.00;76.67;66.19;76.00;2336981;166898512.00
20150730;74.78;79.91;71.00;72.80;2063591;157361168.00
20150731;69.11;74.80;68.21;70.00;1400693;99539272.00
20150803;68.50;70.88;63.00;63.08;1378859;90399368.00
20150804;63.63;68.30;62.80;68.30;2295708;148939376.00
20150805;67.16;72.80;66.51;69.51;2279587;157982496.00
20150806;67.00;69.88;66.07;67.13;1253653;85233752.00
20150807;69.00;73.84;67.75;72.70;2225183;158982448.00
20150810;73.20;78.60;71.95;77.48;1980550;148973984.00
20150811;77.00;79.98;75.73;76.68;1922175;148880400.00
20150812;75.50;76.60;71.61;71.65;1640218;121188408.00
20150813;70.00;72.30;69.07;72.20;1957069;138296096.00
20150814;72.55;73.36;71.21;71.80;1613445;116452696.00
20150817;72.04;72.04;66.06;68.90;1296906;88923552.00
20150818;67.82;69.49;62.18;62.33;1721842;113889896.00
20150819;60.01;63.72;58.10;63.09;1050325;63968120.00
20150820;62.00;62.60;59.71;59.81;1219340;74213360.00
20150821;55.66;58.99;55.66;55.90;1196774;68303640.00
20150824;51.65;55.60;50.31;50.31;1016409;51796732.00
20150825;45.48;49.70;45.28;45.28;1393483;64737632.00
20150826;46.20;49.81;44.11;46.20;2497340;119379032.00
20150827;47.50;49.57;44.80;48.25;1396595;66494232.00
20150828;49.00;51.27;47.81;51.19;1645793;81274536.00
20150831;50.18;50.19;46.07;46.07;1247514;59703844.00
20150901;44.51;44.98;41.46;41.46;997367;42650492.00
20150902;38.79;45.00;38.51;41.26;1371926;57655680.00
20150907;42.08;44.44;41.60;42.95;778221;33614680.00
20150908;42.20;46.56;42.15;46.50;1127124;50322880.00
20150909;47.41;49.90;46.41;48.78;1669544;80880880.00
20150910;48.33;48.58;47.04;47.06;774577;37115932.00
20150911;47.30;48.80;47.05;47.79;720249;34515540.00
20150914;48.20;48.48;43.01;43.01;753793;33871968.00
20150915;41.14;43.18;39.55;39.67;710517;29748220.00
20150916;40.86;43.64;39.88;43.64;641368;26802318.00
20150917;44.50;47.62;43.10;44.32;1309518;59647704.00
20150918;45.00;48.75;44.63;48.75;3560571;171780912.00
20150921;48.90;53.35;48.00;53.19;4487875;225546560.00
20150922;53.00;55.00;50.35;51.75;3687769;193695808.00
20150923;50.51;52.68;50.41;51.45;2286407;117708712.00
20150924;51.58;53.51;50.13;51.60;2621835;135765520.00
20150925;52.78;55.46;51.43;52.22;4457707;237661200.00
20150928;51.00;56.55;49.50;55.69;3543744;187903728.00
20150929;54.11;55.18;51.88;53.00;2843446;152463904.00
20150930;52.82;53.41;50.77;51.35;1448233;75070432.00
20151008;53.41;56.49;52.52;56.49;2913640;160975760.00
20151009;56.17;59.99;55.49;59.08;2829010;163373856.00
20151012;59.69;64.87;59.69;63.09;2119776;133232552.00
20151013;60.30;62.50;60.23;61.00;3229954;196946880.00
20151014;60.25;61.50;58.20;59.23;2408950;143939104.00
20151015;59.50;64.97;58.60;64.90;2536596;158112160.00
20151016;65.02;65.10;62.65;64.29;1983502;126899760.00
20151019;63.72;63.82;61.20;63.29;1753801;109831912.00
20151020;63.08;66.88;62.50;65.49;2147444;140051344.00
20151021;64.35;65.69;58.94;58.94;2267431;142118704.00
20151022;59.02;61.85;56.53;61.15;1862229;111607704.00
20151023;61.25;66.90;61.22;65.70;3176902;203726272.00
20151026;66.00;66.83;63.47;65.51;2401389;155638544.00
20151027;63.60;69.99;60.99;67.89;2035575;131301144.00
20151028;68.00;70.00;65.66;66.65;1933468;132080216.00
20151029;67.50;68.24;65.18;67.10;1461923;98040344.00
20151030;66.23;72.00;64.91;70.65;2295337;159149312.00
20151102;68.53;77.72;68.10;75.10;4386087;331420032.00
20151103;74.46;79.58;74.30;76.03;2562570;197563472.00
20151104;76.00;80.96;75.00;79.83;3128149;241946512.00
20151105;79.00;83.68;76.21;77.50;3169649;249991968.00
20151106;77.51;84.89;77.51;84.48;2410948;195280512.00
20151109;82.55;92.50;82.00;90.00;2420460;213076272.00
20151110;89.00;92.89;86.82;89.80;2140109;191815936.00
20151111;89.08;98.78;88.50;98.78;2498995;239050624.00
20151112;101.00;106.66;95.27;102.61;3771201;376726208.00
20151113;99.00;100.89;92.35;92.35;3626003;341907328.00
20151116;85.18;90.20;83.89;88.39;3208471;279359328.00
20151117;89.88;91.47;80.50;81.67;4330058;373517856.00
20151118;81.65;82.90;78.58;79.00;3414853;274357312.00
20151119;79.90;84.20;78.81;84.15;3519013;286485184.00
20151120;84.44;85.50;81.05;83.50;3136131;260978112.00
20151123;83.18;84.50;80.03;81.30;2691864;221561968.00
20151124;81.50;89.43;80.21;89.43;4147048;356244064.00
20151125;88.01;93.88;88.01;90.00;4412848;401470336.00
20151126;89.97;93.72;88.52;92.76;3294385;301268736.00
20151127;95.00;102.04;93.50;97.00;6769938;671057344.00
20151130;100.00;106.70;97.01;106.70;7377782;757550080.00
20151201;105.98;109.00;96.03;96.03;5347352;545667712.00
20151202;91.88;93.10;86.43;88.54;4382888;390258496.00
20151203;89.33;94.56;89.01;93.00;2940258;269936160.00
20151204;91.50;97.00;91.02;93.61;2886101;272582464.00
20151207;93.60;98.01;91.60;96.28;2580475;246335984.00
20151208;96.00;100.50;93.80;98.44;2972111;290389184.00
20151209;96.90;97.89;91.00;91.30;2762351;258708944.00
20151210;89.60;91.80;87.88;88.27;2033606;181770224.00
20151211;88.00;90.00;84.60;84.72;1719252;150840704.00
20151214;82.50;88.90;81.66;87.39;1658438;138857552.00
20151215;87.00;89.10;86.80;87.32;1228800;107977288.00
20151216;88.30;92.50;88.09;89.85;1734760;157006992.00
20151217;90.00;94.70;90.00;93.61;2056244;189785696.00
20151218;92.92;94.51;90.00;90.30;1496035;136895632.00
20151221;89.40;90.15;86.60;89.45;1336123;118219512.00
20151222;89.55;91.98;89.01;91.14;1130849;102208504.00
20151223;91.27;92.50;89.01;89.98;1540824;139879920.00
20151224;89.48;91.86;88.01;91.86;1762130;158995600.00
20151225;92.36;96.60;91.40;92.74;2529788;237694528.00
20151228;91.62;92.40;85.50;85.50;2875722;254756272.00
20151229;85.52;86.55;84.58;86.10;1291836;110653256.00
20151230;86.13;88.00;85.60;86.66;859174;74685464.00
20151231;87.00;87.50;82.89;83.08;1153248;97946960.00
20160104;82.30;82.49;74.77;74.77;1546059;119634904.00
20160105;69.00;74.77;67.40;68.70;1960983;138743856.00
20160106;70.76;72.69;68.50;72.60;1986219;141111120.00
20160107;71.23;71.23;65.34;65.34;441900;29594518.00
20160108;65.80;67.20;60.10;65.00;2599530;167861984.00
20160111;62.00;62.79;58.50;58.50;1987450;119101888.00
20160112;57.71;60.06;56.50;58.34;1951046;113933360.00
20160113;59.08;59.97;53.60;53.80;2843992;160101184.00
20160114;51.13;57.90;51.13;57.05;3068231;169221648.00
20160115;56.03;59.37;54.88;55.89;2929210;167120288.00
20160118;53.88;59.38;53.82;57.85;2142179;123045088.00
20160119;57.63;60.81;57.00;60.66;2427612;142743824.00
20160120;60.07;61.18;59.01;59.36;2046290;122494440.00
20160121;58.20;62.50;58.00;58.08;2823432;170037504.00
20160122;58.73;61.30;57.66;60.20;2242855;133351224.00
20160125;61.20;61.68;58.09;59.41;1857081;111531080.00
20160317;53.47;62.40;53.47;60.85;6819853;379577376.00
20160318;58.60;63.29;57.50;61.48;6590283;397894976.00
20160321;62.36;67.63;61.20;67.63;5804387;371677408.00
20160322;66.08;67.40;64.88;64.99;3324534;219761632.00
20160323;64.00;68.50;64.00;66.42;3057202;202590416.00
20160324;65.51;66.69;63.80;63.85;2599612;169087200.00
20160325;63.01;64.70;62.89;63.33;1851381;117761664.00
20160328;63.90;65.20;60.61;61.00;2313099;145722736.00
20160329;61.00;61.00;57.14;58.00;2119289;124077496.00
20160330;58.61;61.60;57.00;61.48;2301329;137334896.00
20160331;62.00;64.38;61.86;62.70;2722698;171857280.00
20160401;62.02;63.80;60.64;61.71;2050342;127015816.00
20160405;61.89;65.25;61.60;64.46;2342712;149147648.00
20160406;64.49;66.90;63.85;65.08;2530935;165613680.00
20160407;65.70;67.44;64.48;64.50;2961714;195798352.00
20160408;63.00;63.93;61.50;62.29;2332509;145419120.00
20160411;62.80;65.50;62.58;64.73;2164614;139611472.00
20160412;63.80;64.92;61.05;61.81;2410347;150433168.00
20160413;62.06;64.16;62.06;62.52;2295930;145698016.00
20160414;63.35;65.50;63.25;65.39;2659248;171262800.00
20160415;66.01;68.65;65.50;67.27;3616787;243266128.00
20160418;67.00;67.08;63.50;64.30;2526664;162636064.00
20160419;64.61;67.11;64.61;67.11;2862355;188313248.00
20160420;67.30;67.58;60.40;60.40;3752411;236725392.00
20160421;60.00;61.14;55.00;56.00;2554939;150426128.00
20160422;55.79;57.99;55.79;57.76;1392727;79581000.00
20160425;56.50;56.50;55.02;55.63;1864615;103874792.00
20160426;56.00;56.51;55.40;56.51;1507614;84202696.00
20160427;56.50;57.11;55.40;55.51;1174527;66317704.00
20160428;55.60;56.16;52.50;55.80;1420011;77623024.00
20160429;55.00;56.30;54.28;54.50;1030187;57018300.00
20160503;55.00;57.57;54.50;57.30;1466900;82973680.00
20160504;57.50;59.07;57.01;58.41;1690001;98230600.00
20160505;58.00;59.71;57.41;59.00;1567486;91671304.00
20160506;59.01;59.61;55.32;55.55;2317025;132596840.00
20160509;54.67;54.67;52.50;52.71;1318809;70156584.00
20160510;52.60;53.45;52.50;52.94;649962;34443564.00
20160511;53.11;53.60;50.60;50.66;970035;50443116.00
20160512;49.70;49.99;47.00;49.00;1403499;68125000.00
20160513;48.76;49.77;47.77;48.59;838723;40974144.00
20160516;48.48;49.80;48.00;49.61;903194;44488212.00
20160517;50.47;51.48;49.00;50.30;1079625;54131916.00
20160518;48.84;49.70;45.80;46.58;1711399;81118144.00
20160519;46.89;51.24;46.58;51.24;1739426;86875528.00
20160520;51.66;55.74;51.24;54.37;4603372;247235440.00
20160523;53.90;55.49;53.40;54.25;3377661;183130896.00
20160524;54.09;54.09;52.46;52.98;2014473;106967184.00
20160525;53.16;55.47;53.16;53.49;2810389;152808144.00
20160526;52.57;53.84;50.05;53.71;2393898;124210808.00
20160527;53.70;56.29;52.70;55.09;3043555;166989696.00
20160530;54.04;56.48;52.71;54.22;2303349;126616864.00
20160531;53.97;59.64;53.51;59.64;4560651;265460064.00
20160601;61.16;65.60;60.18;65.02;7360516;467022784.00
20160602;65.51;71.52;65.49;71.52;8928530;612193408.00
20160603;71.52;75.97;69.76;73.51;7288380;527006112.00
20160606;72.50;76.74;71.00;73.01;4454880;328817088.00
20160607;73.90;80.31;72.68;80.31;4451209;342851136.00
20160608;80.88;82.75;76.70;78.00;4659652;368474080.00
20160613;75.91;85.80;75.91;78.46;6029025;494136864.00
20160614;79.08;83.44;72.50;77.80;6760036;522633792.00
20160615;75.40;85.58;75.40;83.72;6555156;534878528.00
20160616;82.32;83.49;77.70;78.28;6806636;548538240.00
20160617;77.81;83.56;77.05;80.00;5849562;467885824.00
20160620;80.00;88.00;78.02;88.00;5647859;470165408.00
20160621;89.60;90.18;80.55;80.90;6595957;560143168.00
20160622;79.58;81.01;77.05;81.01;4198857;331941536.00
20160623;80.98;80.98;76.58;77.30;3223038;251814992.00
20160624;76.80;82.29;73.51;79.76;4977724;391699072.00
20160627;79.40;84.20;79.01;83.00;4106108;338889760.00
20160628;82.51;84.11;79.70;81.37;3855667;312232832.00
20160629;81.22;83.80;80.00;81.80;3741019;307268704.00
20160630;80.81;81.35;74.85;75.67;5031234;392565408.00
