20150326;17.68;21.21;17.68;21.21;19200;404234.00
20150327;23.33;23.33;23.33;23.33;4000;93320.00
20150330;25.66;25.66;25.66;25.66;5400;138564.00
20150331;28.23;28.23;28.23;28.23;9200;259716.00
20150401;31.05;31.05;31.05;31.05;18800;583740.00
20150402;34.16;34.16;34.16;34.16;28700;980392.00
20150403;37.58;37.58;37.58;37.58;67249;2527217.50
20150407;41.34;41.34;41.34;41.34;49500;2046330.00
20150408;45.47;45.47;45.47;45.47;108600;4938042.00
20150409;50.02;50.02;50.02;50.02;346789;17346386.00
20150410;55.02;55.02;55.02;55.02;989311;54431892.00
20150413;59.00;60.52;58.05;60.52;9890230;588522304.00
20150414;58.02;59.97;58.01;58.95;5663407;334416736.00
20150415;58.60;58.68;53.37;53.53;4535659;252955776.00
20150416;52.27;54.87;50.51;53.37;2578095;136026416.00
20150417;54.02;55.50;53.34;53.53;2234613;120970240.00
20150420;53.10;54.40;52.48;53.01;2187372;116547352.00
20150421;53.02;55.15;53.02;54.71;2329800;126547976.00
20150422;54.92;55.83;54.60;54.90;2122412;116858184.00
20150423;55.00;55.49;54.05;54.42;1610385;87794952.00
20150424;53.40;54.20;52.90;54.04;1604442;85855120.00
20150427;54.33;56.48;54.33;56.08;2647912;146212384.00
20150428;55.38;56.49;54.30;54.90;1898981;104659328.00
20150429;54.80;58.37;54.41;57.07;3186600;180553120.00
20150430;56.80;58.05;56.11;56.40;2567253;146673552.00
20150504;55.90;56.10;54.51;55.85;1361696;75477176.00
20150505;55.85;57.99;55.85;56.82;2039296;116221288.00
20150506;56.50;59.00;56.50;57.66;3181267;184902064.00
20150507;56.88;56.88;52.53;52.90;2147019;117688048.00
20150508;53.65;56.08;53.63;55.95;1958572;107206608.00
20150511;56.16;61.55;56.11;61.55;4415265;262640896.00
20150512;64.60;65.30;61.66;62.97;4847607;309064928.00
20150513;60.00;65.41;59.09;62.98;4121920;256154192.00
20150514;61.98;69.28;61.94;69.28;4823431;324529696.00
20150515;70.00;76.21;67.68;74.99;5384586;395108416.00
20150518;73.96;82.49;73.00;82.49;5170530;409069760.00
20150519;86.50;88.45;77.30;79.13;5486643;446859264.00
20150520;79.07;82.84;78.00;78.00;4153788;333206944.00
20150521;77.40;80.26;74.00;78.65;3483565;268165680.00
20150522;78.81;80.99;76.00;79.50;3655231;287679680.00
20150525;77.40;87.45;75.05;87.45;4900697;406511680.00
20150526;90.28;96.20;88.45;96.19;4136353;384602720.00
20150527;96.14;105.81;92.68;105.80;4724043;473785248.00
20150528;103.00;115.98;95.22;95.23;6072500;664753728.00
20150529;89.10;97.00;85.58;89.01;5388159;486109184.00
20150601;88.08;90.26;81.00;85.49;3940891;336227552.00
20150602;85.65;86.65;81.88;85.75;3422764;289761056.00
20150603;86.50;89.60;84.01;88.85;3213952;281750112.00
20150604;88.85;88.85;79.97;79.98;3080638;252109808.00
20150605;81.50;82.80;75.09;77.44;2930976;231856896.00
20150608;77.44;77.50;71.26;71.30;3225385;236091840.00
20150609;71.20;74.50;70.11;73.10;1907847;138729344.00
20150610;73.05;77.98;72.14;76.59;2540453;193299600.00
20150611;77.39;79.54;76.00;78.99;2265140;176551984.00
20150612;79.01;79.58;75.08;75.20;2330794;179065552.00
20150615;73.50;73.60;67.68;67.68;2615905;182690480.00
20150616;66.50;68.98;62.25;68.98;2300140;151513424.00
20150617;68.00;71.40;67.11;71.17;1775221;123584472.00
20150618;70.05;70.05;64.05;64.05;1541833;104324440.00
20150619;62.08;64.99;60.22;60.33;1320017;82383536.00
20150623;61.90;64.83;60.77;64.83;1711475;107342624.00
20150624;65.50;67.69;64.22;67.55;2126760;141164800.00
20150625;67.00;67.88;62.58;63.35;1475032;97048880.00
20150626;61.02;61.98;57.02;57.02;1852745;109035440.00
20150629;58.00;58.59;51.32;51.32;1777118;95737896.00
20150630;50.01;54.56;46.19;54.20;2249607;112958904.00
20150701;53.88;56.80;50.00;50.20;2224726;120883512.00
20150702;50.02;51.98;46.75;47.55;1729221;85552680.00
20150703;46.67;49.38;42.88;44.20;1898112;86511944.00
20150706;48.62;48.62;40.00;43.13;2177911;97881264.00
20150707;41.00;41.77;38.82;38.82;1075813;42553176.00
20150708;34.94;36.49;34.94;34.94;2653470;93437488.00
20150709;34.20;38.43;34.20;38.43;1911805;71415408.00
20150710;41.50;42.27;40.00;42.27;684608;28534936.00
20150713;46.50;46.50;46.50;46.50;376013;17484604.00
20150714;51.15;51.15;49.50;51.15;4334327;220224192.00
20150715;49.00;49.85;46.04;46.04;2369649;111607112.00
20150716;42.10;49.40;42.10;47.00;1429702;65902040.00
20150717;47.00;51.28;47.00;50.70;1823207;90129816.00
20150720;50.33;52.28;48.70;50.20;2251692;113135352.00
20150721;49.10;51.48;48.90;50.75;1924891;96498776.00
20150722;50.49;51.50;48.80;49.92;2200902;110566664.00
20150723;50.00;54.91;49.62;54.91;4031174;212999136.00
20150724;54.70;57.00;52.05;53.26;3988416;219620736.00
20150727;52.30;54.34;47.93;47.93;2628014;134965712.00
20150728;43.81;47.79;43.14;44.31;2243262;100119608.00
20150729;45.26;48.72;42.20;48.05;1906588;85677528.00
20150730;47.65;50.80;46.50;46.88;2081029;101606024.00
20150731;45.47;49.18;45.23;47.50;1715973;81029816.00
20150803;47.00;47.48;42.84;43.82;1540574;69305408.00
20150804;45.00;48.00;44.02;47.75;1700148;77950152.00
20150805;48.00;50.39;47.00;49.70;2349608;114901048.00
20150806;48.80;54.08;48.20;52.80;3220626;167123568.00
20150821;47.52;47.52;47.52;47.52;211200;10036224.00
20150824;42.77;42.77;42.77;42.77;52200;2232594.00
20150825;38.49;38.49;38.49;38.49;399900;15392151.00
20150826;34.71;39.96;34.64;34.65;3388338;121481128.00
20150827;35.33;36.60;31.50;35.10;2032887;70273880.00
20150828;35.53;37.68;34.12;37.15;2303137;81994184.00
20150831;36.80;36.80;34.37;34.60;1340698;47347532.00
20150901;34.10;34.20;31.14;31.14;1375843;44026368.00
20150902;28.82;32.68;28.82;29.40;1469132;45364380.00
20150907;30.00;32.34;30.00;31.15;1398481;43704572.00
20150908;30.77;34.26;30.70;34.20;1849611;60033472.00
20150909;34.63;36.20;34.30;35.88;1990556;70420792.00
20150910;35.00;35.71;34.60;34.60;1205207;42267808.00
20150911;34.65;35.50;34.28;34.86;868183;30333770.00
20150914;34.86;35.00;31.37;31.37;1430100;46959316.00
20150915;30.49;30.90;28.89;29.19;1102824;32905272.00
20150916;29.24;32.11;29.21;32.11;1413227;43245496.00
20150917;31.68;33.68;31.11;31.50;1504536;49008864.00
20150918;31.80;32.67;31.33;32.40;953557;30525560.00
20150921;32.50;34.43;32.16;34.43;1546653;51850252.00
20150922;34.93;36.36;34.58;35.25;2069698;73429920.00
20150923;34.45;35.99;34.20;35.60;1471732;52053736.00
20150924;36.21;36.99;35.48;35.66;1507774;54563116.00
20150925;35.24;35.81;33.10;33.69;1251645;43061220.00
20150928;33.62;35.78;33.62;35.54;922385;32142548.00
20150929;34.80;35.30;34.20;34.68;720445;25044906.00
20150930;34.87;35.65;34.51;35.41;1037800;36520608.00
20151008;36.91;37.78;36.38;37.30;1506872;56112412.00
20151009;37.29;37.82;37.01;37.72;1080885;40543508.00
20151012;38.01;40.38;38.01;40.08;1384243;54850576.00
20151013;39.60;41.85;39.31;41.74;1440284;58149624.00
20151014;41.70;41.88;40.30;40.79;1364940;55947732.00
20151015;40.12;43.45;40.12;43.22;1530308;64044976.00
20151016;43.52;44.18;42.00;43.26;1654913;70966672.00
20151019;42.82;43.39;41.10;42.10;1724654;72930472.00
20151020;42.47;43.85;42.15;43.79;1436463;61788996.00
20151021;43.51;45.00;39.41;39.50;2175074;92515080.00
20151022;39.50;41.49;39.10;41.38;1600288;64962496.00
20151023;41.60;43.30;41.39;43.10;1422630;60687932.00
20151026;43.93;44.68;43.33;44.15;1839886;81179824.00
20151027;44.16;46.46;42.03;45.90;1678583;74360296.00
20151028;45.51;46.82;44.79;45.25;1725826;79076744.00
20151029;46.69;46.70;44.39;45.78;1221537;55522408.00
20151030;45.52;46.70;44.70;45.50;1244437;57054360.00
20151102;44.68;50.05;44.00;48.08;3203132;155354304.00
20151103;47.90;50.19;47.51;49.36;2318646;113308384.00
20151104;49.30;51.89;49.10;51.46;2118179;107070736.00
20151105;51.00;55.10;50.46;52.27;2076906;109266544.00
20151106;52.27;57.50;52.27;57.50;2361784;130854824.00
20151109;58.01;61.54;56.52;60.00;3630443;215423632.00
20151110;59.03;65.50;58.02;64.11;2787473;169141712.00
20151111;63.03;70.52;62.36;70.52;3348449;226417728.00
20151112;71.61;77.56;69.80;75.02;4560768;330042240.00
20151113;72.91;72.91;67.52;67.52;4769075;327378560.00
20151116;64.00;67.55;63.27;66.15;2574834;168817184.00
20151117;67.30;69.00;63.51;63.88;2706799;181352256.00
20151118;63.08;64.30;59.10;59.63;1996130;123444024.00
20151119;60.40;63.41;60.10;63.22;2008423;124539536.00
20151120;64.49;64.58;61.66;63.25;2235802;141375408.00
20151123;63.20;64.00;61.30;61.32;1532563;95722712.00
20151124;61.51;67.00;61.36;66.69;3381747;216329200.00
20151125;66.20;69.47;65.81;67.95;3044957;206751664.00
20151126;67.88;70.00;66.00;66.98;2340356;159686912.00
20151127;65.80;68.50;61.85;62.83;2553667;165755952.00
20151130;62.83;68.24;61.08;67.98;2728641;176265680.00
20151201;68.17;70.50;65.00;66.81;3397268;232346096.00
20151202;65.96;66.66;60.70;62.88;1964627;124032672.00
20151203;63.50;69.17;63.01;69.11;2755042;183654912.00
20151204;68.67;69.50;66.43;67.81;2642918;180366352.00
20151207;68.88;71.10;67.01;70.59;2347549;161640784.00
20151208;70.00;71.48;68.35;69.56;2194281;153156448.00
20151209;68.52;69.40;65.56;65.95;1737824;116375656.00
20151210;65.81;66.70;63.13;64.15;1347541;87053056.00
20151211;64.19;64.90;63.20;63.80;848398;54190852.00
20151214;63.00;65.59;62.80;65.40;1011426;64826576.00
20151215;65.05;66.50;64.80;64.86;946205;62190220.00
20151216;65.11;67.50;65.11;66.20;1210548;80483592.00
20151217;66.20;69.80;66.16;69.00;2293475;157140480.00
20151218;68.90;69.50;67.10;67.35;1614982;109697888.00
20151221;67.60;73.99;67.35;73.90;3800828;270505056.00
20151222;73.62;74.92;71.80;74.19;1988802;145433408.00
20151223;74.66;77.40;71.50;71.59;2458593;183505984.00
20151224;78.75;78.75;78.75;78.75;295270;23252512.00
20151225;86.63;86.63;81.51;83.73;8407904;710424192.00
20151228;83.60;83.97;78.81;79.62;4778870;388275648.00
20151229;80.04;84.40;80.04;83.90;4261114;351656384.00
20151230;83.95;83.98;78.60;79.60;4066373;326627616.00
20151231;79.03;79.60;76.00;76.54;2460831;190485008.00
20160104;76.40;76.40;68.89;68.89;1836520;132704976.00
20160105;63.27;71.96;63.27;69.92;3134695;213287600.00
20160106;70.71;74.17;68.70;73.12;2992488;213980192.00
20160107;71.00;71.50;65.81;65.82;684700;46921040.00
20160108;68.00;71.18;63.36;69.22;2697824;185427824.00
20160111;67.00;71.88;64.06;64.83;2472393;167935824.00
20160112;64.86;67.19;64.00;64.89;1885308;123558880.00
20160113;65.35;66.68;58.40;58.40;2587282;161011264.00
20160114;55.00;61.50;53.60;61.01;2271651;132388296.00
20160115;60.70;60.80;56.00;56.91;1867952;109584776.00
20160118;56.87;61.48;56.00;59.70;1766198;104611600.00
20160119;59.69;62.89;59.50;62.71;1957069;120229336.00
20160120;62.00;68.98;61.55;65.99;3468570;229586736.00
20160121;64.80;67.45;62.00;62.00;2793401;181533280.00
20160122;63.00;67.50;62.31;67.27;2926182;191306288.00
20160125;68.48;68.87;66.58;68.50;2853213;193789680.00
20160126;67.88;70.58;63.70;63.70;3068504;206563136.00
20160127;64.01;65.94;60.02;65.69;2657863;168969920.00
20160128;64.51;65.75;59.50;59.78;2292721;143191072.00
20160129;59.00;62.90;58.20;61.70;1698167;103809000.00
20160201;61.60;62.50;57.01;59.37;1266743;76554512.00
20160202;58.40;62.40;58.40;61.20;1404803;86144936.00
20160203;60.20;61.30;59.40;60.76;1069868;64382340.00
20160204;60.94;63.54;60.94;63.04;1645282;103189024.00
20160205;62.99;64.96;62.70;62.97;1393291;88637848.00
20160215;60.47;62.89;59.03;62.20;1038666;63428068.00
20160216;62.87;66.45;62.38;65.50;1639592;106522728.00
20160217;65.30;69.70;64.50;68.50;2232962;149298192.00
20160218;68.50;72.88;67.52;69.03;3432030;240040464.00
20160219;68.23;69.60;68.10;68.80;1893168;130275904.00
20160222;69.60;71.88;68.99;70.55;1784957;125591808.00
20160223;70.01;72.27;68.00;69.88;1927089;135623408.00
20160224;69.11;70.00;64.81;67.55;1967781;132131480.00
20160225;67.45;67.45;60.99;62.07;2203897;138989584.00
20160226;63.00;63.68;60.65;62.40;1148317;71948840.00
20160229;62.20;62.65;57.10;57.68;1246611;73080888.00
20160301;58.00;60.45;56.20;59.33;1276781;74519144.00
20160302;59.49;61.98;58.80;61.62;1258602;75962056.00
20160303;61.00;62.39;60.30;60.31;1262908;77583224.00
20160304;59.31;59.80;54.60;54.95;1575030;89618472.00
20160307;55.75;58.00;55.28;55.99;1047332;59373904.00
20160308;55.97;55.97;52.12;55.45;1149201;61862184.00
20160309;53.50;55.20;53.00;53.60;653387;35331572.00
20160310;53.12;55.53;53.12;53.42;802849;43555344.00
20160311;52.40;55.00;52.33;53.87;727252;38963412.00
20160314;54.59;58.39;54.58;57.15;1634944;93036128.00
20160315;56.94;57.48;55.36;55.88;963000;54428016.00
20160316;56.80;57.64;54.29;54.60;823196;45685400.00
20160317;55.01;57.60;54.69;57.09;1348657;76296240.00
20160318;57.50;61.13;57.38;60.84;2242448;133133752.00
20160321;61.22;62.50;60.00;61.97;2046603;125963296.00
20160322;61.56;64.60;61.00;63.55;2318645;145138656.00
20160323;62.84;65.82;62.29;65.82;2064456;131974784.00
20160324;64.80;71.50;64.56;67.19;3981356;270819392.00
20160325;66.15;67.78;64.25;65.54;2288458;151238224.00
20160328;65.74;69.50;65.74;66.70;2299687;155525504.00
20160329;66.81;68.80;64.50;66.78;2143298;143909408.00
20160330;67.50;73.46;67.01;73.46;3550358;251652688.00
20160331;74.40;79.00;73.50;74.35;3867409;292862752.00
20160401;73.05;78.98;73.00;77.28;3495959;266528720.00
20160405;77.36;79.80;76.01;77.90;2288682;179080256.00
20160406;77.49;85.69;77.01;85.69;2988293;244538080.00
20160407;85.69;87.88;83.01;84.20;3246641;277362112.00
20160408;82.20;85.42;77.51;79.90;3191437;261539184.00
20160411;82.99;83.44;80.00;80.50;2268114;184966448.00
20160412;80.90;81.90;74.10;75.81;2884267;222926112.00
20160413;76.95;83.39;75.31;81.33;3506900;281965920.00
20160414;82.00;82.88;75.90;78.75;4388431;345788768.00
20160415;77.74;78.50;76.21;77.50;2047820;158856256.00
20160418;76.76;78.75;76.11;77.30;1673045;129423376.00
20160419;77.99;78.76;76.05;77.00;1490858;115543688.00
20160420;76.62;78.10;69.53;70.81;2737485;201367376.00
20160421;70.00;71.48;68.27;68.48;1508164;105918264.00
20160422;68.60;70.73;68.01;70.73;1312824;91544016.00
20160425;70.52;70.79;67.80;69.26;1224513;84860640.00
20160426;69.88;72.68;69.26;71.99;1627452;115987984.00
20160427;72.00;72.66;70.39;70.50;1201266;86123336.00
20160428;70.65;72.10;69.11;71.73;1223447;86582800.00
20160429;71.49;73.88;71.00;73.12;1534376;111396896.00
20160503;73.16;75.84;72.10;75.71;1556930;115905568.00
20160504;75.84;79.90;75.10;77.90;2165860;169807184.00
20160505;77.90;83.69;77.68;82.71;2789564;226199392.00
20160506;83.25;83.80;77.00;77.25;3114944;248933584.00
20160509;75.77;78.98;75.35;77.95;2358421;183174624.00
20160510;77.57;77.78;74.50;75.38;1736278;131592888.00
20160511;77.93;78.18;69.50;69.50;2634645;193005008.00
20160512;67.48;70.77;64.80;70.77;1710085;115120272.00
20160513;68.31;70.45;67.03;67.28;2030720;138739248.00
20160516;22.00;22.20;20.68;21.17;5371410;113889176.00
20160517;21.37;23.29;21.17;22.11;7547341;170576656.00
20160518;21.20;21.39;19.90;19.93;6394483;130500816.00
20160519;20.00;20.62;19.81;19.81;3992328;80648040.00
20160520;19.13;19.68;18.85;19.59;3775269;72536224.00
20160523;19.63;20.50;19.63;20.04;3584353;72201888.00
20160524;20.45;20.45;19.81;19.96;2603656;52101504.00
20160525;20.20;20.38;19.12;19.30;4091752;80729976.00
20160526;19.11;19.49;18.57;19.43;3398175;64725292.00
20160527;19.50;19.89;19.17;19.24;3111132;60738540.00
20160530;19.15;19.20;18.60;18.83;2346029;44427780.00
20160531;19.00;19.88;18.98;19.80;4455711;87433336.00
20160601;20.00;21.70;19.90;21.37;7449917;155328592.00
20160602;21.37;21.87;20.70;21.30;6660824;140840576.00
20160603;21.25;21.85;21.11;21.33;5196706;111400368.00
20160606;21.20;21.47;20.62;20.91;4021064;84400760.00
20160607;20.93;21.28;20.71;21.27;3578356;75305160.00
20160608;21.45;22.98;20.71;21.96;5256115;112540208.00
20160613;21.51;23.98;21.21;21.40;8319068;186418208.00
20160614;21.19;22.50;21.10;22.00;5150732;111986848.00
20160615;21.43;22.83;21.43;22.55;6151280;137657376.00
20160616;22.35;22.75;21.73;21.81;5536971;122238016.00
20160617;21.82;22.08;21.35;21.40;4328937;93903048.00
20160620;21.20;21.30;19.28;20.53;5148228;105249528.00
20160621;20.82;20.83;19.90;20.08;3534550;71998600.00
20160622;19.97;20.57;19.92;20.56;2659068;53939156.00
20160623;20.57;20.83;20.21;20.28;3457169;70971168.00
20160624;20.37;20.57;19.27;19.90;3489934;69807504.00
20160627;19.80;20.39;19.78;20.37;2977864;60157732.00
20160628;20.30;20.79;20.20;20.76;4206324;86346448.00
20160629;20.92;20.97;20.56;20.88;3559634;73861744.00
20160630;20.88;20.96;20.53;20.64;3137869;65050276.00
