20150630;12.06;13.15;12.06;13.15;9900;129640.00
20150701;14.47;14.47;14.47;14.47;2300;33281.00
20150702;15.92;15.92;15.92;15.92;8200;130544.00
20150703;17.51;17.51;17.51;17.51;54700;957797.00
20150706;19.26;19.26;19.26;19.26;67280;1295812.75
20150707;21.19;21.19;20.68;21.19;5640329;119398560.00
20150708;19.07;23.31;19.07;22.51;13515948;282529536.00
20150709;21.39;24.76;21.39;24.76;3869999;91185616.00
20150710;27.24;27.24;27.24;27.24;159950;4357038.00
20150713;29.96;29.96;29.96;29.96;92788;2779928.50
20150714;32.96;32.96;32.96;32.96;924898;30484638.00
20150715;36.26;36.26;30.28;33.20;13567193;468851968.00
20150716;29.88;34.50;29.88;30.30;9096473;285237888.00
20150717;30.81;33.00;28.85;31.65;7908741;244498448.00
20150720;31.70;32.87;29.90;30.79;5806965;182711184.00
20150721;31.90;33.87;30.50;33.87;4762792;156751408.00
20150722;35.87;37.15;33.94;35.20;8486677;300269600.00
20150723;34.41;38.72;34.41;38.72;5797324;211954816.00
20150724;42.11;42.59;39.51;41.00;10129534;423227360.00
20150727;37.51;42.85;36.90;36.90;8947011;354673760.00
20150728;34.68;39.63;33.21;35.81;6935280;245044928.00
20150729;37.31;39.39;34.80;39.39;6690776;249128400.00
20150730;39.48;43.33;38.01;41.14;10193495;429131936.00
20150731;41.31;45.25;41.30;45.25;10755620;473231680.00
20150803;44.00;49.78;42.18;49.78;10950906;505595200.00
20150804;49.78;54.00;44.80;44.80;10672291;500905920.00
20150805;41.50;48.38;40.72;45.76;8148560;366351968.00
20150806;43.70;45.00;41.18;41.18;6212408;262698800.00
20150807;40.69;42.06;39.91;41.18;4499440;185401296.00
20150810;41.25;44.50;41.20;43.00;4861348;209733072.00
20150811;43.17;45.53;42.51;44.50;4732344;209825408.00
20150812;44.22;44.43;41.95;42.60;4077319;176679936.00
20150813;42.18;44.05;42.01;43.24;2832803;122036264.00
20150814;43.89;43.89;42.22;42.80;2909063;124893016.00
20150817;42.20;42.70;38.61;38.81;3773905;150561552.00
20150818;38.18;41.25;35.30;36.40;3568618;139834128.00
20150819;36.38;38.00;33.36;37.28;3929237;141196624.00
20150820;36.50;37.00;34.80;34.80;2442032;87492520.00
20150821;33.73;35.59;33.01;33.06;2523622;87086048.00
20150824;30.60;32.80;29.75;29.75;1670890;50569068.00
20150825;26.79;31.47;26.78;26.80;4598256;130327176.00
20150826;27.50;29.48;26.66;28.89;5384182;153562560.00
20150827;29.68;30.48;28.18;30.00;5000261;147587408.00
20150828;30.20;32.48;29.38;32.40;3508380;107192128.00
20150831;31.60;31.78;30.00;30.00;2457725;75713208.00
20150901;29.11;29.60;27.00;27.00;2307776;64656600.00
20150902;25.30;28.80;25.30;26.18;2724976;74043840.00
20150907;27.00;28.23;26.46;27.16;1983049;54358716.00
20150908;27.18;29.88;26.88;29.88;5122376;151519040.00
20150909;31.60;32.87;30.80;31.85;7155899;229336064.00
20150910;30.29;31.47;30.29;30.50;3845952;118508600.00
20150911;30.31;31.40;30.31;31.18;3156409;97720848.00
20150914;30.93;31.13;28.06;28.06;2785100;81874528.00
20150915;26.85;27.89;25.25;25.56;2980093;78542104.00
20150916;26.00;28.12;26.00;28.12;3299482;89859736.00
20150917;28.46;30.30;28.00;28.40;4316773;126007984.00
20150918;29.00;29.30;27.00;28.83;3104691;88392216.00
20150921;28.30;30.98;28.30;30.85;4069050;121162488.00
20150922;31.00;31.50;30.06;30.66;3917848;120814648.00
20150923;30.05;32.11;29.89;31.23;3648427;113759216.00
20150924;31.50;32.57;30.83;31.45;3475101;110287936.00
20150925;31.40;31.74;28.65;29.22;2929105;88046488.00
20150928;29.50;30.92;29.01;30.89;2073993;62745292.00
20150929;30.21;30.46;29.64;30.22;1930443;58114064.00
20150930;30.49;31.48;30.20;30.47;2420370;74567512.00
20151008;31.67;33.49;31.20;32.02;2786849;89069784.00
20151009;31.80;32.52;31.70;32.40;2401507;77272456.00
20151012;32.80;34.30;32.56;34.06;3276988;110234104.00
20151013;33.61;34.20;33.42;33.90;2425217;81964400.00
20151014;33.91;34.99;33.58;33.58;2803425;96082400.00
20151015;33.98;35.34;33.71;35.20;3111558;107477624.00
20151016;35.40;35.60;34.35;35.20;3204264;112045896.00
20151019;35.30;36.30;34.80;35.80;3060603;108579000.00
20151020;35.84;36.25;35.20;36.16;2640616;94466120.00
20151021;36.17;37.37;32.70;33.15;4535424;161046112.00
20151022;33.01;35.74;33.01;35.59;3551509;122286216.00
20151023;36.20;37.09;35.65;36.70;4011811;145606720.00
20151026;37.11;38.30;36.70;37.79;3386624;126586792.00
20151027;37.18;38.15;35.30;38.02;3035370;111782776.00
20151028;38.00;39.00;36.86;37.16;2995186;113515936.00
20151029;37.50;38.16;36.72;37.77;2717131;101908872.00
20151030;37.70;38.59;37.25;37.82;3044063;115542544.00
20151102;36.94;41.53;36.53;39.10;4384278;172056208.00
20151103;39.30;43.00;39.11;42.89;4803901;196427984.00
20151104;42.50;44.87;42.10;44.82;4913032;214412864.00
20151105;44.28;49.20;43.97;48.20;6079092;282072512.00
20151106;48.00;49.50;46.51;48.70;5228330;251039952.00
20151109;47.99;51.50;47.02;49.26;5429366;268382336.00
20151110;49.02;50.75;47.01;49.51;4931754;241849824.00
20151111;49.10;54.46;48.32;54.46;6057723;318194400.00
20151112;54.83;59.49;53.57;57.10;6568572;367103328.00
20151113;55.20;55.50;51.39;51.39;4839447;255187296.00
20151116;48.30;51.97;48.01;50.57;3092829;154486080.00
20151117;51.20;52.79;49.39;49.59;2993757;153772848.00
20151118;49.59;49.79;44.75;45.97;2788922;132512784.00
20151119;46.40;50.55;46.39;50.50;3103034;149423472.00
20151120;50.57;54.72;49.74;52.20;3640465;188284928.00
20151123;51.60;51.90;48.48;49.96;3204331;161238704.00
20151124;49.89;54.96;49.80;54.96;5182091;275127104.00
20151125;55.89;57.96;53.38;54.99;4999667;279027648.00
20151126;54.80;56.95;53.42;54.13;3515554;193817168.00
20151127;53.09;58.75;53.08;55.09;5518091;308570048.00
20151130;55.90;60.60;53.28;60.60;6195509;356446816.00
20151201;59.21;61.98;54.54;57.98;5920858;345955904.00
20151202;56.71;58.00;52.18;55.40;3342367;183782304.00
20151203;55.96;59.41;55.51;59.40;4249071;246244192.00
20151204;58.70;60.56;56.14;57.79;3846278;223627232.00
20151207;57.50;57.70;55.56;56.70;2505362;141371760.00
20151208;56.51;59.93;56.03;57.69;3838359;223884032.00
20151209;56.44;57.35;52.90;53.80;3619017;197930640.00
20151210;54.33;54.48;52.22;53.59;2104973;112612712.00
20151211;54.32;55.30;53.59;53.78;2120577;115383048.00
20151214;52.00;55.10;51.51;55.10;1644372;88134144.00
20151215;54.80;56.45;54.02;54.47;1609422;88748976.00
20151216;54.60;56.45;54.60;55.28;1746420;97278496.00
20151217;55.61;57.30;55.61;57.27;2838489;160726544.00
20151218;57.08;57.38;55.50;55.72;2052101;115518536.00
20151221;55.55;56.20;54.72;55.72;1296890;71987152.00
20151222;56.17;56.93;55.00;56.37;1261557;70857672.00
20151223;56.08;61.35;56.01;58.48;4381211;257766432.00
20151224;58.11;63.50;57.24;62.00;3674795;220739904.00
20151225;61.50;61.70;58.70;60.51;2842708;171377536.00
20151228;60.02;60.48;56.91;56.96;2005304;117767472.00
20151229;59.00;62.50;58.75;60.37;5993179;364320480.00
20151230;59.20;59.91;58.71;59.35;2853475;168830768.00
20151231;59.50;59.50;55.66;56.00;2817040;161102864.00
20160104;55.99;55.99;50.40;50.43;1838107;96737280.00
20160105;47.50;52.10;47.32;51.17;2667782;133331744.00
20160106;51.40;54.95;50.75;54.05;2831174;150121680.00
20160107;52.61;52.63;48.65;48.66;686158;34673920.00
20160108;50.88;51.04;45.88;49.80;2268032;113495008.00
20160111;48.94;49.68;44.82;44.82;1963950;92684368.00
20160112;45.00;46.35;44.01;45.00;1241128;56268920.00
20160113;45.26;46.20;41.30;41.62;1642116;72349920.00
20160114;40.00;44.00;38.02;43.47;1916206;80757800.00
20160115;43.00;43.61;39.40;40.22;1751979;73114280.00
20160118;39.90;43.10;39.01;42.25;1928231;80117744.00
20160119;42.10;44.77;41.79;44.63;2156206;93234272.00
20160120;44.00;47.19;43.61;45.68;2646292;120876640.00
20160121;45.00;46.45;42.52;42.60;2244324;100660320.00
20160122;43.60;45.19;42.60;45.06;1922085;84608464.00
20160125;46.55;48.50;46.15;46.80;2354346;111447888.00
20160126;45.90;46.89;42.50;43.10;2228325;100396392.00
20160127;42.80;45.88;41.50;45.46;2395226;104479488.00
20160128;44.90;44.90;41.50;42.00;1780164;77369568.00
20160129;41.51;43.97;41.40;43.32;1766499;76321584.00
20160201;43.32;44.54;42.12;43.43;1180734;51533116.00
20160202;43.62;45.67;43.40;45.27;1751522;78970368.00
20160203;44.42;45.30;43.78;45.05;1376667;61110256.00
20160204;45.40;46.66;45.06;46.22;1682184;77456720.00
20160205;46.28;46.40;45.30;45.79;1217911;55882228.00
20160215;43.81;45.48;43.60;45.13;1009161;44971340.00
20160216;45.57;48.98;45.51;48.13;1877199;89364248.00
20160217;48.48;50.17;47.83;49.69;2562822;124952552.00
20160218;49.69;50.19;48.50;48.80;2270044;111848976.00
20160219;48.82;49.20;48.20;49.11;1304911;63741160.00
20160222;49.80;49.88;49.10;49.46;1692741;83648840.00
20160223;49.30;49.67;47.11;48.27;1607911;77950064.00
20160224;48.50;48.67;46.12;47.76;1305241;61870836.00
20160225;47.23;47.80;42.98;42.98;1792132;80277672.00
20160226;43.50;45.10;40.98;42.57;1187458;51044776.00
20160229;42.48;42.58;38.60;39.45;1412845;56154456.00
20160301;39.76;41.25;38.65;41.03;1133038;45197388.00
20160302;40.80;42.98;40.58;42.71;1539637;64323548.00
20160303;42.72;43.50;41.83;41.88;1284643;54704828.00
20160304;41.88;41.88;37.91;38.07;1407453;55682876.00
20160307;39.30;41.35;38.78;40.10;1682568;67726768.00
20160308;40.24;41.37;37.00;40.79;1315471;51888752.00
20160309;39.71;40.80;38.80;39.60;825918;32921736.00
20160310;39.60;40.50;39.03;39.49;782639;31104772.00
20160311;39.46;40.30;38.88;40.06;1026011;40978020.00
20160314;40.49;42.84;40.49;42.42;1844978;77405152.00
20160315;41.80;42.60;41.23;41.36;960681;40177080.00
20160316;41.80;42.30;39.31;40.25;1191564;48457148.00
20160317;40.40;42.00;40.15;41.71;1699095;70307592.00
20160318;41.75;44.26;41.60;43.93;2446506;105394608.00
20160321;44.16;45.00;44.12;44.86;2110930;93960120.00
20160322;44.60;46.78;44.01;46.19;2283270;104062496.00
20160323;45.95;47.40;45.50;47.19;2161826;100159504.00
20160324;47.00;50.72;46.60;49.50;3278250;160237824.00
20160325;48.96;53.04;47.88;49.70;3010082;150612784.00
20160328;50.00;51.50;48.85;49.93;2348778;117451320.00
20160329;49.88;49.88;47.48;48.16;2109968;102174240.00
20160330;48.68;51.47;47.96;51.38;4389897;217093648.00
20160331;51.30;53.30;50.41;52.30;4232675;221102624.00
20160401;52.90;52.90;51.36;52.70;3119043;162898064.00
20160405;52.83;56.50;52.51;54.50;2940744;158952560.00
20160406;54.50;55.49;53.41;54.53;3091817;167669824.00
20160407;54.55;56.80;53.89;54.08;2924665;160049328.00
20160408;53.92;53.92;50.85;51.87;2473659;128550472.00
20160411;52.51;54.45;52.40;53.11;2685211;142704256.00
20160412;52.90;52.98;49.12;51.00;2136154;108732664.00
20160413;51.40;52.96;51.00;51.71;2341477;122321272.00
20160414;51.99;53.88;51.90;52.82;2073204;109302048.00
20160415;53.00;56.63;52.80;55.54;4595207;252272160.00
20160418;54.84;54.95;53.31;53.67;1766797;95229584.00
20160419;54.12;55.53;54.01;55.05;2596425;142757536.00
20160420;57.00;60.56;56.50;58.90;7112101;423873120.00
20160421;58.58;64.79;57.88;64.79;5674837;350458336.00
20160422;66.50;66.66;60.01;62.72;6250018;388675584.00
20160425;61.66;61.80;56.45;57.48;4984448;289681792.00
20160426;57.10;59.30;56.50;58.80;3497148;202867408.00
20160427;58.10;64.68;58.01;64.68;4477896;281470112.00
20160428;63.66;66.98;58.81;61.19;6359921;398861024.00
20160429;61.30;67.31;59.90;67.31;7785000;512618208.00
20160503;67.00;72.20;66.60;70.58;7523846;518770080.00
20160504;71.00;77.64;70.32;77.64;4801945;362504512.00
20160505;77.80;84.84;76.00;81.50;7239717;574000832.00
20160506;80.00;84.50;78.78;79.40;6417095;519760032.00
20160509;79.09;79.09;73.73;76.40;6164556;472789152.00
20160510;76.96;78.30;72.14;75.01;5209713;394584032.00
20160511;77.01;77.69;71.33;72.00;4150281;307900384.00
20160512;69.25;76.48;67.43;75.00;6073549;441466080.00
20160513;74.66;82.50;74.45;79.99;6680634;530405696.00
20160516;79.00;87.99;77.82;87.99;6303102;532811168.00
20160517;45.48;46.21;41.01;41.55;17182136;754172608.00
20160518;40.80;45.71;40.06;45.71;14448672;627429440.00
20160519;46.80;50.28;45.71;50.28;13002822;628110208.00
20160520;50.30;55.01;48.36;49.70;20021754;1031052160.00
20160523;49.70;52.43;47.80;50.30;16923244;841572992.00
20160524;48.95;50.30;47.61;48.30;14603324;708695680.00
20160525;48.50;50.49;47.85;49.60;15242976;750570752.00
20160526;47.51;50.19;47.05;49.30;11743468;570218112.00
20160527;49.85;54.23;49.80;54.23;17126711;890184064.00
20160530;51.01;52.88;50.00;50.68;14712275;759960768.00
20160531;50.95;53.38;49.66;52.90;12837485;665782848.00
20160601;52.10;57.76;51.55;54.15;15755656;857365504.00
20160602;53.18;54.80;52.69;54.62;10757545;578250432.00
20160603;54.30;55.90;51.98;52.65;11012943;590497472.00
20160606;51.90;55.63;51.69;54.97;10786362;580361600.00
20160607;54.97;55.29;52.99;54.50;8694317;468240256.00
20160608;53.95;53.95;52.02;52.70;7774078;409766528.00
20160613;50.46;52.41;48.00;48.50;6966010;351736544.00
20160614;48.20;49.48;46.18;48.35;5425648;259154976.00
20160615;47.21;51.49;47.18;50.55;6390938;321181024.00
20160616;50.50;55.61;50.40;55.61;9841553;536145056.00
20160617;58.50;58.50;53.60;54.72;13935439;779622272.00
20160620;53.21;56.99;53.21;55.69;10542725;586843008.00
20160621;56.45;56.45;52.05;52.92;8465774;459372384.00
20160622;52.25;57.19;52.20;56.51;10893237;603135488.00
20160623;55.06;55.83;53.00;54.06;7794267;422966208.00
20160624;54.20;55.60;50.99;54.10;7400536;401390432.00
20160627;53.01;55.48;52.71;54.87;8156094;440418624.00
20160628;53.90;54.69;52.80;53.75;7494059;400920480.00
20160629;53.37;56.39;52.51;54.22;8428146;458141536.00
20160630;53.50;54.19;50.83;51.48;7233375;378224288.00
