20150626;50.77;55.38;50.77;55.38;18100;1001917.00
20150629;60.92;60.92;60.92;60.92;28000;1705760.00
20150630;67.01;67.01;67.01;67.01;28600;1916486.00
20150701;73.71;73.71;73.71;73.71;14417;1062677.13
20150702;81.08;81.08;81.08;81.08;169950;13779546.00
20150703;89.19;89.19;89.19;89.19;2826429;252089200.00
20150706;98.11;98.11;81.11;84.50;15101049;1354868992.00
20150707;80.00;81.00;76.05;76.05;5100760;392883936.00
20150708;68.45;76.50;68.45;68.45;10444537;726546752.00
20150709;69.00;75.30;69.00;75.30;5618429;413572256.00
20150710;82.83;82.83;82.83;82.83;407375;33742872.00
20150713;91.11;91.11;91.11;91.11;423445;38580072.00
20150714;100.18;100.22;94.20;100.22;10116414;1005972480.00
20150715;97.00;101.11;90.20;90.20;8436463;801805376.00
20150716;81.18;94.37;81.18;87.99;8227382;710219200.00
20150717;89.00;95.97;87.80;94.05;6122058;564489472.00
20150720;92.99;96.88;89.55;91.92;6343168;588600320.00
20150721;90.02;97.68;88.26;95.80;5429696;510631168.00
20150722;96.00;105.38;95.10;105.38;8197313;844902592.00
20150723;108.00;115.92;105.10;115.92;6582237;727484992.00
20150724;119.00;125.80;112.00;114.00;9903855;1187618432.00
20150727;109.00;122.88;102.60;102.60;7288811;823699776.00
20150728;96.00;111.00;92.58;104.90;8783029;877889280.00
20150729;107.00;112.50;96.40;111.89;7345499;765299392.00
20150730;108.90;115.68;104.45;104.55;7213930;794851456.00
20150731;100.00;110.00;98.50;102.45;5735590;591340992.00
20150803;101.50;107.40;98.35;104.00;5133921;528816736.00
20150804;104.08;109.79;99.50;109.70;6722679;704742016.00
20150805;108.00;111.99;105.19;106.88;5379197;581635200.00
20150806;103.65;107.00;100.51;100.80;3998509;413546464.00
20150807;101.20;104.75;100.64;103.90;3523484;363242432.00
20150810;103.13;110.95;103.11;109.05;4860358;523546784.00
20150811;109.00;112.68;106.58;107.51;4831892;527600352.00
20150812;106.06;118.26;106.03;114.90;7614172;868507136.00
20150813;114.97;116.18;108.80;112.90;5823044;652643136.00
20150814;113.99;115.30;110.15;110.76;3525819;398210208.00
20150817;109.79;112.00;102.61;103.70;4134393;437046240.00
20150818;103.70;105.84;93.33;93.33;4546236;453135648.00
20150819;91.50;96.49;86.56;94.48;3952451;363398752.00
20150820;92.60;93.94;89.60;89.69;2741559;251383344.00
20150821;88.48;89.28;85.30;85.48;2681711;233495440.00
20150824;80.85;82.48;76.93;76.93;3452920;270036640.00
20150825;72.00;80.80;70.01;72.20;4464104;334898784.00
20150826;73.80;79.42;72.20;76.40;5342391;407902560.00
20150827;77.01;78.95;72.52;77.48;4466481;340978976.00
20150828;77.90;82.48;76.20;81.22;4092891;320631808.00
20150831;79.88;79.88;73.48;73.51;3020053;232751968.00
20150901;71.70;72.80;68.20;68.68;2875670;201894848.00
20150902;66.52;74.27;65.57;69.80;3376139;237864368.00
20150907;71.70;75.50;71.53;72.59;2446270;179037168.00
20150908;72.05;79.37;72.00;79.01;2926269;220367360.00
20150909;79.02;82.99;78.10;80.00;4098440;329285248.00
20150910;78.01;79.84;76.60;77.20;2076256;162904016.00
20150911;77.00;79.99;77.00;79.16;2054733;161583568.00
20150914;79.00;79.30;71.24;71.24;2745111;203830976.00
20150915;70.50;72.76;68.61;69.66;1920259;135452048.00
20150916;70.57;76.63;70.57;76.50;2800030;204214112.00
20150917;75.50;78.20;73.60;73.80;2945957;223515696.00
20150918;74.50;74.70;72.32;74.01;1656023;121980728.00
20150921;72.88;79.99;72.01;79.60;3577277;275788960.00
20150922;79.50;80.88;78.00;79.25;2842383;225532384.00
20150923;77.80;80.58;77.27;78.80;2366274;187247488.00
20150924;79.20;80.80;78.00;79.08;2266912;180320208.00
20150925;78.51;78.80;73.27;73.75;2818674;213088528.00
20150928;73.99;77.50;73.01;77.12;1992995;150754368.00
20150929;75.35;76.52;74.36;75.30;1722537;129871720.00
20150930;75.58;76.18;74.66;75.08;1372727;103503456.00
20151008;78.48;79.96;77.50;78.77;2923605;230141024.00
20151009;78.58;79.90;78.10;79.53;2231723;176517792.00
20151012;80.98;84.88;80.09;84.00;3132216;260102480.00
20151013;82.99;84.46;82.60;84.20;2016864;169045440.00
20151014;83.75;86.98;83.30;83.55;2676042;226839840.00
20151015;83.73;87.28;83.05;87.20;2860218;246218256.00
20151016;87.47;87.78;85.21;86.47;2758185;237958432.00
20151019;86.20;86.20;83.18;84.25;2796078;236377088.00
20151020;83.86;85.82;83.86;85.74;2214488;188341056.00
20151021;85.96;88.94;80.88;81.50;3843035;328456448.00
20151022;81.60;87.98;81.58;87.20;3280217;277307456.00
20151023;86.32;90.50;86.32;89.92;4205951;373344544.00
20151026;91.15;91.50;88.18;89.04;3141341;281973856.00
20151027;88.50;97.77;85.85;95.70;4321939;397222688.00
20151028;94.10;94.95;91.01;91.17;2873657;268190992.00
20151029;92.00;93.48;90.29;92.50;2423311;222705856.00
20151030;92.66;94.59;90.06;93.00;2014043;187294544.00
20151102;91.00;102.10;90.34;96.60;4301313;418711872.00
20151103;97.50;104.10;96.60;102.90;4210910;425763872.00
20151104;102.80;106.99;101.00;105.93;4283480;444313184.00
20151105;104.85;109.77;103.30;104.20;3438428;364024736.00
20151106;103.79;111.99;103.51;111.51;3325882;361457056.00
20151109;111.00;122.66;110.01;121.70;5284605;624262784.00
20151110;120.00;125.25;117.50;122.62;4001756;485297408.00
20151111;122.00;133.80;121.00;132.00;4391876;566197312.00
20151112;132.62;136.50;128.68;133.66;4645128;616009984.00
20151113;130.00;131.40;120.29;120.29;5943283;742886592.00
20151116;115.17;122.78;114.22;121.70;3188269;380266688.00
20151117;125.38;126.50;116.55;117.50;3211749;394141152.00
20151118;117.65;118.64;111.88;112.20;3232191;370643008.00
20151119;114.00;123.42;113.00;123.42;3874793;461446016.00
20151120;128.00;135.76;124.66;135.50;4928022;644235584.00
20151123;134.00;146.02;130.00;133.00;5384352;746458944.00
20151124;132.20;146.30;131.28;146.30;6049156;863785344.00
20151125;148.80;149.00;142.50;146.30;5320833;774443456.00
20151126;144.80;153.88;142.61;146.00;4122582;610420160.00
20151127;143.03;151.66;137.97;147.00;4675406;675059200.00
20151130;147.00;161.70;144.44;161.70;5374528;834677184.00
20151201;160.01;167.00;148.00;158.50;5400188;857875712.00
20151202;155.00;171.71;146.01;166.00;5168811;819739136.00
20151203;169.33;175.58;160.99;169.71;3844279;649832128.00
20151204;167.00;172.50;162.50;165.53;4020249;671694656.00
20151207;165.35;165.88;158.70;160.70;3195298;516017888.00
20151208;159.75;166.90;159.00;162.20;3011349;492972256.00
20151209;160.01;162.58;151.50;153.42;3992313;619855104.00
20151210;153.50;158.00;150.20;153.91;2380993;367220928.00
20151211;153.50;157.86;152.00;153.93;1713059;266041232.00
20151214;152.00;169.32;151.00;169.32;3395126;543603968.00
20151215;167.00;170.20;166.45;167.80;2467248;414550912.00
20151216;168.80;176.80;167.08;167.86;3081525;531147904.00
20151217;169.98;175.00;169.00;173.00;2655680;456244224.00
20151218;171.97;171.97;163.88;164.00;2880565;481029120.00
20151221;161.98;165.66;160.00;162.66;1996726;325033856.00
20151222;162.90;169.49;162.90;168.07;2107519;349625984.00
20151223;168.29;174.00;166.01;166.66;2929167;498570912.00
20151224;166.00;173.00;166.00;171.30;2382851;403836032.00
20151225;170.55;172.00;160.00;161.92;3057205;505447968.00
20151228;160.00;161.70;154.00;154.00;3102359;486917984.00
20151229;154.00;158.00;153.52;156.40;1716330;267180352.00
20151230;157.00;157.60;150.00;152.00;2192884;334770752.00
20151231;152.00;153.60;142.25;146.90;2483434;364208224.00
20160104;144.00;146.00;132.21;132.23;1788366;250370704.00
20160105;126.05;138.52;126.05;137.88;3193199;428764832.00
20160106;138.22;140.49;134.97;139.81;2330963;322541664.00
20160107;136.50;136.75;125.84;125.91;723950;94523792.00
20160108;131.00;132.93;118.50;128.32;2382153;305005856.00
20160111;123.00;126.99;115.61;115.79;2332727;282235072.00
20160112;116.11;124.00;116.00;120.82;2504470;301059040.00
20160113;120.66;122.99;116.00;116.70;2211575;263474096.00
20160114;112.00;125.49;110.00;124.10;2714117;326356096.00
20160115;123.40;125.55;118.08;119.90;2210663;269842720.00
20160118;117.68;125.56;117.68;123.30;1949203;239606832.00
20160119;123.00;127.97;121.50;126.70;2403731;299799968.00
20160120;124.80;127.30;123.70;123.78;1788586;223787408.00
20160121;121.80;126.50;117.01;117.01;1828235;224210480.00
20160122;119.56;121.98;116.08;121.20;1576476;187839216.00
20160125;122.50;123.83;121.29;123.00;1143921;140557088.00
20160126;121.73;122.41;111.18;111.40;1702532;199932272.00
20160127;110.27;114.00;102.88;110.80;1853020;200541328.00
20160128;109.00;109.00;99.72;99.72;1553107;161940112.00
20160129;99.99;106.50;96.01;103.67;2210132;224348320.00
20160201;101.90;104.00;97.20;99.48;1634953;165391744.00
20160202;100.00;106.48;100.00;105.22;1873637;194714512.00
20160203;103.00;105.38;101.80;104.69;1202148;124218592.00
20160204;104.90;108.81;104.70;106.91;1412804;151543792.00
20160205;108.00;110.97;106.48;106.95;1537655;167116464.00
20160215;102.50;106.38;102.00;105.90;1027765;107576568.00
20160216;107.90;112.50;107.90;112.10;1419021;157272896.00
20160217;111.90;118.22;111.12;117.10;1719335;199636144.00
20160218;118.70;121.78;115.09;117.71;2366264;279667552.00
20160219;116.01;119.90;116.00;119.84;1752975;206674720.00
20160222;123.50;123.90;118.20;120.56;2079049;250950112.00
20160223;120.00;126.00;119.19;122.31;3144710;385932896.00
20160224;120.09;120.30;110.27;111.85;3679795;419369120.00
20160225;111.00;111.49;101.09;102.60;3043937;322576544.00
20160226;103.90;104.79;100.01;101.97;1348488;138365840.00
20160229;100.97;101.00;91.77;91.77;1722736;161412192.00
20160301;92.00;93.95;83.00;92.56;1776494;160338272.00
20160302;91.72;97.50;90.20;97.11;1891234;177389648.00
20160303;97.00;99.68;95.01;95.20;1773131;172303488.00
20160304;94.94;95.60;87.53;88.18;1669880;152263648.00
20160307;89.41;94.99;89.40;91.20;1469815;135854080.00
20160308;91.00;92.85;85.51;92.33;1288729;115476560.00
20160309;90.30;92.29;89.50;90.35;1022131;92916664.00
20160310;90.30;91.50;88.50;88.78;872645;78612432.00
20160311;88.38;91.39;87.80;90.18;883180;79326104.00
20160314;92.50;97.20;92.50;95.37;1854412;176568112.00
20160315;95.17;96.12;93.50;93.77;1144450;108472144.00
20160316;95.00;95.80;91.10;92.25;1037975;97099000.00
20160317;93.00;97.17;92.15;96.20;1848532;176333248.00
20160318;95.88;101.44;95.80;100.20;2254968;223156032.00
20160321;102.50;106.95;102.00;104.42;2187875;228197216.00
20160322;103.01;108.42;102.08;105.30;1854538;194132192.00
20160323;105.60;107.90;103.80;107.61;1768881;187392320.00
20160324;105.99;110.99;105.21;107.30;2581615;281091296.00
20160325;106.20;107.90;102.11;105.00;1779572;186280816.00
20160328;106.19;107.45;103.00;103.60;1243228;131156072.00
20160329;103.01;104.99;99.30;100.99;1396931;141514896.00
20160330;101.79;108.98;101.79;108.68;1968949;207769936.00
20160331;109.41;113.99;109.40;110.20;2770313;307768032.00
20160401;108.80;112.36;106.80;112.34;1833059;199691760.00
20160405;112.08;115.79;111.00;114.40;1881795;214100528.00
20160406;114.32;121.18;113.69;120.10;3035865;359963712.00
20160407;120.10;121.00;116.80;118.00;2288491;272126560.00
20160408;116.20;119.85;113.69;116.07;2128720;248615216.00
20160411;116.50;118.52;115.86;116.29;2105646;246341280.00
20160412;116.20;116.20;106.98;109.07;2604107;288699136.00
20160413;109.85;113.24;108.80;110.31;1685345;188073696.00
20160414;111.02;113.00;110.85;112.35;1239268;138868528.00
20160415;112.39;112.80;110.71;111.69;960279;107033224.00
20160418;111.50;111.50;106.90;108.51;1171577;126816712.00
20160419;109.49;109.90;107.59;108.96;943920;102603536.00
20160420;111.84;112.87;100.00;102.01;2412718;256513920.00
20160421;102.01;103.90;99.58;100.56;1327396;135398672.00
20160422;100.75;103.18;100.01;103.12;1067132;108796704.00
20160425;103.12;103.12;99.50;100.80;1200637;120940536.00
20160426;49.81;50.68;47.80;49.35;2807980;137144784.00
20160427;49.69;50.38;48.11;48.34;2563111;126535456.00
20160428;48.38;48.46;46.56;47.63;2678997;127003400.00
20160429;47.20;48.20;47.00;47.86;1856352;88678904.00
20160503;47.80;49.97;47.04;49.97;3045161;148888368.00
20160504;49.30;51.98;49.30;50.25;3256963;165871328.00
20160505;50.01;51.65;49.66;51.30;2975333;150933264.00
20160506;51.55;52.28;48.38;48.48;4013439;201675680.00
20160509;47.50;47.51;45.00;45.55;2980602;137986896.00
20160510;45.23;46.30;45.15;45.57;1559174;71281392.00
20160511;46.01;46.29;44.50;44.97;1879930;85466592.00
20160512;44.29;44.62;42.88;44.35;1960902;86142200.00
20160513;44.35;45.50;44.02;45.00;1754036;78837224.00
20160516;44.52;45.45;44.05;45.41;1670057;75106664.00
20160517;45.48;45.98;44.37;45.13;2162766;97554936.00
20160518;44.50;44.50;42.20;42.68;2407386;104211288.00
20160519;42.90;44.49;42.70;43.37;2267370;99453840.00
20160520;42.88;44.02;42.47;43.98;1730856;74994368.00
20160523;44.18;45.44;44.14;45.00;2040038;91721424.00
20160524;44.86;44.96;43.50;44.06;1543830;68272456.00
20160525;44.60;45.20;44.00;44.40;1560136;69641032.00
20160526;44.28;45.00;43.01;44.94;1810785;79859184.00
20160527;44.50;45.48;44.50;44.95;1952921;87905496.00
20160530;44.50;45.19;43.15;44.80;1505104;66872280.00
20160531;44.71;47.73;44.66;47.68;3508558;163263984.00
20160601;47.66;49.34;47.36;48.02;3541078;170859248.00
20160602;48.00;49.30;47.74;49.15;3073391;149337904.00
20160603;49.23;51.00;48.53;50.31;4202233;208610608.00
20160606;50.49;50.86;48.00;48.60;3603507;177892816.00
20160607;48.70;49.49;48.01;49.28;2638967;128790848.00
20160608;49.10;49.10;48.02;48.47;2301841;111486032.00
20160613;47.68;47.69;44.50;44.53;3459740;160856352.00
20160614;44.50;44.95;43.66;43.98;2261061;99851504.00
20160615;43.60;45.88;43.22;45.67;2725102;122894600.00
20160616;45.60;45.80;44.50;44.70;2159619;97397112.00
20160617;45.00;46.33;44.90;45.41;2072430;94517856.00
20160620;45.41;47.21;44.57;47.05;2776788;127552064.00
20160621;47.80;48.03;45.81;45.90;2858564;134086696.00
20160622;45.28;47.11;45.08;46.90;2200530;101474176.00
20160623;47.13;47.15;45.89;46.18;2240513;104127248.00
20160624;45.65;45.92;43.87;44.90;3893268;174883440.00
20160627;44.51;46.44;44.50;46.12;2459985;112246768.00
20160628;45.80;48.84;45.77;48.58;5030107;239674768.00
20160629;48.02;48.39;47.50;47.83;3934201;188014416.00
20160630;47.85;48.80;46.01;46.46;6353499;302313024.00
