20160204;27.60;30.11;27.60;30.11;7636;228664.95
20160205;33.12;33.12;33.12;33.12;4200;139104.00
20160215;36.43;36.43;36.43;36.43;12760;464846.81
20160216;40.07;40.07;40.07;40.07;7034;281852.38
20160217;44.08;44.08;44.08;44.08;7200;317376.00
20160218;48.49;48.49;48.49;48.49;17600;853424.00
20160219;53.34;53.34;53.34;53.34;35913;1915599.38
20160222;58.67;58.67;58.67;58.67;20481;1201620.25
20160223;64.54;64.54;64.54;64.54;60229;3887179.75
20160224;70.99;70.99;70.99;70.99;65395;4642391.00
20160225;78.09;78.09;78.09;78.09;207064;16169628.00
20160226;84.22;84.22;72.51;75.50;9993125;787722496.00
20160229;67.95;68.90;67.95;67.95;1152082;78310608.00
20160301;61.16;68.03;61.16;64.20;6520001;406312768.00
20160302;62.57;68.95;60.88;66.74;5890532;383191328.00
20160303;66.74;70.98;66.12;66.50;5839181;400004704.00
20160304;65.02;73.00;62.63;69.21;6433738;432934816.00
20160307;68.00;71.44;66.70;68.05;5116192;352136640.00
20160308;65.12;66.75;61.25;65.21;4562182;289526016.00
20160309;62.45;66.40;61.56;63.25;3123440;200920048.00
20160310;62.20;66.38;62.20;63.40;3602835;231727728.00
20160311;61.50;65.48;60.70;63.67;3275348;207496048.00
20160314;64.90;70.04;64.37;69.78;5598351;381978208.00
20160315;68.98;69.45;66.30;66.60;3690423;249288608.00
20160316;67.83;68.50;63.58;64.00;3161497;207941168.00
20160317;63.88;67.77;62.50;67.36;4333849;283818112.00
20160318;67.22;70.96;66.18;69.16;4913933;336896224.00
20160321;69.51;73.50;68.50;72.70;4663300;328262432.00
20160322;70.99;70.99;69.31;69.65;3305632;232127008.00
20160323;68.89;71.95;68.61;71.50;3318108;235016304.00
20160324;70.30;70.78;68.60;68.60;3405296;237328704.00
20160325;68.09;69.10;65.68;67.00;2098034;140816624.00
20160328;67.18;68.32;65.70;65.90;1842128;124102464.00
20160329;64.99;65.89;63.58;64.19;1423165;92017864.00
20160330;64.70;67.35;64.70;67.10;1606975;106137472.00
20160331;67.39;71.60;67.10;70.60;3868492;268195024.00
20160401;69.59;70.48;67.77;68.50;2464303;170440512.00
20160405;67.00;75.35;67.00;75.35;4251084;307114304.00
20160406;75.00;76.19;72.95;74.30;3807094;283094624.00
20160407;74.49;74.80;71.65;71.65;2640339;191910000.00
20160408;71.10;73.89;70.07;73.68;3065738;222004720.00
20160411;73.12;77.22;72.32;76.31;3637938;271984384.00
20160412;75.35;75.88;71.01;72.70;2974516;218369936.00
20160413;72.97;77.69;72.50;76.10;3408214;255260896.00
20160414;76.10;82.95;75.05;80.90;4782471;378418336.00
20160415;77.00;79.85;75.80;76.16;4965182;384545760.00
20160418;74.00;75.20;72.00;74.00;2281369;168130784.00
20160419;74.60;77.13;74.21;75.06;2235193;169293568.00
20160420;75.30;76.20;67.60;69.80;3080916;220865216.00
20160421;69.40;70.80;67.10;67.18;1853244;127243920.00
20160422;67.01;69.59;66.60;69.26;1716201;117829960.00
20160425;68.51;68.89;66.70;67.99;1409813;95648176.00
20160426;68.19;69.94;68.15;69.80;1580933;109547760.00
20160427;69.56;70.17;67.88;68.14;1518888;104863808.00
20160428;68.01;68.80;65.85;67.78;1494079;100334040.00
20160429;67.63;68.00;66.80;67.39;945520;63674340.00
20160503;67.87;69.58;67.21;69.56;1696681;117128760.00
20160504;69.03;71.47;68.99;69.91;1714545;120768744.00
20160505;69.87;70.56;68.81;70.25;1474477;102912120.00
20160506;70.26;71.42;67.31;67.38;2024983;140439072.00
20160509;66.55;67.32;64.68;64.90;1382126;90625024.00
20160510;65.50;66.28;64.63;65.65;827216;54294340.00
20160511;66.25;66.50;64.51;64.53;788803;51453472.00
20160512;63.94;63.94;62.00;63.57;901468;56725164.00
20160513;63.00;64.22;62.71;63.04;512430;32512188.00
20160516;63.23;64.09;62.53;64.09;628895;39837504.00
20160517;64.10;66.50;63.31;65.11;1035409;66944440.00
20160518;64.49;64.49;61.03;61.61;1093362;68130128.00
20160519;61.20;63.38;61.20;61.69;734392;45877812.00
20160520;60.20;63.33;60.00;63.07;895327;55465696.00
20160523;63.26;65.56;63.07;64.31;1311894;84524408.00
20160524;64.00;64.25;62.53;63.09;795222;50205904.00
20160525;63.90;65.20;63.09;63.88;1135424;72819232.00
20160526;63.25;67.18;62.11;66.12;1739890;112097784.00
20160527;66.48;69.88;66.00;66.12;3122966;211688960.00
20160530;65.70;68.30;63.88;67.15;2033800;135670464.00
20160531;66.70;71.26;66.70;70.77;3006524;209356384.00
20160601;70.50;72.44;69.76;70.25;2629608;186293184.00
20160602;70.00;72.62;69.80;72.50;2551802;181609056.00
20160603;71.88;75.50;71.52;73.18;3262674;240846128.00
20160606;74.19;78.78;73.25;77.37;3333612;253701264.00
20160607;77.00;80.40;75.05;80.36;3640870;283696992.00
20160608;79.36;79.40;76.60;76.65;2719781;211216224.00
20160613;72.99;73.59;68.99;68.99;2878288;205246976.00
20160614;68.49;70.13;68.11;69.30;1529716;106020888.00
20160615;69.31;76.00;69.01;73.93;2494650;182051680.00
20160616;73.55;76.50;73.28;75.68;2850222;213622400.00
20160617;75.81;77.99;75.50;77.30;2703480;207320192.00
20160620;77.74;85.03;77.30;85.03;3030903;248694976.00
20160621;87.90;88.40;82.46;82.79;5437789;464084704.00
20160622;82.05;89.98;81.22;87.70;4581909;394864480.00
20160623;87.49;87.50;84.50;86.11;2909888;250446960.00
20160624;85.40;86.95;79.36;85.00;3496962;293784800.00
20160627;83.72;92.68;83.58;90.90;3422591;304650912.00
20160628;90.00;94.40;88.18;91.77;3541819;322004544.00
20160629;91.80;94.67;89.11;94.10;3397587;313150592.00
20160630;89.58;90.57;84.85;84.99;3649980;320853760.00
