20160608;10.28;12.34;10.28;12.34;10204;125196.36
20160613;13.57;13.57;13.57;13.57;3500;47495.00
20160614;14.93;14.93;14.93;14.93;1212;18095.16
20160615;16.42;16.42;16.42;16.42;4800;78816.00
20160616;18.06;18.06;18.06;18.06;3600;65016.00
20160617;19.87;19.87;19.87;19.87;10442;207482.55
20160620;21.86;21.86;21.86;21.86;9800;214228.00
20160621;24.05;24.05;24.05;24.05;8454;203318.70
20160622;26.46;26.46;26.46;26.46;8600;227556.00
20160623;29.11;29.11;29.11;29.11;25308;736715.88
20160624;32.02;32.02;32.02;32.02;43154;1381791.13
20160627;35.22;35.22;35.22;35.22;24710;870286.19
20160628;38.74;38.74;38.74;38.74;16000;619840.00
20160629;42.61;42.61;42.61;42.61;30760;1310683.63
20160630;46.87;46.87;46.87;46.87;98934;4637036.50
