20160530;14.08;16.89;14.08;16.89;12341;207458.48
20160531;18.58;18.58;18.58;18.58;3500;65030.00
20160601;20.44;20.44;20.44;20.44;1900;38836.00
20160602;22.48;22.48;22.48;22.48;5900;132632.00
20160603;24.73;24.73;24.73;24.73;5800;143434.00
20160606;27.20;27.20;27.20;27.20;6100;165920.00
20160607;29.92;29.92;29.92;29.92;2700;80784.00
20160608;32.91;32.91;32.91;32.91;9017;296749.47
20160613;36.20;36.20;36.20;36.20;39500;1429900.00
20160614;39.82;39.82;39.82;39.82;46600;1855612.00
20160615;43.80;43.80;43.80;43.80;32300;1414740.00
20160616;48.18;48.18;48.18;48.18;23700;1141866.00
20160617;53.00;53.00;53.00;53.00;117834;6245202.00
20160620;58.30;58.30;58.30;58.30;116700;6803610.00
20160621;64.13;64.13;64.13;64.13;43171;2768556.25
20160622;70.54;70.54;70.54;70.54;43489;3067714.00
20160623;77.59;77.59;77.59;77.59;51500;3995885.00
20160624;85.35;85.35;85.35;85.35;84359;7200040.50
20160627;93.89;93.89;93.89;93.89;110752;10398505.00
20160628;103.28;103.28;103.28;103.28;93929;9700987.00
20160629;113.61;113.61;113.61;113.61;96110;10919057.00
20160630;124.97;124.97;124.97;124.97;5664268;707863552.00
