20140930;4.68;4.68;4.68;4.68;450350;2107638.00
20141008;5.15;5.15;5.15;5.15;120050;618258.00
20141009;5.67;5.67;5.67;5.67;145288;823783.00
20141010;6.24;6.24;6.24;6.24;423500;2642640.00
20141013;6.86;6.86;6.86;6.86;1363700;9354982.00
20141014;7.55;7.55;7.55;7.55;1429898;10795730.00
20141015;8.31;8.31;8.31;8.31;1299732;10800773.00
20141016;9.14;9.14;9.14;9.14;1389093;12696310.00
20141017;10.05;10.05;9.00;9.51;101019600;957065088.00
20141020;9.13;9.23;8.85;9.09;46523070;420925248.00
20141021;9.03;9.26;8.90;9.13;41225187;376111424.00
20141022;9.05;9.19;8.81;8.84;31264548;280442720.00
20141023;8.76;9.16;8.76;8.94;26833118;240921136.00
20141024;8.81;8.92;8.52;8.55;24038221;208823056.00
20141027;8.50;8.52;8.04;8.14;18445693;150532432.00
20141028;8.19;8.36;8.19;8.33;14101932;116856752.00
20141029;8.38;9.16;8.32;9.07;41783417;367805504.00
20141030;8.92;8.98;8.77;8.83;25910205;229347248.00
20141031;8.85;8.92;8.70;8.83;20336214;179264576.00
20141103;8.82;9.01;8.82;8.92;19375658;172689104.00
20141104;8.91;8.92;8.70;8.75;15534270;136348864.00
20141105;8.72;9.28;8.65;9.00;31865328;287110592.00
20141106;8.90;9.90;8.86;9.90;56708456;536850592.00
20141107;10.06;10.89;10.05;10.89;76133186;816943232.00
20141110;11.30;11.98;10.90;11.98;79114754;922022272.00
20141111;12.30;13.18;11.86;13.18;67988219;876958656.00
20141112;13.50;14.25;11.86;12.95;86925192;1143149952.00
20141113;12.04;13.08;12.00;12.04;48304348;598363328.00
20141114;11.80;11.84;10.84;10.97;36953486;412629792.00
20141117;10.87;12.00;10.77;11.87;37656071;438888032.00
20141118;11.58;11.90;11.40;11.65;22417371;260067344.00
20141119;11.48;11.65;11.10;11.43;18821025;213715744.00
20141120;11.28;12.35;11.21;12.10;35664096;421668608.00
20141121;11.89;12.90;11.80;12.41;42365564;528585024.00
20141124;12.49;12.83;12.12;12.43;31248886;389313344.00
20141125;12.20;12.42;12.00;12.28;24785862;301374240.00
20141126;12.28;13.45;12.09;13.05;43647360;556538112.00
20141127;12.79;13.25;12.60;12.75;30878955;396430720.00
20141128;12.57;12.72;12.30;12.50;20884760;260190464.00
20141201;12.45;12.71;12.16;12.50;17895077;223044848.00
20141202;12.44;13.22;12.29;12.84;33103192;427479712.00
20141203;12.61;13.10;12.40;12.73;30684690;387320576.00
20141204;12.62;12.78;12.51;12.61;22912662;288556416.00
20141205;12.58;12.58;11.69;11.93;24396102;295718464.00
20141208;11.80;12.18;11.50;11.86;15538745;183651552.00
20141209;11.86;11.97;11.14;11.16;18805791;218870928.00
20141210;11.08;11.50;11.00;11.48;9454746;107070032.00
20141211;11.40;11.97;11.24;11.87;15439410;181705712.00
20141212;11.87;11.87;11.60;11.69;10406478;121467872.00
20141215;11.50;11.85;11.50;11.70;8047429;93723680.00
20141216;11.70;11.89;11.69;11.79;9328753;109718400.00
20141217;11.78;11.78;11.39;11.45;10411200;119829160.00
20141218;11.41;11.56;11.31;11.34;6948575;79180944.00
20141219;11.35;11.38;10.60;10.88;11510808;125615152.00
20141222;10.61;10.69;9.87;9.99;10814374;108837144.00
20141223;9.90;10.45;9.72;10.05;7187535;73245560.00
20141224;10.18;10.30;10.10;10.28;5115883;52303080.00
20141225;10.35;10.35;10.10;10.28;5364575;54744504.00
20141226;10.20;10.26;10.13;10.19;4665197;47521340.00
20141229;10.19;10.36;10.02;10.07;5647098;57179604.00
20141230;10.02;10.07;9.70;9.71;5915394;58241296.00
20141231;9.83;9.94;9.75;9.92;4287142;42265732.00
20150105;9.92;10.30;9.92;10.28;8755020;89075152.00
20150106;10.08;10.50;10.01;10.41;8490122;87322200.00
20150107;10.41;10.41;10.19;10.22;4979156;50985804.00
20150108;10.20;11.23;10.18;10.96;22371592;245550384.00
20150109;10.50;10.96;10.50;10.57;11796183;125603120.00
20150112;10.40;10.40;9.95;10.06;6133411;61977680.00
20150113;10.02;10.20;9.96;10.11;3907999;39361152.00
20150114;10.10;10.18;9.99;10.06;3339624;33557212.00
20150115;10.06;10.12;10.00;10.07;4162185;41822504.00
20150116;10.07;10.25;9.99;10.19;5587784;56770012.00
20150119;10.06;10.45;9.58;10.05;8890917;89912176.00
20150120;10.02;10.59;10.02;10.48;11524828;119133928.00
20150121;10.47;10.58;10.35;10.58;11756173;123348192.00
20150122;10.60;10.67;10.50;10.62;8236405;87147504.00
20150123;10.67;10.72;10.41;10.46;7247084;76301336.00
20150126;10.42;10.60;10.36;10.60;6176650;64935364.00
20150127;10.58;10.70;10.45;10.68;8056722;85331456.00
20150128;10.70;10.75;10.58;10.66;6972534;74508432.00
20150129;10.60;10.61;10.35;10.36;5441364;56949528.00
20150130;10.37;10.47;10.34;10.41;3828431;39877008.00
20150202;10.29;10.29;10.06;10.13;4932136;50007716.00
20150203;10.18;10.27;10.10;10.26;3410003;34756068.00
20150204;10.22;10.34;10.17;10.19;3934300;40341864.00
20150205;10.38;10.41;10.10;10.14;4109423;41997520.00
20150206;10.04;10.55;10.00;10.22;8096771;83228112.00
20150209;10.22;10.22;10.00;10.03;4217466;42348956.00
20150210;10.03;10.12;9.90;10.00;3773093;37784048.00
20150211;10.00;10.12;9.96;10.00;2660868;26613742.00
20150212;10.02;10.25;10.00;10.19;4522728;45881088.00
20150213;10.22;10.30;10.17;10.25;4692341;48063152.00
20150216;10.20;10.43;10.20;10.38;4397901;45280456.00
20150217;10.38;10.42;10.30;10.39;3490438;36152892.00
20150225;10.41;10.75;10.35;10.65;10839168;115050168.00
20150226;10.66;10.73;10.51;10.62;6776026;71892256.00
20150227;10.60;10.61;10.47;10.57;6036269;63614704.00
20150302;10.68;11.06;10.68;10.97;13606633;148661712.00
20150303;11.00;11.06;10.81;10.90;11812747;129407648.00
20150304;10.84;10.95;10.79;10.88;6099514;66128068.00
20150305;10.92;10.93;10.64;10.76;6018515;64705376.00
20150306;10.76;10.77;10.53;10.60;4921588;52310428.00
20150309;10.57;10.78;10.48;10.77;4450439;47413544.00
20150310;10.77;10.78;10.65;10.68;4379546;46944868.00
20150311;10.72;10.78;10.56;10.62;4154076;44264116.00
20150312;10.63;10.68;10.57;10.61;4393078;46573152.00
20150313;10.63;11.58;10.62;11.25;22078766;246643360.00
20150316;11.31;11.55;11.16;11.52;20324701;230608960.00
20150317;11.52;11.55;11.40;11.48;14795755;169540800.00
20150318;11.48;11.55;11.42;11.54;12406828;142809984.00
20150319;11.55;11.98;11.54;11.71;15713533;184908720.00
20150320;11.72;11.80;11.49;11.60;11766841;136100672.00
20150323;11.59;11.76;11.57;11.65;11284912;131309768.00
20150324;11.67;11.72;11.11;11.42;13557915;155504304.00
20150325;11.42;12.56;11.25;12.56;39724437;482624736.00
20150326;13.00;13.00;12.06;12.21;38226115;476942880.00
20150327;12.10;12.24;11.93;12.14;12249869;147713408.00
20150330;12.14;12.28;12.08;12.25;13019966;158490160.00
20150331;12.28;12.33;12.00;12.04;12016241;145715696.00
20150401;12.06;12.15;11.96;12.15;8865176;107156872.00
20150402;12.17;12.39;12.15;12.35;14157853;173798304.00
20150403;12.30;13.48;12.15;13.36;30202786;385286464.00
20150407;13.28;13.60;13.15;13.50;33073288;443372704.00
20150408;13.53;13.60;13.02;13.44;20861992;278024800.00
20150409;13.45;13.50;12.60;13.10;16410614;214189264.00
20150410;12.89;13.76;12.79;13.63;19932877;263935936.00
20150413;13.69;14.20;13.51;13.86;25819394;359075968.00
20150414;13.80;13.86;13.40;13.57;15654781;213808720.00
20150415;13.57;13.60;12.89;12.90;13622050;180172832.00
20150416;12.76;13.50;12.38;13.40;13811632;179406160.00
20150417;13.32;13.65;13.23;13.48;16257612;218108992.00
20150420;13.53;14.45;13.53;13.96;37289797;523396960.00
20150421;13.96;14.21;13.60;14.18;22469358;314783200.00
20150422;14.21;14.48;14.06;14.13;22634627;321265536.00
20150423;14.00;14.00;13.66;13.85;23212561;320195808.00
20150424;13.63;13.80;13.33;13.60;14269320;193665488.00
20150427;13.62;14.12;13.36;14.10;22171419;304414752.00
20150428;14.03;14.10;13.47;13.64;14232654;195926544.00
20150429;13.45;14.05;13.40;13.99;14434750;199206080.00
20150430;14.03;14.19;13.82;13.95;19566371;274243680.00
20150504;13.98;14.10;13.69;14.09;14851420;207190096.00
20150505;14.12;15.00;13.83;13.91;32351842;464947296.00
20150506;13.71;13.91;12.65;12.74;20721378;276120672.00
20150507;12.60;12.84;11.90;11.97;14033060;171618528.00
20150508;12.20;12.39;12.00;12.36;12121438;147978208.00
20150511;12.46;12.94;12.29;12.87;12731730;160798160.00
20150512;12.85;13.16;12.66;12.97;15737765;202528624.00
20150513;12.84;12.95;12.63;12.69;11718689;149853152.00
20150514;12.71;13.23;12.70;13.18;16696386;217537392.00
20150515;13.18;13.18;12.61;12.75;11308983;145408912.00
20150518;12.70;13.95;12.58;13.65;26671237;356272448.00
20150519;14.48;15.02;14.12;15.02;43905834;651788608.00
20150520;15.38;15.80;14.70;14.77;70110184;1075371776.00
20150521;14.19;15.20;14.19;14.98;32305831;473292160.00
20150522;14.80;16.48;14.47;16.48;48148165;736946880.00
20150525;16.48;17.29;15.82;16.67;46873673;783752128.00
20150526;16.58;17.67;16.35;17.35;37615673;639844224.00
20150527;17.24;19.01;16.78;18.55;45336091;809606528.00
20150528;18.25;20.19;17.13;17.42;55996733;1076567552.00
20150529;17.15;18.00;15.70;16.86;35170798;597697408.00
20150601;17.28;17.84;17.01;17.65;27638676;480599136.00
20150602;17.64;18.86;17.15;18.73;29560763;525170336.00
20150603;18.50;18.99;17.68;18.11;22095707;405636960.00
20150604;18.00;18.08;16.32;17.45;17645419;305320512.00
20150605;17.52;18.05;17.17;17.49;17208692;302826368.00
20150608;17.20;17.49;16.58;17.21;20647314;351957792.00
20150609;17.09;17.45;16.70;17.17;12396471;211773024.00
20150610;17.01;17.85;16.98;17.63;19953424;349267136.00
20150611;17.63;18.46;17.51;18.37;25293954;456236544.00
20150612;18.27;18.65;17.90;18.15;21106448;383991712.00
20150615;18.00;18.30;17.26;17.39;19633107;350144384.00
20150616;17.00;17.00;15.93;16.17;14897103;244885440.00
20150617;16.10;16.61;15.18;16.43;13255964;211923072.00
20150618;16.38;16.49;15.60;15.69;8937607;144072912.00
20150619;15.21;15.50;14.12;14.12;10507118;155200832.00
20150623;14.12;14.55;13.00;14.34;9973128;139472960.00
20150624;14.45;15.05;14.33;15.01;12916643;189878352.00
20150625;15.10;15.20;13.80;14.17;10482304;153483104.00
20150626;13.75;13.79;12.75;12.75;12001016;158196336.00
20150629;13.30;13.45;11.48;11.68;14363277;175571248.00
20150630;11.67;12.78;10.60;12.64;15528158;181095520.00
20150701;12.46;12.98;11.60;11.62;13508777;169577696.00
20150702;11.82;11.97;10.75;11.19;12190388;138927504.00
20150703;11.00;11.39;10.07;10.10;10819820;114122928.00
20150706;11.11;11.11;9.35;10.61;13725785;142888608.00
20150707;10.11;10.37;9.55;9.57;12626344;122588592.00
20150708;8.61;9.78;8.61;9.57;23930765;220697968.00
20150709;9.57;10.53;9.57;10.53;11073955;113498952.00
20150710;11.05;11.58;10.76;11.58;10043304;114968672.00
20150713;12.22;12.74;11.82;12.74;18123936;225392512.00
20150714;12.60;13.23;11.91;12.18;18031981;225771856.00
20150715;11.80;11.97;10.96;10.96;9641409;109075768.00
20150716;10.96;11.49;9.98;11.05;8319288;91337392.00
20150717;11.21;12.13;11.08;12.03;9228387;107519088.00
20150720;12.05;12.35;11.68;11.93;10707210;128379584.00
20150721;11.89;12.19;11.57;12.18;9306643;111726392.00
20150722;12.14;12.34;11.70;12.06;8291419;99707416.00
20150723;12.05;12.78;11.90;12.49;13473091;166767408.00
20150724;12.49;12.64;11.89;12.01;12337312;152686576.00
20150727;11.72;12.01;10.81;10.81;9114936;104814496.00
20150728;10.55;11.23;9.82;11.04;12375974;131067080.00
20150729;11.22;11.68;10.91;11.66;5872574;65837064.00
20150730;11.60;11.95;11.20;11.31;7266988;84580736.00
20150731;11.12;11.49;11.09;11.37;5123802;57773020.00
20150803;11.28;12.51;11.14;12.51;13631055;162189792.00
20150804;13.31;13.49;12.30;13.05;19886427;256982464.00
20150805;12.71;14.03;12.52;13.70;26604008;354994784.00
20150806;13.04;13.42;12.81;13.08;17146956;224630752.00
20150807;13.08;13.52;13.00;13.29;13328039;176619648.00
20150810;13.29;13.99;13.02;13.65;18279218;246202672.00
20150811;13.70;14.40;13.39;13.71;18323772;254701808.00
20150812;13.31;13.58;13.10;13.14;11634194;154781840.00
20150813;13.05;13.92;12.91;13.91;14141391;191447616.00
20150814;13.91;14.99;13.71;14.01;21107802;301056224.00
20150817;13.87;15.27;13.62;14.97;27950861;408384704.00
20150818;14.86;14.90;13.47;13.47;15914624;226592096.00
20150819;12.95;14.48;12.12;13.79;21939369;292871424.00
20150820;13.53;14.20;13.30;13.50;12923842;178179776.00
20150821;13.05;13.44;12.22;12.33;8959874;114470064.00
20150824;11.50;11.91;11.10;11.10;7037297;79073784.00
20150825;10.03;11.16;9.99;9.99;8654152;88220120.00
20150826;10.30;10.97;9.57;10.06;15709879;162428176.00
20150827;10.30;10.80;10.08;10.63;10340072;107424992.00
20150828;10.64;11.60;10.64;11.57;13434428;149719792.00
20150831;11.50;12.18;10.88;11.50;12803121;145799872.00
20150901;11.20;11.30;10.35;10.35;7561506;81964544.00
20150902;9.80;11.00;9.71;10.97;16675175;175776000.00
20150907;10.92;11.49;10.90;11.04;5598610;62870560.00
20150908;10.81;11.55;10.80;11.45;4305002;48302320.00
20150909;11.50;11.84;11.35;11.62;6915906;80162800.00
20150910;11.46;11.73;11.29;11.30;4490300;51655112.00
20150911;11.32;11.47;10.96;11.18;3196515;35869604.00
20150914;11.23;11.34;10.06;10.09;4940818;52148980.00
20150915;9.90;10.05;9.23;9.33;3984414;38685548.00
20150916;9.49;10.26;9.45;10.14;3671660;36132224.00
20150917;10.12;10.46;9.81;9.83;4295444;43654536.00
20150918;10.01;10.19;9.82;10.01;2484181;24776928.00
20150921;9.99;10.44;9.80;10.36;3440948;35216876.00
20150922;10.38;10.52;10.27;10.38;2900342;30120700.00
20150923;10.40;10.95;10.30;10.59;5591188;59753992.00
20150924;10.55;10.70;10.45;10.63;2690687;28458840.00
20150925;10.63;10.96;10.30;10.40;3943786;42022248.00
20150928;10.40;10.61;10.18;10.43;2417090;25064860.00
20150929;10.19;10.39;9.85;10.09;2220141;22485580.00
20150930;10.15;10.25;10.02;10.17;1351931;13733994.00
20151008;10.40;10.79;10.40;10.73;3858136;40871780.00
20151009;10.74;11.14;10.63;11.01;5862890;64103376.00
20151012;11.18;12.07;11.00;11.01;23015284;260959792.00
20151013;11.07;11.42;11.02;11.31;11825971;132801312.00
20151014;11.23;11.30;11.02;11.07;6468849;72062120.00
20151015;10.98;12.18;10.90;12.18;15048913;174442832.00
20151016;12.45;12.60;12.08;12.53;21647117;266758848.00
20151019;12.55;12.56;12.00;12.15;12516461;151983264.00
20151020;12.07;12.20;11.94;12.16;7593134;91757216.00
20151021;12.16;12.22;11.09;11.13;10099185;118329096.00
20151022;11.22;12.24;11.13;12.09;12150005;143107648.00
20151023;12.35;13.25;11.99;13.13;24274520;307979616.00
20151026;13.25;13.78;12.67;13.19;16091234;209953120.00
20151027;12.90;12.96;12.25;12.87;11422459;144146784.00
20151028;12.88;13.59;12.58;12.73;14745906;193189120.00
20151029;12.50;12.88;12.37;12.67;8262102;104066200.00
20151030;12.66;12.81;12.25;12.41;5294918;66086980.00
20151102;12.43;12.46;12.11;12.18;6398645;78576168.00
20151103;12.15;12.49;12.12;12.25;4925825;60443996.00
20151104;12.29;12.97;12.29;12.90;9721886;123017824.00
20151105;13.06;13.17;12.74;12.82;11441386;148027536.00
20151106;12.81;13.16;12.81;13.13;11666594;151437216.00
20151109;13.30;14.18;13.30;13.51;22528619;306892288.00
20151110;13.61;13.75;12.90;12.97;27200034;362221600.00
20151111;13.10;13.28;12.96;13.22;12623333;165259632.00
20151112;13.30;13.45;12.94;13.36;13140410;173194912.00
20151113;13.22;13.59;13.00;13.39;12225125;162783024.00
20151116;13.17;14.39;13.07;14.30;25825409;361851520.00
20151117;14.50;14.69;14.03;14.26;20875799;299826112.00
20151118;14.16;14.35;13.86;13.96;10057394;142038240.00
20151119;14.26;14.44;13.75;14.21;10217699;143698240.00
20151120;14.28;14.28;13.94;14.16;8510665;119988024.00
20151123;14.20;14.96;14.16;14.65;12680943;184382176.00
20151124;14.50;14.66;14.00;14.44;8147855;116783104.00
20151125;14.40;14.54;14.30;14.48;5708121;82219320.00
20151126;14.42;14.58;14.04;14.07;6927955;98769040.00
20151127;14.00;14.00;12.70;13.14;8975898;122504488.00
20151130;13.04;14.18;12.67;13.91;8335200;112191592.00
20151201;13.97;14.14;13.60;13.77;5820525;81013400.00
20151202;13.95;13.96;13.25;13.56;3777321;51284920.00
20151203;13.58;13.80;13.46;13.78;3278157;44698400.00
20151204;13.73;14.38;13.64;14.32;9543478;135311888.00
20151207;14.29;14.65;14.11;14.58;7126076;102809504.00
20151208;14.47;14.47;14.00;14.18;5791989;82245912.00
20151209;14.00;14.34;13.91;13.98;3534904;49941088.00
20151210;13.95;14.20;13.80;13.87;2677586;37465204.00
20151211;13.89;13.89;13.39;13.50;3147889;42795396.00
20151214;13.40;13.85;13.21;13.81;3671880;49641352.00
20151215;13.81;13.95;13.63;13.69;3566462;49171840.00
20151216;13.69;13.95;13.55;13.59;3358456;46054544.00
20151217;13.68;14.19;13.63;14.17;5511289;77126696.00
20151218;13.96;14.27;13.79;13.97;5664610;79154344.00
20151221;13.85;14.43;13.82;14.41;7926362;112459264.00
20151222;14.50;14.55;14.16;14.35;5276916;75653248.00
20151223;14.35;14.40;14.00;14.05;5269873;74912952.00
20151224;14.05;14.40;13.72;14.39;5667589;79603536.00
20151225;14.50;15.83;14.50;15.50;17543760;271091136.00
20151228;15.39;15.78;14.78;15.24;11327214;172584320.00
20151229;15.11;15.15;14.75;15.04;5700050;85187848.00
20151230;15.00;15.59;14.96;15.39;5872041;89335736.00
20151231;15.20;15.54;15.10;15.19;4186225;64089328.00
20160104;14.99;15.16;13.76;13.84;4151619;59952128.00
20160105;12.75;13.80;12.75;13.33;5628908;74661520.00
20160106;13.47;13.82;13.00;13.59;4739352;63632052.00
20160107;13.35;13.35;12.23;12.23;1272200;16087038.00
20160108;12.52;12.80;11.22;12.43;6177785;75656752.00
20160111;11.95;12.42;11.19;11.19;5063266;58494544.00
20160112;11.24;11.48;10.50;11.30;4459652;49290228.00
20160113;11.36;11.48;10.78;10.79;4110282;45870612.00
20160114;10.01;11.23;10.01;11.11;5192535;55689912.00
20160115;10.94;11.02;10.20;10.28;3755337;39905784.00
20160118;10.11;10.68;9.90;10.48;2755522;28628916.00
20160119;10.45;10.97;10.45;10.91;3040870;32708772.00
20160120;10.78;11.20;10.78;10.98;3470733;38117212.00
20160121;10.83;11.10;10.29;10.35;3767049;40450012.00
20160122;10.48;10.99;10.20;10.58;3919775;41228032.00
20160125;10.70;10.87;10.63;10.77;2401353;25862332.00
20160126;10.68;10.68;9.69;9.69;4785717;48504724.00
20160127;9.75;9.93;8.72;9.24;8159155;74115144.00
20160128;9.00;9.18;8.58;8.65;3972246;35194144.00
20160129;8.80;9.15;8.60;9.02;5946458;52897912.00
20160201;9.00;9.07;8.73;8.90;2736004;24358224.00
20160202;8.97;9.24;8.90;9.17;3585082;32694216.00
20160203;9.04;9.20;8.93;9.20;2561600;23225820.00
20160204;9.17;9.60;9.17;9.43;3550455;33410660.00
20160205;9.44;9.62;9.33;9.45;3360596;32004036.00
20160215;9.16;9.32;8.94;9.23;3239461;29466516.00
20160216;9.27;9.64;9.24;9.62;4065794;38801664.00
20160217;9.65;9.75;9.48;9.72;3529347;33996924.00
20160218;9.89;9.89;9.55;9.61;4682686;45457288.00
20160219;9.52;9.65;9.51;9.62;3427018;32894324.00
20160222;9.69;9.87;9.66;9.83;4637149;45310948.00
20160223;9.86;9.94;9.61;9.93;5005228;48835984.00
20160224;9.81;9.95;9.70;9.90;4436093;43708044.00
20160225;9.88;10.10;9.00;9.15;9288989;90319384.00
20160226;9.26;9.48;8.98;9.29;5344424;49235664.00
20160229;9.24;9.24;8.45;8.58;6408639;55211776.00
20160301;8.58;8.78;8.39;8.71;4865953;41852548.00
20160302;8.83;9.17;8.78;9.14;6071584;54471232.00
20160303;9.14;9.28;9.03;9.14;5142289;47080232.00
20160304;9.13;9.17;8.70;8.82;5132000;45924252.00
20160307;8.85;9.15;8.85;9.06;3665039;33134324.00
20160308;9.10;9.21;8.75;9.20;5087882;45925924.00
20160309;9.10;9.12;8.88;8.98;2833503;25504142.00
20160310;9.01;9.09;8.87;8.89;2447925;21978828.00
20160311;8.82;8.98;8.73;8.90;2229222;19722320.00
20160314;8.95;9.26;8.95;9.14;5656001;51682120.00
20160315;9.13;9.16;8.95;9.04;3683482;33389474.00
20160316;9.11;9.12;8.85;8.90;3139157;28201112.00
20160317;8.95;9.17;8.94;9.11;4298315;38987800.00
20160318;9.13;9.45;9.11;9.41;7242974;67553040.00
20160321;9.46;10.18;9.45;10.09;13498451;132555312.00
20160322;10.09;11.10;9.92;11.10;22179838;236433456.00
20160323;11.03;11.27;10.79;11.03;18264712;201128064.00
20160324;11.13;11.89;10.95;11.56;24950686;283903584.00
20160325;11.70;11.86;11.30;11.51;19350951;222655552.00
20160328;11.50;11.89;11.33;11.68;21795252;253839888.00
20160329;11.75;11.94;11.29;11.39;19374199;223862176.00
20160330;11.05;11.48;10.89;11.33;17142191;191249584.00
20160331;11.31;11.31;11.03;11.10;10886698;121279760.00
20160401;11.00;11.02;10.60;10.76;9865477;105800976.00
20160405;10.85;11.08;10.70;11.03;8411694;92048000.00
20160406;11.07;11.19;10.84;11.06;9202757;101615584.00
20160407;11.15;11.18;10.66;10.69;7405769;80668520.00
20160408;10.65;10.95;10.49;10.90;6810423;72852064.00
20160411;10.90;11.20;10.90;11.14;10508559;116551224.00
20160412;11.15;11.25;10.70;11.01;7259685;79191880.00
20160413;10.96;11.23;10.96;11.05;9202343;102519664.00
20160414;11.06;11.19;10.97;11.18;5788453;64244272.00
20160415;11.27;11.68;11.21;11.29;12436263;142289744.00
20160418;11.22;11.22;10.90;10.90;6540923;71769672.00
20160419;10.89;11.06;10.73;10.80;5525184;59806348.00
20160420;10.81;10.91;9.88;10.14;8409275;86707168.00
20160421;10.12;10.29;9.96;10.12;4405533;44791448.00
20160422;10.15;10.49;9.50;10.45;5049736;51553604.00
20160425;10.20;10.54;10.12;10.40;4049080;42059224.00
20160426;10.41;10.60;10.28;10.42;3524018;36605164.00
20160427;10.41;10.53;10.03;10.16;5977186;61270588.00
20160428;10.15;10.19;9.95;10.09;4388261;44054048.00
20160429;10.09;10.30;10.09;10.17;3232640;32989084.00
20160503;10.22;10.45;10.09;10.44;4215992;43496032.00
20160504;10.44;10.49;10.35;10.38;4086477;42527604.00
20160505;10.45;10.60;10.39;10.59;5239814;55230708.00
20160506;10.58;10.72;10.20;10.21;6094919;63576868.00
20160509;10.15;10.19;9.55;9.65;6294222;61795192.00
20160510;9.59;9.80;9.59;9.70;3473864;33594964.00
20160511;9.74;9.77;9.50;9.59;2989372;28797662.00
20160512;9.49;9.54;9.21;9.41;2843422;26592262.00
20160513;9.30;9.52;9.30;9.38;2321894;21867496.00
20160516;9.37;9.55;9.30;9.52;2760070;26133576.00
20160517;9.53;9.58;9.39;9.47;2788025;26439670.00
20160518;9.41;9.41;9.02;9.13;3857431;35478380.00
20160519;9.17;9.34;9.13;9.20;2698835;24934796.00
20160520;9.19;9.45;9.07;9.44;3921880;36445120.00
20160523;9.43;9.55;9.38;9.48;3254149;30804320.00
20160524;9.50;9.55;9.36;9.42;3379045;31852430.00
20160525;9.48;9.60;9.40;9.47;2659700;25197312.00
20160526;9.48;9.52;9.33;9.52;3171282;29868876.00
20160527;9.51;9.53;9.41;9.45;2281362;21609124.00
20160530;9.40;9.48;9.31;9.39;1938135;18212720.00
20160531;9.44;9.81;9.41;9.78;5774594;55766384.00
20160601;9.78;10.18;9.72;10.10;5437378;53488628.00
20160602;10.10;10.30;9.97;10.28;10211557;104255616.00
20160603;10.29;10.29;10.03;10.12;6023112;61172448.00
20160606;10.13;10.20;10.04;10.07;3758318;37983592.00
20160607;10.05;10.11;9.92;10.05;3616328;36199064.00
20160608;10.06;10.14;9.95;10.09;3256560;32685220.00
20160613;9.97;9.99;9.47;9.50;4252093;41725460.00
20160614;9.49;9.57;9.38;9.53;2389141;22654980.00
20160615;9.41;9.88;9.38;9.77;3984051;38688068.00
20160616;9.75;9.82;9.65;9.69;3048147;29704542.00
20160617;9.73;9.85;9.69;9.77;4409179;43130992.00
20160620;9.77;9.83;9.62;9.79;2370977;23083256.00
20160621;9.80;9.94;9.79;9.81;4366042;43039128.00
20160622;9.76;10.00;9.75;9.99;3704912;36594628.00
20160623;9.89;9.90;9.63;9.68;3170908;30801668.00
20160624;9.63;9.77;9.28;9.44;4714659;44865480.00
20160627;9.36;9.65;9.36;9.63;2811566;26857558.00
20160628;9.63;9.80;9.58;9.78;4346634;42228076.00
20160629;9.84;9.94;9.76;9.89;5342878;52661464.00
20160630;9.91;9.98;9.78;9.95;4504312;44475208.00
