20110603;18.05;18.83;18.05;18.34;17708363;325953344.00
20110607;18.52;18.69;17.91;18.16;6416110;116757696.00
20110608;18.06;18.07;17.29;17.40;8064406;141049744.00
20110609;17.40;17.53;17.01;17.02;3963670;68403784.00
20110610;16.95;17.08;16.61;16.94;3933988;66128272.00
20110613;16.72;16.95;16.62;16.80;2244350;37604852.00
20110614;16.80;17.04;16.71;16.91;2403592;40631824.00
20110615;16.91;16.91;16.61;16.62;2282812;38249388.00
20110616;16.45;16.45;15.91;15.92;2649967;42737212.00
20110617;15.90;16.01;15.54;15.56;1487568;23557894.00
20110620;15.50;15.95;15.50;15.74;1158882;18132940.00
20110621;15.66;16.07;15.66;16.00;1885755;29954396.00
20110622;16.10;16.10;15.71;15.88;1169767;18575920.00
20110623;15.80;17.18;15.79;16.96;6080163;101252704.00
20110624;16.90;17.65;16.90;17.24;5734548;99871496.00
20110628;17.41;17.69;17.37;17.39;3014819;52867240.00
20110629;17.31;17.45;17.12;17.17;1314070;22733252.00
20110630;17.20;18.34;17.20;18.01;4951714;89102448.00
20110701;18.10;18.30;17.83;18.18;1633205;29534192.00
20110704;18.20;19.16;18.07;18.53;3216019;60065728.00
20110705;18.52;18.77;18.08;18.23;1831917;33588420.00
20110706;18.11;18.35;17.87;18.26;2563612;46282192.00
20110707;18.27;18.81;18.13;18.40;2070237;38318416.00
20110708;18.38;18.54;18.20;18.34;1185976;21748800.00
20110711;18.35;18.49;18.22;18.32;2351809;43168120.00
20110712;18.34;18.38;17.78;17.83;1945593;34895368.00
20110713;17.82;18.42;17.82;18.27;1586199;28904480.00
20110714;18.30;18.73;18.27;18.70;3417453;63232364.00
20110715;18.71;18.98;18.50;18.95;2817847;52978664.00
20110718;19.01;20.11;19.00;20.00;14287042;282800192.00
20110719;19.70;20.07;19.60;19.98;4486451;89086200.00
20110720;19.99;20.19;19.71;20.07;4703161;94164416.00
20110721;20.10;20.12;19.51;19.55;2364746;46699500.00
20110722;19.53;19.68;18.90;19.51;2727319;52606460.00
20110725;19.25;19.43;18.86;19.08;2426590;46388540.00
20110726;18.96;19.25;18.69;18.87;1048631;19784968.00
20110727;18.87;19.51;18.55;19.46;2002786;38390332.00
20110728;19.31;19.75;19.08;19.70;2197765;42607244.00
20110729;19.56;20.08;19.56;19.91;3678882;73270248.00
20110802;19.99;19.99;19.41;19.77;1281499;25084314.00
20110803;19.55;19.88;19.28;19.40;1525398;29804264.00
20110804;19.40;19.77;19.34;19.73;918411;18002272.00
20110805;19.10;20.05;18.81;19.73;1709307;33528000.00
20110808;19.64;19.68;18.08;18.53;2619070;49940128.00
20110809;18.29;19.26;17.90;19.03;2069971;38843568.00
20110810;19.26;19.48;18.85;18.92;1462227;27992520.00
20110811;18.55;20.10;18.55;20.01;2739027;53653096.00
20110812;20.10;20.62;19.80;20.44;10034999;204306208.00
20110815;20.47;20.50;20.22;20.42;3772743;76862216.00
20110816;20.35;20.66;20.06;20.29;2983960;60724020.00
20110817;20.30;20.50;19.85;19.92;2183498;43845676.00
20110818;19.96;20.06;19.73;19.76;1937419;38428944.00
20110819;19.20;19.51;19.06;19.38;1630151;31545672.00
20110822;19.47;19.57;19.20;19.38;894394;17358136.00
20110823;19.35;19.91;19.35;19.88;1110252;21878190.00
20110824;20.10;20.13;19.66;19.68;1118338;22234948.00
20110825;19.71;20.18;19.37;19.99;1847384;36580720.00
20110829;19.94;20.23;19.85;20.12;1628768;32682806.00
20110830;20.14;20.24;19.15;19.27;2366062;46521808.00
20110831;19.37;19.43;19.02;19.12;852601;16330707.00
20110901;19.20;19.26;19.01;19.05;906583;17297992.00
20110902;19.03;19.14;18.78;18.93;1126028;21273388.00
20110905;18.79;18.97;18.04;18.30;2280905;41826272.00
20110906;18.08;18.33;17.91;18.26;2127212;38556488.00
20110907;18.35;18.55;18.09;18.43;2243357;41179088.00
20110908;18.48;18.75;18.48;18.55;1956045;36398232.00
20110909;18.55;18.72;18.17;18.22;872956;16079547.00
20110913;18.00;18.10;17.61;17.93;1360460;24309618.00
20110914;17.98;18.27;17.90;18.25;1822922;32936544.00
20110915;18.35;18.47;18.15;18.40;583121;10729208.00
20110916;18.41;18.54;18.01;18.09;924339;16837302.00
20110919;18.03;18.37;17.95;18.30;392655;7148147.00
20110920;18.30;18.55;18.13;18.35;651412;11985796.00
20110921;18.41;18.83;18.22;18.80;931549;17358712.00
20110922;18.62;19.01;18.54;18.75;1059056;19869220.00
20110923;18.39;18.98;18.37;18.86;1214128;22871146.00
20110926;18.80;19.20;18.73;18.89;1943283;36967312.00
20110927;18.87;19.10;18.83;19.00;1099260;20860562.00
20110928;19.15;19.26;18.61;19.10;1791138;34145704.00
20110929;18.91;19.49;18.80;18.90;1110092;21210598.00
20110930;18.80;18.80;18.20;18.48;3581987;66221716.00
20111010;18.50;18.79;18.13;18.74;616482;11406987.00
20111011;18.88;19.20;18.41;18.55;853058;16073893.00
20111012;18.30;19.14;18.30;19.04;801580;15082954.00
20111013;19.05;19.62;18.92;19.54;1688186;32718454.00
20111014;19.54;19.77;19.11;19.56;1402130;27438624.00
20111017;19.88;19.88;19.26;19.49;553277;10775624.00
20111018;19.40;19.59;18.90;19.19;1047577;20114588.00
20111019;19.27;19.27;18.80;19.04;389640;7406440.00
20111020;18.99;19.09;18.57;18.75;1706643;32123282.00
20111021;18.75;18.93;18.65;18.78;194079;3644370.00
20111024;18.78;19.18;18.40;19.03;644634;12097879.00
20111025;19.03;19.55;18.91;19.48;1123711;21825056.00
20111026;19.48;19.65;19.40;19.48;751536;14681993.00
20111027;19.60;19.97;19.41;19.47;1096136;21560524.00
20111028;19.47;19.80;19.20;19.29;1885344;36514160.00
20111031;19.49;19.68;18.75;19.56;2293612;43835896.00
20111101;19.18;19.63;19.12;19.30;1567630;30403062.00
20111102;19.00;19.53;18.96;19.52;703206;13589652.00
20111103;19.52;19.87;19.50;19.56;2832040;55836624.00
20111104;19.60;19.86;19.46;19.59;1142691;22474502.00
20111107;20.20;20.99;19.89;19.94;5048763;102815304.00
20111108;19.69;20.00;19.51;19.72;2033376;40054880.00
20111109;19.64;19.88;19.21;19.80;2802891;54709108.00
20111110;19.50;19.57;19.20;19.29;3484715;67549384.00
20111111;19.40;19.40;18.96;19.08;1284931;24619828.00
20111114;19.29;19.57;19.15;19.43;1724645;33394356.00
20111115;19.46;19.53;19.31;19.44;692289;13457626.00
20111116;19.47;19.48;19.15;19.20;1690583;32760108.00
20111117;19.19;19.46;19.19;19.39;654738;12669753.00
20111118;19.39;19.39;18.99;19.22;1075175;20545524.00
20111121;19.20;19.43;19.00;19.32;584537;11258620.00
20111122;19.16;19.43;19.13;19.42;363840;7008574.00
20111123;19.47;19.58;19.31;19.37;791224;15390948.00
20111124;19.26;19.40;18.60;18.65;630625;12000267.00
20111128;18.70;18.71;17.80;18.15;1722355;31132404.00
20111129;18.21;19.05;18.08;18.90;1076384;20090894.00
20111130;18.78;18.99;18.05;18.48;628366;11549593.00
20111201;18.70;18.87;18.31;18.40;1344237;24988898.00
20111202;18.40;18.44;18.00;18.05;749687;13569392.00
20111205;18.10;18.20;17.44;17.61;936436;16497390.00
20111206;17.68;17.95;17.35;17.51;1057820;18540380.00
20111207;17.55;17.60;17.33;17.56;614589;10727846.00
20111208;17.55;17.66;17.31;17.56;409576;7166172.00
20111209;17.55;17.55;17.35;17.50;156130;2719520.00
20111212;17.52;17.80;17.30;17.73;575685;10112994.00
20111213;17.73;17.75;17.33;17.53;683910;11988708.00
20111214;17.37;17.64;16.32;16.95;1894165;31827756.00
20111215;16.70;17.20;16.53;16.70;504670;8427429.00
20111216;16.80;16.99;16.60;16.88;606973;10235412.00
20111219;16.96;17.07;16.00;17.01;421690;6998715.00
20111220;17.01;17.19;16.60;16.87;503511;8552894.00
20111221;16.91;17.02;16.50;16.70;227463;3838065.00
20111222;16.85;16.85;16.10;16.30;489599;8006408.00
20111223;16.16;16.40;16.08;16.26;674069;10931409.00
20111226;16.29;16.46;16.14;16.32;257524;4197236.00
20111227;16.16;16.30;15.80;15.81;533209;8494749.00
20111228;15.81;16.00;14.91;15.00;3286877;49970272.00
20111229;15.00;15.50;14.80;15.29;1165495;17741544.00
20111230;15.29;16.18;15.20;15.45;1851243;29242730.00
20120104;15.56;16.14;15.55;15.67;1086599;17195616.00
20120105;15.88;15.89;15.41;15.50;374873;5888838.00
20120106;15.46;15.80;15.46;15.65;558375;8710504.00
20120109;15.74;16.18;15.52;16.14;601453;9627113.00
20120110;15.91;16.66;15.89;16.54;1570829;25813284.00
20120111;16.53;16.54;16.25;16.29;448395;7366999.00
20120112;16.28;16.40;15.80;15.89;352626;5688531.00
20120113;15.87;15.92;14.86;15.41;1479999;22500124.00
20120116;15.31;15.38;15.05;15.06;162963;2474908.00
20120117;15.02;15.70;15.00;15.66;614733;9500444.00
20120118;15.70;15.93;15.52;15.58;497019;7799060.00
20120119;15.51;17.14;15.34;16.60;1143299;18744868.00
20120120;16.70;17.00;16.21;16.99;630945;10521864.00
20120130;16.99;16.99;16.20;16.47;467391;7702393.00
20120131;16.45;16.51;16.15;16.49;188516;3071753.00
20120201;16.30;16.54;16.22;16.30;160241;2627003.00
20120202;16.20;16.37;16.11;16.30;1158699;18821912.00
20120203;16.26;16.38;15.98;16.19;1894993;30584632.00
20120206;16.16;16.48;16.11;16.39;1150309;18739216.00
20120207;16.37;16.37;15.66;15.74;1028756;16306655.00
20120208;15.70;16.08;15.52;16.06;1493438;23580332.00
20120209;16.07;16.17;15.91;16.09;1802849;28924776.00
20120210;16.08;16.19;16.00;16.10;832937;13410730.00
20120213;16.08;16.37;15.98;16.35;3081793;49787364.00
20120214;16.33;16.33;15.85;16.03;4342725;69615264.00
20120215;15.90;16.19;15.60;16.17;5498049;87708760.00
20120216;16.22;16.28;15.93;16.06;2267991;36521504.00
20120217;16.15;16.26;15.93;16.08;1892496;30479620.00
20120220;16.28;16.28;16.13;16.20;2192269;35524436.00
20120221;16.25;16.73;16.20;16.72;5242564;86369664.00
20120222;16.52;16.80;16.45;16.68;3433345;57077048.00
20120223;16.66;16.89;16.48;16.72;2556576;42575388.00
20120224;16.68;17.00;16.54;16.95;2637253;44219140.00
20120227;16.95;17.27;16.85;16.89;2809162;48026760.00
20120228;16.80;17.13;16.50;17.09;1720326;28820608.00
20120229;16.90;17.30;16.70;17.06;3520626;59700132.00
20120301;17.17;17.17;16.79;16.84;1578389;26593952.00
20120302;16.84;16.99;16.84;16.98;1519051;25692012.00
20120305;16.99;17.08;16.76;16.77;1206322;20386792.00
20120306;16.75;16.78;16.37;16.45;1389755;22900776.00
20120307;16.15;16.54;16.15;16.35;1025034;16792720.00
20120308;16.40;16.62;16.29;16.49;1464094;24119428.00
20120309;16.54;16.77;16.44;16.76;1334336;22198448.00
20120312;16.81;17.10;16.71;17.00;2213941;37477868.00
20120313;17.00;17.10;16.85;17.03;1684147;28556836.00
20120314;17.06;17.15;16.11;16.51;2666527;44807424.00
20120315;16.50;16.59;16.13;16.44;1318475;21572212.00
20120316;16.55;16.96;16.52;16.92;1965682;32923332.00
20120319;17.23;17.83;17.13;17.24;3666831;63803304.00
20120320;17.22;17.36;16.82;16.89;2153386;36693264.00
20120321;17.00;17.10;16.57;16.73;1556523;26102796.00
20120322;16.81;16.94;16.65;16.87;838089;14059527.00
20120323;16.71;16.77;16.32;16.42;1087124;17979452.00
20120326;16.47;16.48;16.18;16.28;1368643;22272476.00
20120327;16.39;16.39;15.62;15.74;2425611;38642800.00
20120328;15.80;15.97;15.00;15.11;3241680;50247752.00
20120329;15.09;15.34;14.90;15.07;1482736;22439724.00
20120330;15.14;15.18;14.90;15.07;1196225;18000252.00
20120405;15.08;15.66;15.01;15.51;1263522;19439594.00
20120406;15.49;15.56;15.35;15.44;786986;12158408.00
20120409;15.38;15.45;15.06;15.08;666223;10157002.00
20120410;15.02;15.42;14.92;15.40;1365206;20626824.00
20120411;15.31;15.40;15.11;15.30;1153415;17589724.00
20120412;15.30;15.60;15.21;15.59;1959588;30271730.00
20120413;15.60;15.70;15.43;15.70;2361324;36784896.00
20120416;15.60;15.65;15.39;15.58;1619462;25123538.00
20120417;15.52;15.57;15.37;15.38;944925;14615884.00
20120418;15.39;15.78;15.33;15.68;1769890;27569832.00
20120419;15.74;15.81;15.52;15.58;1784053;27901894.00
20120423;15.71;15.75;15.20;15.27;1780858;27505068.00
20120424;15.19;15.49;15.00;15.17;2228140;33927348.00
20120425;15.19;15.29;15.06;15.24;2051005;31129492.00
20120426;15.27;15.51;15.25;15.44;1921856;29585580.00
20120427;15.42;15.83;15.42;15.70;3846134;60285256.00
20120502;15.88;15.95;15.70;15.89;3079456;48698592.00
20120503;15.80;16.09;15.75;15.95;2384833;37925380.00
20120504;15.89;16.18;15.84;15.97;2345541;37509828.00
20120507;15.98;16.04;15.86;16.00;1737644;27749224.00
20120508;16.10;16.15;15.90;16.10;2392370;38354664.00
20120509;16.06;16.06;15.81;15.92;1762577;28027708.00
20120510;15.51;15.51;15.33;15.34;964685;14857856.00
20120511;15.45;15.45;15.12;15.16;1029707;15704637.00
20120514;15.25;15.33;15.10;15.18;963752;14641754.00
20120515;15.17;15.28;15.02;15.23;1019847;15464358.00
20120516;15.18;15.65;15.11;15.43;3056471;47313968.00
20120517;15.42;15.58;15.38;15.50;1687998;26144476.00
20120518;15.42;15.50;15.15;15.27;1202608;18336654.00
20120521;15.30;15.45;15.15;15.31;606901;9269067.00
20120522;15.41;15.41;15.29;15.37;1108018;17001680.00
20120523;15.43;15.53;15.25;15.45;1567464;24181408.00
20120524;15.45;15.54;15.37;15.45;1386128;21443182.00
20120525;15.40;15.50;14.91;14.98;1595675;24122200.00
20120528;14.85;14.99;13.98;14.34;3152982;45091984.00
20120529;14.36;14.67;14.29;14.60;4897652;70460224.00
20120530;14.68;15.08;14.68;14.91;3839297;57202288.00
20120531;14.78;14.95;14.73;14.83;1447247;21443748.00
20120601;14.90;15.04;14.77;14.81;977701;14512704.00
20120604;14.64;14.64;14.36;14.37;1341925;19490478.00
20120605;14.37;14.50;14.30;14.46;922425;13300949.00
20120606;14.30;14.63;14.30;14.39;531205;7665665.00
20120607;14.55;14.55;14.20;14.35;631122;9047598.00
20120608;14.41;14.49;14.15;14.17;789730;11267131.00
20120611;14.28;14.46;14.15;14.45;1018881;14618808.00
20120612;14.32;14.40;14.19;14.19;616090;8789737.00
20120613;14.20;14.42;14.19;14.39;1660258;23780686.00
20120614;14.33;14.61;14.29;14.43;1522635;22081336.00
20120615;14.46;14.65;14.41;14.60;1294969;18833448.00
20120618;14.67;14.99;14.60;14.78;2560861;37961836.00
20120619;14.78;15.04;14.74;14.83;3399969;50787236.00
20120620;14.90;15.00;14.67;14.70;1548454;22893296.00
20120621;14.65;14.75;14.55;14.71;880099;12889207.00
20120625;14.71;14.73;14.38;14.40;679567;9926617.00
20120626;14.37;14.54;14.23;14.51;599300;8627539.00
20120627;14.51;14.85;14.38;14.68;1128154;16541608.00
20120628;14.79;14.79;14.55;14.55;510494;7477648.00
20120629;14.52;14.89;14.50;14.87;961793;14170264.00
20120702;14.91;14.93;14.66;14.85;1187215;17600116.00
20120703;14.85;14.95;14.55;14.64;2349410;34604372.00
20120704;14.64;14.69;14.34;14.40;1295705;18801106.00
20120705;14.32;14.40;13.95;14.01;1751227;24669998.00
20120706;14.09;14.14;13.81;14.12;2789429;39014340.00
20120709;14.01;14.08;13.90;14.00;1319136;18444288.00
20120710;14.08;14.08;13.89;13.90;1572400;21947750.00
20120711;13.93;13.97;13.72;13.77;1513416;20936358.00
20120712;13.71;13.92;13.60;13.82;1419975;19582204.00
20120713;13.82;13.98;13.62;13.66;2367252;32580436.00
20120716;13.69;13.75;12.82;12.90;3028753;39901088.00
20120717;12.87;13.48;12.81;13.10;665988;8649886.00
20120718;13.08;13.30;12.80;13.24;1094334;14221779.00
20120719;13.09;13.40;13.09;13.29;1373201;18229772.00
20120720;13.22;13.33;12.92;13.20;1566954;20509248.00
20120723;13.10;13.14;12.90;13.08;744511;9668540.00
20120724;12.98;13.21;12.98;13.09;462898;6062086.00
20120725;13.02;13.21;12.98;13.07;817964;10700477.00
20120726;13.12;13.20;13.02;13.10;540247;7064892.00
20120727;13.09;13.24;13.04;13.17;824393;10804302.00
20120730;13.14;13.26;12.92;13.18;1075406;14101509.00
20120731;13.04;13.15;12.92;12.97;1341257;17465804.00
20120801;13.01;13.37;12.88;13.04;2901995;37950072.00
20120802;13.04;13.04;12.60;12.70;1762591;22552262.00
20120803;12.90;13.15;12.80;13.11;1600977;20896086.00
20120806;13.02;13.50;12.98;13.42;2028555;26875358.00
20120807;13.45;13.80;13.40;13.75;2509395;34355088.00
20120808;13.72;13.87;13.61;13.78;1993180;27402360.00
20120809;13.66;13.90;13.63;13.89;1610809;22194776.00
20120810;13.80;13.91;13.67;13.77;952944;13151003.00
20120813;13.83;13.83;13.47;13.49;1053511;14305739.00
20120814;13.57;13.57;13.26;13.50;907272;12142102.00
20120815;13.49;13.62;13.20;13.35;1298282;17367092.00
20120816;13.26;13.40;13.20;13.37;471739;6281799.00
20120817;13.37;13.57;13.23;13.37;546705;7286292.00
20120820;13.38;13.45;13.22;13.40;427536;5703000.00
20120821;13.40;13.65;13.33;13.58;535163;7249535.00
20120822;13.65;13.74;13.39;13.44;354009;4783122.00
20120823;13.38;13.55;13.38;13.54;346063;4663933.00
20120824;13.44;13.54;13.30;13.36;344256;4612112.00
20120827;13.26;13.36;13.01;13.11;470662;6174670.00
20120828;13.00;13.30;12.93;13.28;689258;9021781.00
20120829;13.25;13.26;13.06;13.16;192962;2533743.00
20120830;13.05;13.13;12.95;13.07;543859;7090489.00
20120831;13.05;13.10;13.02;13.08;287990;3759553.00
20120903;13.08;13.23;12.99;13.22;411272;5410545.00
20120904;13.21;13.32;13.13;13.27;623311;8241610.00
20120905;13.26;13.35;13.06;13.27;416357;5519089.00
20120906;13.24;13.43;13.20;13.43;599267;7993584.00
20120907;13.46;14.00;13.36;13.86;2228409;30657524.00
20120910;13.76;13.95;13.72;13.81;1079368;14900302.00
20120911;13.80;13.91;13.67;13.87;992005;13688917.00
20120912;13.87;13.97;13.82;13.91;1023151;14218006.00
20120913;13.93;13.95;13.67;13.72;556038;7684311.00
20120914;13.76;13.88;13.62;13.82;833265;11452108.00
20120917;13.78;13.80;13.36;13.45;590196;8000735.00
20120918;13.37;13.46;13.28;13.40;268278;3587763.00
20120919;13.32;13.58;13.30;13.49;745876;10020457.00
20120920;13.50;13.50;13.00;13.25;599101;7956100.00
20120921;13.21;13.33;13.08;13.28;340129;4496091.00
20120924;13.27;13.47;13.06;13.36;742406;9878251.00
20120925;13.17;13.64;13.17;13.37;1294944;17410466.00
20120926;13.30;13.50;13.21;13.39;479511;6420064.00
20120927;13.36;13.90;13.31;13.77;1022772;13941167.00
20120928;13.70;13.97;13.60;13.94;1283691;17729936.00
20121008;13.90;13.95;13.65;13.75;716250;9864821.00
20121009;13.77;14.10;13.71;14.09;1361505;18946372.00
20121010;14.02;14.19;13.88;14.02;1217375;17000000.00
20121011;13.99;13.99;13.70;13.90;699104;9657676.00
20121012;13.89;13.93;13.75;13.89;470874;6518516.00
20121015;13.82;14.34;13.80;14.31;1976894;27874528.00
20121016;14.30;14.33;14.07;14.21;1457844;20664394.00
20121017;14.18;14.39;14.06;14.34;1268232;18063836.00
20121018;14.38;14.41;14.24;14.32;853659;12247835.00
20121019;14.38;14.42;14.08;14.21;1018460;14563283.00
20121022;14.15;14.20;13.90;14.12;1735148;24338938.00
20121023;14.30;14.30;13.89;13.95;756890;10572845.00
20121024;13.96;13.96;13.77;13.80;658227;9124319.00
20121025;13.86;13.86;13.60;13.61;854636;11730245.00
20121026;13.58;13.63;13.03;13.37;1644027;21848212.00
20121029;13.20;13.30;12.96;13.15;988470;12992684.00
20121030;13.16;13.24;13.10;13.20;717913;9468536.00
20121031;13.22;13.22;12.98;13.09;923296;12061037.00
20121101;13.15;13.31;13.15;13.30;1394634;18443920.00
20121102;13.30;13.33;13.10;13.27;800864;10584022.00
20121105;13.26;13.34;12.98;13.10;1059209;13879296.00
20121106;13.10;13.10;12.80;12.97;1317267;17019066.00
20121107;12.99;13.07;12.92;12.99;863160;11222056.00
20121108;12.96;12.99;12.75;12.79;1456707;18741190.00
20121109;12.81;12.85;12.62;12.64;980248;12460850.00
20121112;12.79;12.87;12.46;12.62;1281350;16122305.00
20121113;12.61;12.62;12.10;12.35;1455444;17946132.00
20121114;12.28;12.37;12.00;12.24;1215138;14746879.00
20121115;12.12;12.30;12.08;12.18;1183149;14385019.00
20121116;12.18;12.41;12.08;12.34;988966;12155405.00
20121119;12.40;12.42;12.21;12.36;919413;11321716.00
20121120;12.36;12.42;12.33;12.36;845823;10442936.00
20121121;12.40;12.67;12.22;12.59;784774;9798383.00
20121122;12.65;12.72;12.45;12.62;1575741;19792968.00
20121123;12.69;12.69;12.52;12.61;1208243;15214985.00
20121126;12.61;12.61;12.21;12.30;438105;5444995.00
20121127;12.39;12.41;12.22;12.27;1393778;17239000.00
20121128;12.26;12.49;12.25;12.28;1244174;15395990.00
20121129;12.36;12.36;11.75;12.26;1070274;12908907.00
20121130;12.04;12.53;12.02;12.49;792374;9770916.00
20121203;12.49;12.66;12.20;12.30;257874;3196028.00
20121204;12.35;12.49;11.81;12.40;444553;5467468.00
20121205;12.49;12.79;12.39;12.77;1331173;16844140.00
20121206;12.79;13.00;12.68;12.79;1453124;18689748.00
20121207;12.53;12.85;12.53;12.82;794662;10135163.00
20121210;12.61;13.33;12.61;13.32;2811321;36904396.00
20121211;13.22;13.37;13.12;13.18;2348556;31126338.00
20121212;13.10;13.29;13.10;13.18;899699;11802010.00
20121213;13.05;13.18;12.89;13.00;401951;5215329.00
20121214;12.85;13.42;12.78;13.36;1663631;21779510.00
20121217;13.35;13.40;13.20;13.35;1161739;15453808.00
20121218;13.35;13.40;13.20;13.24;1479993;19577968.00
20121219;13.20;13.20;12.89;13.04;1194289;15549079.00
20121220;12.97;13.04;12.75;12.96;1968365;25292400.00
20121221;13.00;13.00;12.75;12.94;1781306;22920140.00
20121224;12.93;13.15;12.88;13.03;1417666;18465564.00
20121225;12.93;13.46;12.89;13.38;2794343;37218960.00
20121226;13.45;13.80;13.33;13.71;3154926;42873360.00
20121227;13.71;13.85;13.50;13.54;1535880;20820126.00
20121228;13.56;13.99;13.50;13.82;2321454;31966388.00
20121231;13.82;14.21;13.80;14.19;2662508;37316412.00
20130104;14.17;14.28;13.90;14.20;1696111;23883078.00
20130107;14.06;14.86;14.06;14.75;3085962;45117384.00
20130108;14.75;14.75;14.36;14.55;3323997;48346496.00
20130109;14.53;14.58;14.26;14.35;1836081;26583044.00
20130110;14.45;14.75;14.36;14.51;1433549;20873164.00
20130111;14.44;14.62;14.21;14.27;1097648;15724452.00
20130114;14.25;14.66;14.20;14.60;1551958;22524172.00
20130115;14.55;14.74;14.46;14.59;1998060;29135320.00
20130116;14.68;14.68;14.00;14.15;2385002;33975444.00
20130117;14.15;14.18;13.60;13.77;2769709;38241016.00
20130118;13.79;14.06;13.76;13.99;1503857;20916760.00
20130121;14.01;14.27;13.91;14.18;1752808;24748732.00
20130122;14.17;14.26;13.96;14.08;1174192;16511609.00
20130123;13.98;14.10;13.92;14.09;806946;11322842.00
20130124;14.10;14.19;13.54;13.63;1697216;23592972.00
20130125;13.64;13.75;13.39;13.43;1073965;14485120.00
20130128;13.59;13.74;13.35;13.70;3031888;40915872.00
20130129;13.68;13.71;13.49;13.65;2529002;34317548.00
20130130;13.64;13.89;13.49;13.71;2696119;36828440.00
20130131;13.73;13.82;13.53;13.64;1891550;25817920.00
20130201;13.58;13.70;13.35;13.58;4538903;61140248.00
20130204;13.57;13.58;13.21;13.23;2724879;36436620.00
20130205;13.19;13.61;13.07;13.54;2660568;35727064.00
20130206;13.51;13.57;13.43;13.51;1421323;19186890.00
20130207;13.53;13.64;13.48;13.62;1210922;16414630.00
20130208;13.62;13.73;13.55;13.67;3513847;47908980.00
20130218;13.71;13.92;13.70;13.72;2317492;31940394.00
20130219;13.72;13.82;13.31;13.35;2302926;30991408.00
20130220;13.35;13.56;13.35;13.51;1776355;23893256.00
20130221;13.50;13.57;13.30;13.45;1948751;26119312.00
20130222;13.43;13.58;13.36;13.49;1362165;18379652.00
20130225;13.50;13.68;13.48;13.58;1767304;23976252.00
20130226;13.59;14.10;13.51;13.98;6616442;92130704.00
20130227;14.00;14.16;13.88;14.00;2639018;36917480.00
20130228;14.05;14.13;13.88;14.07;2428043;33946400.00
20130301;14.08;14.10;13.89;14.09;2932083;41022376.00
20130304;14.01;14.09;13.58;13.72;2673419;37067544.00
20130305;13.70;13.90;13.60;13.85;1872621;25807170.00
20130306;13.95;14.29;13.76;14.28;2992451;42116688.00
20130307;14.50;14.50;13.72;13.80;3092143;43514972.00
20130308;13.89;14.01;13.77;13.90;1478862;20527626.00
20130311;14.08;14.08;13.66;13.69;1259112;17381868.00
20130312;13.70;13.81;12.96;13.05;2339649;30996176.00
20130313;13.06;13.12;12.55;12.75;1884383;24062080.00
20130314;12.74;13.00;12.70;12.76;801653;10267468.00
20130315;12.77;12.98;12.63;12.83;1190752;15281873.00
20130318;12.80;12.90;12.31;12.39;3227831;40355168.00
20130319;12.37;12.50;12.26;12.48;1288784;15963419.00
20130320;12.47;12.73;12.42;12.70;1656144;20908052.00
20130321;12.70;12.74;12.65;12.71;1716710;21804396.00
20130322;12.70;12.75;12.60;12.73;1063147;13486182.00
20130325;12.73;13.03;12.73;12.96;1829078;23637812.00
20130326;12.96;12.97;12.79;12.87;1017831;13100172.00
20130327;12.80;12.98;12.72;12.85;985625;12651813.00
20130328;12.76;13.30;12.51;13.24;2895302;37628624.00
20130329;13.17;13.29;12.79;12.92;3227207;41857992.00
20130401;12.84;12.94;12.67;12.70;1592834;20318452.00
20130402;12.77;12.78;12.43;12.47;2071963;26110008.00
20130403;12.51;12.52;12.25;12.30;1770295;21881242.00
20130408;12.25;12.47;12.10;12.43;1373896;16908558.00
20130409;12.48;12.54;12.35;12.49;1267720;15792656.00
20130410;12.53;12.54;12.28;12.38;1010875;12503854.00
20130411;12.47;12.50;12.30;12.33;1076203;13303537.00
20130412;12.33;12.35;12.26;12.33;664519;8177453.00
20130415;12.33;12.33;12.15;12.27;929692;11363478.00
20130416;12.18;12.55;12.12;12.54;1217800;15117894.00
20130417;12.50;12.59;12.32;12.51;1268808;15786326.00
20130418;12.42;12.55;12.38;12.41;1571055;19571554.00
20130419;12.41;12.65;12.39;12.62;2548103;31988188.00
20130422;12.55;12.69;12.55;12.67;1860784;23469456.00
20130423;12.67;12.69;12.28;12.28;2110844;26263808.00
20130424;12.25;12.47;12.14;12.39;1641917;20219428.00
20130425;12.13;12.28;11.96;12.02;3825848;46259336.00
20130426;12.06;12.12;11.73;12.00;3345819;39724640.00
20130502;11.96;12.12;11.81;12.00;3503092;41927136.00
20130503;12.08;12.23;12.03;12.07;4570238;55319992.00
20130506;12.10;12.20;12.06;12.18;2850991;34603520.00
20130507;12.20;12.33;12.13;12.27;4113867;50334400.00
20130508;7.89;7.90;7.74;7.79;2488381;19355036.00
20130509;7.79;7.79;7.58;7.65;3826381;29325282.00
20130510;7.63;7.66;7.54;7.65;2337275;17834936.00
20130513;7.64;7.71;7.59;7.69;2189489;16795588.00
20130514;7.69;7.69;7.50;7.55;2722457;20553324.00
20130515;7.58;7.60;7.46;7.53;2587483;19437252.00
20130516;7.55;7.58;7.43;7.58;2972463;22368600.00
20130517;7.58;7.66;7.57;7.65;6051954;46140220.00
20130520;7.68;7.83;7.65;7.79;5168251;40060228.00
20130521;7.80;7.83;7.72;7.77;4482500;34846928.00
20130522;7.78;7.91;7.74;7.90;5725503;44930348.00
20130523;7.93;8.18;7.93;8.11;11929734;96215560.00
20130524;8.06;8.12;7.98;8.09;4831188;38846360.00
20130527;8.10;8.10;7.91;7.95;5226819;41689344.00
20130528;7.96;8.05;7.94;8.02;3404660;27216120.00
20130529;8.04;8.04;7.94;7.98;3356232;26795604.00
20130530;7.96;7.99;7.83;7.87;3354110;26490896.00
20130531;7.88;8.00;7.88;7.92;3086390;24558184.00
20130603;7.91;8.01;7.86;7.93;2723881;21631400.00
20130604;7.93;7.95;7.70;7.74;2532024;19708724.00
20130605;7.77;7.77;7.64;7.68;1724627;13250410.00
20130606;7.65;7.72;7.59;7.61;2027566;15537239.00
20130607;7.61;7.67;7.43;7.44;2135397;16078506.00
20130613;7.34;7.36;7.04;7.23;2352045;16784876.00
20130614;7.23;7.25;7.11;7.24;1323746;9551502.00
20130617;7.23;7.29;7.19;7.23;1262249;9137780.00
20130618;7.20;7.26;7.09;7.14;1239869;8881697.00
20130619;7.12;7.19;6.91;7.18;2730104;19242492.00
20130620;7.13;7.13;6.96;7.03;1665900;11729195.00
20130621;6.98;6.98;6.84;6.94;1474323;10186170.00
20130624;6.80;6.88;6.33;6.35;2973105;19612782.00
20130625;6.29;6.37;5.83;6.32;2681791;16623537.00
20130626;6.38;6.38;6.16;6.34;1518140;9521389.00
20130627;6.34;6.45;6.13;6.17;1555950;9769514.00
20130628;6.13;6.25;6.03;6.12;2084824;12751720.00
20130701;6.12;6.15;6.02;6.13;1239981;7555165.00
20130702;6.15;6.20;6.00;6.18;2694190;16455858.00
20130703;6.16;6.19;6.07;6.18;2512201;15367491.00
20130704;6.16;6.49;6.11;6.40;3232574;20402136.00
20130705;6.38;6.86;6.36;6.75;7766902;51700484.00
20130708;6.72;6.75;6.52;6.67;3069818;20303760.00
20130709;6.65;6.69;6.49;6.61;6328434;41933448.00
20130710;6.60;6.91;6.48;6.64;9953452;65445488.00
20130711;6.58;6.81;6.49;6.70;7815182;51845548.00
20130712;6.63;6.70;6.51;6.52;4688560;30927960.00
20130715;6.52;6.55;6.41;6.49;3172403;20586728.00
20130716;6.48;6.79;6.41;6.74;6811880;45094756.00
20130717;6.65;6.68;6.49;6.50;5351185;35328488.00
20130718;6.45;6.50;6.24;6.25;4102475;26015616.00
20130719;6.29;6.67;6.22;6.34;6554099;42357068.00
20130722;6.25;6.34;6.19;6.30;3047713;19071044.00
20130723;6.30;6.45;6.25;6.41;2860805;18263634.00
20130724;6.43;6.51;6.31;6.38;2313301;14780949.00
20130725;6.38;6.42;6.28;6.33;2650020;16783320.00
20130726;6.32;6.91;6.28;6.71;13478137;90348712.00
20130729;6.58;6.84;6.56;6.69;6372457;42610384.00
20130730;6.50;6.66;6.37;6.53;6194541;40204624.00
20130731;6.48;6.57;6.45;6.47;3665515;23887396.00
20130801;6.50;6.65;6.47;6.60;4671200;30627470.00
20130802;6.62;6.66;6.55;6.58;3447913;22705374.00
20130805;6.58;6.75;6.58;6.67;3448737;22984476.00
20130806;6.66;6.95;6.58;6.84;8759035;59603372.00
20130807;6.82;6.90;6.72;6.81;5396380;36728536.00
20130808;6.79;6.79;6.67;6.70;3111963;20913754.00
20130809;6.72;6.85;6.67;6.78;4183255;28284216.00
20130812;6.78;7.06;6.75;7.03;7080385;49048096.00
20130813;7.03;7.07;6.94;6.96;4831818;33750416.00
20130814;6.97;7.00;6.88;6.91;3696909;25650264.00
20130815;6.92;7.05;6.86;6.87;4061635;28223100.00
20130816;6.83;7.01;6.81;6.88;5007186;34640848.00
20130819;6.95;6.97;6.86;6.97;2788031;19252386.00
20130820;6.97;6.98;6.80;6.85;4424035;30447288.00
20130821;6.86;6.92;6.80;6.84;3626141;24827448.00
20130822;6.81;6.92;6.80;6.82;2838613;19462744.00
20130823;6.86;6.91;6.55;6.67;3698689;24996606.00
20130826;6.70;6.84;6.64;6.82;3042566;20535270.00
20130827;6.87;7.02;6.84;7.01;5786712;40078888.00
20130828;6.95;7.03;6.87;6.88;4054298;28162772.00
20130829;6.86;6.90;6.71;6.77;3509797;23809108.00
20130830;6.76;6.83;6.70;6.75;3586236;24305056.00
20130902;6.71;6.79;6.68;6.79;2574454;17361608.00
20130903;6.80;6.86;6.76;6.85;2684747;18300754.00
20130904;6.85;6.97;6.83;6.95;4382366;30252560.00
20130905;6.94;6.96;6.87;6.92;3215789;22233774.00
20130906;6.93;7.30;6.90;7.24;9680491;69105112.00
20130909;7.24;7.60;7.13;7.46;15901431;117225608.00
20130910;7.41;7.74;7.31;7.53;13108610;98068296.00
20130911;7.42;7.63;7.32;7.34;10083905;75077640.00
20130912;7.34;8.07;7.25;7.99;17891642;138881040.00
20130913;7.98;8.05;7.72;7.81;12573157;98550288.00
20130916;7.75;7.84;7.50;7.66;7684455;58783076.00
20130917;7.65;7.99;7.60;7.69;9920612;77289912.00
20130918;7.68;7.69;7.48;7.62;5291407;40129732.00
20130923;7.58;7.66;7.51;7.62;5532443;41970268.00
20130924;7.60;7.63;7.48;7.61;5646761;42538872.00
20130925;7.61;8.00;7.61;7.72;10171128;79680784.00
20130926;7.74;8.02;7.48;7.51;8591441;66731120.00
20130927;7.51;7.59;7.25;7.30;5333148;39401936.00
20130930;7.35;7.48;7.25;7.36;2509672;18447472.00
20131008;7.39;7.47;7.23;7.39;2706907;19999556.00
20131009;7.40;7.45;7.32;7.44;3349814;24712792.00
20131010;7.44;7.79;7.35;7.65;7391212;56339916.00
20131011;7.77;7.96;7.66;7.89;9208006;72181760.00
20131014;7.95;8.04;7.80;7.90;8841739;70001600.00
20131015;7.97;7.98;7.66;7.72;6364302;49466528.00
20131016;7.78;8.47;7.65;7.91;15171245;121530064.00
20131017;7.99;8.28;7.87;7.89;10615547;85389280.00
20131018;7.85;7.93;7.68;7.79;5418461;42092236.00
20131021;7.81;8.04;7.70;7.95;5113987;40379816.00
20131022;7.94;8.26;7.85;8.15;9867063;80058160.00
20131023;8.25;8.32;7.69;7.72;9085035;71983312.00
20131024;7.73;7.76;7.49;7.51;3889399;29543896.00
20131025;7.50;7.58;7.40;7.49;3009114;22485496.00
20131028;7.48;7.54;7.22;7.35;2882652;21097288.00
20131029;7.35;7.42;6.76;7.00;4009019;28501574.00
20131030;6.99;7.18;6.95;7.12;2033644;14424038.00
20131031;7.12;7.13;7.01;7.08;1678415;11863210.00
20131101;7.12;7.12;6.95;6.99;2188297;15334510.00
20131104;6.99;7.08;6.85;6.89;2421975;16834134.00
20131105;6.89;7.03;6.69;7.02;3866471;26350364.00
20131106;6.97;7.00;6.84;6.85;2714173;18827762.00
20131107;6.81;6.85;6.67;6.68;2289204;15453020.00
20131108;6.68;6.69;6.53;6.55;1675689;11051221.00
20131111;6.56;6.65;6.54;6.62;1204408;7943951.00
20131112;6.60;6.67;6.59;6.64;1226994;8147954.00
20131113;6.66;6.71;6.59;6.59;1979791;13144166.00
20131114;6.59;6.68;6.54;6.67;1479302;9778784.00
20131115;6.65;6.86;6.64;6.82;2891651;19622678.00
20131118;6.82;6.92;6.79;6.92;2504527;17213702.00
20131119;6.89;6.93;6.82;6.90;2732878;18823512.00
20131120;6.91;6.94;6.83;6.94;1905251;13117178.00
20131121;6.93;6.94;6.81;6.86;2769710;18952358.00
20131122;6.85;6.92;6.80;6.81;2096756;14389092.00
20131125;6.75;6.87;6.75;6.83;1656712;11308888.00
20131126;6.80;6.89;6.80;6.89;1336037;9153119.00
20131127;6.91;6.95;6.84;6.94;2169895;14986159.00
20131128;6.94;7.04;6.90;7.00;3050120;21288236.00
20131129;7.02;7.02;6.96;7.00;2971216;20773524.00
20131202;6.92;6.92;6.57;6.62;3382621;22746542.00
20131203;6.62;6.75;6.57;6.75;2490953;16619137.00
20131204;6.75;7.05;6.71;7.00;5534226;38377476.00
20131205;7.05;7.35;7.03;7.23;11331421;81245328.00
20131206;7.22;7.31;7.16;7.28;8045228;58246344.00
20131209;7.21;7.24;7.16;7.19;4595209;33072040.00
20131210;7.20;7.24;7.12;7.17;2975669;21331452.00
20131211;7.17;7.17;7.00;7.06;3084640;21823776.00
20131212;7.06;7.14;7.03;7.07;1426449;10105654.00
20131213;7.09;7.22;7.05;7.15;2891931;20717608.00
20131216;7.16;7.25;6.94;6.95;2438949;17193052.00
20131217;6.95;6.98;6.81;6.83;1797730;12339299.00
20131218;6.80;6.87;6.75;6.82;1084786;7400347.00
20131219;6.84;6.93;6.79;6.88;1547695;10627773.00
20131220;6.90;6.94;6.72;6.74;1389140;9422834.00
20131223;6.75;6.78;6.65;6.74;1156167;7772214.00
20131224;6.74;6.81;6.70;6.75;1481459;10034492.00
20131225;6.74;6.83;6.73;6.82;1095437;7415952.00
20131226;6.82;6.82;6.67;6.67;1214347;8168053.00
20131227;6.68;6.78;6.67;6.70;1561012;10501966.00
20131230;6.75;6.78;6.71;6.76;1448927;9770384.00
20131231;6.72;6.85;6.71;6.83;1699004;11530235.00
20140102;6.80;6.84;6.77;6.84;1384873;9421912.00
20140103;6.83;6.88;6.75;6.85;1974073;13433897.00
20140106;6.84;6.95;6.77;6.94;4552329;31289060.00
20140107;6.89;7.00;6.86;6.92;3390872;23463490.00
20140108;6.92;6.94;6.79;6.92;3164898;21777628.00
20140109;6.87;6.98;6.80;6.86;2708227;18728252.00
20140110;6.81;7.09;6.65;7.08;8081207;55678272.00
20140113;7.05;7.24;6.96;7.22;7746948;55013356.00
20140114;7.15;7.21;7.08;7.13;5200415;37188888.00
20140115;7.13;7.15;6.97;7.11;3609093;25399484.00
20140116;7.13;7.13;7.01;7.03;2344544;16539896.00
20140117;6.98;6.98;6.73;6.74;3102822;21265862.00
20140120;6.68;6.73;6.55;6.56;2434031;16110457.00
20140121;6.56;6.69;6.56;6.64;1233659;8175541.00
20140122;6.64;6.80;6.61;6.80;2011323;13570255.00
20140123;6.80;6.82;6.74;6.76;1560212;10584564.00
20140124;6.75;6.87;6.74;6.84;2044670;13926715.00
20140127;6.83;6.94;6.82;6.93;2081416;14329543.00
20140128;6.94;7.03;6.87;6.92;1931499;13416073.00
20140129;6.98;6.98;6.87;6.90;1228262;8483653.00
20140130;6.89;6.96;6.80;6.81;1248441;8575619.00
20140207;6.71;6.83;6.66;6.82;1518232;10233987.00
20140210;6.83;6.98;6.82;6.96;2287053;15836369.00
20140211;6.99;7.06;6.93;7.05;3446113;24062236.00
20140212;7.05;7.13;6.98;7.10;3516360;24804680.00
20140213;7.07;7.16;7.00;7.09;4029364;28500676.00
20140214;7.07;7.80;7.05;7.80;14930561;113716392.00
20140217;8.05;8.18;7.88;8.11;28475629;229252784.00
20140218;8.06;8.41;7.95;8.23;20993613;172033792.00
20140219;8.20;8.24;8.02;8.14;11990897;97188944.00
20140220;8.13;8.29;7.71;7.80;12392443;98672864.00
20140221;7.79;7.88;7.56;7.69;8767207;67320696.00
20140224;7.63;7.72;7.50;7.67;6871016;52271804.00
20140225;7.68;7.71;7.30;7.30;8200685;61508968.00
20140226;7.29;7.36;7.09;7.35;5746098;41445516.00
20140227;7.35;7.45;7.12;7.16;5749832;42066256.00
20140228;7.19;7.33;7.15;7.31;4145629;30075122.00
20140303;7.33;7.46;7.26;7.45;5064420;37370280.00
20140304;7.39;7.66;7.24;7.54;7089176;52590024.00
20140305;7.51;7.55;7.40;7.46;4171485;31114304.00
20140306;7.42;7.45;7.28;7.37;3239236;23831122.00
20140307;7.35;7.45;7.19;7.27;3607903;26478156.00
20140310;7.23;7.23;6.86;6.88;4183822;29261114.00
20140311;6.88;7.01;6.78;6.88;2142726;14776960.00
20140312;6.85;6.97;6.69;6.84;3392194;23202522.00
20140313;6.84;6.93;6.80;6.92;2361976;16270286.00
20140314;6.91;6.92;6.80;6.89;2126794;14569850.00
20140317;6.89;6.98;6.81;6.98;2508068;17381800.00
20140318;7.23;7.27;7.03;7.08;4949616;35324172.00
20140319;7.00;7.15;6.99;7.13;2489511;17651554.00
20140320;7.13;7.17;6.97;7.05;2844483;20153672.00
20140321;7.03;7.17;6.86;7.14;3177969;22383284.00
20140324;7.16;7.21;7.08;7.19;2739669;19610112.00
20140325;7.10;7.19;7.07;7.14;3015126;21447968.00
20140326;7.13;7.15;7.07;7.08;2041650;14485927.00
20140327;7.08;7.08;6.89;6.92;2761476;19215968.00
20140328;6.89;6.94;6.81;6.84;1696809;11674635.00
20140331;6.83;6.91;6.82;6.91;1370980;9416566.00
20140401;6.90;7.02;6.83;6.98;1599293;11099427.00
20140402;6.98;7.07;6.89;7.05;2665446;18594236.00
20140403;7.04;7.21;7.03;7.17;5144753;36752752.00
20140404;7.13;7.22;7.12;7.17;3460908;24824332.00
20140408;7.16;7.23;7.10;7.21;3143595;22588936.00
20140409;7.22;7.24;7.12;7.21;3662981;26314072.00
20140410;7.20;7.26;7.12;7.24;3407673;24574972.00
20140411;7.20;7.29;7.18;7.27;2633003;19076134.00
20140414;7.28;7.54;7.22;7.42;13204443;97846648.00
20140415;7.36;7.60;7.26;7.47;9303862;68874920.00
20140416;7.40;7.55;7.36;7.47;8538318;63590792.00
20140417;7.45;7.46;7.31;7.44;4631121;34270824.00
20140418;7.41;7.47;7.37;7.40;3058089;22703592.00
20140421;7.36;7.54;7.26;7.46;8489292;63148640.00
20140422;7.40;7.57;7.36;7.56;9118285;68247792.00
20140423;7.50;7.55;7.40;7.47;5229958;39110168.00
20140424;7.45;7.45;7.11;7.12;4771261;34789160.00
20140425;7.11;7.11;6.88;6.90;3553890;24898948.00
20140428;6.91;6.96;6.78;6.94;2483224;17107618.00
20140429;6.96;7.07;6.90;7.06;1940789;13572153.00
20140430;7.05;7.12;6.97;7.10;1653909;11677553.00
20140505;7.10;7.13;7.03;7.11;1601070;11333536.00
20140506;7.08;7.17;7.08;7.08;1717209;12236390.00
20140507;7.05;7.09;6.94;6.95;2379443;16653152.00
20140508;6.92;7.07;6.91;7.02;2037662;14259926.00
20140509;7.02;7.06;6.94;6.98;1303793;9132695.00
20140512;7.01;7.15;6.99;7.14;2107389;14935378.00
20140513;7.17;7.26;7.13;7.25;2845372;20460980.00
20140514;7.31;7.44;7.28;7.36;4591481;33855104.00
20140515;7.37;7.38;7.24;7.35;2674421;19536576.00
20140516;7.33;7.38;7.25;7.36;3061766;22477702.00
20140519;6.98;6.99;6.70;6.76;2395314;16285281.00
20140520;6.77;6.81;6.72;6.75;1069686;7234539.00
20140521;6.76;6.80;6.70;6.79;1139134;7690694.00
20140522;6.80;6.87;6.69;6.71;2238508;15219643.00
20140523;6.71;6.74;6.61;6.69;2432903;16208968.00
20140526;6.71;6.79;6.67;6.78;1863467;12549270.00
20140527;6.78;7.08;6.75;6.96;5192712;36038220.00
20140528;6.90;6.97;6.85;6.91;2734418;18888464.00
20140529;6.90;6.94;6.73;6.76;2887842;19744552.00
20140530;6.76;7.00;6.76;6.82;3416353;23475028.00
20140603;6.84;6.90;6.75;6.76;1691900;11503330.00
20140604;6.75;6.76;6.64;6.67;2228390;14878196.00
20140605;6.67;6.74;6.62;6.72;1435002;9596165.00
20140606;6.68;6.75;6.61;6.74;2133539;14276207.00
20140609;6.71;6.82;6.70;6.75;1378797;9315783.00
20140610;6.76;6.85;6.74;6.85;2135021;14557990.00
20140611;6.81;6.90;6.80;6.83;1724873;11803589.00
20140612;6.79;6.83;6.69;6.76;2543572;17197368.00
20140613;6.73;6.90;6.71;6.86;2945325;20142198.00
20140616;6.90;6.93;6.84;6.89;2338424;16109734.00
20140617;6.89;6.92;6.75;6.78;2044282;13899115.00
20140618;6.78;6.84;6.69;6.70;1652825;11148895.00
20140619;6.69;6.74;6.57;6.63;2435600;16162695.00
20140620;6.60;6.68;6.58;6.66;1044026;6916894.00
20140623;6.67;6.74;6.61;6.71;1760502;11776743.00
20140624;6.72;6.80;6.71;6.80;1675989;11322822.00
20140625;6.76;6.80;6.72;6.76;808741;5461211.00
20140626;6.73;6.90;6.73;6.89;2987455;20392734.00
20140627;6.88;6.97;6.84;6.96;5799532;40198184.00
20140630;6.95;7.03;6.89;6.98;7622924;53329084.00
20140701;6.93;7.14;6.86;6.96;8325731;57870432.00
20140702;6.92;6.95;6.86;6.93;3864662;26683452.00
20140703;6.93;7.03;6.89;6.95;3028008;21099792.00
20140704;6.97;6.98;6.89;6.92;2111205;14630207.00
20140707;6.91;7.07;6.87;7.04;4733376;33126876.00
20140708;7.01;7.09;6.96;7.04;2602554;18286562.00
20140709;7.06;7.06;6.85;6.87;3834870;26569116.00
20140710;6.86;6.90;6.81;6.86;2158021;14795485.00
20140711;6.86;6.94;6.84;6.93;1663505;11495490.00
20140714;6.95;7.00;6.90;7.00;2490181;17329540.00
20140715;7.02;7.02;6.93;6.98;2294227;15988594.00
20140716;6.99;7.11;6.97;7.09;5411652;38141608.00
20140717;7.10;7.13;6.96;7.04;2812801;19743976.00
20140718;7.04;7.11;6.97;6.98;2784154;19616576.00
20140721;6.97;7.03;6.87;6.89;2154855;14937029.00
20140722;6.92;7.02;6.89;7.00;2048009;14284742.00
20140723;6.99;7.05;6.93;6.94;2376119;16607514.00
20140724;6.96;7.10;6.94;7.06;5177413;36488232.00
20140725;7.06;7.18;7.06;7.12;5540462;39432976.00
20140728;7.15;7.26;7.12;7.20;6733922;48429308.00
20140729;7.21;7.22;7.14;7.20;6555545;47055912.00
20140730;7.18;7.20;7.09;7.19;5717102;40919428.00
20140731;7.19;7.29;7.18;7.23;4437645;32086660.00
20140801;7.21;7.26;7.11;7.13;5296339;38048744.00
20140804;7.13;7.29;7.12;7.28;5974177;43176216.00
20140805;7.29;7.34;7.25;7.33;4706745;34332840.00
20140806;7.33;7.33;7.24;7.26;4207099;30570480.00
20140807;7.28;7.37;7.17;7.19;5707125;41369624.00
20140808;7.20;7.26;7.16;7.22;3448825;24846452.00
20140811;7.23;7.32;7.21;7.31;4123258;30033260.00
20140812;7.34;7.43;7.34;7.37;8319175;61425648.00
20140813;7.38;7.38;7.26;7.36;4932521;36088320.00
20140814;7.36;7.36;7.24;7.25;4065431;29752056.00
20140815;7.26;7.33;7.24;7.32;3817243;27824144.00
20140818;7.35;7.38;7.31;7.36;4849940;35595472.00
20140819;7.37;7.43;7.33;7.41;5203398;38435776.00
20140820;7.41;7.46;7.37;7.41;5535720;41087360.00
20140821;7.43;7.44;7.28;7.36;4625355;33990408.00
20140822;7.36;7.43;7.35;7.41;3992888;29481924.00
20140825;7.41;7.42;7.33;7.37;2883147;21251400.00
20140826;7.37;7.39;7.19;7.21;5228948;38128464.00
20140827;7.19;7.62;7.19;7.45;9704474;71998176.00
20140828;7.41;7.46;7.26;7.29;8255684;60810208.00
20140829;7.28;7.39;7.28;7.36;4598279;33773576.00
20140901;7.39;7.49;7.35;7.47;9825955;73106280.00
20140902;7.47;8.22;7.46;8.22;33412688;267740224.00
20140903;8.48;8.98;8.40;8.86;59463710;515058976.00
20140904;8.60;8.73;8.53;8.67;31596697;272574208.00
20140905;8.69;8.83;8.55;8.60;23269512;201510768.00
20140909;8.67;8.78;8.41;8.65;20574650;177535456.00
20140910;8.55;8.95;8.43;8.93;27513730;238224256.00
20140911;8.85;8.93;8.61;8.69;20901786;183926080.00
20140912;8.71;8.86;8.62;8.78;11691629;101989600.00
20140915;8.81;9.20;8.66;8.92;21338261;190912976.00
20140916;8.98;9.17;8.61;8.67;24415176;218073808.00
20140917;8.68;8.75;8.43;8.71;11052640;94662064.00
20140918;8.66;8.73;8.55;8.66;7262587;62745672.00
20140919;8.67;8.71;8.52;8.67;7729037;66754760.00
20140922;8.68;8.88;8.61;8.72;10891511;95190008.00
20140923;8.70;8.85;8.64;8.81;10175480;89105232.00
20140924;8.81;9.11;8.78;8.87;14788630;132086024.00
20140925;8.88;8.95;8.68;8.81;11523399;101182064.00
20140926;8.78;8.90;8.73;8.88;7685246;67819968.00
20140929;8.90;8.96;8.78;8.84;8903714;78794064.00
20140930;8.87;9.06;8.80;9.00;12283494;110066800.00
20141008;8.96;9.16;8.89;9.12;11366811;102804176.00
20141009;9.16;9.48;9.09;9.29;14347482;132859600.00
20141010;9.29;9.37;9.10;9.18;9366784;86148080.00
20141013;9.12;9.12;8.84;9.00;8465476;75639880.00
20141014;8.97;9.01;8.76;8.82;7437452;66210212.00
20141015;8.82;8.90;8.71;8.80;7612834;67030464.00
20141016;8.76;8.85;8.61;8.67;6664072;58497712.00
20141017;8.64;8.74;8.30;8.48;7843663;66694536.00
20141020;8.52;8.61;8.45;8.59;3502572;29925056.00
20141021;8.54;8.72;8.53;8.56;4473649;38621596.00
20141022;8.52;8.70;8.33;8.37;4710821;40168520.00
20141023;8.34;8.38;8.12;8.15;5682260;46727200.00
20141024;8.15;8.26;8.10;8.17;3037602;24850300.00
20141027;8.16;8.29;8.11;8.28;2675016;21968326.00
20141028;8.27;8.45;8.25;8.43;4374300;36606800.00
20141029;8.46;8.56;8.43;8.51;5958328;50577800.00
20141030;8.53;8.58;8.45;8.53;4887617;41644800.00
20141031;8.56;8.61;8.41;8.54;5764524;49039540.00
20141103;8.56;8.81;8.53;8.80;9388341;81749152.00
20141104;8.80;8.87;8.66;8.80;6778036;59327956.00
20141105;8.75;8.94;8.70;8.71;6256592;55065808.00
20141106;8.71;8.75;8.46;8.56;6926481;59300472.00
20141107;8.56;8.64;8.33;8.38;6518263;55424740.00
20141110;8.38;8.55;8.38;8.50;4404089;37348924.00
20141111;8.53;8.56;8.08;8.17;7337040;60904524.00
20141112;8.15;8.27;8.12;8.25;4330513;35484116.00
20141113;8.25;8.26;8.01;8.13;5996752;48637548.00
20141114;8.09;8.17;8.06;8.15;2719118;22090796.00
20141117;8.23;8.31;8.13;8.31;3746157;30940918.00
20141118;8.30;8.32;8.21;8.30;2568401;21256764.00
20141119;8.30;8.38;8.27;8.31;2979050;24820216.00
20141120;8.33;8.38;8.28;8.30;2279320;18969382.00
20141121;8.30;8.33;8.19;8.32;3482199;28796136.00
20141124;8.35;8.55;8.33;8.45;6762836;57056296.00
20141125;8.44;8.55;8.39;8.54;5356634;45473684.00
20141126;8.55;8.61;8.45;8.56;6185819;52799708.00
20141127;8.66;8.72;8.50;8.55;9494664;81540056.00
20141128;8.56;8.56;8.41;8.54;6963355;59088484.00
20141201;8.51;8.71;8.48;8.70;9580315;82221328.00
20141202;8.69;8.79;8.63;8.72;8748016;76229384.00
20141203;8.73;8.83;8.61;8.80;11211744;97902128.00
20141204;8.78;8.88;8.78;8.86;10283729;90874880.00
20141205;8.87;8.88;8.43;8.47;12589079;108147288.00
20141208;8.48;8.58;8.35;8.53;6618942;56358500.00
20141209;8.53;8.66;8.30;8.34;11424306;96756424.00
20141210;8.31;8.50;8.30;8.49;6680192;56326636.00
20141211;8.55;8.84;8.49;8.76;12861450;111680280.00
20141212;8.81;9.12;8.80;8.87;12475439;111356552.00
20141215;8.86;9.07;8.74;8.99;9206178;82244432.00
20141216;9.13;9.15;8.88;8.97;7989015;71890032.00
20141217;8.98;9.04;8.67;8.74;9393814;82876976.00
20141218;8.73;8.84;8.69;8.76;6384212;55867768.00
20141219;8.73;8.83;8.58;8.74;7497245;65366868.00
20141223;8.88;9.61;8.86;9.61;8758806;82715160.00
20141224;10.18;10.57;9.71;9.83;39993666;403785888.00
20141225;9.91;10.81;9.60;10.81;40556633;415718848.00
20141226;10.52;10.79;10.36;10.50;29720113;313323808.00
20141229;10.20;10.47;10.12;10.25;16863056;173233296.00
20141230;10.18;10.22;9.83;9.88;15188440;151552928.00
20141231;9.88;10.15;9.80;10.05;10097014;100773112.00
20150105;10.07;10.29;9.88;10.12;14184727;143402176.00
20150106;10.08;10.36;10.01;10.35;12349066;125611000.00
20150107;10.35;10.52;10.10;10.13;10108250;103778224.00
20150108;10.03;10.11;9.90;9.99;9121037;91155792.00
20150109;9.95;10.08;9.91;10.00;6896005;68999080.00
20150112;10.01;10.34;9.70;10.21;9855025;99144240.00
20150113;10.14;10.52;10.12;10.30;8541399;88173584.00
20150114;10.30;10.30;9.95;10.02;6812215;68633848.00
20150115;10.01;10.12;9.92;10.07;4526579;45463720.00
20150116;10.07;10.30;10.03;10.23;6221057;63280444.00
20150119;9.98;10.20;9.52;9.77;10536790;105014688.00
20150120;9.88;10.06;9.78;9.93;6117523;60818068.00
20150121;9.91;10.35;9.91;10.33;11119674;113669224.00
20150122;10.32;10.77;10.30;10.73;14430592;151804032.00
20150123;10.74;10.79;10.43;10.47;8952928;94777456.00
20150126;10.52;11.52;10.41;11.31;18256111;203770736.00
20150127;11.20;11.57;11.10;11.37;12749351;144507248.00
20150128;11.28;11.45;11.11;11.15;7154351;80521688.00
20150129;11.09;11.11;10.81;10.83;7225771;79081624.00
20150130;10.84;11.06;10.73;10.88;4763318;51959252.00
20150202;10.80;11.15;10.60;10.89;5482449;59919988.00
20150203;10.79;11.14;10.79;10.98;4507195;49557492.00
20150204;11.05;11.06;10.74;10.74;4918850;53620060.00
20150205;10.86;10.96;10.62;10.62;6073237;65495344.00
20150206;10.51;10.69;10.32;10.39;4695422;49343892.00
20150209;10.40;10.47;10.08;10.20;6246822;63692624.00
20150210;10.24;10.36;10.15;10.30;2898252;29756900.00
20150211;10.34;10.98;10.25;10.97;6477715;69787200.00
20150212;11.11;11.14;10.81;10.90;4486950;49065756.00
20150213;10.98;11.08;10.86;10.97;4856347;53195464.00
20150216;11.01;11.30;10.93;11.13;5436191;60576176.00
20150217;11.11;11.30;11.06;11.13;3664315;40834720.00
20150225;11.13;11.96;11.08;11.68;12258220;141618864.00
20150226;11.70;11.88;11.55;11.71;6512521;76236112.00
20150227;11.75;12.65;11.75;12.45;16435230;202589104.00
20150302;13.49;13.70;12.99;13.70;38996517;520411040.00
20150303;14.18;15.07;14.03;15.07;35993729;532536448.00
20150304;15.57;16.58;15.35;16.58;21600652;347898816.00
20150305;18.19;18.19;16.63;17.66;64642927;1121035776.00
20150306;17.56;18.64;17.31;17.67;43013783;769381632.00
20150309;17.40;17.74;16.80;17.38;31417405;539455424.00
20150310;17.20;18.09;17.10;17.54;25375202;445996576.00
20150311;17.16;17.43;16.90;17.14;20261184;346611520.00
20150312;17.12;17.58;16.62;17.07;17396356;298099008.00
20150313;17.03;17.48;16.87;17.31;15701552;270059136.00
20150316;17.40;18.22;17.32;18.06;31260963;556357952.00
20150317;18.10;19.87;17.78;19.87;38734467;721694848.00
20150318;20.70;21.86;20.60;21.86;26041557;559044864.00
20150319;22.79;22.90;20.65;21.09;47661123;1020424064.00
20150320;21.28;22.80;21.02;22.54;35841938;785211840.00
20150323;22.35;24.79;22.03;24.79;36478633;875922304.00
20150324;24.82;27.21;24.00;26.35;42676226;1075812480.00
20150325;26.20;28.99;25.70;28.99;39709416;1112942848.00
20150326;28.50;31.26;27.90;28.35;51547224;1511482880.00
20150327;28.47;29.59;26.00;28.83;40607794;1116087680.00
20150330;28.13;28.95;27.80;28.16;26932360;763841472.00
20150331;28.16;30.27;27.50;29.40;36464216;1054988992.00
20150401;29.70;32.34;29.70;32.34;26265033;826446272.00
20150402;33.90;35.57;31.60;35.57;45783647;1546129920.00
20150403;37.50;39.13;36.57;39.13;43414084;1676882432.00
20150407;40.49;43.04;40.02;43.04;33627717;1408667008.00
20150408;43.60;47.34;41.00;47.34;45346441;2050138368.00
20150409;46.38;52.00;42.71;49.18;50151482;2405939200.00
20150410;20.50;21.48;20.50;21.48;26199326;559950016.00
20150413;21.70;21.70;19.33;19.79;192714805;3888877312.00
20150414;19.00;19.39;18.00;18.38;188485068;3496057088.00
20150415;17.60;17.62;16.54;16.54;122548630;2075089920.00
20150416;15.15;17.25;15.15;17.23;145086969;2330790912.00
20150417;16.75;17.10;16.20;16.36;99957512;1668110592.00
20150420;15.89;15.90;15.01;15.10;144397245;2233809920.00
20150421;14.60;15.79;14.60;15.50;122492108;1871246336.00
20150422;15.50;16.09;15.18;15.65;123474655;1936156288.00
20150423;15.81;16.20;15.40;15.92;135372024;2141633024.00
20150424;15.36;15.59;14.80;15.16;159897535;2431960320.00
20150427;15.16;15.49;15.01;15.10;106599354;1621361280.00
20150428;15.14;15.14;14.42;14.61;92661334;1366532864.00
20150429;14.40;14.87;14.28;14.34;117031887;1691709568.00
20150430;14.40;14.56;13.99;14.01;87944888;1259296512.00
20150504;14.07;14.47;13.90;14.45;79855959;1134233600.00
20150505;14.35;14.50;13.92;14.01;69613176;987863680.00
20150506;13.96;14.17;13.10;13.20;81084982;1105785856.00
20150507;13.00;13.09;12.23;12.52;79678694;1008079936.00
20150508;12.70;13.21;12.60;13.03;81749967;1054740800.00
20150511;13.10;13.68;13.00;13.64;91060127;1219717760.00
20150512;13.60;14.31;13.43;13.70;206024176;2847736064.00
20150513;13.45;13.97;13.19;13.59;137300852;1850826752.00
20150514;13.40;14.95;13.39;14.95;178653926;2574623744.00
20150515;15.55;16.35;15.01;15.29;326720783;5129042432.00
20150518;14.50;14.88;14.24;14.31;180226943;2615051776.00
20150519;14.18;14.99;14.00;14.61;130993744;1906136192.00
20150520;14.72;15.31;14.38;14.87;158428037;2342288640.00
20150521;15.04;16.36;14.76;16.36;251204964;3920801280.00
20150522;16.95;16.96;15.71;16.25;250224264;4081439232.00
20150525;15.50;16.66;15.18;16.25;192893432;3074214400.00
20150526;16.25;16.56;16.06;16.53;191459683;3129490432.00
20150527;16.60;16.80;16.00;16.11;165785811;2697864704.00
20150528;16.00;16.18;14.50;14.50;161172656;2499090432.00
20150529;14.25;14.70;13.16;13.94;111240374;1550294144.00
20150601;13.89;14.67;13.80;14.61;84755109;1208968192.00
20150602;14.65;15.58;14.47;15.56;119923402;1802525824.00
20150603;15.59;15.73;14.71;15.11;106288744;1616030464.00
20150604;15.09;15.09;13.88;14.77;85367001;1243938048.00
20150605;14.92;15.50;14.84;15.46;123962280;1887305984.00
20150608;15.70;16.29;15.40;16.26;192035945;3068756224.00
20150609;16.30;16.48;15.45;15.74;125105493;1983798656.00
20150610;15.48;16.00;15.04;15.69;87293240;1362878336.00
20150611;15.55;15.76;15.35;15.70;81335203;1265831936.00
20150612;15.70;15.86;15.38;15.54;83469075;1298593408.00
20150615;15.52;15.52;14.88;14.93;86982993;1315051392.00
20150616;14.61;14.62;13.91;13.99;72003929;1024991488.00
20150617;13.90;14.46;13.50;14.38;58512538;819040192.00
20150618;14.40;14.41;13.55;13.57;55548754;776565440.00
20150619;13.30;13.48;12.21;12.21;58209971;741662336.00
20150623;12.00;12.38;10.99;11.95;60441502;705175104.00
20150624;11.98;12.31;11.97;12.30;58207652;708483136.00
20150625;12.41;12.41;11.33;11.56;51505019;618350016.00
20150626;11.11;11.30;10.40;10.40;58701251;631073280.00
20150629;10.66;10.77;9.36;9.36;68109985;663402112.00
20150630;9.05;9.78;8.42;9.77;86419015;788007680.00
20150701;9.73;10.10;8.94;8.98;76990390;743343744.00
20150702;8.99;9.14;8.08;8.09;63915511;547408640.00
20150703;7.79;8.17;7.28;7.28;62497487;470827296.00
20150706;7.99;7.99;6.67;7.27;70288191;513219680.00
20150707;7.01;7.21;6.54;6.54;58018052;389870816.00
20150708;5.90;6.98;5.89;6.76;129598233;838776320.00
20150709;6.76;7.44;6.76;7.44;69444066;500863648.00
20150710;7.98;8.18;7.61;8.18;45221098;366088544.00
20150713;8.78;9.00;8.41;9.00;92939362;823095232.00
20150714;9.20;9.75;8.60;9.07;135209587;1249043200.00
20150715;8.70;8.95;8.16;8.16;65309977;551566144.00
20150716;8.16;8.60;7.50;8.34;58790594;481014944.00
20150717;8.36;9.00;8.36;8.90;59365854;516269984.00
20150720;8.90;9.16;8.61;8.82;66522934;592412672.00
20150721;8.62;9.00;8.52;8.90;53032971;466483200.00
20150722;8.85;9.15;8.64;9.08;65992636;591073280.00
20150723;9.08;9.60;8.86;9.46;91826022;846051200.00
20150724;9.38;9.68;9.00;9.09;91189031;855840640.00
20150727;8.70;8.97;8.18;8.18;64551959;555579712.00
20150728;7.70;8.09;7.36;7.74;63267122;484700480.00
20150729;7.90;8.20;7.60;8.18;36596653;286842464.00
20150730;8.18;8.27;7.66;7.79;38689116;313011680.00
20150731;7.64;7.86;7.64;7.79;25390414;196210896.00
20150803;7.67;8.57;7.52;8.57;39263949;310279264.00
20150804;8.60;9.39;8.60;9.23;85109024;763244480.00
20150805;9.09;9.19;8.72;8.87;67293181;601860224.00
20150806;8.60;9.08;8.55;8.84;37034417;328164160.00
20150807;8.90;9.13;8.90;9.00;41227557;371480896.00
20150810;9.01;9.84;8.95;9.54;78900290;739604288.00
20150811;9.58;10.49;9.44;10.30;171621404;1755562752.00
20150812;9.80;10.07;9.50;9.60;127674096;1248310912.00
20150813;9.35;9.75;9.26;9.69;61482354;585886848.00
20150814;9.69;9.85;9.55;9.60;57900761;561578816.00
20150817;9.50;9.65;9.31;9.63;44044788;416628608.00
20150818;9.59;9.76;8.67;8.67;62842221;582607168.00
20150819;8.50;9.46;8.37;9.37;75983366;685537856.00
20150820;9.20;9.20;8.80;8.86;49104337;444187040.00
20150821;8.75;8.91;8.10;8.25;39493316;336717056.00
20150824;7.95;7.95;7.43;7.43;30669142;230848640.00
20150825;6.69;6.93;6.69;6.69;29010386;195594656.00
20150826;6.85;6.96;6.21;6.72;40446304;270362528.00
20150827;6.88;7.09;6.66;7.07;32586533;224336848.00
20150828;7.15;7.78;7.06;7.78;46879018;343948320.00
20150831;7.95;8.16;7.65;7.78;60678705;480470592.00
20150901;7.57;7.57;7.00;7.00;43409413;312039488.00
20150902;6.70;7.45;6.52;7.40;47592148;338553024.00
20150907;7.34;7.90;7.20;7.35;40437716;303682976.00
20150908;7.28;7.79;6.97;7.72;29866223;221342608.00
20150909;7.69;8.01;7.60;7.81;68408107;532649920.00
20150910;7.71;7.75;7.43;7.47;29524931;225103488.00
20150911;7.44;7.61;7.35;7.48;20085198;150182736.00
20150914;7.51;7.59;6.73;6.74;34287529;240518688.00
20150915;6.60;6.75;6.07;6.14;26927592;172861632.00
20150916;6.19;6.75;6.17;6.70;26001824;167587040.00
20150917;6.75;6.88;6.40;6.43;30389719;203607552.00
20150918;6.48;6.69;6.40;6.61;20112428;131540840.00
20150921;6.53;6.82;6.45;6.79;22840601;152315312.00
20150922;6.77;6.88;6.67;6.82;27701682;188142176.00
20150923;6.70;6.74;6.54;6.60;20425342;135798240.00
20150924;6.60;6.96;6.60;6.87;29284934;199248864.00
20150925;6.79;6.86;6.38;6.49;23478120;155333664.00
20150928;6.52;6.65;6.40;6.61;11618839;76066840.00
20150929;6.50;6.52;6.41;6.46;11537565;74565168.00
20150930;6.50;6.84;6.43;6.64;15196034;100643576.00
20151008;6.82;6.96;6.75;6.86;25806663;176847936.00
20151009;6.81;7.16;6.80;7.02;29276512;204163456.00
20151012;7.05;7.68;7.02;7.46;46386473;340853856.00
20151013;7.37;7.53;7.27;7.43;35139325;259601392.00
20151014;7.40;7.78;7.32;7.51;50911733;385473408.00
20151015;7.42;8.14;7.40;8.08;75396818;590077312.00
20151016;8.03;8.11;7.80;8.02;68350644;542090944.00
20151102;7.22;7.76;7.22;7.30;76402653;561762688.00
20151103;7.10;7.28;6.97;7.06;42381520;300597440.00
20151104;7.10;7.41;7.08;7.40;43256898;314645472.00
20151105;7.43;7.95;7.25;7.74;76791153;579149824.00
20151106;7.63;7.95;7.63;7.81;56867673;443313728.00
20151109;7.71;8.00;7.58;7.87;62441940;488094432.00
20151110;8.25;8.66;8.12;8.66;128963623;1094958336.00
20151111;8.99;9.50;8.72;8.87;185797016;1681540352.00
20151112;8.66;8.90;8.42;8.56;98706698;846528256.00
20151113;8.36;8.47;8.09;8.22;66687432;550889152.00
20151116;8.03;8.69;8.03;8.59;63707799;538006720.00
20151117;8.54;8.69;8.28;8.34;72570060;619414912.00
20151118;8.26;8.37;8.12;8.16;37127227;305754848.00
20151119;8.18;8.37;8.13;8.34;39021199;321545376.00
20151120;8.34;8.37;8.21;8.30;37689902;312045152.00
20151123;8.31;8.38;8.16;8.20;38171775;315699840.00
20151124;8.18;8.36;8.11;8.35;32021471;263678800.00
20151125;8.32;8.78;8.26;8.63;69426265;595327616.00
20151126;8.60;8.69;8.42;8.43;52310167;446366400.00
20151127;8.38;8.38;7.60;7.68;55382695;445892544.00
20151130;7.67;7.80;7.03;7.57;39992059;300377440.00
20151201;7.50;7.62;7.41;7.54;24471251;183795408.00
20151202;7.50;7.64;7.32;7.63;23558262;177114960.00
20151203;7.65;7.77;7.61;7.76;22243314;171459696.00
20151204;7.73;7.78;7.61;7.66;21839254;168053136.00
20151207;7.63;7.85;7.63;7.77;18999891;147154336.00
20151208;7.70;7.71;7.45;7.51;18863232;142507008.00
20151209;7.46;7.50;7.29;7.33;17093879;126016536.00
20151210;7.31;7.42;7.26;7.29;15560722;113984160.00
20151211;7.27;7.30;7.12;7.19;15968156;114738688.00
20151214;7.15;7.38;7.05;7.37;17561996;126607304.00
20151215;7.40;7.64;7.35;7.48;22292036;166099648.00
20151216;7.48;7.53;7.41;7.42;15633318;116610864.00
20151217;7.43;7.62;7.43;7.61;24864091;187791920.00
20151218;7.61;7.61;7.40;7.45;23527460;176191552.00
20151221;7.20;7.46;7.13;7.42;34605265;253172032.00
20151222;7.40;7.52;7.35;7.49;26077857;193897488.00
20151223;7.48;7.89;7.41;7.72;64404518;496940800.00
20151224;7.70;7.70;7.44;7.56;30240397;228626768.00
20151225;7.52;7.64;7.44;7.54;22810243;171933600.00
20151228;7.58;7.59;7.29;7.30;27992701;208794496.00
20151229;7.28;7.37;7.22;7.37;18505273;135000192.00
20151230;7.37;7.46;7.28;7.39;20350582;149902384.00
20151231;7.38;7.39;7.26;7.27;14810661;108430752.00
20160104;7.18;7.25;6.55;6.56;22607177;156535728.00
20160105;6.30;6.78;6.20;6.63;27195975;176811680.00
20160106;6.66;6.78;6.59;6.77;18778436;125405736.00
20160107;6.62;6.66;6.10;6.13;5692001;36303980.00
20160108;6.31;6.74;5.94;6.47;34363344;220550928.00
20160111;6.34;6.48;6.02;6.11;19671974;123515968.00
20160112;6.11;6.30;6.06;6.21;14442426;89270312.00
20160113;6.24;6.29;6.01;6.02;13403582;82472352.00
20160114;5.90;6.17;5.85;6.16;14730437;88928160.00
20160115;6.13;6.15;5.85;5.90;13894035;83336304.00
20160118;5.85;6.05;5.80;5.96;11355601;67606624.00
20160119;5.95;6.17;5.93;6.16;14299316;87086800.00
20160120;6.13;6.17;6.07;6.10;12509740;76436328.00
20160121;6.00;6.13;5.90;5.92;11539271;69529512.00
20160122;5.95;6.10;5.87;6.09;11336119;67856416.00
20160125;6.11;6.15;5.99;6.07;17356639;105683816.00
20160126;5.98;5.98;5.46;5.47;20008739;114848936.00
20160127;5.47;5.53;5.00;5.32;16338865;85859704.00
20160128;5.20;5.31;5.00;5.02;12634372;65414244.00
20160129;5.02;5.25;5.02;5.18;11348529;58514248.00
20160201;5.18;5.23;5.03;5.10;9097512;46710408.00
20160202;5.13;5.30;5.11;5.26;12357870;64526912.00
20160203;5.19;5.25;5.13;5.24;9015137;46681376.00
20160204;5.24;5.36;5.23;5.31;12072596;64043624.00
20160205;5.31;5.38;5.28;5.29;9687957;51553908.00
20160215;5.09;5.27;5.05;5.23;8326074;43014796.00
20160216;5.26;5.50;5.25;5.49;18964548;102449280.00
20160217;5.42;6.04;5.39;6.04;33320522;189175744.00
20160218;6.13;6.28;5.89;5.91;40509862;244964912.00
20160219;5.79;6.10;5.75;5.96;23349790;138682112.00
20160222;5.99;6.07;5.93;6.04;21552469;129413600.00
20160223;6.04;6.04;5.82;5.92;17093774;101184912.00
20160224;5.87;5.96;5.76;5.93;14172963;83278592.00
20160225;5.93;5.93;5.34;5.34;22104615;124151328.00
20160226;5.40;5.43;5.10;5.36;13763771;73326960.00
20160229;5.35;5.35;4.98;5.12;13611636;69430880.00
20160301;5.15;5.30;5.10;5.27;11646551;60415580.00
20160302;5.31;5.56;5.25;5.52;19673070;106689104.00
20160303;5.55;5.62;5.48;5.51;20801004;115305784.00
20160304;5.48;5.53;5.25;5.33;17863407;96480048.00
20160307;5.38;5.86;5.38;5.86;24501141;142034368.00
20160308;5.97;5.97;5.50;5.76;44336409;251893744.00
20160309;5.61;5.64;5.48;5.51;20840323;115968224.00
20160310;5.53;5.56;5.39;5.40;14749424;80611568.00
20160311;5.32;5.45;5.28;5.43;9826114;52819764.00
20160314;5.50;5.70;5.48;5.60;21837339;122611144.00
20160315;5.55;5.63;5.46;5.49;14202334;78662792.00
20160316;5.49;5.55;5.40;5.43;9708796;53011776.00
20160317;5.46;5.68;5.43;5.61;20759359;115722968.00
20160318;5.64;5.80;5.59;5.78;30465293;174748704.00
20160321;5.81;5.95;5.78;5.92;32707875;191970928.00
20160322;5.84;6.45;5.81;6.16;55528366;338451328.00
20160323;6.08;6.17;5.95;6.07;37492567;226282480.00
20160324;6.02;6.04;5.83;5.84;26993267;160148384.00
20160325;5.82;5.94;5.80;5.88;15597278;91826512.00
20160328;5.90;6.01;5.79;5.81;17595806;103845040.00
20160329;5.78;5.84;5.68;5.74;15076335;86588016.00
20160330;5.79;5.94;5.78;5.93;17953934;105393504.00
20160331;5.98;5.99;5.88;5.90;18251601;108084400.00
20160401;5.84;5.94;5.75;5.92;18273156;106416640.00
20160405;5.92;6.08;5.89;6.05;24343716;146094672.00
20160406;6.00;6.15;5.96;6.05;22558931;136465808.00
20160407;6.05;6.19;5.98;5.99;27584399;167431360.00
20160408;5.92;5.93;5.81;5.89;20767915;121761896.00
20160411;5.94;6.15;5.90;6.12;31070945;188359600.00
20160412;6.18;6.44;6.13;6.18;63612756;397349536.00
20160413;6.11;6.24;6.07;6.20;49581209;306134400.00
20160414;6.20;6.21;6.08;6.15;30647430;187698768.00
20160415;6.11;6.14;6.04;6.08;22176424;134690768.00
20160418;6.04;6.06;5.97;6.01;16989689;102015760.00
20160419;6.05;6.07;5.97;6.03;13544435;81532816.00
20160420;6.03;6.04;5.50;5.63;32775260;188220352.00
20160421;5.63;5.67;5.50;5.56;14810249;82965152.00
20160422;5.51;5.61;5.50;5.61;9607781;53536028.00
20160425;5.55;5.59;5.50;5.57;8104666;44944820.00
20160426;5.57;5.62;5.55;5.62;8044066;44950912.00
20160427;5.62;5.87;5.58;5.69;19235827;109950984.00
20160428;5.62;5.67;5.52;5.62;13332083;74599600.00
20160429;5.58;5.63;5.55;5.59;5935343;33197416.00
20160503;5.59;5.73;5.54;5.72;15817933;89564744.00
20160504;5.70;5.80;5.67;5.70;16389140;93919920.00
20160505;5.67;5.73;5.65;5.70;10462959;59498436.00
20160506;5.70;5.71;5.47;5.48;16125160;89850136.00
20160509;5.47;5.47;5.21;5.24;12184495;64713884.00
20160510;5.23;5.31;5.23;5.28;5759141;30325392.00
20160511;5.32;5.32;5.23;5.26;5545750;29285458.00
20160512;5.22;5.22;5.09;5.21;7440614;38422560.00
20160513;5.18;5.26;5.15;5.20;5460575;28427332.00
20160516;5.19;5.26;5.14;5.26;6125551;31845268.00
20160517;5.26;5.30;5.19;5.23;6749166;35399564.00
20160518;5.20;5.20;5.05;5.10;8794920;45014224.00
20160519;5.10;5.19;5.09;5.12;6437045;33108070.00
20160520;5.10;5.15;5.05;5.14;5643315;28853572.00
20160523;5.15;5.21;5.15;5.19;6575950;34071316.00
20160524;5.19;5.19;5.10;5.14;6678562;34292688.00
20160525;5.18;5.21;5.10;5.13;6346405;32742604.00
20160526;5.13;5.15;5.02;5.14;8477233;43048644.00
20160527;5.13;5.17;5.08;5.14;6325055;32435062.00
20160530;5.11;5.13;5.06;5.10;5251010;26762312.00
20160531;5.10;5.30;5.10;5.30;16811672;87982200.00
20160601;5.29;5.34;5.26;5.29;13076100;69268600.00
20160602;5.28;5.33;5.26;5.32;10105917;53491196.00
20160603;5.30;5.42;5.30;5.37;15338908;82314504.00
20160606;5.35;5.39;5.31;5.33;9043802;48348328.00
20160607;5.32;5.34;5.28;5.32;7508864;39817864.00
20160608;5.31;5.32;5.22;5.28;8004062;42156736.00
20160613;5.22;5.25;5.06;5.08;9710602;50284992.00
20160614;5.06;5.12;5.03;5.08;7005030;35618260.00
20160615;5.07;5.22;5.05;5.20;9769122;50369980.00
20160616;5.18;5.20;5.11;5.13;7676572;39593412.00
20160617;5.18;5.23;5.13;5.17;7119294;36916280.00
20160620;5.16;5.18;5.10;5.15;5660494;29062370.00
20160621;5.17;5.21;5.10;5.12;7465700;38499568.00
20160622;5.12;5.17;5.09;5.17;6050214;31058294.00
20160623;5.17;5.20;5.11;5.18;7668680;39528320.00
20160624;5.16;5.19;5.02;5.11;10983097;56082304.00
20160627;5.06;5.18;5.06;5.17;8125195;41804140.00
20160628;5.15;5.24;5.12;5.23;11273654;58512816.00
20160629;5.23;5.39;5.21;5.28;17818585;94131144.00
20160630;5.23;5.24;5.16;5.19;11280884;58489152.00
