20101011;15.88;19.21;14.57;18.06;74397085;1207729280.00
20101012;16.98;17.20;16.25;16.25;50514727;834654720.00
20101013;15.40;15.75;15.00;15.43;34087402;519373184.00
20101014;15.22;15.34;14.68;14.79;20098765;301000320.00
20101015;14.98;15.48;14.88;15.23;19723100;299506720.00
20101018;15.30;16.75;15.00;16.75;31380602;508687296.00
20101019;17.26;18.25;16.86;16.99;35425936;616630464.00
20101020;16.24;16.76;15.97;16.44;20327671;330993024.00
20101021;16.27;17.20;16.11;16.61;15589341;260084784.00
20101022;16.45;16.76;16.20;16.25;11411440;186254560.00
20101025;16.22;16.29;15.58;16.26;12389465;197879728.00
20101026;16.28;16.34;15.80;15.92;9155723;146425248.00
20101027;15.88;17.02;15.62;16.59;15007720;246169232.00
20101028;16.68;16.93;16.28;16.41;8571253;141209040.00
20101029;16.30;16.68;16.23;16.49;8403194;138807488.00
20101101;16.57;17.25;16.47;17.14;15427693;260624608.00
20101102;16.90;17.15;16.53;16.56;12991324;218796512.00
20101103;16.52;17.00;16.10;16.41;8983513;148478720.00
20101104;16.41;16.83;16.40;16.66;6662715;110708032.00
20101105;16.74;17.10;16.45;16.98;13473083;226985312.00
20101108;17.05;17.09;16.71;16.98;10939149;184797264.00
20101109;16.91;18.65;16.80;17.98;19661644;349429984.00
20101110;17.80;18.17;17.60;17.82;10205625;182630304.00
20101111;17.75;18.22;17.35;17.40;11106659;198443824.00
20101112;17.20;17.57;15.88;16.09;11961473;199407792.00
20101115;16.18;16.44;15.90;16.36;5377673;87248464.00
20101116;16.65;17.19;16.30;16.55;9725867;163370544.00
20101117;16.14;16.54;15.80;16.08;4383255;71059416.00
20101118;16.10;16.39;15.61;16.02;4624332;73668672.00
20101119;16.16;16.53;15.88;16.50;4708652;76541024.00
20101122;16.40;16.73;16.20;16.46;5776935;95287952.00
20101123;16.38;16.38;15.75;15.98;4695338;75019304.00
20101124;15.97;16.58;15.88;16.51;4872756;79395408.00
20101125;16.75;16.80;16.51;16.69;6310381;105186704.00
20101126;16.66;17.50;16.35;17.42;12185083;208353888.00
20101129;17.53;17.69;17.08;17.52;10967492;191436976.00
20101201;17.15;17.89;17.00;17.59;10482281;182858576.00
20101202;17.78;18.19;17.50;17.59;12322069;219183824.00
20101203;17.82;17.93;17.15;17.29;9005829;157874656.00
20101206;17.15;17.35;16.60;16.73;5977732;101235576.00
20101207;16.61;16.90;16.36;16.81;3422944;56918444.00
20101208;16.80;17.25;16.70;16.83;3590599;61025412.00
20101209;16.65;17.09;16.61;16.64;3140179;52898480.00
20101210;16.31;16.85;16.31;16.64;3000911;49744648.00
20101213;16.67;17.30;16.67;17.22;6369073;109034048.00
20101214;17.19;17.45;17.06;17.41;5042647;87070928.00
20101215;17.40;17.52;17.13;17.18;4287472;74167856.00
20101216;17.13;17.47;17.13;17.20;3952969;68448320.00
20101217;17.18;17.71;17.14;17.54;5795583;101425360.00
20101220;17.84;17.88;16.85;17.22;6198767;107178584.00
20101221;17.21;17.48;16.93;17.39;4216391;72809392.00
20101222;17.47;17.50;17.06;17.14;3669648;63494096.00
20101223;16.88;17.17;16.55;16.62;4067819;68548008.00
20101224;16.26;16.66;16.26;16.42;2258831;37153436.00
20101227;16.50;16.75;15.88;16.00;2561716;41945328.00
20101228;15.90;16.12;15.45;15.47;2895721;45355504.00
20101229;15.46;15.75;15.40;15.72;1941645;30276590.00
20101230;15.75;15.76;15.45;15.67;1752268;27405640.00
20101231;15.68;16.15;15.68;16.03;2079379;32997340.00
20110104;16.06;16.28;15.90;16.15;1966339;31635720.00
20110105;16.01;16.15;15.83;15.95;2297128;36694216.00
20110106;15.95;15.99;15.58;15.68;2602980;40999320.00
20110107;15.56;15.79;15.45;15.65;2755729;43020860.00
20110110;15.64;15.86;15.45;15.69;2760072;43342252.00
20110111;15.30;15.30;14.12;14.30;12364348;179570576.00
20110112;14.05;14.45;13.99;14.26;4679215;66455116.00
20110113;14.26;14.30;14.03;14.14;4051731;57193320.00
20110117;13.73;13.74;12.80;13.09;5292359;70235216.00
20110118;13.00;13.16;12.85;13.12;1998819;26071296.00
20110119;13.11;13.54;13.03;13.45;3888226;51710524.00
20110120;13.45;13.45;12.73;12.79;3532497;46070440.00
20110121;12.76;13.15;12.75;13.12;4263759;55272496.00
20110124;13.09;13.10;12.81;12.92;2150591;27867440.00
20110125;12.92;13.35;12.85;13.32;3293460;43217916.00
20110126;13.30;13.83;13.23;13.81;5493343;74669696.00
20110127;13.70;14.19;13.58;13.86;7087159;98754200.00
20110128;13.80;14.38;13.71;14.25;5940672;83918816.00
20110131;14.24;15.05;14.15;14.83;7477407;108569576.00
20110201;14.75;14.85;14.43;14.46;3771388;54993652.00
20110209;14.26;14.85;14.20;14.66;4292978;62481760.00
20110210;14.55;14.77;14.37;14.74;3482007;50863096.00
20110211;14.70;15.38;14.70;14.97;6109174;92254472.00
20110214;14.98;15.09;14.83;15.03;4726875;70648920.00
20110215;15.02;15.28;14.80;14.84;5045609;75926288.00
20110216;14.80;15.34;14.65;15.32;6022293;90463384.00
20110217;15.30;15.31;15.00;15.14;3644114;55143080.00
20110218;15.14;15.16;14.73;14.74;3535975;52679016.00
20110221;14.71;15.20;14.71;15.00;3102749;46583112.00
20110222;15.05;15.05;14.39;14.40;3863147;56647888.00
20110223;14.31;14.58;14.31;14.46;2535090;36622508.00
20110224;14.46;14.79;14.41;14.69;2598368;37976900.00
20110225;14.70;14.74;14.46;14.65;1558307;22764184.00
20110228;14.73;15.04;14.52;15.04;3479973;51687308.00
20110301;15.03;15.05;14.78;14.88;3616593;53874268.00
20110302;14.85;15.17;14.72;15.14;3658615;54807112.00
20110303;15.10;15.15;14.69;14.70;3087474;45937280.00
20110304;14.67;15.08;14.65;14.97;2456778;36543944.00
20110307;15.00;15.10;14.93;15.07;3892972;58501804.00
20110308;15.03;15.45;14.98;15.43;5678782;86618224.00
20110309;15.53;16.39;15.35;16.19;12935072;206939568.00
20110310;16.10;16.34;15.83;15.89;6391743;102503976.00
20110311;16.10;16.55;15.85;16.19;7251631;117903944.00
20110314;16.15;16.30;15.71;16.00;4198773;67008408.00
20110315;15.89;15.90;15.20;15.53;5739851;88993080.00
20110316;15.57;15.85;15.40;15.81;5206307;81434816.00
20110317;15.70;15.70;15.25;15.29;3532581;54531792.00
20110318;15.39;15.70;15.32;15.52;2995960;46513212.00
20110321;15.50;15.87;15.42;15.71;2810575;44193056.00
20110322;15.75;15.80;15.42;15.59;1909403;29787476.00
20110323;15.63;15.86;15.49;15.85;2674294;42050036.00
20110324;15.87;15.96;15.76;15.80;2506851;39714532.00
20110325;15.80;16.03;15.57;15.83;3622467;57279016.00
20110328;15.83;16.04;15.59;15.64;3392971;53547676.00
20110329;15.70;15.78;15.02;15.04;4517807;68836064.00
20110330;15.05;15.10;14.58;14.68;3077059;45520552.00
20110331;14.70;14.88;14.59;14.62;1627523;23941110.00
20110401;14.75;14.88;14.50;14.86;1213335;17820468.00
20110406;14.80;14.97;14.63;14.86;1356501;20082588.00
20110407;14.88;14.94;14.68;14.71;2174965;32030720.00
20110408;14.72;14.95;14.61;14.92;2104460;31197778.00
20110411;14.95;15.46;14.88;15.16;4070143;62002220.00
20110412;15.07;15.20;14.80;14.89;2048438;30762098.00
20110413;14.91;14.91;14.70;14.90;1963445;29053110.00
20110414;14.90;15.30;14.90;15.29;3950421;59865544.00
20110415;15.53;16.08;15.35;16.01;10115461;159390736.00
20110418;16.20;17.05;16.01;16.78;14800296;247820496.00
20110419;16.66;17.05;16.25;16.76;7627881;127548352.00
20110420;16.82;17.00;16.44;16.58;5297513;88532512.00
20110421;16.85;17.94;16.59;17.58;15468672;270534048.00
20110422;17.55;17.90;17.05;17.60;7812133;136422432.00
20110425;17.65;18.12;16.96;17.63;8488160;149008448.00
20110426;17.35;18.00;16.91;16.95;6156467;107330368.00
20110427;16.95;17.23;16.40;16.72;4211936;70503856.00
20110428;16.72;17.40;16.56;16.95;5357164;91168416.00
20110429;16.88;17.90;16.77;17.48;7154761;124434616.00
20110503;17.21;17.46;16.64;17.20;3982991;67735488.00
20110504;17.18;17.18;15.48;16.25;6910748;112064360.00
20110505;16.00;16.00;15.61;15.73;3238778;51206212.00
20110506;15.51;16.12;15.32;15.70;3025763;47556152.00
20110509;15.88;16.15;15.72;15.83;1955830;31173580.00
20110510;15.80;16.24;15.75;15.86;2425847;38658608.00
20110511;15.98;16.11;15.67;16.07;2776349;44106672.00
20110512;15.93;16.09;15.81;15.82;2113646;33672824.00
20110513;15.75;15.97;15.51;15.90;2039460;32184180.00
20110516;15.90;16.48;15.80;16.28;3272050;53271248.00
20110517;16.24;16.53;16.00;16.31;2891770;47095016.00
20110518;16.28;16.40;16.11;16.30;1629967;26486050.00
20110519;16.26;16.40;15.70;15.75;3091000;49393024.00
20110520;15.75;15.83;15.30;15.35;2247059;34729040.00
20110523;15.32;15.32;14.78;14.83;1779015;26619558.00
20110524;14.80;14.98;14.66;14.91;1273100;18902872.00
20110525;14.92;14.99;14.62;14.69;1256535;18546464.00
20110526;14.70;15.05;14.70;14.72;1024455;15196076.00
20110527;14.73;14.80;13.71;13.76;2103420;29431634.00
20110530;13.82;13.83;13.36;13.46;1195791;16251697.00
20110531;13.49;13.87;13.41;13.86;1807853;24715104.00
20110601;13.87;13.96;13.66;13.95;1376151;18990612.00
20110602;13.70;13.78;13.43;13.62;1229314;16757914.00
20110603;13.65;14.98;13.65;14.71;4139417;59945236.00
20110607;15.00;15.20;14.40;14.99;3816880;56422104.00
20110608;14.69;15.20;14.62;15.07;2424682;36225776.00
20110609;15.07;15.08;14.63;14.64;1569939;23351064.00
20110610;14.50;15.03;14.40;14.88;1384893;20545388.00
20110613;14.85;15.06;14.62;14.88;1078430;16064425.00
20110614;14.94;15.50;14.72;15.33;2010995;30477116.00
20110615;15.27;15.49;14.95;14.96;1400566;21264100.00
20110616;14.86;15.09;14.60;14.83;1038406;15390299.00
20110620;14.56;14.70;14.14;14.51;1122216;16161836.00
20110621;14.60;14.74;14.34;14.67;669782;9759752.00
20110622;14.67;14.81;14.56;14.72;609878;8981263.00
20110623;14.60;15.08;14.60;15.02;975481;14589969.00
20110624;14.99;15.46;14.86;15.29;3185841;48561692.00
20110627;15.29;15.50;15.13;15.34;3390425;51813836.00
20110628;15.35;15.40;15.03;15.12;2197835;33277562.00
20110629;15.14;15.20;14.73;14.81;1846335;27553632.00
20110630;14.82;14.99;14.77;14.92;2330119;34628648.00
20110701;14.92;14.97;14.74;14.91;1922753;28533224.00
20110704;14.92;15.29;14.88;15.27;3439069;52009500.00
20110705;15.39;15.56;15.11;15.53;4635335;71223440.00
20110706;15.60;15.60;15.19;15.32;2703717;41479048.00
20110707;15.30;15.48;15.13;15.15;3781946;57931088.00
20110708;15.06;15.23;14.78;14.92;2898476;43477768.00
20110711;15.03;15.17;14.86;15.08;2204432;33135568.00
20110712;15.00;15.00;14.55;14.60;2439220;35976488.00
20110713;14.60;14.90;14.50;14.87;2526212;37138712.00
20110714;14.88;15.09;14.85;15.08;2134603;31895408.00
20110715;15.07;15.23;14.91;15.21;2807480;42474820.00
20110718;15.22;15.40;15.00;15.37;2847898;43501328.00
20110719;15.32;15.32;15.09;15.18;2061374;31248974.00
20110720;15.19;15.57;15.15;15.55;4093080;62919772.00
20110721;15.45;15.79;15.34;15.64;8618524;134365264.00
20110722;15.61;15.73;15.18;15.22;4912356;75768376.00
20110725;15.10;15.10;14.15;14.20;4609939;67073780.00
20110726;14.20;14.29;13.88;14.29;2431029;34232996.00
20110727;14.28;14.34;14.01;14.29;3996117;56807120.00
20110728;14.08;14.20;14.05;14.15;1467865;20724116.00
20110729;14.15;14.24;13.73;13.89;1651607;23111160.00
20110801;13.84;14.12;13.75;14.00;1289403;18029268.00
20110802;14.00;14.00;13.58;13.87;1432750;19653704.00
20110803;13.75;14.08;13.72;14.06;1214479;16896432.00
20110804;14.03;14.16;13.80;13.95;1634415;22832072.00
20110805;13.46;13.92;13.00;13.64;1791737;24504400.00
20110808;13.45;13.51;12.29;12.70;2439299;31507190.00
20110809;12.30;12.85;12.07;12.69;2052992;25609378.00
20110810;13.03;13.08;12.80;12.83;1641457;21205954.00
20110811;12.33;13.21;12.33;13.18;1691361;21923992.00
20110812;13.26;13.48;13.22;13.41;1978498;26399280.00
20110815;13.46;13.75;13.30;13.70;2802222;37860124.00
20110816;13.81;13.82;13.48;13.79;3289756;45057220.00
20110817;13.68;15.16;13.62;14.71;10124307;146487280.00
20110818;14.54;14.88;14.18;14.41;8673570;125728808.00
20110819;13.81;14.69;13.75;14.05;5363635;75299808.00
20110822;13.90;14.19;13.57;13.59;2882024;39798644.00
20110823;13.59;13.88;13.45;13.71;1782548;24303280.00
20110824;13.78;13.90;13.57;13.58;1749663;24063604.00
20110825;13.55;13.92;13.48;13.86;1893425;25984516.00
20110826;13.79;13.92;13.72;13.82;1481534;20456968.00
20110829;13.85;13.85;13.55;13.58;1210970;16537151.00
20110830;13.60;13.80;13.45;13.48;1083372;14786686.00
20110831;13.52;13.61;13.31;13.53;694127;9336259.00
20110901;13.53;13.72;13.40;13.46;805358;10920437.00
20110902;13.49;13.50;13.13;13.17;895486;11865318.00
20110905;13.00;13.15;12.75;12.76;976710;12560770.00
20110906;12.74;12.92;12.60;12.80;591396;7557021.00
20110907;12.88;13.13;12.85;13.06;805348;10462957.00
20110908;13.11;13.16;12.75;12.80;762699;9923777.00
20110909;12.80;13.01;12.66;12.79;544430;6973862.00
20110913;12.66;12.66;12.35;12.58;484246;6066891.00
20110914;12.60;12.68;12.30;12.68;716021;8965383.00
20110915;12.70;12.81;12.62;12.66;732568;9308515.00
20110916;12.73;12.90;12.66;12.72;591186;7539106.00
20110919;12.82;12.82;12.40;12.46;731482;9132293.00
20110920;12.44;12.70;12.44;12.66;611230;7681479.00
20110921;12.67;13.01;12.61;12.99;1194464;15385921.00
20110922;12.90;12.93;12.52;12.56;964232;12274943.00
20110923;12.18;12.48;12.18;12.44;645025;7951319.00
20110926;12.46;13.20;12.42;12.45;915973;11579893.00
20110927;12.51;12.68;12.31;12.51;568852;7108921.00
20110928;12.51;12.65;11.98;12.01;1191285;14532281.00
20110930;11.80;11.80;11.20;11.32;1270824;14546485.00
20111010;11.32;11.50;11.18;11.18;466100;5277059.00
20111011;11.38;11.48;11.18;11.30;635481;7201039.00
20111012;11.30;11.76;11.17;11.64;1624698;18832200.00
20111013;11.68;11.84;11.56;11.77;1094032;12834206.00
20111014;11.74;11.81;11.60;11.76;846540;9910161.00
20111017;11.85;11.86;11.65;11.76;811386;9533431.00
20111018;11.70;11.70;11.23;11.42;872014;10067528.00
20111019;11.44;11.55;11.20;11.41;508845;5798444.00
20111020;11.38;11.38;10.81;10.96;761183;8385078.00
20111021;10.97;11.27;10.76;10.80;525856;5737103.00
20111024;10.80;11.02;10.61;11.02;597453;6482706.00
20111025;11.18;11.35;11.06;11.30;1087554;12232355.00
20111026;11.15;11.48;11.15;11.40;1269514;14409926.00
20111027;11.40;11.58;11.26;11.31;1054544;12009291.00
20111028;11.50;11.68;11.35;11.64;1475277;16986514.00
20111031;11.64;11.87;11.61;11.74;1536827;18061300.00
20111101;11.68;11.86;11.52;11.85;1396897;16464030.00
20111102;11.70;12.38;11.60;12.34;2905647;35125520.00
20111103;12.34;12.88;12.18;12.42;5744700;71864488.00
20111104;12.41;12.88;12.34;12.49;5915047;73614368.00
20111107;12.47;12.74;12.27;12.33;3319213;41194680.00
20111108;12.30;12.33;11.90;11.93;2304612;27816684.00
20111109;12.10;12.13;11.80;12.11;1176648;14118213.00
20111110;12.02;12.06;11.86;11.88;957500;11458021.00
20111111;11.91;12.02;11.90;11.97;641249;7668988.00
20111114;12.01;12.26;12.01;12.25;1128985;13755545.00
20111115;12.33;12.35;12.19;12.33;1276010;15668372.00
20111116;12.33;12.35;11.75;11.95;1695586;20379208.00
20111117;11.81;12.05;11.81;11.86;576847;6869903.00
20111118;11.78;11.91;11.38;11.45;918931;10600219.00
20111121;11.45;11.58;11.20;11.35;637846;7220026.00
20111122;11.14;11.38;11.14;11.32;469531;5293357.00
20111123;11.36;11.48;11.16;11.17;488014;5492884.00
20111124;11.17;11.17;10.97;11.09;881994;9736702.00
20111125;11.07;11.29;11.02;11.19;759942;8481040.00
20111128;11.25;11.74;11.24;11.58;1795308;20781214.00
20111129;11.60;11.69;11.46;11.68;1169128;13542482.00
20111130;11.66;11.66;10.80;10.95;1229041;13783935.00
20111201;11.39;11.40;11.11;11.14;1063867;11994245.00
20111202;11.12;11.52;11.12;11.22;1144386;12928142.00
20111205;11.34;11.34;10.75;10.80;844943;9307802.00
20111206;10.78;10.90;10.40;10.58;1010752;10766533.00
20111207;10.60;10.77;10.52;10.59;683771;7274891.00
20111208;10.51;10.60;10.20;10.44;1164670;12120111.00
20111209;10.20;10.43;10.18;10.40;885172;9098188.00
20111212;10.40;10.76;10.40;10.75;2238896;23731120.00
20111213;10.64;10.91;10.53;10.85;2674683;28736318.00
20111214;10.80;10.85;10.42;10.42;1015005;10864235.00
20111215;10.35;10.35;9.70;9.87;1439773;14242835.00
20111216;9.87;10.28;9.87;10.26;799921;8013620.00
20111219;10.25;10.25;9.93;10.15;903078;9102423.00
20111220;10.10;10.35;10.05;10.18;712305;7247867.00
20111221;10.22;10.31;9.90;9.95;521943;5315443.00
20111222;9.85;9.94;9.53;9.76;782476;7602473.00
20111223;9.71;9.96;9.67;9.81;656439;6427951.00
20111226;9.79;9.88;9.62;9.66;397249;3873541.00
20111227;9.78;9.78;9.00;9.25;645298;6078237.00
20111228;9.20;9.20;8.69;8.95;1089677;9641314.00
20111229;8.89;9.29;8.80;9.28;977526;8970987.00
20111230;9.21;9.72;9.21;9.66;1786077;17064370.00
20120104;9.70;9.75;9.34;9.35;649689;6166086.00
20120105;9.26;9.38;8.92;8.93;409839;3747321.00
20120106;8.88;9.16;8.81;9.16;488646;4377794.00
20120109;9.16;9.53;9.03;9.52;634568;5950397.00
20120110;9.53;9.91;9.46;9.88;1220980;11932033.00
20120111;9.85;9.98;9.77;9.87;1132791;11197707.00
20120112;9.80;10.02;9.80;9.86;736581;7300694.00
20120113;9.81;9.91;9.32;9.43;855394;8184056.00
20120116;9.42;9.54;9.00;9.00;603501;5561792.00
20120117;9.04;9.85;9.04;9.69;786495;7461086.00
20120118;9.78;9.82;9.30;9.36;682415;6553161.00
20120119;9.37;9.68;9.37;9.50;540271;5153261.00
20120120;9.50;9.71;9.50;9.68;516952;4981217.00
20120130;9.76;9.76;9.53;9.54;547064;5267952.00
20120131;9.52;9.67;9.44;9.60;350650;3353087.00
20120201;9.60;9.70;9.40;9.47;556467;5322903.00
20120202;9.47;9.68;9.47;9.65;634679;6090181.00
20120203;9.57;9.87;9.56;9.83;918372;8955865.00
20120206;9.85;9.92;9.74;9.84;911759;8948570.00
20120207;9.86;9.86;9.51;9.66;695187;6723184.00
20120208;9.71;9.91;9.62;9.88;1096001;10730413.00
20120210;9.88;10.18;9.88;10.01;1679016;16882832.00
20120213;10.00;10.13;9.81;10.05;1125860;11263560.00
20120214;10.06;10.10;9.92;10.02;713308;7125358.00
20120215;10.03;10.22;9.97;10.21;1493951;15158903.00
20120216;10.24;10.28;10.07;10.19;1164007;11831527.00
20120217;10.18;10.27;10.13;10.26;1108616;11310478.00
20120220;10.37;10.40;10.16;10.17;1113470;11426372.00
20120221;10.17;10.22;9.94;10.20;1304074;13192730.00
20120222;10.20;10.44;10.10;10.44;2391891;24678350.00
20120223;10.41;10.57;10.35;10.54;2042486;21412984.00
20120224;10.52;10.65;10.41;10.61;1709141;18007232.00
20120227;10.53;10.74;10.48;10.50;2580941;27462548.00
20120228;10.40;10.50;10.28;10.44;1773584;18421644.00
20120229;10.41;10.46;10.24;10.26;928307;9610335.00
20120301;10.30;10.39;10.22;10.30;700384;7212012.00
20120302;10.34;10.57;10.34;10.52;1390826;14569574.00
20120305;10.57;11.16;10.54;11.06;5361938;58374264.00
20120306;11.00;11.47;10.88;11.11;7063573;79032920.00
20120307;10.88;11.00;10.67;10.75;4236176;45800928.00
20120308;10.70;10.99;10.70;10.85;1830466;19822504.00
20120309;10.90;11.00;10.78;10.97;1790851;19559744.00
20120312;10.96;10.98;10.80;10.94;1339984;14581022.00
20120313;10.95;11.15;10.88;11.13;1766376;19481560.00
20120314;11.15;11.20;10.35;10.45;2660313;28860760.00
20120315;10.46;10.53;10.07;10.31;1754168;17991556.00
20120316;10.19;10.45;10.19;10.43;1106739;11432939.00
20120319;10.40;10.58;10.26;10.57;1072866;11206379.00
20120320;10.50;10.56;10.21;10.22;1176278;12114747.00
20120321;10.37;10.37;10.11;10.23;805262;8228361.00
20120322;10.22;10.34;10.09;10.24;640718;6559259.00
20120323;10.09;10.21;9.92;9.97;915844;9199951.00
20120326;9.90;10.11;9.86;10.05;457191;4578568.00
20120327;10.06;10.23;10.06;10.16;621374;6315651.00
20120328;10.18;10.18;9.53;9.54;986500;9645848.00
20120329;9.52;9.68;9.31;9.36;558509;5289550.00
20120330;9.46;9.53;9.30;9.38;441398;4146514.00
20120405;9.44;9.94;9.40;9.85;633422;6075677.00
20120406;9.80;9.82;9.65;9.80;647315;6306182.00
20120409;9.65;9.77;9.50;9.62;312549;3029599.00
20120410;9.53;10.00;9.39;9.93;540040;5163857.00
20120411;9.88;10.05;9.70;9.88;626402;6176627.00
20120412;9.88;10.00;9.80;10.00;875110;8680634.00
20120413;10.00;10.08;9.96;10.02;742007;7436108.00
20120416;10.00;10.06;9.80;10.02;533661;5326913.00
20120417;9.98;10.08;9.80;9.80;563200;5581381.00
20120419;10.05;10.14;9.95;10.12;1028114;10321178.00
20120420;10.18;10.50;10.14;10.45;2695684;28114384.00
20120423;10.42;10.42;10.18;10.20;1678038;17192882.00
20120424;10.12;10.21;9.50;9.90;1382906;13721451.00
20120425;9.90;10.08;9.75;10.08;1061227;10545485.00
20120426;10.07;10.07;9.91;10.00;818690;8187178.00
20120427;10.00;10.00;9.82;9.88;561890;5562894.00
20120502;9.92;10.19;9.92;10.11;945663;9553616.00
20120503;10.07;10.21;10.07;10.21;859890;8735416.00
20120504;10.23;10.28;10.09;10.21;658690;6708281.00
20120507;10.17;10.18;10.03;10.17;790897;7990023.00
20120508;10.17;10.42;10.15;10.28;1601991;16508114.00
20120509;10.25;10.83;10.15;10.72;5543273;58582652.00
20120510;10.71;11.07;10.48;11.04;7056581;76429232.00
20120511;11.00;11.15;10.71;10.86;3943701;42889828.00
20120514;10.89;10.90;10.51;10.60;1886597;20059648.00
20120515;10.51;11.15;10.45;11.08;5852414;63968384.00
20120516;11.05;11.17;10.72;10.99;3950825;43205736.00
20120517;10.97;11.08;10.71;11.00;3202933;35038512.00
20120518;10.83;10.85;10.38;10.39;2475234;26221880.00
20120521;10.39;11.00;10.32;10.91;3767082;40716072.00
20120522;10.97;11.25;10.87;10.98;3545387;39163868.00
20120523;10.98;11.28;10.88;11.00;3180689;35276748.00
20120524;10.93;11.29;10.77;11.23;4822049;53730272.00
20120525;11.39;11.39;11.00;11.11;3561366;39824904.00
20120528;11.20;11.28;10.71;11.15;2141072;23531572.00
20120529;11.25;11.45;11.05;11.28;4889959;55006728.00
20120530;11.35;11.35;11.06;11.29;2899094;32429556.00
20120531;11.28;11.45;11.10;11.20;2335580;26334268.00
20120601;11.16;11.34;10.94;11.01;2530264;28113980.00
20120604;10.76;10.88;10.44;10.45;1855828;19774252.00
20120605;10.44;10.54;10.32;10.45;1087893;11366823.00
20120606;10.63;10.65;10.36;10.52;1248549;13119691.00
20120607;10.67;10.75;10.41;10.45;626592;6596599.00
20120608;10.45;10.57;10.17;10.19;1151329;11945753.00
20120611;10.21;10.68;10.07;10.43;2091214;21495384.00
20120612;10.31;10.36;10.18;10.20;763394;7851571.00
20120613;10.20;10.43;10.20;10.35;604192;6238072.00
20120614;10.30;10.43;10.20;10.28;1055222;10886455.00
20120615;10.40;10.77;10.34;10.46;1848590;19382340.00
20120618;10.58;10.65;10.36;10.49;1253558;13159118.00
20120619;10.62;10.62;10.19;10.31;1288570;13354079.00
20120620;10.21;10.38;10.21;10.31;615471;6332346.00
20120621;10.34;10.36;10.13;10.27;499192;5105323.00
20120625;10.30;10.36;10.11;10.11;621595;6358524.00
20120626;10.12;10.28;9.82;10.14;952518;9585230.00
20120627;10.30;10.30;10.00;10.02;837081;8524217.00
20120628;10.03;10.10;9.51;9.58;896993;8800422.00
20120629;9.58;10.09;9.56;9.98;1305211;12775413.00
20120702;10.18;10.19;9.94;10.11;705634;7096235.00
20120703;10.18;10.49;9.90;10.16;1012481;10355521.00
20120704;10.10;10.42;10.10;10.23;487502;4987473.00
20120705;10.22;10.28;10.01;10.12;563303;5697079.00
20120706;10.35;10.38;10.09;10.32;958627;9834688.00
20120709;10.27;10.30;9.95;10.00;582100;5894867.00
20120710;10.18;10.37;10.04;10.24;1195100;12245520.00
20120711;10.15;10.40;10.15;10.36;771656;7964597.00
20120712;10.42;10.44;10.23;10.34;988377;10232808.00
20120713;10.26;10.45;10.23;10.34;1047700;10831787.00
20120716;10.28;10.40;9.72;9.77;1113962;11084445.00
20120717;9.70;9.88;9.70;9.73;453921;4435612.00
20120718;9.75;9.75;9.46;9.62;561100;5370763.00
20120719;9.63;9.81;9.54;9.74;461946;4487687.00
20120720;9.66;9.79;9.65;9.65;361532;3513016.00
20120723;9.70;9.78;9.46;9.68;458185;4407287.00
20120724;9.68;10.65;9.61;10.15;1404208;14117832.00
20120725;10.10;10.25;10.00;10.09;619485;6274952.00
20120726;10.20;10.25;10.07;10.14;424000;4300949.00
20120727;10.13;10.22;9.98;10.00;342165;3448860.00
20120730;10.00;10.00;9.68;9.79;458231;4488180.00
20120731;9.97;9.98;9.73;9.77;285112;2799365.00
20120801;9.87;10.18;9.83;10.06;459285;4616955.00
20120802;10.20;10.20;10.01;10.10;560726;5651067.00
20120803;10.27;10.27;10.08;10.20;579006;5879305.00
20120806;10.12;10.37;10.11;10.31;912202;9369175.00
20120807;10.35;10.48;10.23;10.38;1148830;11894465.00
20120808;10.43;10.46;10.28;10.37;577950;5986318.00
20120809;10.40;10.40;10.25;10.38;581793;6020126.00
20120810;10.40;10.40;10.23;10.37;583950;6023387.00
20120813;10.35;10.35;10.16;10.22;430402;4406382.00
20120814;10.22;10.27;10.10;10.23;628144;6398484.00
20120815;10.23;10.23;10.08;10.20;406388;4121608.00
20120816;10.19;10.35;10.15;10.29;1006748;10361162.00
20120817;10.30;10.38;10.17;10.23;506914;5217650.00
20120820;10.15;10.15;9.90;10.02;667665;6658029.00
20120821;10.05;10.11;9.92;10.00;428259;4289721.00
20120822;10.17;10.17;9.96;10.03;367455;3687859.00
20120823;10.01;10.15;9.96;10.04;481548;4830693.00
20120824;10.06;10.17;9.96;9.96;401125;4015565.00
20120827;9.94;9.94;9.65;9.66;459660;4468934.00
20120828;9.66;10.03;9.66;9.85;273624;2689546.00
20120829;9.85;9.93;9.74;9.81;161927;1593738.00
20120830;9.87;9.98;9.63;9.70;393191;3830382.00
20120831;9.67;9.77;9.66;9.69;111927;1085029.00
20120903;9.68;9.82;9.50;9.74;318353;3096087.00
20120904;9.60;9.81;9.60;9.66;380800;3678682.00
20120905;9.69;9.89;9.69;9.71;354048;3452914.00
20120906;9.81;9.95;9.74;9.85;411862;4052713.00
20120907;9.92;10.19;9.87;10.10;976004;9819722.00
20120910;10.10;10.25;10.03;10.18;670823;6819816.00
20120911;10.17;10.36;10.04;10.10;765200;7783673.00
20120912;10.12;10.18;10.01;10.11;484017;4882658.00
20120913;10.14;10.51;9.98;10.33;2975115;30646856.00
20120914;10.32;10.46;10.06;10.18;2098505;21582816.00
20120917;10.15;10.28;9.80;9.90;862683;8661742.00
20120918;9.88;9.98;9.73;9.90;442865;4348825.00
20120919;9.88;10.58;9.81;10.36;4700895;47739112.00
20120920;10.26;10.50;10.03;10.04;2065562;21150266.00
20120921;9.96;10.03;9.13;9.70;1856134;17889260.00
20120924;9.60;9.92;9.40;9.72;888907;8490281.00
20120925;9.80;9.80;9.48;9.72;522350;5012816.00
20120926;9.71;9.72;9.50;9.59;237002;2266992.00
20120927;9.59;9.75;9.49;9.67;581374;5618557.00
20120928;9.67;9.79;9.62;9.77;520233;5069613.00
20121008;9.77;9.83;9.71;9.77;274287;2674999.00
20121009;9.80;10.16;9.80;10.08;2508451;24937680.00
20121010;10.10;10.15;9.98;10.11;1187922;11956400.00
20121011;10.01;10.18;9.95;9.95;798771;8018034.00
20121012;10.05;10.12;9.91;9.99;418612;4188566.00
20121015;9.90;10.03;9.80;9.82;308870;3041173.00
20121016;9.81;9.82;9.71;9.72;548501;5353720.00
20121017;9.80;9.94;9.72;9.82;344346;3378714.00
20121018;9.87;9.93;9.72;9.90;547322;5390906.00
20121019;9.90;9.95;9.80;9.82;395890;3907498.00
20121022;9.78;9.97;9.72;9.92;496160;4886010.00
20121023;9.98;9.98;9.78;9.80;433845;4268656.00
20121024;9.80;9.85;9.69;9.73;507138;4940128.00
20121025;9.80;9.80;9.69;9.69;315424;3069524.00
20121026;9.67;9.75;9.42;9.43;468400;4469332.00
20121029;9.25;9.50;9.25;9.33;294603;2750735.00
20121030;9.33;9.53;9.27;9.41;174640;1638782.00
20121031;9.40;9.44;9.33;9.43;136535;1283626.00
20121101;9.42;9.68;9.42;9.55;241759;2309611.00
20121102;9.51;9.61;9.48;9.56;171999;1640427.00
20121105;9.60;9.62;9.47;9.51;230921;2198421.00
20121106;9.51;9.56;9.33;9.45;302867;2848111.00
20121107;9.44;9.55;9.32;9.45;200101;1889106.00
20121108;9.36;9.53;9.30;9.33;195748;1835383.00
20121109;9.35;9.41;9.26;9.27;168600;1570362.00
20121112;9.16;9.38;9.16;9.31;127833;1187218.00
20121113;9.28;9.28;9.06;9.08;306309;2805070.00
20121114;9.02;9.16;9.00;9.16;255900;2325383.00
20121115;9.53;9.53;9.16;9.20;849667;8010824.00
20121116;9.03;9.03;8.80;8.93;383092;3413121.00
20121119;8.88;8.95;8.71;8.75;359100;3156242.00
20121120;8.87;8.87;8.67;8.72;208860;1826351.00
20121121;8.72;8.81;8.68;8.80;347735;3033775.00
20121122;8.80;8.80;8.69;8.69;161013;1407282.00
20121123;8.68;8.75;8.62;8.68;187647;1633441.00
20121126;8.74;8.74;8.52;8.57;195062;1679824.00
20121127;8.51;8.60;8.31;8.32;345944;2907321.00
20121128;8.32;8.32;7.93;7.94;339346;2738440.00
20121129;8.02;8.09;7.80;7.81;279538;2223943.00
20121130;7.68;7.99;7.65;7.90;336943;2662103.00
20121203;7.93;7.96;7.66;7.77;168267;1317742.00
20121204;7.76;7.86;7.69;7.85;318994;2483322.00
20121205;7.89;8.64;7.80;8.27;907781;7468112.00
20121206;8.24;8.35;8.11;8.13;384689;3161639.00
20121207;8.11;8.49;8.11;8.33;613810;5104841.00
20121210;8.40;8.58;8.31;8.49;712239;6010725.00
20121211;8.50;8.50;8.30;8.32;285401;2397763.00
20121212;8.31;8.39;8.14;8.19;266481;2193837.00
20121213;8.27;8.30;8.12;8.15;201769;1654388.00
20121214;8.21;8.88;8.13;8.55;1169562;10001922.00
20121217;8.56;8.65;8.53;8.57;304500;2614920.00
20121218;8.57;8.86;8.50;8.59;691937;5990392.00
20121219;8.75;8.84;8.62;8.66;616708;5362410.00
20121220;8.70;9.50;8.52;9.05;2032142;18052348.00
20121221;9.14;9.17;8.80;8.83;1221933;10944375.00
20121224;8.84;9.04;8.74;8.86;518517;4588446.00
20121225;8.81;9.26;8.76;9.09;2368751;21516748.00
20121226;9.27;9.27;9.03;9.16;690773;6284989.00
20121227;9.51;9.52;9.11;9.17;1491724;13794527.00
20121228;9.12;9.27;9.09;9.16;686183;6288336.00
20121231;9.20;9.26;9.12;9.21;647779;5953550.00
20130104;9.34;9.34;9.04;9.05;763913;7012131.00
20130107;9.00;9.19;8.92;9.08;734404;6625163.00
20130108;9.08;9.24;8.90;9.14;1044177;9468758.00
20130109;9.16;9.22;8.99;9.12;763201;6945980.00
20130110;9.09;9.44;9.00;9.25;1146240;10588745.00
20130111;9.15;9.25;8.90;8.93;685600;6233680.00
20130114;9.02;9.24;8.90;9.20;1113967;10197578.00
20130115;9.20;10.06;9.15;9.56;4465791;42223764.00
20130116;9.51;9.51;9.25;9.45;1797895;16874356.00
20130117;9.45;9.45;9.23;9.25;785562;7302757.00
20130118;9.38;9.38;9.25;9.35;891428;8312224.00
20130121;9.36;9.38;9.25;9.34;715258;6666443.00
20130122;9.31;9.36;9.16;9.24;763715;7071623.00
20130123;9.29;9.29;9.06;9.23;610587;5596956.00
20130124;9.28;9.32;8.99;9.02;934301;8601032.00
20130125;9.03;9.18;8.88;9.08;645572;5794744.00
20130128;9.03;9.26;9.02;9.20;531826;4862166.00
20130129;9.09;9.24;9.09;9.15;1053427;9648512.00
20130130;9.10;9.23;8.97;9.19;808540;7379102.00
20130131;9.18;9.23;9.09;9.15;449722;4106003.00
20130201;9.22;9.22;9.11;9.15;410903;3760604.00
20130204;9.15;9.15;9.00;9.11;802625;7271993.00
20130205;9.00;9.08;8.98;9.08;485296;4380977.00
20130206;9.09;9.28;9.08;9.17;1235838;11355172.00
20130207;9.16;9.21;9.05;9.15;484394;4422498.00
20130208;9.21;9.26;9.12;9.23;878359;8083945.00
20130218;9.29;9.29;9.18;9.23;970006;8944550.00
20130219;9.24;9.29;9.10;9.20;603424;5543516.00
20130220;9.15;9.27;9.15;9.24;1443940;13316879.00
20130221;9.24;9.24;9.06;9.10;852210;7790348.00
20130222;9.20;9.49;9.11;9.25;3693550;34245720.00
20130225;9.24;9.29;9.08;9.24;1793060;16474970.00
20130226;9.18;9.21;9.05;9.11;1089120;9936430.00
20130227;9.05;9.15;9.00;9.05;612233;5557865.00
20130228;9.04;9.27;9.04;9.20;2636577;24219572.00
20130301;9.22;9.34;9.15;9.20;1386361;12783129.00
20130304;9.20;9.21;8.96;9.01;1442210;13065264.00
20130305;9.02;9.14;8.95;9.08;832419;7537082.00
20130306;9.17;9.20;9.01;9.18;1384458;12634135.00
20130307;9.21;9.21;9.05;9.14;1273656;11616412.00
20130308;9.19;9.19;9.04;9.08;679490;6179677.00
20130311;9.10;9.10;8.97;8.99;730646;6580683.00
20130312;8.92;9.09;8.49;8.57;1534575;13441977.00
20130313;8.52;8.60;8.32;8.49;719280;6057355.00
20130314;8.56;8.56;8.35;8.36;481000;4049399.00
20130315;8.40;8.46;8.30;8.36;408081;3422837.00
20130318;8.32;8.56;8.30;8.32;418120;3496166.00
20130319;8.34;8.43;8.30;8.32;366700;3058659.00
20130320;8.37;8.55;8.34;8.53;833188;7042435.00
20130321;8.59;8.59;8.46;8.52;974672;8295957.00
20130322;8.55;8.55;8.40;8.46;530125;4489911.00
20130325;8.46;8.55;8.42;8.53;669100;5689294.00
20130326;8.53;8.55;8.38;8.45;553390;4672671.00
20130327;8.54;8.55;8.44;8.46;439973;3727925.00
20130328;8.44;8.46;8.06;8.08;739400;6052992.00
20130329;8.08;8.55;8.08;8.18;527313;4343030.00
20130401;8.18;8.30;8.12;8.21;269804;2212951.00
20130402;8.21;8.28;8.13;8.14;466704;3824939.00
20130403;8.15;8.19;7.98;8.01;619897;4984013.00
20130408;7.94;8.11;7.80;8.07;431261;3412387.00
20130409;8.00;8.24;8.00;8.18;473215;3865575.00
20130410;8.16;8.29;8.13;8.17;313800;2568294.00
20130411;8.18;8.20;8.12;8.13;246000;2007161.00
20130412;8.13;8.20;8.10;8.13;300715;2452159.00
20130415;8.07;8.39;8.02;8.30;962331;7911709.00
20130416;8.25;8.37;8.22;8.32;769596;6379707.00
20130417;8.32;8.35;8.22;8.29;312893;2596183.00
20130418;8.29;8.32;8.20;8.20;418247;3451059.00
20130419;8.20;8.38;8.18;8.35;821393;6802021.00
20130422;8.28;8.35;8.16;8.29;492447;4077937.00
20130423;8.26;8.27;7.98;8.01;672549;5471410.00
20130424;8.01;8.25;8.00;8.22;443511;3603209.00
20130425;8.20;8.22;7.93;7.96;591200;4793312.00
20130426;8.00;8.07;7.93;7.98;418699;3348065.00
20130502;8.00;8.15;7.96;8.05;183399;1474456.00
20130503;8.03;8.14;8.03;8.11;637100;5166144.00
20130506;8.09;8.25;8.09;8.16;513524;4195013.00
20130507;8.28;8.28;8.19;8.21;523980;4307854.00
20130508;8.28;8.28;8.16;8.22;327198;2686936.00
20130509;8.17;8.24;8.13;8.15;600071;4901868.00
20130510;8.19;8.50;8.15;8.40;1687920;14116163.00
20130513;8.34;8.43;8.27;8.42;827503;6918589.00
20130514;8.45;8.46;8.27;8.40;713142;5960296.00
20130515;8.46;8.46;8.31;8.40;554711;4643268.00
20130516;8.45;8.46;8.35;8.41;825819;6942420.00
20130517;8.45;8.49;8.38;8.45;1335789;11243635.00
20130520;8.49;8.52;8.42;8.51;1345382;11400896.00
20130521;8.53;8.53;8.43;8.52;1319254;11195055.00
20130522;8.51;8.52;8.45;8.49;1116654;9472457.00
20130523;8.49;8.49;8.31;8.33;1119330;9411595.00
20130524;8.37;8.37;8.29;8.36;1237755;10299457.00
20130527;8.32;8.35;8.25;8.31;1736012;14413583.00
20130528;8.30;8.55;8.23;8.44;3872307;32549296.00
20130529;8.49;8.54;8.41;8.44;3535794;29906352.00
20130530;8.34;8.44;8.30;8.35;1448568;12105724.00
20130531;8.43;8.43;8.31;8.34;1221966;10209223.00
20130603;8.32;8.32;8.16;8.17;1143178;9408950.00
20130604;8.17;8.22;8.01;8.05;983835;7975273.00
20130605;8.04;8.15;8.01;8.08;499676;4039741.00
20130606;8.15;8.15;7.95;7.97;813000;6548865.00
20130607;7.95;8.04;7.76;7.78;1193712;9403935.00
20130613;7.79;7.79;7.45;7.48;859487;6458960.00
20130614;7.50;7.57;7.48;7.51;719987;5406642.00
20130617;7.55;7.60;7.43;7.46;1567575;11743092.00
20130618;7.46;7.49;7.31;7.37;1498763;11069703.00
20130619;7.34;7.35;7.20;7.31;1067670;7777994.00
20130620;7.27;7.30;7.11;7.13;1492768;10773776.00
20130621;7.10;7.10;6.84;7.00;933046;6519206.00
20130624;7.04;7.04;6.41;6.58;1352328;9065458.00
20130625;6.68;6.68;6.01;6.34;1390301;8826219.00
20130626;6.34;6.40;6.24;6.37;656503;4144151.00
20130627;6.37;6.46;6.10;6.21;1073079;6799400.00
20130628;6.07;6.29;6.07;6.20;910576;5660689.00
20130701;6.20;6.32;6.11;6.29;506404;3151699.00
20130702;6.25;6.34;6.23;6.31;644202;4041775.00
20130703;6.65;6.94;6.58;6.94;6635066;44771120.00
20130704;6.73;7.16;6.68;7.05;6548194;45849312.00
20130705;7.01;7.03;6.82;6.93;2956129;20434952.00
20130708;6.90;6.90;6.50;6.51;2230329;14848635.00
20130709;6.48;6.75;6.33;6.68;1919582;12494315.00
20130710;6.66;6.85;6.57;6.84;1548596;10413412.00
20130711;6.79;7.02;6.78;6.93;2720976;18795040.00
20130712;6.94;7.01;6.82;6.84;1986827;13720255.00
20130715;6.84;6.96;6.72;6.95;1703208;11687148.00
20130716;6.97;7.14;6.92;7.04;1820549;12795435.00
20130717;7.06;7.09;6.82;6.83;1255395;8682587.00
20130718;6.81;6.90;6.66;6.71;902977;6095734.00
20130719;6.66;6.78;6.32;6.34;1551121;10201977.00
20130722;6.32;6.52;6.23;6.44;984589;6344509.00
20130723;6.45;6.67;6.44;6.57;1051027;6909292.00
20130724;6.50;6.77;6.50;6.65;1299151;8638736.00
20130725;6.61;6.70;6.46;6.47;1561463;10201524.00
20130726;6.49;6.49;6.33;6.42;798739;5110973.00
20130729;6.35;6.38;6.28;6.31;748534;4732321.00
20130730;6.30;6.45;6.27;6.33;745299;4740515.00
20130731;6.34;6.49;6.34;6.40;686370;4396453.00
20130801;6.43;6.56;6.43;6.55;1122943;7296245.00
20130802;6.53;6.60;6.50;6.53;1030849;6759615.00
20130805;6.52;6.77;6.48;6.72;2371938;15772205.00
20130806;6.66;6.85;6.62;6.72;1876517;12622466.00
20130807;6.70;6.76;6.62;6.63;1074976;7190591.00
20130808;6.63;6.65;6.53;6.58;1140949;7515191.00
20130809;6.58;6.78;6.56;6.78;1790465;11949840.00
20130812;6.79;6.92;6.73;6.87;2013200;13743257.00
20130813;6.90;6.98;6.81;6.90;1513186;10430863.00
20130814;6.90;7.01;6.80;6.99;1684382;11567958.00
20130815;6.91;7.31;6.90;7.03;4214166;29867504.00
20130816;6.99;7.10;6.72;6.78;2173801;14998237.00
20130819;6.75;6.93;6.68;6.92;1165307;7970952.00
20130820;6.91;6.93;6.80;6.81;816040;5602357.00
20130821;6.85;6.85;6.79;6.84;1179737;8058440.00
20130822;6.84;6.93;6.79;6.84;689376;4719339.00
20130823;6.85;6.85;6.68;6.79;1101313;7463234.00
20130826;6.76;6.91;6.76;6.90;962346;6590214.00
20130827;6.92;7.30;6.88;7.26;5037823;35853512.00
20130828;7.20;7.23;7.03;7.09;4443449;31608552.00
20130829;7.06;7.08;6.93;6.98;2280696;15917486.00
20130830;7.00;7.03;6.89;6.97;1579285;11004232.00
20130902;6.94;7.10;6.80;7.07;2238742;15562048.00
20130903;7.13;7.27;7.02;7.07;2411696;17194002.00
20130904;7.12;7.20;7.04;7.08;1617771;11479855.00
20130905;7.09;7.12;7.04;7.05;1324862;9384867.00
20130906;7.08;7.23;7.05;7.13;1790988;12802741.00
20130909;7.15;7.37;7.13;7.21;2256640;16329017.00
20130910;7.21;7.31;7.18;7.30;1818619;13185963.00
20130911;7.30;7.97;7.30;7.54;5108346;38504224.00
20130912;7.48;7.48;7.36;7.43;2178981;16136881.00
20130913;7.41;7.68;7.40;7.43;2390112;18017516.00
20130916;7.49;7.52;7.29;7.31;1790063;13115727.00
20130917;7.31;7.36;7.15;7.17;989384;7163387.00
20130918;7.20;7.24;7.12;7.20;729966;5241346.00
20130923;7.21;7.37;7.21;7.34;1205307;8816866.00
20130924;7.33;7.38;7.22;7.37;1242818;9096710.00
20130925;7.32;7.45;7.26;7.37;1256087;9226702.00
20130926;7.36;7.56;7.33;7.35;2598480;19329996.00
20130927;7.35;7.79;7.34;7.61;4153980;31505096.00
20130930;7.50;7.66;7.48;7.54;1791262;13576276.00
20131008;7.65;7.90;7.65;7.83;2334160;18202912.00
20131009;7.77;7.81;7.65;7.69;2112764;16280604.00
20131010;7.72;7.75;7.54;7.61;1908866;14608739.00
20131011;7.56;7.78;7.56;7.75;1741872;13400928.00
20131014;7.73;7.87;7.68;7.75;1851096;14418501.00
20131015;7.84;7.87;7.65;7.72;1341470;10362137.00
20131016;7.70;7.72;7.32;7.44;1747033;13115151.00
20131017;7.49;7.54;7.37;7.42;871433;6495681.00
20131018;7.43;7.60;7.35;7.58;1192964;8868754.00
20131021;7.57;7.72;7.48;7.60;1788073;13555188.00
20131022;7.69;7.74;7.56;7.62;1783294;13633241.00
20131023;7.59;7.64;7.16;7.20;2212493;16311720.00
20131024;7.22;7.29;7.11;7.12;751040;5411740.00
20131025;7.23;7.23;7.03;7.05;961318;6871792.00
20131028;7.04;7.16;6.86;6.92;803699;5584133.00
20131029;6.99;7.01;6.54;6.72;1187442;8014063.00
20131030;6.78;6.93;6.70;6.89;894156;6085564.00
20131031;6.84;7.04;6.80;6.87;756378;5224310.00
20131101;6.87;6.94;6.80;6.91;478850;3298982.00
20131104;6.99;6.99;6.91;6.96;364565;2530683.00
20131105;6.91;6.91;6.73;6.87;827026;5637652.00
20131106;6.86;6.93;6.74;6.80;832290;5672164.00
20131107;6.76;6.81;6.60;6.61;880273;5901713.00
20131108;6.65;6.66;6.50;6.52;852355;5575134.00
20131111;6.59;6.59;6.40;6.56;702399;4568586.00
20131112;6.56;6.62;6.50;6.59;590643;3883471.00
20131113;6.66;6.66;6.50;6.59;593398;3912368.00
20131114;6.50;6.64;6.50;6.63;403325;2659443.00
20131115;6.65;6.88;6.64;6.79;1129505;7651647.00
20131118;6.85;7.02;6.75;6.95;1212527;8340076.00
20131119;6.95;7.03;6.91;6.91;807652;5623319.00
20131120;6.97;7.04;6.90;7.00;953380;6636748.00
20131121;6.98;6.98;6.85;6.94;699629;4829918.00
20131122;6.88;6.94;6.85;6.87;487334;3357131.00
20131125;6.87;6.98;6.86;6.89;550718;3813073.00
20131126;6.89;6.95;6.81;6.92;546755;3761279.00
20131127;6.95;7.15;6.95;7.12;1657572;11772074.00
20131128;7.12;7.20;7.08;7.15;1214312;8688257.00
20131129;7.19;7.22;7.07;7.18;1203077;8611586.00
20131202;7.12;7.12;6.66;6.83;1250783;8660491.00
20131203;6.83;6.95;6.75;6.94;699160;4825409.00
20131204;6.89;7.14;6.89;7.11;1389947;9793411.00
20131205;7.10;7.16;7.01;7.09;1006433;7130325.00
20131206;7.12;7.19;7.06;7.15;1351723;9657075.00
20131209;7.22;7.22;7.11;7.18;712612;5104369.00
20131210;7.18;7.23;7.10;7.10;832500;5949326.00
20131211;7.13;7.13;6.96;7.01;765462;5370687.00
20131212;7.03;7.11;6.95;7.07;506326;3575538.00
20131213;7.01;7.12;6.95;7.10;839463;5900252.00
20131216;7.12;7.15;6.90;6.91;853674;5979222.00
20131217;6.95;6.95;6.80;6.89;515995;3540945.00
20131218;6.93;6.94;6.84;6.89;437070;3009221.00
20131219;7.00;7.48;7.00;7.23;6079392;44359960.00
20131220;7.10;7.15;6.96;7.00;2623014;18462950.00
20131223;7.00;7.06;6.71;6.78;1568770;10676958.00
20131224;6.82;6.98;6.70;6.71;1571027;10658978.00
20131225;6.72;6.90;6.60;6.82;2033818;13627782.00
20131226;6.78;6.78;6.60;6.63;1188526;7906477.00
20131227;6.63;6.82;6.60;6.73;932638;6263633.00
20131230;6.74;6.83;6.71;6.80;906429;6136311.00
20131231;6.75;6.85;6.70;6.82;658474;4476688.00
20140102;6.78;6.91;6.77;6.85;850397;5825315.00
20140103;6.85;6.91;6.69;6.73;696275;4697467.00
20140106;6.73;6.73;6.45;6.51;859076;5618470.00
20140107;6.43;6.58;6.43;6.55;305238;1991906.00
20140108;6.50;6.78;6.50;6.64;762712;5056310.00
20140109;6.58;6.63;6.48;6.49;686973;4497497.00
20140110;6.45;6.47;6.31;6.31;510000;3243380.00
20140113;6.36;6.48;6.31;6.39;522130;3330301.00
20140114;6.34;6.49;6.34;6.46;324696;2089039.00
20140115;6.46;6.48;6.40;6.47;263482;1696568.00
20140116;6.43;6.57;6.43;6.49;438461;2847191.00
20140117;6.45;6.46;6.32;6.41;287795;1841849.00
20140120;6.45;6.45;6.34;6.36;387335;2475301.00
20140121;6.33;6.46;6.33;6.42;322935;2065746.00
20140122;6.42;6.62;6.42;6.58;589735;3866123.00
20140123;6.70;6.70;6.55;6.60;683879;4533871.00
20140124;6.60;6.73;6.52;6.67;716929;4783756.00
20140127;6.67;6.76;6.63;6.64;424962;2849826.00
20140128;6.64;6.77;6.63;6.64;434964;2909147.00
20140129;6.64;6.71;6.60;6.64;625185;4159298.00
20140130;6.55;6.64;6.50;6.59;332320;2183935.00
20140207;6.57;6.68;6.53;6.67;462705;3068577.00
20140210;6.75;6.97;6.69;6.86;1441927;9917738.00
20140211;6.96;6.96;6.84;6.88;850267;5861102.00
20140212;6.94;7.00;6.78;6.94;1732511;11940561.00
20140213;6.95;6.98;6.81;6.85;1408978;9722583.00
20140214;6.85;6.94;6.78;6.93;1772600;12199633.00
20140217;6.88;7.14;6.80;7.10;4995431;34848040.00
20140218;7.08;7.20;6.96;7.17;4926385;34891572.00
20140219;7.18;7.55;7.18;7.43;11464862;83911000.00
20140220;7.45;7.57;7.28;7.53;7357205;54561944.00
20140221;7.53;8.23;7.42;7.83;18764832;145675312.00
20140224;7.60;7.82;7.28;7.58;11267755;85114520.00
20140225;7.50;7.57;7.17;7.29;5830021;42834664.00
20140226;7.22;7.46;7.11;7.45;3561845;25925330.00
20140227;7.46;7.78;7.31;7.54;8711466;65770196.00
20140228;7.46;7.78;7.31;7.71;7605475;57691040.00
20140303;7.54;7.74;7.52;7.63;5808057;44103368.00
20140304;7.65;7.65;7.31;7.43;3014737;22405150.00
20140305;7.43;7.46;7.34;7.39;1983098;14658768.00
20140306;7.39;7.58;7.36;7.43;2508546;18721584.00
20140307;7.43;7.43;7.07;7.18;3166156;22994390.00
20140310;7.15;7.19;6.91;6.93;2254611;15858408.00
20140311;6.94;7.05;6.81;6.90;1547557;10718739.00
20140312;6.92;6.92;6.76;6.86;1209487;8285712.00
20140313;6.89;6.99;6.86;6.95;1106914;7664760.00
20140314;6.92;7.07;6.90;6.99;1676935;11695102.00
20140317;7.08;7.08;6.96;7.05;1519212;10653160.00
20140318;7.08;7.09;7.01;7.03;1379686;9726156.00
20140319;7.05;7.05;6.85;6.96;1612027;11187854.00
20140320;6.96;7.04;6.83;6.85;1388204;9658286.00
20140321;6.83;7.01;6.78;7.00;1779480;12320801.00
20140324;7.00;7.09;6.96;7.09;1744897;12290549.00
20140325;7.09;7.11;7.02;7.05;1455978;10290895.00
20140326;7.10;7.16;7.03;7.09;1956683;13843348.00
20140327;7.09;7.26;7.05;7.11;3383112;24253528.00
20140328;7.11;7.19;7.00;7.01;1412151;10012283.00
20140331;6.98;6.98;6.77;6.82;1412170;9695156.00
20140401;6.82;6.97;6.80;6.95;981269;6764084.00
20140402;6.91;6.98;6.81;6.94;929438;6416765.00
20140403;6.92;7.45;6.92;7.10;2313725;16505287.00
20140404;7.10;7.15;7.01;7.13;1175353;8333398.00
20140408;7.08;7.21;7.08;7.21;1439744;10315951.00
20140409;7.21;7.23;7.14;7.20;987512;7092802.00
20140410;7.21;7.30;7.12;7.26;3130364;22599208.00
20140411;7.26;7.26;7.14;7.22;1175683;8456091.00
20140414;7.22;7.25;7.08;7.20;1204500;8648904.00
20140415;7.19;7.24;7.08;7.10;1240245;8881066.00
20140416;7.04;7.13;7.04;7.10;900904;6397870.00
20140417;7.10;7.15;7.07;7.12;1116070;7941560.00
20140418;7.14;7.15;7.06;7.13;1075476;7636138.00
20140421;7.10;7.12;6.95;6.98;1185599;8351887.00
20140422;6.95;6.98;6.85;6.92;1408713;9722725.00
20140423;6.92;6.94;6.86;6.91;729179;5025369.00
20140424;6.91;6.92;6.80;6.81;964659;6608407.00
20140425;6.78;6.84;6.70;6.71;1241152;8399166.00
20140428;6.70;6.71;6.56;6.60;940867;6223780.00
20140429;6.58;6.66;6.53;6.64;997877;6582517.00
20140430;6.62;6.76;6.59;6.76;617600;4111172.00
20140505;6.74;6.74;6.63;6.69;738740;4925795.00
20140506;6.70;6.75;6.65;6.70;667156;4475911.00
20140507;6.70;6.73;6.59;6.70;642307;4272657.00
20140508;6.65;6.98;6.65;6.91;1311205;8874736.00
20140509;6.84;6.90;6.73;6.85;802283;5466640.00
20140512;6.81;6.98;6.81;6.97;1748763;12098704.00
20140513;6.97;6.99;6.86;6.96;1656643;11503981.00
20140514;6.92;6.94;6.79;6.81;1255600;8576402.00
20140515;6.82;6.86;6.66;6.66;1002750;6787711.00
20140516;6.67;6.75;6.66;6.69;469649;3145973.00
20140519;6.69;6.77;6.60;6.71;588453;3929954.00
20140520;6.80;6.81;6.66;6.71;544100;3654451.00
20140521;6.67;6.75;6.64;6.74;512224;3437577.00
20140522;6.72;6.79;6.69;6.70;815725;5495148.00
20140523;6.68;6.73;6.58;6.68;780881;5202713.00
20140526;6.68;6.73;6.67;6.68;1235806;8270739.00
20140527;6.67;6.73;6.66;6.68;938124;6280728.00
20140528;6.68;6.74;6.65;6.73;1110068;7449972.00
20140529;6.73;6.73;6.60;6.60;1157600;7716102.00
20140530;6.63;6.66;6.54;6.60;677427;4470756.00
20140603;6.65;6.74;6.62;6.70;1011600;6769551.00
20140604;6.76;6.77;6.59;6.65;503234;3347066.00
20140605;6.65;6.70;6.62;6.69;471086;3147374.00
20140606;6.71;6.72;6.66;6.70;555763;3719740.00
20140609;6.70;6.75;6.66;6.68;684773;4598593.00
20140610;6.68;6.74;6.67;6.73;817752;5482972.00
20140611;6.60;6.73;6.60;6.70;634005;4238146.00
20140612;6.67;7.00;6.66;6.80;2604872;17729856.00
20140613;6.78;6.85;6.78;6.85;1125220;7664463.00
20140616;6.92;6.92;6.80;6.86;1126394;7711587.00
20140617;6.86;6.88;6.77;6.77;727050;4943076.00
20140618;6.76;6.81;6.76;6.78;587482;3982565.00
20140619;6.75;6.82;6.58;6.59;940143;6305927.00
20140620;6.47;6.65;6.47;6.59;541267;3566351.00
20140623;6.61;6.65;6.53;6.63;498159;3291180.00
20140624;6.63;6.85;6.60;6.79;748414;5015524.00
20140625;6.81;6.81;6.66;6.70;434732;2919329.00
20140626;6.75;6.77;6.69;6.74;771292;5194901.00
20140627;6.74;6.85;6.68;6.81;1078185;7308937.00
20140630;6.88;6.94;6.78;6.88;1710340;11775151.00
20140701;6.88;6.97;6.84;6.94;1022566;7043196.00
20140702;6.94;6.99;6.88;6.96;1468053;10209832.00
20140703;6.92;6.98;6.90;6.92;1316719;9139135.00
20140704;6.93;6.94;6.84;6.85;1322009;9093116.00
20140707;6.86;7.08;6.81;7.03;2342078;16351258.00
20140708;7.02;7.17;6.97;7.13;2225388;15765712.00
20140709;7.17;7.24;7.02;7.06;2464798;17520332.00
20140710;7.06;7.23;7.00;7.03;1219652;8621755.00
20140711;7.03;7.13;6.98;7.09;1371438;9706615.00
20140714;7.08;7.18;7.05;7.15;3322967;23690456.00
20140715;7.12;7.16;7.07;7.11;1632705;11602618.00
20140716;7.10;7.17;7.08;7.10;1545220;10996903.00
20140717;7.08;7.15;6.97;7.00;1945040;13707955.00
20140718;6.99;7.16;6.96;7.09;2233751;15775695.00
20140721;7.08;7.14;7.02;7.06;955588;6743067.00
20140722;7.05;7.16;7.00;7.11;2692392;19136686.00
20140723;7.11;7.19;7.07;7.16;3150336;22487540.00
20140724;7.14;7.19;7.09;7.17;2034423;14525478.00
20140725;7.19;7.28;7.13;7.26;3618766;26125550.00
20140728;7.31;7.33;7.22;7.25;4601376;33404716.00
20140729;7.25;7.32;7.22;7.25;3048477;22131720.00
20140730;7.30;7.39;7.22;7.30;3633974;26602782.00
20140731;7.27;7.44;7.27;7.37;3478320;25602124.00
20140801;7.34;7.37;7.20;7.26;3844276;27993396.00
20140804;7.23;7.34;7.23;7.34;3363204;24545920.00
20140805;7.33;7.41;7.30;7.40;2536206;18639944.00
20140806;7.39;7.45;7.31;7.38;2922128;21547930.00
20140807;7.36;7.38;7.24;7.25;3523649;25703306.00
20140808;7.25;7.31;7.23;7.27;1951173;14160619.00
20140811;7.31;7.40;7.27;7.39;2872674;21100776.00
20140812;7.43;7.43;7.35;7.39;2448193;18107592.00
20140813;7.39;7.59;7.34;7.48;4356827;32430528.00
20140814;7.45;7.60;7.43;7.45;4588366;34564368.00
20140815;7.43;7.52;7.39;7.47;2559124;19114370.00
20140818;7.54;7.67;7.49;7.61;4772361;36233776.00
20140819;7.67;7.78;7.54;7.59;3411265;25915168.00
20140820;7.54;7.64;7.51;7.56;3805270;28832922.00
20140821;7.56;7.58;7.42;7.49;3468191;25946620.00
20140822;7.50;7.72;7.47;7.68;5156517;39239316.00
20140825;7.78;7.78;7.57;7.60;3484964;26685596.00
20140826;7.64;7.73;7.46;7.50;4390172;33429114.00
20140827;7.46;7.56;7.46;7.52;1899464;14254274.00
20140828;7.57;7.59;7.38;7.39;2176355;16276803.00
20140829;7.41;7.46;7.35;7.45;1573162;11651324.00
20140901;7.45;7.64;7.44;7.63;2890113;21876492.00
20140902;7.64;7.76;7.63;7.72;4555345;35120664.00
20140903;7.72;7.80;7.70;7.73;4090046;31684704.00
20140904;7.70;7.91;7.70;7.83;4376214;34254240.00
20140905;7.83;8.12;7.81;8.07;7134521;56990184.00
20140909;8.14;8.47;8.11;8.42;9828165;82074104.00
20140910;8.35;8.42;8.22;8.34;6332073;52629800.00
20140911;8.30;8.60;8.23;8.31;6384408;53611232.00
20140912;8.29;8.48;8.27;8.45;4395549;36905304.00
20140915;8.42;8.67;8.38;8.61;4560093;39154164.00
20140916;8.58;8.65;8.16;8.19;6576422;55204824.00
20140917;8.22;8.30;8.05;8.27;4038009;33044516.00
20140918;8.21;8.40;8.18;8.31;3266293;27149784.00
20140919;8.31;8.53;8.25;8.49;4261432;35854108.00
20140922;8.49;8.49;8.26;8.29;2704474;22552020.00
20140923;8.29;8.67;8.26;8.59;5649054;48097508.00
20140924;8.66;8.97;8.59;8.78;6596864;58239028.00
20140925;8.77;9.04;8.70;8.84;6033010;53587024.00
20140926;8.84;8.96;8.73;8.79;3576865;31686136.00
20140929;8.80;8.98;8.75;8.78;6101452;54000524.00
20140930;8.78;8.95;8.78;8.82;4480932;39616712.00
20141008;8.84;8.89;8.61;8.87;4498627;39510788.00
20141009;8.88;9.01;8.71;9.01;5236775;46375308.00
20141010;8.95;9.34;8.89;9.23;6831614;62673736.00
20141013;9.30;9.37;9.10;9.23;4842510;44516616.00
20141014;9.25;9.29;9.02;9.06;4371950;39968200.00
20141015;9.06;9.14;8.86;9.11;3939753;35554104.00
20141016;8.99;9.12;8.87;8.88;3594185;32375540.00
20141017;8.85;8.94;8.48;8.61;5129772;44382372.00
20141020;8.63;8.93;8.63;8.87;3966070;34904480.00
20141021;9.00;9.03;8.74;8.89;3283513;29191152.00
20141022;8.89;8.90;8.56;8.64;3595978;31358092.00
20141023;8.58;8.59;8.29;8.34;3984487;33533436.00
20141024;8.30;8.41;8.26;8.32;3675890;30627272.00
20141027;8.26;8.43;8.25;8.37;2146075;17905008.00
20141028;8.37;9.18;8.37;9.13;10296917;90157296.00
20141029;9.20;9.56;9.05;9.35;21186827;195556928.00
20141030;9.20;9.47;8.98;9.04;15968348;146017312.00
20141031;8.98;9.07;8.73;8.84;9676008;85882456.00
20141103;8.86;8.97;8.80;8.95;7454000;66135668.00
20141104;8.94;8.95;8.77;8.79;5123478;45329088.00
20141105;8.80;8.87;8.66;8.82;4025924;35331676.00
20141106;8.76;8.84;8.65;8.84;4008902;35121464.00
20141107;8.82;8.99;8.77;8.81;7468591;66502168.00
20141110;8.80;8.94;8.72;8.92;4330491;38261728.00
20141111;8.90;8.96;8.39;8.48;6623706;57303136.00
20141112;8.45;8.67;8.44;8.64;3094215;26488596.00
20141113;8.63;8.63;8.37;8.44;3775573;32023580.00
20141114;8.37;8.40;8.22;8.31;3318936;27558636.00
20141117;8.34;8.56;8.24;8.49;3739380;31595592.00
20141118;8.48;8.64;8.42;8.62;3609168;30788352.00
20141119;8.52;8.69;8.52;8.56;3282004;28261776.00
20141120;8.53;8.63;8.50;8.54;2151445;18431404.00
20141121;8.54;8.69;8.52;8.57;3879155;33446688.00
20141124;8.65;8.88;8.62;8.82;6086276;53501828.00
20141125;8.80;8.98;8.75;8.95;6096233;54378008.00
20141126;8.98;8.98;8.77;8.88;5520739;48838364.00
20141127;8.88;9.05;8.83;8.93;5934662;52973880.00
20141128;8.91;8.92;8.76;8.84;5129649;45319000.00
20141201;8.85;8.91;8.73;8.79;4553959;40124884.00
20141202;8.77;8.95;8.74;8.86;6152626;54516624.00
20141203;8.86;9.03;8.83;9.02;8532376;76168824.00
20141204;9.03;9.15;8.99;9.09;8515302;77250704.00
20141205;9.10;9.13;8.48;8.63;8737495;76533752.00
20141208;8.58;8.84;8.52;8.73;6467791;56607032.00
20141209;8.70;8.79;8.32;8.36;8243909;70872520.00
20141210;8.36;8.58;8.30;8.54;3836625;32488816.00
20141211;8.55;8.73;8.47;8.68;5102008;44006408.00
20141212;8.70;8.80;8.64;8.79;4855355;42331472.00
20141215;8.80;8.97;8.75;8.97;6753006;60002480.00
20141216;8.96;8.99;8.82;8.96;6043562;53862032.00
20141217;8.95;8.96;8.75;8.90;5602143;49521396.00
20141218;8.86;9.14;8.79;9.11;6826108;60910728.00
20141219;9.15;9.38;8.84;9.30;16818414;154190592.00
20141222;9.29;9.30;8.50;8.83;11809036;106176848.00
20141223;8.69;8.79;8.40;8.49;5640106;48653836.00
20141224;8.50;8.73;8.49;8.71;3971851;34254512.00
20141225;8.76;9.29;8.66;9.22;11113602;100528048.00
20141226;9.20;9.27;9.03;9.13;9409051;85942632.00
20141229;9.07;9.89;9.01;9.62;20696335;198339984.00
20141230;9.59;9.72;9.31;9.40;10654150;101134848.00
20141231;9.45;9.68;9.16;9.44;9958430;94147224.00
20150105;9.48;9.69;9.26;9.66;13217760;126078160.00
20150106;9.60;9.68;9.35;9.55;9005720;85544416.00
20150107;9.51;9.53;9.28;9.46;6993388;65695528.00
20150108;9.36;9.45;9.10;9.14;7014110;64690636.00
20150109;9.12;9.30;8.98;8.99;4788992;43944808.00
20150112;8.92;8.99;8.60;8.67;6191190;53898700.00
20150113;8.67;8.79;8.67;8.76;2778051;24243216.00
20150114;8.80;8.80;8.53;8.56;3676505;31746160.00
20150115;8.56;8.71;8.56;8.69;2409066;20880952.00
20150116;8.66;8.80;8.66;8.76;3486147;30444540.00
20150119;8.59;8.60;8.13;8.26;6370033;53552200.00
20150120;8.31;8.46;8.29;8.44;4334103;36379704.00
20150121;8.44;8.68;8.43;8.66;4729258;40580384.00
20150122;8.65;8.75;8.59;8.73;4948287;42927040.00
20150123;8.70;8.79;8.57;8.62;5076973;44010952.00
20150126;8.61;8.80;8.57;8.80;5222936;45471760.00
20150127;8.80;8.85;8.64;8.78;5041626;44182820.00
20150128;8.73;8.83;8.71;8.79;3932991;34499000.00
20150129;8.64;8.76;8.64;8.69;2889494;25172540.00
20150130;8.69;8.76;8.63;8.64;3078800;26745446.00
20150202;8.58;8.77;8.50;8.72;3529803;30511666.00
20150203;8.70;8.85;8.70;8.81;5169792;45450968.00
20150204;8.83;8.88;8.73;8.81;4017551;35416616.00
20150205;8.85;8.87;8.64;8.65;3755227;32803894.00
20150206;8.60;8.65;8.27;8.33;4004944;33868520.00
20150209;8.32;8.38;8.24;8.30;1986212;16527865.00
20150210;8.33;8.41;8.29;8.40;2044341;17074846.00
20150211;8.40;8.46;8.38;8.45;2064570;17368480.00
20150212;8.43;8.51;8.43;8.47;2050661;17363584.00
20150213;8.50;8.62;8.50;8.57;2777571;23804822.00
20150216;8.58;8.72;8.51;8.70;2977674;25806114.00
20150217;8.71;8.77;8.68;8.74;2482951;21655944.00
20150225;8.80;8.80;8.67;8.75;2266614;19770612.00
20150226;8.77;8.82;8.72;8.81;3270780;28708658.00
20150227;8.81;8.94;8.78;8.94;4083819;36236560.00
20150302;8.99;9.03;8.92;9.01;5196526;46667824.00
20150303;9.01;9.13;8.89;8.90;5495067;49381300.00
20150304;8.89;9.09;8.88;9.09;4714905;42388276.00
20150305;9.05;9.28;9.03;9.27;7716001;70858112.00
20150306;9.28;9.34;9.10;9.16;5114851;46949608.00
20150309;9.16;9.35;9.03;9.31;5975566;54990480.00
20150310;9.28;9.42;9.21;9.24;6423655;59878288.00
20150311;9.22;9.52;9.15;9.45;10055224;94282088.00
20150312;9.48;9.58;9.37;9.48;6614201;62562540.00
20150313;9.50;9.54;9.43;9.50;4336407;41121496.00
20150316;9.55;10.26;9.55;10.15;14051662;140340720.00
20150317;10.26;10.29;9.95;10.09;10887699;110169080.00
20150318;10.10;10.21;10.01;10.16;7820450;79073600.00
20150319;10.21;10.55;10.16;10.26;11082375;114602568.00
20150320;10.20;10.38;10.18;10.26;6245242;64097524.00
20150323;10.29;10.46;10.25;10.35;8968411;92719112.00
20150324;10.35;10.87;10.28;10.64;13900907;146725696.00
20150325;10.62;10.69;10.43;10.64;7954469;84007736.00
20150326;10.71;11.08;10.50;10.64;9923174;107050096.00
20150327;10.64;10.75;10.42;10.58;7444195;78489136.00
20150330;10.58;10.84;10.51;10.75;7430428;79740672.00
20150331;10.75;10.75;10.45;10.46;9297375;98296000.00
20150401;10.42;10.69;10.35;10.67;8114811;85520216.00
20150402;10.64;11.10;10.63;11.04;11800062;128832536.00
20150403;10.96;11.41;10.85;11.36;9937684;110624472.00
20150407;11.37;11.70;11.37;11.58;11365308;131051072.00
20150408;11.75;12.25;11.30;12.19;13717200;160101680.00
20150409;11.95;12.19;11.50;11.88;14357085;169897984.00
20150410;11.76;12.01;11.51;11.86;23273316;275018624.00
20150413;11.92;12.11;11.70;11.98;16416231;195173376.00
20150414;11.91;12.10;11.75;11.99;13043323;155644768.00
20150415;12.05;12.08;11.08;11.15;13339854;154423984.00
20150416;11.04;11.43;10.75;11.24;10788417;119978104.00
20150417;11.23;11.45;11.17;11.22;11382491;128221424.00
20150420;11.07;11.97;11.04;11.55;24503706;282273632.00
20150421;11.36;11.91;11.36;11.87;17370888;203022368.00
20150422;11.90;12.39;11.90;12.32;22227741;269154336.00
20150423;12.46;12.46;12.10;12.21;16754528;205281072.00
20150424;11.99;12.30;11.86;12.04;13325151;160566928.00
20150427;12.15;12.30;11.85;11.99;14290406;171629824.00
20150428;11.91;12.02;11.41;11.60;12810793;149821776.00
20150429;11.55;11.76;11.48;11.73;7178673;83802072.00
20150430;11.72;12.19;11.68;11.86;11730548;140652496.00
20150504;11.95;12.09;11.48;12.08;8252189;98213632.00
20150505;12.00;12.10;11.60;11.76;10305321;122697400.00
20150506;11.74;12.58;11.74;12.06;24359180;298246208.00
20150507;12.11;12.15;11.30;11.39;9852362;115295224.00
20150508;11.51;11.70;11.23;11.53;10773131;123634032.00
20150511;11.71;12.68;11.61;12.68;26301652;325253504.00
20150512;12.83;13.15;12.62;13.07;29724004;382961472.00
20150513;12.89;13.08;12.70;12.87;16113215;207122512.00
20150514;12.87;13.03;12.62;12.95;15217067;195800032.00
20150515;13.00;13.00;12.39;12.49;13235963;166754096.00
20150518;12.40;12.66;12.20;12.58;9344185;117124400.00
20150519;12.56;13.14;12.54;13.00;14289411;184510320.00
20150520;13.09;13.54;12.80;12.94;18024915;239615536.00
20150521;12.94;13.53;12.82;13.52;20842669;273978240.00
20150522;13.63;14.11;13.30;14.09;22111951;302001600.00
20150525;14.10;14.79;13.90;14.35;19674976;283131680.00
20150526;14.36;15.43;14.21;15.02;18638195;275466688.00
20150527;15.00;15.42;14.55;15.07;17981424;269347104.00
20150528;14.96;16.00;13.99;14.01;23295115;352351520.00
20150529;14.00;14.38;13.28;13.89;16800754;233542320.00
20150601;14.06;15.28;13.95;15.11;20320618;300828032.00
20150602;15.26;16.47;15.00;16.32;17876585;279757504.00
20150603;16.30;16.47;15.33;15.81;16813118;266416048.00
20150604;15.70;15.70;14.38;15.46;15661943;238787024.00
20150605;15.60;16.32;15.17;16.06;17011548;270663392.00
20150608;16.10;17.09;15.68;16.78;23298569;380478976.00
20150609;16.60;16.60;15.90;16.19;15793971;255533088.00
20150610;16.00;16.50;15.78;16.15;12096070;195488864.00
20150611;16.15;17.71;16.02;17.58;25213077;424973184.00
20150612;18.12;19.34;18.12;18.26;35022353;656510976.00
20150615;18.56;19.12;18.23;18.70;21499639;401430016.00
20150616;18.45;18.45;16.90;17.46;16115906;285626784.00
20150617;17.30;17.69;16.08;17.41;14899589;251742048.00
20150618;17.30;17.80;16.47;16.67;13202408;227180496.00
20150619;16.08;16.52;15.00;15.00;12064843;187821936.00
20150623;14.95;15.21;13.63;14.63;10607522;153269216.00
20150624;14.85;15.34;14.63;15.23;13120348;197336592.00
20150625;15.25;15.35;14.00;14.12;11784757;172820448.00
20150626;13.60;13.61;12.71;12.71;11929317;155137712.00
20150629;12.99;13.14;11.44;11.49;16658424;200402976.00
20150630;11.50;12.44;10.34;12.25;19965553;224560064.00
20150701;12.10;12.68;11.03;11.03;16494011;198391344.00
20150702;11.06;11.29;9.97;9.98;16803935;177209056.00
20150703;9.36;10.09;8.98;9.01;15749593;148270880.00
20150706;9.91;9.91;8.13;8.52;18393952;165215296.00
20150707;8.48;8.48;7.67;7.67;14681375;115030216.00
20150708;6.90;7.49;6.90;6.91;22860530;159714784.00
20150709;6.91;7.60;6.80;7.60;16533481;122244320.00
20150710;8.11;8.36;8.00;8.36;8474837;70079896.00
20150713;9.10;9.20;8.80;9.20;20248613;184097888.00
20150714;9.40;10.12;9.20;9.85;34298159;335398688.00
20150715;9.53;9.60;8.87;8.87;20435811;185995008.00
20150716;8.40;9.55;8.39;9.21;14796984;133596960.00
20150717;9.21;9.97;9.21;9.80;16672354;160896256.00
20150720;9.81;10.24;9.53;9.91;18276471;181314288.00
20150721;9.76;10.16;9.58;10.15;14726084;146765440.00
20150722;10.10;10.28;9.75;10.18;15054659;151835248.00
20150723;10.20;10.86;10.11;10.68;18639771;196386560.00
20150724;10.61;10.94;10.10;10.28;17336282;184374944.00
20150727;9.90;10.46;9.25;9.25;15330813;151620560.00
20150728;8.39;9.32;8.33;8.70;17589964;151939328.00
20150729;9.00;9.57;8.52;9.57;13249851;118647584.00
20150730;9.40;9.85;9.15;9.27;14504000;139023328.00
20150731;9.02;9.44;8.90;9.13;9119010;83571856.00
20150803;9.01;9.06;8.33;8.65;8302359;72394544.00
20150804;8.68;9.40;8.68;9.34;11729685;106273024.00
20150805;9.33;9.48;9.05;9.15;11565358;107478848.00
20150806;8.93;9.21;8.86;9.11;6336944;57421088.00
20150807;9.21;9.69;9.21;9.66;15743046;148981920.00
20150810;9.75;10.60;9.62;10.58;20834537;210326304.00
20150811;10.49;11.37;10.30;10.88;25377805;270546816.00
20150812;10.65;11.25;10.43;10.46;23209525;249280816.00
20150813;10.32;10.95;10.32;10.88;14398540;152976368.00
20150814;11.06;11.11;10.70;10.80;13305328;144952816.00
20150817;10.78;11.33;10.62;11.26;16756939;183816384.00
20150818;11.28;11.34;10.13;10.15;19438641;206155344.00
20150819;9.93;10.50;9.33;10.38;15521944;155130944.00
20150820;10.12;11.42;10.07;11.23;44314809;497084992.00
20150821;10.80;11.00;10.11;10.38;29193741;306593056.00
20150824;9.78;9.80;9.34;9.34;6946700;65020008.00
20150825;8.41;8.78;8.41;8.41;8596659;72509744.00
20150826;8.41;8.70;7.57;8.24;23629827;187858416.00
20150827;8.00;8.47;7.68;8.41;15454766;125899936.00
20150828;8.44;8.96;8.25;8.94;22616559;192426240.00
20150831;8.77;8.77;8.11;8.17;12315126;104033808.00
20150901;8.12;8.12;7.35;7.40;10472781;79901240.00
20150902;6.96;7.69;6.88;7.09;7847605;57137924.00
20150907;7.29;7.58;7.21;7.28;6724936;49968656.00
20150908;7.30;7.73;7.19;7.72;8689243;64541476.00
20150909;7.74;8.16;7.70;8.05;10847201;86230816.00
20150910;7.91;8.17;7.85;7.97;9440890;75773704.00
20150911;7.88;8.09;7.81;8.04;6343233;50512640.00
20150914;8.07;8.13;7.24;7.24;9159551;69842224.00
20150915;7.13;7.44;7.04;7.22;9144253;66024296.00
20150916;7.13;7.94;7.13;7.89;10059511;76463896.00
20150917;7.80;8.06;7.66;7.67;9494244;74700680.00
20150918;7.73;7.93;7.50;7.79;6246288;48164120.00
20150921;7.65;8.06;7.60;8.03;7263892;57209984.00
20150922;8.06;8.23;7.98;8.12;7975822;64602300.00
20150923;7.97;8.13;7.74;7.83;10140089;80238952.00
20150924;7.86;8.03;7.83;8.01;6569175;52112328.00
20150925;7.98;8.03;7.56;7.68;6617975;51553960.00
20150928;7.67;8.15;7.60;8.00;6853234;54355560.00
20150929;7.80;7.90;7.67;7.71;4505002;34937192.00
20150930;7.73;7.88;7.73;7.78;4096993;32013128.00
20151008;8.02;8.27;7.93;8.15;10702911;86837040.00
20151009;8.15;8.62;8.12;8.48;10712249;89595424.00
20151012;8.42;8.89;8.41;8.78;12317965;107402032.00
20151013;8.71;9.02;8.63;8.96;9288581;82215912.00
20151014;8.90;9.07;8.80;8.86;9885811;88655256.00
20151015;8.79;9.10;8.72;9.09;6147266;55317920.00
20151016;9.10;9.25;8.96;9.13;7354624;66884076.00
20151019;9.19;9.48;8.99;9.14;10191156;93966416.00
20151020;9.12;9.47;9.02;9.40;7084309;65189612.00
20151021;9.33;9.67;8.54;8.71;12244912;112552888.00
20151022;8.61;9.11;8.61;9.05;7338618;65072056.00
20151023;9.08;9.31;9.02;9.30;7331414;67106012.00
20151026;9.40;9.85;9.30;9.73;13033202;125467440.00
20151027;9.68;9.93;9.06;9.88;12739406;122538816.00
20151028;9.74;9.95;9.44;9.56;9340445;90772944.00
20151029;9.38;9.88;9.30;9.73;12023875;115183080.00
20151030;9.61;9.99;9.56;9.83;9788899;96305256.00
20151102;9.57;9.99;9.52;9.82;11233226;109759648.00
20151103;9.76;9.99;9.60;9.92;9035397;88580384.00
20151104;9.92;10.68;9.90;10.54;23315653;241177712.00
20151105;10.54;10.65;10.19;10.28;11456510;119047120.00
20151106;10.22;10.57;10.22;10.45;10038533;104687744.00
20151109;10.47;10.92;10.31;10.65;11393657;120925720.00
20151110;10.66;11.11;10.56;10.86;11033347;119947816.00
20151111;10.88;11.27;10.60;11.19;10041556;111040224.00
20151112;11.21;11.89;10.99;11.70;11990905;137508640.00
20151113;11.58;11.98;11.28;11.38;9173954;106291992.00
20151116;11.08;11.44;11.00;11.40;7061288;79243312.00
20151117;11.40;11.57;11.03;11.10;7676117;86747552.00
20151118;11.15;11.65;11.05;11.11;11266075;127387696.00
20151119;10.95;11.17;10.74;11.14;9282841;101506408.00
20151120;11.16;11.47;11.04;11.37;9649920;107977248.00
20151123;11.32;11.63;11.05;11.13;7397047;84065888.00
20151124;11.05;11.66;10.90;11.59;9179969;103698200.00
20151125;11.60;11.85;11.46;11.76;8184288;95502760.00
20151126;11.70;12.87;11.63;12.46;14923524;185311616.00
20151127;12.35;12.65;11.38;11.77;10808960;131012432.00
20151130;11.68;11.97;10.86;11.63;7568019;87631840.00
20151201;11.63;12.14;11.50;12.06;6658449;78556744.00
20151202;12.00;12.19;11.21;11.61;4893776;57184584.00
20151203;11.68;11.95;11.48;11.86;6729214;78704176.00
20151204;11.74;12.10;11.66;11.78;6901253;81757936.00
20151207;11.78;11.93;11.49;11.69;5701166;66382168.00
20151208;11.67;11.67;10.88;10.93;8089893;90302304.00
20151209;10.92;10.99;10.51;10.57;6268950;67300416.00
20151210;10.56;11.50;10.56;10.84;6347189;69778592.00
20151211;10.85;10.93;10.48;10.68;5030797;53422572.00
20151214;10.53;11.12;10.52;11.07;4629293;50715276.00
20151215;11.00;11.33;11.00;11.17;4093207;45681896.00
20151216;11.19;11.33;11.00;11.25;6236090;69534840.00
20151217;11.30;11.54;11.07;11.48;6041428;68914064.00
20151218;11.49;11.63;11.15;11.29;7344301;83437648.00
20151221;11.20;11.28;11.08;11.11;10991938;122414480.00
20151222;11.11;11.27;10.90;11.09;7959267;87926624.00
20151223;11.04;11.28;11.04;11.10;9274903;103471352.00
20151224;11.08;11.10;10.66;10.98;4182082;45444884.00
20151225;10.99;11.09;10.86;10.98;4498438;49354164.00
20151228;11.00;11.09;10.81;10.88;7706181;84498232.00
20151229;10.85;11.06;10.72;11.05;3933987;42885400.00
20151230;11.05;11.24;10.95;11.23;6647299;73782360.00
20151231;11.25;11.34;10.95;10.97;5206500;58235680.00
20160104;10.91;10.96;9.87;9.87;4879766;50361552.00
20160105;9.30;9.74;9.02;9.33;7121380;66793764.00
20160106;9.37;9.64;9.34;9.61;4868860;46226568.00
20160107;9.41;9.45;8.65;8.65;1699900;15240564.00
20160108;8.96;9.52;8.20;9.52;15851246;143955856.00
20160111;9.50;9.99;8.85;9.11;17466390;165604384.00
20160112;9.18;10.02;8.96;10.02;19673072;190465440.00
20160113;10.02;10.29;9.48;9.70;34050349;340509120.00
20160114;9.50;10.18;9.02;10.01;25120065;242320672.00
20160115;9.78;9.87;9.01;9.01;25980947;239134080.00
20160118;8.39;9.13;8.15;8.67;19470933;168101248.00
20160119;8.69;9.54;8.42;9.54;15217369;137915680.00
20160120;9.68;10.27;9.36;9.78;18493797;182191680.00
20160121;9.55;9.99;9.00;9.12;12277923;116996896.00
20160122;9.29;9.45;8.80;9.12;8754619;79635856.00
20160125;9.18;10.03;9.17;10.03;17097645;166159792.00
20160126;9.95;10.30;9.15;9.40;21216480;209848480.00
20160127;9.46;10.34;9.02;10.34;18556830;180492672.00
20160128;10.15;10.62;9.82;10.08;17383030;178001216.00
20160129;9.45;10.30;9.15;10.08;18475644;179287600.00
20160201;9.80;9.98;9.07;9.07;14035747;132134912.00
20160202;9.19;9.38;8.88;9.17;10353871;94968544.00
20160203;9.08;9.58;8.86;9.36;9555935;89244368.00
20160204;9.30;9.59;9.20;9.51;9620301;90510424.00
20160205;9.45;9.69;8.99;9.03;8913084;82214912.00
20160215;8.50;9.12;8.28;8.94;5134622;45208200.00
20160216;9.00;9.30;9.00;9.24;7152744;65593416.00
20160217;9.14;9.30;8.91;9.27;8654783;79071736.00
20160218;9.40;9.49;9.21;9.32;10721178;100062536.00
20160219;9.31;9.33;9.04;9.29;5379451;49544596.00
20160222;9.38;9.97;9.30;9.80;12834778;124480008.00
20160223;9.72;9.77;9.50;9.75;8604601;82763616.00
20160224;9.65;9.93;9.44;9.89;11108603;108005264.00
20160225;9.85;10.27;8.95;9.08;15863689;154493744.00
20160226;9.23;9.30;8.59;8.99;10083308;90644664.00
20160229;8.99;9.21;8.50;9.16;10510963;93563888.00
20160301;9.03;9.37;8.89;9.24;7456949;68055264.00
20160302;9.26;9.96;9.26;9.80;11903853;115862824.00
20160303;9.76;10.05;9.62;9.99;14465559;142348256.00
20160304;9.99;9.99;9.35;9.51;9377059;90752912.00
20160307;9.58;9.89;9.58;9.73;5905004;57539916.00
20160308;9.65;10.12;9.10;10.10;11948276;116090056.00
20160309;9.80;9.99;9.60;9.75;7839141;76853464.00
20160310;9.73;9.96;9.35;9.46;9620829;93434664.00
20160311;9.18;9.40;9.07;9.27;6286059;58139364.00
20160314;9.27;9.89;9.26;9.52;6773678;64937996.00
20160315;9.50;9.64;9.20;9.43;6937697;65091588.00
20160316;9.48;9.61;9.30;9.43;5379366;50982380.00
20160317;9.46;9.77;9.33;9.69;7757484;74523064.00
20160318;9.73;10.10;9.69;9.99;11176955;111028296.00
20160321;10.18;10.29;10.03;10.18;10824829;109640624.00
20160322;10.12;11.20;10.00;11.20;24369064;262973152.00
20160323;11.18;11.48;10.89;11.10;18130683;202513808.00
20160324;10.90;11.44;10.72;11.02;15422802;171703056.00
20160325;10.91;11.17;10.81;11.16;8001032;88118488.00
20160328;11.13;11.65;11.01;11.19;10976205;124502568.00
20160329;11.15;11.26;10.62;10.76;8964849;97871056.00
20160330;10.88;11.12;10.81;11.10;7938606;87194056.00
20160331;11.00;11.50;10.87;11.47;12783313;142388560.00
20160401;11.32;11.98;11.16;11.72;15767190;182127488.00
20160405;11.66;11.96;11.46;11.89;12397503;145312544.00
20160406;11.83;11.85;11.41;11.65;9041152;105501104.00
20160407;11.65;11.73;11.06;11.14;9825084;111578424.00
20160408;11.03;11.10;10.75;10.99;7791937;85143240.00
20160411;11.10;11.53;11.05;11.11;7129825;80256312.00
20160412;11.15;11.46;11.02;11.27;7654850;85996608.00
20160413;11.28;11.55;11.25;11.33;9838760;112071144.00
20160414;11.38;11.54;11.23;11.45;6612243;75508288.00
20160415;11.41;11.77;11.34;11.55;7701447;88764144.00
20160418;11.39;11.39;11.11;11.14;5839554;65508064.00
20160419;11.11;11.43;11.11;11.26;7910570;89176776.00
20160420;11.35;11.37;10.20;10.42;9834853;105519936.00
20160421;10.40;10.52;10.15;10.25;5125215;53148748.00
20160422;10.11;10.33;10.05;10.28;4021594;41121256.00
20160425;10.27;10.27;9.77;9.93;7002819;69625992.00
20160426;10.00;10.11;9.90;10.08;5868196;58701496.00
20160427;10.11;10.35;10.05;10.13;6420984;65600112.00
20160428;10.21;10.25;9.85;10.12;4687851;47113596.00
20160429;10.03;10.36;9.97;10.27;4563501;46528368.00
20160503;10.30;10.54;10.18;10.52;4601048;48023052.00
20160504;10.51;10.74;10.30;10.60;6848540;72131568.00
20160505;10.57;10.70;10.52;10.64;3599300;38236552.00
20160506;10.67;10.67;10.00;10.00;6860926;70414728.00
20160509;9.83;9.98;9.56;9.60;4706801;46013544.00
20160510;9.58;9.69;9.41;9.45;3921606;37382488.00
20160511;9.47;9.59;9.35;9.45;3688336;34856176.00
20160512;9.30;9.38;9.05;9.35;5642841;52125800.00
20160513;9.30;9.46;9.06;9.13;3289816;30402264.00
20160516;9.13;9.38;9.09;9.36;3377992;31218616.00
20160517;9.34;9.41;9.20;9.28;2801842;25991074.00
20160518;9.25;9.25;8.80;8.88;3702820;33300254.00
20160519;8.89;9.13;8.81;8.96;3119065;28129056.00
20160520;8.90;9.10;8.80;9.07;2293820;20641484.00
20160523;9.14;9.23;9.05;9.14;3782640;34627680.00
20160524;9.15;9.38;9.10;9.23;3919133;36095608.00
20160525;9.27;9.30;9.13;9.18;3604919;33176804.00
20160526;9.17;9.21;8.88;9.13;3908824;35252400.00
20160527;9.16;9.19;9.02;9.17;2314701;21124284.00
20160530;9.12;9.24;9.04;9.12;2509398;22918792.00
20160531;9.18;9.55;9.07;9.51;5393240;50490248.00
20160601;9.51;9.66;9.43;9.58;5491595;52443624.00
20160602;9.56;9.69;9.51;9.61;3208981;30748638.00
20160603;9.56;9.67;9.53;9.59;3273718;31428588.00
20160606;9.66;9.70;9.50;9.55;3645002;34878848.00
20160607;9.55;9.68;9.41;9.58;4321360;41145872.00
20160608;9.60;9.78;9.45;9.64;4175482;40147152.00
20160613;9.50;9.76;9.16;9.21;4318702;41284796.00
20160614;9.20;9.38;9.06;9.16;3368159;30784684.00
20160615;9.08;9.57;9.01;9.49;3903333;36633192.00
20160616;9.49;9.66;9.41;9.50;4075240;38966528.00
20160617;9.43;9.75;9.30;9.71;4234128;40587140.00
20160620;9.62;9.67;9.40;9.59;2784007;26603306.00
20160621;9.63;9.90;9.51;9.55;4809840;46880304.00
20160622;9.45;9.69;9.45;9.67;3287419;31564146.00
20160623;9.69;9.75;9.60;9.66;3121911;30199146.00
20160624;9.62;9.73;9.21;9.45;4276881;40604364.00
20160627;9.29;9.67;9.29;9.66;2939716;28122310.00
20160628;9.66;9.95;9.56;9.79;4942169;48329540.00
20160629;9.79;9.90;9.70;9.82;3437134;33679424.00
20160630;9.80;9.95;9.73;9.86;3554632;34969328.00
