20100331;41.00;42.22;38.73;38.96;59934845;2391959040.00
20100401;40.80;42.86;40.61;42.86;30288849;1267425664.00
20100402;44.50;44.82;42.80;43.12;37992574;1657506176.00
20100406;44.60;45.19;43.65;44.23;24523287;1086075264.00
20100407;43.86;48.38;43.02;46.68;30464855;1380112640.00
20100408;45.65;47.10;44.50;44.55;20668326;944464512.00
20100409;45.02;46.00;44.33;45.35;13857197;624990720.00
20100412;45.00;45.31;43.38;43.48;14617218;643901184.00
20100413;43.40;44.34;40.36;42.75;15982579;683939968.00
20100414;42.50;43.20;41.91;42.79;8468203;359862112.00
20100415;43.00;43.78;42.21;42.69;7387763;317988544.00
20100416;42.53;42.88;40.70;41.09;6878053;285098592.00
20100419;40.25;40.60;38.85;38.92;8982400;356904384.00
20100420;39.36;39.60;38.50;39.53;6350030;248245296.00
20100421;39.43;41.22;39.01;40.73;7798153;311180160.00
20100422;40.30;40.73;39.30;39.78;7332134;292826944.00
20100423;39.69;41.19;39.48;40.46;8376752;339493088.00
20100426;40.65;40.88;39.13;39.25;5492363;218815328.00
20100427;39.00;39.00;36.27;36.75;6296420;233909440.00
20100428;36.00;38.56;35.71;38.13;5853427;219238720.00
20100429;38.00;39.67;37.87;39.40;9412798;368487808.00
20100430;38.80;39.55;37.05;38.86;3510859;135341152.00
20100504;37.70;39.98;37.62;39.25;3215027;125891816.00
20100505;38.65;39.19;37.68;39.08;5046443;193847792.00
20100506;38.50;38.80;36.10;36.34;4868770;183409776.00
20100507;35.10;36.88;34.80;36.36;4384727;157496640.00
20100510;36.40;37.10;35.60;36.71;2896796;106033472.00
20100511;37.62;37.70;35.05;35.28;3843832;139974496.00
20100512;35.30;36.23;34.90;35.90;3243640;115979584.00
20100513;36.25;37.29;35.90;37.26;4551079;166788880.00
20100514;36.80;37.10;36.25;36.64;3544743;130094088.00
20100517;35.82;36.02;33.58;33.63;3833798;133952176.00
20100519;34.79;35.50;34.50;34.93;4294834;150336336.00
20100520;34.40;35.13;34.10;34.32;2311960;79995248.00
20100521;33.29;34.68;33.00;34.48;3003021;101895856.00
20100524;34.56;36.46;34.50;36.24;5565866;199186560.00
20100525;35.62;35.94;35.11;35.30;3002091;106566232.00
20100526;35.13;35.68;34.74;34.95;2020788;71011864.00
20100527;35.00;36.59;34.59;36.44;4680368;168667872.00
20100528;37.06;38.98;37.06;37.71;7606997;288390624.00
20100531;37.15;37.48;35.80;35.85;4171116;153394656.00
20100601;35.42;35.84;34.40;35.00;3026030;105919536.00
20100602;35.00;36.53;34.90;36.49;2866897;102159688.00
20100603;36.38;36.78;35.70;35.75;2830073;102712272.00
20100604;35.13;35.85;35.10;35.48;1989420;70492080.00
20100607;34.73;35.14;34.50;34.80;2369843;82457584.00
20100608;34.56;35.80;34.56;35.22;2057214;72557472.00
20100609;35.41;36.80;35.41;36.66;3655051;132250264.00
20100610;36.30;36.75;36.06;36.45;2625046;95599600.00
20100611;36.85;37.52;36.60;36.61;3646610;134765696.00
20100617;37.10;37.20;35.59;35.61;2508980;91053280.00
20100621;34.80;36.69;34.20;36.58;4035373;142787904.00
20100622;36.28;36.44;35.72;35.82;3147593;113218048.00
20100623;35.70;35.70;34.58;34.92;2917804;102077792.00
20100624;34.96;35.16;34.69;34.80;1417730;49474520.00
20100625;34.70;34.70;33.56;33.91;2591554;88201680.00
20100628;33.94;34.16;33.31;33.38;1217972;41069016.00
20100629;33.41;33.69;31.87;31.90;2599562;85097240.00
20100630;31.70;31.90;29.99;30.18;2754070;84134664.00
20100701;29.80;29.80;28.21;29.00;8875816;258192064.00
20100702;28.88;29.00;27.70;28.46;4775303;135911904.00
20100705;28.00;28.44;27.41;28.03;3281452;91628880.00
20100706;27.98;28.79;27.90;28.64;3781123;107734568.00
20100707;28.80;29.13;28.61;29.05;3569683;103190888.00
20100708;29.17;29.25;28.30;28.52;2907249;83537256.00
20100709;28.57;30.65;28.10;30.02;8438890;249708672.00
20100712;29.70;30.51;29.60;30.13;6562570;197411408.00
20100713;29.88;29.99;29.20;29.88;4337156;128736184.00
20100714;29.37;30.09;29.07;29.25;5280365;155727648.00
20100715;29.15;29.60;27.99;28.01;3542928;101808120.00
20100716;27.97;28.72;27.80;28.67;2734164;77265232.00
20100719;28.30;30.43;28.14;29.97;6765174;201056672.00
20100720;29.97;30.88;29.85;30.68;7804332;238205152.00
20100721;31.20;32.10;30.69;31.56;8821603;276580864.00
20100722;31.26;31.68;30.90;31.54;5426053;170062464.00
20100723;31.69;31.70;30.91;31.20;5491110;171673792.00
20100726;31.21;31.55;30.58;31.24;5073914;157899264.00
20100727;31.10;31.90;30.76;31.39;4947946;155436064.00
20100728;31.20;32.40;31.16;32.33;5668857;180681328.00
20100729;32.22;32.54;31.70;32.13;5559571;178595056.00
20100730;32.11;32.18;31.40;31.79;4091217;129978384.00
20100802;31.79;32.78;31.60;32.70;4749107;153663008.00
20100803;32.76;33.77;32.36;32.40;7495032;248653872.00
20100804;32.41;32.96;31.85;32.93;4886491;158121584.00
20100805;32.97;33.79;32.60;32.80;5124297;170335424.00
20100806;32.64;33.48;32.21;33.43;4234733;139481408.00
20100809;33.50;34.80;33.15;34.69;5249124;177883744.00
20100810;34.15;34.60;32.66;32.69;8152725;275658400.00
20100811;32.69;33.18;32.20;32.73;4094573;133889096.00
20100812;32.42;32.56;31.82;31.88;4216390;135578816.00
20100813;31.87;32.47;31.51;32.39;3485242;111638440.00
20100816;32.33;33.47;32.06;33.23;4976918;163683456.00
20100817;33.15;34.20;33.11;33.74;4809619;162549632.00
20100818;33.74;34.06;33.00;33.45;3743052;125235416.00
20100819;33.51;34.60;33.51;34.15;7180446;245277984.00
20100820;33.96;33.96;32.95;33.04;4214109;140643040.00
20100823;33.09;33.50;32.80;32.93;2551397;84464192.00
20100824;32.95;33.39;32.28;33.06;2751374;90401800.00
20100825;32.79;32.95;31.50;31.59;3994150;128395816.00
20100826;32.05;32.50;31.45;31.66;4068986;130083040.00
20100827;31.68;31.83;31.11;31.80;3967412;124443504.00
20100830;31.82;32.68;31.82;32.47;3599616;116435464.00
20100831;32.21;32.40;31.95;32.29;3232102;103978736.00
20100901;32.39;32.98;32.16;32.66;4283584;139348912.00
20100902;33.00;33.87;32.92;33.59;6514452;218016256.00
20100903;33.89;33.96;33.05;33.40;3627792;121038392.00
20100906;33.53;34.69;33.53;34.56;8036912;275442912.00
20100907;34.41;34.96;34.06;34.57;4931754;170060784.00
20100908;34.47;34.48;33.81;34.31;5058110;172581392.00
20100909;34.22;34.75;33.20;33.37;5373612;182334544.00
20100910;33.43;33.73;32.75;33.44;3271682;108717016.00
20100913;33.50;33.98;33.35;33.59;4315086;145023776.00
20100914;33.68;33.80;32.68;32.80;6281956;207728256.00
20100915;32.83;32.99;32.00;32.05;3389892;110110816.00
20100916;32.00;32.27;31.54;31.85;3510553;111754136.00
20100917;31.99;32.40;31.75;32.01;2587415;83029296.00
20100920;31.98;32.21;31.67;32.01;1934452;61898768.00
20100921;32.07;32.39;32.01;32.19;1818766;58548704.00
20100927;32.36;33.12;32.23;33.08;2979911;97844952.00
20100928;33.01;33.05;32.18;32.28;2903482;94411352.00
20100929;32.20;33.76;32.17;33.12;6886781;228916096.00
20100930;33.01;34.24;32.98;34.17;6452639;217856992.00
20101008;35.10;37.59;35.01;37.58;19643586;726489792.00
20101011;38.40;40.69;37.89;38.24;21690515;852686208.00
20101012;38.14;40.19;37.74;39.10;14196629;556222656.00
20101013;39.19;40.16;38.75;39.19;12284776;484309824.00
20101014;39.79;40.95;38.51;39.82;15973102;631112000.00
20101015;39.00;40.79;38.48;39.93;16072686;638918400.00
20101018;39.80;40.10;37.86;37.95;13354769;520543840.00
20101019;38.98;41.75;38.98;41.75;16563330;685003584.00
20101020;42.61;45.93;42.03;44.89;36337993;1607209216.00
20101021;44.67;44.87;42.90;43.44;19473726;852495808.00
20101022;43.44;45.68;43.30;43.78;14813553;658081024.00
20101025;43.79;47.97;42.61;46.80;17292682;784644416.00
20101026;47.80;49.09;46.80;47.75;16946091;813035712.00
20101027;47.00;47.76;45.00;46.06;12399930;574348032.00
20101028;45.54;46.86;45.31;45.58;9835050;452016736.00
20101029;45.64;46.15;44.70;44.93;9168395;414721952.00
20101101;44.68;47.90;44.52;47.48;13665213;639778752.00
20101102;47.47;47.70;45.40;45.45;16154990;746779072.00
20101103;45.39;45.85;42.81;43.23;10251035;453825632.00
20101104;43.88;45.00;43.65;44.82;8932504;396926624.00
20101105;46.30;46.80;45.06;45.29;8910154;407499136.00
20101108;45.33;45.80;44.28;45.63;7010867;316051968.00
20101109;45.60;46.60;44.85;46.55;9548989;438808896.00
20101110;46.30;47.28;45.60;47.13;8996002;417968256.00
20101111;47.60;51.11;47.60;47.94;16022368;793053440.00
20101112;47.49;49.96;45.11;45.79;19505021;927149888.00
20101115;46.50;46.79;44.01;45.30;10415355;471362848.00
20101116;44.99;44.99;41.50;41.58;11640518;503819040.00
20101117;40.31;41.96;39.99;40.63;7716986;314997504.00
20101118;41.44;42.50;40.68;42.12;7328625;305552512.00
20101119;42.47;42.70;40.80;42.30;7239384;300966912.00
20101122;41.98;43.04;41.52;42.30;5902028;249820864.00
20101123;41.96;41.96;39.00;40.93;7178715;291711808.00
20101124;40.45;42.33;40.21;42.31;6576677;275292352.00
20101125;42.80;43.24;42.21;42.96;5864743;251325840.00
20101126;42.90;44.54;42.61;43.39;6366460;277246272.00
20101129;43.15;43.39;42.36;42.96;4761326;203874016.00
20101130;42.99;43.96;41.51;43.73;7896948;339328096.00
20101201;43.49;45.55;43.20;44.99;9033747;404161536.00
20101202;46.21;46.89;45.52;45.54;10539266;486319296.00
20101203;45.62;45.96;44.60;45.12;4321924;195380432.00
20101206;45.53;46.17;44.68;45.68;6243293;284349120.00
20101207;45.30;46.60;43.90;46.14;6385399;289337088.00
20101208;45.99;46.18;44.68;44.70;5022044;227522768.00
20101209;44.42;44.81;43.00;43.02;4536975;199585616.00
20101210;42.63;44.48;42.40;44.03;3923738;170417024.00
20101213;44.41;45.98;44.38;45.92;5843176;264007568.00
20101214;46.15;46.18;45.51;45.89;4458768;204487072.00
20101215;45.90;47.68;45.71;46.38;7872217;368298816.00
20101216;46.48;47.65;46.29;46.77;5509613;259340384.00
20101217;46.48;46.89;46.05;46.79;4137773;192470384.00
20101220;46.99;47.50;44.08;45.93;6839863;314790208.00
20101221;46.00;47.34;46.00;47.16;6853006;320792640.00
20101222;47.48;47.70;46.15;46.30;5107346;239237712.00
20101223;46.30;46.80;45.78;45.90;4107434;190111888.00
20101224;45.80;45.90;44.00;44.63;4085349;183151136.00
20101227;45.11;49.09;45.05;46.10;17111819;813835840.00
20101228;45.48;46.19;44.52;45.51;6748084;307221856.00
20101229;45.93;45.93;44.25;44.67;6135467;274198016.00
20101230;44.79;45.80;44.45;45.11;4796441;216066160.00
20101231;45.17;47.50;45.09;47.06;6948654;324595520.00
20110104;48.18;49.49;47.80;48.03;13152234;639472640.00
20110105;47.18;52.50;47.10;51.67;16547651;831248704.00
20110106;51.10;52.52;50.41;51.99;11282320;583078720.00
20110107;52.00;53.44;49.86;50.23;10073176;518381824.00
20110110;50.00;53.21;50.00;51.21;8985026;466463904.00
20110111;51.00;52.00;49.28;50.95;6488854;327361760.00
20110112;51.40;52.80;50.00;52.27;6319016;326099200.00
20110113;52.05;52.50;50.10;51.38;5879489;303504672.00
20110114;51.00;51.00;47.90;48.02;7188160;353880672.00
20110117;47.15;48.47;46.11;46.76;5130394;242099504.00
20110118;46.58;47.30;46.13;46.59;3074803;143516096.00
20110119;46.70;49.00;46.51;48.92;5243811;250305952.00
20110120;48.40;48.50;46.00;46.01;4555453;215319584.00
20110121;45.18;46.46;43.85;45.29;5856231;265154928.00
20110124;45.50;45.65;42.50;42.54;4709397;205448000.00
20110125;42.15;43.45;41.98;42.79;2976546;127125168.00
20110126;42.60;43.85;42.60;43.66;2577136;111904072.00
20110127;43.03;45.40;43.00;44.62;3568472;158567936.00
20110128;44.45;44.93;43.80;44.77;3271294;144721872.00
20110131;44.79;45.26;44.30;44.98;2469742;110618176.00
20110201;45.27;46.38;45.27;45.87;3255175;149210480.00
20110209;44.90;45.29;42.67;42.96;4959732;217607344.00
20110210;42.77;44.15;42.51;44.00;3517311;152243104.00
20110211;43.80;44.49;43.66;43.97;3028196;133410224.00
20110214;44.08;46.80;44.08;46.26;6225657;286784192.00
20110215;46.47;47.29;45.96;46.29;5779958;270620992.00
20110216;46.30;48.49;46.21;48.48;6944476;332254368.00
20110217;48.58;48.68;47.10;48.08;5396627;258057376.00
20110218;47.95;47.98;46.68;47.08;4003933;189370992.00
20110221;46.70;48.79;46.52;48.64;4534363;217055328.00
20110222;49.26;49.78;46.88;47.20;7388935;355547360.00
20110223;47.00;48.00;46.70;47.42;3264096;154443616.00
20110224;47.75;48.79;47.38;48.09;4220785;203173936.00
20110225;48.14;48.25;46.80;47.48;2934182;138833168.00
20110228;47.78;48.86;46.88;48.41;4000948;191873744.00
20110301;48.44;48.99;47.75;48.08;3898585;188233728.00
20110302;47.80;48.09;46.80;47.31;3466494;163993248.00
20110303;47.43;48.00;46.70;46.73;3177421;150070944.00
20110304;46.90;49.00;46.40;48.30;7309475;351073248.00
20110307;48.50;52.00;48.50;51.15;12311256;623144512.00
20110308;50.95;51.00;49.75;50.43;7927723;399686208.00
20110309;50.30;50.86;49.71;50.54;4131807;207187776.00
20110310;50.46;50.46;48.92;49.13;3836657;189657904.00
20110311;48.60;50.60;48.31;48.98;4256632;210958192.00
20110314;48.51;48.99;47.48;48.71;5339336;256989136.00
20110315;48.00;48.03;45.88;46.41;6682699;311359008.00
20110316;46.71;47.54;46.62;47.22;3950090;186087328.00
20110317;46.70;48.29;46.01;46.84;4834215;228894000.00
20110318;47.70;48.18;47.19;47.29;2767619;131707008.00
20110321;47.44;48.21;47.44;47.74;2662626;127344256.00
20110322;48.01;48.09;46.76;47.40;2631395;124411904.00
20110323;47.90;48.33;47.52;48.08;4376515;209853088.00
20110324;48.25;48.33;47.66;47.69;2484878;119099832.00
20110325;47.70;47.81;46.00;47.01;6734832;315342944.00
20110328;47.18;50.40;47.18;49.12;10364479;508883840.00
20110329;50.80;53.95;50.00;51.80;14832403;767522176.00
20110330;51.70;52.60;50.75;51.65;7977012;412419008.00
20110331;51.49;51.80;48.78;48.80;10411850;521594144.00
20110401;49.10;53.68;49.10;53.68;19344353;1010443904.00
20110406;54.68;59.00;54.66;57.51;26327616;1488296832.00
20110407;57.49;59.99;57.01;58.97;17625360;1034836544.00
20110408;58.55;59.63;57.26;58.56;15738200;920657664.00
20110411;58.75;60.39;57.66;57.80;14300760;847706112.00
20110412;57.05;58.17;56.00;56.79;11490744;654594944.00
20110413;56.00;58.99;55.80;58.89;10493474;602795840.00
20110414;58.50;59.47;57.28;58.49;8701824;507596864.00
20110415;58.81;58.87;56.38;57.62;7502140;431089824.00
20110418;57.02;59.34;56.55;59.27;8168750;475258592.00
20110419;58.40;60.90;58.12;58.93;11762446;700204480.00
20110420;59.66;61.63;57.20;57.33;12781261;758219392.00
20110421;58.00;63.06;57.45;63.06;17938119;1095700480.00
20110422;63.75;63.75;61.00;61.99;11398962;705856128.00
20110425;61.57;63.10;60.31;60.61;8219475;505186720.00
20110426;59.95;61.59;59.30;60.06;7708422;465047776.00
20110427;60.59;60.88;56.03;57.00;11746041;681455936.00
20110428;57.91;58.80;56.50;56.81;7708051;444768224.00
20110429;56.70;59.00;56.50;58.67;6855731;397993280.00
20110503;58.03;58.60;56.50;57.79;6057163;347410400.00
20110504;57.00;57.00;54.20;54.79;10258220;569558080.00
20110505;54.05;55.33;53.92;54.42;5981373;327231104.00
20110506;52.80;54.40;51.50;53.23;9549091;502397760.00
20110509;53.30;54.99;53.30;53.95;5470820;296296736.00
20110510;54.50;56.08;54.05;55.67;7216155;397264928.00
20110511;55.70;55.95;54.60;55.09;4347682;240219296.00
20110512;53.20;56.20;53.20;55.11;5609226;308505312.00
20110513;55.30;56.30;54.80;56.23;5229950;291322976.00
20110516;55.75;56.80;55.38;55.53;4222639;236717856.00
20110517;55.10;59.38;54.06;57.73;11328684;651729920.00
20110518;57.02;59.19;56.66;57.92;6488874;376668736.00
20110519;58.15;58.75;57.35;57.47;3748642;216836656.00
20110520;57.37;58.79;57.13;58.06;3786311;219976544.00
20110523;57.80;59.25;56.00;56.42;8033263;463815552.00
20110524;55.89;57.07;55.21;56.44;5089364;285638624.00
20110525;56.40;58.76;56.22;57.98;7871953;456065024.00
20110526;58.91;59.16;57.43;57.74;5993904;349016160.00
20110527;57.52;59.30;57.52;57.88;10433847;609162752.00
20110531;56.80;58.10;54.37;57.80;11411388;639010176.00
20110601;56.93;57.45;56.25;56.57;6172597;350514016.00
20110602;54.79;56.33;54.39;55.76;7369254;407761792.00
20110603;55.52;57.25;55.52;57.04;7580358;430030720.00
20110607;56.75;57.03;55.98;56.45;5388752;304016256.00
20110608;56.40;56.56;55.13;55.92;4312361;240502688.00
20110609;55.63;56.83;54.50;54.56;5516115;307824064.00
20110610;54.66;55.20;52.80;53.88;6135491;329713952.00
20110613;53.40;54.20;52.50;53.92;4901552;261420992.00
20110614;53.89;55.58;53.40;55.20;4628752;253875920.00
20110615;55.03;56.20;54.72;55.16;5728153;318373248.00
20110616;54.34;56.18;54.02;54.81;3827651;211674624.00
20110617;55.35;56.66;55.20;55.69;8446375;473276000.00
20110620;55.50;57.20;55.20;56.42;5979210;337677888.00
20110621;56.90;59.09;56.20;58.86;9820420;566080832.00
20110622;58.62;58.90;57.71;57.98;7533038;438531648.00
20110623;57.55;59.44;57.52;59.01;9186524;539370752.00
20110624;58.55;59.77;58.53;58.81;8462600;499786112.00
20110627;58.68;61.40;58.50;60.66;8686108;521913696.00
20110628;62.50;62.66;60.60;61.96;9781283;602764032.00
20110629;61.90;63.90;61.58;62.57;10769763;677778880.00
20110630;62.95;63.47;62.00;63.11;8972762;564291520.00
20110701;63.25;68.20;62.93;67.15;18596845;1223549568.00
20110704;30.50;31.30;30.00;30.31;29489427;900599680.00
20110705;29.60;30.13;29.10;29.86;39233442;1160985984.00
20110706;29.80;29.84;28.85;29.22;32172128;939709888.00
20110707;29.31;31.54;29.26;30.41;53877445;1639906304.00
20110708;30.31;30.45;29.60;30.15;24911243;746767680.00
20110711;29.78;30.12;29.22;29.83;21643983;641521408.00
20110712;29.38;29.50;29.00;29.37;18992699;555035072.00
20110713;29.33;30.06;29.30;29.68;18119173;538807488.00
20110714;30.13;30.65;29.58;29.96;24624098;741424128.00
20110715;29.68;29.95;29.30;29.69;16849635;498718176.00
20110718;29.59;30.24;29.40;29.86;15507558;462689184.00
20110719;29.51;30.22;29.41;29.82;15774051;470314272.00
20110720;30.09;30.20;29.29;29.52;13061384;386985536.00
20110721;29.52;29.65;28.27;28.29;20223487;582237952.00
20110722;28.33;28.66;28.21;28.44;9187138;261098128.00
20110725;28.45;28.60;26.98;27.41;14775908;408534176.00
20110726;27.66;27.80;27.13;27.26;9476003;259470272.00
20110727;27.26;28.80;26.86;28.63;21120164;588499392.00
20110728;28.01;28.70;27.93;28.33;14288639;403930368.00
20110729;28.21;28.52;27.50;27.68;10510174;293451296.00
20110801;27.62;28.50;27.62;28.01;9816926;276050560.00
20110802;27.65;28.42;27.35;28.37;11132992;309485536.00
20110803;27.98;29.45;27.79;28.90;22243761;642391552.00
20110804;28.92;29.19;28.52;28.80;9885673;285081152.00
20110805;27.80;28.30;27.51;27.85;13787809;386208992.00
20110808;27.15;27.68;25.60;26.09;18768638;498484704.00
20110809;25.48;26.26;24.25;25.94;15330146;389766624.00
20110810;26.54;26.88;26.10;26.14;12397128;328938112.00
20110811;25.45;26.48;25.40;26.40;9917226;259339392.00
20110812;26.75;27.08;26.38;26.40;9709506;258984096.00
20110815;26.40;26.94;26.26;26.80;7093525;188394208.00
20110816;26.90;27.04;26.52;26.70;7903121;211544784.00
20110817;26.70;26.85;26.39;26.43;4907547;130259184.00
20110818;26.60;26.60;25.57;25.63;7940951;206224720.00
20110819;24.96;25.40;24.58;25.01;8615218;214653728.00
20110822;25.05;25.53;24.50;24.65;7398795;185399152.00
20110823;24.88;25.20;24.60;25.17;5379686;133931168.00
20110824;25.18;25.37;24.60;24.68;8801622;220032624.00
20110825;24.72;25.74;24.66;25.68;11957409;302474848.00
20110826;25.47;25.66;25.27;25.55;7448453;189544832.00
20110829;25.25;25.48;25.10;25.19;5631310;142265712.00
20110830;25.70;26.82;25.70;25.81;19078652;498070784.00
20110831;25.82;26.30;25.56;26.14;8929694;231366320.00
20110901;26.16;26.40;25.80;25.86;8746109;228029776.00
20110902;25.73;25.86;25.19;25.35;5612816;142792064.00
20110905;24.89;24.99;24.48;24.54;6118710;150815152.00
20110906;24.38;24.54;24.00;24.23;5451227;132050352.00
20110907;24.50;25.05;24.25;24.99;5567680;137719488.00
20110908;25.28;25.35;24.56;24.60;4999817;125148032.00
20110909;24.70;25.05;24.50;24.71;3627132;89739600.00
20110913;24.21;24.69;24.05;24.54;3597018;87745576.00
20110914;24.74;24.98;24.13;24.89;5021706;123661592.00
20110915;25.00;25.10;24.74;24.79;4752559;118436064.00
20110916;25.00;25.08;24.79;24.82;3783599;94342240.00
20110919;24.50;24.53;24.07;24.10;4712073;114055648.00
20110920;23.91;24.40;23.82;24.26;4787110;115278904.00
20110921;24.26;25.97;24.11;25.60;11963367;302181504.00
20110922;25.06;25.40;24.55;24.57;9615188;240217984.00
20110923;24.00;24.77;23.87;24.75;5707726;138823648.00
20110926;24.50;24.93;24.25;24.38;3892133;95378944.00
20110927;24.64;25.08;24.52;24.83;6528569;162259808.00
20110928;25.20;25.45;24.83;25.04;9422889;237318272.00
20110929;24.76;25.60;24.70;25.37;11489336;290658880.00
20110930;25.33;25.92;25.28;25.47;10592458;270972288.00
20111010;25.64;25.95;25.47;25.53;8417662;216548832.00
20111011;26.35;26.45;23.50;24.06;17310192;428248928.00
20111012;23.60;24.68;22.62;24.59;11055864;264028128.00
20111013;24.41;24.79;24.20;24.49;7836298;191991440.00
20111014;24.66;24.94;24.21;24.50;5343043;131305864.00
20111017;24.75;24.89;24.38;24.46;4435427;109063016.00
20111018;24.29;24.38;23.32;23.35;6418852;152514928.00
20111019;23.50;23.64;23.01;23.17;3618636;84367016.00
20111020;23.00;23.20;21.28;21.69;9944142;218784768.00
20111021;21.46;21.89;21.17;21.21;4766611;102357320.00
20111024;21.36;21.83;20.56;21.61;5419776;115426560.00
20111025;21.75;22.75;21.36;22.63;8582061;190664112.00
20111026;22.48;23.19;22.25;22.68;10465199;238334608.00
20111027;22.70;22.96;22.56;22.74;5413128;123009736.00
20111028;23.20;23.95;23.08;23.60;11565248;272378080.00
20111031;23.48;23.64;23.26;23.35;6059412;141913120.00
20111101;23.00;23.50;22.81;23.06;6870595;158883280.00
20111102;22.57;23.20;22.21;23.16;7025596;159220832.00
20111103;23.25;23.86;23.25;23.34;9575282;225354000.00
20111104;23.62;23.83;23.45;23.59;6275369;148207488.00
20111107;23.50;24.15;23.31;23.68;6212458;147899296.00
20111108;23.82;24.25;23.68;24.04;10097082;242916176.00
20111109;24.16;24.42;23.73;24.24;6999917;168914304.00
20111110;24.00;24.24;23.80;23.80;7372466;176500064.00
20111111;24.00;24.29;23.61;23.77;6246617;149945120.00
20111114;24.15;24.58;24.02;24.51;10383071;253097904.00
20111115;24.48;24.77;24.38;24.55;7365305;180899088.00
20111116;24.60;24.62;23.65;23.71;8039330;193186512.00
20111117;23.82;23.96;23.30;23.33;11042389;259556736.00
20111118;22.95;22.95;22.08;22.13;11080331;247707712.00
20111121;22.11;22.30;21.81;21.99;4367959;95873168.00
20111122;21.91;22.05;21.62;21.97;4279077;93420704.00
20111123;22.00;22.15;21.50;21.52;3875454;84307656.00
20111124;21.38;21.63;21.09;21.31;4670776;99440112.00
20111125;21.30;21.50;21.11;21.29;2780227;59234952.00
20111128;21.48;21.49;21.07;21.30;2725472;58010480.00
20111129;21.70;21.96;21.46;21.92;5323106;115672000.00
20111130;21.92;21.92;20.62;20.73;5886591;124593216.00
20111201;21.50;21.84;21.00;21.04;9087471;195093952.00
20111202;20.90;20.90;20.20;20.38;5092666;103968200.00
20111205;20.20;20.50;19.83;19.87;3666828;73370920.00
20111206;19.87;20.28;19.79;20.03;2847631;56982692.00
20111207;20.05;20.25;19.98;20.08;2594328;52146968.00
20111208;20.10;20.37;19.50;20.05;3857396;77065952.00
20111209;19.80;20.19;19.66;19.88;2027736;40357616.00
20111212;19.85;19.85;19.30;19.35;2712451;52914580.00
20111213;19.10;19.29;18.41;18.44;4526184;84795200.00
20111214;18.50;18.70;17.81;17.88;3327649;60916444.00
20111215;17.50;17.68;16.68;16.81;6367932;109138848.00
20111216;16.81;17.50;16.75;17.43;5133144;87765336.00
20111219;17.27;17.27;16.50;17.09;4806706;81266928.00
20111220;17.00;17.41;16.93;17.05;3885035;66717508.00
20111221;17.60;17.84;16.75;16.78;4300978;74472304.00
20111222;16.41;17.30;16.20;17.00;5978832;100147792.00
20111223;16.92;17.50;16.76;17.22;5513708;94769696.00
20111226;17.01;17.47;16.92;17.00;3785955;65067072.00
20111227;17.00;17.22;16.73;16.81;2799482;47443816.00
20111228;16.69;16.97;16.34;16.93;3020447;50449652.00
20111229;16.75;17.18;16.62;17.02;3166739;53849396.00
20111230;17.18;17.41;17.05;17.34;4400752;76056568.00
20120104;17.56;17.60;16.83;16.84;4306970;74287664.00
20120105;16.67;17.11;16.56;16.63;3091356;51962192.00
20120106;16.56;16.90;16.01;16.87;2706501;45024384.00
20120109;16.82;18.56;16.82;18.56;14861416;270092640.00
20120110;18.80;20.37;18.71;19.76;23008768;446919232.00
20120111;19.65;20.15;19.35;19.75;16511003;325620128.00
20120112;19.40;19.89;19.31;19.57;8882530;174114608.00
20120113;19.63;19.95;18.83;19.10;10384096;201328272.00
20120116;18.82;19.80;18.70;18.73;7840540;150549824.00
20120117;18.95;20.60;18.57;20.60;15883732;314384576.00
20120118;21.05;21.05;19.68;19.97;14481972;294644704.00
20120119;19.97;20.47;19.68;20.29;11357141;228363008.00
20120120;20.29;20.49;19.95;20.11;7976061;160837920.00
20120130;20.24;20.24;19.62;19.66;6298580;125035512.00
20120131;19.66;19.99;19.30;19.79;5455091;107146384.00
20120201;19.64;19.85;18.86;18.94;7189890;138907056.00
20120202;18.99;19.69;18.91;19.51;12015784;233032960.00
20120203;19.28;19.60;19.14;19.53;8032135;155829088.00
20120206;19.73;20.08;19.50;19.79;10843634;215190464.00
20120207;19.69;19.70;19.16;19.49;6778637;131384792.00
20120208;19.48;20.90;19.38;20.56;16615827;336086560.00
20120209;20.56;21.03;20.35;20.59;15733125;326104064.00
20120210;20.50;20.79;20.35;20.59;10548705;217321936.00
20120213;20.33;21.20;20.20;20.98;11874803;247417856.00
20120214;21.00;21.09;20.47;20.78;8986647;186396448.00
20120215;20.72;21.32;20.45;20.93;11852725;248450512.00
20120216;20.79;20.92;20.32;20.56;9675386;199731952.00
20120217;20.73;20.85;20.31;20.43;5653613;116059416.00
20120220;20.80;20.94;20.49;20.54;7789969;161531376.00
20120221;20.42;20.93;20.32;20.90;8104925;167352608.00
20120222;20.95;21.25;20.72;21.18;12345605;259656768.00
20120223;21.18;21.50;20.97;21.36;13431697;285668576.00
20120224;21.38;22.43;21.35;21.99;20583608;452211392.00
20120227;22.30;22.56;21.87;21.89;17069264;379684864.00
20120228;21.75;22.11;21.40;21.94;10439891;227089184.00
20120229;21.80;22.20;21.62;21.68;8408986;183972272.00
20120301;21.49;21.89;21.45;21.69;5983925;129961152.00
20120302;21.76;22.53;21.76;22.32;11745891;261604528.00
20120305;22.42;22.53;22.10;22.13;10299288;229724384.00
20120306;22.06;22.10;21.36;21.52;8593885;185973424.00
20120307;21.19;21.48;21.03;21.10;8412803;178223312.00
20120308;21.15;21.55;21.15;21.41;7169868;153306352.00
20120309;21.49;22.58;21.49;22.35;16009028;354612512.00
20120312;22.50;22.52;21.92;22.19;8908803;197908816.00
20120313;22.17;22.77;22.10;22.66;11041951;248186112.00
20120314;22.80;22.93;21.30;21.44;15421750;341479296.00
20120315;21.48;21.69;20.71;21.17;9963639;210745952.00
20120316;21.20;21.49;20.90;21.44;6880393;146224224.00
20120319;21.43;21.76;21.05;21.74;8568950;182942720.00
20120320;21.82;22.11;21.18;21.21;10519383;228440832.00
20120321;21.38;22.09;21.11;21.76;11306011;245207136.00
20120322;21.73;21.99;21.60;21.73;6595753;143728576.00
20120323;21.58;21.60;20.77;20.96;8093895;171207088.00
20120326;20.85;21.14;20.61;20.79;3530422;73656528.00
20120327;20.96;21.18;20.55;20.66;3923527;81856632.00
20120328;20.51;20.73;19.45;19.49;7793552;154996640.00
20120329;19.51;19.51;18.71;18.89;6019399;114826864.00
20120330;19.04;19.15;18.73;18.98;3552451;67281376.00
20120405;18.73;19.70;18.73;19.62;5836320;112748192.00
20120406;19.60;19.73;19.25;19.56;5319981;103864672.00
20120409;19.49;19.61;19.20;19.23;3694658;71646000.00
20120410;19.23;19.66;18.90;19.64;5689938;110296352.00
20120411;19.33;19.77;19.27;19.49;5104057;99335936.00
20120412;19.69;20.45;19.65;20.15;8843952;177617168.00
20120413;20.28;20.30;19.95;20.17;6972182;140442256.00
20120416;20.00;20.20;19.87;20.05;3878618;77819280.00
20120417;20.05;20.10;19.55;19.57;4445085;87943480.00
20120418;19.72;20.21;19.60;20.18;6481224;129623888.00
20120419;20.10;20.24;19.93;20.00;4113798;82656680.00
20120420;19.95;20.34;19.95;20.22;5154365;104130152.00
20120423;20.20;20.29;19.91;20.06;5664719;113637784.00
20120424;19.92;20.26;19.49;19.97;8037010;159642400.00
20120425;19.90;20.60;19.58;20.58;11276756;227038496.00
20120426;20.63;21.23;20.61;20.82;12210773;255359520.00
20120427;20.86;21.00;20.73;20.93;6325810;132076760.00
20120502;21.50;22.27;21.10;21.91;17239437;375974624.00
20120503;21.81;22.34;21.72;22.01;11733740;258809872.00
20120504;21.90;22.15;21.59;22.07;9854314;215969424.00
20120507;21.68;21.96;21.61;21.88;8329659;181483776.00
20120508;21.90;21.91;21.45;21.54;7581023;163718000.00
20120509;21.40;21.40;20.84;20.87;7317794;154038608.00
20120510;20.75;21.18;20.75;20.98;5004938;105116136.00
20120511;21.00;21.48;20.88;20.92;5746032;121621680.00
20120514;21.26;21.38;20.51;20.59;6483715;136247312.00
20120515;20.33;20.55;20.05;20.52;5841906;118246184.00
20120516;20.28;20.76;20.28;20.30;5309198;108830328.00
20120517;20.36;20.75;20.35;20.71;3956602;81476392.00
20120518;20.59;20.59;20.00;20.08;7124713;144305104.00
20120521;20.02;20.61;19.90;20.25;4784865;96878384.00
20120522;20.45;20.64;20.26;20.63;4504166;92162936.00
20120523;20.49;20.72;20.22;20.37;3799447;77668704.00
20120524;20.37;20.53;20.08;20.16;4255795;86313112.00
20120528;19.78;20.29;19.35;20.28;7010232;138935488.00
20120529;20.21;20.82;20.12;20.67;7417566;152543248.00
20120530;20.65;20.68;20.32;20.40;4254889;86989600.00
20120531;20.10;20.28;20.00;20.11;4434892;89174736.00
20120601;20.10;20.30;20.00;20.09;3074272;61904664.00
20120604;19.70;19.70;19.08;19.10;6543171;126949928.00
20120605;19.10;19.26;18.89;18.93;4256469;81045784.00
20120606;19.02;19.12;18.56;18.73;3738050;70482304.00
20120607;19.05;19.09;18.47;18.50;3218908;60425152.00
20120608;18.70;18.74;18.35;18.37;3134177;58139596.00
20120611;18.51;18.86;18.35;18.71;3912385;72810912.00
20120612;18.41;18.49;17.95;18.09;6127518;111146528.00
20120613;18.12;18.32;17.82;18.31;6008777;108484432.00
20120614;18.18;18.33;18.09;18.12;3591143;65353120.00
20120615;18.20;18.30;17.94;18.29;3349801;60858000.00
20120618;18.43;18.66;18.36;18.45;3613741;66928964.00
20120619;18.40;18.56;18.31;18.47;2768987;51044996.00
20120620;18.55;18.65;18.45;18.49;2776344;51463240.00
20120621;18.28;18.30;17.58;17.65;5577187;99206256.00
20120625;17.54;17.54;16.90;16.92;4767124;81438568.00
20120626;16.78;17.09;16.69;17.00;2559519;43333076.00
20120627;16.92;17.28;16.80;16.83;2458610;41892912.00
20120628;17.00;17.06;16.72;16.73;2063197;34842628.00
20120629;16.76;17.20;16.56;17.12;3320907;56307352.00
20120702;17.47;17.60;17.11;17.16;4776222;82935920.00
20120703;17.16;17.40;17.01;17.16;2811343;48384420.00
20120704;17.40;17.75;17.36;17.43;4693632;82179512.00
20120705;17.41;17.55;17.24;17.46;4082820;70870656.00
20120706;17.70;17.79;17.30;17.65;4348057;76275216.00
20120709;17.39;17.50;16.87;16.89;4279880;73622040.00
20120710;16.88;17.07;16.81;16.92;2124682;35967272.00
20120711;16.83;17.24;16.80;17.04;2797449;47726000.00
20120712;13.57;14.85;13.57;14.61;7401436;106860848.00
20120713;14.40;14.69;14.20;14.24;4724626;68037552.00
20120716;14.34;14.39;13.72;13.78;3668602;51396640.00
20120717;13.70;14.13;13.67;13.94;3065891;42791620.00
20120718;13.89;14.20;13.79;14.18;3220604;45305944.00
20120719;14.18;14.44;14.10;14.21;5197584;74436712.00
20120720;14.21;14.28;13.90;13.93;2971963;41854772.00
20120723;13.75;13.97;13.63;13.78;2568233;35395880.00
20120724;13.65;14.06;13.58;13.89;2172773;30087742.00
20120725;13.85;14.00;13.70;13.72;1893874;26188398.00
20120726;13.72;13.95;13.65;13.71;2620488;36093164.00
20120727;13.78;14.01;13.67;13.85;3431199;47565680.00
20120730;13.82;14.04;13.72;13.87;3238007;44988960.00
20120731;13.88;13.88;12.87;12.88;7826203;103004168.00
20120801;12.80;13.20;12.70;13.05;3581693;46702196.00
20120802;13.00;13.07;12.85;12.94;2690255;34805240.00
20120803;12.97;13.19;12.88;13.17;2720432;35566272.00
20120806;13.09;13.65;13.09;13.56;6132254;82271824.00
20120807;13.56;13.69;13.46;13.57;5277277;71532472.00
20120808;13.67;14.07;13.57;13.80;7179088;99237408.00
20120809;13.75;13.93;13.69;13.88;4741319;65413820.00
20120810;13.88;13.90;13.60;13.63;3856080;52878976.00
20120813;13.53;13.59;13.13;13.14;4336548;57838744.00
20120814;13.14;13.28;12.98;13.22;4162762;54670752.00
20120815;13.20;13.24;13.06;13.11;2934675;38546252.00
20120816;13.11;13.15;12.99;13.01;1894297;24740708.00
20120817;13.00;13.13;12.95;13.09;1961033;25541552.00
20120820;12.92;13.08;12.84;13.00;2233260;28856340.00
20120821;13.00;13.26;12.95;13.18;3010096;39550468.00
20120822;13.18;13.19;12.87;12.93;3268405;42465244.00
20120823;12.96;13.16;12.90;13.13;3440503;44928884.00
20120824;13.02;13.02;12.70;12.74;3986800;51157716.00
20120827;12.72;12.78;12.14;12.18;4320283;53430388.00
20120828;12.17;12.42;12.10;12.21;2342171;28656882.00
20120829;12.17;12.24;11.91;11.92;2603533;31350908.00
20120830;11.90;12.08;11.80;12.00;2642788;31527282.00
20120831;11.90;12.28;11.85;12.18;3339113;40432780.00
20120903;12.07;12.54;12.02;12.44;4657059;57681336.00
20120904;12.38;12.51;12.15;12.17;3183736;39181432.00
20120905;12.17;12.27;12.03;12.22;2338886;28428272.00
20120906;12.26;12.40;12.12;12.30;2203519;26978448.00
20120907;12.39;13.46;12.36;13.17;13298895;173153216.00
20120910;13.08;13.29;12.92;13.19;9472087;124052240.00
20120911;13.01;13.07;12.88;13.00;5105355;66093544.00
20120912;13.13;13.32;13.01;13.23;6403914;84490736.00
20120913;13.25;13.25;12.83;12.85;4888795;63817716.00
20120914;13.27;13.39;13.00;13.12;8882430;117174392.00
20120917;13.13;13.23;12.65;12.67;5146195;66673948.00
20120918;12.43;12.56;12.26;12.32;4054077;50201328.00
20120919;12.32;12.50;12.21;12.49;2827030;35032496.00
20120920;12.40;12.40;12.00;12.01;3765076;45781656.00
20120921;12.00;12.50;12.00;12.14;4847374;59557124.00
20120924;12.08;12.52;11.88;12.41;4458511;54540536.00
20120925;12.30;12.42;12.16;12.24;3177084;39008400.00
20120926;12.29;12.39;12.05;12.10;3387921;41397176.00
20120927;12.07;12.86;12.05;12.58;7053415;88249624.00
20120928;12.46;12.92;12.42;12.88;7667583;97728136.00
20121010;13.22;13.80;13.13;13.32;18744709;250460720.00
20121011;13.15;13.33;13.00;13.01;7163770;94083344.00
20121012;13.03;13.32;12.93;13.27;7046694;92705424.00
20121015;13.20;13.21;12.91;13.10;4019019;52446412.00
20121016;13.10;13.36;13.03;13.14;5904779;78041456.00
20121017;13.30;13.30;12.96;13.17;4401326;57808036.00
20121018;13.05;13.45;13.05;13.44;9217411;123114272.00
20121019;13.41;13.49;13.18;13.19;6573542;87442744.00
20121022;13.04;13.31;13.01;13.27;3842707;50539508.00
20121023;13.27;13.30;13.01;13.03;4080849;53491544.00
20121024;12.97;13.09;12.90;12.95;3204525;41561520.00
20121025;13.05;13.13;12.70;12.70;4112345;53071312.00
20121026;12.70;12.75;12.25;12.26;4623531;57489476.00
20121029;12.27;12.42;12.21;12.27;2163691;26657962.00
20121030;12.30;12.61;12.30;12.54;3197794;39900776.00
20121031;12.54;12.70;12.41;12.65;2962034;37260020.00
20121101;12.69;12.92;12.53;12.86;6717941;85339728.00
20121102;12.80;12.81;12.45;12.56;9976477;125968824.00
20121105;12.64;13.28;12.57;13.27;18063345;235143536.00
20121106;13.13;13.13;12.77;12.97;12236724;158363632.00
20121107;12.97;13.22;12.91;13.00;10622236;138601568.00
20121108;12.78;12.78;12.34;12.36;9105278;114408936.00
20121109;12.33;12.45;12.25;12.39;3820182;47187848.00
20121112;12.50;12.53;12.32;12.52;3362703;41869000.00
20121113;12.50;12.50;12.15;12.15;4011835;49360288.00
20121114;12.19;12.28;12.05;12.25;2456468;29965772.00
20121115;12.22;12.22;11.81;11.83;3432662;41332064.00
20121116;11.81;11.81;11.17;11.44;6439822;73810152.00
20121119;11.45;11.55;11.25;11.55;2751171;31308388.00
20121120;11.63;11.68;11.35;11.42;2910364;33533376.00
20121121;11.41;11.71;11.31;11.68;3097027;35800456.00
20121122;11.61;11.61;11.30;11.42;3640249;41548048.00
20121123;11.43;11.66;11.40;11.47;2725143;31414800.00
20121126;11.55;11.55;11.22;11.23;2523237;28600484.00
20121127;11.18;11.18;10.73;10.74;5159015;56174404.00
20121128;10.64;10.65;10.37;10.44;4791126;50264000.00
20121129;10.49;10.59;10.20;10.23;3151146;32725844.00
20121130;10.23;10.43;10.20;10.38;2968927;30706304.00
20121203;10.37;10.46;9.98;10.01;3767527;38461080.00
20121204;10.04;10.36;9.90;10.28;3639928;36763840.00
20121205;10.20;10.87;10.18;10.67;7831669;83510424.00
20121206;10.63;10.69;10.45;10.56;6051957;63913632.00
20121207;10.53;11.15;10.49;10.94;11065477;120502672.00
20121210;10.93;11.15;10.85;11.07;9144039;100753456.00
20121211;11.01;11.34;10.79;11.11;13950733;154132064.00
20121212;11.02;11.13;10.80;10.97;7326599;80262080.00
20121213;10.87;11.01;10.73;10.75;4377239;47483728.00
20121214;10.75;11.38;10.74;11.32;13827032;154558608.00
20121217;11.36;12.13;11.32;11.70;19287864;226833504.00
20121218;11.62;11.94;11.51;11.65;10901729;127649472.00
20121219;11.65;12.00;11.65;11.88;10901482;129022360.00
20121220;11.88;12.33;11.62;12.31;14789470;177108576.00
20121221;12.52;13.54;12.52;13.05;54183501;717104320.00
20121224;13.13;13.28;12.85;13.20;28874639;377131936.00
20121225;13.02;13.78;12.90;13.51;31126188;415749632.00
20121226;13.45;13.60;13.28;13.41;18806718;251951424.00
20121227;13.60;14.04;13.15;13.16;25346679;343613024.00
20121228;13.10;13.40;13.03;13.38;15859792;209372640.00
20121231;13.37;13.46;13.05;13.32;15938285;212154848.00
20130104;13.50;13.65;13.04;13.17;15142406;201124096.00
20130107;13.10;13.48;13.05;13.29;11454386;151917824.00
20130108;13.23;13.30;13.03;13.16;11547302;151572528.00
20130109;13.13;14.10;13.07;14.08;31948116;433772992.00
20130110;14.00;14.15;13.63;13.82;24342231;338107264.00
20130111;13.73;13.89;13.18;13.21;15555681;210229408.00
20130114;13.00;13.75;12.90;13.62;16048853;215950448.00
20130115;13.55;13.96;13.50;13.86;18576867;256870176.00
20130116;13.82;14.38;13.63;13.94;21986057;307625216.00
20130117;13.80;13.95;13.42;13.53;13537386;184761536.00
20130118;13.71;13.92;13.55;13.75;14704337;202579184.00
20130121;13.82;14.38;13.77;14.16;24694673;349077856.00
20130122;14.17;14.17;13.58;13.71;16230139;224925216.00
20130123;13.72;13.85;13.18;13.56;14121918;190669712.00
20130124;13.51;13.80;13.02;13.15;15632065;210167760.00
20130125;13.13;13.32;13.02;13.09;7897025;103945072.00
20130128;13.15;13.54;13.12;13.51;9754802;130124544.00
20130129;13.49;13.94;13.49;13.80;14551239;200861488.00
20130130;13.84;14.18;13.62;13.84;12507213;173770144.00
20130131;13.90;14.22;13.65;13.97;20240013;283775200.00
20130201;13.93;14.02;13.70;14.00;12163396;168620944.00
20130204;14.15;15.36;14.00;15.13;41057337;604135360.00
20130205;14.96;15.60;14.72;15.20;35581392;542652928.00
20130206;15.09;15.35;14.90;15.23;16257327;245637088.00
20130207;15.12;15.25;14.80;14.86;12838002;192140672.00
20130208;14.81;15.13;14.80;14.92;10709077;160572928.00
20130218;14.86;14.96;14.50;14.51;12681818;185770448.00
20130219;14.50;14.69;13.96;14.01;13215151;188092592.00
20130220;14.02;14.21;13.91;14.20;8443688;118895760.00
20130221;14.05;14.05;13.03;13.33;15486031;208068576.00
20130222;13.23;13.39;13.15;13.19;7097004;94143552.00
20130225;13.13;13.45;13.13;13.23;5569163;73845840.00
20130226;13.13;13.19;12.87;12.88;8936436;116258152.00
20130227;12.94;13.28;12.94;13.27;7141557;93741280.00
20130228;13.36;13.65;13.21;13.63;10791734;145253008.00
20130301;13.62;13.62;13.23;13.39;10037143;134486160.00
20130304;13.10;13.10;12.10;12.31;14960342;188486080.00
20130305;12.34;12.50;12.24;12.46;7481133;92668144.00
20130306;12.60;12.69;12.30;12.55;9240518;115083304.00
20130307;12.41;13.18;12.30;12.92;16072650;206485232.00
20130308;12.89;12.95;12.51;12.73;7810436;99432968.00
20130311;12.66;12.66;12.39;12.54;4546278;56866808.00
20130312;12.50;12.78;12.12;12.31;6462244;80323424.00
20130313;12.34;12.55;12.26;12.42;5139356;63717508.00
20130314;12.35;12.72;12.28;12.59;6045505;75513664.00
20130315;12.57;12.77;12.31;12.42;6751155;84515152.00
20130318;12.32;12.38;11.80;11.82;8475002;101619184.00
20130319;11.86;12.05;11.73;11.96;4186696;49817456.00
20130320;11.91;12.36;11.90;12.31;6323695;77223512.00
20130321;12.32;12.54;12.21;12.34;6903526;85392256.00
20130322;12.30;12.41;12.22;12.37;4415931;54415916.00
20130325;12.41;12.47;12.25;12.33;4189596;51713804.00
20130326;12.24;12.29;11.85;11.95;5762821;68999688.00
20130327;11.96;12.07;11.74;11.92;4483342;53479952.00
20130328;11.79;11.79;11.26;11.42;7492435;86008288.00
20130329;11.50;11.54;11.28;11.31;3774543;43086364.00
20130401;11.28;11.52;11.25;11.50;2949570;33690476.00
20130402;11.50;11.63;11.10;11.28;5475172;62194844.00
20130403;11.30;11.40;11.21;11.31;2991495;33897272.00
20130408;11.10;11.19;10.97;11.18;3868898;42792628.00
20130409;11.23;11.42;11.20;11.33;4112751;46488104.00
20130410;11.23;11.52;11.17;11.49;6331775;71850392.00
20130411;11.50;11.53;11.08;11.13;5697598;64314060.00
20130412;11.10;11.16;10.87;10.90;5347593;58893448.00
20130415;10.76;10.78;10.36;10.40;7441431;78023696.00
20130416;10.25;10.57;10.15;10.45;7262277;75316008.00
20130417;10.43;10.48;10.19;10.24;6327430;65282500.00
20130418;10.20;10.45;10.12;10.33;6794735;70057872.00
20130419;10.31;10.72;10.31;10.65;11405615;120639592.00
20130422;10.55;10.60;10.41;10.52;8309238;87353224.00
20130423;10.58;10.58;10.00;10.05;11335577;115402008.00
20130424;10.08;10.30;9.97;10.24;9530440;96420544.00
20130425;10.17;10.19;9.90;9.95;11620003;116366424.00
20130426;10.01;10.07;9.84;9.86;8369217;83468816.00
20130502;9.82;9.84;9.60;9.72;6242188;60593912.00
20130503;9.77;10.10;9.76;9.96;7883848;78803312.00
20130506;10.10;10.28;10.05;10.21;8747920;89076576.00
20130507;10.18;10.48;10.08;10.35;10876712;112232056.00
20130508;10.35;10.45;10.18;10.27;7716969;79410664.00
20130509;10.30;10.38;9.96;10.01;9780260;98718704.00
20130510;9.91;10.30;9.87;10.30;9159628;92671992.00
20130513;10.30;10.37;10.10;10.14;7328295;74655632.00
20130514;10.13;10.14;9.92;10.02;5613768;56174108.00
20130515;9.97;10.11;9.97;10.07;4659746;46803704.00
20130516;9.99;10.44;9.98;10.41;13056644;134129024.00
20130517;10.39;11.20;10.31;11.03;22047755;236072624.00
20130520;10.96;11.03;10.73;10.85;17889966;194600832.00
20130521;10.81;11.09;10.78;10.91;12678410;138534992.00
20130522;10.88;11.03;10.75;10.90;11297310;122962160.00
20130523;10.82;10.89;10.59;10.60;10505302;112637888.00
20130524;10.60;10.75;10.53;10.65;7719809;81998760.00
20130527;10.58;10.73;10.50;10.56;7002496;74101392.00
20130528;10.55;10.97;10.39;10.95;15947569;171359152.00
20130529;10.95;10.96;10.77;10.80;9964783;108365232.00
20130530;10.73;11.09;10.69;10.97;13171582;143818352.00
20130531;10.96;11.00;10.70;10.72;10668211;115951264.00
20130603;10.69;11.00;10.60;10.81;8394616;90947888.00
20130604;10.80;10.80;10.46;10.54;7451796;78887432.00
20130605;10.51;10.59;10.36;10.50;4416186;46305728.00
20130606;10.46;10.64;10.30;10.33;5930394;62183488.00
20130607;10.32;10.40;9.91;9.93;8512906;86037264.00
20130613;9.84;9.84;9.29;9.38;8578029;80981928.00
20130614;9.37;9.45;9.29;9.38;5746329;53835576.00
20130617;9.38;9.44;9.01;9.13;7269027;66794712.00
20130618;9.15;9.25;9.07;9.16;3925715;35936144.00
20130619;9.14;9.34;8.84;9.28;8960534;81511456.00
20130620;9.10;9.15;8.90;8.93;5450791;49167040.00
20130621;8.80;9.13;8.72;9.03;6387520;57416008.00
20130624;9.00;9.00;8.23;8.30;8039444;69060960.00
20130625;8.25;8.38;7.63;8.07;8619342;69104336.00
20130626;8.09;8.20;7.82;8.07;7615016;60854984.00
20130627;7.85;8.06;7.71;7.75;6889547;54238904.00
20130628;7.67;8.23;7.46;7.93;8199315;64464820.00
20130701;7.81;7.95;7.71;7.84;5080835;39770808.00
20130702;7.86;7.92;7.69;7.82;5080460;39562992.00
20130703;7.86;7.95;7.70;7.91;7875726;61930404.00
20130704;7.79;8.34;7.66;8.14;13452011;108437824.00
20130705;8.08;8.23;8.01;8.06;7750260;62825236.00
20130708;7.90;7.90;7.52;7.53;6891716;53000016.00
20130709;7.45;7.74;7.45;7.58;4200699;31918108.00
20130710;7.59;7.98;7.55;7.92;7727275;60329184.00
20130711;7.95;8.41;7.92;8.28;13805818;113207848.00
20130712;8.20;8.29;8.00;8.01;8336358;67690176.00
20130715;7.98;8.20;7.96;8.06;6649745;53688004.00
20130716;8.05;8.11;7.95;8.08;5522796;44346820.00
20130717;8.09;8.33;8.01;8.03;10788100;88286064.00
20130718;8.00;8.06;7.80;7.82;6418403;50644616.00
20130719;7.82;7.97;7.49;7.50;6140463;47573004.00
20130722;7.50;7.58;7.37;7.54;5153930;38429528.00
20130723;7.56;7.80;7.52;7.73;6780562;52297560.00
20130724;7.70;7.75;7.48;7.58;5988892;45449184.00
20130725;7.56;7.80;7.54;7.61;6713889;51504384.00
20130726;7.55;7.59;7.46;7.50;3751519;28202890.00
20130729;7.45;7.47;7.38;7.39;4286787;31790898.00
20130730;7.45;7.61;7.43;7.53;4355802;32776478.00
20130731;7.51;7.68;7.51;7.68;5430144;41243636.00
20130801;7.70;8.45;7.66;8.31;29600492;245254208.00
20130802;8.12;8.38;8.11;8.18;20629985;169549216.00
20130805;8.13;8.26;8.08;8.20;10647246;87111488.00
20130806;8.17;8.22;7.97;8.19;12860687;104344184.00
20130807;8.18;8.42;8.05;8.20;17897850;147462784.00
20130808;8.14;8.26;8.08;8.11;6981063;56916016.00
20130809;8.18;8.37;8.12;8.26;11937888;98460200.00
20130812;8.30;9.08;8.30;9.07;33123400;289720928.00
20130813;8.98;8.98;8.75;8.86;18412509;163180128.00
20130814;8.88;9.13;8.67;8.72;17999586;160282656.00
20130815;8.67;8.78;8.54;8.56;8430495;72860424.00
20130816;8.55;9.28;8.50;8.77;16456405;143740400.00
20130819;8.63;8.80;8.42;8.70;10341279;89051280.00
20130820;8.63;8.76;8.42;8.48;8799350;75617648.00
20130821;8.55;8.77;8.44;8.67;8938887;77171920.00
20130822;8.63;8.68;8.50;8.54;6187998;53137568.00
20130823;8.62;8.80;8.35;8.47;9742835;83660360.00
20130826;8.42;8.68;8.42;8.64;7353916;63290136.00
20130827;8.64;8.80;8.60;8.73;7401304;64456860.00
20130828;8.68;8.98;8.61;8.86;14209601;125582224.00
20130829;8.77;8.85;8.58;8.60;8662905;75326200.00
20130830;8.60;8.65;8.39;8.50;8110242;69058392.00
20130902;8.50;8.65;8.40;8.57;5168826;43996240.00
20130903;8.62;8.75;8.51;8.73;8534936;74008408.00
20130904;8.71;9.00;8.66;8.83;13579732;120318928.00
20130905;8.83;8.83;8.59;8.66;6650065;57721136.00
20130906;8.65;8.79;8.60;8.67;4949409;42952608.00
20130909;8.67;8.97;8.67;8.88;11159206;98706696.00
20130910;8.89;9.19;8.87;9.12;16937949;153288784.00
20130911;9.12;9.39;9.06;9.14;17024429;157213408.00
20130912;9.10;9.17;8.94;9.05;9897217;89418472.00
20130913;9.01;9.07;8.73;8.84;9607175;85146296.00
20130916;8.88;8.94;8.76;8.82;5399645;47617224.00
20130917;8.88;8.88;8.45;8.47;7973467;68635072.00
20130918;8.49;8.57;8.38;8.51;4742994;40146528.00
20130923;8.53;8.65;8.51;8.61;5045446;43322364.00
20130924;8.62;8.62;8.36;8.44;6879593;58278940.00
20130925;8.39;8.53;8.38;8.44;4832663;40823516.00
20130926;8.46;8.49;8.28;8.29;5133094;42980648.00
20130927;8.30;8.55;8.30;8.49;5993548;50822868.00
20130930;8.46;8.55;8.43;8.50;3171491;26909968.00
20131008;8.50;8.56;8.34;8.53;4971724;42058312.00
20131009;8.53;8.53;8.40;8.47;4582018;38721084.00
20131010;8.44;8.44;8.12;8.29;9566462;79360240.00
20131011;8.32;8.40;8.27;8.34;5919617;49390800.00
20131014;8.35;8.58;8.34;8.52;8515773;72342144.00
20131015;8.52;8.64;8.46;8.51;7929924;67718560.00
20131016;8.50;8.57;8.27;8.43;6302546;52842100.00
20131017;8.45;8.86;8.35;8.56;14421106;124160120.00
20131018;8.47;8.55;8.41;8.47;5534017;46834936.00
20131021;8.47;8.61;8.35;8.52;8968088;76275280.00
20131022;8.54;8.80;8.48;8.71;14874340;128572464.00
20131023;8.71;8.85;8.57;8.66;11174566;97183352.00
20131024;8.55;8.60;8.33;8.34;7238121;61045548.00
20131025;8.42;8.42;8.08;8.11;5920806;48713556.00
20131028;8.15;8.16;7.80;7.88;5665678;45007592.00
20131029;7.93;8.09;7.60;7.78;6063554;47448040.00
20131030;7.83;7.95;7.74;7.87;4362876;34234384.00
20131031;7.80;7.84;7.72;7.78;4282871;33281312.00
20131101;7.83;7.90;7.76;7.86;3949959;30945776.00
20131104;7.87;7.93;7.82;7.84;2968137;23335588.00
20131105;7.81;7.82;7.67;7.81;3953257;30606670.00
20131106;7.76;8.02;7.74;7.87;7184308;56528352.00
20131107;7.82;7.94;7.75;7.83;4574041;35894724.00
20131108;7.79;7.82;7.61;7.64;4525413;34813860.00
20131111;7.63;7.73;7.57;7.68;2641247;20225940.00
20131112;7.68;7.88;7.65;7.85;4731604;36825896.00
20131113;7.82;7.83;7.65;7.68;3897522;30195380.00
20131114;7.73;7.85;7.73;7.78;4339766;33831452.00
20131115;7.78;7.97;7.74;7.89;7432963;58738704.00
20131118;7.89;8.13;7.89;8.12;8592126;68985864.00
20131119;8.14;8.15;7.98;8.04;6301677;50698500.00
20131120;8.09;8.12;7.96;8.06;3921270;31491244.00
20131121;8.04;8.27;8.01;8.17;11018285;90107440.00
20131122;8.19;8.27;8.06;8.09;5801845;47403480.00
20131125;8.05;8.09;7.96;7.97;5746023;46104764.00
20131126;7.96;8.03;7.87;7.93;4374563;34688452.00
20131127;7.92;8.07;7.91;8.05;5472593;43825328.00
20131128;8.19;8.51;8.19;8.39;19451695;163435568.00
20131129;8.35;8.36;8.22;8.28;8162500;67529792.00
20131202;8.17;8.26;7.88;8.01;9879318;79763616.00
20131203;7.94;8.15;7.94;8.13;5543535;44817888.00
20131204;8.14;8.29;8.08;8.23;9465929;77745568.00
20131205;8.23;8.38;8.19;8.23;6565291;54261064.00
20131206;8.26;8.26;8.16;8.20;3968044;32511992.00
20131209;8.24;8.25;8.00;8.13;5521820;45073584.00
20131210;8.19;8.22;8.07;8.11;4277131;34784336.00
20131211;8.09;8.10;7.85;7.91;6885062;54632580.00
20131212;7.88;7.93;7.82;7.87;3859807;30418452.00
20131213;7.81;7.88;7.78;7.80;4995413;39062412.00
20131216;7.83;7.85;7.66;7.68;5064999;39172300.00
20131217;7.69;7.74;7.66;7.69;3065536;23574912.00
20131218;7.70;7.73;7.67;7.71;2632595;20280832.00
20131219;7.77;7.81;7.67;7.67;3494346;27027880.00
20131220;7.70;7.71;7.43;7.43;4873709;36772864.00
20131223;7.41;7.48;7.29;7.37;3609717;26583596.00
20131224;7.40;7.48;7.32;7.46;5337354;39460072.00
20131225;7.46;7.46;7.31;7.38;4605708;33934472.00
20131226;7.43;7.43;7.05;7.15;8102367;58148824.00
20131227;7.14;7.20;7.04;7.16;6137014;43820868.00
20131230;7.17;7.19;7.08;7.09;3686387;26236036.00
20131231;7.07;7.37;7.00;7.21;7063622;50694376.00
20140102;7.17;7.18;7.02;7.08;6630717;46957992.00
20140103;7.07;7.15;6.98;7.00;4800584;33697788.00
20140106;6.97;6.98;6.61;6.62;7841246;52642320.00
20140107;6.63;6.63;6.49;6.54;5369444;35245716.00
20140108;6.56;6.61;6.40;6.44;5356198;34748224.00
20140109;6.41;6.52;6.37;6.39;4997929;32210276.00
20140110;6.39;6.45;6.29;6.42;5175754;32977344.00
20140113;6.42;6.55;6.37;6.45;4199781;27109060.00
20140114;6.46;6.52;6.36;6.51;3500835;22571752.00
20140115;6.50;6.50;6.36;6.41;3425524;21957366.00
20140116;6.42;6.57;6.36;6.48;5400465;34956620.00
20140117;6.47;6.47;6.25;6.26;5240364;33201218.00
20140120;6.19;6.33;6.18;6.26;3230691;20159520.00
20140121;6.29;6.34;6.23;6.31;3416969;21498496.00
20140122;6.35;6.50;6.30;6.50;5864644;37740168.00
20140123;6.48;6.54;6.41;6.43;3584106;23117982.00
20140124;6.43;6.58;6.41;6.47;5127796;33326840.00
20140127;6.43;6.54;6.32;6.46;6033254;38732908.00
20140128;6.45;6.49;6.38;6.39;3535807;22737796.00
20140129;6.39;6.44;6.31;6.33;3800206;24194506.00
20140130;6.32;6.38;6.27;6.28;2885699;18257436.00
20140207;6.28;6.33;6.22;6.33;2771846;17387136.00
20140210;6.33;6.50;6.31;6.49;6707973;43230984.00
20140211;6.50;6.73;6.44;6.68;12403964;81966320.00
20140212;6.65;6.65;6.54;6.61;7423062;48914888.00
20140213;6.61;6.68;6.52;6.53;7326717;48394828.00
20140214;6.51;6.63;6.48;6.59;4738207;31024010.00
20140217;6.59;6.71;6.55;6.70;9747833;64778996.00
20140218;6.69;6.69;6.55;6.57;6760931;44652472.00
20140219;6.58;6.71;6.55;6.69;6913400;45910044.00
20140220;6.66;6.79;6.65;6.67;11630253;78235464.00
20140221;6.68;6.68;6.44;6.48;7069212;46329344.00
20140224;6.44;6.44;6.19;6.19;8111578;50725408.00
20140225;6.21;6.27;6.02;6.03;6783056;41748488.00
20140226;6.02;6.03;5.93;6.01;5655867;33839368.00
20140227;6.01;6.04;5.81;5.82;6272873;37230264.00
20140228;5.81;5.92;5.76;5.91;4825670;28189962.00
20140303;5.88;5.94;5.84;5.90;4627554;27226660.00
20140304;5.89;5.89;5.70;5.75;6350930;36641036.00
20140305;5.75;5.97;5.72;5.84;6957188;40720000.00
20140306;5.80;5.88;5.73;5.83;5002618;29001824.00
20140307;5.85;5.88;5.75;5.77;4176704;24236906.00
20140310;5.72;5.72;5.38;5.38;7731316;42900412.00
20140311;5.40;5.57;5.35;5.50;5374859;29355392.00
20140312;5.45;5.64;5.45;5.57;6069104;33686256.00
20140313;5.52;5.81;5.50;5.67;8541692;48461656.00
20140314;5.63;5.63;5.53;5.57;3932212;21940096.00
20140317;5.61;5.78;5.55;5.74;5622655;31916982.00
20140318;5.74;5.77;5.67;5.69;3583733;20431628.00
20140319;5.68;5.77;5.60;5.74;4153821;23609588.00
20140320;5.73;5.73;5.55;5.56;3743256;21177304.00
20140321;5.53;6.03;5.48;5.92;16443232;95459080.00
20140324;5.88;6.06;5.83;6.00;13567270;80726832.00
20140325;5.96;6.05;5.91;5.97;7359869;43890656.00
20140326;5.96;6.02;5.85;5.88;5145795;30374212.00
20140327;5.88;5.99;5.81;5.82;5615834;33031752.00
20140328;5.82;5.89;5.73;5.74;4758767;27660176.00
20140331;5.75;5.86;5.74;5.79;3892390;22525752.00
20140401;5.78;5.86;5.76;5.85;3363029;19589292.00
20140402;5.87;5.95;5.85;5.92;6056229;35753144.00
20140403;5.95;5.95;5.74;5.78;4553592;26554350.00
20140404;5.76;5.87;5.75;5.83;2926719;17032284.00
20140408;5.83;6.01;5.80;5.97;9857192;58649264.00
20140409;5.96;5.99;5.91;5.95;5175733;30761968.00
20140410;5.93;6.05;5.90;6.00;9518595;56906024.00
20140411;5.96;5.98;5.90;5.91;5618326;33362136.00
20140414;5.92;6.02;5.90;5.97;4705474;28045210.00
20140415;5.96;5.97;5.82;5.82;5009597;29448548.00
20140416;5.80;5.90;5.78;5.84;3460077;20193188.00
20140417;5.85;5.85;5.70;5.71;5018749;28903144.00
20140418;5.70;5.76;5.65;5.71;3876876;22158008.00
20140421;5.71;5.73;5.55;5.56;4163519;23495364.00
20140422;5.55;5.61;5.51;5.60;4131789;22978844.00
20140423;5.58;5.66;5.55;5.58;2939356;16447041.00
20140424;5.60;5.65;5.52;5.61;3193734;17906076.00
20140425;5.59;5.61;5.48;5.50;2933126;16261935.00
20140428;5.42;5.45;5.26;5.26;5252405;28003132.00
20140429;5.26;5.40;5.23;5.38;3756720;20092612.00
20140430;5.37;5.40;5.33;5.34;2331929;12493627.00
20140505;5.31;5.38;5.19;5.37;3772631;19879076.00
20140506;5.36;5.42;5.32;5.37;4635766;24896288.00
20140507;5.34;5.37;5.29;5.31;3034207;16165624.00
20140508;5.29;5.59;5.27;5.46;8588939;47068532.00
20140509;5.44;5.66;5.42;5.65;11544008;64231940.00
20140512;5.65;6.22;5.56;6.22;27075389;163543424.00
20140513;6.30;6.46;6.01;6.12;32419246;202758752.00
20140514;6.04;6.19;5.90;6.04;16035051;96980920.00
20140515;5.99;6.00;5.68;5.74;17373514;101100792.00
20140516;5.71;5.84;5.67;5.77;8046626;46370208.00
20140519;5.74;5.74;5.56;5.65;6802661;38265528.00
20140520;5.69;5.72;5.52;5.54;6636605;37199080.00
20140521;5.54;5.81;5.49;5.70;10333239;58878884.00
20140522;5.66;5.72;5.57;5.61;6691955;37810960.00
20140523;5.58;5.65;5.55;5.62;3501299;19571126.00
20140526;5.65;5.73;5.58;5.64;5607778;31640432.00
20140527;5.62;5.75;5.55;5.72;7105285;40029112.00
20140528;5.70;5.89;5.69;5.79;13482537;77909592.00
20140529;5.74;5.77;5.60;5.60;6994745;39712388.00
20140530;5.61;5.65;5.52;5.55;6085047;33975068.00
20140603;5.55;5.65;5.53;5.54;4899306;27389174.00
20140604;5.55;5.58;5.43;5.45;4666742;25644184.00
20140605;5.46;5.50;5.40;5.49;3189582;17368484.00
20140606;5.50;5.50;5.40;5.44;2858784;15560351.00
20140609;5.45;5.47;5.36;5.37;3815806;20630460.00
20140610;5.39;5.52;5.37;5.49;5158655;28111928.00
20140611;5.46;5.51;5.45;5.47;3391582;18573332.00
20140612;5.48;5.52;5.43;5.45;3832350;20971824.00
20140613;5.45;5.55;5.43;5.50;8205493;45025284.00
20140616;5.50;5.55;5.46;5.52;6358108;34987848.00
20140617;5.50;5.52;5.46;5.47;3513485;19269956.00
20140618;5.47;5.52;5.38;5.45;6468370;35153468.00
20140619;5.44;5.46;5.37;5.46;9758572;52762672.00
20140620;5.47;5.67;5.45;5.60;15901055;88197856.00
20140623;5.57;5.68;5.48;5.63;13507608;75477200.00
20140624;5.61;5.68;5.53;5.62;9599924;53799408.00
20140625;5.62;5.76;5.52;5.59;11285256;63811872.00
20140626;5.59;5.61;5.51;5.58;7002053;39014432.00
20140627;5.59;5.64;5.56;5.58;6799251;38038280.00
20140630;5.60;5.67;5.56;5.63;5674160;31864556.00
20140701;5.64;5.71;5.60;5.68;6118488;34619516.00
20140702;5.72;5.83;5.63;5.77;9890278;56706860.00
20140703;5.74;5.79;5.71;5.75;6087474;34986208.00
20140704;5.65;5.65;5.53;5.56;5102431;28455212.00
20140707;5.55;5.64;5.50;5.60;6165853;34282124.00
20140708;5.59;5.60;5.50;5.55;4845959;26883722.00
20140709;5.54;5.57;5.45;5.46;5433382;29957694.00
20140710;5.46;5.53;5.41;5.43;5219355;28563220.00
20140711;5.46;5.57;5.43;5.51;4767765;26257536.00
20140714;5.51;5.60;5.50;5.60;5737401;31873020.00
20140715;5.60;5.67;5.58;5.65;8661662;48777848.00
20140716;5.63;5.68;5.60;5.61;5446624;30677152.00
20140717;5.68;5.68;5.54;5.58;4787797;26816936.00
20140718;5.59;5.66;5.57;5.62;4741691;26651258.00
20140721;5.62;5.62;5.53;5.56;3746004;20863620.00
20140722;5.56;5.76;5.53;5.69;12480669;70948264.00
20140723;5.74;5.80;5.67;5.70;9090533;52077892.00
20140724;5.75;5.93;5.68;5.89;21355255;124751504.00
20140725;5.87;6.17;5.84;6.14;26500498;159894896.00
20140728;6.20;6.51;6.13;6.30;34184647;215984064.00
20140729;6.30;6.31;6.17;6.23;21227507;131934152.00
20140730;6.16;6.36;6.16;6.21;15373081;96080160.00
20140731;6.22;6.36;6.17;6.34;16275326;101671232.00
20140801;6.29;6.54;6.23;6.30;26856167;171286704.00
20140804;6.26;6.49;6.23;6.45;21764636;138732768.00
20140805;6.47;6.70;6.37;6.43;26962113;175989072.00
20140806;6.34;6.45;6.25;6.39;16858033;106781256.00
20140807;6.39;6.43;6.14;6.18;21409303;134378768.00
20140808;6.16;6.22;6.13;6.16;10425158;64343904.00
20140811;6.20;6.27;6.14;6.24;9847640;61360512.00
20140812;6.24;6.28;6.15;6.19;8593999;53212520.00
20140813;6.24;6.44;6.16;6.37;19494330;122734272.00
20140814;6.31;6.36;6.17;6.20;12116054;76067208.00
20140815;6.19;6.35;6.18;6.32;10990159;68962656.00
20140818;6.30;6.42;6.30;6.35;9765596;61972312.00
20140819;6.36;6.53;6.35;6.43;16322512;105223488.00
20140820;6.40;6.44;6.33;6.37;9566453;60896168.00
20140821;6.35;6.38;6.22;6.28;9277388;58354240.00
20140822;6.28;6.33;6.22;6.31;7477775;46931728.00
20140825;6.31;6.33;6.18;6.19;7061051;43966080.00
20140826;6.18;6.24;6.03;6.06;8170534;50092200.00
20140827;6.07;6.10;6.04;6.07;4928334;29882896.00
20140828;6.09;6.18;6.04;6.05;6275099;38263096.00
20140829;6.05;6.10;6.02;6.09;4085904;24747510.00
20140901;6.10;6.15;6.07;6.15;5108443;31242408.00
20140902;6.15;6.27;6.13;6.27;10422875;64664056.00
20140903;6.26;6.41;6.25;6.33;14365780;90958920.00
20140904;6.36;6.38;6.28;6.37;9748825;61721844.00
20140905;6.37;6.42;6.33;6.39;13789012;88123232.00
20140909;6.39;6.46;6.32;6.41;12793737;81608808.00
20140910;6.36;6.37;6.29;6.35;9514175;60230372.00
20140911;6.32;6.46;6.31;6.35;14239616;90977664.00
20140912;6.35;6.44;6.32;6.43;11295764;72167232.00
20140915;6.45;6.68;6.44;6.62;21512003;141708240.00
20140916;6.62;6.65;6.31;6.38;20214484;132288832.00
20140917;6.37;6.43;6.30;6.40;9982850;63571688.00
20140918;6.38;6.55;6.34;6.54;15538336;100727872.00
20140919;6.54;6.69;6.46;6.68;17329118;114135112.00
20140922;6.70;6.86;6.60;6.68;29361837;197518448.00
20140923;6.65;6.90;6.63;6.80;21389612;145276832.00
20140924;6.79;7.11;6.75;7.07;31620349;219342064.00
20140925;7.15;7.15;6.85;6.90;24874301;173153568.00
20140926;6.85;6.87;6.75;6.78;17733875;120663184.00
20140929;6.82;6.94;6.74;6.91;15985756;109239704.00
20140930;7.02;7.17;6.94;6.96;31299863;220867344.00
20141008;6.92;6.98;6.83;6.95;13306599;91902928.00
20141009;6.95;7.03;6.78;6.98;19962612;138011968.00
20141010;7.04;7.13;6.90;6.91;17511545;122753056.00
20141013;6.92;7.15;6.82;7.13;20765134;145338976.00
20141014;7.05;7.10;6.95;7.04;14512808;102137680.00
20141015;7.00;7.03;6.84;6.97;9807481;68121640.00
20141016;6.95;7.01;6.80;6.81;10558163;72927104.00
20141017;6.81;6.88;6.60;6.65;12236271;82182808.00
20141020;6.66;6.73;6.66;6.71;4734937;31691368.00
20141021;6.72;6.75;6.57;6.58;7176994;47798528.00
20141022;6.60;6.65;6.45;6.47;6132156;40164788.00
20141023;6.45;6.52;6.39;6.40;7007685;45209648.00
20141024;6.41;6.45;6.35;6.36;4511129;28908600.00
20141027;6.37;6.43;6.35;6.40;3972607;25402200.00
20141028;6.43;6.56;6.42;6.55;6440364;41867924.00
20141029;6.55;6.67;6.51;6.65;9545053;63044696.00
20141030;6.63;6.77;6.60;6.67;11478310;76762600.00
20141031;6.67;6.93;6.62;6.79;15783283;107119112.00
20141103;6.80;6.91;6.79;6.87;16846349;115242080.00
20141104;6.84;7.05;6.77;6.98;25693813;178534048.00
20141105;6.98;6.98;6.80;6.80;18312205;125856736.00
20141106;6.79;7.12;6.75;7.10;26123311;181040016.00
20141107;7.02;7.08;6.80;6.86;21245044;148142528.00
20141110;6.89;7.01;6.85;6.99;13461237;93476824.00
20141111;6.99;7.23;6.82;6.89;26922066;189299200.00
20141112;6.86;7.16;6.80;7.14;25046322;176418960.00
20141113;7.15;7.23;6.98;7.09;20113359;142888128.00
20141114;7.08;7.16;7.00;7.04;16520005;116792840.00
20141117;7.08;7.21;6.97;7.00;18912838;133702256.00
20141118;6.97;7.03;6.84;6.88;12612207;86996232.00
20141119;6.88;6.93;6.84;6.91;6130052;42204600.00
20141120;6.89;6.95;6.83;6.84;7907647;54447392.00
20141121;6.83;6.87;6.74;6.86;13846040;94203496.00
20141124;6.92;7.44;6.89;7.32;58151198;420102016.00
20141125;7.31;7.42;7.22;7.41;40060371;293692192.00
20141126;7.36;7.49;7.28;7.44;31334587;231119472.00
20141127;7.44;7.75;7.40;7.53;40159158;303386464.00
20141128;7.59;7.59;7.28;7.46;29233255;216936704.00
20141201;7.40;7.84;7.40;7.59;37799756;288998816.00
20141202;7.57;7.72;7.42;7.68;26785843;202940688.00
20141203;7.66;8.11;7.61;7.86;42450091;334179360.00
20141204;7.91;8.63;7.90;8.47;64780121;535340416.00
20141205;8.46;8.55;7.68;8.05;51272019;419807360.00
20141208;7.98;8.32;7.75;8.18;29965073;242917792.00
20141209;8.08;8.40;7.68;7.75;42838455;348157728.00
20141210;7.77;8.18;7.71;8.09;30737772;242638064.00
20141211;8.00;8.24;7.94;8.15;21771867;176614176.00
20141212;8.15;8.23;7.95;8.08;19249959;155510304.00
20141215;8.04;8.18;7.87;8.17;20236153;162452960.00
20141216;8.21;8.99;8.20;8.76;84405294;733187456.00
20141217;8.54;8.76;8.43;8.61;50100269;428377312.00
20141218;8.58;8.90;8.50;8.57;38026556;331188608.00
20141219;8.48;8.85;8.36;8.76;40399743;349821280.00
20141222;8.79;9.49;8.79;9.07;63759096;580680704.00
20141223;8.96;8.96;8.27;8.41;27873621;238849824.00
20141224;8.49;8.54;8.25;8.51;19409506;163129888.00
20141225;8.56;8.70;8.40;8.70;21451416;183900336.00
20141226;8.85;9.02;8.73;8.91;31432672;278943680.00
20141230;8.94;8.94;8.44;8.48;24688490;212710016.00
20141231;8.50;8.65;8.30;8.60;22084915;187978864.00
20150105;8.61;9.46;8.54;9.46;73377373;677873216.00
20150106;9.46;9.73;8.98;9.09;57250808;529702976.00
20150107;8.98;9.21;8.80;9.09;30937925;279014048.00
20150108;9.04;9.24;8.81;8.89;24034789;216306832.00
20150109;8.85;9.02;8.74;8.76;19889364;176683040.00
20150112;8.66;8.68;8.40;8.41;19801804;168625872.00
20150113;8.41;8.53;8.31;8.39;12721051;107001680.00
20150114;8.40;8.44;8.18;8.20;12762628;105721360.00
20150115;8.21;8.59;8.15;8.48;11300860;93970408.00
20150116;8.58;8.70;8.41;8.55;24957944;213878688.00
20150119;8.17;8.24;7.70;7.71;26526500;211746848.00
20150120;7.70;7.96;7.70;7.88;14273742;112208320.00
20150121;7.83;8.18;7.83;8.12;21355491;172186512.00
20150122;8.13;8.69;8.08;8.38;41951483;353075712.00
20150123;8.40;8.46;8.25;8.37;13703088;114392128.00
20150126;8.29;8.45;8.21;8.44;11333632;94861992.00
20150127;8.44;8.47;8.17;8.31;15152088;126145600.00
20150128;8.30;8.32;8.16;8.21;7956186;65601688.00
20150129;8.14;8.35;8.06;8.19;8367558;68926880.00
20150130;8.19;8.27;8.02;8.03;7435463;60459060.00
20150202;7.86;7.98;7.69;7.74;10284560;80087576.00
20150203;7.80;7.89;7.74;7.88;6512717;50983548.00
20150204;7.97;8.08;7.86;7.90;10456307;83545296.00
20150205;8.01;8.05;7.69;7.70;7043174;55364648.00
20150206;7.72;7.74;7.38;7.43;9485021;71570192.00
20150209;7.40;7.53;7.35;7.45;5743715;42722920.00
20150210;7.45;7.57;7.42;7.57;4883508;36701924.00
20150211;7.75;8.33;7.68;7.92;48944429;395420064.00
20150212;7.80;7.82;7.61;7.79;20532069;158197152.00
20150213;7.79;7.90;7.77;7.82;13851116;108596232.00
20150216;7.84;7.94;7.82;7.87;9691129;76331464.00
20150217;7.91;7.95;7.84;7.86;9591935;75576648.00
20150225;7.86;7.93;7.81;7.90;8537101;67332120.00
20150226;7.90;8.08;7.82;8.07;14554913;116058272.00
20150227;8.07;8.13;8.01;8.06;10589327;85490568.00
20150302;8.13;8.30;8.03;8.23;17787652;145583328.00
20150303;8.18;8.22;8.05;8.06;15060410;122579888.00
20150304;8.09;8.16;8.00;8.13;12930444;104539360.00
20150305;8.11;8.13;8.00;8.05;10436539;83903288.00
20150306;8.05;8.37;8.05;8.24;27687707;228018240.00
20150309;8.25;8.27;8.07;8.26;15176636;124179736.00
20150310;8.25;8.37;8.17;8.30;13477888;111857960.00
20150311;8.29;8.40;8.13;8.17;12362688;101843784.00
20150312;8.21;8.35;8.20;8.34;19209227;159450416.00
20150313;8.39;8.66;8.36;8.45;36598822;312022528.00
20150316;8.46;8.66;8.36;8.62;26880944;230643424.00
20150317;8.66;8.77;8.55;8.71;25502961;220515456.00
20150318;8.73;8.99;8.73;8.93;29651397;263870624.00
20150319;8.89;9.12;8.85;8.98;26892690;240966848.00
20150320;8.91;8.99;8.75;8.83;27090981;239159520.00
20150323;8.87;9.03;8.83;9.02;29930301;267186176.00
20150324;9.01;9.15;8.73;9.08;36292943;325334688.00
20150325;9.08;9.26;8.95;9.19;37578001;342581472.00
20150326;9.15;9.58;9.07;9.34;38757590;362374688.00
20150327;9.35;9.55;9.21;9.22;28251961;265236720.00
20150330;9.33;9.35;9.10;9.31;32648720;302253248.00
20150331;9.33;9.43;9.08;9.10;27648999;255600128.00
20150401;9.07;9.23;9.02;9.21;26363793;240656864.00
20150402;9.23;9.38;9.15;9.34;29179418;270557312.00
20150403;9.29;9.47;9.22;9.44;30816320;289183040.00
20150407;9.49;9.88;9.48;9.75;40202207;390086496.00
20150408;9.75;9.78;9.30;9.47;31159967;296722592.00
20150409;9.47;9.51;9.01;9.30;28596381;264634496.00
20150410;9.30;9.54;9.22;9.51;27174081;256497136.00
20150413;9.53;9.78;9.49;9.72;30778153;296857216.00
20150414;9.80;9.94;9.56;9.84;37950645;370185888.00
20150415;9.85;9.85;9.21;9.26;31799772;302209248.00
20150416;9.20;9.61;9.10;9.49;25133165;235658368.00
20150417;9.53;9.99;9.48;9.82;56333615;550816192.00
20150420;9.76;10.38;9.60;9.76;64749802;646590848.00
20150421;9.70;10.26;9.65;10.18;40318430;402131200.00
20150422;10.16;10.62;10.12;10.45;47473786;493372992.00
20150423;10.44;10.95;10.23;10.61;58347086;618456064.00
20150424;10.35;10.69;10.25;10.38;39403880;411357952.00
20150427;10.48;10.89;10.35;10.81;49200963;524094624.00
20150428;10.78;11.58;10.51;10.80;65815810;727043392.00
20150429;10.70;11.20;10.25;11.19;42115035;456831296.00
20150430;11.27;11.27;10.77;10.78;29522036;325525024.00
20150504;10.83;10.98;10.42;10.80;25913688;276901696.00
20150505;10.87;11.13;10.15;10.29;31770168;338686528.00
20150506;10.20;10.44;9.59;9.78;30925913;310895936.00
20150507;9.80;9.81;9.38;9.45;21219190;202528928.00
20150508;9.55;9.72;9.44;9.70;16832861;161302400.00
20150511;9.84;10.03;9.57;10.01;34214095;334229472.00
20150512;9.96;10.06;9.83;9.99;23565379;234102352.00
20150513;9.91;10.15;9.75;10.03;31881760;316494912.00
20150514;9.95;10.02;9.82;10.00;20512903;203736784.00
20150515;9.95;10.15;9.78;9.87;23307907;232413680.00
20150518;9.74;9.80;9.45;9.65;18418385;177771520.00
20150519;9.65;10.02;9.65;10.01;20803142;205388080.00
20150520;10.02;10.18;9.92;9.93;28170434;283431520.00
20150521;9.95;10.16;9.83;10.15;29592661;295499840.00
20150522;10.20;10.56;10.13;10.53;43673890;453347264.00
20150525;10.48;10.87;10.39;10.83;44821799;479036224.00
20150526;10.85;11.16;10.65;11.15;51159103;558223104.00
20150527;11.12;11.90;11.02;11.63;67188935;774903232.00
20150528;11.58;11.93;10.50;10.63;55287993;628922048.00
20150529;10.55;10.98;10.20;10.75;38151415;404452576.00
20150601;10.81;11.83;10.80;11.83;41828571;480912160.00
20150602;12.55;13.00;12.16;12.80;79638359;1002952576.00
20150603;12.83;13.77;12.48;13.24;61570438;810028544.00
20150604;13.00;14.20;12.30;14.15;66322458;885232704.00
20150605;14.11;14.70;13.73;14.02;65250959;926037248.00
20150608;13.90;14.19;13.50;13.89;49318895;682572160.00
20150609;13.87;14.58;13.30;14.04;59512622;832324224.00
20150610;13.70;14.16;13.55;13.67;34947037;482874400.00
20150611;13.61;14.00;13.39;13.79;33248170;453763040.00
20150612;13.80;14.50;13.70;14.01;46334569;653366208.00
20150615;13.88;14.80;13.88;14.27;54573183;784556288.00
20150616;14.09;14.52;13.36;13.39;55216421;774828352.00
20150617;13.33;13.69;12.60;13.53;40049719;528044864.00
20150618;13.52;13.73;12.90;12.95;27569626;368863296.00
20150619;12.71;12.80;11.66;11.66;34703487;424222816.00
20150623;11.57;12.16;10.84;11.99;29216278;338197600.00
20150624;12.15;12.70;11.96;12.62;39145311;483332000.00
20150625;12.60;12.76;11.68;11.83;32685155;403364736.00
20150626;11.40;11.68;10.65;10.65;31489149;350657024.00
20150629;10.98;11.24;9.61;10.69;40575849;429351232.00
20150630;10.70;11.40;9.77;11.40;37552535;403347200.00
20150701;11.21;11.59;10.40;10.48;30056780;336327072.00
20150702;10.61;10.80;9.43;9.43;31956958;317186496.00
20150703;9.03;9.45;8.49;8.49;29791747;260160512.00
20150706;9.30;9.30;7.64;7.99;38215496;315114176.00
20150707;7.55;7.83;7.19;7.19;36318736;264278144.00
20150708;6.43;7.20;6.43;6.79;70508937;483292608.00
20150709;6.90;7.47;6.78;7.47;18222315;131939168.00
20150710;7.82;8.22;7.60;8.22;20580470;167111760.00
20150713;8.45;9.04;8.33;9.04;41656259;364786528.00
20150714;8.80;9.23;8.40;8.53;37923932;334116160.00
20150715;8.30;8.49;7.68;7.68;23617330;189150960.00
20150716;7.68;8.17;7.20;7.90;19246731;150407392.00
20150717;7.91;8.48;7.91;8.37;15902573;130739184.00
20150720;8.37;8.63;8.16;8.50;19974762;168194384.00
20150721;8.25;8.67;8.11;8.50;17692634;150311792.00
20150722;8.48;8.79;8.37;8.77;23102605;198293776.00
20150723;8.70;9.00;8.60;8.95;28871244;255318864.00
20150724;8.92;9.46;8.71;8.85;37138501;337888512.00
20150727;8.55;8.78;7.97;7.97;22944841;192742384.00
20150728;7.80;7.99;7.24;7.83;22557567;172576256.00
20150729;8.15;8.29;7.64;8.28;15379923;122006216.00
20150730;8.20;8.47;7.91;7.97;14925439;123491912.00
20150731;7.86;8.05;7.81;7.99;11002683;86913472.00
20150803;7.95;8.68;7.84;8.59;16222457;132669456.00
20150804;8.57;8.84;8.34;8.81;18892159;162999104.00
20150805;8.75;8.82;8.47;8.55;12982164;112279968.00
20150806;8.48;8.90;8.37;8.64;11721624;101002160.00
20150807;8.70;8.95;8.33;8.88;15817289;139056832.00
20150810;8.88;9.29;8.78;9.15;23631983;214235552.00
20150811;9.06;9.26;9.03;9.09;18849666;172482800.00
20150812;9.01;9.27;8.90;9.05;17317212;157567504.00
20150813;8.96;9.20;8.86;9.19;17012979;154001888.00
20150814;9.30;9.55;9.11;9.13;21953204;205088832.00
20150817;8.93;9.35;8.90;9.33;16716675;152039552.00
20150818;9.28;9.38;8.40;8.40;19768411;176815936.00
20150819;8.21;8.67;7.80;8.60;15277733;127430344.00
20150820;8.45;8.77;8.36;8.43;12814613;109855960.00
20150821;8.33;8.48;7.83;7.95;10666296;87017720.00
20150824;7.69;7.69;7.16;7.16;9903942;71912440.00
20150825;6.45;6.66;6.44;6.44;10761068;69602416.00
20150826;6.50;6.61;5.83;5.88;16254088;102056816.00
20150827;6.06;6.26;5.78;6.21;13109791;79730704.00
20150828;6.34;6.81;6.30;6.76;17786157;115193936.00
20150831;6.70;6.70;6.40;6.46;10155541;66164008.00
20150901;6.43;6.54;6.03;6.30;12094437;76340032.00
20150902;6.06;6.65;5.99;6.52;23370583;149569200.00
20150907;6.41;6.82;6.41;6.52;9659132;64148276.00
20150908;6.42;6.78;6.30;6.72;7988123;52279644.00
20150909;6.78;6.99;6.71;6.91;12611405;86366560.00
20150910;6.81;6.90;6.65;6.66;8615015;58406668.00
20150911;6.66;6.79;6.51;6.69;6752571;45171680.00
20150914;6.70;6.77;6.02;6.05;10035954;63370232.00
20150915;6.05;6.16;5.73;5.79;9361858;56123880.00
20150916;5.82;6.37;5.81;6.37;11883343;72362920.00
20150917;6.33;6.48;6.20;6.21;11549877;73331144.00
20150918;6.21;6.31;6.16;6.27;5833553;36322496.00
20150921;6.22;6.90;6.19;6.90;19311258;130803224.00
20150922;6.99;7.39;6.81;7.17;37756371;268698208.00
20150923;6.90;7.00;6.68;6.69;18949151;129457368.00
20150924;6.78;6.89;6.69;6.83;11540761;78352728.00
20150925;6.77;6.81;6.30;6.49;12291659;80676904.00
20150928;6.52;6.59;6.30;6.56;6722049;43580000.00
20150929;6.40;6.45;6.21;6.26;7044525;44617480.00
20150930;6.34;6.46;6.32;6.34;5708292;36461400.00
20151008;6.66;6.72;6.56;6.58;10818674;71649640.00
20151009;6.55;6.93;6.55;6.88;16766391;114434144.00
20151012;6.85;7.19;6.81;7.14;23847206;167214544.00
20151013;7.00;7.10;6.93;7.08;13431993;94214448.00
20151014;7.03;7.19;6.93;6.95;13667725;96577456.00
20151015;6.92;7.12;6.88;7.12;15667459;109756784.00
20151016;7.13;7.20;6.94;7.16;19455708;138101536.00
20151019;7.18;7.23;7.02;7.18;16425191;117034288.00
20151020;7.19;7.26;7.10;7.24;18187825;130597896.00
20151021;7.24;7.25;6.61;6.67;22485708;157371248.00
20151022;6.68;7.13;6.62;7.11;16519375;112876512.00
20151023;7.04;7.24;6.92;7.20;20967130;148673872.00
20151026;7.30;7.39;7.12;7.23;24931757;180805344.00
20151027;7.14;7.17;6.81;7.10;14179939;99488520.00
20151028;7.04;7.11;6.94;6.99;10739807;75512848.00
20151029;7.01;7.10;6.97;7.05;8394333;59149736.00
20151030;7.05;7.06;6.86;6.90;7896956;54943992.00
20151102;6.83;6.92;6.73;6.74;6285481;42923628.00
20151103;6.78;6.86;6.70;6.77;4819616;32627008.00
20151104;6.79;7.20;6.78;7.19;15859979;112128712.00
20151105;7.14;7.60;7.14;7.54;32319197;240030688.00
20151106;7.45;7.65;7.44;7.63;17888699;135137216.00
20151109;7.53;7.86;7.49;7.62;23377203;179502048.00
20151110;7.56;7.78;7.48;7.57;22085013;169068368.00
20151111;7.69;7.87;7.57;7.63;17097808;131511016.00
20151112;7.62;7.73;7.43;7.51;18005343;135721360.00
20151113;7.41;7.48;7.30;7.34;12382439;91465824.00
20151116;7.27;7.43;7.20;7.42;11339278;82822696.00
20151117;7.44;7.63;7.41;7.44;16362906;123010136.00
20151118;7.42;7.47;7.24;7.28;11878978;87294312.00
20151119;7.33;7.47;7.29;7.46;8666726;63913584.00
20151120;7.46;7.58;7.43;7.52;11271041;84497280.00
20151123;7.54;7.65;7.46;7.53;13800890;104291504.00
20151124;7.53;7.56;7.34;7.48;8711698;64690420.00
20151125;7.48;7.67;7.45;7.66;11179100;84671312.00
20151126;7.80;8.43;7.71;8.43;43245034;357825088.00
20151127;8.43;9.14;8.22;8.49;66515937;574897728.00
20151130;8.67;9.30;8.40;9.17;49721710;440020576.00
20151201;9.10;9.10;8.46;8.50;33297559;290141280.00
20151202;8.35;8.47;7.88;8.25;26861683;219393136.00
20151203;8.18;8.56;8.18;8.51;21596790;181827968.00
20151204;8.51;8.51;8.11;8.18;18859836;156273424.00
20151207;8.19;8.40;8.01;8.33;12946072;105817104.00
20151208;8.18;8.24;7.95;8.07;12493249;100644992.00
20151209;8.04;8.31;7.99;8.30;13313736;109048688.00
20151210;8.28;8.33;8.00;8.06;11209917;91240416.00
20151211;8.08;8.13;7.65;7.79;11847168;92540032.00
20151214;7.69;8.09;7.63;8.05;12039549;95878640.00
20151215;8.06;8.16;7.95;8.00;7744013;62107872.00
20151216;8.00;8.18;7.92;7.97;8698247;70026584.00
20151217;8.00;8.47;8.00;8.40;15591488;127383312.00
20151218;8.40;8.46;8.20;8.27;14066663;117032168.00
20151221;8.27;8.38;8.17;8.34;11282508;93661456.00
20151222;8.34;8.47;8.27;8.39;12555629;104986448.00
20151223;8.38;8.40;8.02;8.04;15902719;130056376.00
20151224;8.04;8.05;7.80;7.92;8488276;66958780.00
20151225;7.92;8.03;7.85;8.02;5610159;44667552.00
20151228;8.02;8.08;7.66;7.68;11035618;86501072.00
20151229;7.68;7.90;7.68;7.88;5727104;44607120.00
20151230;7.86;7.94;7.82;7.88;4687727;36923088.00
20151231;7.88;8.01;7.83;7.86;5679607;45017524.00
20160104;7.86;7.86;7.07;7.07;7815789;58196172.00
20160105;6.99;6.99;6.50;6.82;11890290;80508312.00
20160106;6.83;7.50;6.80;7.50;16408322;119412400.00
20160107;7.40;7.40;6.75;6.77;4377337;30954402.00
20160108;7.07;7.45;6.83;7.45;23630945;172434496.00
20160111;7.35;7.45;6.71;6.76;21170286;149141936.00
20160112;6.61;6.79;6.38;6.58;10122649;66399760.00
20160113;6.57;6.87;6.38;6.39;10051799;66976624.00
20160114;6.01;6.83;6.01;6.57;10158703;64819256.00
20160115;6.45;6.57;6.05;6.15;9147793;57389880.00
20160118;6.01;6.28;5.97;6.21;7963223;48983784.00
20160119;6.19;6.46;6.12;6.40;7010826;44527784.00
20160120;6.37;6.48;6.23;6.32;5685566;36168968.00
20160121;6.26;6.95;6.25;6.46;20045786;134992736.00
20160122;6.88;7.11;6.75;7.11;38707543;272395872.00
20160125;7.07;7.29;6.89;7.14;27530907;194433648.00
20160126;6.90;6.98;6.43;6.43;14427978;96045920.00
20160127;6.43;6.79;6.13;6.58;14947432;97681040.00
20160128;6.35;6.71;6.08;6.16;10824054;69418336.00
20160129;6.10;6.37;6.03;6.28;11639316;72462840.00
20160201;6.30;6.35;5.81;5.93;9233023;56229120.00
20160202;5.97;6.18;5.90;6.15;9379501;56895960.00
20160203;6.07;6.12;5.96;6.08;6161669;37228864.00
20160204;6.09;6.25;6.09;6.18;8039983;49719612.00
20160205;6.19;6.24;6.06;6.08;6539614;40334664.00
20160215;5.97;6.49;5.90;6.36;9289368;57079216.00
20160216;6.60;6.91;6.60;6.70;16633290;111260192.00
20160217;6.61;6.70;6.45;6.63;12455969;81905480.00
20160218;6.66;6.88;6.57;6.65;13598360;91019432.00
20160219;6.64;6.82;6.58;6.73;10321400;69076344.00
20160222;6.82;7.25;6.71;7.01;23859819;166740224.00
20160223;6.92;7.20;6.83;6.96;11814360;81805456.00
20160224;6.89;7.04;6.81;7.00;10798899;75027696.00
20160225;7.02;7.11;6.30;6.35;15205947;102324592.00
20160226;6.45;6.76;6.30;6.65;14394229;94185896.00
20160229;6.57;6.74;6.00;6.53;12102646;77493384.00
20160301;6.53;6.88;6.40;6.71;15542041;103547216.00
20160302;6.66;7.14;6.65;7.12;24136213;168225728.00
20160303;7.14;7.48;7.05;7.08;17964833;130194952.00
20160304;7.01;7.33;6.83;7.22;23374804;167762864.00
20160307;7.33;7.49;7.15;7.46;22848802;167974016.00
20160308;7.63;7.67;7.09;7.24;15200317;110483992.00
20160309;6.99;7.04;6.75;6.88;9743630;67170776.00
20160310;6.91;6.97;6.72;6.88;5879295;40301072.00
20160311;6.81;6.98;6.75;6.94;5737981;39641992.00
20160314;7.01;7.18;6.98;7.08;7925407;56197428.00
20160315;7.01;7.05;6.86;6.90;5569346;38618104.00
20160316;6.95;7.01;6.80;6.82;4453350;30581166.00
20160317;6.86;7.08;6.86;7.02;8400852;58610848.00
20160318;7.04;7.25;7.04;7.11;14743661;105533496.00
20160321;7.22;7.22;7.09;7.20;18000280;128681336.00
20160322;7.15;7.17;7.04;7.15;11415878;81143824.00
20160323;7.11;7.23;7.11;7.17;8776618;62931216.00
20160324;7.12;7.12;6.82;6.84;12978272;89820912.00
20160325;6.83;6.92;6.83;6.90;5957103;40979456.00
20160328;6.90;6.96;6.75;6.81;9139290;62673724.00
20160329;6.81;6.82;6.65;6.70;6019685;40546660.00
20160330;6.75;6.90;6.70;6.89;8704431;59121496.00
20160331;6.85;6.99;6.85;6.92;7936473;54854672.00
20160401;6.89;7.03;6.87;6.94;10621549;73785360.00
20160405;6.94;7.04;6.87;7.03;10103780;70414496.00
20160406;7.02;7.05;6.96;6.99;7523883;52651672.00
20160407;7.04;7.04;6.87;6.91;8416617;58631140.00
20160408;6.81;6.94;6.76;6.82;7536062;51430960.00
20160411;6.90;7.07;6.88;7.01;19516439;137056944.00
20160412;7.00;7.13;6.92;7.12;11637265;81924288.00
20160413;7.27;7.67;7.27;7.31;28074749;209390480.00
20160414;7.27;7.37;7.24;7.34;12312688;89792288.00
20160415;7.35;7.48;7.17;7.28;11124964;81407792.00
20160418;7.22;7.25;7.02;7.12;8988705;63870888.00
20160419;7.16;7.29;7.12;7.23;7981634;57569736.00
20160420;7.28;7.36;6.88;7.10;12857523;91461832.00
20160421;7.10;7.49;7.07;7.29;23856342;174791568.00
20160422;7.16;7.21;6.90;7.13;15142167;107050096.00
20160425;7.09;7.39;7.05;7.38;17718378;128610544.00
20160426;7.33;7.45;7.26;7.44;14147555;104037456.00
20160427;7.40;7.43;7.14;7.20;11742723;85463112.00
20160428;7.18;7.19;7.01;7.15;8206143;58324844.00
20160429;7.14;7.19;7.02;7.06;7463656;52964520.00
20160503;7.05;7.17;6.94;7.14;11039753;78166480.00
20160504;7.07;7.12;6.99;7.07;8128416;57366988.00
20160505;7.07;7.29;7.02;7.26;10194721;72706320.00
20160506;7.43;7.46;6.75;6.79;20211411;144409600.00
20160509;6.66;6.70;6.23;6.37;10312432;66667800.00
20160510;6.39;6.41;6.25;6.33;4135375;26264744.00
20160511;6.40;6.44;6.33;6.35;4517119;28827966.00
20160512;6.34;6.38;6.18;6.33;3940749;24743200.00
20160513;6.32;6.48;6.30;6.33;4698235;29956520.00
20160516;6.33;6.38;6.21;6.37;3138667;19813854.00
20160517;6.42;6.49;6.36;6.38;4021715;25837692.00
20160518;6.33;6.37;6.10;6.15;4872326;30233184.00
20160519;6.19;6.28;6.14;6.16;3050462;18946240.00
20160520;6.13;6.23;6.06;6.21;2185201;13506857.00
20160523;6.25;6.32;6.20;6.25;4400141;27573648.00
20160524;6.25;6.25;6.14;6.17;3419027;21123204.00
20160525;6.24;6.31;6.18;6.24;3631256;22693792.00
20160526;6.24;6.37;6.14;6.31;3688480;23048758.00
20160527;6.31;6.33;6.23;6.29;2659718;16707938.00
20160530;6.29;6.29;6.19;6.21;2122034;13223505.00
20160531;6.26;6.43;6.23;6.42;5916018;37635492.00
20160601;6.42;6.46;6.38;6.40;5113021;32832312.00
20160602;6.41;6.46;6.35;6.45;4860518;31167604.00
20160603;6.45;6.48;6.35;6.44;5370358;34424524.00
20160606;6.44;6.51;6.37;6.39;3286915;21015964.00
20160607;6.41;6.44;6.34;6.35;3744048;23909412.00
20160608;6.36;6.41;6.31;6.35;4145369;26373220.00
20160613;6.33;6.33;6.05;6.06;5046584;31293620.00
20160614;6.00;6.09;6.00;6.03;3404498;20504488.00
20160615;6.02;6.19;5.99;6.14;5081138;31004332.00
20160616;6.12;6.14;6.07;6.08;3272285;19966752.00
20160617;6.07;6.36;6.05;6.24;7719769;48020536.00
20160620;6.20;6.20;6.10;6.14;4231669;25961644.00
20160621;6.17;6.25;6.10;6.12;4169523;25758708.00
20160622;6.15;6.33;6.12;6.30;7392129;46391736.00
20160623;6.29;6.35;6.19;6.31;7037938;44270440.00
20160624;6.32;6.33;6.05;6.16;5544118;34317400.00
20160627;6.08;6.42;6.08;6.34;6436244;40876352.00
20160628;6.31;6.35;6.25;6.34;4365684;27437942.00
20160629;6.35;6.37;6.29;6.34;4307412;27309950.00
20160630;6.38;6.41;6.29;6.33;2973722;18900980.00
