20160606;4.16;5.00;4.16;5.00;415165;2068042.00
20160607;5.50;5.50;5.50;5.50;197403;1085717.00
20160608;6.05;6.05;6.05;6.05;174008;1052748.00
20160613;6.66;6.66;6.66;6.66;645876;4301534.00
20160614;7.33;7.33;7.33;7.33;1142603;8375280.00
20160615;8.06;8.06;8.06;8.06;1545995;12460720.00
20160616;8.87;8.87;8.87;8.87;730371;6478391.00
20160617;9.76;9.76;9.76;9.76;1126505;10994689.00
20160620;10.74;10.74;10.74;10.74;1847396;19841032.00
20160621;11.81;11.81;11.81;11.81;1558493;18405802.00
20160622;12.99;12.99;12.99;12.99;5403334;70189312.00
20160623;14.29;14.29;14.29;14.29;7582990;108360928.00
20160624;15.72;15.72;15.72;15.72;7369535;115849088.00
20160627;17.29;17.29;17.29;17.29;4700291;81268032.00
20160628;19.02;19.02;19.02;19.02;4518950;85950432.00
20160629;20.92;20.92;20.92;20.92;2726713;57042836.00
