20110928;12.80;12.80;11.81;11.85;68260883;836020736.00
20110929;11.60;12.70;11.51;12.38;55975244;688445952.00
20110930;12.28;12.68;12.02;12.46;38487768;477490656.00
20111010;12.46;12.47;11.21;11.32;34180023;397163776.00
20111011;11.60;12.45;11.53;12.33;55751611;682555264.00
20111012;11.80;12.99;11.68;12.82;60734051;759515072.00
20111013;12.60;13.10;12.51;12.83;43620553;561155584.00
20111014;12.69;12.80;12.38;12.55;23072805;289727776.00
20111017;12.56;13.23;12.40;13.04;41337500;532312192.00
20111018;12.85;12.95;12.10;12.22;35034658;435713056.00
20111019;12.26;12.50;12.12;12.13;20425876;251292080.00
20111020;12.00;12.03;11.46;11.70;18858889;219559152.00
20111021;11.66;11.74;11.29;11.38;9849290;113310896.00
20111024;11.48;12.04;11.25;11.92;18088065;212192784.00
20111025;11.89;12.40;11.64;12.10;19845901;238650768.00
20111026;11.93;12.50;11.88;12.13;19554264;239641472.00
20111027;12.22;12.25;11.89;12.05;11568612;139232880.00
20111028;12.22;12.35;11.93;12.18;16537676;200568176.00
20111031;12.34;12.55;12.18;12.32;13911420;171946496.00
20111101;12.15;12.46;12.05;12.19;14609590;178396544.00
20111102;11.90;12.21;11.70;12.16;14634285;174454016.00
20111103;12.20;12.75;12.06;12.35;24430005;302338240.00
20111104;12.45;12.55;12.15;12.37;13293778;163559472.00
20111107;12.29;12.51;12.21;12.27;10506057;130129560.00
20111108;12.26;12.32;11.96;11.98;9364790;113305376.00
20111109;11.99;12.13;11.78;12.05;8043143;96154800.00
20111110;11.89;11.93;11.63;11.66;10299737;121286584.00
20111111;11.76;11.81;11.50;11.59;7039048;82037640.00
20111114;11.73;11.88;11.64;11.83;6920381;81724712.00
20111115;11.79;11.97;11.78;11.91;6478520;76922912.00
20111116;11.87;11.90;11.55;11.70;6669942;78036320.00
20111117;11.67;11.84;11.66;11.70;4638385;54490172.00
20111118;11.65;11.69;11.49;11.58;5299644;61300096.00
20111121;11.58;11.73;11.53;11.59;3549279;41276220.00
20111122;11.55;11.57;11.33;11.44;3939313;44942372.00
20111123;11.45;11.48;11.26;11.32;3342406;37884376.00
20111124;11.21;11.38;11.09;11.30;4320190;48548348.00
20111125;11.28;11.34;11.08;11.14;2795459;31306322.00
20111128;11.16;11.28;11.11;11.18;2001763;22405612.00
20111129;11.28;11.39;11.20;11.37;2723065;30750100.00
20111130;11.35;11.35;10.69;10.82;5367695;58994072.00
20111201;11.13;11.34;11.03;11.14;7411654;83122368.00
20111202;11.14;11.21;10.89;10.90;2636594;29027758.00
20111205;10.90;10.93;10.62;10.64;2041758;21965226.00
20111206;10.60;11.09;10.53;11.02;6209612;68005200.00
20111207;11.07;11.25;10.98;11.09;3023220;33608684.00
20111208;11.15;11.35;11.03;11.29;4725854;53159384.00
20111209;11.20;11.34;11.11;11.20;4258359;47791264.00
20111212;11.17;11.32;11.16;11.25;2393829;26946292.00
20111213;11.20;11.20;10.80;11.09;3395258;37371600.00
20111214;11.01;11.27;10.78;10.88;2848139;31450568.00
20111215;10.92;10.97;10.60;10.75;2601337;28064798.00
20111216;10.80;11.42;10.75;11.35;5573925;62209256.00
20111219;11.35;11.73;11.20;11.64;6985249;80259992.00
20111220;11.60;11.79;11.45;11.48;3880185;45109616.00
20111221;11.53;11.80;11.39;11.41;4034326;46941592.00
20111222;11.42;11.70;11.27;11.60;4213965;48299824.00
20111223;11.55;11.96;11.53;11.84;6377640;75325920.00
20111226;11.84;11.98;11.70;11.71;3435287;40696288.00
20111227;11.68;11.82;11.44;11.57;4294933;50006904.00
20111228;11.60;11.62;11.40;11.49;10298911;118517632.00
20111229;11.54;12.01;11.46;11.81;8015466;94890864.00
20111230;11.80;12.06;11.80;11.97;5481338;65312232.00
20120104;12.02;12.27;11.86;11.87;4205403;50628736.00
20120105;11.78;12.28;11.78;12.10;8119340;98290568.00
20120106;11.95;12.20;11.50;11.81;3857016;45238856.00
20120109;11.81;12.37;11.60;12.26;7714575;94144384.00
20120110;12.29;12.50;12.28;12.46;9657988;119877064.00
20120111;12.41;12.52;12.34;12.41;6212477;77196384.00
20120112;12.40;12.75;12.32;12.65;7482811;94547344.00
20120113;12.71;12.72;12.20;12.26;7614259;94497424.00
20120117;12.13;13.00;12.02;12.99;11226671;141982688.00
20120118;12.90;13.08;12.66;12.77;9473917;122173784.00
20120119;12.60;13.06;12.60;12.88;7345374;94838472.00
20120120;12.93;13.07;12.77;12.99;12678245;164753824.00
20120130;13.00;13.06;12.71;12.73;5744978;74007864.00
20120131;12.64;12.81;12.31;12.57;5286744;66106852.00
20120201;12.51;12.74;12.38;12.40;3790423;47552820.00
20120202;12.47;12.68;12.41;12.65;3526372;44354508.00
20120203;12.64;12.77;12.29;12.54;11418392;142594304.00
20120206;12.57;12.75;12.45;12.73;4437222;55914860.00
20120207;12.70;12.70;12.39;12.65;3691829;46176444.00
20120208;12.60;13.06;12.33;12.98;8987613;115349152.00
20120209;12.90;13.07;12.81;12.98;6421752;83489376.00
20120210;12.96;13.06;12.92;13.03;6974381;90801440.00
20120213;13.07;13.54;12.92;13.41;16730658;222884000.00
20120214;13.39;13.43;13.15;13.38;7747573;103284704.00
20120215;13.33;13.45;13.17;13.37;6737401;89826504.00
20120216;13.37;13.52;13.04;13.17;7635400;101387296.00
20120217;13.20;13.48;12.93;13.46;7335199;96632112.00
20120220;13.78;13.78;13.40;13.59;9749469;131878088.00
20120221;13.60;13.67;13.40;13.63;5261235;71081184.00
20120222;13.56;14.09;13.50;14.04;9443552;131198080.00
20120223;14.00;14.15;13.81;13.95;4095312;57019428.00
20120224;13.90;14.08;13.90;14.00;4634484;64717800.00
20120227;14.85;14.88;14.08;14.21;23272700;338346528.00
20120228;14.20;14.65;14.03;14.35;8891247;128087848.00
20120229;14.35;14.75;14.16;14.40;8831092;127720072.00
20120301;14.40;14.47;14.26;14.42;4513363;64855600.00
20120302;14.44;15.00;14.36;14.85;11400696;168551440.00
20120305;14.94;15.09;14.63;14.66;8443602;124985824.00
20120306;14.62;14.62;14.00;14.17;8680038;123712856.00
20120307;14.08;14.61;13.93;14.17;8232184;117671216.00
20120308;14.20;14.38;14.10;14.24;4896231;69790240.00
20120309;14.32;14.44;14.20;14.40;5990889;85792144.00
20120312;14.38;14.75;14.28;14.40;5573810;80832416.00
20120313;14.40;14.50;14.28;14.36;4985719;71734824.00
20120314;14.47;14.76;13.85;14.47;11409580;163125072.00
20120315;14.28;14.44;13.98;14.12;6734429;95383120.00
20120316;14.25;14.60;14.10;14.56;5792717;83129320.00
20120319;14.75;14.75;14.14;14.36;7137133;102085672.00
20120320;14.28;14.28;13.52;13.70;9603613;132760944.00
20120321;13.70;13.88;13.15;13.46;9599892;128913480.00
20120322;13.36;13.61;13.33;13.50;3273158;44191896.00
20120323;13.45;13.58;13.20;13.41;4224534;56782572.00
20120326;13.36;13.78;13.20;13.42;6126346;82496248.00
20120327;13.52;13.67;13.40;13.49;3358993;45486952.00
20120328;13.53;13.55;12.85;13.10;7622428;99775480.00
20120329;13.10;13.28;12.89;13.01;3949701;51663188.00
20120330;13.01;13.59;13.00;13.46;12430435;166238368.00
20120405;13.50;14.20;13.36;13.94;10447533;144841040.00
20120406;13.93;14.15;13.76;13.82;4551124;63317768.00
20120409;13.83;13.95;13.46;13.57;5148357;70519632.00
20120410;13.59;13.75;13.25;13.73;2810149;38049480.00
20120411;13.64;14.00;13.42;13.61;3421339;47101004.00
20120412;13.57;13.80;13.43;13.72;5294322;71963440.00
20120413;13.74;14.23;13.74;14.06;14563355;205662640.00
20120416;14.10;14.64;13.96;14.47;11505766;166133568.00
20120417;14.50;14.58;14.04;14.06;5584894;79872464.00
20120418;14.19;14.66;14.05;14.51;7292594;105435960.00
20120419;14.59;14.86;14.45;14.67;5607026;82145328.00
20120420;14.51;14.80;14.47;14.65;2753554;40265996.00
20120423;14.70;14.79;14.35;14.55;3953530;57440396.00
20120424;14.52;14.60;14.16;14.50;4203513;60331536.00
20120425;14.49;14.77;14.38;14.47;3730692;54273936.00
20120426;14.43;14.58;14.32;14.48;4296246;62241812.00
20120427;14.56;15.20;14.56;14.88;7611491;113223536.00
20120502;15.03;16.25;15.03;15.83;13936460;219178688.00
20120503;15.85;16.20;15.58;16.08;8800946;141052464.00
20120504;15.94;16.17;15.72;15.96;4338634;69182144.00
20120508;16.10;16.65;16.06;16.16;7688130;125174952.00
20120509;15.91;16.07;15.71;15.78;5732965;91235080.00
20120510;15.80;16.07;15.41;15.60;6587467;103401400.00
20120511;15.65;16.07;15.52;15.86;5370015;85333816.00
20120514;15.97;16.05;15.62;15.63;4286895;67519960.00
20120515;15.51;16.01;15.17;16.00;5426656;85017416.00
20120516;15.99;16.30;15.66;15.83;4544693;72780352.00
20120517;15.83;16.20;15.78;16.04;4660891;74700928.00
20120518;15.95;16.14;15.63;15.73;2628313;41749704.00
20120521;15.60;15.68;15.20;15.48;3673575;56753632.00
20120522;15.40;15.82;15.40;15.71;3415223;53220320.00
20120523;15.77;16.39;15.63;16.38;6620338;106464360.00
20120524;16.40;16.45;15.96;16.11;3485491;56537296.00
20120525;16.04;16.10;15.55;15.85;4233539;66729036.00
20120528;15.75;16.38;15.31;16.32;4246091;67193872.00
20120529;16.38;17.39;16.38;17.37;12991823;222164832.00
20120530;17.30;17.60;16.98;17.00;10282871;177399744.00
20120531;16.83;17.10;16.68;16.71;4989773;84089872.00
20120601;16.78;17.09;16.60;16.70;3986195;67182208.00
20120604;16.36;17.00;16.28;16.44;4579799;76497848.00
20120605;16.47;16.74;16.16;16.36;4661594;76891304.00
20120606;16.31;17.23;16.31;17.03;4993311;83553296.00
20120607;17.39;17.40;16.54;16.68;4841169;81473920.00
20120608;16.80;17.10;16.45;16.57;4249837;71348400.00
20120611;16.63;17.29;16.63;17.28;7149801;122118560.00
20120612;17.25;17.27;16.96;17.09;3856512;65885324.00
20120613;17.18;17.80;17.12;17.73;7103173;124983144.00
20120614;17.79;17.94;17.47;17.66;6296764;111221688.00
20120615;17.67;17.77;16.97;17.33;7938904;137449024.00
20120618;17.44;17.83;17.33;17.53;4172065;73165224.00
20120619;17.52;17.52;17.00;17.15;6142113;106103752.00
20120620;17.14;17.29;16.78;17.04;6359979;108419152.00
20120621;16.98;17.25;16.44;17.15;7907972;132008632.00
20120625;16.79;16.87;15.90;16.39;7421971;122507440.00
20120626;16.20;16.69;16.11;16.49;3854215;63282916.00
20120627;16.58;16.95;16.48;16.66;5000255;83774376.00
20120628;16.68;17.02;16.63;16.81;6201084;104056440.00
20120629;16.71;17.94;16.61;17.80;6271499;107576400.00
20120702;17.68;17.68;16.16;16.48;12740108;211222416.00
20120703;16.15;16.80;16.10;16.63;6239792;103209248.00
20120704;16.62;16.68;16.13;16.29;3890040;63737048.00
20120705;16.10;16.29;15.58;15.90;7504759;119482192.00
20120706;16.00;16.53;15.88;16.51;7136876;116050952.00
20120709;16.35;16.66;15.70;16.06;6317546;103189944.00
20120710;16.09;16.38;15.75;15.95;3815964;61074060.00
20120711;16.05;16.37;15.75;16.26;6422353;103323368.00
20120712;16.24;16.85;16.10;16.66;8302935;137250880.00
20120713;16.80;16.85;16.28;16.52;5119209;84478760.00
20120716;16.68;16.70;14.87;15.55;11059658;170032640.00
20120717;15.15;15.77;15.15;15.41;2966262;45926252.00
20120718;15.35;15.68;15.20;15.53;2122237;32926122.00
20120719;15.50;16.10;15.41;15.73;4013560;63685596.00
20120720;15.52;16.21;15.45;15.58;6654404;105298888.00
20120723;15.38;15.60;15.20;15.29;1646322;25321624.00
20120724;15.23;15.95;15.18;15.74;1997768;31195018.00
20120725;16.02;16.11;15.73;16.05;2576671;41164416.00
20120726;16.00;16.38;15.90;16.08;3250178;52734696.00
20120727;15.97;16.40;15.85;16.23;3802140;61682736.00
20120730;16.16;16.44;15.93;16.25;2147202;34690088.00
20120731;16.11;16.38;16.11;16.33;3014786;48973680.00
20120801;16.26;16.88;16.26;16.61;3949495;65814080.00
20120802;16.60;16.77;15.98;16.42;4297971;70347824.00
20120803;16.20;16.20;15.35;15.55;11431963;178475984.00
20120806;15.50;15.84;15.39;15.64;9152793;142907056.00
20120807;15.64;15.72;15.37;15.50;3727265;57753112.00
20120808;15.48;15.65;14.89;15.00;5736197;86857864.00
20120809;15.05;15.72;15.05;15.70;5639754;87356528.00
20120810;15.75;15.78;15.41;15.63;3681335;57388800.00
20120813;15.65;16.27;15.65;15.91;5736855;91838160.00
20120814;15.94;16.20;15.80;16.08;3096584;49540676.00
20120815;16.06;16.15;15.79;15.85;2439689;38791036.00
20120816;15.40;15.99;15.30;15.97;3032830;47449016.00
20120817;15.74;15.87;15.47;15.70;1711710;26760560.00
20120820;15.51;15.63;14.99;15.08;3731673;56730868.00
20120821;15.00;15.36;14.99;15.18;3151915;47797912.00
20120822;15.20;15.37;14.80;14.89;3097905;46304544.00
20120823;14.90;15.17;14.68;15.17;5528754;82677792.00
20120824;15.09;15.16;14.93;15.11;3045035;45734152.00
20120827;15.08;15.44;14.90;15.25;7710834;116703120.00
20120828;15.26;15.37;15.00;15.08;6215598;94439272.00
20120829;15.05;15.07;14.72;14.87;2492768;37238556.00
20120830;14.98;14.98;14.38;14.82;3848194;56481928.00
20120831;14.82;14.88;14.36;14.39;3724040;54222576.00
20120903;14.30;15.15;14.26;15.07;6712731;99687440.00
20120904;15.00;15.35;15.00;15.06;2867959;43503944.00
20120905;15.09;15.22;14.90;15.18;1666890;25099314.00
20120906;15.20;15.33;15.08;15.15;1930460;29364794.00
20120907;15.25;16.14;15.25;15.87;7444057;117937864.00
20120910;15.92;16.37;15.87;16.10;4834388;78198440.00
20120911;16.09;16.35;15.75;16.11;3046056;49005192.00
20120912;16.30;16.80;16.20;16.26;4121854;67778512.00
20120913;16.26;16.45;16.13;16.29;1104099;18034008.00
20120914;16.44;16.44;16.00;16.16;2881497;46494176.00
20120917;16.15;16.65;15.90;16.19;3513800;56986448.00
20120918;16.17;16.37;15.81;16.18;2182176;35144932.00
20120919;16.03;16.49;16.03;16.44;2176853;35386816.00
20120920;16.22;16.42;16.02;16.25;2829977;45899296.00
20120921;16.22;17.38;16.08;16.69;8081326;135098624.00
20120924;16.69;17.23;16.37;17.11;3374785;57178008.00
20120925;17.00;17.28;16.76;16.98;1853377;31489464.00
20120926;17.07;17.35;16.75;16.96;3358973;57406864.00
20120927;17.00;17.43;16.70;17.14;4135268;70768808.00
20120928;17.10;17.69;16.85;17.53;4282576;74576528.00
20121008;17.54;18.65;17.54;18.15;7540126;136277872.00
20121009;18.20;18.57;17.97;18.40;4590269;84033224.00
20121010;18.55;19.06;18.17;18.32;4679271;86653496.00
20121011;18.19;18.67;17.56;18.51;5044270;92342320.00
20121012;18.51;18.71;18.21;18.54;2185760;40205680.00
20121015;18.65;18.69;18.00;18.54;2507112;45869572.00
20121016;18.36;18.47;18.11;18.35;2108510;38587256.00
20121017;18.42;18.85;18.20;18.81;3605903;67084276.00
20121018;18.86;19.18;18.75;19.14;4521552;85849776.00
20121019;19.10;19.15;18.36;18.40;4395066;81965568.00
20121022;18.20;18.76;18.20;18.71;1780055;32845034.00
20121023;18.45;18.70;17.91;18.31;3737983;68288576.00
20121024;18.12;18.55;18.10;18.42;1656219;30386072.00
20121025;18.30;18.46;17.70;17.88;3827261;68708712.00
20121026;18.01;18.20;17.53;18.07;4853249;86558144.00
20121029;18.00;18.27;17.87;18.15;1921182;34739752.00
20121030;18.13;18.89;18.10;18.83;5192737;96573280.00
20121031;18.68;19.58;18.68;19.23;2835210;54270176.00
20121101;19.22;19.57;18.99;19.54;3036898;58839696.00
20121102;19.53;19.64;19.10;19.44;4699079;90921488.00
20121105;19.36;19.58;18.99;19.54;3521183;67962640.00
20121106;19.40;19.48;18.92;19.22;2653308;50962628.00
20121107;19.25;19.45;19.10;19.25;2093575;40296892.00
20121108;19.10;19.30;18.68;19.17;2900654;55264356.00
20121109;19.00;19.20;18.68;18.91;2434083;46121288.00
20121112;18.87;18.88;18.02;18.40;4330027;79386088.00
20121113;18.50;18.76;18.14;18.25;4682216;86217200.00
20121114;18.25;18.86;18.16;18.80;3955365;73890032.00
20121115;18.72;18.97;18.50;18.82;2099060;39516440.00
20121116;18.78;18.92;18.40;18.60;2910873;54204120.00
20121119;18.30;19.02;18.30;18.99;2508660;46818436.00
20121120;19.02;19.42;18.86;19.27;3001776;57614524.00
20121121;19.35;19.38;18.76;19.26;2573792;49151712.00
20121122;19.12;19.25;18.80;18.81;3057881;58219704.00
20121123;18.91;19.00;18.14;18.42;5279402;97388728.00
20121126;18.19;18.35;17.53;17.68;6854140;122145664.00
20121127;17.69;17.80;17.20;17.34;5615444;97994416.00
20121128;17.20;17.90;17.01;17.86;5692404;100439112.00
20121129;17.82;18.28;17.65;18.08;3735980;67479568.00
20121130;18.00;18.33;17.82;18.21;4502197;81571080.00
20121203;17.99;18.75;17.99;18.48;5569560;102980576.00
20121204;18.48;18.60;18.02;18.43;5022254;92023696.00
20121205;18.43;19.21;18.15;19.12;6000813;113332648.00
20121206;19.12;19.15;18.52;18.68;3513974;65752920.00
20121207;18.74;19.35;18.52;19.28;5839095;111928584.00
20121210;19.44;19.80;18.65;19.09;4421563;83737456.00
20121211;18.85;19.29;18.72;19.05;2871710;54892820.00
20121212;19.03;19.28;18.83;19.10;2092424;39867928.00
20121213;18.91;19.32;18.86;19.27;3702231;71001304.00
20121214;19.15;20.80;19.10;20.65;5989852;121183016.00
20121217;20.70;21.99;20.16;20.37;5099633;107010552.00
20121218;20.57;21.28;20.22;20.89;5405219;112405120.00
20121219;20.79;21.88;20.60;21.44;4176630;88160136.00
20121220;21.45;22.20;21.02;22.00;5272152;113773904.00
20121221;21.80;22.60;21.50;22.30;3972697;87856504.00
20121224;22.45;22.45;21.60;21.78;4812567;105642312.00
20121225;21.78;22.50;21.60;22.24;5602581;124028768.00
20121226;22.15;22.23;21.81;21.84;3938023;86570768.00
20121227;21.69;23.06;21.58;23.00;4962577;110799152.00
20121228;22.96;23.50;22.65;23.30;4275808;98234008.00
20121231;23.25;23.91;22.88;23.70;6390833;149323904.00
20130104;23.60;23.60;21.58;22.73;10769307;243098784.00
20130107;22.20;23.30;22.15;23.14;4917836;112774112.00
20130108;23.19;23.85;22.89;23.38;4868384;113479696.00
20130109;23.40;23.79;23.02;23.29;4416883;102675456.00
20130110;23.32;23.93;23.32;23.62;3908416;92349232.00
20130111;23.65;24.50;23.60;24.11;4680147;113073904.00
20130114;23.98;25.62;23.40;25.60;4088855;102607600.00
20130115;25.78;26.95;25.50;25.98;5179325;136245200.00
20130116;25.94;26.06;24.79;25.46;6045105;153413248.00
20130117;25.40;25.70;24.96;25.45;3527833;89646744.00
20130118;25.60;26.50;25.56;26.26;3952836;103319672.00
20130121;26.25;28.08;26.00;27.46;4944535;135341552.00
20130122;28.01;29.31;27.30;27.38;7083087;200812272.00
20130123;27.50;28.66;27.28;28.63;5177568;143561456.00
20130124;28.48;30.39;27.80;29.24;8534111;247590176.00
20130125;29.20;29.79;28.60;29.01;4618934;134264560.00
20130128;29.14;29.48;28.39;29.18;5936436;170841232.00
20130129;29.18;29.25;27.93;28.31;7809346;220556784.00
20130130;28.32;28.45;27.65;27.71;6653983;186500528.00
20130131;27.70;28.00;26.85;27.81;7125410;195849056.00
20130201;27.58;28.18;27.32;27.81;4661151;129614360.00
20130204;27.80;28.78;27.36;28.28;5192374;145721056.00
20130205;28.47;28.48;27.60;28.02;3053031;85217704.00
20130206;28.01;28.18;27.38;27.49;3329987;92001912.00
20130207;27.49;28.37;27.35;28.22;4876539;136416624.00
20130208;28.22;30.70;28.21;29.86;5643383;166876832.00
20130218;29.92;31.14;29.92;30.33;5115428;156449184.00
20130219;30.60;30.60;29.68;29.80;3093278;92715072.00
20130220;29.74;31.50;29.70;31.03;3603801;111157896.00
20130221;30.90;31.02;29.30;30.38;4572560;137613568.00
20130222;30.00;30.26;29.30;29.39;2641868;78278128.00
20130225;29.40;30.13;28.85;29.80;2170460;64216300.00
20130226;29.51;29.90;29.00;29.02;2532128;74447568.00
20130227;29.02;29.45;28.20;28.45;2316249;66431788.00
20130228;28.47;30.30;28.47;30.13;3385671;99937936.00
20130301;30.14;30.25;29.01;29.98;2450392;72974184.00
20130304;29.90;29.96;28.50;29.12;3706626;107871448.00
20130305;28.98;30.05;28.74;29.85;4686654;137159760.00
20130306;30.00;30.56;29.51;30.35;3488289;104941832.00
20130307;29.55;30.40;29.55;30.18;2814238;84707448.00
20130308;30.20;32.00;30.15;31.10;5880191;184583648.00
20130311;31.08;31.78;30.01;31.67;3160749;97234672.00
20130312;31.25;31.60;29.49;30.45;3598396;110324064.00
20130313;30.18;31.20;29.67;30.50;3795878;115478768.00
20130314;30.60;32.20;30.25;32.04;5418735;170237344.00
20130315;31.95;34.18;31.26;32.38;12572916;413426400.00
20130318;31.70;32.10;30.60;31.10;5824340;182043520.00
20130319;31.35;31.35;29.80;30.29;5130672;155004560.00
20130320;30.28;33.32;30.10;33.32;5200140;166537440.00
20130321;33.30;33.88;32.49;33.50;4068083;135196304.00
20130322;33.30;33.30;32.59;32.81;2638504;86930632.00
20130325;32.86;33.29;32.65;32.86;1887388;62139844.00
20130326;32.81;33.33;32.01;32.85;2721783;89045384.00
20130327;32.98;33.99;32.56;33.30;2765322;92226784.00
20130328;33.00;33.70;31.90;32.38;3322155;108190944.00
20130329;31.99;32.90;31.99;32.46;1491618;48473056.00
20130401;32.02;32.30;31.06;31.65;3663860;115517816.00
20130402;31.65;32.46;30.85;31.37;3570251;113438096.00
20130403;31.23;31.50;29.73;29.99;5275505;159769376.00
20130408;29.30;31.19;28.38;30.81;4027242;120824040.00
20130409;30.58;31.87;30.50;31.33;3522154;110999360.00
20130410;31.33;32.05;30.26;30.38;2494268;77381744.00
20130411;30.52;30.99;29.66;29.83;4097540;122975640.00
20130412;29.70;29.96;28.47;28.75;5915402;170780400.00
20130415;28.05;28.71;27.91;28.36;4898939;138962128.00
20130416;28.66;29.78;28.29;29.64;3144387;90935504.00
20130417;29.77;30.15;29.36;30.01;3282609;97800368.00
20130418;29.75;31.00;29.50;30.33;2373120;72069000.00
20130419;30.00;32.00;30.00;31.61;4243844;132789016.00
20130422;31.59;34.18;31.59;34.03;5075337;169078464.00
20130423;34.25;34.60;33.46;33.89;5368339;182447376.00
20130424;33.90;37.08;33.70;35.72;6934722;245446976.00
20130425;35.65;37.36;34.86;36.90;6707612;245990032.00
20130426;37.21;37.48;35.20;35.89;4506113;162234880.00
20130502;35.15;36.50;34.61;35.23;3821738;136793712.00
20130503;35.02;37.00;34.96;36.01;5819036;210754704.00
20130506;36.28;37.40;35.63;36.86;3451637;127365392.00
20130507;36.49;37.96;36.10;37.39;3322950;124005696.00
20130508;37.88;40.11;37.35;39.97;4554959;176917664.00
20130509;40.00;40.36;37.70;38.11;6837284;262532768.00
20130510;38.18;39.97;37.20;38.83;6426165;247034000.00
20130513;38.81;38.81;37.28;37.66;5175402;196079664.00
20130514;37.68;38.49;36.98;37.19;5691630;213616352.00
20130515;37.21;37.96;36.59;37.79;3856339;143855088.00
20130516;37.60;38.46;37.03;37.89;5515363;208055888.00
20130517;37.82;38.19;37.03;37.52;4406414;165459264.00
20130520;37.52;38.13;36.50;36.99;4137290;153348112.00
20130521;37.00;39.53;37.00;38.56;5413057;208326176.00
20130522;38.70;39.30;38.00;38.97;3741995;144534896.00
20130523;38.90;38.92;36.40;37.40;6934751;259699232.00
20130524;37.20;37.38;36.28;36.66;3310644;121282576.00
20130527;36.60;38.31;36.28;37.48;4564432;170655392.00
20130528;37.52;37.96;37.00;37.68;2860970;106947592.00
20130529;37.88;39.69;37.29;38.20;7503297;288373312.00
20130530;37.85;38.09;37.31;37.66;3948128;148496192.00
20130531;37.96;38.00;36.22;36.53;3997394;147167952.00
20130603;36.50;36.50;35.05;35.35;4738484;168357648.00
20130604;35.42;35.43;34.02;34.55;3694430;127394952.00
20130605;34.48;34.48;33.30;34.40;7209409;244415232.00
20130606;34.20;36.22;34.00;35.44;6330696;224868480.00
20130607;35.34;36.23;34.58;35.90;4991676;178133744.00
20130613;35.20;35.38;32.86;34.67;5565848;188018848.00
20130614;34.50;35.61;33.61;35.05;3264086;114031456.00
20130617;34.78;34.98;32.79;32.99;7471356;249273200.00
20130618;32.75;35.15;32.75;35.10;5994313;204717952.00
20130619;35.02;35.10;33.61;35.04;4225877;145579200.00
20130620;34.75;34.75;33.40;33.69;5414540;182675360.00
20130621;32.90;34.61;32.82;33.93;3974687;134336096.00
20130624;34.38;34.38;31.50;32.47;5062217;166749952.00
20130625;32.00;33.39;31.00;33.19;5286081;172146768.00
20130626;33.49;34.50;33.20;34.35;4243732;144526176.00
20130627;34.38;35.78;34.38;34.70;3980086;140495152.00
20130628;34.80;35.78;34.50;35.42;3587874;127304128.00
20130701;35.50;36.76;35.35;36.65;4488347;162338560.00
20130702;36.85;37.87;36.70;37.34;6610575;246525168.00
20130703;37.32;37.34;36.50;36.67;6077197;223573200.00
20130704;36.62;37.18;35.35;36.59;5024513;182891136.00
20130705;36.88;37.83;36.84;37.13;3600624;134211392.00
20130708;36.50;37.34;35.83;36.43;2238347;81809872.00
20130709;36.42;36.42;35.95;36.02;3069502;110934280.00
20130710;36.00;36.48;35.42;36.40;2578897;92966568.00
20130711;36.55;38.30;36.04;37.17;6359756;236486528.00
20130712;37.30;37.36;35.90;36.03;5458539;198771984.00
20130715;36.45;36.95;36.06;36.63;2792646;101965392.00
20130716;36.65;37.20;36.60;37.01;3109080;114960848.00
20130717;36.90;37.38;36.15;36.98;3412578;125687008.00
20130718;36.98;36.98;35.70;35.75;3757461;135590976.00
20130719;35.59;36.39;34.18;34.21;3695394;130482912.00
20130722;33.98;35.21;33.65;35.10;2961551;102806200.00
20130723;35.17;36.36;34.71;35.79;3429953;122461032.00
20130724;36.86;39.37;36.86;38.84;11242988;435562848.00
20130725;39.22;39.50;37.40;37.88;3457936;132501632.00
20130726;37.91;38.20;36.36;37.16;3129832;116148560.00
20130729;37.03;37.25;36.12;36.88;2313843;84820432.00
20130730;37.22;38.33;36.04;37.51;4518644;168438656.00
20130731;37.30;38.58;37.01;37.09;2487449;93974880.00
20130801;37.48;37.93;36.75;37.58;2842175;106016632.00
20130802;37.88;37.99;36.84;36.99;2807333;104740544.00
20130805;36.77;38.23;36.48;38.11;3869903;144442272.00
20130806;38.18;41.18;37.66;40.59;9287653;367901504.00
20130807;40.35;42.60;40.05;40.92;5404220;222740224.00
20130808;42.00;44.88;41.97;43.33;6828966;293900864.00
20130809;43.20;44.60;42.00;44.20;3622298;157756512.00
20130812;44.01;44.60;42.58;43.29;4330791;188239360.00
20130813;43.29;43.48;41.58;42.43;3190333;135107088.00
20130814;42.75;43.96;42.63;43.06;3664137;158934192.00
20130815;42.88;42.90;41.76;41.87;2496855;105767240.00
20130816;41.86;46.06;41.61;42.89;6028972;261892208.00
20130819;43.23;43.58;42.20;43.43;2823283;121906128.00
20130820;43.46;43.90;42.80;43.71;2913984;126093904.00
20130821;43.70;43.74;42.80;43.40;3538854;152943888.00
20130822;43.20;43.60;42.50;42.83;2467659;105993584.00
20130823;43.04;44.33;42.70;43.89;3561582;155042672.00
20130826;43.50;47.40;43.50;47.10;4260128;196032448.00
20130827;46.78;47.03;45.81;46.60;2419507;112205272.00
20130828;46.20;46.39;45.52;45.75;2007020;92296560.00
20130829;45.69;46.41;45.41;45.77;1087761;49809096.00
20130830;45.77;46.57;44.02;44.61;2630182;119919776.00
20130902;45.18;46.11;44.37;45.83;1802779;81805432.00
20130903;45.65;46.50;45.30;46.19;2467622;113262680.00
20130904;45.60;47.45;45.20;46.25;3306571;153781856.00
20130905;46.24;46.74;45.90;46.19;1495754;69312960.00
20130906;46.19;46.69;45.30;45.85;1690401;77330424.00
20130909;46.35;48.00;46.35;47.60;3108699;147600336.00
20130910;47.60;47.68;46.50;47.03;1964933;91894200.00
20130911;47.20;47.47;45.24;46.22;3181541;146363248.00
20130912;46.19;47.58;45.82;46.38;2162279;101161296.00
20130913;46.89;47.03;45.00;45.18;3205010;145746944.00
20130916;45.16;46.68;45.16;46.42;3027202;139954272.00
20130917;46.55;47.40;46.55;47.37;2518599;118507904.00
20130918;47.65;48.15;46.51;47.76;2109526;99902536.00
20130923;47.80;50.49;47.50;50.26;2680481;133301552.00
20130924;49.26;51.70;49.26;50.42;2002182;101646920.00
20130925;50.02;50.43;49.00;50.40;1863664;92273488.00
20130926;50.02;50.02;47.66;48.89;2998332;146916096.00
20130927;48.85;50.17;48.85;49.33;1570292;77765976.00
20130930;49.38;51.40;49.38;51.08;2194271;111570136.00
20131008;51.20;52.85;50.19;52.50;1916781;99707856.00
20131009;52.40;52.85;51.12;51.73;2249347;116680648.00
20131010;52.20;52.20;50.85;51.48;2590291;132996464.00
20131011;51.40;52.52;50.85;52.06;2891282;149717376.00
20131014;52.40;52.63;51.06;51.41;2131475;109803720.00
20131015;51.42;51.92;50.66;51.13;2335619;119543816.00
20131016;51.18;51.18;49.32;50.50;2174393;109371136.00
20131017;50.51;51.28;49.90;50.17;1542602;77920832.00
20131018;50.19;51.41;50.10;50.65;1821052;92329720.00
20131021;50.90;51.94;49.80;51.93;3541261;179559776.00
20131022;51.60;52.85;50.80;51.23;2334299;120367608.00
20131023;51.61;51.90;49.90;50.58;1808600;91667760.00
20131024;50.00;50.10;47.15;48.39;4688047;226537136.00
20131025;47.69;47.70;43.55;43.56;11024426;492632864.00
20131028;43.48;44.97;41.26;43.98;7157448;310892192.00
20131029;43.70;44.65;42.26;44.07;3258554;141661472.00
20131030;44.25;44.25;42.50;43.36;4281470;185665200.00
20131031;43.06;43.22;40.51;42.08;4831521;201525440.00
20131101;41.80;44.35;41.70;43.69;3878447;168699328.00
20131104;43.72;44.47;43.00;43.28;1963827;85603000.00
20131105;43.08;44.39;41.52;43.93;2832821;122086080.00
20131106;44.01;44.01;39.76;40.20;5492883;227704608.00
20131107;39.95;41.41;39.05;39.08;5706735;227887280.00
20131108;39.12;41.31;39.00;40.60;6771206;275822560.00
20131111;40.90;42.22;40.77;41.40;3617752;150007664.00
20131112;41.30;41.79;39.68;40.47;3490531;140485440.00
20131113;40.07;40.38;37.47;38.11;6332177;244076736.00
20131114;38.06;39.40;37.45;38.72;3765112;145667296.00
20131115;38.77;40.25;38.77;39.35;5062301;200557168.00
20131118;39.80;42.70;39.80;42.14;5124222;210582608.00
20131119;42.16;43.20;42.10;42.57;3359809;143594320.00
20131120;42.98;43.66;41.83;42.78;2465860;104999584.00
20131121;42.74;42.74;40.81;41.19;3281307;135359008.00
20131122;41.83;42.60;40.81;41.93;2463491;103552784.00
20131125;41.04;46.12;41.04;44.88;5421408;242876208.00
20131126;44.89;46.96;44.51;45.99;2372600;108881096.00
20131127;45.70;46.50;45.19;45.69;1661532;76239232.00
20131128;45.98;46.96;44.90;45.53;2135919;97946616.00
20131129;45.43;45.79;44.65;44.98;2674201;120585600.00
20131202;43.45;45.80;43.42;44.42;2272109;101824040.00
20131203;44.12;45.10;43.88;44.58;2154991;95705184.00
20131204;44.65;45.40;44.23;45.01;3099905;139621120.00
20131205;45.18;46.16;44.51;45.14;3118789;141489184.00
20131206;45.55;47.20;45.55;46.65;4000080;186719520.00
20131209;46.68;47.20;45.70;46.86;2555387;118317120.00
20131210;46.85;48.00;46.14;46.34;2474844;116757744.00
20131211;45.90;46.69;44.90;45.40;1970990;89811344.00
20131212;45.18;46.00;44.83;45.81;1051080;47814000.00
20131213;44.87;46.81;44.76;46.65;2095097;96353224.00
20131216;46.05;46.15;44.10;45.02;3810335;170963408.00
20131217;45.00;45.00;42.51;42.56;3165732;137315392.00
20131218;42.70;42.98;40.60;42.11;3321676;138919440.00
20131219;42.45;42.50;41.00;41.36;2248406;93861240.00
20131220;41.90;41.90;37.22;38.26;3875923;156104208.00
20131223;39.13;40.75;39.13;40.56;3276221;131297048.00
20131224;40.56;43.30;40.56;43.10;3646974;155310496.00
20131225;42.99;44.00;42.50;43.10;2421360;105137880.00
20131226;42.52;42.96;41.00;41.44;3124838;129818888.00
20131227;41.98;42.48;41.23;41.71;1788924;75159808.00
20131230;41.89;42.24;40.97;41.13;2105184;86818040.00
20131231;40.58;41.89;40.57;41.17;2977098;123033600.00
20140102;41.20;43.20;41.20;43.16;2909345;123800496.00
20140103;43.03;43.03;41.61;42.28;1781910;74962624.00
20140106;42.10;42.10;40.70;40.98;2810052;114994392.00
20140107;40.25;41.00;40.08;40.50;3579181;144497632.00
20140108;40.50;41.50;40.17;40.79;3361785;136396896.00
20140109;40.65;40.98;38.60;39.50;8395906;331506304.00
20140110;39.00;39.89;37.85;39.75;5726618;222946768.00
20140113;39.73;39.75;38.36;38.95;3470053;135060912.00
20140114;37.00;38.73;35.06;38.70;9069228;336813728.00
20140115;37.97;38.12;36.85;37.30;5326613;200186976.00
20140116;37.00;37.00;35.51;35.87;7215728;259373920.00
20140117;35.89;36.91;35.87;36.09;5612858;204502976.00
20140120;36.09;36.09;34.70;35.27;3835791;135524752.00
20140121;35.80;36.95;35.50;36.00;3739251;135485584.00
20140122;36.01;37.10;36.01;37.03;5416139;198758576.00
20140123;37.25;37.81;36.45;36.58;4256500;157446192.00
20140124;36.40;36.71;35.90;36.43;5170516;187614880.00
20140127;36.38;36.38;35.60;35.90;4386187;157205984.00
20140128;36.00;37.39;36.00;37.19;5662430;207893312.00
20140129;37.40;37.71;37.26;37.53;3643587;136649568.00
20140130;37.51;37.51;36.00;36.55;4193188;153766112.00
20140207;35.60;36.51;34.80;36.14;5494228;198144096.00
20140210;36.28;38.50;36.18;37.77;5462112;205926080.00
20140211;38.20;38.51;37.21;37.74;5659385;214208816.00
20140212;37.84;38.30;37.16;37.57;5079977;190056336.00
20140213;37.90;38.30;37.00;37.51;5635946;212622688.00
20140214;37.55;37.88;37.19;37.69;3497640;131186488.00
20140217;37.72;37.98;37.20;37.67;4025916;151200976.00
20140218;37.65;37.65;36.19;36.52;5802867;212632512.00
20140219;36.30;36.30;35.40;35.70;7450325;265605040.00
20140220;35.64;36.20;35.20;35.24;5585936;199080352.00
20140221;35.02;35.96;34.85;35.34;3946538;139119328.00
20140224;34.90;34.90;33.00;33.26;6339167;213292256.00
20140225;33.40;33.61;31.20;31.92;10581247;337282464.00
20140226;31.44;32.05;30.67;31.47;7576931;237202000.00
20140227;31.52;31.74;30.00;30.15;8879451;271833120.00
20140228;30.15;31.30;29.67;30.89;5620854;171995440.00
20140303;30.87;31.30;30.51;30.74;5492886;169157360.00
20140304;30.55;30.55;29.17;29.49;8101456;240715392.00
20140305;29.50;29.97;29.15;29.63;5756792;170205440.00
20140306;29.65;29.86;28.60;29.09;6874880;199602496.00
20140307;29.28;30.95;28.90;30.81;11114641;333493440.00
20140310;30.50;32.64;30.23;31.84;16086823;508880544.00
20140311;31.83;33.19;31.68;32.85;12282309;401925088.00
20140312;32.85;33.50;31.48;32.37;6811132;219964480.00
20140313;32.06;33.55;31.51;33.18;8885565;288372224.00
20140314;32.93;33.28;32.35;32.47;5375607;175776416.00
20140317;32.58;33.23;32.21;33.09;5121471;168183456.00
20140318;33.07;33.15;32.38;32.57;4522285;147833088.00
20140319;32.40;35.45;31.18;33.08;18072913;596934208.00
20140320;32.00;32.59;30.50;30.57;10425034;331483264.00
20140321;30.15;31.70;29.59;31.30;7508274;231344016.00
20140324;31.29;33.48;30.71;33.46;13706836;445597856.00
20140325;33.45;35.20;33.08;33.89;13854991;477420608.00
20140326;33.89;34.23;32.87;33.73;7318213;245595408.00
20140327;34.16;34.40;33.17;33.57;6631834;224749248.00
20140328;33.60;34.18;32.75;32.86;5076748;168897760.00
20140331;32.68;33.16;32.18;32.47;3877121;126997920.00
20140401;32.36;32.66;32.00;32.62;4098276;132325000.00
20140402;32.75;34.20;32.75;33.44;6363538;213337712.00
20140403;33.23;34.40;33.10;33.59;5694762;192491440.00
20140404;33.58;34.43;33.33;33.92;5506463;187741392.00
20140408;33.92;36.25;33.77;36.23;12491155;442417920.00
20140409;36.20;36.49;35.72;35.96;6019678;216782784.00
20140410;35.90;36.78;35.50;36.11;6444914;233196544.00
20140411;36.12;36.15;35.35;35.38;4572253;162728336.00
20140414;35.20;37.30;35.20;36.94;8290385;304942496.00
20140415;37.40;37.58;36.28;36.38;4599934;168689952.00
20140416;36.29;36.49;35.50;35.95;4188491;150149760.00
20140417;35.97;36.67;35.65;36.40;3174558;114941288.00
20140418;35.90;35.92;34.03;34.39;12010041;415559968.00
20140421;33.99;33.99;32.81;32.82;9857033;327635776.00
20140422;32.76;33.20;31.90;32.94;6561383;212394192.00
20140423;32.66;32.68;32.01;32.07;3310943;106714360.00
20140424;32.07;33.14;32.02;32.71;4282817;140193984.00
20140425;33.00;33.12;32.01;32.18;2385543;77651032.00
20140428;32.43;32.43;31.41;31.60;4040902;128379808.00
20140429;31.49;32.44;31.45;32.30;3094458;99434160.00
20140430;32.45;33.45;32.10;32.80;3528382;116005088.00
20140505;32.85;33.66;32.75;33.62;3755273;124995400.00
20140506;33.61;33.90;33.06;33.21;2625068;87701728.00
20140507;33.38;33.48;31.71;31.88;3942014;127070232.00
20140509;28.69;28.69;28.69;28.69;2368900;67963744.00
20140512;26.59;27.77;26.28;27.27;27710511;742958912.00
20140513;26.97;28.20;26.59;28.00;12822211;349797472.00
20140514;27.51;27.98;27.43;27.50;7038110;194696576.00
20140515;27.50;27.60;26.53;26.73;7342397;196989280.00
20140516;26.63;27.30;26.42;26.99;5074551;136700080.00
20140519;26.97;27.10;26.20;26.69;6922391;184062768.00
20140520;26.85;27.27;26.68;26.90;5391402;145329616.00
20140521;26.90;28.46;26.60;28.40;9845995;273839200.00
20140522;28.45;28.96;27.90;28.38;7265367;206733376.00
20140523;27.79;27.90;27.42;27.78;3656815;101403256.00
20140526;28.20;28.80;27.95;28.17;5112680;144506816.00
20140527;28.20;28.56;27.92;28.18;3718548;105197904.00
20140528;28.15;28.58;28.05;28.43;3485426;98922512.00
20140529;28.44;28.95;28.44;28.77;5338416;153414848.00
20140530;28.77;28.98;28.50;28.65;3731569;107207432.00
20140603;28.66;28.80;27.60;28.07;4938339;138442480.00
20140604;27.94;28.35;27.50;28.20;4102819;113923200.00
20140605;28.04;28.60;28.01;28.35;2484904;70365280.00
20140606;28.35;28.43;27.80;27.90;2740386;76682272.00
20140609;27.10;27.10;25.53;26.29;11050866;290885568.00
20140610;26.70;26.70;26.11;26.55;4907506;130081016.00
20140611;26.55;26.80;26.32;26.68;5175610;137297728.00
20140612;26.69;27.32;26.41;27.07;4178864;112713160.00
20140613;26.90;27.39;26.80;27.16;6774685;183468784.00
20140616;26.98;27.57;26.77;27.42;4881611;133343688.00
20140617;27.35;27.36;26.84;27.00;3714286;100336552.00
20140618;26.91;27.18;26.45;26.51;3582906;95354232.00
20140619;26.50;26.62;25.99;26.23;2919786;76459568.00
20140620;26.23;26.37;26.00;26.26;2097414;55016552.00
20140623;26.26;26.30;26.02;26.13;3677222;96031512.00
20140624;26.11;26.30;26.01;26.20;3703549;96877240.00
20140625;26.18;26.18;25.22;25.55;4149806;106333472.00
20140626;25.61;25.78;25.45;25.56;3805239;97492864.00
20140627;25.57;25.59;24.86;25.34;7614974;191826224.00
20140630;25.34;25.34;25.00;25.30;5621987;141387648.00
20140701;25.32;25.59;25.17;25.54;4873543;124063096.00
20140702;25.57;25.66;25.25;25.53;5784855;147127456.00
20140703;25.53;25.63;25.21;25.47;11144529;283082976.00
20140704;25.58;26.86;25.43;26.72;16122650;422521632.00
20140707;26.75;27.16;26.25;26.57;9315955;248550848.00
20140708;26.61;27.22;26.31;27.00;8916424;239718800.00
20140709;26.90;26.95;26.26;26.34;7049266;186904784.00
20140710;26.33;26.59;26.19;26.40;3428715;90344896.00
20140711;26.30;27.17;26.21;26.40;8064753;215030144.00
20140714;26.55;27.48;26.26;27.44;11168350;301994880.00
20140715;27.30;27.55;26.78;27.25;6464073;175846528.00
20140716;27.28;28.43;27.27;27.84;10145708;284142144.00
20140717;27.85;28.98;27.56;28.67;11196915;319629984.00
20140718;28.60;29.25;28.42;28.60;7534942;216324768.00
20140721;28.55;28.59;27.70;27.83;6390635;179806752.00
20140722;27.78;30.20;27.78;29.99;14433991;423895136.00
20140723;29.55;30.98;29.29;30.03;10736782;324821376.00
20140724;30.60;31.50;30.05;30.77;9338513;288391648.00
20140725;30.99;31.59;30.20;30.76;5341209;164518640.00
20140728;30.60;31.34;30.46;30.75;7664215;236742240.00
20140729;30.74;31.36;29.98;30.98;10764626;331320800.00
20140730;30.84;30.98;30.20;30.51;6303868;192456224.00
20140731;30.37;30.79;30.05;30.76;4721734;143290528.00
20140801;30.70;32.00;30.49;31.45;9867541;309885056.00
20140804;31.43;33.29;31.30;33.28;8655312;282097952.00
20140805;33.00;33.33;32.60;33.19;4644464;153181840.00
20140806;33.10;33.76;32.35;33.18;6560240;216269424.00
20140807;33.15;33.77;32.41;32.50;5197547;170833952.00
20140808;32.40;32.98;32.22;32.87;4420324;144424512.00
20140811;32.91;33.27;32.41;32.99;4725359;155934464.00
20140812;32.97;33.18;32.56;32.90;3523235;115657344.00
20140813;32.92;33.36;32.26;32.69;6135173;201148640.00
20140814;32.40;32.40;30.80;30.96;10620627;335502976.00
20140815;31.08;31.33;30.50;30.88;7943877;245187056.00
20140818;30.91;31.19;30.86;31.03;4558768;141314288.00
20140819;31.05;31.20;30.50;31.00;5766005;177626976.00
20140820;31.00;31.04;30.51;30.73;4313348;132645216.00
20140821;30.76;30.85;30.15;30.37;4237906;129170680.00
20140822;30.37;31.09;30.03;31.05;6617154;203075520.00
20140825;31.15;32.19;31.12;31.97;10063783;319148896.00
20140826;31.97;32.19;31.22;31.42;5043498;160106336.00
20140827;31.40;32.23;31.30;31.93;6727034;214907744.00
20140828;31.93;32.14;31.36;31.61;3111239;98310096.00
20140829;31.61;32.00;30.60;31.75;5543517;172414736.00
20140901;31.66;32.30;31.02;31.68;4886258;154144736.00
20140902;31.68;31.84;31.15;31.57;5795018;181874608.00
20140903;31.54;32.67;31.52;32.50;10529999;340121632.00
20140904;32.55;32.75;32.21;32.50;6459473;209971760.00
20140905;32.46;33.15;32.21;33.01;7244747;238430624.00
20140909;33.01;33.01;31.94;32.08;9617895;310307392.00
20140910;32.00;32.00;31.35;31.94;4781487;151715648.00
20140911;31.95;32.20;31.59;31.68;5376159;171128896.00
20140912;31.70;31.98;31.62;31.87;5014328;159130288.00
20140915;31.80;31.80;31.00;31.10;7555818;235812928.00
20140916;31.10;31.22;30.50;30.52;6007816;184935552.00
20140917;30.85;31.20;30.51;31.14;4490573;138805520.00
20140918;31.12;31.15;30.60;30.87;4366327;134561216.00
20140919;30.99;31.09;30.68;31.01;3500998;108023424.00
20140922;31.05;31.49;30.91;31.35;6102144;190542512.00
20140923;31.20;31.33;30.73;31.01;3658279;113387936.00
20140924;30.90;31.30;30.65;31.16;4744921;147021360.00
20140925;31.24;31.42;30.75;30.89;4092052;127325904.00
20140926;30.80;30.88;30.57;30.58;3083407;94576960.00
20140929;30.57;30.57;29.92;30.26;5676236;171310864.00
20140930;30.27;30.45;30.00;30.41;4219317;127837112.00
20141008;30.42;30.77;30.20;30.72;3988442;121777160.00
20141009;31.14;32.67;31.14;32.31;13094394;421754400.00
20141010;32.31;32.31;31.66;32.10;5318804;170243088.00
20141013;32.10;32.10;31.49;31.95;4551541;144424320.00
20141014;31.95;31.95;31.40;31.56;5205796;164546224.00
20141015;31.50;31.50;30.86;31.11;4485502;139601776.00
20141016;30.89;31.31;30.71;30.80;3429469;106232872.00
20141017;30.61;31.50;30.51;31.19;3713994;115000832.00
20141020;31.20;31.63;31.02;31.28;2847450;89149040.00
20141021;31.30;31.36;30.60;30.62;3425618;106062752.00
20141022;30.75;31.35;30.65;30.95;3323885;102917344.00
20141023;31.12;31.33;30.50;31.27;4312550;133099824.00
20141024;30.55;30.60;29.11;29.18;11183163;333907456.00
20141027;29.13;30.00;27.60;29.76;6554064;190458256.00
20141028;29.65;30.14;29.51;29.83;3624976;107877944.00
20141029;29.82;30.25;29.76;29.96;3846972;115406704.00
20141030;30.21;30.39;29.97;30.14;3761222;113525824.00
20141031;30.14;30.75;30.00;30.63;4098983;125228760.00
20141103;30.63;31.12;30.22;30.45;4559975;139914048.00
20141104;31.35;32.55;31.30;31.45;8854609;280733792.00
20141105;31.48;33.19;31.48;32.80;13312975;434411712.00
20141106;32.88;33.15;31.94;32.34;6439067;208675136.00
20141107;32.35;32.81;31.69;32.45;7003239;226271408.00
20141110;32.40;33.20;32.15;32.71;6705926;219663776.00
20141111;32.81;33.10;32.32;32.38;7034816;230175056.00
20141112;32.50;33.00;32.47;32.80;3081867;100824952.00
20141113;32.85;33.20;32.39;32.88;5113834;168079056.00
20141114;32.78;33.00;31.55;31.81;5483825;176114368.00
20141117;31.81;32.58;31.68;31.83;3470371;111560384.00
20141118;31.70;32.41;31.55;32.12;2810771;89975168.00
20141119;32.08;32.83;31.81;32.24;2944050;95060024.00
20141120;31.81;32.23;31.47;31.70;3389624;107528520.00
20141121;31.70;31.96;31.70;31.84;2539890;80870984.00
20141124;32.00;33.50;31.95;33.38;10559118;347925536.00
20141125;33.38;34.56;33.30;34.52;9201460;311056928.00
20141126;34.55;35.49;33.80;34.30;6338451;218762096.00
20141127;34.31;34.59;33.80;34.36;3973300;135726896.00
20141128;34.36;36.80;33.82;36.43;10641815;381157280.00
20141201;36.43;37.80;35.53;35.94;7552194;275645056.00
20141202;35.67;38.50;35.67;37.91;9306993;350651104.00
20141203;38.00;39.40;37.40;38.27;8341479;318841600.00
20141204;38.42;39.30;38.23;38.60;6394391;247573904.00
20141205;40.01;42.46;39.50;42.38;16540229;686292096.00
20141208;41.66;43.49;41.12;42.51;10620997;448074912.00
20141209;42.38;42.38;38.50;38.64;14715357;600304128.00
20141210;38.80;42.30;38.80;41.54;8559288;347988416.00
20141211;41.54;41.90;40.10;40.82;6550708;267875840.00
20141212;40.85;41.67;39.89;40.28;5523151;224170736.00
20141215;40.26;40.85;39.50;40.19;6173233;246411488.00
20141216;40.20;40.25;39.30;39.65;5542958;219430272.00
20141217;39.67;40.18;38.30;38.90;10580943;412783904.00
20141218;38.90;39.38;38.15;38.41;8704548;336964928.00
20141219;38.45;39.50;38.45;39.25;6616730;257961152.00
20141222;39.28;39.89;38.30;39.57;9015114;350942080.00
20141223;39.60;39.96;38.66;38.98;6200432;244026752.00
20141224;38.97;39.45;36.90;37.32;9570455;361616608.00
20141225;37.00;38.88;37.00;38.83;5552475;211522832.00
20141226;38.89;39.28;38.02;39.03;5793319;223838064.00
20141229;39.60;41.75;39.51;41.12;10801327;439254784.00
20141230;40.88;42.07;40.19;41.25;7046094;290124928.00
20141231;40.60;41.95;40.60;41.55;4117736;169903536.00
20150105;41.55;45.25;41.20;44.73;11717403;512867168.00
20150106;43.75;48.55;43.65;44.53;11223663;515204832.00
20150107;44.99;45.00;41.91;42.93;8307256;356356928.00
20150108;42.51;43.98;41.65;42.55;7468440;319257664.00
20150109;42.65;44.58;42.65;42.80;8389501;365635200.00
20150112;42.88;43.99;42.42;43.63;6577347;284496000.00
20150113;43.70;45.29;43.70;44.76;5472247;244716080.00
20150114;44.30;45.28;43.50;43.53;3803790;168084240.00
20150115;43.00;43.80;41.62;43.10;4876945;207791632.00
20150116;43.25;43.80;41.97;42.29;5382463;228332944.00
20150119;41.00;41.88;39.00;39.41;6961835;280851264.00
20150120;39.80;42.91;39.55;42.16;8904109;370874976.00
20150121;42.48;43.86;41.42;43.38;5697998;245211376.00
20150122;43.28;44.45;42.88;43.81;5305339;232555712.00
20150123;43.98;45.13;43.68;44.10;5449245;243370768.00
20150126;44.31;44.95;43.28;44.10;3489334;153392352.00
20150127;45.50;48.00;44.95;46.13;7402897;342581344.00
20150128;46.20;46.95;44.84;45.24;4373121;200647280.00
20150129;44.80;45.00;43.81;44.73;3784755;167838000.00
20150130;44.50;46.20;44.16;44.30;3538361;159131504.00
20150202;43.80;45.17;43.79;44.79;3125547;139748624.00
20150203;46.10;47.31;45.51;47.03;6695295;309637568.00
20150204;48.00;49.37;46.88;46.99;4649930;222048080.00
20150205;47.50;48.21;45.80;45.93;4883976;227655232.00
20150206;47.75;49.50;47.68;48.35;10433670;507431904.00
20150209;48.30;50.77;48.27;50.18;7642242;381058368.00
20150210;49.50;51.00;49.23;50.35;5928868;298250528.00
20150211;49.60;52.31;49.51;50.66;4461997;227744608.00
20150212;50.66;51.00;49.50;50.67;3256392;163608864.00
20150213;50.70;51.17;49.45;49.95;4769529;239078688.00
20150216;49.00;50.50;48.12;49.91;3760382;185157680.00
20150217;49.90;52.30;49.82;51.09;3013658;154224448.00
20150225;51.50;51.50;48.56;50.01;3954352;196384608.00
20150226;50.50;50.50;48.80;49.56;3682023;181320624.00
20150227;49.61;50.00;48.80;48.98;3749758;183957328.00
20150302;48.98;49.11;48.11;48.87;4396548;213685424.00
20150303;48.90;49.12;48.18;48.28;4823972;234107440.00
20150304;48.28;50.10;47.42;50.06;8869488;431821664.00
20150305;50.16;50.16;47.40;47.99;8283537;398593056.00
20150306;47.75;48.88;47.06;47.92;5095925;244018896.00
20150309;48.15;48.70;47.10;48.45;5395214;258160368.00
20150310;48.45;48.47;47.68;48.04;3105227;148970240.00
20150311;48.06;48.46;47.30;47.86;3558181;170659456.00
20150312;47.75;48.29;47.04;48.00;3868706;184311744.00
20150313;48.00;49.72;47.62;49.30;6762646;331739424.00
20150316;49.30;49.88;48.20;49.77;6312697;310098560.00
20150317;49.82;50.20;49.31;50.14;4524343;225572512.00
20150318;50.14;50.14;49.50;49.96;4548607;226250560.00
20150319;50.60;50.88;49.88;50.06;5346997;268529344.00
20150320;50.06;50.20;48.51;48.88;8872187;434586880.00
20150323;50.18;51.83;49.99;51.68;12513955;638233472.00
20150324;51.88;54.88;51.00;53.39;10594688;556881280.00
20150325;52.55;53.49;51.90;52.81;7037737;370131808.00
20150326;52.81;54.00;51.81;52.32;6221797;326934368.00
20150327;52.31;52.56;51.24;51.93;3560699;184843456.00
20150330;52.21;53.76;51.91;53.10;5547702;292901024.00
20150331;53.58;54.47;51.80;52.01;6729724;358146848.00
20150401;52.00;53.00;51.50;52.50;6134814;320439456.00
20150402;52.50;52.94;50.80;51.41;9318806;477651872.00
20150403;51.21;51.66;50.43;51.45;7525441;384008192.00
20150407;51.51;55.86;51.51;55.81;14213906;768038464.00
20150408;55.60;56.30;54.00;55.26;11064452;610255936.00
20150409;55.30;55.53;52.30;54.50;6864053;368981824.00
20150410;53.98;54.86;53.43;54.06;7975782;431002688.00
20150413;53.83;54.98;52.58;54.88;9080461;487009408.00
20150414;54.60;54.60;53.18;53.41;5639740;302241888.00
20150415;53.10;55.34;52.72;53.71;6334274;340951584.00
20150416;53.70;55.50;53.31;55.47;7119202;390920928.00
20150417;55.81;58.36;55.81;56.53;8629128;489943200.00
20150420;56.60;57.00;53.09;53.15;11430847;620325312.00
20150421;53.10;55.40;53.00;55.00;8163145;443498464.00
20150422;55.00;55.95;54.11;55.74;10357409;571149888.00
20150423;55.70;59.50;55.00;58.17;16211534;940717184.00
20150424;57.00;57.00;55.10;56.51;9230568;518321248.00
20150427;56.40;57.06;55.05;56.71;11778516;658206528.00
20150428;55.50;56.00;53.13;53.94;13336139;723285312.00
20150429;53.97;54.59;53.02;54.26;7446282;401287168.00
20150430;54.40;54.77;52.00;52.60;11133853;589888512.00
20150504;52.11;53.65;52.11;52.85;5885748;311066784.00
20150505;52.48;52.78;49.98;50.19;9328263;478391648.00
20150506;50.99;51.44;49.80;50.07;8720514;439817568.00
20150507;49.97;50.01;48.88;49.11;7392765;365586464.00
20150508;49.58;50.17;49.11;49.89;8502050;421027552.00
20150511;50.00;51.15;48.90;51.09;20959346;1037773184.00
20150512;50.85;51.08;49.88;50.04;17905081;898412800.00
20150513;50.00;50.00;48.20;48.57;21016152;1024167936.00
20150514;48.27;49.20;47.60;47.99;18304301;883811072.00
20150515;48.28;48.50;46.50;47.08;20252514;954508864.00
20150518;47.17;48.67;47.13;47.66;19618963;940991168.00
20150519;47.86;49.22;47.86;49.13;19943499;973404352.00
20150520;49.60;49.92;48.61;48.81;20714656;1017525440.00
20150521;48.72;49.38;48.16;49.34;19267882;935489664.00
20150522;49.97;51.50;49.40;51.42;25468659;1279340800.00
20150525;51.45;52.83;51.45;52.33;22662528;1180680192.00
20150526;51.98;51.98;50.00;50.75;26559543;1342865408.00
20150527;50.75;51.00;49.30;49.43;24175244;1205026048.00
20150528;49.39;49.40;46.93;47.06;24848262;1195499392.00
20150529;47.01;47.48;44.77;46.28;17054280;788572288.00
20150601;46.20;47.94;45.73;47.85;22098025;1037337856.00
20150602;47.60;47.75;46.13;47.08;23585140;1107589120.00
20150603;47.07;48.52;46.50;47.78;21605099;1030252800.00
20150604;47.80;48.58;45.58;47.26;27414752;1287274624.00
20150605;47.56;48.35;47.22;47.97;30374536;1450674944.00
20150608;48.48;50.10;48.38;49.92;40191291;1987177088.00
20150609;50.28;50.29;48.59;48.95;25389294;1249181440.00
20150610;48.50;49.07;47.51;48.65;20239062;978666560.00
20150611;48.78;48.78;47.63;47.99;18224674;874126912.00
20150612;48.18;48.45;47.63;47.97;16021232;769082816.00
20150615;47.99;48.10;46.33;46.49;19057233;896229248.00
20150616;45.93;46.36;45.52;46.13;12357750;568153984.00
20150617;46.13;46.39;44.64;46.02;14730913;671899392.00
20150618;46.17;46.17;42.70;42.76;16857673;750745088.00
20150713;38.50;46.88;38.50;44.89;68492936;2952629504.00
20150714;42.66;43.45;40.40;40.40;48082719;1994822528.00
20150715;37.18;38.39;36.36;36.36;25436457;935632704.00
20150716;36.36;36.36;32.72;34.27;29899029;1034107456.00
20150717;34.28;36.95;34.27;36.20;25159071;892359296.00
20150720;36.24;36.50;34.60;35.09;27426695;973223936.00
20150721;34.50;35.76;34.02;35.60;21121168;736856832.00
20150722;35.83;36.49;34.76;35.59;22518856;802906368.00
20150723;35.57;39.15;35.02;38.51;37446276;1372844416.00
20150724;37.77;39.66;37.26;38.50;42026888;1613352192.00
20150727;37.35;38.25;34.65;34.65;24501779;896898368.00
20150728;33.60;34.12;31.19;33.20;29930909;981739840.00
20150729;33.80;34.10;31.80;34.00;27910647;919061440.00
20150730;33.95;33.95;31.30;32.10;16270118;540816896.00
20150731;31.57;33.23;31.45;32.99;20710159;671141440.00
20150803;32.35;34.29;32.30;34.25;17470733;585862080.00
20150804;34.31;34.97;33.30;34.80;15810370;542826880.00
20150805;34.36;34.67;33.40;33.43;11259612;382928800.00
20150806;32.80;34.20;32.42;33.06;9335319;312583968.00
20150807;32.55;33.95;32.55;33.40;11008403;368100096.00
20150810;33.46;34.90;33.46;34.64;16364167;559896000.00
20150811;34.88;34.95;34.10;34.33;16022104;554665152.00
20150812;34.01;34.31;33.29;33.39;11196142;378481216.00
20150813;33.08;33.70;32.90;33.63;8566917;285499008.00
20150814;33.64;33.86;33.11;33.51;11533251;386887488.00
20150817;33.47;33.47;32.83;33.23;9607981;318525856.00
20150818;33.26;34.07;30.00;30.62;15641606;509648320.00
20150819;29.99;30.98;28.92;30.87;14110470;426338656.00
20150820;30.55;30.79;29.44;29.63;9510983;286812288.00
20150821;29.02;29.55;27.31;27.49;13490449;383510464.00
20150824;26.01;26.59;24.74;24.74;21608753;539987584.00
20150825;23.00;24.14;22.27;22.27;16956850;388704928.00
20150826;22.62;23.85;21.40;22.77;17007532;388440192.00
20150827;23.19;24.79;22.75;24.73;14959437;352738880.00
20150828;24.95;26.20;24.80;25.71;17777565;451135392.00
20150831;27.00;28.28;26.45;28.28;24685516;673353408.00
20150901;27.90;28.48;25.93;28.36;26331685;724730496.00
20150902;26.75;29.35;26.64;29.23;23724153;674474432.00
20150907;28.85;29.49;26.70;26.92;17321484;490589088.00
20150908;26.60;28.30;26.22;27.99;12320299;337757344.00
20150909;28.01;29.16;27.78;28.41;14352396;409730880.00
20150910;28.00;29.29;27.92;28.49;10165156;292563616.00
20150911;28.50;29.00;28.15;28.54;6635720;189709920.00
20150914;28.80;29.00;26.30;27.39;12575712;347576352.00
20150915;27.06;27.06;24.95;25.01;8446424;220205792.00
20150916;25.18;27.48;24.97;27.02;7687616;200110656.00
20150917;27.00;27.99;26.57;26.70;8655406;236603264.00
20150918;27.00;27.33;25.94;26.31;7477231;198170816.00
20150921;26.00;27.99;25.75;27.86;8183774;220766064.00
20150922;27.95;28.10;27.51;27.89;7131901;198756256.00
20150923;27.60;28.05;26.82;27.79;8724334;239846592.00
20150924;27.79;29.47;27.79;29.12;13758007;396299872.00
20150925;28.80;29.00;27.60;28.00;9334576;264721216.00
20150928;27.90;30.38;27.90;29.89;16113790;473206080.00
20150929;29.20;30.02;28.86;29.75;11692435;343964416.00
20150930;31.49;32.73;30.40;32.73;24748617;782864448.00
20151008;35.99;36.00;35.01;35.58;27763646;991069696.00
20151009;35.45;35.80;34.61;35.34;15959356;560803008.00
20151012;35.80;38.19;35.30;37.27;25339534;925133760.00
20151013;12.43;13.49;12.34;13.19;33079695;432888544.00
20151014;12.27;12.73;12.20;12.21;72772028;903005568.00
20151015;12.06;12.35;11.76;12.27;51840563;625879808.00
20151016;12.30;12.35;11.86;12.06;47390964;571457152.00
20151019;12.06;12.74;11.86;12.63;66616615;819506112.00
20151020;12.54;12.54;12.15;12.39;49995704;614965888.00
20151021;12.29;12.32;11.25;11.36;60191113;713314816.00
20151022;11.33;11.75;11.26;11.70;34378655;397663520.00
20151023;11.80;12.08;11.80;12.02;37921693;454031616.00
20151026;12.24;12.49;12.02;12.29;49966295;612914560.00
20151027;12.16;12.16;11.71;12.07;32335349;386543360.00
20151028;12.08;12.13;11.70;11.77;29172900;346721920.00
20151029;11.90;11.98;11.76;11.88;19499954;231637120.00
20151030;11.86;11.86;11.57;11.69;19835431;231888224.00
20151102;11.43;11.94;11.36;11.69;24406158;287422336.00
20151103;11.66;11.82;11.60;11.72;15860570;185226160.00
20151104;11.75;12.07;11.70;12.05;35519258;423809920.00
20151105;12.07;12.49;12.02;12.23;61932776;759777472.00
20151106;12.20;12.44;12.02;12.30;40299192;494822240.00
20151109;12.30;12.48;12.12;12.28;47772819;586814592.00
20151110;12.24;12.25;11.99;12.15;42479386;513709440.00
20151111;12.15;12.25;12.03;12.17;28635302;347474464.00
20151112;12.23;12.25;12.03;12.09;27859591;337271296.00
20151113;12.05;12.87;12.03;12.54;77651761;970624640.00
20151116;12.36;12.38;12.11;12.36;38448959;471000384.00
20151117;12.39;12.48;12.21;12.24;41424457;511439584.00
20151118;12.43;12.43;12.13;12.21;22995913;281574912.00
20151119;12.24;12.54;12.17;12.51;37450350;462497216.00
20151120;12.51;13.49;12.30;13.34;90231093;1177917056.00
20151123;13.23;14.38;13.15;13.90;80647200;1118288000.00
20151124;13.93;14.18;13.40;13.65;41741768;567712576.00
20151125;13.58;13.58;13.40;13.54;33104867;446249984.00
20151126;13.65;13.67;13.11;13.13;41764047;555233728.00
20151127;13.00;13.45;12.15;12.28;43933012;564734080.00
20151130;12.15;12.39;11.50;12.21;34337951;413473152.00
20151201;12.20;12.30;11.99;12.17;21864895;264658768.00
20151202;12.17;13.14;12.06;12.83;40801988;518465408.00
20151203;12.83;12.87;12.54;12.80;27288088;345862912.00
20151204;12.75;12.75;12.44;12.52;23583498;295829888.00
20151207;12.55;12.66;12.35;12.54;19439246;242814192.00
20151208;12.46;12.46;12.14;12.19;17881477;219212672.00
20151209;12.08;12.70;12.07;12.46;28296871;351240384.00
20151210;12.40;12.50;12.10;12.15;26442951;324007456.00
20151211;12.13;12.30;12.03;12.08;16470428;199441200.00
20151214;12.00;12.27;11.90;12.25;22093080;267705344.00
20151215;12.26;12.36;12.07;12.17;21917860;266666480.00
20151216;12.19;12.23;12.02;12.08;26532120;320613344.00
20151217;12.11;12.26;12.08;12.22;31567790;384676768.00
20151218;12.22;12.27;12.07;12.16;26121085;317733824.00
20151221;12.16;12.48;12.11;12.35;37108896;457288064.00
20151222;12.36;12.54;12.22;12.33;29902989;369487744.00
20151223;12.34;12.55;12.20;12.43;42140394;520137856.00
20151224;12.33;12.40;12.10;12.16;28284711;345102944.00
20151225;12.18;12.25;12.05;12.14;22119974;268156848.00
20151228;12.18;12.24;12.01;12.05;24284481;294007584.00
20151229;12.00;12.11;11.98;12.08;13324426;160462768.00
20151230;12.09;12.14;12.01;12.10;15047062;181946016.00
20151231;12.10;12.13;12.02;12.04;12811531;154695200.00
20160104;12.00;12.07;10.91;10.97;20254385;233992704.00
20160105;10.78;11.40;10.35;11.22;28101994;306788992.00
20160106;11.22;11.45;11.17;11.42;17155007;195034720.00
20160107;11.30;11.30;10.41;10.50;4577714;49540436.00
20160108;10.75;11.05;9.97;10.67;22011546;234272608.00
20160111;10.47;10.56;9.90;9.94;23423939;238535488.00
20160112;10.00;10.14;9.71;9.95;15356276;152573696.00
20160113;10.00;10.14;9.71;9.72;14414964;143426528.00
20160114;9.52;9.97;9.45;9.95;15372564;149338608.00
20160115;9.95;9.95;9.50;9.55;12466837;120758704.00
20160118;9.45;9.69;9.38;9.58;12302345;117661560.00
20160119;9.61;9.85;9.51;9.83;14878741;144537312.00
20160120;9.84;9.85;9.60;9.63;14831601;143929536.00
20160121;9.50;9.73;9.24;9.26;13158065;124847104.00
20160122;9.36;9.46;9.16;9.34;9214654;85787064.00
20160125;9.43;9.46;9.30;9.37;9240637;86719152.00
20160126;9.30;9.30;8.43;8.45;22386864;198509168.00
20160127;8.48;8.60;7.88;8.35;20767153;170177360.00
20160128;8.26;8.35;8.00;8.01;11578845;94528112.00
20160129;7.94;8.47;7.60;8.34;32936773;264524672.00
20160201;8.25;8.26;7.86;7.99;21624597;174045040.00
20160202;8.00;8.20;7.90;8.14;16868505;136778768.00
20160203;8.04;8.09;7.90;8.04;12263181;97916432.00
20160204;8.09;8.22;8.06;8.13;17345853;141113280.00
20160205;8.14;8.15;8.01;8.06;12246465;98952576.00
20160215;7.79;8.02;7.69;7.94;11615299;91441208.00
20160216;8.00;8.25;8.00;8.25;17418860;142524576.00
20160217;8.24;8.70;8.16;8.60;27892167;234258336.00
20160218;8.63;8.66;8.46;8.47;23162481;197642096.00
20160219;8.48;8.69;8.43;8.54;15265695;130549952.00
20160222;8.66;9.39;8.66;9.19;40146750;365795424.00
20160223;9.21;9.29;8.90;9.02;22948566;207190352.00
20160224;9.00;9.15;8.91;9.10;17879533;161651552.00
20160225;9.15;9.29;8.24;8.35;33644001;296623776.00
20160226;8.41;8.56;8.22;8.50;17585170;148052128.00
20160229;8.28;8.45;7.85;8.21;21334605;172129904.00
20160301;8.25;8.32;8.01;8.18;18002083;146928208.00
20160302;8.21;8.56;8.18;8.55;22664904;190704816.00
20160303;8.56;8.75;8.51;8.69;23038968;198676400.00
20160304;8.73;8.96;8.42;8.82;36824796;323386016.00
20160307;9.08;9.09;8.73;8.85;22030434;195630480.00
20160308;8.90;8.91;8.45;8.85;18589188;160709248.00
20160309;8.65;8.74;8.50;8.71;13842415;119413408.00
20160310;8.69;8.76;8.48;8.50;11045348;94885040.00
20160311;8.46;8.57;8.32;8.51;9207026;77907352.00
20160314;8.60;8.87;8.59;8.77;18275213;160424576.00
20160315;8.77;9.17;8.67;9.14;27617497;245721744.00
20160316;9.03;9.24;8.93;9.08;24317653;221014496.00
20160317;9.08;9.22;9.00;9.13;18820306;171884496.00
20160318;9.15;9.34;9.10;9.17;37265832;343181504.00
20160321;9.21;9.34;9.15;9.27;34164970;315253856.00
20160322;9.24;9.24;9.06;9.10;22249473;203384464.00
20160323;9.05;9.37;9.03;9.23;24603457;226611840.00
20160324;9.20;9.38;9.01;9.19;31539555;291049632.00
20160325;9.18;9.20;9.02;9.10;19262629;175518768.00
20160328;9.05;9.16;8.95;8.99;18047957;163582528.00
20160329;8.96;9.01;8.81;8.89;14511648;129025056.00
20160330;8.98;9.13;8.95;9.13;16911740;153612528.00
20160331;9.16;9.20;9.09;9.12;14300460;130769744.00
20160401;9.04;9.10;8.92;9.09;13487869;121440096.00
20160405;9.08;9.19;9.03;9.18;26835294;244947328.00
20160406;9.15;9.20;9.09;9.13;17200217;157126384.00
20160407;9.18;9.19;9.00;9.02;16565964;150247264.00
20160408;8.95;8.97;8.73;8.85;15666397;139014960.00
20160411;8.87;9.02;8.87;8.98;12346101;110663624.00
20160412;8.98;9.00;8.84;8.91;10680671;94970240.00
20160413;8.95;9.09;8.92;9.05;20635896;186754016.00
20160414;9.11;9.20;9.07;9.11;16100589;146910928.00
20160415;9.16;9.19;9.01;9.09;13094825;119214080.00
20160418;9.09;9.09;8.89;8.94;10750149;96023832.00
20160419;8.94;9.01;8.90;8.95;7186288;64244188.00
20160420;8.96;8.98;8.25;8.67;22235765;191623024.00
20160421;8.64;8.65;8.48;8.51;8903453;76308912.00
20160422;8.47;8.59;8.41;8.59;6703600;57088692.00
20160425;8.56;8.67;8.42;8.61;10068453;85971296.00
20160426;8.61;8.64;8.52;8.61;6700917;57532704.00
20160427;8.62;8.72;8.55;8.60;9894338;85564016.00
20160428;8.61;8.65;8.44;8.52;7683563;65402456.00
20160429;8.51;8.53;8.45;8.47;7192425;60983316.00
20160503;8.47;8.64;8.42;8.63;10595645;90812888.00
20160504;8.64;9.14;8.64;8.99;30141063;270857280.00
20160505;8.90;8.97;8.83;8.94;13286421;118064056.00
20160506;8.99;9.00;8.57;8.60;16362367;143398880.00
20160509;8.60;8.60;8.30;8.35;14332870;120005352.00
20160510;8.30;8.41;8.28;8.34;7402781;61714588.00
20160511;8.37;8.67;8.27;8.49;17310502;147134752.00
20160512;8.40;8.57;8.28;8.54;11783989;99730072.00
20160513;8.43;8.57;8.40;8.44;7053009;59764848.00
20160516;8.38;8.47;8.32;8.46;6007349;50537492.00
20160517;8.46;8.48;8.36;8.41;5336427;44873480.00
20160518;8.38;8.39;8.21;8.34;9507964;78848336.00
20160519;8.34;8.38;8.26;8.29;6540595;54482556.00
20160520;8.28;8.31;8.20;8.29;5756597;47553304.00
20160523;8.32;8.39;8.30;8.35;6249888;52228584.00
20160524;8.39;8.49;8.27;8.37;9432156;78969184.00
20160525;8.42;8.43;8.28;8.30;7527244;62749820.00
20160526;8.35;8.39;8.23;8.34;7175337;59597688.00
20160527;8.33;8.36;8.26;8.34;5713408;47581432.00
20160530;8.36;8.56;8.24;8.49;11978357;100739888.00
20160531;8.31;8.58;8.28;8.56;22440271;189993248.00
20160601;8.57;8.65;8.49;8.49;12620164;108129416.00
20160602;8.48;8.62;8.46;8.56;9492095;81239760.00
20160603;8.55;8.76;8.53;8.65;14827007;128833264.00
20160606;8.68;8.70;8.61;8.66;7689430;66531292.00
20160607;8.70;8.76;8.64;8.72;10221125;89157208.00
20160608;8.72;8.72;8.55;8.64;6493437;56015460.00
20160613;8.58;8.59;8.33;8.34;8576161;72872952.00
20160614;8.32;8.48;8.31;8.40;6356650;53363044.00
20160615;8.38;8.78;8.31;8.69;14666342;126913664.00
20160616;8.66;8.74;8.52;8.54;9479499;81601120.00
20160617;8.57;8.85;8.54;8.69;21133882;184589440.00
20160620;8.70;8.75;8.58;8.62;8369822;72227696.00
20160621;8.65;8.76;8.62;8.64;10654279;92540296.00
20160622;8.62;8.74;8.60;8.70;6780352;58765880.00
20160623;8.67;8.74;8.47;8.56;11810887;101474504.00
20160624;8.56;8.63;8.28;8.40;11792736;99374096.00
20160627;8.36;8.47;8.33;8.46;6988352;58904636.00
20160628;8.46;8.48;8.38;8.44;10450931;88058384.00
20160629;8.45;8.49;8.43;8.46;8866913;74956896.00
20160630;8.50;8.50;8.41;8.44;6522763;55064992.00
