20100803;28.80;33.40;28.51;31.44;100198868;2985380352.00
20100804;30.58;32.12;30.10;31.99;57868158;1797550848.00
20100805;33.20;33.70;31.85;32.39;43139818;1413776512.00
20100806;32.20;33.96;31.65;33.17;32680057;1069865984.00
20100809;32.93;33.60;32.50;33.31;23900531;788081664.00
20100810;33.50;34.16;32.98;33.05;26312373;882350464.00
20100811;32.90;33.04;31.71;32.00;20836670;671083648.00
20100812;31.67;31.88;30.31;30.64;17323942;539800256.00
20100813;30.65;31.43;30.50;31.15;12510278;388306656.00
20100816;31.00;31.73;30.28;31.55;14603413;453292960.00
20100817;31.45;31.68;30.50;31.27;13491996;420106560.00
20100818;31.30;32.00;31.09;31.32;13212017;416413472.00
20100819;31.29;31.58;30.50;30.95;12916724;399924512.00
20100820;30.80;31.88;30.55;31.42;14907082;468468704.00
20100823;31.65;32.30;31.10;32.28;12163304;386669248.00
20100824;32.26;32.85;31.80;31.92;13850389;447299328.00
20100825;31.92;32.35;30.65;30.72;12108690;378860224.00
20100826;31.20;31.31;30.51;30.90;6083655;187945776.00
20100827;30.61;30.94;30.52;30.81;4275548;131299328.00
20100830;31.14;31.88;30.87;31.40;7869818;247152464.00
20100831;31.05;32.40;30.78;32.00;11367677;358009952.00
20100901;31.90;33.46;31.71;32.38;15061403;490633856.00
20100902;32.73;32.96;32.03;32.77;11114967;362369376.00
20100903;32.90;33.26;31.90;32.33;8663141;281870944.00
20100906;32.47;35.56;32.21;35.56;23511934;804575616.00
20100907;35.44;35.44;33.96;34.55;16689047;576154624.00
20100908;34.20;34.95;33.93;34.55;8611857;296506528.00
20100909;34.30;35.40;33.41;33.62;12307136;423142176.00
20100910;33.80;34.80;33.23;34.41;8369252;284166816.00
20100913;34.33;35.18;34.00;34.46;6969525;241365328.00
20100914;34.50;34.98;33.90;34.49;6206289;213347120.00
20100915;34.48;34.48;32.80;33.10;6985522;233797808.00
20100916;33.00;33.35;31.89;32.09;5607547;181931024.00
20100917;32.25;32.37;31.45;32.03;3643676;116665120.00
20100920;32.21;32.21;31.05;31.16;3461546;108984480.00
20100921;31.24;31.70;30.98;31.30;1789046;56010556.00
20100928;31.80;32.16;30.91;31.09;5153326;162633312.00
20100929;31.00;31.96;30.80;31.32;3192990;100571344.00
20100930;31.00;32.10;30.88;31.83;3041993;96725856.00
20101008;32.22;33.60;32.18;33.14;5542862;183436688.00
20101011;33.00;34.10;32.70;33.10;7334978;245441488.00
20101012;33.10;34.14;32.80;34.00;8932859;300513376.00
20101013;33.89;34.51;33.29;33.89;6212866;210153776.00
20101014;33.90;33.91;31.90;31.96;7488725;244257728.00
20101015;31.90;32.47;31.09;31.52;5166741;164177024.00
20101018;31.80;33.88;31.50;33.71;11638081;378901312.00
20101019;33.41;34.61;32.91;34.44;10081052;341564800.00
20101020;34.00;37.88;33.00;36.96;22181371;805726016.00
20101021;36.30;36.60;34.90;35.86;12380972;442235392.00
20101022;35.50;36.65;35.00;35.25;9592638;343501568.00
20101025;36.00;36.78;35.30;36.21;12032800;433076672.00
20101026;36.20;36.25;34.81;35.31;7626427;269482912.00
20101027;35.20;36.08;34.38;34.52;6785219;238837424.00
20101028;34.50;34.96;34.04;34.71;3994709;137996384.00
20101029;34.60;35.62;34.17;35.30;4920338;172385648.00
20101101;35.30;36.51;35.03;36.03;7994043;287600384.00
20101102;36.03;36.26;34.91;34.94;6876030;244286704.00
20101103;34.97;35.17;33.70;33.96;4885915;168411584.00
20101104;33.96;34.95;33.85;34.58;5888376;201842832.00
20101105;34.81;35.96;34.62;35.40;9731693;342591552.00
20101108;36.00;37.96;35.35;37.60;17871859;652635264.00
20101109;37.15;38.58;36.60;37.46;9189341;344107168.00
20101110;37.40;39.40;37.15;37.99;10473526;401262880.00
20101111;38.17;39.35;36.73;36.92;11257125;431542464.00
20101112;36.90;37.50;34.70;35.31;12572875;452786784.00
20101115;36.25;37.29;35.31;37.17;9802690;355332608.00
20101116;36.78;39.97;36.78;38.11;20343963;779568704.00
20101117;37.60;39.39;36.79;37.17;14932533;571603968.00
20101118;37.53;37.97;35.85;36.83;7946786;292123840.00
20101119;37.00;39.69;36.53;39.36;12311040;472882720.00
20101122;39.34;41.26;38.68;39.17;12059494;482437184.00
20101123;39.30;41.00;38.70;40.49;9896512;394210432.00
20101124;40.00;41.78;39.88;41.22;7229268;296002016.00
20101125;41.55;42.99;40.95;41.84;9090164;382096384.00
20101126;41.35;42.28;40.85;41.40;5175143;214482912.00
20101129;40.80;41.18;40.00;40.50;6651784;269250112.00
20101130;40.40;41.50;38.31;40.49;9930686;397235776.00
20101201;40.10;40.29;39.28;39.59;4534135;180779184.00
20101202;40.30;41.36;40.08;40.27;6638402;270156000.00
20101203;40.54;41.65;39.71;40.79;7549442;307871552.00
20101206;40.79;41.83;39.66;40.07;6653826;270401312.00
20101207;39.31;41.00;38.80;40.91;4992093;198727840.00
20101208;40.88;43.28;40.61;42.35;10643035;450399584.00
20101209;42.00;42.99;41.70;42.03;4732518;200194912.00
20101210;41.81;43.15;41.64;42.96;5694403;242740816.00
20101213;44.00;45.82;43.30;45.17;10980754;492973472.00
20101214;45.00;45.70;44.46;44.72;5855295;262562304.00
20101215;44.90;45.36;44.00;44.57;5084076;227389312.00
20101216;44.57;45.25;43.68;43.72;4880603;216435504.00
20101217;44.58;44.58;43.13;43.89;4286725;187386992.00
20101220;43.65;44.47;42.21;43.98;6319609;274544352.00
20101221;43.96;44.81;43.50;43.94;5125664;226704656.00
20101222;43.96;44.23;42.96;43.34;4989023;215880752.00
20101223;43.30;43.40;42.18;42.71;5421774;231073760.00
20101224;42.31;43.20;42.00;42.51;4172345;177875104.00
20101227;42.79;43.55;38.90;40.41;7956247;332270976.00
20101228;39.50;40.65;39.30;40.22;4050277;161386336.00
20101229;40.50;41.50;40.23;41.40;3931744;161135584.00
20101230;41.65;41.65;40.60;41.21;2559122;105025368.00
20101231;41.22;42.50;41.00;42.42;3711222;155127808.00
20110104;42.60;44.10;42.08;43.72;5693763;246724928.00
20110105;43.23;44.33;43.23;43.42;5066311;222082224.00
20110106;43.42;43.91;41.86;41.88;4391479;186925760.00
20110107;41.70;42.45;41.50;41.65;2273892;95079368.00
20110110;41.50;42.15;40.88;40.96;2871342;118841280.00
20110111;40.60;42.00;40.60;41.39;2841400;117102560.00
20110112;41.53;42.49;39.76;40.27;4086228;165178256.00
20110113;40.05;40.50;39.50;39.78;2858707;113901848.00
20110114;39.56;39.94;38.95;39.08;2437217;95733696.00
20110117;38.90;39.78;36.66;37.04;3976135;151233376.00
20110118;37.04;37.92;37.00;37.86;3067963;114371992.00
20110119;37.80;39.57;37.60;39.33;2780377;107787456.00
20110120;39.35;39.35;37.50;37.60;2310846;88457464.00
20110121;37.58;38.64;37.07;37.86;3520186;133100472.00
20110124;38.01;38.38;37.38;37.48;2255484;85273072.00
20110125;37.50;38.73;35.58;38.61;4763875;175985632.00
20110126;38.25;39.76;38.10;39.37;4670461;182965888.00
20110127;39.20;42.00;38.60;41.39;6920169;282408224.00
20110128;41.70;41.70;40.80;41.52;3930205;162530016.00
20110131;41.50;42.53;40.70;42.03;3758683;157312000.00
20110201;42.03;42.30;41.45;41.50;1625142;67708040.00
20110209;41.31;41.88;40.03;40.85;2309416;94880064.00
20110210;40.78;42.10;40.40;42.04;1975938;81617424.00
20110211;41.99;42.80;41.61;42.13;2618905;110496384.00
20110214;42.00;43.19;42.00;42.64;4089529;175036048.00
20110215;42.80;43.33;41.38;41.44;4655362;196534384.00
20110216;41.40;44.88;41.34;44.06;10434880;454801344.00
20110217;43.81;46.68;43.81;45.97;10913342;497913760.00
20110218;46.01;46.08;45.10;45.37;3728067;169737120.00
20110221;45.11;47.88;45.11;47.63;5588113;263168224.00
20110222;47.40;47.49;44.00;44.98;5634762;257694352.00
20110223;44.55;45.86;44.55;45.44;2460573;111359472.00
20110224;45.40;45.60;43.01;44.47;3616590;160466320.00
20110225;44.19;44.39;42.90;44.01;2053158;89685272.00
20110228;44.10;45.80;43.46;45.41;3471807;156612496.00
20110301;45.55;45.69;43.71;44.21;4609732;205493120.00
20110302;43.79;44.50;42.94;43.73;2574567;111760072.00
20110303;43.63;43.88;42.00;42.26;3997383;171021024.00
20110304;42.26;43.60;42.21;43.34;2992579;128521296.00
20110307;43.35;44.99;43.35;44.40;3552499;157114064.00
20110308;44.56;45.65;44.42;44.63;4199634;189313776.00
20110309;44.70;45.12;43.80;44.39;1901736;83881040.00
20110310;44.18;44.20;43.07;43.27;1996578;86598080.00
20110311;43.04;43.96;42.80;42.87;2055125;89066360.00
20110314;42.80;43.38;42.37;42.94;2521469;107692112.00
20110315;42.85;42.88;41.20;42.06;2514355;105260864.00
20110316;41.88;42.83;41.88;42.71;1661072;70699568.00
20110317;42.43;43.30;42.00;42.70;1703630;72902304.00
20110318;43.00;43.30;42.30;42.74;1220639;52118796.00
20110321;42.56;42.85;41.50;41.66;1793317;75477448.00
20110322;41.80;42.55;41.25;42.37;1636126;68573464.00
20110323;42.31;42.95;42.11;42.61;1826504;77904528.00
20110324;42.63;43.29;42.60;43.00;1779176;76405176.00
20110325;42.95;43.18;42.74;42.93;2721061;116871752.00
20110328;42.83;42.83;39.95;40.23;9103919;372301248.00
20110329;40.28;40.50;39.10;39.17;5022829;198109152.00
20110330;39.17;39.78;38.62;39.62;4000323;157186128.00
20110331;39.60;39.76;38.12;38.90;1886289;73773424.00
20110401;38.97;39.89;38.79;38.87;4077582;159172048.00
20110406;38.88;39.45;38.18;38.97;3177524;122906280.00
20110407;39.10;39.54;38.65;39.49;3022159;117798040.00
20110408;39.50;40.50;39.21;39.98;4433619;177559824.00
20110411;40.02;40.35;39.18;39.25;3184218;126665456.00
20110412;39.01;39.80;39.01;39.46;1800111;70999264.00
20110413;39.30;39.69;38.88;39.56;1413741;55602100.00
20110414;39.40;39.70;38.75;38.78;3011653;117280560.00
20110415;38.75;38.98;37.48;37.79;3647997;138483776.00
20110418;37.31;37.98;37.31;37.53;1707866;64255268.00
20110419;37.12;37.77;36.80;36.90;2673226;99146984.00
20110420;36.90;37.57;36.50;37.56;2377291;88360368.00
20110421;37.66;38.50;37.62;38.14;2723262;104155256.00
20110425;38.53;38.57;36.80;37.17;3056120;114114056.00
20110426;37.03;38.50;37.03;38.10;2392819;90835008.00
20110427;38.12;38.38;37.31;37.89;2298969;87339744.00
20110428;37.99;38.10;36.88;36.96;1511553;56542108.00
20110429;36.96;37.73;36.80;37.69;1309874;48788084.00
20110503;37.72;38.21;37.00;38.21;3118103;117062944.00
20110504;38.00;38.01;36.88;36.99;2402933;89653472.00
20110505;36.82;37.20;34.97;35.25;4926260;175822656.00
20110506;35.08;35.30;34.45;34.78;1687323;58796336.00
20110509;35.00;35.54;34.84;35.05;1751894;61754568.00
20110510;35.32;35.75;35.12;35.63;2165121;76860656.00
20110511;35.69;35.98;35.25;35.51;1237230;44082100.00
20110512;35.05;35.80;35.00;35.06;1270797;44919444.00
20110513;35.10;35.79;34.88;35.78;1503815;53203256.00
20110516;35.78;36.21;35.61;35.86;1076003;38660264.00
20110517;35.90;37.26;35.37;36.70;2666569;97510616.00
20110518;36.69;36.96;36.28;36.71;1494648;54716980.00
20110519;36.85;36.88;36.00;36.19;1053889;38433004.00
20110520;36.07;36.20;35.71;35.95;965434;34688736.00
20110523;35.95;35.95;34.40;34.48;1959947;68210000.00
20110524;34.45;34.78;34.06;34.55;965409;33155272.00
20110525;34.52;34.69;34.20;34.60;905000;31236164.00
20110526;34.88;34.88;33.90;33.94;889050;30524136.00
20110527;33.95;34.26;32.54;32.62;1559304;51634824.00
20110530;32.38;32.55;31.90;32.00;1044112;33636472.00
20110531;32.05;33.10;31.50;33.06;2630890;84653648.00
20110601;32.70;33.66;32.58;33.23;1665350;55215676.00
20110602;32.78;33.38;32.21;33.31;1427734;46660580.00
20110603;33.10;34.38;33.03;33.49;2566564;86630992.00
20110607;33.20;34.35;33.10;34.26;2490120;84803568.00
20110608;34.26;34.46;33.50;34.18;1769557;60315544.00
20110609;33.99;34.09;32.90;32.91;1762465;58929276.00
20110610;32.69;32.99;32.01;32.76;1915311;62137628.00
20110613;32.50;32.56;32.11;32.40;975176;31507148.00
20110614;32.25;33.00;32.25;32.69;1770253;57928044.00
20110615;32.50;32.94;32.30;32.30;1486757;48528384.00
20110616;32.05;32.18;31.54;31.67;1221807;38889552.00
20110617;31.80;31.95;30.70;30.83;1376194;43265396.00
20110620;30.75;32.17;30.75;31.80;2255525;71436624.00
20110621;31.77;32.37;31.64;32.34;1419652;45543156.00
20110622;32.32;32.72;31.90;32.30;1143976;37041332.00
20110623;32.37;33.60;32.07;33.32;2125087;70393024.00
20110624;33.11;35.67;33.11;35.38;4800513;166916880.00
20110627;35.30;35.53;34.99;35.15;1847668;65041264.00
20110628;35.14;35.49;34.69;35.24;1365526;47890300.00
20110629;35.08;35.99;35.02;35.26;1727241;61262352.00
20110630;35.30;36.90;35.25;36.46;3083471;111898336.00
20110701;36.56;36.78;35.79;35.96;1777394;64274356.00
20110704;36.20;37.08;35.83;36.48;3275798;119776320.00
20110705;36.65;37.00;36.20;36.71;1785725;65419516.00
20110706;36.50;36.65;35.70;36.18;2532913;91094080.00
20110707;36.15;36.73;35.70;35.75;2637605;95414440.00
20110708;35.68;35.68;34.85;35.15;2534131;89095392.00
20110711;35.00;35.90;34.86;35.65;2442881;86445632.00
20110712;35.28;35.28;35.01;35.10;1875191;65810536.00
20110713;35.11;35.87;34.88;35.65;2370544;84179608.00
20110714;35.87;35.99;35.50;35.95;2270644;81174376.00
20110715;36.03;36.20;35.59;36.18;2360910;84784464.00
20110718;36.19;37.59;36.18;37.21;4909474;181764896.00
20110719;37.04;37.29;36.60;36.61;2413014;89130496.00
20110720;36.99;36.99;35.12;35.71;3913557;139914176.00
20110721;35.80;35.80;34.83;34.89;2215170;77642888.00
20110722;34.87;35.23;34.60;34.91;2502206;87289576.00
20110725;34.65;34.78;32.99;33.10;3086117;103551568.00
20110726;33.10;33.40;32.81;33.25;1061415;35053604.00
20110727;32.94;34.33;32.80;33.74;1883628;63536624.00
20110728;33.37;33.80;32.98;33.34;2034658;67654544.00
20110729;33.34;33.47;31.69;32.00;3714281;119622376.00
20110801;31.93;32.37;31.61;31.96;2795597;89513784.00
20110802;31.90;32.39;31.76;32.38;3940103;126167072.00
20110803;32.00;33.62;31.80;32.90;3347386;110459136.00
20110804;32.88;33.32;32.43;32.70;1907175;62573808.00
20110805;31.60;32.36;31.18;31.89;3759640;119992584.00
20110808;31.27;31.72;29.62;30.03;2517866;77189920.00
20110809;29.45;29.90;28.85;29.36;4326414;126740088.00
20110810;30.08;30.31;29.49;29.55;4442277;133293848.00
20110811;28.95;29.82;28.80;29.64;3956926;116338288.00
20110812;30.00;30.88;30.00;30.85;6294672;192484272.00
20110815;30.80;31.25;30.43;31.17;6874635;213010192.00
20110816;31.33;32.23;31.21;31.89;10346570;329793952.00
20110817;31.70;31.79;31.10;31.52;7678637;241198576.00
20110818;31.55;31.67;30.21;30.25;4460042;138259696.00
20110819;29.38;30.09;29.20;29.94;4941725;146923200.00
20110822;29.95;30.90;28.96;30.60;6712403;199983296.00
20110823;30.25;30.50;29.99;30.46;3365804;101875888.00
20110824;30.85;31.09;30.10;30.15;3712215;113809464.00
20110825;30.22;31.43;29.98;31.33;3918054;120704496.00
20110826;31.00;31.35;30.80;31.13;3065044;95262528.00
20110829;30.83;31.27;30.68;30.97;2094483;64736820.00
20110830;31.22;31.99;30.78;30.80;4056632;127375272.00
20110831;30.80;31.00;30.12;30.95;2526689;77127544.00
20110901;30.95;31.16;30.35;30.41;1619004;49692436.00
20110902;30.41;30.60;29.75;29.88;1838864;55322248.00
20110905;29.40;29.80;29.25;29.29;2286258;67517816.00
20110906;29.02;29.55;29.01;29.15;1666820;48867728.00
20110907;29.45;29.87;29.20;29.74;1972588;58336632.00
20110908;29.98;29.98;29.45;29.47;1556874;46258452.00
20110909;29.68;29.74;28.98;29.10;2237521;65722292.00
20110913;28.05;28.50;27.82;28.01;3001267;84207768.00
20110914;28.00;28.29;27.64;28.16;2079463;58204072.00
20110915;28.20;28.59;28.13;28.17;2128193;60432708.00
20110916;28.40;28.48;27.91;27.97;1598421;44997064.00
20110919;28.00;28.00;26.90;26.94;2403636;65458372.00
20110920;26.78;27.17;26.72;26.94;1410066;37956156.00
20110921;26.94;28.20;26.60;27.92;3588945;99033272.00
20110922;27.70;27.71;26.66;26.68;2377509;64525716.00
20110923;26.08;26.37;25.62;25.96;3060367;79273176.00
20110926;25.76;26.15;25.41;25.43;2098273;53891452.00
20110927;25.79;26.10;25.62;25.82;1734688;44804448.00
20110929;25.01;25.46;24.76;25.08;2556768;64096832.00
20110930;25.16;25.25;24.55;24.71;1766155;44083440.00
20111010;24.76;25.45;24.76;25.03;1856791;46656992.00
20111011;25.55;26.20;24.75;24.82;7301046;186579296.00
20111012;24.75;26.02;24.01;25.91;6153014;155534864.00
20111013;26.15;26.68;25.78;26.25;6324337;166751312.00
20111014;26.00;26.15;25.50;25.70;4260020;109557328.00
20111017;25.79;26.15;25.45;25.61;5809415;149848272.00
20111018;25.35;25.40;24.70;24.76;3558484;88897248.00
20111019;24.36;24.59;23.65;23.79;2336893;56020444.00
20111020;23.71;23.88;23.03;23.07;2912982;67955008.00
20111021;23.03;23.34;22.95;23.08;2177088;50348528.00
20111024;23.25;23.85;22.82;23.77;3034282;71020000.00
20111025;23.85;24.99;23.68;24.66;6030623;146906928.00
20111026;24.48;25.58;24.48;25.50;9660244;243518256.00
20111027;25.56;25.65;25.00;25.20;8901127;225433472.00
20111028;25.56;26.00;25.23;25.69;8419105;215533184.00
20111031;25.83;26.90;25.83;26.51;12609513;334195392.00
20111101;26.27;27.09;26.20;26.66;10064797;269152832.00
20111102;26.10;26.92;25.60;26.90;11881276;310351104.00
20111103;27.03;27.78;26.56;26.60;12528051;340696608.00
20111104;26.75;26.90;26.15;26.39;9974351;263487136.00
20111107;26.24;26.34;25.77;26.00;7657231;198975168.00
20111108;26.01;26.30;25.60;25.67;7344116;190435600.00
20111109;25.73;26.68;25.52;26.65;9161613;237956240.00
20111110;26.27;27.17;26.11;26.84;17398968;464249344.00
20111111;27.01;27.14;26.10;26.28;11336749;299911008.00
20111114;26.46;26.93;26.00;26.90;13628541;360875328.00
20111115;26.65;27.85;26.45;27.60;17788550;483864768.00
20111116;27.62;27.96;27.11;27.68;17241805;474378976.00
20111117;27.40;28.49;27.22;28.24;14588420;406454912.00
20111118;27.77;28.08;26.82;27.06;17445822;477938048.00
20111121;26.95;27.06;26.11;26.51;8629402;228397152.00
20111122;26.15;26.80;25.78;26.35;10069730;264073664.00
20111123;26.48;26.70;26.01;26.67;6191550;163418048.00
20111124;26.31;26.65;25.93;26.21;6021699;158022480.00
20111125;26.01;26.25;24.90;25.05;12799760;325954080.00
20111128;25.00;25.17;24.46;24.61;8867947;219357616.00
20111129;24.98;26.30;24.98;26.18;11911470;305608416.00
20111130;26.03;26.03;24.89;25.20;11196510;284914624.00
20111201;25.93;27.05;25.79;26.31;16046267;422705888.00
20111202;26.00;26.30;25.76;25.89;7424294;193075616.00
20111205;25.50;25.86;24.72;24.86;8400605;210355744.00
20111206;24.85;25.14;24.15;25.03;6830666;167688448.00
20111207;24.87;25.09;24.68;24.81;3902709;97085696.00
20111208;24.73;25.89;24.70;25.52;6095150;154550384.00
20111209;25.24;26.18;25.00;26.13;11514883;296699808.00
20111212;26.14;26.64;25.90;25.96;8453739;222554096.00
20111213;25.58;25.89;25.25;25.75;5903932;151228784.00
20111214;25.55;26.79;25.55;26.31;11916138;313637184.00
20111215;26.13;26.50;25.66;26.18;9374043;244594336.00
20111216;26.21;26.75;25.31;26.66;11806223;309912896.00
20111219;26.23;26.69;25.87;26.67;11898752;313782912.00
20111220;26.65;26.82;25.78;25.81;11025486;292071424.00
20111221;26.01;26.08;24.57;24.58;9962695;252228912.00
20111222;24.57;24.84;23.47;24.29;7814104;188452128.00
20111223;24.10;24.89;24.01;24.56;5143179;125965688.00
20111226;24.45;24.85;24.15;24.33;3403185;83505144.00
20111227;24.22;24.39;23.65;23.71;4027874;96335896.00
20111228;23.59;23.65;22.88;23.40;4923002;114017472.00
20111229;23.23;23.90;23.10;23.78;3328171;78536064.00
20111230;23.95;24.90;23.94;24.87;6216724;152222272.00
20120104;25.10;25.19;24.01;24.14;6403585;158766992.00
20120105;24.00;24.24;23.03;23.23;4313973;102181544.00
20120106;23.09;23.22;21.11;22.27;9600026;211796928.00
20120109;22.05;23.58;21.80;23.56;8355082;191449392.00
20120110;23.39;25.35;23.39;25.18;15413572;378731392.00
20120111;25.08;25.21;24.56;24.80;11082724;276119424.00
20120112;24.81;25.06;24.38;24.62;9208687;227691424.00
20120113;24.66;24.85;23.60;23.95;9524274;229061824.00
20120116;23.61;24.25;23.49;23.52;3701496;88193528.00
20120117;23.60;25.29;23.57;25.12;8799736;215859840.00
20120118;25.30;25.50;24.32;24.52;8442155;211346720.00
20120119;24.60;25.94;24.52;25.73;9546914;240810464.00
20120120;25.75;26.35;25.62;26.17;9835034;256351728.00
20120130;26.20;26.28;25.55;25.58;7299004;189215696.00
20120131;25.59;25.88;25.07;25.81;5956286;151585680.00
20120201;25.62;27.23;25.62;26.61;18281741;487604480.00
20120202;26.61;27.78;26.60;27.76;18810927;511973536.00
20120203;27.50;28.06;27.33;27.96;14854433;412106976.00
20120206;28.03;28.57;27.50;28.09;19204185;539820160.00
20120207;27.95;28.28;27.00;27.67;21297767;591366720.00
20120208;27.66;27.66;26.13;27.23;45654364;1229071872.00
20120209;27.00;29.75;26.88;28.61;44552346;1249910400.00
20120210;28.40;28.79;28.00;28.33;21259581;603486208.00
20120213;28.10;28.77;27.81;28.24;19013388;538075136.00
20120214;28.29;28.29;27.38;27.87;20988594;582985280.00
20120215;27.80;28.23;27.43;28.02;18482285;515244384.00
20120216;27.92;28.71;27.68;28.06;20698128;584307264.00
20120217;28.25;28.36;27.61;27.75;11643881;324480736.00
20120220;28.13;28.27;27.70;27.72;13139457;367741184.00
20120221;27.67;29.46;27.66;29.28;33539256;960448448.00
20120222;29.25;29.58;29.00;29.54;26795211;785244608.00
20120223;29.56;29.84;29.02;29.46;18857710;555376000.00
20120224;29.56;30.26;29.40;29.98;26717452;799637376.00
20120227;30.19;31.33;29.84;30.61;34078355;1044036864.00
20120229;30.26;30.41;29.21;29.23;23818409;710998784.00
20120301;29.12;30.00;29.11;29.39;14437012;427977632.00
20120302;29.53;30.49;29.49;30.39;19152435;574813952.00
20120305;30.44;30.81;30.15;30.46;17046196;518346464.00
20120306;30.35;30.35;29.22;29.97;19805146;588231232.00
20120307;29.90;30.31;29.30;29.41;16371970;488451040.00
20120308;29.55;30.71;29.39;30.65;24203447;726966144.00
20120309;30.95;31.66;30.57;31.61;28611395;893030720.00
20120312;31.61;31.67;30.95;31.19;22065570;689533824.00
20120313;15.80;16.18;15.55;15.69;43991201;695590080.00
20120314;15.49;16.10;14.39;14.78;96273192;1483036928.00
20120315;14.79;15.06;14.15;14.91;65123984;949999552.00
20120316;14.85;15.05;14.29;14.82;47847916;704292096.00
20120319;14.61;14.72;14.30;14.60;34704105;504436800.00
20120320;14.60;14.86;14.11;14.15;37712542;545887424.00
20120321;14.25;14.59;13.90;14.48;44278272;634800064.00
20120322;14.45;14.45;14.09;14.23;25842055;369052640.00
20120323;14.20;14.65;14.13;14.33;36121075;519613600.00
20120326;14.33;14.47;13.96;14.11;22473355;318856992.00
20120327;14.28;14.36;13.70;13.78;29970378;419706272.00
20120328;13.69;13.69;12.91;13.08;37426589;494145792.00
20120329;12.99;13.20;12.64;12.72;24462894;316212768.00
20120330;12.75;12.90;12.48;12.84;22081794;281173216.00
20120405;12.86;13.54;12.71;13.51;34499686;456110336.00
20120406;13.50;13.50;13.21;13.30;23065690;307894784.00
20120409;13.17;13.19;12.83;12.84;21839753;284562688.00
20120410;12.69;13.33;12.65;13.30;23062584;298473472.00
20120411;13.09;13.50;13.05;13.37;25566846;340907712.00
20120412;13.37;13.59;13.28;13.53;28918170;389309120.00
20120413;13.50;13.76;13.46;13.53;25823025;351538784.00
20120416;13.40;14.05;13.38;13.91;29522514;408188320.00
20120417;13.90;14.04;13.69;13.72;22181607;308064864.00
20120418;13.82;14.12;13.61;14.05;23604641;329435456.00
20120419;14.04;14.29;13.96;14.11;19108679;269759264.00
20120420;13.96;14.24;13.95;14.06;15534867;218701040.00
20120423;13.99;14.05;13.49;13.51;18808564;258078000.00
20120424;13.41;13.82;13.34;13.72;18034377;245018448.00
20120425;13.68;13.85;13.60;13.73;14171458;194352032.00
20120426;14.00;14.25;13.85;13.87;27881288;392794912.00
20120427;13.87;14.10;13.80;14.00;15967000;222753968.00
20120502;14.31;14.96;14.07;14.75;44504045;648269568.00
20120503;14.64;14.94;14.59;14.70;27549731;406030240.00
20120504;14.68;15.28;14.65;15.14;44113170;661731520.00
20120507;15.02;15.25;14.95;15.19;29661290;447751360.00
20120508;15.12;15.20;14.69;14.87;29155716;434063392.00
20120509;14.67;14.89;14.48;14.51;26185087;384044992.00
20120510;14.55;14.73;14.51;14.55;15876758;231846048.00
20120511;14.51;14.73;14.39;14.42;15700157;228292544.00
20120514;14.50;14.69;14.30;14.37;20371383;295293856.00
20120515;14.21;14.31;13.97;14.29;16238737;229774736.00
20120516;14.26;14.34;13.89;13.91;15409889;217446272.00
20120517;13.93;14.20;13.87;14.18;14392883;202147200.00
20120518;14.00;14.04;13.66;13.70;18847928;260256592.00
20120521;13.73;14.08;13.70;13.89;11727477;162712160.00
20120522;14.00;14.25;13.95;14.23;14995940;212483632.00
20120523;14.24;14.38;14.08;14.24;15749374;224486080.00
20120524;14.18;14.48;14.16;14.29;15610221;223636512.00
20120525;14.29;14.38;13.87;13.90;11923087;167928240.00
20120528;13.78;14.16;13.56;14.14;17259167;238974096.00
20120529;14.13;14.48;14.03;14.25;23062480;329362944.00
20120530;14.20;14.28;13.81;13.90;25495612;357168608.00
20120531;13.77;13.88;13.65;13.76;20425623;280693728.00
20120601;13.75;13.88;13.50;13.59;21195119;289692224.00
20120604;13.27;13.40;12.89;12.91;25383594;333673568.00
20120605;12.97;13.05;12.72;12.86;13059107;168276608.00
20120606;12.86;13.05;12.81;12.86;9834853;127194608.00
20120607;13.04;13.08;12.63;12.67;11842331;151998480.00
20120608;12.74;12.82;12.56;12.58;11425167;145205184.00
20120611;12.68;12.92;12.51;12.87;11191897;142454672.00
20120612;12.77;12.79;12.34;12.41;20259518;252538656.00
20120613;12.46;12.57;12.30;12.56;18763387;233307520.00
20120614;12.49;12.63;12.39;12.40;11178848;139892672.00
20120615;12.43;12.53;12.16;12.32;13134701;162364656.00
20120618;12.48;12.80;12.42;12.71;18994453;240355264.00
20120619;12.64;12.86;12.62;12.68;13358667;170325616.00
20120620;12.75;13.04;12.75;12.78;15516046;199749872.00
20120621;12.75;12.77;12.33;12.41;14426921;179514144.00
20120625;12.36;12.37;11.85;11.89;14388882;173164128.00
20120626;11.85;11.85;11.58;11.66;14557279;170048224.00
20120627;11.68;11.79;11.52;11.55;8910566;104023400.00
20120628;11.61;11.68;11.18;11.20;12628918;144276736.00
20120629;11.15;11.69;11.10;11.60;14414220;164857776.00
20120702;11.70;11.79;11.47;11.56;10404470;120985640.00
20120703;11.58;11.77;11.45;11.48;9984419;115798328.00
20120704;11.62;11.81;11.55;11.70;12472734;145757856.00
20120705;11.63;11.63;11.25;11.31;9018119;102674048.00
20120706;11.43;11.76;11.26;11.70;11312439;130173392.00
20120709;11.53;11.61;11.16;11.17;10141604;115703536.00
20120710;11.14;11.28;11.01;11.10;8888388;99030448.00
20120711;11.03;11.41;11.03;11.33;9924442;111868888.00
20120712;11.25;11.85;11.13;11.84;20312518;236057584.00
20120713;11.71;11.95;11.65;11.69;11822444;139236960.00
20120716;11.73;11.73;11.22;11.25;9665959;110682824.00
20120717;11.26;11.58;11.26;11.54;8303133;95265328.00
20120718;11.44;11.75;11.42;11.74;8133388;94137352.00
20120719;11.73;12.12;11.66;11.91;17060021;204371424.00
20120720;11.85;12.01;11.65;11.69;11299648;133248000.00
20120723;11.56;11.88;11.45;11.80;9036768;105593424.00
20120724;11.70;12.04;11.66;11.93;9177090;108921432.00
20120725;11.86;11.97;11.75;11.77;6519036;77271720.00
20120726;11.79;11.99;11.74;11.78;7165605;84871784.00
20120727;11.80;11.97;11.78;11.95;10154887;120872592.00
20120730;11.95;12.05;11.65;11.75;7539285;89416624.00
20120731;11.65;11.79;11.41;11.42;9000862;103805392.00
20120801;11.38;11.84;11.38;11.80;10206649;119760160.00
20120802;11.73;11.82;11.38;11.55;8954880;103665048.00
20120803;11.60;11.79;11.42;11.73;12231023;141865472.00
20120806;11.90;12.22;11.89;12.15;30621693;369592640.00
20120807;12.15;12.37;12.07;12.25;20688891;253098112.00
20120808;12.37;12.56;12.20;12.31;18095766;223953888.00
20120809;12.24;12.39;12.08;12.36;16068522;196714240.00
20120810;12.31;12.32;12.12;12.15;10256380;125067768.00
20120813;12.10;12.25;11.88;11.90;13960889;168119840.00
20120814;11.98;12.06;11.68;11.99;10085420;119684880.00
20120815;11.99;11.99;11.58;11.60;10650892;125044224.00
20120816;11.55;11.65;11.47;11.50;7055448;81564888.00
20120817;11.49;11.58;11.38;11.50;7387673;84673808.00
20120820;11.40;11.54;11.31;11.49;5156077;58722080.00
20120821;11.46;11.80;11.44;11.73;10849200;126951120.00
20120822;11.73;11.74;11.33;11.43;9829383;113225528.00
20120823;11.39;11.68;11.39;11.65;9219427;106422560.00
20120824;11.59;11.59;11.23;11.41;11533032;130848304.00
20120827;11.30;11.33;11.05;11.07;7637695;85425368.00
20120828;11.05;11.28;11.02;11.11;6828303;76023456.00
20120829;11.06;11.15;10.67;10.70;12168529;132339320.00
20120830;10.65;10.82;10.40;10.58;9335213;99097160.00
20120831;10.52;10.73;10.51;10.59;5068495;53890552.00
20120903;10.58;10.79;10.51;10.65;8424554;89856224.00
20120904;10.68;10.72;10.18;10.20;15103874;157130720.00
20120905;10.21;10.59;9.93;10.53;28230043;289302624.00
20120906;10.46;10.58;10.41;10.50;9067709;95108440.00
20120907;10.64;11.33;10.57;11.14;29416457;323769984.00
20120910;11.15;11.68;11.05;11.48;27109527;309208896.00
20120911;11.38;11.39;11.17;11.25;13749071;155213344.00
20120912;11.39;11.45;11.18;11.41;12069118;136831152.00
20120913;11.41;11.41;11.06;11.07;10022657;112774024.00
20120914;11.23;11.29;11.01;11.13;12886621;143851936.00
20120917;11.10;11.12;10.45;10.49;13271808;143125856.00
20120918;10.49;10.60;10.38;10.45;5788927;60703968.00
20120919;10.45;10.57;10.43;10.49;5012959;52566640.00
20120920;10.49;10.49;10.12;10.14;10072874;103074008.00
20120921;10.13;10.38;10.10;10.17;6603342;67741904.00
20120924;10.12;10.50;10.00;10.29;9102453;93184312.00
20120925;10.24;10.28;10.00;10.03;8967689;90579352.00
20120926;10.00;10.07;9.77;9.84;8630681;85339792.00
20120927;9.87;10.34;9.81;10.22;15519777;156841104.00
20120928;10.14;10.43;10.05;10.35;12330587;126931248.00
20121008;10.37;10.51;10.20;10.24;9440766;97501232.00
20121009;10.35;10.71;10.32;10.64;13695497;144414048.00
20121010;10.56;10.67;10.52;10.66;8533736;90511464.00
20121011;10.57;10.69;10.51;10.52;9399056;99460984.00
20121012;10.55;10.72;10.41;10.53;6982527;73720328.00
20121015;10.53;10.53;10.28;10.35;6511237;67476960.00
20121016;10.38;10.63;10.32;10.56;8168649;85991112.00
20121017;10.73;10.76;10.28;10.34;15150336;158554304.00
20121018;10.36;10.62;10.36;10.59;15891628;167742032.00
20121019;10.64;11.00;10.59;10.80;23127448;250211568.00
20121022;10.75;11.06;10.72;10.98;19495353;213668608.00
20121023;10.95;11.02;10.75;10.76;11773220;127808456.00
20121024;10.71;10.84;10.65;10.71;8395003;90147592.00
20121025;10.72;10.83;10.61;10.62;7606704;81461032.00
20121026;10.55;10.61;10.28;10.29;9948744;103713656.00
20121029;10.28;10.42;10.21;10.27;6212916;64001464.00
20121030;10.28;10.41;10.22;10.27;8131803;83784776.00
20121031;10.29;10.39;10.18;10.38;8454056;86903232.00
20121101;10.40;10.79;10.36;10.75;15819444;168278864.00
20121102;10.70;10.84;10.63;10.76;8702667;93554520.00
20121105;10.72;10.95;10.72;10.77;11125113;120506496.00
20121106;10.78;10.78;10.43;10.62;10448609;110610032.00
20121107;10.65;10.69;10.50;10.53;6413450;67844040.00
20121108;10.40;10.45;10.14;10.17;11362165;116667792.00
20121109;10.15;10.25;10.10;10.14;6234133;63379104.00
20121112;10.21;10.28;10.07;10.23;5018192;51060676.00
20121113;10.17;10.20;9.69;9.85;13527990;134053792.00
20121114;9.86;9.96;9.76;9.89;6139870;60663816.00
20121115;9.79;9.91;9.60;9.63;6640197;64821104.00
20121116;9.63;9.67;9.30;9.37;9582731;90440712.00
20121119;9.37;9.38;9.12;9.24;11305392;104514832.00
20121120;9.33;9.39;9.17;9.18;9429836;87404288.00
20121121;9.18;9.54;9.17;9.53;14070688;131334176.00
20121122;9.45;9.46;9.23;9.29;9274521;86513360.00
20121123;9.32;9.43;9.25;9.30;7976897;74589704.00
20121126;9.31;9.34;9.11;9.12;7543848;69233624.00
20121127;9.08;9.11;8.88;8.92;8511684;76213936.00
20121128;8.87;8.92;8.77;8.82;5921465;52266064.00
20121129;8.84;8.92;8.81;8.81;5235126;46351592.00
20121130;8.80;9.07;8.76;8.98;8205076;73385592.00
20121203;8.98;9.04;8.64;8.65;7420338;65848860.00
20121204;8.68;8.97;8.65;8.92;9007835;79130472.00
20121205;8.93;9.49;8.90;9.29;21611622;199401648.00
20121206;9.25;9.30;9.09;9.11;11310381;103606992.00
20121207;9.09;9.50;9.05;9.40;20407430;190467648.00
20121210;9.41;9.61;9.40;9.53;15810513;150583424.00
20121211;9.50;9.80;9.36;9.46;14256060;135663472.00
20121212;9.41;9.52;9.35;9.44;8660044;81588336.00
20121213;9.44;9.46;9.29;9.32;8966448;83931784.00
20121214;9.32;9.80;9.30;9.68;28862366;278744704.00
20121217;9.76;10.09;9.70;9.72;31822642;313930112.00
20121218;9.76;9.90;9.63;9.80;16659089;162948576.00
20121219;9.79;9.96;9.75;9.86;14195683;140088736.00
20121220;9.94;9.94;9.73;9.87;13909032;136897104.00
20121221;9.88;10.08;9.81;9.92;17456865;173590400.00
20121224;9.90;9.99;9.73;9.77;11009920;108424880.00
20121225;9.78;10.34;9.73;10.24;31826024;320681152.00
20121226;10.24;10.45;10.24;10.37;26691848;276267584.00
20121227;10.32;10.51;10.18;10.20;21328825;221200448.00
20121228;10.18;10.33;10.08;10.29;14645120;149743936.00
20121231;10.30;10.43;10.20;10.32;15487947;159755104.00
20130104;10.45;10.52;10.12;10.15;19241515;197147568.00
20130107;10.16;10.37;10.12;10.29;15605262;160299408.00
20130108;10.33;10.48;10.18;10.43;20794357;214876560.00
20130109;10.43;10.76;10.36;10.75;31041736;327174880.00
20130110;10.67;10.76;10.51;10.65;19042481;202681696.00
20130111;10.63;10.70;10.16;10.23;23565509;245468112.00
20130114;10.19;10.65;10.13;10.62;27278992;285813056.00
20130115;10.62;10.94;10.60;10.86;36891080;399793440.00
20130116;10.80;11.07;10.65;10.86;31629564;342959200.00
20130117;10.80;10.86;10.52;10.55;19063267;203241632.00
20130118;10.60;10.82;10.52;10.76;18917596;202322464.00
20130121;10.77;10.95;10.68;10.88;25664765;278066688.00
20130122;10.86;10.86;10.53;10.59;23937230;255374256.00
20130123;10.60;10.60;10.27;10.47;19540599;203674256.00
20130124;10.41;10.68;10.12;10.18;25507963;265661552.00
20130125;10.15;10.27;10.13;10.19;10872459;110885200.00
20130128;10.18;10.43;10.18;10.40;15189861;156711568.00
20130129;10.44;10.59;10.40;10.49;15999670;167864880.00
20130130;10.47;10.67;10.45;10.66;22800812;240692176.00
20130131;10.63;10.68;10.49;10.60;14567083;153957216.00
20130201;10.55;10.82;10.45;10.79;24624578;261932112.00
20130204;10.76;11.18;10.74;11.01;45955406;506166912.00
20130205;10.90;11.14;10.85;11.08;29035031;320694400.00
20130206;11.14;11.16;10.98;11.00;16982357;187221840.00
20130207;11.00;11.20;11.00;11.12;21248662;236026064.00
20130208;11.08;11.15;10.98;11.04;22310642;246646672.00
20130218;11.05;11.08;10.80;10.84;18063038;197333232.00
20130219;10.84;11.03;10.61;10.67;20063089;217161984.00
20130220;10.66;10.78;10.53;10.78;16501956;175563776.00
20130221;10.68;10.68;10.19;10.27;23789859;246981488.00
20130222;10.29;10.36;10.20;10.27;13233816;136168768.00
20130225;10.36;10.40;10.26;10.33;7644554;78885144.00
20130226;10.26;10.32;9.93;9.96;18617027;188911744.00
20130227;10.00;10.18;9.97;10.07;11616938;116923680.00
20130228;10.11;10.33;10.02;10.29;14848670;151402864.00
20130301;10.30;10.32;10.08;10.23;13282943;135402320.00
20130304;10.13;10.13;9.50;9.64;26758959;261797280.00
20130305;9.70;9.75;9.45;9.70;18183506;174812064.00
20130306;9.72;9.91;9.64;9.85;18631534;182213696.00
20130307;9.83;10.07;9.69;9.87;22186129;218967984.00
20130308;9.91;9.95;9.75;9.77;10758968;105752848.00
20130311;9.76;9.81;9.66;9.70;7153089;69483296.00
20130312;9.70;9.84;9.35;9.46;14062682;134776096.00
20130313;9.49;9.59;9.39;9.53;8956327;85070928.00
20130314;9.48;9.61;9.45;9.57;6572620;62634584.00
20130315;9.57;9.71;9.39;9.53;9213617;88210216.00
20130318;9.52;9.61;9.38;9.39;7633066;72145064.00
20130319;9.39;9.57;9.39;9.56;9229634;87427208.00
20130320;9.63;9.90;9.61;9.89;18948236;185765392.00
20130321;9.95;9.97;9.82;9.87;13652485;134852848.00
20130322;9.87;9.92;9.75;9.84;10012836;98305528.00
20130325;9.84;9.89;9.72;9.76;8484846;82911648.00
20130326;9.71;9.72;9.42;9.53;11866623;113263096.00
20130327;9.54;9.67;9.48;9.53;7789274;74526840.00
20130328;9.47;9.47;9.23;9.24;14196871;131900720.00
20130329;9.27;9.33;9.18;9.21;7368815;68046704.00
20130401;9.18;9.28;9.13;9.25;5226559;48188264.00
20130402;9.23;9.36;9.17;9.22;6742774;62378520.00
20130403;9.28;9.33;9.18;9.22;5968124;55162464.00
20130408;9.10;9.28;8.96;9.26;8540827;77595344.00
20130409;9.28;9.33;9.24;9.28;7745736;71935368.00
20130410;9.29;9.39;9.26;9.39;9454690;88163768.00
20130411;9.47;9.52;9.28;9.31;8796964;82581352.00
20130412;9.30;9.30;9.14;9.17;5986700;55118456.00
20130415;9.14;9.14;8.98;9.04;5958841;53862668.00
20130416;9.00;9.00;8.80;8.97;12510982;111197896.00
20130417;8.98;9.00;8.69;8.84;10474025;92582624.00
20130418;8.83;8.93;8.75;8.85;8267454;73242568.00
20130419;8.83;9.08;8.83;9.06;12801236;115054280.00
20130422;9.01;9.06;8.93;8.99;8929156;80229544.00
20130423;9.00;9.04;8.68;8.70;12966789;113678224.00
20130424;8.75;8.84;8.67;8.79;11556455;101144472.00
20130425;8.70;8.71;8.48;8.53;17697142;151674080.00
20130426;8.58;8.61;8.20;8.25;15595105;130204760.00
20130502;8.20;8.20;8.01;8.07;11322013;91542984.00
20130503;8.07;8.30;8.07;8.20;10503614;86296400.00
20130506;8.22;8.34;8.22;8.33;9254141;76792640.00
20130507;8.30;8.39;8.26;8.35;8096011;67406888.00
20130508;8.40;8.42;8.25;8.30;10824338;90030864.00
20130509;8.27;8.28;8.10;8.15;11365253;92955160.00
20130510;8.15;8.33;8.13;8.33;8854799;72921456.00
20130513;8.38;8.58;8.33;8.52;15609613;132363016.00
20130514;8.50;8.50;8.32;8.36;7682042;64387372.00
20130515;8.36;8.41;8.28;8.34;6172561;51400656.00
20130516;8.34;8.49;8.28;8.48;9615826;80693112.00
20130517;8.48;8.70;8.42;8.64;16842735;144093392.00
20130520;8.67;8.67;8.56;8.63;17017384;146757584.00
20130521;8.63;8.73;8.56;8.69;12533362;108428048.00
20130522;8.70;8.70;8.56;8.60;12460198;107422896.00
20130523;8.57;8.59;8.36;8.37;13469614;114075256.00
20130524;8.37;8.45;8.35;8.42;7265850;61080800.00
20130527;8.42;8.46;8.34;8.36;10488593;88013512.00
20130528;8.36;8.63;8.31;8.61;15779032;133709368.00
20130529;8.64;8.81;8.61;8.68;21523395;187710864.00
20130530;8.66;8.74;8.63;8.68;11233874;97600400.00
20130531;8.70;8.73;8.52;8.54;9907032;85561304.00
20130603;8.53;8.71;8.53;8.64;10249645;88501840.00
20130604;8.67;8.67;8.38;8.41;9843528;83473056.00
20130605;8.38;8.44;8.34;8.41;6130273;51350260.00
20130606;8.38;8.41;8.24;8.25;7841603;65222732.00
20130607;8.24;8.32;8.10;8.12;7498815;61391592.00
20130613;8.00;8.00;7.55;7.63;10967084;84578904.00
20130614;7.65;7.71;7.58;7.64;8466335;64672856.00
20130617;7.69;7.70;7.60;7.62;6790112;51938164.00
20130618;7.62;7.66;7.41;7.49;7429276;55927212.00
20130619;7.47;7.47;7.15;7.34;11804729;85835960.00
20130620;7.35;7.46;7.19;7.21;10777469;79078336.00
20130621;7.10;7.19;7.01;7.14;7945570;56457144.00
20130624;7.16;7.18;6.65;6.68;10918639;75619328.00
20130625;6.68;6.75;6.12;6.68;14209152;92645304.00
20130626;6.34;6.37;6.08;6.15;16374152;101004024.00
20130627;6.17;6.32;6.14;6.23;11608738;72174288.00
20130628;6.16;6.34;6.10;6.25;10754073;67091232.00
20130701;6.21;6.27;6.11;6.23;6077677;37708416.00
20130702;6.24;6.27;6.12;6.26;8635875;53491440.00
20130703;6.25;6.46;6.10;6.38;12753564;79655960.00
20130704;6.33;6.73;6.18;6.61;28190654;183083808.00
20130705;6.56;6.72;6.51;6.53;16791007;110604648.00
20130708;6.44;6.44;6.07;6.08;14794317;91820392.00
20130709;6.08;6.13;6.03;6.08;6801582;41346352.00
20130710;6.08;6.31;6.05;6.30;11681416;72353384.00
20130711;6.30;6.68;6.25;6.61;24162289;157527776.00
20130712;6.57;6.59;6.33;6.35;15116592;97637200.00
20130715;6.34;6.50;6.29;6.44;12092904;77342112.00
20130716;6.39;6.45;6.30;6.44;9169350;58484880.00
20130717;6.40;6.60;6.33;6.36;12664094;82017400.00
20130718;6.31;6.36;6.17;6.19;10621980;66191144.00
20130719;6.22;6.49;6.18;6.27;20862872;132900840.00
20130722;6.20;6.57;6.18;6.51;14437915;92914496.00
20130723;6.50;6.64;6.47;6.60;16496871;108579584.00
20130724;6.60;6.60;6.38;6.49;13743759;88857968.00
20130725;6.50;6.96;6.38;6.64;24992428;167003776.00
20130726;6.58;6.62;6.45;6.56;12684297;82762448.00
20130729;6.56;6.56;6.38;6.40;9027900;58076808.00
20130730;6.46;6.47;6.28;6.35;9327698;59572684.00
20130731;6.36;6.45;6.29;6.32;7048036;44784392.00
20130801;6.34;6.48;6.27;6.44;12170988;77976072.00
20130802;6.45;6.52;6.38;6.42;14465108;93347792.00
20130805;6.40;6.49;6.40;6.49;11045555;71366928.00
20130806;6.48;6.67;6.43;6.59;21362217;140579408.00
20130807;6.58;6.75;6.53;6.69;25256810;168045376.00
20130808;6.65;6.75;6.55;6.57;16772135;111484384.00
20130809;6.60;6.71;6.55;6.69;14823219;98461816.00
20130812;6.75;7.20;6.67;7.12;38216841;267044896.00
20130813;7.12;7.21;6.97;7.15;21952116;155831984.00
20130814;7.14;7.35;7.01;7.18;22372608;161279440.00
20130815;7.14;7.20;7.00;7.04;10273559;72978680.00
20130816;6.98;7.74;6.86;7.02;22738615;162189536.00
20130819;6.94;7.21;6.93;7.16;13726103;97147440.00
20130820;7.20;7.21;7.01;7.05;9824450;69844048.00
20130821;7.12;7.16;7.00;7.15;9994472;71024192.00
20130822;7.10;7.37;7.07;7.16;14500569;104947896.00
20130823;7.17;7.31;7.00;7.13;13347499;95585280.00
20130826;7.02;7.20;6.93;7.14;15299151;108482280.00
20130827;7.14;7.19;7.09;7.16;8225181;58723304.00
20130828;7.10;7.25;7.03;7.16;14402585;103110272.00
20130829;7.15;7.36;7.14;7.35;17564871;127329544.00
20130830;7.31;7.37;7.15;7.29;16858887;122209032.00
20130902;7.25;7.31;6.95;7.26;20956053;149162832.00
20130903;7.21;7.23;7.08;7.16;14554268;104081344.00
20130904;7.15;7.22;7.10;7.16;11943996;85348872.00
20130905;7.16;7.24;7.12;7.17;9111916;65425184.00
20130906;7.17;7.19;6.93;6.97;21097090;147855616.00
20130909;6.97;7.08;6.92;7.01;20490784;143305808.00
20130910;7.01;7.15;6.94;7.14;23681350;166704640.00
20130911;7.15;7.64;7.14;7.40;65601453;481789984.00
20130912;7.32;7.54;7.27;7.46;42279739;312466464.00
20130913;7.44;7.44;7.23;7.35;20320661;148931328.00
20130916;7.33;7.42;7.22;7.24;15367250;112403328.00
20130917;7.27;7.27;7.00;7.00;14924683;106069792.00
20130918;6.98;7.05;6.93;6.97;8793275;61340144.00
20130923;7.03;7.15;6.96;7.10;12690202;89298296.00
20130924;7.06;7.07;6.89;6.91;12357716;86025864.00
20130925;6.90;6.94;6.81;6.82;12672405;87062344.00
20130926;6.81;6.84;6.57;6.59;13295741;89033112.00
20130927;6.59;6.66;6.56;6.57;7355309;48620112.00
20130930;6.60;6.69;6.53;6.58;7846263;51716272.00
20131008;6.58;6.66;6.54;6.64;11630594;76907312.00
20131009;6.62;6.78;6.61;6.77;11133168;74543784.00
20131010;6.74;6.74;6.61;6.62;16952313;112965432.00
20131011;6.64;6.94;6.63;6.86;24150099;163867696.00
20131014;6.88;6.89;6.79;6.82;9391667;64276960.00
20131015;6.82;6.90;6.77;6.89;10409257;71182408.00
20131016;6.87;6.87;6.65;6.67;10110051;67932160.00
20131017;6.70;6.86;6.67;6.72;10442190;70604536.00
20131018;6.72;6.73;6.53;6.56;19311207;127406080.00
20131021;6.58;6.59;6.39;6.52;23663768;153850480.00
20131022;6.50;6.61;6.47;6.54;15905563;103911832.00
20131023;6.55;6.69;6.42;6.44;16113529;105222440.00
20131024;6.43;6.49;6.31;6.33;9224301;58847464.00
20131025;6.34;6.37;6.14;6.20;14153855;88204944.00
20131028;6.20;6.23;6.09;6.13;7896524;48608976.00
20131029;6.15;6.20;5.90;5.98;12970399;78137480.00
20131030;5.98;6.09;5.97;6.06;8545102;51484156.00
20131031;6.05;6.18;6.00;6.08;7386456;44800536.00
20131101;6.08;6.20;6.05;6.18;9580682;58753664.00
20131104;6.22;6.29;6.16;6.21;9449435;58850464.00
20131105;6.18;6.27;6.13;6.25;8031595;49901776.00
20131106;6.21;6.38;6.20;6.26;11779470;74299120.00
20131107;6.25;6.33;6.16;6.19;6795436;42309556.00
20131108;6.20;6.24;6.04;6.06;6969407;42686224.00
20131111;6.08;6.09;5.99;6.07;4941833;29880610.00
20131112;6.07;6.17;6.07;6.15;5696056;34903240.00
20131113;6.09;6.10;5.97;5.99;7411808;44684308.00
20131114;6.02;6.05;5.98;6.02;5337983;32078864.00
20131115;6.02;6.17;6.01;6.12;9504543;58172976.00
20131118;6.16;6.30;6.10;6.29;15674876;97643112.00
20131119;6.28;6.31;6.22;6.25;8260894;51667344.00
20131120;6.28;6.41;6.21;6.36;14981614;94600296.00
20131121;6.30;6.40;6.25;6.27;14260715;90130288.00
20131122;6.27;6.44;6.26;6.28;13146364;83323568.00
20131125;6.25;6.33;6.17;6.18;10512383;65726272.00
20131126;6.18;6.26;6.14;6.23;8127373;50292808.00
20131127;6.19;6.38;6.18;6.31;18418204;116097440.00
20131128;6.35;6.50;6.32;6.43;19406960;124673920.00
20131129;6.42;6.45;6.37;6.40;10136063;64922012.00
20131202;6.33;6.33;6.10;6.16;14489172;90168896.00
20131203;6.19;6.60;6.17;6.49;29420460;189520464.00
20131204;6.47;6.68;6.44;6.60;27802594;183672000.00
20131205;6.61;7.05;6.61;6.93;53019293;363509728.00
20131206;6.89;7.25;6.84;7.13;62650959;446980192.00
20131209;7.19;7.20;6.98;7.14;26295578;186988832.00
20131210;7.13;7.32;7.03;7.09;30044542;216212192.00
20131211;7.09;7.09;6.79;6.89;27178159;188222016.00
20131212;6.85;6.93;6.81;6.90;17741353;121941912.00
20131213;6.84;7.09;6.81;7.07;20828292;145875616.00
20131216;7.15;7.15;6.89;7.05;21244833;148977872.00
20131217;7.04;7.05;6.76;6.81;15104431;103456680.00
20131218;6.79;6.95;6.77;6.86;8618147;59244408.00
20131219;6.90;6.95;6.67;6.68;10704418;73027120.00
20131220;6.69;6.73;6.51;6.54;11860755;78538320.00
20131223;6.56;6.59;6.39;6.49;8514797;55149744.00
20131224;6.49;6.62;6.40;6.50;8690181;56725276.00
20131225;6.46;6.58;6.44;6.58;5538059;36101792.00
20131226;6.58;6.58;6.19;6.20;16718872;105591360.00
20131227;6.20;6.31;6.17;6.27;16784491;104608096.00
20131230;6.28;6.28;6.17;6.22;11718395;72963472.00
20131231;6.20;6.35;6.17;6.25;10758489;67163136.00
20140102;6.25;6.27;6.17;6.20;9915372;61429040.00
20140103;6.17;6.19;5.90;6.04;26113548;156432832.00
20140106;5.96;6.00;5.80;5.89;15154014;89006656.00
20140107;5.86;5.96;5.85;5.92;5641842;33336700.00
20140108;5.93;5.94;5.81;5.82;6385625;37408764.00
20140109;5.80;5.85;5.71;5.73;7295422;42160960.00
20140110;5.70;5.71;5.55;5.56;8628056;48317088.00
20140113;5.55;5.69;5.54;5.63;6882673;38815424.00
20140114;5.64;5.73;5.40;5.65;10278196;57506464.00
20140115;5.62;5.63;5.54;5.59;5841661;32620992.00
20140116;5.59;5.73;5.57;5.65;8846497;50076216.00
20140117;5.62;5.63;5.48;5.48;7227343;40026424.00
20140120;5.47;5.56;5.42;5.47;5162431;28275996.00
20140121;5.47;5.60;5.46;5.57;4864942;27074336.00
20140122;5.58;5.79;5.58;5.76;9463005;54289664.00
20140123;5.78;6.05;5.70;5.95;14651312;86264888.00
20140124;5.89;6.04;5.85;5.90;9254050;54976056.00
20140127;5.86;5.90;5.74;5.78;10117472;58569720.00
20140128;5.81;5.85;5.68;5.73;6390456;36685008.00
20140129;5.72;5.77;5.72;5.73;5221345;29992808.00
20140130;5.73;5.89;5.68;5.77;7226558;42005800.00
20140207;5.71;5.87;5.67;5.86;5055589;29267180.00
20140210;5.83;6.03;5.83;5.98;11573496;69166664.00
20140211;5.99;6.03;5.85;5.99;14644457;87365504.00
20140212;6.00;6.19;5.98;6.12;14839654;90323120.00
20140213;6.10;6.10;5.92;5.93;12756112;76815008.00
20140214;5.94;6.06;5.94;6.02;6753812;40530552.00
20140217;6.04;6.09;5.93;6.00;19084669;114016296.00
20140218;5.98;5.99;5.86;5.91;13190350;78015216.00
20140219;5.93;6.21;5.91;6.14;41439145;252529200.00
20140220;6.11;6.37;5.99;6.20;48107249;297756064.00
20140221;6.17;6.28;6.10;6.15;17037824;105090312.00
20140224;6.14;6.14;5.98;6.04;13270774;79993776.00
20140225;6.08;6.08;5.60;5.82;17010808;101372528.00
20140226;5.76;5.85;5.60;5.73;14781262;84612792.00
20140227;5.74;5.78;5.61;5.63;8987473;51453704.00
20140228;5.62;5.70;5.53;5.68;12702778;71399480.00
20140303;5.68;5.96;5.63;5.80;14844873;85715072.00
20140304;5.73;5.79;5.66;5.73;7931238;45322700.00
20140305;5.74;5.79;5.67;5.68;9736863;55703336.00
20140306;5.66;5.70;5.54;5.62;8819650;49520624.00
20140307;5.62;5.70;5.54;5.63;10367265;58270960.00
20140310;5.58;5.58;5.35;5.36;13084166;71068832.00
20140311;5.36;5.46;5.29;5.36;8332179;44690468.00
20140312;5.34;5.46;5.32;5.41;7298780;39331124.00
20140313;5.42;5.56;5.41;5.48;7792068;42797100.00
20140314;5.45;5.53;5.41;5.45;5282409;28848304.00
20140317;5.48;5.53;5.42;5.51;5427060;29745364.00
20140318;5.51;5.58;5.47;5.56;7050187;39035816.00
20140319;5.55;6.09;5.55;5.87;26946666;154620944.00
20140320;5.81;6.05;5.79;5.93;35527151;209438864.00
20140321;5.88;6.14;5.71;5.94;39387968;233509408.00
20140324;5.91;6.19;5.85;6.18;44664956;270490720.00
20140325;6.13;6.16;6.03;6.09;18751351;114311552.00
20140326;6.09;6.14;5.92;5.94;12471294;74795688.00
20140327;5.91;6.03;5.88;5.93;10072452;60245420.00
20140328;5.93;6.15;5.91;5.95;12538113;75595800.00
20140331;5.94;5.98;5.79;5.87;8255999;48397444.00
20140401;5.81;5.91;5.81;5.85;7431837;43490784.00
20140402;5.86;5.95;5.81;5.93;9727464;57229636.00
20140403;5.93;5.95;5.81;5.82;10869459;63834936.00
20140404;5.80;5.88;5.74;5.88;6029188;35030888.00
20140408;5.84;6.03;5.83;5.97;13892892;82769520.00
20140409;6.00;6.03;5.89;5.94;12271046;72852976.00
20140410;5.94;6.02;5.90;5.99;19478414;115971504.00
20140411;5.94;5.95;5.81;5.84;22487783;131942088.00
20140414;5.82;5.84;5.72;5.75;14315491;82314032.00
20140415;5.75;5.77;5.64;5.67;12730312;72430816.00
20140416;5.66;5.72;5.65;5.68;6930355;39409340.00
20140417;5.71;5.75;5.67;5.69;6959565;39695588.00
20140418;5.66;5.75;5.64;5.71;6552204;37337084.00
20140421;5.67;5.69;5.55;5.55;10600918;59524368.00
20140422;5.54;5.58;5.50;5.56;6801275;37615908.00
20140423;5.56;5.63;5.53;5.60;5364960;29934538.00
20140424;5.59;5.60;5.52;5.53;4759864;26417612.00
20140425;5.53;5.58;5.47;5.48;6051545;33443054.00
20140428;5.45;5.45;5.31;5.37;8201498;44018400.00
20140429;5.35;5.39;5.29;5.36;13991132;74522896.00
20140430;5.33;5.33;5.17;5.24;13648569;71485064.00
20140505;5.23;5.23;5.10;5.16;15125011;77762400.00
20140506;5.14;5.24;5.11;5.22;9681178;50280896.00
20140507;5.20;5.22;5.16;5.17;4936969;25643664.00
20140508;5.18;5.28;5.16;5.24;8393715;44006752.00
20140509;5.22;5.27;5.18;5.23;7594506;39738292.00
20140512;5.29;5.53;5.23;5.51;25410438;138218320.00
20140513;5.49;5.49;5.37;5.39;13192548;71501392.00
20140514;5.35;5.42;5.35;5.36;6537362;35205712.00
20140515;5.34;5.36;5.11;5.14;12740002;66569996.00
20140516;5.14;5.20;5.12;5.18;7636608;39377944.00
20140519;5.17;5.17;5.06;5.10;6606135;33685700.00
20140520;5.13;5.16;5.09;5.11;5931435;30373104.00
20140521;5.08;5.22;5.04;5.17;7272528;37431288.00
20140522;5.17;5.22;5.10;5.12;11397404;58660188.00
20140523;5.11;5.15;5.07;5.11;10665191;54377384.00
20140526;5.13;5.16;5.11;5.15;8559377;43933628.00
20140527;5.15;5.18;5.13;5.14;7146861;36826604.00
20140528;5.14;5.17;5.09;5.16;10176272;52192792.00
20140529;5.16;5.18;5.08;5.09;8542096;43684960.00
20140530;5.11;5.11;5.04;5.06;8158081;41361360.00
20140603;5.07;5.13;5.00;5.02;13453695;67932464.00
20140604;5.03;5.03;4.91;4.95;13017394;64397180.00
20140605;4.94;4.98;4.91;4.97;6470436;32003768.00
20140606;4.96;4.98;4.86;4.89;12025806;59036864.00
20140609;4.89;4.94;4.87;4.88;6376855;31255580.00
20140610;4.88;4.96;4.87;4.95;9003847;44312408.00
20140611;4.94;4.96;4.91;4.96;8922364;43974940.00
20140612;4.93;4.95;4.90;4.92;9305844;45844816.00
20140613;4.92;5.01;4.90;4.96;15498457;76804672.00
20140616;4.96;4.99;4.93;4.97;14003466;69556480.00
20140617;4.96;4.97;4.89;4.90;9477478;46645036.00
20140618;4.90;4.90;4.83;4.86;10562166;51441504.00
20140619;4.86;4.86;4.65;4.67;16110728;76558112.00
20140620;4.67;4.72;4.64;4.70;9944718;46495704.00
20140623;4.72;4.76;4.68;4.72;8291237;39095620.00
20140624;4.72;4.77;4.70;4.74;8446273;40009428.00
20140625;4.74;4.80;4.69;4.71;11111841;52680228.00
20140626;4.74;4.79;4.70;4.76;9039135;42963372.00
20140627;4.76;4.84;4.74;4.83;16293356;78147744.00
20140630;4.83;4.91;4.82;4.86;13377703;65124196.00
20140701;4.87;4.93;4.85;4.93;11514412;56407428.00
20140702;4.93;4.95;4.87;4.94;12116984;59670000.00
20140703;4.94;4.97;4.91;4.92;12451632;61514380.00
20140704;4.80;4.81;4.75;4.78;12354181;59146808.00
20140707;4.77;4.79;4.71;4.73;10159199;48205800.00
20140708;4.73;4.76;4.69;4.73;8485387;40042680.00
20140709;4.74;4.76;4.69;4.69;8264848;39043468.00
20140710;4.68;4.76;4.67;4.70;9491703;44762516.00
20140711;4.70;4.82;4.69;4.81;13654755;65247116.00
20140714;4.81;4.86;4.77;4.85;12896791;62149104.00
20140715;4.84;4.86;4.78;4.84;11158318;53944152.00
20140716;4.84;4.97;4.82;4.85;14251816;69785768.00
20140717;4.85;4.88;4.80;4.85;9011357;43507320.00
20140718;4.84;4.99;4.81;4.96;24503559;120708968.00
20140721;4.98;4.99;4.91;4.92;9462374;46806516.00
20140722;4.91;5.01;4.90;4.94;15505191;77118080.00
20140723;4.97;5.14;4.93;5.10;33612680;170886176.00
20140724;5.11;5.19;5.02;5.14;30811410;157472000.00
20140725;5.14;5.35;5.10;5.30;40971941;214845216.00
20140728;5.26;5.52;5.26;5.34;39283695;211818176.00
20140729;5.37;5.40;5.31;5.34;16649007;88957528.00
20140730;5.33;5.35;5.25;5.27;15869837;84031808.00
20140731;5.28;5.44;5.26;5.43;20244141;108984280.00
20140801;5.43;5.49;5.30;5.32;22120159;119621328.00
20140804;5.35;5.42;5.30;5.41;14519785;78137832.00
20140805;5.45;5.59;5.43;5.53;25947718;142737008.00
20140806;5.51;5.55;5.45;5.50;18499404;101684080.00
20140807;5.48;5.67;5.41;5.62;33932747;188038816.00
20140808;5.57;5.66;5.55;5.62;33586585;188646816.00
20140811;5.62;5.76;5.59;5.73;27890432;158179936.00
20140812;5.70;5.74;5.62;5.73;32774512;186155792.00
20140813;5.70;5.89;5.66;5.71;42196300;243537376.00
20140814;5.75;5.75;5.58;5.59;19719682;111570536.00
20140815;5.58;5.67;5.56;5.65;13356157;75110808.00
20140818;5.67;5.69;5.56;5.59;24962480;140038784.00
20140819;5.59;5.65;5.55;5.58;20136529;112752312.00
20140820;5.59;5.72;5.54;5.68;29489913;167113616.00
20140821;5.68;5.81;5.64;5.73;21413882;122551984.00
20140822;5.70;6.10;5.69;6.00;48900505;288985344.00
20140825;6.04;6.08;5.93;6.01;26932008;161298608.00
20140826;5.97;6.16;5.89;5.99;27958474;168191360.00
20140827;6.00;6.06;5.92;5.94;12255392;73035480.00
20140828;5.91;5.96;5.78;5.78;18156690;106303536.00
20140829;5.80;5.89;5.76;5.85;11188937;65058828.00
20140901;5.86;5.90;5.80;5.83;17455029;101871160.00
20140902;5.85;6.13;5.85;6.06;33391163;200746048.00
20140903;6.12;6.13;5.98;6.04;20602257;124340064.00
20140904;6.02;6.15;6.00;6.10;25836834;157164976.00
20140905;6.09;6.13;6.03;6.11;18979190;115386152.00
20140909;6.13;6.18;6.07;6.14;18465454;113062944.00
20140910;6.12;6.25;6.03;6.24;26163086;160875632.00
20140911;6.24;6.41;6.19;6.33;35024529;221840192.00
20140912;6.33;6.38;6.29;6.34;15221926;96440368.00
20140915;6.36;6.38;6.21;6.28;27485688;172446464.00
20140916;6.31;6.34;6.06;6.08;30487558;190622656.00
20140917;6.08;6.37;6.04;6.35;24092030;149118832.00
20140918;6.35;6.72;6.31;6.65;56895176;374165440.00
20140919;6.60;6.72;6.52;6.65;22905384;151745312.00
20140922;6.63;6.64;6.52;6.62;14822858;97571616.00
20140923;6.59;6.94;6.57;6.86;38924192;264863104.00
20140924;6.82;7.01;6.79;6.86;27705725;191326496.00
20140925;6.87;6.96;6.79;6.85;21592027;148057552.00
20140926;6.82;7.04;6.80;7.00;25678754;179173792.00
20140929;6.94;7.25;6.94;7.18;38465326;275327776.00
20140930;7.23;7.24;7.04;7.15;24515086;174215968.00
20141008;7.21;7.21;7.05;7.16;24460423;174049024.00
20141009;7.16;7.19;6.80;6.95;38984103;270678560.00
20141010;6.93;7.09;6.82;6.86;23291813;161390256.00
20141013;6.84;6.95;6.66;6.93;22829531;154884368.00
20141014;6.89;7.01;6.81;6.86;18096910;125087176.00
20141015;6.85;6.91;6.77;6.87;17169036;117153232.00
20141016;6.81;7.08;6.76;6.91;27921017;194367920.00
20141017;6.86;6.96;6.60;6.77;24319228;164159120.00
20141020;6.78;6.83;6.66;6.79;14673321;99099456.00
20141021;6.73;6.80;6.72;6.77;11420576;77244896.00
20141022;6.77;6.94;6.75;6.86;18535269;127181064.00
20141023;6.85;6.85;6.30;6.36;30354407;200025168.00
20141024;6.36;6.45;6.18;6.20;20274147;127035136.00
20141027;6.20;6.30;6.08;6.27;14270554;88658696.00
20141028;6.29;6.47;6.29;6.45;15022043;95728176.00
20141029;6.44;6.51;6.35;6.49;21986026;141446256.00
20141030;6.45;6.51;6.41;6.45;15139338;97789024.00
20141031;6.45;6.56;6.39;6.46;23459241;151365472.00
20141103;6.46;6.55;6.42;6.49;20534219;133138544.00
20141104;6.48;6.70;6.46;6.69;35230736;233707168.00
20141105;6.69;6.86;6.66;6.75;30967366;210225856.00
20141106;6.71;6.81;6.63;6.80;20789934;139435520.00
20141107;6.80;6.85;6.65;6.66;20074210;135418288.00
20141110;6.69;6.86;6.64;6.69;27484305;184687984.00
20141111;6.73;6.82;6.37;6.49;34769891;230313472.00
20141112;6.46;6.59;6.36;6.58;15374452;99980088.00
20141113;6.58;6.60;6.40;6.42;18749306;121487984.00
20141114;6.42;6.52;6.37;6.44;11287261;72766648.00
20141117;6.46;6.65;6.40;6.54;18752483;122977056.00
20141118;6.54;6.61;6.46;6.55;12741416;83440288.00
20141119;6.55;6.58;6.51;6.54;12280390;80301144.00
20141120;6.54;6.67;6.54;6.59;19287788;127385480.00
20141121;6.60;6.76;6.60;6.74;21149986;141743968.00
20141124;6.81;7.08;6.77;6.98;38726690;268706176.00
20141125;6.94;7.04;6.92;7.00;19482104;135919680.00
20141126;7.00;7.15;7.00;7.07;28518519;202369296.00
20141127;7.11;7.13;6.99;7.06;26942709;189852176.00
20141128;7.05;7.11;6.85;6.92;35407928;246979472.00
20141201;6.95;7.13;6.90;7.10;33368295;234665792.00
20141202;7.07;7.81;7.05;7.73;71512705;541706496.00
20141203;7.75;7.90;7.57;7.86;54516801;422020960.00
20141204;7.89;7.99;7.77;7.85;40893332;322179040.00
20141205;7.84;7.84;7.31;7.45;43065298;325418624.00
20141208;7.45;8.15;7.40;8.12;54755103;433496832.00
20141209;8.03;8.50;7.70;7.80;63001767;518005280.00
20141210;7.80;8.20;7.68;8.20;34637583;275427200.00
20141211;8.16;8.42;8.02;8.18;30166571;247340464.00
20141212;8.13;8.44;8.13;8.31;28686109;237551456.00
20141215;8.35;8.42;8.18;8.38;20455910;169867088.00
20141216;8.36;8.38;8.12;8.20;19589862;161053696.00
20141217;8.20;8.58;8.17;8.51;41853300;351139360.00
20141218;8.41;8.58;8.34;8.41;19284198;162391472.00
20141219;8.39;8.40;8.10;8.21;28244211;231587824.00
20141222;8.20;8.21;7.55;7.63;34561628;269767712.00
20141223;7.66;8.00;7.53;7.68;24208972;188971856.00
20141224;7.69;7.80;7.43;7.58;22740311;171816832.00
20141225;7.60;7.86;7.58;7.82;23171845;179500240.00
20141226;7.81;7.88;7.71;7.85;14755204;115067088.00
20141229;7.89;8.08;7.71;7.74;22339016;176581456.00
20141230;7.68;7.76;7.31;7.37;24116815;181237872.00
20141231;7.45;7.65;7.30;7.63;20724283;154592576.00
20150105;7.67;7.95;7.61;7.93;35244491;275576256.00
20150106;7.90;7.90;7.69;7.83;21658951;169045056.00
20150107;7.87;8.06;7.77;7.92;22712800;180020368.00
20150108;7.92;7.95;7.72;7.80;13013368;101426504.00
20150109;7.76;7.78;7.51;7.53;20392159;156120624.00
20150112;7.52;7.64;7.36;7.45;14837902;111066304.00
20150113;7.45;7.57;7.44;7.48;9418781;70536272.00
20150114;7.48;7.53;7.38;7.44;8990269;66980956.00
20150115;7.47;7.56;7.37;7.56;9076620;67905584.00
20150116;7.58;7.63;7.50;7.55;10853529;81973544.00
20150119;7.19;7.42;6.80;6.86;26295400;186885664.00
20150120;6.89;7.11;6.88;7.07;16755144;117441392.00
20150121;7.06;7.32;7.06;7.23;21567781;155685584.00
20150129;7.61;7.91;7.49;7.81;60962987;469521472.00
20150130;7.81;7.81;7.50;7.70;28607846;219509264.00
20150202;7.52;7.61;7.07;7.36;22613681;167031760.00
20150203;7.36;7.56;7.11;7.50;24215041;177820960.00
20150204;7.46;7.49;7.30;7.34;12182094;89958960.00
20150205;7.40;7.51;7.32;7.39;15298896;113575992.00
20150206;7.37;7.61;7.34;7.42;14277258;106854240.00
20150209;7.39;7.56;7.38;7.49;10131830;75750672.00
20150210;7.49;7.63;7.39;7.46;13120265;98293712.00
20150211;7.50;7.52;7.25;7.32;19567384;143371200.00
20150212;7.32;7.36;7.14;7.32;15856387;114684072.00
20150213;7.30;7.43;7.29;7.37;10696903;78740784.00
20150216;7.38;7.43;7.35;7.42;11140475;82463656.00
20150217;7.44;7.64;7.42;7.62;16777798;126743304.00
20150225;7.65;7.86;7.60;7.72;18738839;145186240.00
20150226;7.72;7.82;7.68;7.80;11777156;91464472.00
20150227;7.83;7.96;7.72;7.74;19044219;149022656.00
20150302;7.78;7.84;7.70;7.83;18506057;143750864.00
20150303;7.83;7.86;7.65;7.71;18511637;143584064.00
20150304;7.73;7.95;7.65;7.94;26074107;203634240.00
20150305;7.95;7.97;7.72;7.85;23423114;183843536.00
20150306;7.86;8.03;7.83;7.95;24367555;193232672.00
20150309;7.94;8.41;7.85;8.27;38940375;319547648.00
20150310;8.26;8.33;8.17;8.25;22864856;188685568.00
20150311;8.25;8.31;8.08;8.16;19000260;155290656.00
20150312;8.16;8.41;8.14;8.33;25312187;210390400.00
20150313;8.33;8.46;8.26;8.36;17196402;143316256.00
20150316;8.42;8.56;8.34;8.51;25397514;215541376.00
20150317;8.55;8.59;8.35;8.47;30984347;261754064.00
20150318;8.47;8.55;8.36;8.54;33382851;282879648.00
20150319;8.50;8.55;8.32;8.40;39754002;334948992.00
20150320;8.40;8.40;8.20;8.28;43152288;356981152.00
20150323;8.28;8.65;8.24;8.64;57016918;484651232.00
20150324;8.65;9.18;8.50;9.09;76324749;673001728.00
20150325;9.07;9.26;8.91;9.17;51937942;472823040.00
20150326;9.19;10.00;9.06;9.57;63266674;608845824.00
20150327;9.57;9.70;9.41;9.60;28736616;274581120.00
20150330;9.61;9.83;9.50;9.61;35690452;344268672.00
20150331;9.62;9.64;9.05;9.10;69574985;646132736.00
20150401;9.08;9.27;9.08;9.25;37636089;346012064.00
20150402;9.24;9.55;9.17;9.47;41409541;387625440.00
20150403;9.42;9.65;9.32;9.64;39352240;373780864.00
20150407;9.66;9.88;9.55;9.80;43932190;427278688.00
20150408;9.80;10.03;9.52;9.74;47212768;461120032.00
20150409;9.71;9.73;9.22;9.55;42926778;405778176.00
20150410;9.55;9.99;9.55;9.89;52493732;516927168.00
20150413;9.90;10.87;9.90;10.59;63251325;650409984.00
20150414;10.59;11.28;10.40;10.72;61277740;668117312.00
20150415;10.68;10.75;9.94;10.22;43090677;449392704.00
20150416;10.23;10.74;10.00;10.60;42962303;449748064.00
20150417;10.62;11.05;10.46;10.59;50010667;534452608.00
20150420;10.53;10.53;10.00;10.05;54372421;556875392.00
20150421;10.01;10.34;9.87;10.30;35448572;359444512.00
20150422;10.31;10.63;10.31;10.62;46192147;485797952.00
20150423;10.70;10.81;10.43;10.63;48825431;516539136.00
20150424;10.53;10.58;10.11;10.44;37060901;387047584.00
20150427;10.55;10.67;10.27;10.46;46794188;490376160.00
20150428;10.47;10.97;10.39;10.76;75686699;807120064.00
20150429;10.56;11.65;10.50;11.58;86659747;959837952.00
20150430;11.40;11.58;11.20;11.22;56264027;638924224.00
20150504;11.23;11.35;11.08;11.27;31956258;358608160.00
20150505;11.24;11.26;10.44;10.48;46544620;504015072.00
20150506;10.60;10.68;9.76;9.99;41268783;425111008.00
20150507;9.90;10.00;9.40;9.48;29929808;287575488.00
20150508;9.47;9.73;9.45;9.71;24288979;233261344.00
20150511;9.81;10.15;9.68;10.11;34445751;341819680.00
20150512;10.13;10.20;9.80;9.92;48187523;479091488.00
20150513;9.94;10.30;9.80;10.29;47197994;473127744.00
20150514;10.25;10.30;9.95;10.10;44146748;444798368.00
20150515;10.06;10.06;9.77;9.78;34345443;339552384.00
20150518;9.76;10.14;9.61;10.02;35318998;349931232.00
20150519;9.91;10.35;9.91;10.30;45091750;458535968.00
20150520;10.31;10.68;10.25;10.37;61777748;650716928.00
20150521;10.37;10.87;10.18;10.83;79745222;830525632.00
20150522;10.80;11.05;10.66;10.96;67525833;733860928.00
20150525;10.96;11.39;10.81;11.33;66182436;742918976.00
20150526;11.39;11.54;11.18;11.44;72821724;827495552.00
20150527;11.44;12.50;11.10;12.21;99605499;1157583104.00
20150528;12.21;12.73;11.51;11.62;107204397;1314271744.00
20150529;11.55;12.78;11.10;12.78;84378395;1023833728.00
20150601;13.63;14.06;13.38;14.06;122915645;1704025728.00
20150602;14.78;14.85;13.69;14.47;118208120;1686111488.00
20150603;14.49;15.92;13.90;15.92;91941736;1355187072.00
20150604;16.27;17.50;14.80;17.29;122534569;2056986240.00
20150605;17.40;17.62;16.37;16.99;96262170;1627898368.00
20150608;16.73;16.73;15.75;15.82;86421679;1393189248.00
20150609;15.85;16.24;15.40;15.84;73398270;1160351872.00
20150610;15.35;16.30;15.10;15.86;70219191;1119641984.00
20150611;15.80;16.42;15.61;16.37;51580746;823771456.00
20150612;16.49;17.16;16.49;16.53;61829898;1038186560.00
20150615;16.48;16.48;15.46;15.58;69044237;1092704384.00
20150616;15.35;15.35;14.30;14.49;48779135;720860480.00
20150617;14.33;15.05;13.91;14.91;49876733;718972992.00
20150618;14.85;15.23;13.95;14.52;40142918;592712576.00
20150619;14.15;14.26;13.07;13.07;39666163;546109888.00
20150623;13.07;13.42;12.04;13.12;45694424;588846080.00
20150624;13.19;13.63;13.01;13.39;45131660;603078336.00
20150625;13.45;13.55;12.30;12.67;43106819;565249152.00
20150626;12.20;12.37;11.40;11.40;45372817;533057056.00
20150629;11.73;11.75;10.26;10.26;51659128;554701888.00
20150630;10.06;11.12;9.20;10.91;66240665;667940288.00
20150701;10.56;11.10;9.82;9.82;49845512;527943936.00
20150702;9.90;10.08;8.84;8.84;47896442;441847712.00
20150703;8.27;8.82;7.96;7.96;54582963;444337568.00
20150706;8.76;8.76;7.16;7.25;87610342;673104000.00
20150707;7.05;7.09;6.53;6.53;53246106;355347232.00
20150708;5.88;6.74;5.88;6.18;166668277;1029725952.00
20150709;6.00;6.80;5.99;6.80;60274780;400645344.00
20150710;7.40;7.48;7.20;7.48;27509125;203854192.00
20150713;8.21;8.23;7.99;8.23;60248908;493967360.00
20150714;8.50;9.01;8.20;8.63;102496372;889446080.00
20150715;8.26;8.49;7.77;7.77;58484388;469821696.00
20150716;7.77;8.36;7.17;8.12;51564226;410649184.00
20150717;8.17;8.92;8.17;8.77;51474296;440924256.00
20150720;8.80;9.18;8.50;8.71;66977634;590242944.00
20150721;8.49;8.90;8.40;8.77;48994726;426338432.00
20150722;8.78;9.58;8.50;9.32;78038105;702686848.00
20150723;9.20;9.74;9.07;9.47;62503128;589358080.00
20150724;9.47;9.69;8.88;9.10;67222171;631605120.00
20150727;8.75;9.17;8.19;8.19;51857884;451123776.00
20150728;7.90;8.35;7.37;7.70;53389338;412139200.00
20150729;7.84;8.47;7.62;8.47;39036746;310536192.00
20150730;8.32;8.88;8.18;8.28;46894166;400536128.00
20150731;8.13;8.52;8.11;8.21;27557742;228260080.00
20150803;8.13;8.19;7.55;7.99;23854939;187694736.00
20150804;8.10;8.69;8.06;8.67;38971082;328045344.00
20150805;8.57;8.87;8.41;8.50;40284440;348074208.00
20150806;8.26;8.67;8.14;8.51;29348743;247539376.00
20150807;8.64;8.99;8.55;8.84;39619988;348480192.00
20150810;8.97;9.51;8.80;9.39;54307341;498331456.00
20150811;9.42;9.85;9.28;9.55;60627549;579595712.00
20150812;9.50;9.68;9.34;9.50;46172687;438309632.00
20150813;9.69;10.12;9.52;9.81;51884913;510058144.00
20150814;9.91;10.08;9.70;9.73;39890212;394758272.00
20150817;9.60;10.05;9.50;9.99;37527179;367110304.00
20150818;9.98;10.49;8.99;8.99;60168355;589432704.00
20150819;8.50;9.49;8.50;9.44;43710367;395855712.00
20150820;9.25;9.76;9.05;9.11;32813822;307872128.00
20150821;9.04;9.49;8.55;8.96;38873817;352676928.00
20150824;8.50;8.65;8.06;8.06;23982890;195868768.00
20150825;7.25;7.46;7.25;7.25;28882184;209932016.00
20150826;6.82;7.50;6.53;6.53;40960179;285895424.00
20150827;6.72;6.99;6.12;6.79;34589585;230400448.00
20150828;6.90;7.47;6.85;7.47;35098915;249648656.00
20150831;7.40;7.41;7.13;7.21;23362207;170009888.00
20150901;7.05;7.10;6.49;6.49;24981603;167762144.00
20150902;6.12;6.75;6.02;6.06;24728334;156731728.00
20150907;6.20;6.60;6.20;6.31;19871106;127017648.00
20150908;6.28;6.75;6.21;6.71;17627730;114012056.00
20150909;6.77;7.15;6.71;7.04;26081721;181670416.00
20150910;6.93;7.05;6.82;6.84;16077963;111364480.00
20150911;6.81;6.96;6.72;6.91;11150493;76421632.00
20150914;7.03;7.10;6.22;6.22;20054027;130865168.00
20150915;6.00;6.29;5.80;5.83;19360687;116488632.00
20150916;5.91;6.41;5.86;6.41;21771597;133337608.00
20150917;6.34;6.64;6.24;6.27;24003148;154088704.00
20150918;6.33;6.39;6.12;6.30;14600907;91513376.00
20150921;6.18;6.53;6.13;6.50;15323461;98050808.00
20150922;6.52;6.67;6.44;6.54;19157611;125403656.00
20150923;6.45;6.55;6.23;6.46;15530172;99958424.00
20150924;6.48;6.60;6.47;6.59;12179989;79559360.00
20150925;6.59;6.89;6.30;6.44;24155785;160207984.00
20150928;6.44;6.50;6.24;6.44;11248975;71974608.00
20150929;6.34;6.37;6.20;6.25;9285654;58407180.00
20150930;6.35;6.38;6.25;6.28;7650374;48238580.00
20151008;6.52;6.57;6.44;6.54;13451202;87696824.00
20151009;6.55;6.71;6.48;6.68;17526177;115860776.00
20151012;6.75;7.11;6.69;7.04;26828944;186449264.00
20151013;6.96;7.08;6.92;7.04;18960231;132749744.00
20151014;7.00;7.12;6.88;6.90;19959068;139756640.00
20151015;6.87;7.25;6.85;7.22;29319399;206939392.00
20151016;7.24;7.29;7.04;7.21;35158053;251693264.00
20151019;7.23;7.42;7.13;7.35;30375473;220743680.00
20151020;7.45;7.47;7.22;7.41;27463203;200886992.00
20151021;7.37;7.37;6.79;6.95;38103488;269745376.00
20151022;6.93;7.28;6.89;7.16;33589844;236444896.00
20151023;7.18;7.24;7.03;7.16;42302631;301837408.00
20151026;7.20;7.32;7.09;7.27;49403856;355586432.00
20151027;7.21;7.21;6.83;7.11;36316270;255436304.00
20151028;7.02;7.16;6.87;6.92;31275230;219564160.00
20151029;6.97;7.02;6.87;6.94;23182538;161025472.00
20151030;6.93;6.95;6.76;6.80;22267371;152490480.00
20151102;6.68;6.79;6.55;6.57;21194181;141423120.00
20151103;6.63;6.68;6.55;6.61;14813778;98010480.00
20151104;6.65;6.94;6.60;6.92;28933620;197162464.00
20151105;6.93;7.21;6.89;7.11;47581692;336525184.00
20151106;7.06;7.25;7.06;7.22;35787438;256851584.00
20151109;7.21;7.50;7.17;7.27;61443828;453616576.00
20151110;7.30;7.51;7.21;7.42;45308411;333633920.00
20151111;7.36;7.60;7.33;7.47;37491234;278610016.00
20151112;7.51;7.55;7.28;7.40;30430890;224784496.00
20151113;7.29;7.39;7.18;7.20;23291116;169238320.00
20151116;7.12;7.45;7.07;7.44;23422440;170963456.00
20151117;7.55;7.58;7.27;7.33;47403524;353433856.00
20151118;7.38;7.53;7.30;7.44;33338104;247392336.00
20151119;7.45;7.54;7.35;7.53;30923109;230008000.00
20151120;7.53;7.73;7.49;7.57;54560038;415106944.00
20151123;7.57;7.70;7.34;7.40;35982521;271728064.00
20151124;7.37;7.43;7.24;7.37;21528518;157377376.00
20151125;7.33;7.44;7.32;7.43;23537014;173755472.00
20151126;7.45;7.57;7.40;7.44;38921857;290594624.00
20151127;7.35;7.42;6.70;6.77;39061904;277384768.00
20151130;6.75;6.88;6.51;6.81;25402555;171150208.00
20151201;6.78;6.90;6.72;6.86;16490321;112450544.00
20151202;6.91;7.18;6.82;7.14;30671713;215269040.00
20151203;7.08;7.13;7.03;7.13;19456044;137712160.00
20151204;7.05;7.17;7.01;7.06;20942890;148446208.00
20151207;7.05;7.12;7.01;7.09;20599905;145663632.00
20151208;7.03;7.04;6.78;6.81;17930589;123273200.00
20151209;6.80;6.83;6.70;6.73;14219895;96011968.00
20151210;6.70;6.81;6.67;6.70;20638295;138658640.00
20151211;6.66;6.72;6.55;6.65;15259649;100802840.00
20151214;6.60;6.97;6.60;6.96;26166798;177950304.00
20151215;7.12;7.46;7.12;7.37;67031851;489400096.00
20151216;7.33;7.56;7.24;7.39;50443496;373432128.00
20151217;7.39;7.55;7.34;7.52;49566500;368466656.00
20160408;7.02;7.28;6.77;6.95;97312399;668830848.00
20160411;6.85;7.06;6.81;6.90;55755152;385504160.00
20160412;6.88;6.89;6.65;6.81;33685920;227027152.00
20160413;6.80;6.95;6.79;6.88;42811311;295434112.00
20160414;6.90;6.92;6.77;6.87;28293714;193347392.00
20160415;6.88;6.90;6.77;6.80;22157421;150993088.00
20160418;6.78;6.80;6.58;6.64;29119648;194033088.00
20160419;6.69;6.74;6.63;6.73;18135315;121153024.00
20160420;6.74;6.76;6.11;6.25;39721790;253796512.00
20160421;6.25;6.32;6.19;6.21;19597701;122540464.00
20160422;6.22;6.26;6.12;6.25;15002112;92964176.00
20160425;6.20;6.23;6.05;6.17;14230661;87288624.00
20160426;6.20;6.33;6.17;6.29;18568638;116291032.00
20160427;6.25;6.31;6.19;6.21;13287218;83056000.00
20160428;6.21;6.24;6.05;6.17;15091091;92556720.00
20160429;6.15;6.25;6.11;6.20;12474254;76987056.00
20160503;6.21;6.34;6.17;6.34;17193356;108120584.00
20160504;6.34;6.34;6.26;6.31;13420361;84544192.00
20160505;6.29;6.34;6.24;6.31;10945388;68890496.00
20160506;6.31;6.34;6.10;6.11;19377277;120113088.00
20160509;6.08;6.12;5.87;5.91;18518104;110726304.00
20160510;5.91;5.96;5.85;5.91;9621837;56829048.00
20160511;5.96;5.96;5.82;5.84;10214366;60142768.00
20160512;5.85;5.85;5.63;5.72;14890348;84951296.00
20160513;5.71;5.78;5.66;5.69;8599906;49088864.00
20160516;5.70;5.82;5.62;5.77;11901628;68424512.00
20160517;5.79;5.79;5.68;5.72;9742048;55820792.00
20160518;5.66;5.68;5.44;5.51;19243008;106908472.00
20160519;5.51;5.61;5.50;5.52;11958568;66479016.00
20160520;5.48;5.57;5.45;5.54;11895031;65487376.00
20160523;5.55;5.59;5.53;5.59;11977964;66657260.00
20160524;5.57;5.58;5.49;5.55;10016916;55435576.00
20160525;5.60;5.62;5.51;5.55;10325595;57494660.00
20160526;5.54;5.56;5.39;5.54;11954408;65419164.00
20160527;5.51;5.55;5.49;5.53;7119080;39306356.00
20160530;5.52;5.55;5.44;5.51;6624249;36484356.00
20160531;5.52;5.77;5.51;5.74;20293305;114712768.00
20160601;5.71;5.78;5.70;5.72;12919526;74162528.00
20160602;5.71;5.76;5.70;5.75;11313414;64782416.00
20160603;5.76;5.79;5.71;5.77;11168850;64188812.00
20160606;5.77;5.82;5.75;5.78;10830856;62644704.00
20160607;5.83;6.05;5.83;5.90;22287720;132334184.00
20160608;5.86;5.88;5.78;5.79;12261775;71327080.00
20160613;5.70;5.73;5.49;5.50;11769465;66370752.00
20160614;5.50;5.56;5.46;5.54;7605251;41907856.00
20160615;5.50;5.67;5.49;5.64;10351917;58040548.00
20160616;5.63;5.65;5.55;5.57;9690147;54292896.00
20160617;5.58;5.72;5.58;5.63;10517887;59353792.00
20160620;5.63;5.68;5.59;5.65;7298866;41139212.00
20160621;5.67;5.72;5.50;5.57;13159440;74049784.00
20160622;5.57;5.64;5.51;5.63;7546429;42165332.00
20160623;5.62;5.63;5.51;5.58;8514573;47447136.00
20160624;5.57;5.62;5.33;5.45;13769575;75758144.00
20160627;5.49;5.58;5.46;5.56;12223713;67785368.00
20160628;5.54;5.62;5.53;5.61;12481034;69531048.00
20160629;5.61;5.68;5.59;5.62;12411816;69857432.00
20160630;5.66;5.75;5.63;5.70;18376012;104606032.00
