20120817;12.50;13.00;10.62;10.70;44295526;528007040.00
20120820;10.50;10.55;9.63;9.69;31047798;307275776.00
20120821;9.60;10.06;9.58;9.80;20273075;198945056.00
20120822;9.70;10.78;9.61;10.78;27505977;287130368.00
20120823;10.77;11.85;10.62;11.25;29483159;333299936.00
20120824;10.91;11.59;10.52;10.65;20645574;229696768.00
20120827;10.29;10.48;9.59;10.01;15667010;155405472.00
20120828;9.88;11.01;9.73;11.01;15248254;159573664.00
20120829;11.20;11.89;11.05;11.24;24749945;281081568.00
20120830;10.85;12.36;10.75;11.81;28152859;326373504.00
20120831;11.48;12.17;11.30;11.51;20413950;239456752.00
20120903;11.48;12.66;11.30;12.66;25434920;309154720.00
20120904;12.50;13.93;12.40;13.28;31787215;410678688.00
20120905;12.96;13.44;12.68;12.92;21516373;279869696.00
20120906;12.92;13.38;12.71;13.11;18458734;240980864.00
20120907;13.10;13.80;12.73;13.09;21561093;284241760.00
20120910;13.09;13.75;12.88;13.45;20665275;275112512.00
20120911;13.48;13.48;12.76;12.89;17267042;224526848.00
20120912;12.81;13.10;12.25;12.74;14426942;182775968.00
20120913;12.65;12.97;12.28;12.33;12014657;152690320.00
20120914;12.48;12.85;12.20;12.48;11055871;138886416.00
20120917;12.49;12.65;11.78;11.82;8756892;106352480.00
20120918;11.75;11.94;11.62;11.76;6149488;72320616.00
20120919;11.73;11.90;11.45;11.76;5792663;67534888.00
20120920;11.64;11.73;10.75;10.85;8451731;94876840.00
20120921;10.76;11.04;10.60;10.65;6173322;66793792.00
20120924;10.56;10.97;10.30;10.88;6530580;69811312.00
20120925;10.78;10.85;10.45;10.69;5087837;54157756.00
20120926;10.59;11.11;10.52;10.71;8084363;87677336.00
20120927;10.55;11.12;10.10;10.80;10108164;107954560.00
20120928;10.65;11.03;10.59;10.90;6998055;75782144.00
20121008;10.80;11.10;10.71;11.05;6328244;69254168.00
20121009;11.00;11.52;10.96;11.40;10578949;119493880.00
20121010;11.31;11.60;11.10;11.37;9993626;112852400.00
20121011;11.29;11.29;10.55;10.58;8780288;95880608.00
20121012;10.60;10.78;10.22;10.40;5779184;60537400.00
20121015;10.38;10.60;10.10;10.50;4615486;47824112.00
20121016;10.45;10.62;10.31;10.37;4056409;42468252.00
20121017;10.47;10.58;10.35;10.54;3587164;37638832.00
20121018;10.45;10.77;10.45;10.66;5830927;61849804.00
20121019;10.61;10.68;10.38;10.40;4277098;44887332.00
20121022;10.27;10.38;10.14;10.30;3857839;39470392.00
20121023;10.30;10.45;10.26;10.29;2874349;29748748.00
20121024;10.19;10.25;10.03;10.05;3849712;39055684.00
20121025;10.09;10.20;9.94;9.99;3015214;30361784.00
20121026;10.00;10.06;9.60;9.70;3642885;35538184.00
20121029;9.61;9.77;9.60;9.71;1870516;18107414.00
20121030;9.74;9.84;9.70;9.78;1899966;18575676.00
20121031;9.74;9.75;9.16;9.41;3857949;36231856.00
20121101;9.38;9.65;9.36;9.60;3246589;31023504.00
20121102;9.58;9.74;9.52;9.60;2696605;25922618.00
20121105;9.59;10.03;9.43;10.01;5422741;52734288.00
20121106;9.91;10.04;9.75;9.83;4922215;48583232.00
20121107;9.74;9.88;9.60;9.73;2498580;24338922.00
20121108;9.52;9.57;9.17;9.20;3336143;31279062.00
20121109;9.19;9.26;9.12;9.24;1706557;15690544.00
20121112;9.21;9.39;9.16;9.36;2076718;19279950.00
20121113;9.33;9.35;8.91;8.95;2455721;22341508.00
20121114;8.89;9.58;8.87;9.28;4303810;39978944.00
20121115;9.18;9.24;9.00;9.03;2575974;23400256.00
20121116;9.05;9.36;9.03;9.15;2682055;24538924.00
20121119;9.06;9.33;9.06;9.31;2354749;21649084.00
20121120;9.34;9.40;9.17;9.22;2062102;19112972.00
20121121;9.13;9.36;9.12;9.34;2505216;23216700.00
20121122;9.26;10.26;9.18;10.00;14611599;145002784.00
20121123;9.81;10.02;9.77;9.80;8459579;83440880.00
20121126;9.78;10.08;9.73;9.79;5618583;55529720.00
20121127;9.80;9.80;8.81;8.83;7172645;65582000.00
20121128;8.61;8.89;8.35;8.43;4733363;40609560.00
20121129;8.50;8.54;7.94;8.07;3623509;30025196.00
20121130;8.02;8.33;8.00;8.25;2823187;23184094.00
20121203;8.16;8.28;7.72;7.89;2898112;23272556.00
20121204;7.81;8.15;7.76;8.12;2807308;22296084.00
20121205;8.01;8.57;8.01;8.40;4879855;40821168.00
20121206;8.39;8.45;8.19;8.31;3201378;26544842.00
20121207;8.25;8.58;8.25;8.57;4628129;39203472.00
20121210;8.47;8.97;8.47;8.85;6508200;56859628.00
20121211;8.82;8.88;8.58;8.66;4591844;40056792.00
20121212;8.67;8.72;8.39;8.56;3773305;32176876.00
20121213;8.51;8.62;8.35;8.37;2990251;25363516.00
20121214;8.37;9.21;8.31;8.94;9384066;83317640.00
20121217;8.90;9.19;8.82;9.16;8523667;76635808.00
20121218;9.05;9.15;8.92;8.97;5412687;48888216.00
20121219;8.95;9.14;8.88;9.05;4745068;42882928.00
20121220;9.07;9.85;9.07;9.44;11487583;109098680.00
20121221;9.25;9.86;9.23;9.63;11550789;110008048.00
20121224;9.56;9.63;9.36;9.52;5798350;55037056.00
20121225;9.49;10.17;9.31;9.98;10742830;105339688.00
20121226;9.90;10.98;9.84;10.76;15684446;166785152.00
20121227;10.75;10.80;10.16;10.23;12146374;127102216.00
20121228;10.18;10.43;9.98;10.19;7588607;77511560.00
20121231;10.16;10.30;9.98;10.21;5323520;54031752.00
20130104;10.26;10.47;9.98;10.35;7328474;75326104.00
20130107;10.26;10.37;10.10;10.36;5225671;53580904.00
20130108;10.37;10.86;10.21;10.65;10940749;115677928.00
20130109;10.58;10.77;10.11;10.33;7696680;80332720.00
20130110;10.29;10.36;10.09;10.21;5458429;55786352.00
20130111;10.20;10.30;9.90;9.94;4931975;49882696.00
20130114;9.83;10.34;9.80;10.27;5560643;56476756.00
20130115;10.28;10.57;10.28;10.47;7420294;77324536.00
20130116;10.48;11.12;10.40;11.05;15912875;171949136.00
20130117;10.98;10.98;10.59;10.60;7718278;82762080.00
20130118;10.62;10.99;10.62;10.90;7825118;84867280.00
20130121;10.90;10.99;10.66;10.85;5420940;58652872.00
20130122;10.82;10.87;10.38;10.55;5210352;55532580.00
20130123;10.50;10.92;10.40;10.65;3979800;42404672.00
20130124;10.65;10.85;9.97;10.05;7025037;72794176.00
20130125;10.08;10.22;9.78;9.82;3340380;33330660.00
20130128;9.81;10.13;9.81;10.12;2859437;28595504.00
20130129;10.17;10.29;10.10;10.21;2415115;24653270.00
20130130;10.21;10.26;10.06;10.18;2700601;27465056.00
20130131;10.19;10.41;10.12;10.30;3391126;34795340.00
20130201;10.22;10.47;10.21;10.31;3048968;31501806.00
20130204;10.28;10.36;9.96;10.07;2706331;27419958.00
20130205;9.99;10.24;9.95;10.15;1648507;16690273.00
20130206;10.20;10.34;10.10;10.33;2528173;25852856.00
20130207;11.20;11.36;11.20;11.36;7164653;81330448.00
20130208;11.83;12.18;11.31;11.94;23630342;275896640.00
20130218;11.60;11.90;11.55;11.74;13228992;155022272.00
20130219;11.62;12.81;11.50;12.16;18384082;222585040.00
20130220;11.91;12.16;11.67;12.11;10159631;121457600.00
20130221;11.90;11.90;11.30;11.53;9066912;105162848.00
20130222;11.45;11.67;11.36;11.55;4905074;56326308.00
20130225;11.70;11.82;11.50;11.55;5396788;62779320.00
20130226;11.40;11.40;10.88;10.97;7354009;81429200.00
20130227;10.99;11.10;10.62;10.87;4650258;50559868.00
20130228;10.87;11.16;10.78;11.09;4269361;47036420.00
20130301;11.03;11.38;11.00;11.19;6545554;73556848.00
20130304;11.12;11.12;10.38;10.49;5313982;56841696.00
20130305;10.50;10.80;10.42;10.72;3441002;36613320.00
20130306;10.65;10.94;10.65;10.85;3560607;38432072.00
20130307;10.85;11.20;10.80;10.91;5630885;62177228.00
20130308;10.90;11.28;10.84;11.16;4323561;47878632.00
20130311;11.02;11.22;11.00;11.15;2760337;30653674.00
20130312;11.10;11.38;10.60;10.82;5618170;62333312.00
20130313;10.70;10.86;10.42;10.60;2994279;31865240.00
20130314;10.60;10.88;10.50;10.80;2447116;26313580.00
20130315;10.72;11.09;10.58;10.83;3907063;42362528.00
20130318;10.87;10.96;10.18;10.20;4629667;48481896.00
20130319;10.36;10.40;9.92;10.29;3542744;35913440.00
20130320;10.16;10.69;10.15;10.66;3908068;40851860.00
20130321;10.67;10.98;10.52;10.71;3764797;40405252.00
20130322;10.78;10.88;10.72;10.86;4056843;43821300.00
20130325;10.87;10.97;10.67;10.79;2226303;23989520.00
20130326;10.79;10.79;10.32;10.38;2607073;27252104.00
20130327;10.34;10.51;10.12;10.24;2647529;27210630.00
20130328;10.23;10.23;10.00;10.00;2207066;22180520.00
20130329;10.18;10.18;9.97;10.01;1379240;13846345.00
20130401;9.99;10.09;9.90;10.02;1175495;11759569.00
20130402;10.09;10.15;9.92;9.95;1451030;14554848.00
20130403;10.00;10.05;9.46;9.57;2444700;23692576.00
20130408;9.46;9.47;9.17;9.44;1527294;14201722.00
20130409;9.42;9.65;9.42;9.62;1358670;13015807.00
20130410;9.60;9.62;9.39;9.49;1138189;10809119.00
20130411;9.49;9.53;9.18;9.19;1976952;18474412.00
20130412;9.14;9.25;9.00;9.08;1513096;13830688.00
20130415;9.00;9.08;8.79;8.80;1623309;14449044.00
20130416;8.77;8.95;8.65;8.92;1327090;11678362.00
20130417;8.95;9.22;8.84;9.18;1907472;17249046.00
20130418;9.15;9.18;8.95;9.08;1295560;11757931.00
20130419;9.14;9.35;9.05;9.33;2507052;23187980.00
20130422;9.24;9.24;9.10;9.22;1802230;16529319.00
20130423;9.23;9.23;8.77;8.78;1781866;15946287.00
20130424;8.80;9.04;8.78;8.97;1543482;13786828.00
20130425;8.90;8.96;8.73;8.74;1934741;17102156.00
20130426;8.63;8.63;8.09;8.12;4105985;33809592.00
20130502;8.05;8.05;7.81;7.96;2005413;15882629.00
20130503;7.96;8.15;7.96;8.12;2080408;16808878.00
20130506;8.15;8.31;8.13;8.28;1795599;14741907.00
20130507;8.28;8.36;8.24;8.31;1575837;13065042.00
20130508;8.37;8.39;8.27;8.33;1579059;13139031.00
20130509;8.36;8.40;8.23;8.37;1838431;15286776.00
20130510;8.38;8.96;8.38;8.93;5835201;50853028.00
20130513;8.77;9.03;8.75;8.79;3037532;26806680.00
20130514;8.80;8.80;8.48;8.55;1962779;16865686.00
20130515;8.56;8.75;8.55;8.66;1029068;8877137.00
20130516;8.66;8.81;8.42;8.79;2305394;19985818.00
20130517;8.75;8.92;8.68;8.87;2326055;20514648.00
20130520;8.86;9.04;8.73;9.00;3240663;28856120.00
20130521;8.98;9.33;8.89;9.31;4653449;42858204.00
20130522;9.33;9.33;9.08;9.12;2671690;24514984.00
20130523;9.11;9.21;8.88;8.90;2239345;20270134.00
20130524;8.91;9.14;8.91;9.12;2162394;19573288.00
20130527;9.12;9.20;9.00;9.09;1466580;13317757.00
20130528;9.12;9.16;8.95;9.13;2458763;22281104.00
20130529;9.09;9.34;9.09;9.22;3307706;30542784.00
20130530;9.13;9.34;9.08;9.33;3319479;30812284.00
20130531;9.37;9.38;9.12;9.13;2394581;22150136.00
20130603;9.13;9.31;8.98;9.10;1837623;16776245.00
20130604;9.12;9.20;8.84;8.94;1584620;14245638.00
20130605;8.86;9.04;8.81;8.92;902202;8024731.00
20130606;8.92;8.92;8.42;8.50;2146631;18495710.00
20130607;8.49;8.59;8.21;8.31;1461176;12216410.00
20130613;8.25;8.25;7.90;8.03;913930;7347583.00
20130614;8.31;8.31;8.06;8.15;896803;7286530.00
20130617;8.15;8.35;8.03;8.22;1002644;8246790.00
20130618;8.25;8.39;8.20;8.24;951898;7878145.00
20130619;8.17;8.21;7.91;8.15;923882;7457089.00
20130620;8.10;8.49;8.01;8.20;2032223;16795720.00
20130621;8.00;8.29;7.84;8.24;1807961;14685728.00
20130624;8.24;8.25;7.42;7.55;1894706;14891256.00
20130625;7.48;7.62;6.81;7.30;2455812;17578208.00
20130626;7.28;7.38;7.11;7.24;1572457;11362774.00
20130627;7.21;7.43;7.15;7.17;1607933;11712543.00
20130628;7.08;7.25;6.82;6.98;1355315;9511249.00
20130701;7.08;7.15;6.95;7.13;1155463;8125476.00
20130702;7.14;7.27;7.05;7.20;1110063;7935617.00
20130703;7.14;7.23;6.95;7.14;1363730;9672807.00
20130704;7.13;7.33;7.00;7.27;1964147;14183576.00
20130705;7.30;7.54;7.20;7.48;3025699;22304224.00
20130708;7.50;7.80;7.21;7.57;5417870;41089568.00
20130709;7.36;7.47;7.20;7.29;2154682;15715472.00
20130710;7.23;7.47;7.23;7.43;2088086;15363183.00
20130711;7.43;7.70;7.40;7.63;3243642;24584296.00
20130712;7.60;7.62;7.40;7.42;2148773;16139205.00
20130715;7.42;7.55;7.41;7.50;1376526;10292740.00
20130716;7.55;7.73;7.50;7.70;2619206;20005238.00
20130717;7.70;8.08;7.58;7.81;4280547;33444892.00
20130718;7.74;7.80;7.50;7.78;3331112;25433060.00
20130719;7.80;7.86;7.41;7.50;2054402;15707247.00
20130722;7.45;7.48;7.10;7.46;3400741;24711916.00
20130723;7.40;7.58;7.30;7.56;1871383;14040053.00
20130724;7.50;7.74;7.40;7.72;2929506;22104400.00
20130725;7.74;8.20;7.47;7.87;7829554;61322480.00
20130726;7.68;7.73;7.61;7.69;2683154;20601998.00
20130729;7.61;7.72;7.55;7.61;1367919;10449111.00
20130730;7.65;7.78;7.50;7.71;1984023;15198598.00
20130731;7.73;8.48;7.71;8.29;9850486;79830816.00
20130801;8.16;8.65;7.91;8.54;12061876;101235272.00
20130802;8.38;8.55;8.31;8.33;5262345;44170624.00
20130805;8.28;8.45;8.27;8.39;2635755;22095150.00
20130806;8.42;8.43;8.23;8.37;2560296;21283496.00
20130807;8.37;8.37;8.10;8.13;2459060;20222636.00
20130808;8.12;8.24;8.00;8.04;2106889;17122156.00
20130809;8.12;8.39;7.97;8.29;3532450;28925428.00
20130812;8.29;8.49;8.25;8.45;4321336;36302688.00
20130813;8.45;8.48;8.30;8.41;2441547;20436364.00
20130814;8.38;8.41;8.14;8.19;2831767;23344264.00
20130815;8.20;8.26;8.07;8.09;1643144;13431430.00
20130816;8.01;8.28;7.86;7.87;2435142;19609932.00
20130819;7.66;7.98;7.66;7.96;1136341;8949332.00
20130820;7.92;8.15;7.89;7.90;2021201;16190622.00
20130821;7.88;7.96;7.80;7.90;1278745;10076029.00
20130822;7.87;8.00;7.84;7.84;1520048;12042913.00
20130823;7.90;8.09;7.77;7.88;2504290;19925144.00
20130826;7.86;8.67;7.86;8.67;13302716;112735352.00
20130827;8.76;9.48;8.68;9.20;26381951;238967440.00
20130828;8.99;10.12;8.93;9.61;24880795;236824848.00
20130829;9.77;10.57;9.61;10.57;18644195;189281664.00
20130830;11.00;11.40;10.41;10.77;30259077;329683200.00
20130902;10.51;10.60;9.69;9.69;17425949;171021936.00
20130903;9.50;10.08;9.34;9.99;16386197;158591712.00
20130904;9.80;10.26;9.71;9.82;14069517;139813392.00
20130905;9.67;9.70;9.30;9.51;11878422;112507344.00
20130906;9.50;10.38;9.42;10.13;17285640;171643952.00
20130909;9.98;10.90;9.85;10.28;17521163;181068240.00
20130910;9.93;11.31;9.85;11.31;18362271;197279584.00
20130911;11.48;11.80;10.78;10.91;22175421;250565008.00
20130912;10.80;12.00;10.60;11.76;21588226;250188640.00
20130913;11.50;11.66;11.04;11.28;12849789;145585792.00
20130916;11.15;11.65;10.86;11.18;8153588;91969920.00
20130917;11.04;11.05;10.13;10.32;8945508;95208384.00
20130918;10.40;10.92;10.31;10.64;6164502;65627916.00
20130923;10.60;11.25;10.60;10.88;6723091;73665648.00
20130924;11.08;11.23;10.85;11.09;7832574;86594392.00
20130925;11.10;11.51;10.80;11.20;9495808;106659264.00
20130926;11.08;11.08;10.25;10.28;7824885;81944424.00
20130927;10.21;10.38;9.75;9.77;5138731;51236296.00
20130930;9.96;10.18;9.79;10.13;3028702;30487776.00
20131008;10.11;10.55;9.93;10.52;5075613;51969180.00
20131009;10.40;11.57;10.32;11.42;14436028;162588576.00
20131010;11.43;11.56;10.80;10.99;8409029;93566936.00
20131011;10.98;12.09;10.98;12.09;15553389;184240976.00
20131014;12.60;13.23;11.71;12.94;18388572;228115632.00
20131015;12.55;12.75;12.30;12.45;8074295;100936480.00
20131016;12.44;12.62;11.45;11.84;6805141;81433816.00
20131017;12.15;12.85;11.70;11.93;7801297;95748400.00
20131018;11.70;12.12;11.48;11.72;5299765;62559132.00
20131021;11.66;12.20;11.60;11.99;5011826;60171736.00
20131022;11.93;12.60;11.76;11.94;7557379;92353336.00
20131023;11.80;12.18;11.30;11.40;4989790;57920368.00
20131024;11.53;11.58;11.00;11.22;3730841;41970764.00
20131025;11.26;11.65;11.18;11.61;5275761;60619768.00
20131028;11.88;12.60;11.72;11.85;8397557;101891328.00
20131029;11.70;13.00;11.69;12.65;17584709;217932608.00
20131030;12.09;12.66;12.09;12.50;11264651;139696144.00
20131031;12.11;12.20;11.25;11.25;10585150;121718400.00
20131101;10.75;10.75;10.13;10.20;9197614;94280320.00
20131104;10.18;10.60;10.02;10.56;5252894;54351452.00
20131105;10.45;11.28;10.32;11.00;7387387;80359728.00
20131106;10.95;11.79;10.80;11.11;9056952;102080856.00
20131107;10.83;10.92;10.36;10.54;5135387;54816208.00
20131108;10.40;10.85;10.10;10.47;2891667;30584902.00
20131111;10.46;10.72;10.23;10.60;2782856;29357248.00
20131112;10.54;10.63;10.21;10.37;3348813;34933440.00
20131113;10.20;10.20;9.44;9.46;5801046;56632480.00
20131114;9.46;9.68;9.30;9.66;3810659;36218252.00
20131115;9.66;10.09;9.60;9.85;4824890;47672256.00
20131118;9.85;10.42;9.70;10.33;6356075;64744408.00
20131119;10.75;10.95;10.38;10.75;6813029;72403600.00
20131120;10.62;10.72;10.34;10.62;4682103;49226592.00
20131121;10.71;11.15;10.71;10.79;6984334;76061504.00
20131122;10.65;11.08;10.43;10.78;5227978;56041768.00
20131125;10.53;10.80;10.48;10.55;2966803;31495578.00
20131126;10.59;10.85;10.55;10.63;2840661;30394300.00
20131127;10.73;10.73;10.52;10.71;2911082;31006864.00
20131128;10.72;10.90;10.62;10.76;4050132;43608008.00
20131129;10.77;10.86;10.50;10.58;4389429;46732040.00
20131202;10.26;10.43;9.65;9.72;4359503;43559600.00
20131203;9.72;10.08;9.69;10.03;2722567;26912664.00
20131204;10.03;10.43;9.98;10.29;3444405;35505464.00
20131205;10.29;10.84;10.15;10.72;6946736;73472608.00
20131206;10.68;11.30;10.40;11.08;8532588;92702472.00
20131209;11.08;11.27;10.80;11.01;7632260;84169632.00
20131210;10.96;11.15;10.81;10.88;3520976;38410008.00
20131211;10.81;10.81;10.47;10.74;2881006;30497982.00
20131212;10.51;10.97;10.51;10.80;2517849;27239032.00
20131213;10.71;10.97;10.55;10.71;2396443;25744452.00
20131216;10.71;10.85;10.35;10.37;2251397;23633818.00
20131217;10.30;10.50;10.30;10.43;1227641;12775747.00
20131218;10.42;10.54;10.14;10.23;1584611;16275069.00
20131219;10.23;10.39;10.06;10.08;1084745;11051738.00
20131220;10.03;10.18;10.01;10.13;1327319;13405897.00
20131223;10.13;10.13;9.74;9.87;1461661;14435091.00
20131224;9.77;10.03;9.77;9.85;1220973;12084992.00
20131225;9.80;10.11;9.79;10.01;1571285;15602037.00
20131226;10.05;10.05;9.83;9.85;1057567;10474234.00
20131227;9.85;10.00;9.75;9.95;1189060;11808579.00
20131230;10.00;10.16;9.98;10.08;1470082;14813527.00
20131231;10.05;10.20;10.01;10.15;1345206;13658741.00
20140102;10.15;10.25;10.08;10.15;1105532;11234131.00
20140103;10.14;10.21;9.91;9.93;1477472;14827825.00
20140106;9.90;9.90;9.13;9.16;2588141;24267908.00
20140107;9.12;9.37;8.89;9.30;2039156;18745680.00
20140108;9.30;9.89;9.22;9.88;3149671;30109640.00
20140109;9.80;10.30;9.73;10.07;5560173;55964676.00
20140110;9.90;9.96;9.37;9.57;3047760;29675544.00
20140113;9.50;9.50;9.10;9.31;1595278;14877082.00
20140114;9.32;9.68;9.22;9.59;1199232;11309619.00
20140115;9.53;9.64;9.32;9.50;1611206;15268491.00
20140116;9.51;9.51;9.28;9.41;1552423;14626970.00
20140117;9.39;9.39;9.10;9.18;1508605;13858613.00
20140120;9.30;9.30;8.98;9.09;924902;8407015.00
20140121;9.09;9.50;9.08;9.43;1976883;18442288.00
20140122;9.45;9.75;9.34;9.69;2722595;26027884.00
20140123;9.68;9.69;9.55;9.66;1485264;14254024.00
20140124;9.64;9.75;9.51;9.71;1420815;13726427.00
20140127;9.56;9.68;9.30;9.46;1777975;16683011.00
20140128;9.46;9.66;9.25;9.63;1368311;12831525.00
20140129;9.42;9.59;9.31;9.47;1322953;12447391.00
20140130;9.41;9.43;9.28;9.31;647375;6036140.00
20140207;9.34;9.39;9.23;9.37;995410;9270716.00
20140210;9.37;9.75;9.37;9.65;2060668;19786108.00
20140211;9.70;10.62;9.60;10.62;9096976;93042528.00
20140212;10.62;11.15;10.53;10.90;11970764;130277080.00
20140213;10.80;10.86;10.54;10.58;5480624;58552720.00
20140214;10.75;11.08;10.67;10.76;4824780;52204576.00
20140217;10.65;10.98;10.54;10.95;5760567;61827220.00
20140218;10.90;10.97;10.70;10.89;4027680;43542976.00
20140219;10.85;11.83;10.70;11.58;12846597;147013632.00
20140220;12.74;12.74;12.74;12.74;3893961;49609064.00
20140221;14.01;14.01;12.20;12.21;22371705;297250112.00
20140224;13.00;13.43;12.68;13.12;26994415;357430592.00
20140225;12.50;12.67;11.81;11.81;16650665;204094704.00
20140226;11.51;12.57;11.23;12.39;18925051;229758768.00
20140227;12.09;13.55;11.87;12.50;21662418;272844704.00
20140228;11.98;12.75;11.53;12.09;14933938;181478688.00
20140303;12.00;13.30;11.81;13.30;12202018;156318464.00
20140304;14.30;14.63;13.91;14.63;20467602;296074720.00
20140305;15.79;15.80;14.02;14.34;24062900;354067712.00
20140306;14.09;14.48;13.65;14.06;15961682;224210528.00
20140307;14.10;14.59;13.40;13.67;16238077;228054208.00
20140310;13.27;13.28;12.50;12.72;9959577;128317800.00
20140311;12.71;12.83;12.35;12.55;7113338;89240448.00
20140312;12.55;12.55;11.53;12.17;8503126;102441552.00
20140313;11.91;12.20;11.81;12.14;6592173;79434048.00
20140314;12.04;12.29;11.81;12.04;4949752;59603656.00
20140317;12.10;12.38;12.08;12.33;6228250;76067008.00
20140318;12.30;12.54;12.11;12.32;8146860;100149136.00
20140319;12.20;12.20;11.88;12.07;5591517;67265320.00
20140320;11.94;13.28;11.85;13.22;22453996;289146080.00
20140321;12.80;12.88;12.20;12.73;13234133;166912944.00
20140324;12.50;12.93;12.50;12.88;8014836;101984880.00
20140325;12.88;13.39;12.47;12.55;9951144;128981832.00
20140326;12.50;12.53;12.01;12.24;6205829;75725136.00
20140327;12.16;12.42;11.72;12.24;7691180;92498040.00
20140328;12.26;12.26;11.32;11.35;6211311;72812656.00
20140331;11.28;11.64;11.11;11.35;2922018;33217808.00
20140401;11.35;11.50;11.26;11.48;2767867;31579944.00
20140402;11.57;11.90;11.43;11.50;3726122;43430464.00
20140403;11.44;11.97;11.20;11.72;6983650;81385608.00
20140404;11.53;11.55;11.31;11.53;4035487;46139620.00
20140408;11.49;11.88;11.35;11.77;4375376;51085024.00
20140409;11.67;12.05;11.67;11.84;4699755;55769400.00
20140410;11.90;11.97;11.76;11.80;4385805;51973440.00
20140411;11.70;12.06;11.45;12.04;5765760;68004176.00
20140414;12.00;12.85;12.00;12.75;13078920;161812608.00
20140415;12.60;12.77;12.32;12.48;6412201;80028784.00
20140416;12.39;12.65;12.09;12.60;5371024;66456892.00
20140417;12.49;13.19;12.40;12.72;8967394;115293704.00
20140418;12.51;12.67;12.31;12.49;4883874;60780800.00
20140421;12.21;12.29;11.73;11.77;4949447;59105840.00
20140422;11.61;11.88;11.10;11.49;3918521;44944520.00
20140423;11.52;11.75;11.43;11.59;2289585;26562302.00
20140424;11.63;11.70;11.40;11.67;2213361;25609480.00
20140425;11.72;11.90;11.58;11.70;3622744;42553568.00
20140428;11.60;12.25;11.21;12.19;8396980;99637368.00
20140429;11.95;12.15;11.40;11.80;5804047;68860616.00
20140430;11.68;11.95;11.50;11.53;3042098;35334588.00
20140505;11.58;11.73;11.27;11.67;2255667;25984114.00
20140506;11.65;11.90;11.49;11.75;3480381;40664196.00
20140507;11.60;11.64;11.33;11.36;2632867;30201400.00
20140508;11.30;11.58;11.18;11.34;1638661;18625574.00
20140509;11.34;11.39;10.97;11.07;2505759;27863248.00
20140512;11.08;11.36;11.07;11.30;1939244;21862300.00
20140513;11.40;12.30;11.40;11.94;7589259;91009096.00
20140514;11.78;11.78;11.44;11.58;3574462;41454808.00
20140515;11.59;11.77;11.42;11.48;2062282;23891736.00
20140516;11.41;11.66;11.16;11.46;1902432;21837734.00
20140519;11.35;11.53;11.22;11.34;1427216;16203833.00
20140520;11.40;11.76;11.38;11.52;2184218;25254752.00
20140521;11.51;11.62;11.25;11.57;1711152;19692044.00
20140522;11.57;12.10;11.44;11.99;6010314;71099072.00
20140523;11.88;12.08;11.77;12.01;3798090;45314128.00
20140526;11.96;12.26;11.90;12.12;5765513;69758736.00
20140527;12.10;12.18;11.98;12.12;4007573;48433348.00
20140528;12.11;12.58;12.01;12.50;7831498;97002568.00
20140529;12.48;12.73;12.13;12.14;5434738;67636032.00
20140530;12.07;12.20;11.78;12.19;3119893;37509988.00
20140603;12.12;13.37;12.12;12.52;9790984;124598984.00
20140604;12.44;12.95;12.10;12.79;8743584;110127968.00
20140605;12.50;12.98;12.37;12.86;7860605;100036776.00
20140606;12.90;12.97;12.52;12.57;4846732;61444448.00
20140609;12.57;12.69;12.40;12.45;2965484;37243948.00
20140610;12.44;12.60;12.16;12.46;3132166;38763104.00
20140611;12.45;12.51;12.19;12.44;3455446;42738828.00
20140612;12.44;12.74;12.30;12.47;4536161;57025772.00
20140613;12.48;12.88;12.45;12.79;6044348;77078032.00
20140616;12.86;13.08;12.70;12.77;5824383;74821664.00
20140617;12.73;12.74;12.37;12.41;3523329;43977244.00
20140618;12.41;12.58;12.32;12.41;2569244;31961840.00
20140619;12.41;12.47;11.58;11.62;4040913;48417220.00
20140620;11.60;11.76;11.48;11.70;1709277;19865462.00
20140623;11.70;12.07;11.70;11.86;2232165;26515104.00
20140624;11.80;11.97;11.73;11.95;1597675;18974804.00
20140625;11.93;12.09;11.82;11.86;2359952;28170864.00
20140626;11.85;12.06;11.80;12.00;2643935;31627908.00
20140627;12.00;12.29;11.95;12.23;2992124;36321888.00
20140630;12.35;12.39;12.09;12.33;3095060;37882728.00
20140701;12.40;12.41;12.10;12.20;3438395;41909408.00
20140702;12.15;12.22;12.02;12.16;2411372;29225278.00
20140703;12.18;12.22;12.05;12.12;2364227;28637410.00
20140704;12.06;12.26;12.05;12.25;3049504;37121616.00
20140707;12.25;12.54;12.24;12.51;4017851;49697728.00
20140708;12.47;12.95;12.45;12.82;8766067;111496920.00
20140709;12.75;13.09;12.57;12.73;6847700;87500312.00
20140710;12.73;13.24;12.63;13.09;9265635;120399360.00
20140711;13.00;13.08;12.83;12.94;5004972;64741804.00
20140714;12.94;13.01;12.62;12.90;4706770;60259660.00
20140715;12.88;13.12;12.71;13.10;3458179;44541032.00
20140716;13.20;13.88;13.08;13.45;11863585;161575600.00
20140717;13.24;13.80;12.85;13.64;7852804;104139784.00
20140718;13.55;13.55;13.07;13.10;4621235;61391632.00
20140721;13.28;13.28;12.78;12.84;3636988;47067544.00
20140722;12.73;13.21;12.73;13.10;3203563;41749904.00
20140723;13.10;13.27;12.96;13.16;3961331;51906168.00
20140724;13.25;13.54;12.88;13.38;6912244;91598696.00
20140725;13.37;14.43;13.17;13.89;12384197;170697504.00
20140728;13.70;14.09;13.63;13.95;8010628;111212048.00
20140729;13.94;14.05;13.68;13.84;6593304;91063864.00
20140730;13.84;15.10;13.82;14.61;13958500;202932256.00
20140731;14.64;14.64;14.18;14.35;7716961;110517552.00
20140801;14.30;14.33;13.72;13.86;6589662;92037176.00
20140804;13.80;14.11;13.80;14.02;3966748;55403408.00
20140805;14.10;14.10;13.60;13.90;4984085;68810304.00
20140806;13.80;13.90;13.60;13.77;3090955;42520776.00
20140807;13.75;14.06;13.70;13.88;4135132;57535480.00
20140808;13.88;14.10;13.85;14.02;3676834;51433736.00
20140811;14.07;14.14;13.88;13.99;3925707;54868928.00
20140812;13.99;14.09;13.83;13.91;3223026;44900344.00
20140813;13.91;14.29;13.88;14.26;7199402;101405928.00
20140814;14.22;14.49;14.12;14.38;6033701;86048000.00
20140815;14.30;14.93;14.28;14.63;12816986;187514192.00
20140818;14.50;14.88;14.30;14.80;9856237;143671024.00
20140819;14.63;15.47;14.31;14.88;13260991;196348480.00
20140820;14.65;14.73;14.36;14.38;6419009;92964120.00
20140821;14.36;14.49;14.02;14.20;4336211;61761732.00
20140822;14.18;14.40;14.10;14.30;2839636;40578980.00
20140825;14.29;14.38;14.07;14.09;2898938;41377656.00
20140826;14.00;14.01;13.28;13.36;5822931;79043024.00
20140827;13.36;13.55;13.32;13.43;2207826;29637786.00
20140828;13.46;13.92;13.44;13.71;3753101;51349396.00
20140829;13.58;14.08;13.58;14.03;4134748;57176608.00
20140901;14.00;14.44;13.95;14.37;7719998;110015592.00
20140902;14.20;14.38;14.12;14.33;5929267;84476656.00
20140903;14.29;14.39;14.23;14.31;4294061;61324280.00
20140904;14.32;14.39;14.18;14.39;4942426;70671000.00
20140905;14.40;14.44;14.15;14.24;4154409;59201188.00
20140909;14.37;14.64;14.11;14.62;7557006;108995408.00
20140910;14.53;14.98;14.45;14.96;9757094;143789440.00
20140911;15.00;15.50;14.82;14.96;14574384;221349936.00
20140912;14.85;15.22;14.74;15.16;10852584;162550448.00
20140915;15.18;15.59;14.92;15.10;9362533;142096096.00
20140916;15.05;15.05;14.10;14.15;8359392;122158048.00
20140917;14.00;14.30;13.80;14.28;5303605;74690384.00
20140918;14.20;14.52;14.16;14.41;4787958;68838920.00
20140919;14.30;14.69;14.30;14.63;4243298;61427328.00
20140922;14.62;15.35;14.48;15.00;13649747;204225520.00
20140923;14.82;15.26;14.77;15.19;11776360;177212064.00
20140924;15.04;15.30;14.92;15.10;9237361;139370016.00
20140925;15.10;15.10;14.63;14.67;7462414;110881440.00
20140926;14.63;14.87;14.42;14.84;4543860;66459600.00
20140929;14.81;14.95;14.72;14.82;4018819;59580664.00
20140930;14.84;14.99;14.76;14.98;4139792;61634616.00
20141008;14.95;15.20;14.82;15.14;4834948;72567680.00
20141009;15.05;15.40;14.85;15.16;6327060;95876880.00
20141010;15.16;15.27;14.75;14.81;4695422;70468424.00
20141013;14.65;14.77;14.30;14.74;4310957;62464180.00
20141014;14.95;15.24;14.77;14.89;5578825;83751840.00
20141015;14.75;15.16;14.53;15.14;4203337;62673572.00
20141016;15.05;15.38;14.90;15.22;7415150;112516736.00
20141017;15.22;15.23;14.56;14.74;4815344;71688736.00
20141020;14.70;14.95;14.53;14.86;2687594;39725036.00
20141021;14.86;15.85;14.77;15.65;15138849;234141200.00
20141022;15.57;15.64;15.22;15.24;7293340;112524120.00
20141023;15.03;15.22;14.59;14.60;5323788;78593072.00
20141024;14.58;14.80;14.51;14.65;2876072;42170952.00
20141027;14.61;14.61;13.31;13.80;5703348;77911584.00
20141028;13.76;14.66;13.70;14.64;6187012;87799528.00
20141029;14.63;15.22;14.59;14.94;9497827;141355456.00
20141030;14.70;15.06;14.62;14.75;5611475;82856368.00
20141031;14.52;14.77;14.28;14.34;4014801;58094128.00
20141103;14.24;14.70;14.20;14.68;3679451;53197724.00
20141104;14.76;14.88;14.55;14.70;3861617;56902924.00
20141105;14.72;14.98;14.39;14.49;2589001;37656432.00
20141106;14.50;14.77;14.44;14.69;2853838;41783184.00
20141107;14.62;14.78;14.10;14.13;3756673;54351520.00
20141110;14.13;14.52;14.05;14.41;3512750;50470392.00
20141111;14.48;14.77;14.09;14.74;7493111;108114272.00
20141112;14.70;15.34;14.60;15.28;13468835;202444896.00
20141113;14.95;15.17;14.77;14.87;7468841;111668248.00
20141114;14.78;14.79;14.00;14.27;4885509;69611992.00
20141117;14.31;14.70;13.90;14.68;5200841;74351872.00
20141118;14.55;14.82;14.55;14.80;5140207;75571648.00
20141119;14.68;15.05;14.68;15.00;4852373;72142304.00
20141120;14.94;15.30;14.93;15.21;11083051;167405968.00
20141121;15.06;15.61;15.01;15.23;12737112;194781248.00
20141124;15.25;15.48;15.11;15.39;11609250;177893104.00
20141125;15.43;15.79;15.39;15.52;8162197;127005752.00
20141126;15.60;17.07;15.54;17.07;14710012;243770176.00
20141127;17.10;17.89;16.81;17.23;16319839;281722528.00
20141128;17.06;17.19;16.65;16.89;9861330;166382672.00
20141201;16.67;17.32;16.10;17.10;10961438;182519968.00
20141202;16.93;17.56;16.87;17.29;7999595;137696560.00
20141203;17.12;17.37;16.72;17.24;5944678;101017312.00
20141204;17.25;18.44;17.05;17.96;11521647;205325440.00
20141205;17.55;17.79;16.33;16.69;9182575;156036976.00
20141208;16.69;17.24;16.42;16.94;7464903;126839128.00
20141209;16.77;16.87;16.05;16.30;6022412;99232928.00
20141210;16.32;16.87;16.15;16.80;2947404;48880488.00
20141211;17.49;17.58;16.81;16.89;3698209;63171300.00
20141212;16.81;17.15;16.63;17.01;3189353;53832344.00
20141215;17.26;17.84;17.24;17.79;7853458;138537568.00
20141216;18.02;19.50;18.02;18.97;9571953;181320512.00
20141217;19.06;20.83;18.70;20.81;11524351;229747456.00
20141218;20.01;22.35;19.95;21.76;11743752;252504752.00
20150417;23.94;23.94;23.94;23.94;85981;2058385.00
20150420;26.33;26.33;26.33;26.33;82465;2171303.00
20150421;28.96;28.96;28.96;28.96;20822;603005.00
20150422;31.86;31.86;31.86;31.86;267106;8509997.00
20150423;35.05;35.05;35.05;35.05;133250;4670413.00
20150424;38.56;38.56;36.15;38.56;16567810;630778240.00
20150427;39.87;41.58;37.04;38.07;21087835;821944832.00
20150428;38.79;38.79;34.34;34.52;11310343;408836736.00
20150429;34.50;36.51;34.03;36.07;7984841;281615776.00
20150430;35.26;35.90;34.20;34.25;6235545;217238096.00
20150504;34.25;34.84;34.00;34.29;4180146;143865936.00
20150505;34.42;35.19;31.32;31.71;6856218;228447888.00
20150506;31.80;33.22;31.80;31.91;4598232;148615744.00
20150507;31.55;33.10;30.18;32.58;4299915;136486736.00
20150508;32.50;33.98;32.40;33.68;4403495;146158560.00
20150511;33.80;36.30;33.80;35.88;8264257;293022624.00
20150512;35.55;39.47;35.00;39.47;9893273;370838208.00
20150513;39.00;43.42;38.42;42.06;13117527;549948608.00
20150514;42.80;43.00;40.20;40.37;7316559;301921632.00
20150515;39.01;40.30;38.01;38.74;4626595;180821504.00
20150518;38.48;41.20;38.11;38.83;5415774;216201136.00
20150519;38.56;42.53;38.07;41.26;5613002;226307824.00
20150520;41.66;45.12;41.50;42.53;7678076;333744160.00
20150521;41.56;45.65;41.54;45.62;6383921;284400128.00
20150522;45.60;47.64;43.00;44.33;6566561;293672704.00
20150525;43.00;43.16;39.92;42.30;7353933;308716672.00
20150526;42.79;45.26;42.79;43.43;7213932;315744448.00
20150527;43.10;44.89;42.12;42.61;7023604;301982720.00
20150528;43.00;43.76;39.50;40.09;8184869;338024928.00
20150529;39.29;40.52;36.10;39.45;4858710;190118256.00
20150601;38.58;42.29;38.58;41.83;6338692;259414640.00
20150602;41.79;43.60;41.07;43.54;6811325;290939456.00
20150603;44.01;44.84;41.80;43.31;6171349;267400656.00
20150604;43.36;47.64;43.36;47.64;9970559;467928160.00
20150605;51.00;51.60;45.67;47.07;11943833;582519232.00
20150608;45.40;47.00;43.00;44.56;6034300;271306496.00
20150609;43.30;47.00;43.28;45.27;4792037;216578752.00
20150610;45.27;46.10;43.60;44.58;4049073;182326592.00
20150611;45.00;45.51;43.66;44.38;4293511;190130176.00
20150612;44.63;46.99;44.00;46.65;5676463;258156048.00
20150615;46.70;46.98;43.80;44.09;4605139;210998688.00
20150616;43.35;43.35;40.00;40.49;4953988;204253776.00
20150617;40.49;42.00;37.51;41.00;4347081;171219376.00
20150618;41.00;41.90;38.30;38.80;3217617;130603520.00
20150619;36.85;37.99;35.13;35.78;3736865;137304464.00
20150623;35.85;36.85;32.20;34.83;2769894;96291512.00
20150624;35.49;36.96;34.84;36.56;5019315;179446960.00
20150625;36.66;38.61;36.00;36.80;5014642;188359840.00
20150626;35.00;35.44;33.12;33.12;4528712;153569280.00
20150629;34.11;34.38;29.81;29.81;3797243;117103488.00
20150630;28.58;30.79;26.83;29.83;6168076;175009232.00
20150701;29.90;31.30;26.85;26.85;5555553;164047632.00
20150702;24.90;26.78;24.17;24.17;5646236;139312720.00
20150703;21.99;23.40;21.75;21.75;5318044;117034696.00
20150706;23.90;23.93;19.58;19.58;5988280;131855840.00
20150713;21.54;21.54;21.54;21.54;2093471;45093364.00
20150714;23.68;23.68;23.68;23.68;910984;21572100.00
20150715;25.00;25.00;21.31;21.31;10097767;225859152.00
20150716;19.18;21.97;19.18;20.87;6763391;139342368.00
20150717;20.70;22.96;20.70;22.89;7978953;176184992.00
20150720;22.60;25.18;22.53;25.18;10658647;256148464.00
20150721;24.00;26.68;24.00;25.36;9580761;246206608.00
20150722;25.25;27.43;24.59;26.19;8952420;229840592.00
20150723;26.38;27.26;25.84;27.11;7882317;209448496.00
20150724;27.15;28.88;25.60;26.17;10918980;299535072.00
20150727;25.00;27.26;23.55;23.55;9143532;232634432.00
20150728;21.25;23.50;21.20;21.20;7014275;152266752.00
20150729;21.23;22.90;19.95;22.70;6776463;144260224.00
20150730;22.48;23.88;21.62;22.15;6462181;147647904.00
20150731;21.60;22.85;21.00;21.28;4321223;93998920.00
20150803;20.70;21.25;19.15;19.15;3821575;76220032.00
20150804;19.30;21.07;19.08;21.07;4985650;99971752.00
20150805;20.77;21.87;20.42;20.50;4555199;96314808.00
20150806;20.01;20.49;19.59;19.98;2974544;59661776.00
20150807;20.03;21.70;20.03;21.62;4927864;103528712.00
20150810;22.20;23.78;21.81;23.78;6536586;151012688.00
20150811;24.01;25.64;23.60;24.85;9041323;220873056.00
20150812;24.70;25.09;23.68;24.31;6638100;162201712.00
20150813;24.48;25.04;23.75;24.82;5182575;126879920.00
20150814;25.17;25.88;24.40;24.61;8328620;209954480.00
20150817;24.00;24.35;23.31;24.22;5404225;129014768.00
20150818;24.40;24.40;21.80;21.80;5222700;120252456.00
20150819;20.18;22.63;19.67;22.58;5347136;113542168.00
20150820;23.22;24.84;23.00;23.46;13237858;317954016.00
20150821;22.47;22.95;21.11;21.11;7682967;165183312.00
20150824;19.50;19.90;19.00;19.00;2641100;50570272.00
20150825;17.10;17.56;17.10;17.10;3886050;66643948.00
20150826;16.80;17.50;15.39;16.36;8459978;138602512.00
20150827;16.61;17.17;15.30;16.96;5321814;87333608.00
20150828;17.35;18.50;17.35;18.36;6617229;117646704.00
20150831;17.90;17.99;16.52;16.52;5085807;87829216.00
20150901;16.22;16.22;14.90;15.79;5657579;87612512.00
20150902;15.01;16.12;14.60;15.72;5637616;87154592.00
20150907;15.75;16.91;15.70;16.18;3738018;60720908.00
20150908;16.00;17.18;15.53;17.02;3213201;52557936.00
20150909;17.10;18.38;17.01;18.13;5496169;97129792.00
20150910;17.51;17.77;17.11;17.16;2991242;52301152.00
20150911;17.49;17.71;16.90;17.33;2984131;51848300.00
20150914;17.38;17.65;15.60;15.60;3479662;56389548.00
20150915;14.63;15.39;14.04;14.04;4039213;58504508.00
20150916;14.31;15.44;14.10;15.44;4594073;67155768.00
20150917;15.51;16.20;15.00;15.13;5924193;92875720.00
20150918;15.23;15.50;14.60;15.29;3737930;56574640.00
20150921;15.00;15.98;14.51;15.87;4271948;66178892.00
20150922;15.91;16.97;15.91;16.44;5923593;96472568.00
20150923;15.85;16.18;15.40;15.82;4246420;67180704.00
20150924;15.82;17.14;15.72;17.06;5820319;95242688.00
20150925;16.78;18.29;15.68;16.99;5457300;89648648.00
20150928;16.80;17.23;16.05;17.10;3274024;54883528.00
20151009;17.90;18.81;17.18;18.81;7369972;137239104.00
20151012;18.58;19.94;18.23;19.49;11298835;215123920.00
20151013;19.11;20.10;18.80;19.68;8685613;168755616.00
20151014;19.45;19.59;18.81;18.82;5221071;100163208.00
20151015;19.00;19.58;18.74;19.28;5164323;98895552.00
20151016;19.90;20.08;19.10;19.50;6826456;133596032.00
20151019;19.30;19.66;19.01;19.26;6295702;122077296.00
20151020;19.20;20.60;19.00;20.24;8514362;169668448.00
20151021;20.24;21.50;18.22;18.22;9017950;181280528.00
20151022;18.15;19.13;17.86;19.06;5545117;102458344.00
20151023;18.99;19.86;18.75;19.77;5877126;113657144.00
20151026;19.99;21.35;19.46;21.18;9436854;192277504.00
20151027;20.74;21.74;19.50;21.69;9764434;202559328.00
20151028;21.18;22.17;20.35;20.60;7505241;160171248.00
20151029;21.18;21.35;20.00;20.43;4432195;91870056.00
20151030;20.58;20.87;19.86;20.26;4126857;83997264.00
20151102;18.29;18.98;18.23;18.25;10600229;195296048.00
20151103;18.01;18.25;17.00;17.63;6177030;108414504.00
20151104;17.67;18.80;17.55;18.77;7007583;127874624.00
20151105;18.86;19.48;18.70;19.05;7034310;133788888.00
20151106;19.05;19.50;18.88;19.43;6886261;132849784.00
20151109;19.36;20.03;18.78;19.92;7737232;150564944.00
20151110;19.68;21.34;19.54;20.86;11347356;234218720.00
20151111;21.00;21.46;20.45;21.42;8487507;177684096.00
20151112;21.50;21.60;20.82;21.14;5976774;126556080.00
20151113;20.87;22.50;20.01;21.93;8829224;189128960.00
20151116;21.20;22.83;21.20;22.81;6395146;141958496.00
20151117;22.93;23.22;21.80;21.84;6803525;153373584.00
20151118;21.86;22.15;20.90;20.92;4437866;95144760.00
20151119;20.95;21.68;20.95;21.65;2637924;56080620.00
20151120;21.64;23.37;21.28;22.76;6131406;134957264.00
20151123;22.44;23.28;22.42;22.78;6552787;149527472.00
20151124;22.80;23.00;22.15;22.59;3859527;86817568.00
20151125;22.84;23.88;22.44;23.61;6515317;152251424.00
20151126;23.56;23.83;22.95;23.20;5363299;124400448.00
20151127;22.90;23.65;21.30;21.90;7002474;160437712.00
20151130;21.72;22.44;21.01;22.34;3510405;76211312.00
20151201;22.20;22.49;21.55;21.70;3427066;75743088.00
20151202;21.85;22.35;21.00;22.30;3490948;75996976.00
20151203;22.23;23.10;22.05;23.05;3786355;85745904.00
20151204;22.96;23.42;22.07;22.31;4765233;108278960.00
20151207;22.25;22.44;21.80;22.03;3511518;77475152.00
20151208;21.73;21.93;21.03;21.08;3162814;67477496.00
20151209;20.81;21.45;20.71;21.19;2301881;48579052.00
20151210;21.02;22.20;21.02;21.89;3786348;82401280.00
20151211;22.00;22.00;20.80;20.91;3116667;66109420.00
20151214;20.55;21.40;20.22;21.29;2254529;47141516.00
20151215;21.29;21.52;21.15;21.28;1919018;40952096.00
20151216;21.48;22.92;21.48;22.54;5170076;115517264.00
20151217;22.54;23.26;22.11;23.24;6111995;139345360.00
20151218;22.97;23.15;22.41;22.59;3770732;85678816.00
20151221;22.30;24.18;22.15;23.98;7597823;177900720.00
20151222;23.88;24.78;23.63;24.02;6745524;163461024.00
20151223;24.00;24.00;23.05;23.21;4347893;102747960.00
20151224;23.12;24.49;22.63;24.41;4449933;105183608.00
20151225;24.87;26.85;24.06;26.85;8029368;207029744.00
20151228;27.26;28.75;26.00;27.67;12648290;346486016.00
20151229;27.67;30.40;27.05;29.21;12598965;362542976.00
20151230;28.51;29.53;27.81;28.80;9752962;278734272.00
20151231;29.05;30.60;28.00;29.81;9483309;279447264.00
20160104;29.71;29.78;26.83;26.83;5634928;159092384.00
20160105;25.00;28.51;24.50;27.98;7758025;209847296.00
20160106;27.90;28.58;26.80;28.45;7733122;215502656.00
20160107;27.98;27.98;25.61;25.61;1175033;31067800.00
20160108;26.03;27.08;23.12;25.49;6102714;156262768.00
20160111;24.50;25.33;22.94;22.94;4090569;97129800.00
20160112;22.00;23.03;20.65;20.65;4754048;101570480.00
20160113;20.20;20.99;19.00;19.84;5087726;103428552.00
20160114;19.20;19.98;17.86;19.71;7336258;137109376.00
20160115;19.17;19.80;17.80;18.14;5232941;98919472.00
20160118;17.59;18.59;17.22;18.34;4868719;88128392.00
20160119;18.15;19.18;17.96;19.05;4445361;83033440.00
20160120;18.82;19.60;18.18;19.05;4629937;87562800.00
20160121;18.53;19.43;18.02;18.09;4762370;89622112.00
20160122;18.43;18.70;17.22;18.18;3273971;59014632.00
20160125;18.75;19.53;18.50;18.63;5125867;97199520.00
20160126;18.11;18.11;16.77;16.77;4217468;73513608.00
20160127;16.68;16.97;15.10;15.95;4464076;70199360.00
20160128;15.69;15.80;14.40;14.57;3270062;49583372.00
20160129;14.56;15.28;14.52;15.13;9517528;142095184.00
20160201;15.13;15.13;13.62;14.04;8424821;121299680.00
20160202;14.02;14.82;13.90;14.55;6269135;91023096.00
20160203;14.26;15.08;14.04;14.91;5925099;86011800.00
20160204;15.15;16.35;15.11;15.58;7113081;111285728.00
20160205;15.47;16.20;15.31;15.80;4777226;74889168.00
20160215;15.10;15.88;14.74;15.69;4509608;69768440.00
20160216;15.77;16.90;15.75;16.82;5388809;88629104.00
20160217;16.62;17.28;16.27;17.20;5641333;94361728.00
20160218;17.59;17.95;16.84;16.93;7133919;124096408.00
20160219;16.60;16.86;16.41;16.78;4131162;68614240.00
20160222;16.99;17.30;16.80;17.12;4446234;75701456.00
20160223;17.27;17.56;16.71;17.29;5118621;88258680.00
20160224;16.90;19.02;16.90;19.02;9254169;169976480.00
20160225;19.51;20.28;17.42;18.13;16312191;314577696.00
20160226;18.66;19.94;18.46;18.67;17972319;345404480.00
20160229;18.12;18.20;16.80;16.80;3155800;53612544.00
20160301;15.12;16.30;15.12;15.64;14405743;221364480.00
20160302;15.37;16.60;15.15;16.37;10774838;170652736.00
20160303;16.36;16.82;15.92;16.00;8794176;143899136.00
20160304;16.04;16.52;15.31;15.69;8188704;130713592.00
20160307;15.96;16.29;15.70;16.04;6062756;97234968.00
20160308;16.38;17.64;16.19;17.64;12599190;214775440.00
20160309;16.90;17.30;16.03;16.35;10401080;173039392.00
20160310;16.68;16.85;15.61;15.87;6148039;100769448.00
20160311;15.30;15.59;14.90;15.53;6201298;94811624.00
20160314;15.67;17.08;15.67;16.71;8946512;147614080.00
20160315;16.56;17.25;16.30;16.56;8171270;137228576.00
20160316;16.60;16.89;15.83;16.09;5298293;86614824.00
20160317;16.25;17.00;16.25;16.80;5699325;95008872.00
20160318;17.06;18.47;16.95;17.93;10769393;191520112.00
20160321;18.10;19.01;17.65;18.64;8922550;162851376.00
20160322;18.43;18.88;18.13;18.31;5862388;108078352.00
20160323;18.28;18.55;18.00;18.42;4664265;85652024.00
20160324;18.18;18.50;17.69;17.77;4974700;89629312.00
20160325;17.70;18.11;17.57;17.91;3060996;54671936.00
20160328;17.92;18.55;17.78;17.85;4323365;78644448.00
20160329;17.80;17.98;17.06;17.29;2842028;49706016.00
20160330;17.40;18.28;17.40;18.17;4175921;74926576.00
20160331;18.15;18.50;17.98;18.35;3937734;71643408.00
20160401;18.21;19.50;18.08;19.42;8847445;166466032.00
20160405;19.15;20.21;18.75;20.10;10407540;200372624.00
20160406;19.76;20.25;19.49;19.70;6889304;136435040.00
20160407;19.97;20.08;19.10;19.37;5507555;106801048.00
20160408;19.18;19.18;18.52;18.79;4084896;76771120.00
20160411;19.06;19.47;19.00;19.38;5138164;98998848.00
20160412;19.42;19.42;18.89;19.06;3596114;68602248.00
20160413;19.27;20.29;19.27;19.90;10066273;198789712.00
20160414;19.95;20.16;19.56;20.04;6096348;120758656.00
20160415;20.04;20.04;19.68;19.77;3484568;69019808.00
20160418;19.31;19.90;18.99;19.43;5211240;100567512.00
20160419;19.64;19.83;19.25;19.39;3659389;71490560.00
20160420;19.48;19.73;17.88;18.01;6018079;112210904.00
20160421;18.20;19.81;17.80;19.81;12193241;237586832.00
20160422;20.01;20.80;19.75;20.48;16688420;338069568.00
20160425;20.03;20.03;19.00;19.70;8097785;158539568.00
20160426;19.67;19.77;19.15;19.70;5660136;110133360.00
20160427;19.81;20.77;19.63;20.21;8501917;171745888.00
20160428;20.60;21.12;20.20;20.94;10459777;216769872.00
20160429;20.63;20.96;20.31;20.63;5781103;119224904.00
20160503;20.50;21.23;20.00;21.13;8453859;176004656.00
20160504;20.95;21.98;20.60;21.79;11350475;241022432.00
20160505;21.51;21.91;21.32;21.78;8776800;190091984.00
20160506;21.78;22.44;20.20;20.23;9493881;201381488.00
20160509;19.80;19.90;18.78;19.43;6155578;118832392.00
20160510;19.01;19.58;19.01;19.48;3271141;63200936.00
20160511;19.72;19.88;19.00;19.04;3064910;59393276.00
20160512;18.80;18.87;17.63;18.69;3005239;55323952.00
20160513;18.40;18.90;18.29;18.36;2458526;45514012.00
20160516;18.34;18.75;18.30;18.68;2913563;54124160.00
20160517;18.90;19.79;18.90;19.38;5593667;108921880.00
20160518;19.40;19.52;17.90;18.57;4609183;85792952.00
20160519;18.41;18.80;18.11;18.31;3267544;60346464.00
20160520;18.18;18.38;17.91;18.35;2455461;44686796.00
20160523;18.47;18.73;18.35;18.53;2471393;45830596.00
20160524;18.39;18.87;18.26;18.79;2764077;51234532.00
20160525;18.80;19.15;18.18;18.22;3956599;73348888.00
20160526;18.23;18.62;17.90;18.39;2959827;54096544.00
20160527;18.29;18.40;18.07;18.11;2639669;47960236.00
20160530;18.10;18.10;17.52;18.05;2299568;41094352.00
20160531;18.00;18.80;17.96;18.75;3630818;67277072.00
20160601;18.82;19.28;18.65;19.06;4857646;92098240.00
20160602;18.80;19.32;18.80;19.13;3087510;58839276.00
20160603;19.10;19.20;18.88;19.08;2846526;54239208.00
20160606;19.11;19.44;18.98;19.41;3443947;66158728.00
20160607;19.44;19.77;19.23;19.38;3276557;63835824.00
20160608;19.40;19.47;19.02;19.06;2357840;45196552.00
20160613;18.83;18.88;17.66;17.83;3589027;65899676.00
20160614;17.70;18.08;17.59;18.00;1587199;28254708.00
20160615;17.80;18.56;17.68;18.39;1667332;30521528.00
20160616;18.39;20.00;18.25;19.48;6425913;123555912.00
20160617;19.36;19.75;18.92;19.07;3737400;72128224.00
20160620;19.08;19.39;18.62;19.00;1787036;33760184.00
20160621;19.15;19.70;19.15;19.40;4710884;91740328.00
20160622;19.43;19.97;19.28;19.60;7258823;142027648.00
20160623;19.45;19.58;19.07;19.29;2689770;51810588.00
20160624;19.20;19.44;18.02;18.75;2997905;56500376.00
20160627;18.43;19.25;18.40;19.16;2128228;40506536.00
20160628;19.22;19.48;19.06;19.38;2704822;52218780.00
20160629;19.48;19.73;19.39;19.49;3208030;62826036.00
20160630;19.50;19.65;18.96;19.16;3549891;68136704.00
