20141013;38.71;46.45;38.71;46.45;48500;2228831.00
20141014;51.10;51.10;51.10;51.10;25400;1297940.00
20141015;56.21;56.21;56.21;56.21;39500;2220295.00
20141016;61.83;61.83;61.83;61.83;286049;17686410.00
20141017;64.44;64.44;56.50;58.56;12885531;765033536.00
20141020;57.50;58.30;56.65;57.09;5646309;324043776.00
20141021;57.08;60.45;56.78;59.41;6611228;388433024.00
20141022;59.31;60.20;57.62;57.83;4738704;279520928.00
20141023;57.35;57.98;56.89;57.38;2754712;157885728.00
20141024;57.45;57.87;56.76;56.90;2515909;143973392.00
20141027;56.70;56.70;53.94;53.98;3423694;187114240.00
20141028;54.80;56.45;54.80;56.15;2550197;142383664.00
20141029;56.35;58.55;56.15;58.24;3985051;229243040.00
20141030;58.02;59.19;57.70;58.76;3803458;222780832.00
20141031;58.80;64.30;58.50;62.39;5500298;338121536.00
20141103;62.78;64.90;62.00;62.97;4349617;276399968.00
20141104;62.60;67.68;62.15;66.82;5633909;368418368.00
20141105;65.78;66.92;64.50;65.49;3546186;233012768.00
20141106;65.06;70.16;65.06;69.03;4919636;336110272.00
20141107;69.05;72.01;67.00;68.16;5190785;361041088.00
20141110;68.37;72.30;68.37;71.16;3716125;262297232.00
20141111;70.96;71.16;68.09;69.19;3850042;267281248.00
20141112;69.19;73.28;68.67;72.85;4476933;320813312.00
20141113;70.75;73.50;70.40;71.72;3639557;261724960.00
20141114;71.60;72.42;64.82;65.61;5460417;368048256.00
20141117;65.02;67.25;64.30;65.61;2472985;163280320.00
20141118;65.64;67.77;65.08;67.44;2354660;157438528.00
20141119;67.11;67.38;65.51;66.43;1723528;114402384.00
20141120;65.77;67.90;65.25;67.28;1911077;127893120.00
20141121;67.00;68.30;66.81;67.15;2260547;152680512.00
20141124;68.10;68.39;67.00;67.40;2349300;158936992.00
20141125;67.21;67.75;65.01;65.74;2843605;187614064.00
20141126;65.81;67.35;65.71;66.55;1608040;107208456.00
20141127;67.26;72.00;67.11;69.84;3118682;217866096.00
20141128;69.62;70.68;68.73;69.55;2358378;164465760.00
20141201;70.00;71.63;68.68;70.54;2065745;144636640.00
20141202;70.15;74.95;70.10;74.01;4159537;305088352.00
20141203;73.70;75.50;72.00;74.53;3092395;227164448.00
20141204;74.70;74.70;72.80;73.00;2515161;184099664.00
20141205;72.50;72.50;69.18;69.24;3452717;243564416.00
20141208;68.68;68.68;67.00;67.21;2115035;143300000.00
20141209;66.50;67.43;63.11;63.26;2874501;188462768.00
20141210;63.60;66.50;63.01;65.70;1614965;105278264.00
20141211;65.51;66.46;64.58;66.18;1212852;79416376.00
20141212;65.99;66.42;64.81;66.12;892180;58594560.00
20141215;65.78;67.71;65.08;67.31;1359494;90962488.00
20141216;67.20;67.67;65.44;65.99;1264446;83774152.00
20141217;65.89;65.89;63.20;63.92;1581736;101575304.00
20141218;63.83;64.55;62.65;62.68;1124324;71335840.00
20141219;62.00;63.50;60.00;60.50;1519691;92813736.00
20141222;59.85;59.87;56.35;56.93;1305977;74869088.00
20141223;57.31;60.68;57.01;58.74;1318299;77867328.00
20141224;59.18;62.40;59.18;61.83;1614366;98977048.00
20141225;61.75;62.58;60.80;62.01;1014936;62446492.00
20141226;61.90;63.23;61.21;62.14;832979;51867960.00
20141229;61.70;61.70;59.13;60.24;995808;59814172.00
20141230;60.49;60.80;58.88;59.47;744205;44362876.00
20141231;60.00;60.23;58.50;59.94;845121;50269776.00
20150105;59.58;59.58;57.25;58.17;997608;57747256.00
20150106;57.58;60.49;57.58;60.20;1216959;72162368.00
20150107;60.01;60.17;58.60;59.14;865138;51133800.00
20150108;58.78;59.65;58.58;58.61;583419;34489716.00
20150109;58.30;59.17;57.70;57.73;774379;45212812.00
20150112;57.50;57.51;55.10;55.41;1209830;67565296.00
20150113;55.51;57.65;55.48;57.20;1087159;61453640.00
20150114;57.25;57.39;56.10;56.72;937387;52878424.00
20150115;56.80;57.88;56.36;57.11;637201;36384760.00
20150116;57.11;59.44;57.01;58.84;981021;57301136.00
20150119;58.40;60.69;57.00;58.86;1516832;89751536.00
20150120;59.01;61.59;59.01;61.01;2213519;134446256.00
20150121;61.12;61.86;60.55;61.37;1575471;96121256.00
20150122;61.40;62.59;61.10;61.98;1202479;74480928.00
20150123;61.97;62.89;60.28;60.60;1462694;90256240.00
20150126;60.00;61.41;59.70;60.81;964471;58483920.00
20150127;60.86;60.98;59.51;60.37;889652;53530528.00
20150128;60.00;60.71;59.65;60.22;566005;34104068.00
20150129;59.88;60.26;59.18;59.40;594304;35436056.00
20150130;59.62;59.70;58.55;58.58;470856;27843544.00
20150202;58.06;58.76;57.36;58.04;584556;33935912.00
20150203;58.29;60.03;58.29;59.98;754477;44827672.00
20150204;60.05;60.49;58.92;59.00;649798;38708456.00
20150205;59.40;59.45;57.98;58.00;736080;43165284.00
20150206;57.72;57.88;56.15;56.39;865050;49128344.00
20150209;56.39;57.30;56.03;56.20;436634;24673508.00
20150210;56.28;57.05;56.03;57.02;507771;28714572.00
20150211;57.00;57.26;56.82;57.11;429077;24473516.00
20150212;57.29;59.50;57.20;59.07;847314;49851308.00
20150213;59.35;60.00;59.27;59.47;640751;38187108.00
20150216;60.01;60.19;59.21;59.99;595513;35576364.00
20150217;60.10;60.10;59.33;59.37;527451;31410120.00
20150225;59.47;59.47;58.09;58.41;522690;30573088.00
20150226;58.30;61.78;58.10;61.74;1678046;101659608.00
20150227;61.74;61.74;60.81;61.69;1022331;62617344.00
20150303;64.00;67.09;62.83;62.96;3759264;244579904.00
20150304;62.17;63.63;61.81;63.28;1445626;90919904.00
20150305;63.05;63.11;61.95;62.39;1190078;74193464.00
20150306;62.99;65.40;62.42;64.26;1458896;93233848.00
20150309;63.92;63.92;62.00;63.52;800854;50369340.00
20150310;63.05;63.88;62.73;62.93;759780;48009220.00
20150311;63.01;63.16;62.16;62.31;771420;48249732.00
20150312;62.34;62.90;61.50;61.98;833944;51804392.00
20150313;62.30;63.30;62.30;62.89;943231;59173924.00
20150316;63.50;65.12;63.50;64.89;1980669;127781784.00
20150317;65.38;65.54;64.46;64.99;1205681;78277984.00
20150318;65.00;66.46;64.83;66.38;1526003;100712280.00
20150319;66.08;66.60;65.65;66.26;1166997;77133880.00
20150320;66.61;68.58;66.61;67.36;1239784;83797184.00
20150323;67.72;69.88;67.72;69.64;1740170;119958016.00
20150324;69.39;70.80;66.86;69.03;2276559;156865008.00
20150325;69.20;75.93;69.20;75.93;3965752;294471136.00
20150326;78.10;78.10;73.00;75.35;2953868;223682240.00
20150327;74.01;82.88;74.01;80.22;3915534;309315904.00
20150330;72.20;74.72;72.20;72.20;5524504;401312896.00
20150331;70.82;70.82;68.23;69.90;3933508;274201536.00
20150401;69.52;71.68;69.50;70.75;2291659;161540752.00
20150402;70.65;71.74;70.03;70.94;2440283;172821296.00
20150403;70.71;78.03;70.30;78.03;5333060;396208096.00
20150407;80.94;82.38;78.56;79.92;4584159;368240544.00
20150703;71.61;71.61;71.61;71.61;110800;7934388.00
20150706;64.49;71.50;64.45;64.45;7757203;505892800.00
20150707;58.05;60.80;58.01;58.01;709200;41168260.00
20150708;52.21;52.21;52.21;52.21;198600;10368906.00
20150709;46.99;57.43;46.99;57.43;5231463;270942720.00
20150710;58.90;63.17;58.01;63.17;4794030;299062432.00
20150713;64.00;68.99;63.01;68.44;6787133;447957632.00
20150714;65.05;72.35;65.02;70.02;7448441;513415552.00
20150715;67.50;71.60;64.88;67.99;4831925;326586912.00
20150716;65.79;69.99;62.11;64.41;2489900;165198240.00
20150717;65.28;67.99;64.50;67.48;2988137;198915744.00
20150720;66.70;69.90;66.00;67.02;2144985;145345952.00
20150721;66.15;68.40;65.08;67.80;1537700;103216800.00
20150722;68.00;71.98;67.59;71.39;2737612;190920432.00
20150723;71.20;78.50;70.76;76.25;2913389;218191648.00
20150724;75.85;80.13;72.66;73.39;2565153;195992608.00
20150727;71.65;75.50;66.05;66.05;2838459;201169776.00
20150728;62.85;69.68;60.00;67.63;2671004;176410528.00
20150729;74.39;74.39;74.39;74.39;959990;71413656.00
20150730;79.90;81.83;78.02;80.96;4784823;388206016.00
20150731;77.80;79.80;72.86;72.86;4029064;307456768.00
20150803;70.80;72.90;67.60;69.16;2447850;170809728.00
20150804;70.14;76.08;70.14;76.08;2193853;161946320.00
20150805;78.60;83.69;78.60;83.69;5390594;447685120.00
20150806;80.80;83.00;75.70;78.20;4471055;353803104.00
20150807;77.90;86.02;77.90;86.02;2239893;188796336.00
20150810;91.26;94.00;88.10;90.24;5111736;465646368.00
20150811;89.89;99.00;88.47;94.46;4253000;404656704.00
20150812;91.01;94.00;88.00;88.91;3027366;275052736.00
20150813;88.70;95.68;87.01;94.51;2910859;267361632.00
20150814;93.88;95.45;90.30;91.51;2125917;196175808.00
20150817;89.00;90.02;86.20;86.47;2221034;194713488.00
20150818;86.60;89.97;77.82;77.95;2778485;231050000.00
20150819;76.50;84.80;75.02;83.86;2685276;214458544.00
20150820;82.26;82.90;77.64;78.59;1686586;134883168.00
20150821;80.86;85.50;75.01;80.77;2537495;205931920.00
20150824;74.46;77.95;72.69;72.69;2039890;150468304.00
20150825;65.50;69.05;65.42;65.42;2291101;151799072.00
20150826;65.50;69.99;60.02;62.32;2806827;183668944.00
20150827;64.48;66.85;60.00;65.38;2014292;128089088.00
20150828;66.02;71.00;65.64;70.94;2481451;167640256.00
20150831;68.80;69.90;63.85;63.85;2035477;135045200.00
20150901;60.01;62.30;57.47;57.47;1706752;100082232.00
20150902;52.80;58.98;52.10;53.16;1630906;89964376.00
20150907;53.00;57.50;53.00;54.66;1399928;77600608.00
20150908;53.90;58.39;53.38;58.37;1464624;82418704.00
20150909;58.80;62.20;57.98;60.43;2044287;123491744.00
20150910;59.97;61.89;58.00;59.64;1466956;88587824.00
20150911;58.81;60.62;58.61;60.07;775930;46192940.00
20150914;60.10;60.60;54.06;54.06;1271859;71425104.00
20150915;51.23;53.45;49.55;49.75;1189311;60750364.00
20150916;50.88;54.73;50.01;54.25;1140451;59681320.00
20150917;54.29;55.70;52.70;52.87;1279337;69492696.00
20150918;53.10;53.89;52.60;53.47;687312;36543248.00
20150921;53.00;56.00;52.20;55.99;1042246;57242024.00
20150922;56.11;57.50;55.31;56.63;1172588;66260360.00
20150923;55.88;56.33;54.82;55.70;883101;49108860.00
20150924;55.55;57.43;55.53;56.67;894907;50619444.00
20150925;56.20;56.99;53.00;53.55;886432;48434112.00
20150928;53.51;55.49;52.63;55.40;637964;34653924.00
20150929;54.01;54.90;53.90;54.62;484220;26358428.00
20150930;54.70;55.13;53.53;54.13;511441;27695054.00
20151008;55.51;57.45;55.51;56.70;1024628;57862484.00
20151009;56.88;57.30;55.62;56.69;956210;53943668.00
20151012;56.88;61.16;56.87;60.96;1686276;100360768.00
20151013;60.00;63.10;59.60;61.69;1187420;72465896.00
20151014;60.01;65.00;59.62;62.37;2780920;173423696.00
20151015;61.03;64.30;61.03;63.77;1621784;102143200.00
20151016;64.00;64.80;63.00;63.70;1136498;72455560.00
20151019;63.51;64.00;62.02;62.31;1321163;82995152.00
20151020;62.50;63.36;62.31;63.07;1241056;78107768.00
20151021;63.20;63.70;58.03;58.61;1906536;116697384.00
20151022;58.67;60.54;58.59;60.32;1443933;85755960.00
20151023;60.32;61.74;60.06;61.46;1380198;83948840.00
20151026;62.80;64.82;61.75;63.11;2092324;132888752.00
20151027;61.51;63.26;59.60;62.45;1916752;117146232.00
20151028;61.70;63.10;61.50;61.80;1461455;91053360.00
20151029;62.08;63.90;62.08;63.04;1489664;94103440.00
20151030;63.05;63.46;61.52;62.64;1159474;72544416.00
20151102;61.55;67.99;61.30;65.94;3349971;220371504.00
20151103;66.08;69.88;64.81;68.97;3124550;211038336.00
20151104;68.80;70.60;68.00;69.98;2675168;185965920.00
20151105;69.60;72.00;67.98;68.77;2900894;201900048.00
20151106;68.25;75.46;68.25;74.42;3498478;253417552.00
20151109;73.99;78.00;73.88;76.32;3624891;276311744.00
20151110;75.30;76.30;73.03;75.06;2573890;192637344.00
20151111;75.05;79.00;74.00;78.98;3148870;244677888.00
20151112;79.10;84.98;79.10;81.98;3922169;322444352.00
20151113;80.00;80.46;74.01;74.61;3777593;290459552.00
20151116;73.12;76.60;73.12;76.52;1956153;147950832.00
20151117;77.49;79.20;74.50;74.68;2005834;153995616.00
20151118;74.45;75.57;71.06;71.65;2018423;147872048.00
20151119;72.00;74.65;71.80;74.46;1484613;108378752.00
20151120;74.75;78.87;74.32;77.53;2071842;158876848.00
20151123;78.30;78.88;75.69;76.06;1870624;144607712.00
20151124;75.99;83.67;75.99;83.31;4562121;371589760.00
20151125;82.08;83.28;80.67;82.74;3294885;270533664.00
20151126;82.41;84.96;80.40;80.81;2969278;246019152.00
20151127;79.50;82.49;75.70;77.50;2933582;232343968.00
20151130;78.05;83.77;75.95;82.88;3406090;271165280.00
20151201;82.75;85.49;78.70;80.72;3444299;284704640.00
20151202;80.27;80.27;74.50;77.58;2224838;171842368.00
20151203;77.90;80.50;77.65;80.37;1928689;152625984.00
20151204;80.01;82.25;79.00;80.82;2223885;179303808.00
20151207;81.00;81.29;78.90;79.69;1444232;115302880.00
20151208;79.60;82.00;78.86;80.41;2287488;184247520.00
20151209;79.80;80.88;76.76;77.15;2225731;173830896.00
20151210;77.51;77.79;76.00;77.13;1616982;124178136.00
20151211;77.12;77.12;75.52;75.62;1133979;86438752.00
20151214;74.20;77.00;74.20;76.99;939696;71487336.00
20151215;77.02;78.00;76.02;76.88;952610;73644624.00
20151216;76.96;79.88;76.95;78.37;1720840;135792640.00
20151217;79.67;80.80;78.79;80.77;2462540;197009312.00
20151218;80.60;83.10;80.08;80.78;2307689;188398496.00
20151221;79.99;82.68;79.99;80.88;1722975;140540944.00
20151222;81.10;83.88;81.10;83.38;2452826;203332480.00
20151223;83.52;84.16;81.50;82.48;2001137;164717280.00
20151224;82.42;86.88;82.42;85.20;2950877;250012448.00
20151225;85.05;85.67;83.54;85.56;2077218;175597968.00
20151228;84.99;85.42;79.88;79.93;3018907;248690608.00
20151229;78.55;80.52;78.55;80.09;1460561;115911264.00
20151230;80.80;80.80;79.00;79.79;1020171;81440144.00
20151231;80.11;80.48;76.67;76.86;1407336;109865352.00
20160104;76.64;76.90;69.23;69.37;1290252;94977384.00
20160105;67.00;71.43;66.60;69.81;1576223;108683608.00
20160106;69.92;71.43;68.60;70.89;1281318;89840976.00
20160107;69.00;69.15;63.88;63.97;405460;26731828.00
20160108;65.98;66.65;61.33;65.26;1808540;117588872.00
20160111;64.00;65.50;60.90;61.02;1571585;99416016.00
20160112;61.15;62.75;58.51;61.65;1093134;67330192.00
20160113;62.94;62.94;58.01;58.61;1031306;62992184.00
20160114;57.01;61.50;57.00;61.01;1087677;64901264.00
20160115;60.57;62.08;59.60;60.10;1210649;73835632.00
20160118;58.97;62.48;58.04;61.78;948512;57959484.00
20160119;61.11;64.17;61.11;63.54;1392063;87310368.00
20160120;63.09;64.60;62.62;62.94;1109180;70427296.00
20160121;62.48;63.30;59.41;59.49;1632416;100169872.00
20160122;60.38;61.00;58.56;60.73;1041936;62456784.00
20160125;61.03;61.72;60.39;61.24;823955;50362424.00
20160126;60.50;60.80;55.40;55.89;1379684;80315104.00
20160127;56.00;57.77;53.33;55.85;965374;52962520.00
20160128;55.00;55.86;52.64;52.73;733464;39834292.00
20160129;53.00;55.49;52.06;54.82;1065490;57566192.00
20160201;54.56;55.11;53.10;53.62;810209;43825756.00
20160202;54.00;55.95;53.58;55.67;1012608;56036676.00
20160203;54.96;55.85;54.12;55.55;735587;40327216.00
20160204;55.68;57.28;55.68;56.70;1351463;76653920.00
20160205;56.71;56.99;56.50;56.90;1012710;57456048.00
20160215;55.08;56.18;54.66;55.83;640859;35416560.00
20160216;56.31;58.45;56.30;58.34;1252347;72289744.00
20160217;58.10;61.00;57.77;60.68;1546328;91758208.00
20160218;60.75;60.99;59.59;59.83;1360038;82011016.00
20160219;59.48;60.50;59.48;59.98;771224;46190016.00
20160222;60.97;61.50;60.51;60.99;1132729;68983656.00
20160223;60.98;61.99;60.46;61.55;1139462;69822120.00
20160224;61.08;61.85;58.98;60.48;1104688;66446252.00
20160225;60.28;60.28;54.43;54.43;1445328;81910832.00
20160226;54.58;55.87;53.57;55.04;875383;48047944.00
20160229;54.78;54.78;50.61;51.37;1119220;57893348.00
20160301;51.37;52.50;50.25;52.08;965021;49800052.00
20160302;52.15;54.39;51.08;54.21;1213839;64601576.00
20160303;53.98;55.46;53.75;53.84;1149563;62784068.00
20160304;53.77;54.16;51.11;51.99;895266;47013512.00
20160307;52.12;54.01;52.12;53.45;760293;40600548.00
20160308;53.18;53.48;50.60;53.23;752098;39118976.00
20160309;52.30;52.60;51.60;52.19;501850;26187204.00
20160310;52.00;52.89;51.78;52.07;555811;29089912.00
20160311;51.50;52.39;51.01;52.27;370650;19169436.00
20160314;52.91;54.72;52.86;54.24;1152600;62480744.00
20160315;53.87;54.33;53.01;53.55;726887;38966348.00
20160316;53.55;54.13;52.40;53.36;576607;30689202.00
20160317;53.21;54.96;53.17;54.89;1457284;79180864.00
20160318;54.99;57.55;54.69;57.01;1737482;97989712.00
20160321;58.04;58.79;57.30;58.53;1565016;90914072.00
20160322;57.90;60.50;57.50;59.16;1690941;100543408.00
20160323;59.16;60.50;58.20;60.50;1471119;88091504.00
20160324;59.84;64.28;59.60;62.99;2615992;164542784.00
20160325;62.31;63.99;61.90;63.67;1925783;121296880.00
20160328;65.10;67.69;64.00;64.83;3067453;200740112.00
20160329;64.29;64.29;58.60;58.80;3187948;192933232.00
20160330;59.53;61.30;59.12;61.17;1987369;119527136.00
20160331;61.60;62.90;60.79;62.23;2007473;123779840.00
20160401;62.00;62.60;60.50;62.11;1444529;89093656.00
20160405;62.00;63.71;61.20;63.41;1686130;105822968.00
20160406;63.32;64.79;62.70;64.72;1582907;101134224.00
20160407;65.00;67.43;64.55;64.59;2582004;170617520.00
20160408;63.50;64.48;61.90;62.66;1523946;96046912.00
20160411;63.07;65.19;62.99;64.64;1172945;75551944.00
20160412;64.50;65.17;62.72;63.79;1245786;79535744.00
20160413;64.37;65.51;64.00;64.32;1354531;87799600.00
20160414;64.80;65.13;64.00;64.94;1168637;75508648.00
20160415;65.04;66.68;65.00;66.40;1625944;107656048.00
20160418;65.99;65.99;63.70;64.15;1080490;69656256.00
20160419;64.75;65.25;63.00;64.21;817450;52389544.00
20160420;64.55;64.55;58.20;59.55;2065755;125305608.00
20160421;59.44;60.39;58.85;58.99;757999;45252176.00
20160422;58.84;60.49;58.84;60.27;575145;34378256.00
20160425;60.58;60.58;58.66;59.79;523008;31044168.00
20160426;59.57;60.35;59.06;60.31;666829;39773344.00
20160427;60.30;60.86;59.92;60.02;758509;45839496.00
20160428;60.46;60.59;59.01;59.98;608824;36411844.00
20160429;60.08;61.11;59.61;60.65;784192;47453484.00
20160503;60.15;62.30;60.06;62.27;1053064;64969464.00
20160504;63.95;66.37;63.02;64.49;2414888;156696544.00
20160505;63.90;68.17;63.59;68.15;3361352;223243952.00
20160506;68.40;69.88;65.21;66.00;3284613;221464992.00
20160509;65.83;66.20;63.00;64.38;1945858;125179608.00
20160510;64.15;64.74;63.50;63.90;1373037;87969832.00
20160511;31.81;32.68;29.80;29.82;2106906;64726424.00
20160512;28.00;28.48;26.84;27.49;4598955;125977416.00
20160513;27.31;28.29;27.03;27.55;2531133;70225208.00
20160516;27.35;27.80;27.00;27.72;1658918;45625396.00
20160517;27.73;28.14;27.40;27.66;1849645;51316264.00
20160518;27.48;27.48;25.58;25.80;3307843;86907968.00
20160519;26.00;26.54;25.89;25.98;1623926;42499888.00
20160520;25.97;26.44;25.33;26.37;1467129;38122036.00
20160523;26.63;26.99;26.20;26.85;1723455;46086132.00
20160524;26.90;26.90;26.11;26.25;1455994;38450176.00
20160525;26.54;26.86;26.23;26.51;1615981;42917948.00
20160526;26.05;26.59;25.81;26.57;1765881;46155108.00
20160527;26.43;27.19;26.35;27.04;2353899;63243404.00
20160530;26.86;27.58;26.63;27.32;2029710;55304844.00
20160531;27.33;28.50;27.33;28.43;2967134;83224352.00
20160601;29.00;29.08;28.16;28.28;3263332;93060304.00
20160602;28.29;28.48;27.89;28.37;2102362;59282756.00
20160603;28.42;28.68;28.10;28.48;2238823;63770288.00
20160606;28.54;28.71;27.98;28.26;1742334;49275376.00
20160607;28.31;28.31;27.80;28.10;1344426;37643432.00
20160608;28.15;28.65;27.88;28.51;2236981;63508704.00
20160613;27.95;28.38;26.20;26.38;2319342;63832480.00
20160614;26.20;26.84;26.11;26.52;1166930;30820616.00
20160615;26.28;27.50;26.10;27.33;1721042;46641144.00
20160616;27.22;27.39;26.84;26.98;1460987;39533700.00
20160617;26.98;27.67;26.98;27.28;1668618;45581364.00
20160620;27.29;27.50;26.89;27.48;1500157;40914696.00
20160621;27.64;28.20;27.11;27.44;1935124;53736912.00
20160622;27.30;28.00;27.22;27.97;1785762;49452384.00
20160623;27.95;29.06;27.73;28.33;2911247;82945328.00
20160624;28.31;28.47;26.80;27.54;2400621;66589808.00
20160627;27.57;28.24;27.29;28.21;1770346;49449584.00
20160628;28.19;28.93;28.08;28.87;2834101;81005472.00
20160629;28.77;29.08;28.50;28.90;2317498;66800476.00
20160630;29.00;29.20;28.80;28.86;2058355;59615920.00
