20141127;8.35;8.35;8.35;8.35;84500;705575.00
20141128;9.19;9.19;9.19;9.19;12200;112118.00
20141201;10.11;10.11;10.11;10.11;13500;136485.00
20141202;11.12;11.12;11.12;11.12;16200;180144.00
20141203;12.23;12.23;12.23;12.23;29100;355893.00
20141204;13.45;13.45;13.45;13.45;15200;204440.00
20141205;14.80;14.80;14.80;14.80;106100;1570280.00
20141208;16.28;16.28;16.28;16.28;160500;2612940.00
20141209;17.91;17.91;17.91;17.91;297800;5333598.00
20141210;19.70;19.70;19.70;19.70;550000;10835000.00
20141211;21.67;21.67;20.51;21.67;23518670;502942080.00
20141212;21.41;23.84;21.00;23.84;23788718;545676928.00
20141215;23.49;23.50;21.46;21.51;20771531;458848416.00
20141216;21.00;21.00;20.05;20.22;12833440;261054640.00
20141217;19.80;20.76;19.63;20.12;8962337;180949088.00
20141218;20.00;20.23;19.13;19.19;8202978;160914976.00
20141219;19.00;19.00;17.27;17.36;9694292;172779808.00
20141222;17.00;17.00;15.62;15.62;6642988;106166768.00
20141223;15.00;17.18;14.99;17.18;10572636;176935104.00
20141224;17.56;18.90;17.56;18.90;10888493;201930592.00
20141225;19.89;20.48;18.81;19.28;17448099;343219200.00
20141226;18.10;18.89;18.10;18.23;11402947;209275104.00
20141229;17.85;19.76;17.12;19.72;14926840;273442528.00
20141230;19.28;19.70;17.96;18.18;10869530;206682496.00
20141231;18.54;18.55;17.40;17.42;7566449;134663904.00
20150105;17.08;17.38;16.53;17.04;4792813;81311848.00
20150106;16.88;18.74;16.63;18.74;7503347;136213616.00
20150107;19.02;19.50;18.46;18.98;12977774;247839392.00
20150108;18.49;19.72;18.16;18.45;9255116;175489792.00
20150109;17.75;18.41;17.57;17.75;7447542;133064792.00
20150112;17.70;18.42;17.60;17.82;4942517;88892568.00
20150113;17.29;18.38;17.04;17.82;4899856;86904992.00
20150114;17.60;17.98;17.18;17.22;4059578;70766952.00
20150115;17.25;17.85;17.24;17.31;4226005;73833800.00
20150116;16.91;17.65;16.91;17.31;6038156;104169744.00
20150119;17.00;18.35;16.71;17.26;7597316;134142496.00
20150120;17.28;18.99;17.00;18.99;15397493;283984960.00
20150121;19.33;19.62;18.45;18.81;14340988;270224032.00
20150122;18.45;20.03;18.36;19.98;15419114;297440832.00
20150123;19.60;19.66;19.00;19.06;8906965;171389568.00
20150126;19.02;19.08;18.58;18.84;4797760;90073448.00
20150127;18.90;19.16;18.54;18.95;4162901;78453648.00
20150128;18.95;19.10;18.58;18.76;3540875;66566652.00
20150129;18.66;18.76;17.91;17.97;3796344;69500360.00
20150130;17.85;18.28;17.57;17.80;3447132;61842080.00
20150202;17.60;18.14;17.21;17.89;2151442;38443108.00
20150203;17.97;18.25;17.82;18.10;2607329;47120136.00
20150204;18.00;18.20;17.80;17.80;2614873;46966352.00
20150205;17.92;18.06;17.35;17.37;2301564;40629788.00
20150206;17.39;17.49;16.51;16.71;3278739;55354524.00
20150209;16.58;16.84;16.39;16.67;1225485;20468248.00
20150210;16.75;16.79;16.57;16.68;1449318;24078170.00
20150211;16.69;17.08;16.68;16.95;1676486;28253186.00
20150212;16.81;17.24;16.81;17.07;1556575;26650124.00
20150213;17.23;17.35;17.14;17.20;1766850;30433536.00
20150216;17.15;17.45;17.10;17.31;1555880;26870764.00
20150217;17.31;17.45;17.09;17.17;1737657;29849476.00
20150225;17.19;17.62;17.01;17.39;2228871;38685124.00
20150226;17.43;17.43;17.10;17.37;1803129;31124412.00
20150227;17.23;17.49;17.23;17.39;1729092;30054714.00
20150302;17.45;17.70;17.01;17.66;3948722;68672832.00
20150303;17.55;18.56;17.45;18.15;7915737;143600432.00
20150304;18.00;18.15;17.80;17.98;3098900;55615316.00
20150305;17.99;18.10;17.68;17.84;2774008;49414936.00
20150306;17.84;17.87;17.47;17.54;1894756;33424716.00
20150309;17.42;17.69;17.36;17.58;1833276;32130756.00
20150310;17.58;17.69;17.43;17.48;1735969;30364916.00
20150311;17.46;17.57;17.05;17.14;2412360;41667908.00
20150312;17.11;17.24;17.04;17.11;1851679;31753684.00
20150313;17.15;17.29;17.10;17.26;1527800;26307256.00
20150316;17.42;17.67;17.35;17.66;2773519;48679488.00
20150317;17.67;17.94;17.61;17.90;3814861;67847600.00
20150318;17.92;18.30;17.90;18.27;4615775;83903000.00
20150319;18.40;18.45;17.91;18.34;4627295;84176744.00
20150320;18.38;18.87;18.38;18.82;7296175;136231488.00
20150323;18.84;18.93;18.60;18.79;4593448;86141320.00
20150324;18.83;18.83;17.70;18.38;5260721;96596552.00
20150325;18.19;20.22;18.18;20.01;16525703;324365632.00
20150326;19.82;20.30;19.40;19.84;10842847;214980368.00
20150327;19.83;20.00;19.45;19.90;7634953;150422864.00
20150330;19.52;19.99;19.11;19.47;5422505;105272144.00
20150331;19.52;19.68;19.19;19.62;4301615;83729944.00
20150401;19.60;19.75;19.47;19.61;4332074;84980000.00
20150402;19.63;20.06;19.61;19.96;6524434;129309024.00
20150403;19.75;20.80;19.67;20.22;6237437;126228392.00
20150407;20.23;20.63;19.90;20.43;6297999;127726072.00
20150408;20.40;20.43;19.33;19.61;5929573;117575520.00
20150409;19.60;19.60;18.78;18.97;4454858;84996592.00
20150410;18.85;19.49;18.81;19.39;2984266;57510268.00
20150414;21.33;21.33;20.52;21.33;12690988;267093536.00
20150415;21.50;23.21;21.39;21.77;15520260;346950912.00
20150416;20.01;21.40;20.01;20.91;7191469;148650240.00
20150417;20.93;21.39;20.53;21.04;6626110;138366576.00
20150420;20.76;20.84;20.00;20.03;5500217;112197320.00
20150421;20.00;20.66;19.71;20.61;4768489;96486320.00
20150422;20.51;21.24;20.45;21.13;6378217;133331152.00
20150423;21.18;21.34;20.63;21.02;5937365;124702872.00
20150424;20.70;21.03;20.50;20.79;4150762;86236656.00
20150427;20.65;21.00;20.37;20.94;4978571;103359488.00
20150428;20.94;21.00;19.83;19.89;4140780;84024344.00
20150429;19.94;20.50;19.90;20.48;2216043;44864424.00
20150430;20.49;20.51;19.90;20.20;2833508;57150188.00
20150504;20.20;20.50;20.02;20.28;2229185;45108068.00
20150505;20.30;20.35;19.66;19.87;2158326;43376384.00
20150506;19.77;20.18;19.11;19.28;1908000;37621952.00
20150507;19.20;19.49;17.77;17.95;2875850;52926984.00
20150508;18.10;18.47;18.06;18.46;2235868;40810840.00
20150511;18.76;19.38;18.55;19.26;3607076;68470192.00
20150512;19.48;20.06;19.27;19.92;4464788;87910832.00
20150513;20.05;20.74;19.80;20.32;6379814;129820736.00
20150514;20.15;21.88;20.02;21.74;10238239;217626080.00
20150515;21.74;23.50;21.45;23.19;14880238;336397376.00
20150518;22.86;25.51;22.60;25.51;6235762;151634336.00
20150519;28.00;28.06;24.80;25.21;17490658;461829664.00
20150520;24.68;26.65;24.59;25.52;12838479;328821728.00
20150521;25.30;27.73;25.01;27.14;11273161;300386048.00
20150522;27.50;29.85;25.84;29.85;14152747;389851520.00
20150525;29.93;32.84;29.00;32.84;16381159;521327904.00
20150526;34.50;36.12;32.90;36.12;12977112;455334816.00
20150527;38.00;39.73;37.50;39.73;8862182;346272768.00
20150528;42.60;43.70;35.76;35.76;10858446;459517120.00
20150529;32.32;38.38;32.30;35.79;17401005;605606656.00
20150601;34.00;39.37;33.28;39.37;17311355;634492544.00
20150602;41.40;43.01;38.40;41.47;12642301;515697248.00
20150603;40.64;42.86;39.50;42.10;10132737;418784352.00
20150604;41.20;42.30;37.89;42.04;8076107;324906176.00
20150605;42.00;46.24;41.30;46.24;15442930;703777856.00
20150608;46.50;50.86;42.99;50.86;12055049;557704384.00
20150609;51.35;53.47;47.00;48.43;10098242;507921408.00
20150610;46.99;50.50;44.80;45.23;12818036;601040960.00
20150611;44.81;46.32;42.18;43.47;14704984;640151680.00
20150612;43.46;47.82;42.45;46.69;10748565;472019296.00
20150615;44.70;46.48;42.99;43.24;7551909;340941216.00
20150616;41.88;41.90;38.92;39.88;8653905;344647264.00
20150617;38.49;41.11;38.01;40.20;5497853;217520144.00
20150618;40.20;40.70;36.35;36.46;5800715;226674720.00
20150619;35.99;36.00;32.81;32.81;4225996;141592912.00
20150623;30.80;32.60;29.57;31.80;5285675;164365520.00
20150624;32.08;34.00;32.08;33.76;7158658;236062512.00
20150625;33.83;33.92;30.50;30.58;4554276;148052288.00
20150626;29.00;29.80;27.52;28.67;5437530;155491168.00
20150629;30.00;31.54;28.31;31.54;8825437;265367872.00
20150630;32.17;34.69;32.17;34.69;8965060;303601056.00
20150701;35.78;38.16;34.00;36.74;18369082;678691072.00
20150702;35.00;38.10;33.07;37.41;12508573;430367840.00
20150703;36.00;39.82;35.00;36.83;11160549;416009248.00
20150706;40.00;40.51;36.93;40.51;16535944;640840128.00
20150707;39.99;42.00;38.30;40.01;12944350;522598560.00
20150708;36.01;36.46;36.01;36.01;1626600;58651592.00
20150709;32.41;39.61;32.41;39.61;12939396;474065280.00
20150710;39.30;43.57;37.50;43.57;16655690;706145792.00
20150713;43.00;47.00;41.01;43.34;25328367;1101849984.00
20150714;41.32;42.54;39.01;39.17;16012323;649435968.00
20150715;36.48;39.97;35.25;36.83;12806131;471812544.00
20150716;34.90;38.50;33.50;38.37;8037070;298692032.00
20150717;38.12;41.49;37.50;40.47;9357334;366848064.00
20150720;39.82;40.98;38.00;38.06;7815878;306932928.00
20150721;37.00;38.69;35.80;36.95;5740612;214678560.00
20150722;36.68;40.65;36.10;40.65;8952114;352771712.00
20150723;42.00;44.32;39.89;42.75;18226128;771520384.00
20150724;40.99;46.40;40.99;44.53;17109234;750646976.00
20150727;45.98;45.98;40.08;40.08;11514034;489657888.00
20150728;36.50;39.54;36.07;36.11;11462145;424463168.00
20150729;36.08;39.20;34.36;38.28;7931734;290315264.00
20150730;38.01;38.98;36.02;36.40;6113878;229335392.00
20150731;35.51;36.36;33.50;35.39;4931689;172388144.00
20150803;34.86;35.00;31.85;31.94;4818820;160249520.00
20150804;31.98;35.13;31.98;35.13;5452374;183718960.00
20150805;35.50;37.49;35.00;35.11;6078815;219455456.00
20150806;33.58;36.60;33.00;35.63;6017110;208937200.00
20150807;35.00;36.65;35.00;35.93;3759175;135789424.00
20150810;35.94;37.65;35.81;37.28;4498331;165423872.00
20150811;37.50;38.59;37.03;37.19;4253068;161432912.00
20150812;36.30;37.47;35.27;35.38;2914711;106020264.00
20150813;35.39;38.92;35.08;38.92;9031667;342958304.00
20150814;39.35;40.38;38.38;38.53;8422690;331719392.00
20150817;39.10;40.50;38.00;40.12;7997609;315027040.00
20150818;39.70;40.49;36.11;38.75;7428853;285431616.00
20150819;37.23;42.63;37.23;42.63;12921593;538371520.00
20150820;42.00;42.44;38.85;39.62;8822403;358226336.00
20150821;38.70;38.97;36.01;36.93;5292472;195957312.00
20150824;33.46;36.44;33.24;33.24;4810671;165961728.00
20150825;30.13;32.00;29.92;29.92;4755983;144584912.00
20150826;30.00;31.50;26.93;27.78;5768881;171122048.00
20150827;29.70;30.51;27.00;30.45;8645818;251664048.00
20150828;30.42;32.70;29.80;32.09;5033698;155622768.00
20150831;31.40;31.67;29.06;31.15;3818586;116304672.00
20150901;30.80;30.80;29.10;30.10;3162000;94912656.00
20150902;28.01;30.58;28.01;30.06;6207751;186203424.00
20150907;30.01;32.00;27.05;27.08;5068229;147845152.00
20150908;28.00;28.00;24.50;25.04;5123400;132123024.00
20150909;25.04;27.15;25.04;26.99;7205752;185590720.00
20150910;26.16;26.48;25.03;25.23;6262320;160541264.00
20150911;24.78;27.60;24.00;27.36;12139611;318711136.00
20150914;25.44;28.55;25.44;27.29;12286020;335679104.00
20150915;26.42;26.62;24.56;24.56;4463750;112007984.00
20150916;22.10;26.79;22.10;25.48;12623236;294463552.00
20150917;24.00;24.55;22.93;22.93;9274202;219795792.00
20150918;22.00;22.99;20.66;20.78;8042542;170701696.00
20150921;20.16;21.35;19.11;21.23;8911004;179677680.00
20150922;20.86;21.65;20.63;20.91;7108582;150090400.00
20150923;20.41;20.68;20.05;20.24;5026394;102112504.00
20150924;20.26;22.26;20.26;22.26;9789201;209693664.00
20150925;22.71;23.80;21.50;22.08;10881639;247480528.00
20150928;22.34;22.36;20.45;21.66;5069730;108658400.00
20150929;21.08;23.50;20.50;23.33;7336618;159609984.00
20150930;23.00;24.49;22.00;23.69;10693555;248802896.00
20151008;24.38;25.50;23.70;24.04;10197480;248090352.00
20151009;23.70;24.48;23.50;23.58;5672842;135150352.00
20151012;24.20;25.94;23.81;25.94;14274456;354783008.00
20151013;27.90;27.90;25.96;26.29;15583828;415944320.00
20151014;25.81;28.75;25.69;27.71;16647840;453368608.00
20151015;27.20;30.48;26.50;30.48;16828750;476352384.00
20151016;30.26;33.53;29.70;33.53;20433060;657020096.00
20151019;34.20;35.54;32.30;34.06;19242578;656784576.00
20151020;33.03;36.58;32.56;36.35;19635782;678657152.00
20151021;37.60;39.10;33.28;37.78;21781859;825322368.00
20151022;37.00;38.40;36.10;37.93;13026165;489186464.00
20151023;37.07;38.80;36.00;37.34;15293893;576917248.00
20151026;37.70;39.60;36.70;37.13;10464839;398746816.00
20151027;36.10;36.96;33.42;33.56;11622908;398787872.00
20151028;31.25;33.49;30.21;30.23;12547571;395683776.00
20151029;30.80;31.49;30.30;31.16;7475130;231491840.00
20151030;31.19;31.23;29.67;30.24;5908879;179422480.00
20151102;29.17;31.00;28.56;29.86;8455764;250802016.00
20151103;28.85;30.38;28.83;29.53;5317374;157428784.00
20151104;29.57;31.31;29.57;30.74;6632769;202383888.00
20151105;31.70;32.00;30.39;30.91;9125561;285272480.00
20151106;30.88;31.66;30.70;31.08;5929710;184630096.00
20151109;30.50;31.67;29.80;31.21;8064109;246895072.00
20151110;30.90;31.75;30.51;30.97;5665450;176084800.00
20151111;31.18;32.45;30.60;32.19;9899378;312981664.00
20151112;32.21;35.30;31.72;34.48;11737413;392290752.00
20151113;33.80;34.39;31.13;31.16;9369006;304285152.00
20151116;29.95;30.50;29.00;30.41;5375160;161491376.00
20151117;30.70;31.98;30.42;30.60;4728622;146961024.00
20151118;31.02;31.05;29.68;30.09;3303802;100424312.00
20151119;30.10;30.59;29.38;30.57;4419017;132301328.00
20151120;30.30;30.69;29.71;30.19;4192217;126212352.00
20151123;29.90;30.18;29.28;29.39;3761299;111640480.00
20151124;29.47;30.24;29.25;30.20;3252368;97288728.00
20151125;30.43;30.58;29.80;30.24;3675736;111029496.00
20151126;30.50;33.20;30.35;31.70;8177214;260701264.00
20151127;31.25;31.61;28.53;28.65;5408059;163383296.00
20151130;28.80;29.18;25.85;27.85;4401300;121282816.00
20151201;27.88;27.88;26.20;26.79;3475593;94366176.00
20151202;26.60;27.85;26.38;27.29;3575006;97112944.00
20151203;27.40;27.87;27.02;27.63;3448675;94506088.00
20151204;27.45;27.90;27.06;27.25;2704411;74173264.00
20151207;27.45;28.50;27.40;28.29;3657938;102309296.00
20151208;28.30;28.30;27.00;27.10;2780776;76048208.00
20151209;26.97;27.10;26.21;26.32;2159618;57569160.00
20151210;26.59;26.68;25.86;25.92;2274804;59640616.00
20151211;25.81;26.51;25.81;26.15;1968674;51497644.00
20151214;25.81;26.78;25.70;26.75;1932987;50923688.00
20151215;26.85;27.94;26.65;27.32;2799361;76631408.00
20151216;27.41;27.84;27.08;27.24;2268823;62181876.00
20151217;27.29;27.90;27.29;27.88;3696017;102557888.00
20151218;28.00;30.30;27.05;29.75;6050021;171252992.00
20151221;29.00;31.00;28.65;30.18;8413884;251802128.00
20151222;29.68;30.07;29.20;29.29;4764598;140569520.00
20151223;29.60;29.90;28.30;28.39;3975364;116042608.00
20151224;28.00;28.45;27.02;27.56;3149863;86933648.00
20151225;27.56;27.90;27.38;27.72;1923071;53313168.00
20151228;27.90;28.24;27.00;27.03;2767200;76479976.00
20151229;27.00;27.67;26.91;27.49;2027975;55354068.00
20151230;27.71;28.05;27.40;27.84;2280938;63189172.00
20151231;28.08;28.10;27.00;27.04;2052204;56340800.00
20160104;27.08;27.15;24.34;24.34;1985800;50570892.00
20160105;22.50;23.93;21.95;23.05;3042555;69972720.00
20160106;23.12;23.88;23.12;23.75;2267418;53377760.00
20160107;23.28;23.28;21.38;21.43;489670;10967981.00
20160108;22.00;22.50;19.53;21.46;2396076;51681016.00
20160111;21.00;21.00;19.32;19.34;2273867;45900144.00
20160112;19.99;20.50;18.42;19.89;2449290;48241472.00
20160113;19.94;20.21;19.20;19.31;1763206;34897888.00
20160114;18.55;20.10;18.34;19.98;2762644;53179448.00
20160115;19.57;19.87;18.60;18.84;1994120;38419532.00
20160118;18.51;20.36;18.21;20.26;2529227;49139560.00
20160119;20.00;21.29;19.75;20.89;3771616;78071920.00
20160120;20.93;20.97;20.22;20.40;2590274;53308852.00
20160121;19.95;20.73;19.10;19.19;2336307;46997116.00
20160122;19.57;19.80;18.95;19.59;1626634;31542866.00
20160125;19.60;20.10;19.60;20.03;1595644;31664426.00
20160126;19.66;19.95;18.08;18.18;1978500;37511280.00
20160127;18.05;18.45;16.70;17.87;1756530;30956736.00
20160128;17.50;17.79;16.70;16.73;1264633;21874742.00
20160129;16.80;17.69;16.72;17.47;1461757;25209086.00
20160201;17.44;17.59;16.40;16.99;1222372;20903614.00
20160202;17.07;17.63;17.00;17.59;1387003;24234132.00
20160203;17.23;17.77;17.16;17.52;1117756;19496760.00
20160204;17.71;18.54;17.55;18.32;2245344;40704968.00
20160205;18.31;18.69;18.06;18.37;2025559;37292252.00
20160215;17.70;20.21;17.42;20.21;3708794;71816192.00
20160216;20.47;21.39;20.21;20.99;5900475;122308448.00
20160217;20.60;20.99;20.30;20.81;3749977;77234640.00
20160218;20.78;20.89;20.05;20.12;2900760;59324032.00
20160219;20.08;20.77;20.02;20.35;2424264;49452684.00
20160222;20.45;21.30;20.30;21.09;3200127;66315296.00
20160223;21.00;21.08;20.30;20.63;2661756;54747904.00
20160224;20.38;20.90;20.11;20.76;2011836;41359176.00
20160225;20.69;21.50;18.71;18.97;4727166;96739632.00
20160226;19.20;19.41;17.87;18.37;2510236;46833288.00
20160229;18.00;18.40;16.60;16.66;1911569;32588144.00
20160301;16.96;17.20;16.30;17.07;1650604;27806798.00
20160302;16.90;18.00;16.60;17.91;1922344;33787200.00
20160303;17.80;18.50;17.70;17.90;2236828;40516328.00
20160304;17.90;17.98;16.90;17.10;1942278;33770628.00
20160307;17.21;17.71;17.21;17.57;1172480;20576694.00
20160308;17.28;18.09;16.80;17.93;1865006;32632454.00
20160309;17.50;17.95;17.21;17.54;1290128;22771552.00
20160310;17.50;17.86;17.33;17.37;1400800;24641124.00
20160311;17.28;17.75;17.10;17.56;1246611;21748892.00
20160314;17.89;18.40;17.71;18.30;2274938;41377324.00
20160315;18.10;18.28;17.75;17.86;1454793;26182918.00
20160316;18.00;18.13;17.41;17.49;1193997;21060968.00
20160317;17.56;18.12;17.33;18.01;2467308;43960132.00
20160318;17.73;19.00;17.73;18.84;3846593;71562688.00
20160321;19.06;20.00;18.89;19.85;4272714;82422408.00
20160322;19.51;19.74;19.25;19.28;2909637;56694232.00
20160323;18.95;20.00;18.95;19.70;3388685;66367836.00
20160324;19.55;20.97;19.10;20.11;5243852;105449072.00
20160325;19.91;20.36;19.57;19.84;2661752;52934164.00
20160328;19.85;20.19;19.10;19.24;2215522;43633696.00
20160329;19.34;19.49;18.68;18.92;1803017;34236248.00
20160330;19.04;20.38;19.04;20.34;4063794;80852352.00
20160331;20.49;21.47;20.11;20.88;6132750;127907776.00
20160401;20.70;20.90;20.10;20.39;3448781;70577912.00
20160405;20.56;20.88;20.28;20.68;2808373;58048296.00
20160406;20.56;20.91;20.35;20.74;2391685;49326096.00
20160407;21.20;21.36;20.67;20.77;4901779;103150504.00
20160408;20.70;20.70;20.01;20.28;2598841;52989292.00
20160411;20.36;21.08;20.36;20.78;2351198;48897708.00
20160412;20.90;21.06;20.30;20.77;2880020;59531840.00
20160413;20.90;21.80;20.68;21.78;6038604;128923832.00
20160414;18.35;18.58;18.10;18.34;3891807;71228272.00
20160415;18.05;18.09;17.70;17.76;4942432;88080992.00
20160418;17.57;17.80;17.43;17.58;2845116;50042472.00
20160419;17.79;17.79;17.44;17.49;2670485;46951664.00
20160420;17.60;17.60;15.74;16.18;5986911;99020488.00
20160421;16.32;16.39;15.80;15.89;3147806;50475416.00
20160422;15.77;16.55;15.57;16.33;2473282;39466020.00
20160425;16.30;16.30;15.80;16.08;1940681;31169172.00
20160426;16.06;16.38;16.00;16.35;2011641;32633652.00
20160427;16.37;16.48;15.83;16.19;2563902;41508000.00
20160428;16.08;16.12;15.44;15.91;2142710;33817728.00
20160429;15.80;16.00;15.69;15.86;1077762;17099044.00
20160503;15.80;16.40;15.80;16.38;2069124;33634884.00
20160504;16.38;16.69;16.20;16.58;2494823;41238828.00
20160505;16.58;16.66;16.43;16.59;1737477;28740460.00
20160506;16.60;17.25;16.44;16.65;6297419;106052848.00
20160509;16.58;18.00;16.50;17.99;12120652;211622768.00
20160510;17.88;17.98;17.00;17.39;9162663;159728944.00
20160511;17.68;17.98;16.60;16.70;6708312;115034408.00
20160512;16.00;16.00;15.10;15.63;5550273;86112728.00
20160513;15.35;15.75;15.15;15.48;3144461;48558900.00
20160516;15.50;15.75;15.18;15.69;2610131;40391076.00
20160517;15.68;15.70;15.35;15.46;2650208;41002296.00
20160518;15.20;15.37;14.38;14.56;3253261;48497204.00
20160519;14.41;15.06;14.41;14.59;2028430;29931868.00
20160520;14.51;14.83;14.40;14.80;2074782;30386422.00
20160523;14.73;15.09;14.73;14.98;2134598;31934398.00
20160524;14.88;15.38;14.88;15.34;4025070;61084128.00
20160525;15.48;15.52;14.96;15.05;2811774;42715760.00
20160526;14.99;15.80;14.84;15.62;5474752;84544960.00
20160527;15.40;15.55;15.26;15.40;3087113;47481152.00
20160530;15.19;15.41;15.00;15.09;2134430;32469832.00
20160531;15.02;15.75;15.02;15.71;4286763;66425356.00
20160601;15.59;15.88;15.50;15.84;4629674;72893392.00
20160602;15.91;16.42;15.65;16.20;5566827;88971048.00
20160603;16.10;16.20;15.82;15.98;3956473;63328900.00
20160606;15.98;17.20;15.98;16.66;7629432;126669992.00
20160607;16.55;16.66;16.34;16.56;4392285;72618168.00
20160608;16.56;16.80;16.18;16.56;3958335;65375448.00
20160613;16.30;16.30;15.28;15.34;4397396;69964416.00
20160614;15.30;15.55;15.10;15.34;2921065;44684044.00
20160615;15.02;16.12;15.02;16.10;3614998;56979712.00
20160616;16.13;16.93;16.02;16.73;6576393;108891480.00
20160617;16.60;18.00;16.60;17.02;11928160;205164976.00
20160620;17.05;17.14;16.42;16.73;5027109;83896920.00
20160621;16.81;17.14;16.19;16.26;5147623;86050768.00
20160622;16.26;17.30;16.02;17.20;8859246;150296368.00
20160623;17.20;17.20;16.58;16.84;5146085;86757440.00
20160624;16.85;16.97;16.10;16.60;5536185;91757200.00
20160627;16.32;17.15;16.32;17.12;4530034;76584112.00
20160628;17.03;17.35;16.83;17.34;5543746;95025640.00
20160629;17.40;17.40;17.00;17.18;4329018;74428816.00
20160630;17.17;17.99;17.12;17.69;8600098;151229664.00
