20150320;20.92;20.92;20.92;20.92;33100;692452.00
20150323;23.01;23.01;23.01;23.01;12000;276120.00
20150324;25.31;25.31;25.31;25.31;19800;501138.00
20150325;27.84;27.84;27.84;27.84;30300;843552.00
20150326;30.62;30.62;30.62;30.62;182700;5594274.00
20150327;30.62;33.62;29.01;33.43;16371972;511530240.00
20150330;31.70;32.70;31.53;31.71;10024403;319992928.00
20150331;31.70;34.86;31.08;33.82;10704690;352207168.00
20150401;33.18;33.79;32.82;33.73;6981803;232838768.00
20150402;33.85;35.35;33.33;34.27;7025094;240835120.00
20150403;33.79;35.30;33.50;35.03;8240630;280628640.00
20150407;35.03;35.62;34.33;35.18;5587151;195664928.00
20150408;35.51;36.37;33.65;34.99;5139393;179978096.00
20150409;34.65;34.85;32.85;34.25;4116556;139869728.00
20150410;33.96;35.35;33.67;34.82;3945050;137026944.00
20150413;34.86;37.55;34.50;36.51;6131950;219653328.00
20150414;36.30;36.78;35.21;35.68;3946399;142069696.00
20150415;35.75;35.99;33.61;33.66;3234731;111458064.00
20150416;33.65;34.65;33.31;34.10;2234540;76359160.00
20150417;34.94;34.94;33.78;33.97;4187097;143378592.00
20150420;34.01;34.95;33.40;33.46;3160530;108009456.00
20150421;33.71;34.83;33.31;34.80;2655049;90966088.00
20150422;35.10;35.95;34.82;35.35;3771683;133338504.00
20150423;35.35;35.59;34.57;35.10;3173339;111037584.00
20150424;34.56;35.60;34.09;35.55;3270558;113910888.00
20150427;36.09;36.93;35.55;36.51;5109342;186062256.00
20150428;36.85;37.53;35.01;35.38;3888003;140738080.00
20150429;35.30;38.92;35.20;38.92;7051565;266937536.00
20150430;39.50;41.99;38.51;39.54;7983350;319770848.00
20150504;39.06;42.91;38.35;42.00;5487491;222011072.00
20150505;41.30;41.88;39.01;39.65;3447521;139734192.00
20150506;39.55;41.30;37.60;38.30;3571595;142324064.00
20150507;38.14;38.50;36.75;37.43;2465969;92482736.00
20150508;38.03;39.78;37.69;39.68;2956164;114239120.00
20150511;40.06;43.40;39.77;43.19;4474227;187605200.00
20150512;43.18;44.53;41.60;43.20;3725623;160323104.00
20150513;42.13;45.77;42.00;44.28;3479030;153667232.00
20150514;44.85;48.71;43.82;48.71;4221002;198268576.00
20150515;49.99;53.45;46.60;50.47;5053317;251142736.00
20150518;49.46;55.52;49.40;55.52;3509770;188697936.00
20150519;58.00;61.07;52.30;55.19;6224496;352135392.00
20150520;54.94;59.00;53.30;54.20;4265408;237323296.00
20150521;54.25;55.80;53.30;55.00;2991358;163191392.00
20150522;56.64;60.50;54.00;60.50;4817357;276627584.00
20150525;61.00;66.00;58.00;63.72;4921007;309600640.00
20150526;63.30;70.09;62.07;70.09;4981558;335597312.00
20150527;71.51;77.10;68.38;77.10;5282552;392776000.00
20150528;80.58;84.81;69.39;70.18;6876478;569914688.00
20150529;65.90;74.00;63.40;67.47;6602335;450109280.00
20150601;67.59;68.89;62.86;66.23;4680188;305639392.00
20150602;66.40;72.85;65.12;72.62;4916713;336968064.00
20150603;71.80;71.80;67.00;68.95;3234504;225485152.00
20150604;68.90;68.90;62.06;62.84;3757176;238325488.00
20150605;64.35;65.30;61.00;62.82;3081385;194985392.00
20150608;63.00;63.00;58.90;59.89;3006815;181578896.00
20150609;59.01;61.88;58.00;61.15;2167851;131090144.00
20150610;60.01;64.62;60.00;63.96;3051874;192733760.00
20150611;63.90;68.90;63.20;67.80;3463436;229854112.00
20150612;67.80;69.49;64.75;65.54;3183901;213007024.00
20150615;64.86;65.00;60.00;60.38;2391321;147351440.00
20150616;59.06;61.77;57.11;60.78;2288268;135936320.00
20150617;59.74;62.40;59.18;62.03;1555899;95124288.00
20150618;62.16;64.27;59.30;60.49;2243919;140224784.00
20150619;57.00;59.94;54.49;54.50;1633383;93053296.00
20150623;54.25;57.00;51.01;56.77;1861294;101911376.00
20150624;57.80;58.35;55.01;57.50;1729975;98981576.00
20150625;56.99;57.50;53.52;54.04;1356546;75312072.00
20150626;52.10;53.00;48.64;48.64;1641096;82155816.00
20150629;49.38;49.92;43.78;43.78;2682982;121691648.00
20150630;43.28;48.16;39.40;48.16;2383922;104696608.00
20150701;47.45;52.98;46.00;50.44;3205597;163323200.00
20150702;49.00;53.66;47.70;50.56;2679147;135872848.00
20150703;48.88;54.20;48.00;52.03;3237683;167475328.00
20150706;57.23;57.23;47.08;51.02;3000023;157742064.00
20150707;47.01;49.76;45.92;45.92;1312282;61554668.00
20150713;50.51;50.51;50.51;50.51;173400;8758434.00
20150714;55.45;55.45;50.00;55.08;3488629;189389520.00
20150715;53.10;54.28;49.57;49.57;1410000;72825488.00
20150716;44.61;49.00;44.61;45.36;3806188;174556880.00
20150717;45.13;48.30;45.13;47.48;2049304;96337624.00
20150720;47.68;51.63;45.23;50.71;3658054;174766384.00
20150721;49.20;52.60;48.31;50.84;3033146;155163280.00
20150722;51.60;52.50;50.51;51.84;2745140;141589712.00
20150723;51.91;57.02;51.91;57.02;4985885;275004960.00
20150724;59.00;59.00;55.51;57.30;4390180;249975632.00
20150727;55.80;59.50;51.57;53.51;3331252;187620240.00
20150728;50.00;55.00;48.16;53.56;2348046;120162800.00
20150729;53.80;56.61;51.00;56.58;2110005;114003968.00
20150730;56.30;58.27;55.02;55.07;2272490;128174864.00
20150731;53.00;56.50;50.50;54.31;2443372;130514904.00
20150803;52.99;53.99;49.51;53.01;1466964;76168144.00
20150804;52.33;56.63;51.66;56.40;2512350;136841936.00
20150805;56.60;60.00;56.30;56.92;2705328;156609136.00
20150806;56.20;58.10;54.20;57.50;1848328;103066640.00
20150807;57.00;59.96;57.00;59.35;3084781;181964112.00
20150810;60.88;62.89;59.35;61.91;3183830;193218880.00
20150811;61.78;64.88;60.00;60.73;2669026;163520560.00
20150812;60.16;60.66;57.80;59.52;1764865;104025320.00
20150813;58.60;59.57;57.50;59.50;1307980;76799632.00
20150814;59.72;60.19;58.86;59.05;1212483;71920936.00
20150817;58.25;59.18;56.86;58.74;1118100;64632460.00
20150818;58.10;58.50;52.87;55.35;1511116;83287960.00
20150819;53.00;55.89;51.03;55.84;1020301;54426248.00
20150820;55.71;55.71;53.25;53.99;815198;44028140.00
20150821;53.00;53.39;49.10;51.76;874092;44715464.00
20150824;49.50;49.50;46.58;46.74;2069600;97655672.00
20151022;49.50;49.50;42.20;47.26;3059369;140202640.00
20151023;46.00;47.29;45.11;46.90;1791910;83160632.00
20151026;47.78;49.20;46.77;48.83;2281268;109758768.00
20151027;49.00;49.42;46.00;48.89;1935797;92914016.00
20151028;48.20;49.50;47.00;48.48;2467100;120547712.00
20151029;48.11;49.21;48.11;48.83;1655872;80667296.00
20151030;48.52;48.75;47.50;47.95;1847236;88749752.00
20151102;47.30;49.28;47.08;47.75;2648067;127464064.00
20151103;47.75;48.18;46.50;48.15;1320651;62666192.00
20151104;48.90;51.00;48.89;50.90;2801152;141191696.00
20151105;51.32;51.89;50.01;50.91;2305924;117346952.00
20151106;51.49;54.76;50.68;54.67;2340939;123658824.00
20151109;53.50;57.77;53.50;56.39;2535360;142428928.00
20151110;55.70;57.47;55.02;55.37;2184353;122601400.00
20151111;55.20;59.10;55.20;58.75;1987592;113777600.00
20151112;59.65;62.00;57.72;60.64;2650361;158739072.00
20151113;59.30;60.60;55.20;58.02;2854074;167176992.00
20151116;57.05;58.88;56.50;58.44;1202302;69579280.00
20151117;59.10;59.58;56.70;56.84;1624563;94764520.00
20151118;57.50;57.50;53.00;54.42;1190522;66563376.00
20151119;54.51;56.58;54.51;56.11;1015810;56218876.00
20151120;56.15;56.88;55.81;56.06;1145465;64512244.00
20151123;55.30;57.34;55.30;55.95;1214686;68261000.00
20151124;56.00;59.49;55.57;59.15;4145094;235584080.00
20151125;58.04;59.40;57.77;58.61;2248322;131669920.00
20151126;58.67;60.97;57.70;58.19;2523463;149912464.00
20151127;58.00;59.86;54.50;55.48;2294023;131976368.00
20151130;55.70;57.73;52.53;57.59;2189070;121352968.00
20151201;57.50;60.76;57.10;59.37;3619792;215193152.00
20151202;58.50;59.50;55.00;56.57;2226380;127221704.00
20151203;56.60;62.23;56.60;62.23;4260491;259221792.00
20151204;63.40;64.30;60.80;61.78;4578953;285997056.00
20151207;62.40;64.19;61.11;63.81;2921597;183516496.00
20151208;62.80;63.70;61.40;61.99;2311283;143415456.00
20151209;61.01;61.95;58.02;59.15;2507012;149309200.00
20151210;58.02;59.10;57.10;58.33;1290938;75299328.00
20151211;58.00;59.20;57.81;58.22;796400;46620772.00
20151214;57.13;59.20;56.52;59.18;987956;57046780.00
20151215;59.36;59.36;58.00;58.28;1089520;63991116.00
20151216;58.52;60.28;58.28;59.05;1236601;73304208.00
20151217;59.60;61.49;59.29;61.34;2022691;122116848.00
20151218;61.18;62.96;60.40;61.77;1999534;122784152.00
20151221;61.65;63.98;60.70;63.02;2169164;135093408.00
20151222;64.70;65.80;63.10;64.03;2479919;159962240.00
20151223;63.72;64.29;61.28;61.34;1825103;114273120.00
20151224;61.51;63.49;60.68;63.19;1410644;87576656.00
20151225;63.94;65.59;63.20;64.45;1827177;118024640.00
20151228;63.96;66.37;61.66;62.71;2666181;173365888.00
20151229;62.28;64.85;61.57;63.95;1258211;78635136.00
20151230;64.08;68.50;64.08;65.90;2880735;190058816.00
20151231;65.56;66.57;62.60;62.96;1603054;104088392.00
20160104;62.03;62.99;56.66;56.66;1469200;87293016.00
20160105;53.00;55.98;51.75;53.88;1580554;85521296.00
20160106;54.72;55.60;53.50;55.32;1297162;70740352.00
20160107;54.61;54.61;49.79;49.79;412000;21156904.00
20160108;50.80;51.50;46.00;48.75;1775699;87611000.00
20160111;47.78;48.55;43.88;43.88;1735592;78800424.00
20160112;40.90;43.78;39.49;41.99;3818454;155176816.00
20160113;41.80;43.05;39.54;39.88;2152524;89631352.00
20160114;38.80;41.68;38.00;41.41;1810699;72111208.00
20160115;41.00;41.10;38.39;38.78;1550563;61584848.00
20160118;37.16;40.60;36.90;39.57;1316105;51729024.00
20160119;39.98;41.28;38.65;41.07;3151353;125573288.00
20160120;40.73;41.50;40.15;40.59;2176215;88667800.00
20160121;39.99;41.17;38.69;38.77;1699521;68077760.00
20160122;38.85;39.91;38.49;39.84;1233899;48519084.00
20160125;40.18;41.35;40.00;40.61;1417991;57630212.00
20160126;40.02;40.37;36.55;36.56;1671845;64176868.00
20160127;36.54;37.56;33.90;37.15;1613537;58249120.00
20160128;36.85;36.85;34.40;34.83;1040400;37212532.00
20160129;34.17;36.44;34.00;35.86;1185917;42076980.00
20160201;35.60;35.88;34.41;35.09;816592;28772896.00
20160202;35.21;36.56;35.00;36.37;973644;35135048.00
20160203;35.80;37.98;35.50;37.90;1705432;63440800.00
20160204;37.94;38.58;37.68;38.28;1400968;53553236.00
20160205;38.36;38.38;37.05;37.10;1130594;42534200.00
20160215;34.95;36.48;34.95;36.19;798000;28607956.00
20160216;36.66;38.17;36.20;38.07;977443;36912448.00
20160217;37.90;38.89;37.90;38.66;1356731;52179224.00
20160218;39.00;42.53;38.80;42.53;3672632;150559504.00
20160219;42.00;42.61;40.98;41.92;3114653;129846384.00
20160222;42.35;43.58;41.62;43.13;2778186;117702216.00
20160223;42.95;43.00;41.13;42.09;1771416;74370424.00
20160224;41.86;42.31;40.13;41.42;1371716;56517996.00
20160225;40.84;41.59;37.28;37.28;2077451;80728776.00
20160226;37.28;38.75;35.58;37.54;1444750;54345640.00
20160229;37.75;37.75;33.83;34.09;1595320;55399492.00
20160301;34.09;35.49;33.38;35.07;1175375;40546828.00
20160302;34.98;36.96;34.75;36.71;1166384;41942640.00
20160303;36.70;37.23;36.20;36.26;1294361;47548384.00
20160304;36.00;36.30;33.50;34.10;1181427;41425676.00
20160307;34.79;35.90;34.26;35.00;714096;25028488.00
20160308;35.00;35.30;33.00;35.00;1022200;35024492.00
20160309;33.72;34.70;33.70;34.31;716594;24573786.00
20160310;34.40;34.91;33.80;33.94;673284;23148742.00
20160311;33.70;34.60;33.13;34.49;645167;21977524.00
20160314;35.02;36.48;35.02;35.93;1278996;45955868.00
20160315;35.89;35.93;35.01;35.17;897802;31755084.00
20160316;35.49;35.86;34.25;34.37;817900;28461028.00
20160317;34.37;35.87;34.04;35.58;1301916;45941728.00
20160318;35.60;39.14;35.60;39.14;2749983;103451136.00
20160321;39.01;40.78;38.92;39.50;2791400;110464360.00
20160323;40.30;41.25;39.16;39.69;1972087;79043496.00
20160324;38.80;41.60;38.80;40.12;2251540;91537712.00
20160325;39.65;40.65;39.23;40.54;1357018;54001796.00
20160328;40.98;41.49;39.70;40.22;1515180;61745780.00
20160329;39.93;40.22;37.20;38.14;1851482;70852416.00
20160330;38.00;40.05;38.00;39.64;1334776;52072704.00
20160331;39.67;40.78;39.67;40.13;1634709;65740936.00
20160401;39.88;40.13;39.02;39.98;985348;38950768.00
20160405;39.70;41.38;39.70;41.31;1511146;61622644.00
20160406;41.20;41.97;40.70;41.71;1834383;75963728.00
20160407;41.69;41.93;40.62;40.98;1703250;70159096.00
20160408;40.31;40.80;39.72;40.59;1387578;55908784.00
20160411;41.15;42.90;41.15;42.76;1947339;81916064.00
20160412;42.71;44.89;42.49;44.08;2566682;111843576.00
20160413;44.00;44.50;43.50;43.60;2181142;96264120.00
20160414;43.88;44.79;43.05;44.55;1744956;76683640.00
20160415;44.64;47.25;44.64;46.80;2387367;109363400.00
20160418;46.10;46.28;44.50;44.53;2451201;110734392.00
20160419;44.98;45.07;42.65;43.22;2297249;100041352.00
20160420;43.80;44.35;39.90;41.38;2493818;105355664.00
20160421;40.20;41.10;39.60;39.82;1441926;58574824.00
20160422;39.05;40.80;39.05;40.62;910740;36751484.00
20160425;40.50;42.36;39.13;41.47;1272141;52924816.00
20160426;41.47;42.25;41.01;41.73;783838;32705128.00
20160427;41.82;42.17;41.00;41.08;730165;30259174.00
20160428;41.50;41.50;39.80;40.52;858230;34653988.00
20160429;40.22;41.30;40.22;40.95;507854;20768790.00
20160503;41.00;43.18;40.61;43.12;1109562;46715836.00
20160504;42.60;43.79;42.55;42.86;1017446;43892968.00
20160505;43.00;43.98;42.86;43.89;1053486;45888836.00
20160506;43.90;45.00;42.52;42.55;1588323;69376040.00
20160509;41.90;42.35;39.92;40.15;1112010;45214724.00
20160510;40.50;40.59;39.80;40.15;665791;26753692.00
20160511;40.50;40.85;40.05;40.15;698852;28242476.00
20160512;39.40;39.77;38.63;39.40;664096;26047036.00
20160513;39.05;39.94;39.05;39.17;455616;17982984.00
20160516;39.22;40.60;38.44;40.14;534276;21038488.00
20160517;40.14;40.59;39.79;40.09;587960;23585444.00
20160518;39.85;39.88;38.00;38.29;737463;28529874.00
20160519;38.42;39.70;38.35;38.51;493733;19289380.00
20160520;35.10;39.51;35.10;39.20;564127;21879106.00
20160523;39.21;40.50;39.21;40.17;702569;28189926.00
20160524;39.90;40.20;39.44;39.98;538906;21448532.00
20160525;40.17;40.66;39.00;39.41;778605;31258744.00
20160526;39.99;40.94;39.18;40.80;1789234;72163856.00
20160527;40.85;40.90;40.21;40.66;951440;38644648.00
20160530;40.70;40.88;40.21;40.44;613924;24888252.00
20160531;40.28;43.95;40.28;43.87;1995565;84394280.00
20160601;22.55;23.48;21.69;22.16;3508289;78273024.00
20160602;21.55;22.68;21.20;22.56;5953336;131039408.00
20160603;22.45;22.45;21.76;21.90;4526718;99742952.00
20160606;21.90;22.20;21.51;21.82;2796825;60999624.00
20160607;21.65;22.07;21.55;21.95;2555927;55750720.00
20160608;21.95;21.95;21.38;21.62;2214100;47909184.00
20160613;21.38;21.56;19.55;19.60;2318764;48373160.00
20160614;19.50;19.75;19.13;19.45;1448443;28215172.00
20160615;18.90;20.45;18.90;20.35;1633098;32730092.00
20160616;20.35;20.83;20.10;20.43;1582136;32571900.00
20160617;20.43;20.88;20.10;20.32;1502842;30792524.00
20160620;20.52;20.59;20.10;20.51;1582456;32231388.00
20160621;20.79;20.91;20.21;20.36;1545400;31923648.00
20160622;20.36;21.26;20.12;21.13;2031515;42075512.00
20160623;21.00;21.50;20.85;21.44;2524967;53753720.00
20160624;21.18;21.58;20.00;20.63;2499656;52033632.00
20160627;20.42;21.14;20.40;21.02;1559800;32471248.00
20160628;20.90;23.12;20.85;23.12;7064943;157435744.00
20160629;23.85;24.62;23.23;23.61;11609810;276416480.00
20160630;23.23;24.25;22.80;23.82;8075651;190620272.00
