20150326;17.40;17.40;17.40;17.40;15900;276660.00
20150327;19.14;19.14;19.14;19.14;6600;126324.00
20150330;21.05;21.05;21.05;21.05;17400;366270.00
20150331;23.16;23.16;23.16;23.16;62600;1449816.00
20150401;25.48;25.48;25.48;25.48;159100;4053868.00
20150402;28.03;28.03;28.03;28.03;193200;5415396.00
20150403;30.83;30.83;30.83;30.83;557016;17172804.00
20150407;33.91;33.91;33.91;33.91;558514;18939210.00
20150408;37.30;37.30;37.30;37.30;449599;16770043.00
20150409;41.03;41.03;38.88;41.03;13075563;533598208.00
20150410;43.00;44.97;42.00;42.98;12898830;560948864.00
20150413;41.02;43.00;40.34;42.24;7985866;332853856.00
20150414;41.51;43.00;41.02;41.66;5511252;230851104.00
20150415;41.03;41.60;38.55;38.61;5573527;221964832.00
20150416;38.20;39.90;37.69;39.11;3158823;123154288.00
20150417;39.59;40.98;39.56;40.36;4447144;179253424.00
20150420;39.50;40.80;38.48;38.50;3800162;149870496.00
20150421;38.50;39.74;38.19;39.69;2676290;104366632.00
20150422;39.75;40.38;39.65;40.36;3195642;127970256.00
20150423;40.50;40.50;39.76;40.18;2532446;101411032.00
20150424;39.38;39.99;39.11;39.91;2146568;85093232.00
20150427;40.50;43.50;40.06;43.47;6421092;269204704.00
20150428;42.00;42.00;39.30;39.98;5406517;220124480.00
20150429;39.50;40.58;39.30;40.39;2378497;95421944.00
20150430;40.57;41.55;40.01;40.43;3360533;136749840.00
20150504;40.10;40.33;39.43;39.96;1783662;71198448.00
20150505;39.81;40.00;38.31;38.60;2036626;79934768.00
20150506;38.79;39.50;38.66;39.14;1885557;73745168.00
20150507;38.66;39.10;38.05;38.21;1514758;58016268.00
20150508;38.26;39.50;38.26;39.47;1875607;73275688.00
20150511;39.85;42.60;39.51;42.01;5013343;207036096.00
20150512;42.38;43.99;41.58;42.78;4692952;200992400.00
20150513;42.00;47.05;41.62;45.34;6183006;277427616.00
20150514;47.00;48.50;45.10;48.00;5771721;272618976.00
20150515;47.50;49.50;45.02;48.03;6475667;303214592.00
20150518;47.40;52.83;47.01;52.83;6262127;318862848.00
20150519;55.00;58.10;50.88;52.11;6871696;368784544.00
20150520;51.56;53.87;50.56;51.38;5141173;270816864.00
20150521;51.00;51.60;49.59;50.91;4031162;203361040.00
20150522;52.10;56.00;49.88;56.00;5819029;306954784.00
20150525;54.50;61.50;53.02;59.94;6439836;377467840.00
20150526;59.90;65.93;59.30;65.93;5365480;339036320.00
20150527;67.20;72.52;65.90;72.52;5713401;397876256.00
20150528;75.00;79.77;65.27;65.28;8736919;678070464.00
20150529;62.00;68.51;58.75;62.85;7620670;479717280.00
20150601;62.69;62.69;57.88;61.16;5174445;312817632.00
20150602;62.96;62.97;59.50;61.50;4562952;279504416.00
20150603;61.33;65.50;60.58;62.58;4948920;313343360.00
20150604;62.95;63.48;56.32;58.37;4804016;278839104.00
20150605;59.00;60.56;54.53;57.08;3587635;209454704.00
20150608;57.88;57.88;54.53;56.76;4117259;228671856.00
20150609;55.99;58.10;55.81;57.81;3806949;217575200.00
20150610;57.80;63.00;56.91;61.51;4619878;278894048.00
20150611;60.95;63.42;60.00;62.49;3686480;229484224.00
20150612;62.00;62.46;60.21;61.19;3553061;217083968.00
20150615;60.60;60.70;56.00;56.18;3752495;215959392.00
20150616;57.00;57.17;54.68;56.67;2713341;151640944.00
20150617;56.01;57.60;54.90;56.87;2268099;127496920.00
20150618;56.00;56.50;53.80;53.98;2250640;123977880.00
20150619;53.90;53.90;48.58;48.66;1934011;96337152.00
20150623;47.67;49.72;45.25;49.58;2141051;102860464.00
20150624;49.80;50.97;49.68;50.26;2521579;126574936.00
20150625;50.25;50.26;46.30;47.07;1473552;71324536.00
20150626;45.80;46.45;42.36;42.36;1700999;73807296.00
20150629;43.80;45.01;38.12;43.50;4256374;181044272.00
20150630;42.87;47.48;39.50;47.21;2764800;119862912.00
20150701;46.70;48.12;45.37;47.22;2859875;134254656.00
20150702;48.10;51.94;46.67;51.70;7673599;390868288.00
20150703;49.77;54.65;48.10;50.02;3236406;164172928.00
20150706;53.30;54.30;45.02;46.86;2769325;139814992.00
20150707;45.50;49.00;42.17;48.31;3928238;169216720.00
20150708;43.48;48.04;43.48;44.94;2551489;114054136.00
20150709;45.98;49.43;44.00;49.43;3234674;153273168.00
20150710;50.85;54.37;50.58;54.37;3877545;209619856.00
20150713;56.00;59.81;54.51;59.80;6575837;381855712.00
20150714;58.01;59.00;54.69;55.13;4343701;247069072.00
20150715;52.50;57.00;49.51;52.25;3722690;195786688.00
20150716;50.00;54.41;49.02;52.00;3316201;173187168.00
20150717;52.01;54.77;52.01;54.46;3682607;197225280.00
20150720;54.00;56.18;51.00;55.25;3655152;196682608.00
20150721;53.62;57.67;52.50;56.98;3476739;194393088.00
20150722;57.00;57.50;53.50;54.56;2721992;150760016.00
20150723;54.89;60.02;53.41;60.02;5043447;286894400.00
20150724;59.80;63.00;57.01;59.97;5353763;316857536.00
20150727;57.80;62.50;53.97;53.97;4495495;266463472.00
20150728;48.60;54.88;48.57;53.62;3987264;202037648.00
20150729;53.35;56.10;50.25;55.98;3028373;162363040.00
20150730;56.00;58.90;52.02;54.00;4474590;256026480.00
20150731;52.37;53.99;50.88;53.17;2735929;142526000.00
20150803;52.00;52.00;48.01;48.57;2372150;117845040.00
20150804;48.60;53.00;48.02;52.39;1659113;84851192.00
20150805;51.70;54.04;50.55;52.59;1914750;100264696.00
20150806;51.85;53.48;50.59;52.67;1654889;86230216.00
20150807;52.34;55.50;52.34;55.10;1603183;86780192.00
20150810;56.40;58.36;55.20;57.54;2867876;164327136.00
20150811;57.70;62.00;56.70;58.81;4880614;288958208.00
20150812;57.88;64.63;57.00;63.99;6722459;405934528.00
20150813;62.00;65.36;61.08;64.32;4179799;262932256.00
20150814;64.06;65.00;61.00;63.73;3639611;230694656.00
20150817;62.95;62.95;60.51;62.60;2501047;154414512.00
20150818;61.18;62.00;56.50;57.38;3674814;220225760.00
20150819;56.91;59.23;53.00;59.11;2737339;153590288.00
20150820;57.10;60.47;56.06;59.34;3017282;177803792.00
20150821;57.98;59.70;56.00;58.98;3723195;218277904.00
20150824;55.00;57.67;53.08;53.22;1549435;82881384.00
20150825;48.50;55.66;47.90;51.32;3751042;182885872.00
20150826;49.33;55.26;49.33;50.86;3289517;171797792.00
20150827;51.00;53.97;50.01;53.82;4225340;220731520.00
20150828;53.84;56.45;51.50;56.09;3816129;204849984.00
20150831;54.51;60.87;53.40;58.93;4451975;256074848.00
20150901;58.00;60.77;53.04;56.97;5682114;327829312.00
20150902;51.30;55.70;51.27;51.27;7377693;382421920.00
20150907;46.25;51.20;46.14;46.14;8342972;400608672.00
20150908;43.10;46.18;41.53;45.81;8683768;377334016.00
20150909;44.51;49.60;42.00;49.09;8657798;411133280.00
20150910;47.00;52.29;46.03;52.08;7290913;361830848.00
20150911;51.97;54.00;50.70;52.66;8146440;426925568.00
20150914;52.66;55.47;50.00;50.21;9391110;500908480.00
20150915;47.20;48.00;45.19;45.19;3058242;140649856.00
20150916;45.19;49.32;41.54;45.25;8780039;401051648.00
20150917;44.40;45.45;41.60;41.66;6375643;280057856.00
20150918;41.54;43.37;41.01;42.60;4136724;174463072.00
20150921;42.40;45.29;41.61;45.23;4747218;209293440.00
20150922;45.33;45.80;43.01;43.58;4974071;219484176.00
20150923;42.00;43.17;41.88;42.10;2744762;116418528.00
20150924;42.39;43.75;42.39;43.28;2927782;126230968.00
20150925;43.28;43.28;40.80;40.89;2958955;123580664.00
20150928;41.07;42.38;41.00;42.20;2247701;94148200.00
20150929;41.85;42.20;40.90;41.03;1921584;79644208.00
20150930;41.60;41.97;40.10;40.96;1632354;66856008.00
20151008;42.20;42.63;41.57;42.39;2492975;105001888.00
20151009;42.40;42.40;41.74;42.06;2028430;85249464.00
20151012;42.19;44.38;42.19;43.54;3816505;165096544.00
20151013;43.20;44.10;42.86;43.66;3058697;133071840.00
20151014;43.39;44.30;43.22;43.73;3039717;133236320.00
20151015;43.48;45.63;43.32;45.40;4130327;184250832.00
20151016;45.73;46.23;44.01;44.89;4591061;207387968.00
20151019;44.89;45.40;43.77;44.19;3165289;141141408.00
20151020;43.86;44.95;43.70;44.81;2636881;117344320.00
20151021;44.90;45.56;40.50;40.61;3631410;157035824.00
20151022;40.80;41.79;40.21;41.56;2704819;111225320.00
20151023;42.11;42.35;41.01;41.99;2410448;100397792.00
20151026;42.43;42.79;41.70;42.49;2177655;92158864.00
20151027;42.58;43.65;41.60;43.37;2900982;124005504.00
20151028;43.01;43.70;41.50;41.79;2566464;109898216.00
20151029;42.39;42.65;41.67;42.27;1760362;74281568.00
20151030;42.38;42.49;41.38;42.08;1337388;56208648.00
20151102;41.66;44.05;41.01;42.81;2992452;128704384.00
20151103;43.00;44.80;42.80;44.59;3675288;161368032.00
20151104;45.10;46.05;44.08;45.98;4736919;213877680.00
20151105;45.55;46.10;44.60;44.99;3500731;158273712.00
20151106;45.05;46.50;45.05;46.44;3601420;166043120.00
20151109;46.40;48.50;46.00;48.26;4585976;217034560.00
20151110;47.60;49.49;46.91;47.59;3780261;181570368.00
20151111;47.59;50.80;47.11;50.59;4730289;230560144.00
20151112;51.72;54.55;49.60;52.51;5714390;294808768.00
20151113;51.70;53.46;49.49;51.54;4680883;240525952.00
20151116;49.50;52.51;49.20;52.47;2787381;142493312.00
20151117;52.90;53.39;50.03;50.16;2931331;151682672.00
20151118;50.25;51.09;48.20;48.58;2177381;108820432.00
20151119;48.63;49.99;48.23;49.62;1870280;91638112.00
20151120;49.61;50.61;49.52;50.48;2278293;114270760.00
20151123;50.38;50.50;49.53;49.82;2070274;103498008.00
20151124;50.00;52.50;49.52;52.21;2538485;129979504.00
20151125;51.79;53.50;51.38;52.31;3219904;168607200.00
20151126;52.06;53.08;50.70;51.32;2617609;136003424.00
20151127;51.17;51.85;47.52;48.71;2623948;130693272.00
20151130;48.68;49.67;46.00;49.32;2189381;105808048.00
20151201;49.09;50.00;48.00;49.63;2306649;113778912.00
20151202;49.23;49.50;46.38;48.76;1583365;76685544.00
20151203;48.76;50.80;48.76;50.57;1472548;73518144.00
20151204;50.65;51.20;49.80;50.77;1672075;84375360.00
20151207;50.94;52.00;50.31;50.94;2106739;107560416.00
20151208;50.84;50.85;49.67;49.79;1389719;69778400.00
20151209;49.68;49.70;48.00;48.14;1392717;67938928.00
20151210;48.16;48.69;47.93;48.05;1172802;56631668.00
20151211;48.00;48.58;47.71;48.17;673647;32499326.00
20151214;48.15;49.65;47.90;49.62;1219480;59373484.00
20151215;49.66;50.80;49.46;50.28;1085494;54752600.00
20151216;50.75;51.15;49.00;49.70;2169755;108746920.00
20151217;49.92;52.38;49.92;52.27;2935070;150376672.00
20151218;52.03;52.30;51.04;51.65;2035049;105067736.00
20151221;51.50;53.40;51.45;52.54;2173698;114322632.00
20151222;52.63;52.80;51.70;52.20;1576635;82159720.00
20151223;52.01;53.84;52.01;52.84;3154741;167118656.00
20151224;52.01;52.97;51.55;52.69;1752486;91408480.00
20151225;52.57;53.30;52.57;53.06;1376106;72865296.00
20151228;53.09;53.50;51.22;51.38;2160857;113531744.00
20151229;51.10;51.83;50.92;51.79;915638;47108420.00
20151230;51.88;53.40;51.55;53.27;1436454;75095872.00
20151231;53.16;53.42;51.20;51.30;1179002;61648520.00
20160104;51.45;51.45;46.17;46.17;1801009;88988424.00
20160105;45.80;47.75;43.01;47.52;4118665;189923216.00
20160106;46.99;48.29;46.30;48.27;1733862;82016528.00
20160107;47.30;47.31;43.44;43.49;357800;16109412.00
20160108;44.60;45.00;42.01;44.08;3131688;137171024.00
20160111;42.50;43.51;39.88;40.04;1535032;63966564.00
20160112;40.21;41.51;39.68;41.20;1276996;51927356.00
20160113;41.49;41.67;39.70;40.83;1205732;49201556.00
20160114;40.00;42.20;38.00;41.89;906717;37060576.00
20160115;41.35;41.98;39.88;40.91;957301;39255224.00
20160118;40.56;41.64;40.10;41.23;986129;40502108.00
20160119;41.20;42.20;40.70;41.98;1450350;60225572.00
20160120;41.80;42.25;41.00;41.36;1174194;48939472.00
20160121;40.89;41.36;40.01;40.86;1020456;41477852.00
20160122;40.60;40.98;39.50;40.70;756266;30573194.00
20160125;40.81;40.97;40.28;40.57;683465;27816494.00
20160126;40.25;40.37;36.57;37.43;1266860;48448736.00
20160127;37.40;37.41;33.69;35.15;2709347;94696880.00
20160128;34.53;34.77;33.58;34.00;1172642;40086184.00
20160129;33.60;35.88;33.46;35.20;1985414;69165248.00
20160201;34.99;37.00;34.46;36.94;3454926;122219840.00
20160202;36.39;37.58;36.12;37.01;1738252;64317076.00
20160203;36.30;37.87;36.20;37.15;1823345;68086632.00
20160204;36.88;37.48;36.88;37.35;2020055;75257272.00
20160205;37.30;37.73;36.30;36.32;1181402;43380672.00
20160215;35.02;36.23;34.78;35.95;896934;31893088.00
20160216;36.20;37.90;36.00;37.30;1668487;61814736.00
20160217;37.49;37.49;36.60;37.28;1625583;60226492.00
20160218;37.48;37.68;37.13;37.34;1620755;60595032.00
20160219;37.30;37.50;36.80;37.49;1238226;46039056.00
20160222;37.79;38.98;37.57;38.67;2378975;90814336.00
20160223;38.39;38.80;37.46;37.94;1560249;59315584.00
20160224;37.59;38.59;37.15;37.92;1886460;71479032.00
20160225;37.94;37.94;34.13;34.13;1812760;64695584.00
20160226;34.44;34.90;33.68;34.11;1021408;34944104.00
20160229;34.22;34.22;31.02;31.55;1064996;34240240.00
20160301;31.88;32.54;31.22;32.17;871839;27751696.00
20160302;32.17;33.72;31.88;33.68;1096235;36132404.00
20160303;33.70;34.40;33.25;33.40;1172235;39644992.00
20160304;33.51;33.65;31.50;31.80;1113499;36128888.00
20160307;32.40;33.15;32.09;32.88;932164;30477876.00
20160308;32.89;33.95;31.61;33.73;1274454;41971880.00
20160309;32.82;33.58;32.58;32.86;742164;24500352.00
20160310;32.88;33.20;32.42;32.56;632300;20721156.00
20160311;32.40;33.49;32.11;32.82;656899;21563974.00
20160314;33.25;34.40;33.00;33.84;1585879;53782436.00
20160315;33.64;34.10;33.15;33.35;922166;30988066.00
20160316;33.51;33.80;32.31;32.36;1090345;35770296.00
20160317;32.35;33.48;32.35;33.37;1189211;39338440.00
20160318;33.38;35.18;33.38;34.99;2060451;71039648.00
20160321;35.30;35.83;34.95;35.41;2509164;88478016.00
20160322;35.00;38.95;34.69;38.95;5086116;187390064.00
20160323;38.00;38.69;37.44;38.00;3642502;138520608.00
20160324;37.58;38.97;37.12;37.81;4841297;184292928.00
20160325;37.39;37.69;36.37;36.75;2256529;83597424.00
20160328;36.90;37.68;36.80;37.04;1873069;69783464.00
20160329;37.06;37.09;35.31;35.86;1414147;51065244.00
20160330;36.18;37.19;36.01;37.16;1457267;53412368.00
20160331;37.26;38.00;37.22;37.38;1987653;74722056.00
20160401;37.11;38.46;37.11;38.43;2333907;88209224.00
20160405;38.47;39.00;37.71;38.92;2709636;103866352.00
20160406;38.61;38.85;37.91;38.64;2080907;80005632.00
20160407;38.66;38.98;37.40;37.45;1849300;70371592.00
20160408;37.30;39.72;37.08;39.35;3407015;131130808.00
20160411;39.41;41.50;39.06;40.36;3928011;157602240.00
20160412;40.12;40.85;39.01;39.62;2152243;85598608.00
20160413;39.80;40.90;39.51;40.46;3548076;143138432.00
20160414;40.67;40.67;39.60;39.87;2996484;119798896.00
20160415;39.05;39.39;38.42;38.71;3442253;133474952.00
20160418;38.60;39.07;38.57;38.71;2088239;80983416.00
20160419;38.83;39.15;38.44;38.77;1490107;57643476.00
20160420;38.98;38.98;35.51;36.16;2775951;102768760.00
20160421;36.09;36.19;35.60;35.62;1429104;51351148.00
20160422;35.41;36.27;35.21;36.20;1226909;43921916.00
20160425;36.00;36.38;35.50;36.10;1334404;48013552.00
20160426;36.11;36.65;35.70;36.62;1290271;46723184.00
20160427;36.64;37.27;36.51;37.15;1358985;50248064.00
20160428;37.03;37.78;36.05;37.62;1715833;63600872.00
20160429;37.25;38.28;37.25;37.78;1564435;59307632.00
20160503;37.52;38.50;37.35;38.47;1752092;66572780.00
20160504;38.41;38.56;38.16;38.29;1399160;53690360.00
20160505;38.28;38.28;37.55;37.89;1202499;45587936.00
20160506;37.92;38.15;36.30;36.52;1352803;50442668.00
20160509;36.52;36.52;34.34;34.46;1202040;42344312.00
20160510;34.47;35.00;34.47;34.80;696302;24181496.00
20160511;34.88;35.14;34.21;34.69;902625;31448300.00
20160512;34.31;34.75;33.92;34.61;662681;22797698.00
20160513;34.57;35.00;34.40;34.56;727617;25232868.00
20160516;34.56;35.30;34.19;35.14;681941;23766948.00
20160517;35.15;35.21;34.76;34.93;646105;22595172.00
20160518;34.72;34.93;33.20;33.36;910017;30845668.00
20160519;33.39;33.98;33.36;33.51;734347;24749704.00
20160520;33.20;33.92;33.05;33.89;747289;25043576.00
20160523;33.99;34.59;33.81;34.50;926465;31742668.00
20160524;34.30;34.43;33.70;33.97;589975;20107492.00
20160525;34.35;34.53;33.91;34.06;578165;19783004.00
20160526;34.00;34.16;33.25;34.06;976292;32929166.00
20160527;34.07;34.84;34.02;34.49;1234716;42577532.00
20160530;34.30;34.59;33.60;34.24;672044;22970992.00
20160531;34.00;35.79;34.00;35.74;1725771;60663296.00
20160601;35.75;36.30;35.50;35.70;1921997;68722632.00
20160602;35.51;36.15;35.49;36.03;1553748;55761668.00
20160603;36.20;37.06;35.93;36.80;2035859;74414240.00
20160606;36.61;37.80;36.61;37.03;1836381;68364728.00
20160607;37.04;37.51;36.48;37.45;1694650;62737840.00
20160608;37.18;37.55;36.65;37.49;1520982;56437292.00
20160613;36.70;37.35;34.91;35.08;1608243;58505816.00
20160614;34.95;35.47;34.51;34.87;1164198;40788216.00
20160615;34.61;36.33;34.60;36.26;1503349;53841848.00
20160616;36.20;36.48;35.90;36.36;1159620;42005100.00
20160617;36.29;37.34;36.28;37.08;1577696;58448612.00
20160620;37.15;37.82;36.52;37.65;1761663;65773352.00
20160621;37.84;37.89;36.60;36.80;1657991;61962328.00
20160622;36.57;39.10;36.57;38.87;3492061;133848712.00
20160623;38.55;39.60;38.31;39.24;2704904;105273808.00
20160624;38.78;39.20;37.38;38.70;1835694;70700120.00
20160627;40.71;42.56;40.07;41.75;3938351;162070032.00
20160628;45.00;45.78;44.20;44.81;6700267;301415296.00
20160629;44.30;48.58;44.05;47.45;5916815;274301248.00
20160630;47.20;47.87;46.03;47.40;4205690;197757712.00
