20140808;7.06;8.47;7.06;8.47;277900;2349301.00
20140811;9.32;9.32;9.32;9.32;110650;1031258.00
20140812;10.25;10.25;10.25;10.25;177937;1823854.00
20140813;11.28;11.28;11.28;11.28;948658;10700862.00
20140814;12.41;12.41;12.41;12.41;11200310;138995840.00
20140815;13.33;13.33;11.70;11.87;44299529;538565568.00
20140818;11.60;12.13;11.48;12.10;27090032;319648064.00
20140819;12.00;13.31;11.88;13.31;40389211;527052512.00
20140820;13.66;14.64;13.61;14.64;41063817;579064960.00
20140821;15.00;16.10;14.97;16.10;49077615;773183872.00
20140822;15.55;15.57;14.49;14.87;35097666;518566080.00
20140825;14.50;16.00;13.89;15.33;32285387;486181824.00
20140826;14.50;14.87;14.30;14.39;18186733;264189904.00
20140827;14.45;14.64;14.03;14.08;11447285;163038560.00
20140828;14.00;14.00;13.37;13.47;11335745;154178608.00
20140829;13.49;14.50;13.48;14.14;12893579;181332608.00
20140901;14.21;14.29;13.80;14.18;8504687;119300080.00
20140902;14.20;14.52;14.07;14.33;11343359;162440048.00
20140903;14.33;14.81;14.33;14.44;11692612;169818240.00
20140904;14.10;14.58;13.92;14.41;12780374;183238784.00
20140905;14.42;14.60;14.27;14.52;11123674;160807200.00
20140909;14.55;14.66;14.14;14.31;8873181;126847744.00
20140910;14.26;14.52;14.10;14.37;8567779;122989112.00
20140911;14.40;14.45;14.13;14.29;7758196;111019088.00
20140912;14.30;14.35;14.15;14.30;5249536;74689712.00
20140915;14.32;14.32;14.16;14.22;4440101;63117744.00
20140916;14.22;14.24;13.51;13.53;9498391;131643280.00
20140917;13.52;13.68;13.33;13.65;3564662;48278712.00
20140918;13.55;13.63;13.49;13.54;3025755;40914312.00
20140919;13.57;14.09;13.55;13.79;4624234;64051432.00
20140922;13.72;14.15;13.41;13.87;6971264;96090456.00
20140923;13.61;13.98;13.60;13.91;5061864;70072640.00
20140924;13.70;13.95;13.69;13.85;3821516;52840420.00
20140925;13.88;13.95;13.65;13.71;4042047;55673552.00
20140926;13.69;13.69;13.50;13.60;3406559;46243860.00
20140929;13.63;13.82;13.63;13.69;3133934;42982024.00
20140930;13.72;13.80;13.65;13.70;2715697;37199960.00
20141008;13.71;13.85;13.61;13.81;3117655;42796284.00
20141009;13.82;13.85;13.66;13.78;3498142;48072884.00
20141010;13.75;13.88;13.70;13.79;3895821;53788120.00
20141013;13.71;13.71;13.50;13.61;3316078;45037320.00
20141014;13.58;13.68;13.48;13.53;2377118;32242976.00
20141015;13.55;13.59;13.42;13.49;2292599;30887042.00
20141016;13.48;13.61;13.35;13.42;2542900;34338108.00
20141017;13.35;13.42;12.82;13.17;4450753;58529212.00
20141020;13.17;13.33;13.13;13.29;2286344;30298670.00
20141021;13.29;13.53;13.17;13.46;4360892;58457744.00
20141022;13.47;14.40;13.37;14.39;21091184;295814752.00
20141023;14.25;14.38;13.66;13.72;9964106;139542864.00
20141024;13.50;13.50;13.00;13.03;8385196;110371752.00
20141027;12.80;12.88;12.18;12.36;6271803;77886256.00
20141028;12.48;12.74;12.47;12.71;4098840;51613712.00
20141029;12.70;13.27;12.69;13.23;6807918;89075688.00
20141030;13.22;13.22;13.00;13.05;4520491;59129468.00
20141031;13.30;13.43;13.05;13.19;6153577;81148704.00
20141103;13.21;13.62;13.21;13.59;7092194;95639528.00
20141104;13.57;13.57;13.19;13.21;4703121;62677272.00
20141105;13.18;13.85;13.13;13.68;8767199;119477712.00
20141106;13.57;14.18;13.52;14.15;14083651;196973488.00
20141107;14.15;15.48;14.02;14.66;25426278;376388448.00
20141110;14.56;15.08;14.32;14.87;16500383;243110000.00
20141111;14.88;14.88;13.71;13.98;12257821;175271632.00
20141112;13.92;15.38;13.84;15.38;11024600;167176640.00
20141113;16.36;16.92;16.13;16.92;11689308;194079040.00
20141114;17.50;18.25;15.60;15.82;40854192;691152448.00
20141117;15.12;16.55;14.88;15.36;21388525;329360640.00
20141118;15.20;16.90;15.11;16.90;23577414;378649024.00
20141119;17.00;17.87;16.57;17.59;36603564;632597312.00
20141120;16.90;17.44;16.60;17.22;21964274;375584864.00
20141121;17.29;18.65;17.21;17.36;29599463;531800544.00
20141124;16.82;17.95;16.77;17.54;23610969;410054080.00
20141125;17.18;17.45;16.84;17.15;18954410;324175360.00
20141126;17.02;17.22;16.60;16.76;14113151;238459712.00
20141127;16.89;17.17;16.46;16.52;13508548;226546832.00
20141128;16.52;16.75;16.10;16.55;11514369;189133568.00
20141201;16.56;17.30;16.20;17.28;16390040;276565568.00
20141202;17.30;17.85;17.09;17.23;19565140;341385760.00
20141203;17.00;17.37;16.51;16.88;13003215;218460592.00
20141204;16.80;16.95;16.61;16.81;8510878;142805792.00
20141205;16.81;16.82;15.30;15.64;13271771;212225520.00
20141208;15.65;16.04;15.32;15.70;7962781;124874104.00
20141209;15.58;15.58;14.52;14.58;10878056;164020480.00
20141210;14.50;15.23;14.38;15.13;6187388;92262880.00
20141211;15.00;15.64;14.81;15.59;6886104;105861976.00
20141212;15.55;15.86;15.35;15.51;5276165;81975592.00
20141215;15.21;15.46;15.20;15.45;4271556;65516108.00
20141216;15.40;15.43;14.93;15.15;5066609;76859760.00
20141217;15.04;15.11;14.72;14.80;4262982;63388272.00
20141218;14.88;16.28;14.88;16.28;12629574;200498368.00
20141219;16.50;16.50;15.17;15.77;14110094;221930800.00
20141222;15.40;16.27;14.30;15.78;11458624;175164512.00
20141223;15.11;15.84;14.98;15.06;5769092;88565680.00
20141224;15.09;15.52;14.96;15.23;4419799;67042184.00
20141225;15.10;15.37;14.93;15.14;4708616;71116768.00
20141226;15.15;15.23;14.97;15.06;3433736;51647884.00
20141229;14.91;14.94;14.49;14.51;4808300;70233128.00
20141230;14.52;14.74;14.09;14.28;4110903;58914688.00
20141231;14.29;14.38;14.05;14.35;2343228;33317586.00
20150105;14.38;14.44;14.10;14.37;2658396;37927060.00
20150106;14.30;14.88;14.21;14.71;4353888;63506920.00
20150107;14.70;14.70;14.37;14.46;2938740;42534236.00
20150108;14.52;15.80;14.52;15.26;14445921;221190816.00
20150109;14.99;15.69;14.83;14.91;7377822;110945768.00
20150112;14.78;14.78;14.16;14.21;4714524;67632976.00
20150113;14.22;14.55;14.19;14.46;2382599;34200864.00
20150114;14.35;14.42;14.22;14.31;1892161;27026006.00
20150115;14.26;14.51;14.26;14.42;2064502;29713452.00
20150116;14.49;15.14;14.41;14.84;5425040;79984896.00
20150119;14.41;15.13;14.30;14.53;5701147;84128712.00
20150120;14.56;15.16;14.56;15.15;6865275;102783560.00
20150121;15.17;15.67;15.05;15.58;10416777;161540800.00
20150122;15.50;15.73;15.37;15.60;6514956;101293984.00
20150123;15.59;15.64;15.09;15.10;6624605;101061584.00
20150126;15.07;15.27;15.06;15.24;3042065;46163648.00
20150127;15.23;15.41;15.10;15.39;4812872;73647584.00
20150128;15.38;15.56;15.22;15.27;4141201;63760608.00
20150129;14.69;15.00;14.69;14.87;3610849;53725728.00
20150130;14.95;15.17;14.74;14.88;2501215;37376940.00
20150202;15.07;15.55;15.00;15.09;5869077;89581560.00
20150203;15.00;15.00;14.64;14.92;4087550;60505768.00
20150204;14.87;14.91;14.68;14.70;2581179;38082456.00
20150205;14.91;14.98;14.52;14.53;2520700;37116888.00
20150206;14.51;14.52;14.10;14.15;3014208;42970800.00
20150209;14.06;14.26;14.05;14.19;1297565;18406068.00
20150210;14.21;14.27;14.12;14.19;1344161;19061520.00
20150211;14.24;14.38;14.19;14.30;1252112;17885978.00
20150212;14.38;14.50;14.26;14.47;1448972;20927816.00
20150213;14.55;14.65;14.43;14.57;2214054;32224874.00
20150216;14.63;14.75;14.58;14.69;2214430;32520348.00
20150217;14.70;14.75;14.62;14.69;1796751;26386800.00
20150225;14.61;14.69;14.56;14.58;1602525;23428268.00
20150226;14.60;14.92;14.60;14.91;2839616;42025476.00
20150227;14.80;15.35;14.80;15.23;6350871;96199480.00
20150302;15.37;15.37;15.06;15.26;4587428;69668128.00
20150303;15.18;15.22;15.08;15.09;4363250;66072536.00
20150304;15.07;15.80;15.05;15.71;12151922;188852000.00
20150305;15.62;15.69;15.30;15.37;6139506;94587808.00
20150306;15.45;15.72;15.16;15.20;4475710;68860896.00
20150309;15.25;15.26;15.01;15.25;2609682;39569780.00
20150310;15.25;15.36;15.15;15.28;3561183;54314092.00
20150311;15.28;15.35;15.02;15.05;3503800;53037064.00
20150312;15.10;15.17;14.88;14.92;3680768;55222792.00
20150313;15.12;15.48;15.11;15.26;4651133;71116296.00
20150316;15.26;15.54;15.25;15.53;7093116;109440624.00
20150317;15.58;15.86;15.43;15.78;9854481;154648272.00
20150318;15.77;16.14;15.62;16.13;10907301;173282096.00
20150319;16.15;16.25;15.83;16.01;8754849;140019904.00
20150320;16.12;16.17;15.88;16.04;6816016;108908272.00
20150323;16.04;16.39;16.04;16.29;9121230;147664224.00
20150324;16.38;16.38;15.63;15.94;8641524;138051120.00
20150325;15.92;16.79;15.75;16.56;11917390;193762768.00
20150326;16.47;16.74;16.25;16.29;8396159;137626624.00
20150327;16.29;16.46;16.25;16.29;4819276;78716312.00
20150330;16.36;16.45;16.23;16.42;7749364;126494208.00
20150331;16.58;16.58;16.11;16.18;6704578;109328712.00
20150401;16.17;16.38;16.14;16.35;6198083;101090984.00
20150402;16.35;16.79;16.34;16.78;10867151;180653584.00
20150403;16.72;17.50;16.61;17.19;11541307;198119488.00
20150407;17.21;17.42;17.00;17.35;10390414;178992672.00
20150408;17.49;17.86;17.01;17.34;10278963;179411168.00
20150409;17.06;17.07;16.08;16.49;11493089;190130112.00
20150410;16.44;16.84;16.24;16.78;7390122;122922320.00
20150413;16.95;17.40;16.80;17.27;9702090;166813856.00
20150414;17.19;18.07;17.08;18.04;14699088;258306128.00
20150415;17.85;18.08;17.08;17.18;9806658;171766944.00
20150416;17.00;17.39;16.63;17.13;6626703;112546464.00
20150417;17.98;18.48;17.45;17.48;14150477;252076144.00
20150420;17.40;17.40;16.91;16.92;9041699;154990400.00
20150421;16.90;17.52;16.89;17.50;6358690;109779416.00
20150422;17.54;17.91;17.53;17.79;9634623;171014816.00
20150423;17.79;19.57;17.79;19.57;22097082;418829728.00
20150424;21.20;21.20;19.10;19.71;25984336;518508160.00
20150427;19.25;19.80;19.20;19.32;12566359;244007232.00
20150428;19.31;19.31;18.19;18.33;11488681;213368000.00
20150429;18.38;18.97;18.38;18.68;6959764;130101368.00
20150430;18.70;18.95;18.25;18.26;6795363;126491496.00
20150504;18.28;18.81;18.02;18.49;5786294;107122536.00
20150505;18.40;18.51;17.53;17.63;6608687;119153640.00
20150506;17.78;18.16;17.39;17.53;6527553;116318976.00
20150507;17.32;17.93;17.26;17.88;6951873;123138304.00
20150508;17.93;18.46;17.93;18.43;5198287;94661088.00
20150511;18.48;19.35;18.48;19.16;10204446;194552816.00
20150512;19.48;21.08;19.48;21.08;14598721;301928960.00
20150513;21.60;21.93;20.63;20.71;20876123;444117632.00
20150514;20.32;22.48;20.20;21.70;14025395;303414496.00
20150515;21.70;22.36;20.80;21.76;13665516;297814976.00
20150518;21.91;23.82;21.00;23.36;12747167;287422336.00
20150519;22.81;23.29;22.11;22.91;10390487;236104000.00
20150520;22.70;24.85;22.50;23.95;12204193;285107840.00
20150521;23.16;24.20;23.16;23.93;7618200;180437344.00
20150522;24.00;24.37;23.00;23.52;9065126;212534672.00
20150525;23.18;25.75;22.68;25.20;12673144;308735072.00
20150526;25.20;26.75;24.71;25.96;10568787;272254720.00
20150527;26.29;28.56;25.49;28.56;12347292;334581888.00
20150528;30.07;31.42;25.70;30.70;19228200;592829824.00
20150529;30.00;32.80;27.63;31.37;21099800;645527488.00
20150601;31.27;33.40;30.22;31.95;17776282;563614016.00
20150602;31.00;31.75;29.51;30.64;14647038;447362912.00
20150603;30.13;30.30;29.10;29.20;11506969;339200832.00
20150604;29.10;30.00;26.28;28.03;15093771;419626976.00
20150605;28.20;29.48;27.50;28.30;11955006;338402368.00
20150608;28.10;28.11;26.48;26.80;9843315;265066416.00
20150609;26.86;27.65;26.78;27.34;7584179;206786720.00
20150610;27.35;29.58;27.02;28.66;13036392;372078848.00
20150611;28.66;29.13;27.88;28.81;10459590;297876064.00
20150612;28.99;29.20;28.28;28.29;8307770;237283712.00
20150615;28.10;28.63;27.55;27.64;6952604;193920592.00
20150616;27.15;27.15;25.50;25.79;6103826;160511824.00
20150617;25.81;26.42;24.30;26.36;5592406;143128320.00
20150618;26.26;26.28;24.50;24.58;4534522;115492128.00
20150619;23.50;24.49;22.12;22.12;4920749;114551552.00
20150623;22.15;23.00;20.00;22.99;6623907;145888512.00
20150624;23.20;24.47;23.03;23.49;6963703;164679776.00
20150625;23.55;23.76;21.41;22.00;6530139;149797216.00
20150626;21.59;21.59;19.80;19.80;5807691;118052248.00
20150629;20.50;20.78;17.82;17.85;6481095;122655784.00
20150630;17.85;19.54;16.50;19.24;10798544;197383856.00
20150701;18.95;20.45;18.13;18.53;9407233;184341728.00
20150702;18.53;19.98;17.61;19.40;12260136;232664928.00
20150703;19.30;20.53;17.61;19.77;12708175;246273936.00
20150706;21.75;21.75;18.88;19.91;17881711;369573120.00
20150707;18.00;19.00;17.92;17.92;7116149;129297152.00
20150713;19.71;19.71;19.71;19.71;655674;12923335.00
20150714;21.68;21.68;21.03;21.68;8305795;179788240.00
20150715;21.98;21.98;19.51;19.51;9941973;201158224.00
20150716;17.85;19.95;17.56;18.93;11816341;221059856.00
20150717;19.20;20.82;18.70;20.82;14305588;291810848.00
20150720;21.50;22.90;21.05;22.26;19049381;422867712.00
20150721;22.28;24.49;21.10;24.49;19249406;450190496.00
20150722;25.20;26.00;23.08;24.43;22141944;546906432.00
20150723;24.40;25.20;23.60;24.68;15808463;386188608.00
20150724;24.68;24.68;23.18;23.48;11513078;277474816.00
20150727;22.88;24.10;21.13;21.13;12317500;283227328.00
20150728;19.14;21.98;19.02;20.10;11594440;234331840.00
20150729;20.65;21.80;19.05;21.41;10204210;205877872.00
20150730;21.00;22.90;20.22;20.85;10734990;235354816.00
20150731;20.07;21.20;19.50;20.08;7124963;144163712.00
20150803;19.60;20.28;18.07;18.31;7151227;136043584.00
20150804;18.08;19.75;18.08;19.70;6996706;132942288.00
20150805;19.49;19.95;19.10;19.17;7823295;152633136.00
20150806;18.75;19.01;18.40;18.78;3838013;72031960.00
20150807;18.79;19.68;18.79;19.56;5305832;102923776.00
20150810;19.66;21.22;19.66;20.92;7822628;159364176.00
20150811;20.78;21.62;20.62;21.08;8311704;175704320.00
20150812;21.33;21.33;20.58;20.59;6753683;141611360.00
20150813;20.20;21.00;19.92;20.92;6244576;127570960.00
20150814;21.00;21.29;20.80;21.01;7311374;153536656.00
20150817;21.00;21.70;20.36;21.64;8008779;168735696.00
20150818;21.65;21.82;19.48;19.48;10288219;214450352.00
20150819;18.80;20.25;17.65;19.76;6446140;122934672.00
20150820;19.80;19.80;18.49;18.64;4250636;81726696.00
20150821;18.35;19.03;17.61;17.69;4996657;91400472.00
20150824;16.90;17.00;15.92;15.92;3519555;56699676.00
20150825;14.33;14.80;14.33;14.33;3751589;53926508.00
20150826;14.45;15.09;12.90;14.09;8315920;118546192.00
20150827;14.30;15.00;13.80;14.81;4372037;63185716.00
20150828;15.00;15.92;14.69;15.73;5897378;89359584.00
20150831;15.50;15.50;14.75;14.79;4048335;60813576.00
20150901;14.78;14.79;13.36;13.38;3394642;46672848.00
20150902;12.78;13.99;12.40;12.85;3341145;43728200.00
20150907;13.10;13.75;13.10;13.29;2618075;35129788.00
20150908;13.01;14.04;12.99;13.97;3385932;45866212.00
20150909;14.08;14.77;13.98;14.74;5191361;74978400.00
20150910;14.35;14.99;14.31;14.37;4389702;64186560.00
20150911;14.38;14.60;14.27;14.52;2842720;41066944.00
20150914;14.77;14.93;13.11;13.44;4402389;61275776.00
20150915;13.06;13.78;13.01;13.22;3659478;48964360.00
20150916;13.50;14.54;13.37;14.54;3810817;53244432.00
20150917;14.66;15.20;14.40;14.51;6108182;90135952.00
20150918;9.87;10.19;9.68;9.79;4185698;41607292.00
20150921;9.41;9.98;9.18;9.92;8766377;84141320.00
20150922;9.97;10.41;9.77;10.19;9224098;93685640.00
20150923;10.00;10.18;9.78;9.85;5587528;55514320.00
20150924;9.72;10.05;9.72;9.98;3768295;37491232.00
20150925;9.97;10.01;9.35;9.43;4014903;38733848.00
20150928;9.57;9.73;9.37;9.64;2112773;20153184.00
20150929;9.45;9.76;9.36;9.59;2920368;28035596.00
20150930;9.59;9.72;9.48;9.56;2093018;20075542.00
20151008;9.89;9.99;9.78;9.97;4381713;43474644.00
20151009;9.90;10.16;9.85;10.10;5232883;52406280.00
20151012;10.20;11.11;10.13;11.11;9400856;101263048.00
20151013;11.11;11.45;10.90;11.26;11235894;125775456.00
20151014;11.31;11.60;10.90;10.99;7414257;83240272.00
20151015;10.99;11.27;10.91;11.26;6399170;71184680.00
20151016;11.20;11.50;11.05;11.30;7719404;86695688.00
20151019;11.32;11.70;11.25;11.53;9397151;107791888.00
20151020;11.40;11.65;11.20;11.64;7869168;89843856.00
20151021;11.67;11.67;10.48;10.50;9361716;103736160.00
20151022;10.52;10.86;10.10;10.78;6695981;70698264.00
20151023;10.85;11.09;10.65;11.02;6708539;72679904.00
20151026;11.24;11.57;11.10;11.43;9535516;108270408.00
20151027;11.36;11.59;10.99;11.57;8233450;93042768.00
20151028;11.52;11.66;11.01;11.13;7061454;80267752.00
20151029;11.15;11.34;11.11;11.24;4337403;48743576.00
20151030;11.30;11.98;11.26;11.65;13089404;153659536.00
20151102;11.42;11.95;11.40;11.54;10557552;123355176.00
20151103;11.95;12.69;11.69;12.69;13303197;166136624.00
20151104;13.10;13.96;12.42;13.96;32760672;425861856.00
20151105;13.67;14.05;13.33;13.46;28244507;385532800.00
20151106;13.32;13.70;13.23;13.49;16815078;227004528.00
20151109;13.22;13.56;12.82;13.36;14324596;189263680.00
20151110;13.34;13.70;13.18;13.40;12016176;161411168.00
20151111;13.23;13.80;13.10;13.77;16058553;217516448.00
20151112;13.70;14.44;13.40;14.13;17718287;246542048.00
20151113;13.90;13.95;13.30;13.38;10870264;147629440.00
20151116;13.00;13.45;12.91;13.45;6039626;79721776.00
20151117;13.45;14.07;13.41;13.65;12980819;177929744.00
20151118;13.47;13.68;13.09;13.12;7214110;96345336.00
20151119;13.19;13.45;13.12;13.41;5467582;72634448.00
20151120;13.50;13.61;13.35;13.48;7145607;96353744.00
20151123;13.46;14.15;13.42;13.87;14434960;199875648.00
20151124;13.70;14.62;13.60;14.60;19248764;274110048.00
20151125;14.55;14.56;14.16;14.37;14651507;209637696.00
20151126;14.38;14.50;14.00;14.01;11821550;167850240.00
20151127;14.05;14.08;12.61;12.78;12566652;167469504.00
20151130;12.78;13.05;11.81;12.89;7922904;100156448.00
20151201;12.75;12.98;12.61;12.86;5215068;66808628.00
20151202;13.00;13.13;12.35;13.04;5596796;71809568.00
20151203;13.04;13.29;13.01;13.24;5417358;71352624.00
20151204;13.28;13.97;13.24;13.81;13574475;184847056.00
20151207;13.79;13.98;13.63;13.85;8818706;121877320.00
20151208;13.74;13.74;13.01;13.06;7572954;100900984.00
20151209;12.88;13.05;12.52;12.75;4984636;63739748.00
20151210;12.75;12.92;12.62;12.70;3393115;43435464.00
20151211;12.78;12.89;12.62;12.83;2874697;36706092.00
20151214;12.70;13.07;12.61;13.05;3843538;49174232.00
20151215;13.00;13.15;13.00;13.07;3260531;42577592.00
20151216;13.11;13.38;13.10;13.17;4659846;61763020.00
20151217;13.30;13.52;13.25;13.50;6561279;87918352.00
20151218;13.50;13.69;13.22;13.30;5960002;80084096.00
20151221;13.23;13.49;13.11;13.42;5611576;74829712.00
20151222;13.45;14.13;13.45;14.02;13394318;185218352.00
20151223;13.97;14.10;13.62;13.96;12650347;175142960.00
20151224;14.02;14.50;14.02;14.35;20147359;287100960.00
20151225;14.45;14.49;14.05;14.24;8854071;125616432.00
20151228;14.26;14.45;13.56;13.59;11094723;154645696.00
20151230;14.18;14.18;13.72;13.84;6635883;92280480.00
20151231;13.70;13.82;13.48;13.57;5007497;68243512.00
20160104;13.50;13.61;12.23;12.26;4291526;55614836.00
20160105;11.81;12.47;11.42;12.07;6157907;73714288.00
20160106;12.00;12.41;12.00;12.40;4268819;52168300.00
20160107;12.14;12.14;11.16;11.18;1262100;14638270.00
20160108;11.30;11.80;10.38;11.33;4773512;53774688.00
20160111;11.10;11.66;10.40;10.55;5934780;65530560.00
20160112;10.75;10.93;10.16;10.51;4047335;42501408.00
20160113;10.57;10.69;10.10;10.11;3357881;34943956.00
20160114;9.91;10.45;9.80;10.39;3411871;34635340.00
20160115;10.36;10.40;9.81;9.87;3759788;37974088.00
20160118;9.60;10.40;9.60;10.28;4214912;42817424.00
20160119;10.28;10.63;10.10;10.62;3567570;37194232.00
20160120;10.60;10.69;10.30;10.49;2765905;29161784.00
20160121;10.20;10.59;10.07;10.08;2791774;28799694.00
20160122;10.22;10.38;10.06;10.27;2070600;21127664.00
20160125;10.36;10.65;10.35;10.57;3036307;31851554.00
20160126;10.46;10.46;9.70;9.82;2913049;29521898.00
20160127;9.95;10.12;9.32;10.08;3187158;31148100.00
20160128;10.08;10.38;9.89;9.92;3081950;31300740.00
20160129;9.85;10.33;9.70;10.25;3108336;31303256.00
20160201;10.30;10.35;9.98;10.20;2543288;25864894.00
20160202;10.25;10.45;10.16;10.43;3570376;37031760.00
20160203;10.30;10.36;10.10;10.32;2383971;24383100.00
20160204;10.36;10.60;10.32;10.57;4317584;45137756.00
20160205;10.50;10.60;10.36;10.39;2422414;25335324.00
20160215;10.00;10.20;9.89;10.09;3021459;30432734.00
20160216;10.12;10.55;10.12;10.51;3904576;40531436.00
20160217;10.45;10.89;10.41;10.77;5363424;56951380.00
20160218;10.80;10.85;10.62;10.65;4103075;43886728.00
20160219;10.66;10.88;10.60;10.80;4059131;43714440.00
20160222;10.92;11.05;10.77;10.97;5955683;64943444.00
20160223;10.98;11.04;10.60;10.83;4555809;49275824.00
20160224;10.80;10.91;10.62;10.90;3868936;41710656.00
20160225;10.90;11.05;9.81;9.91;6473814;67625040.00
20160226;9.91;10.20;9.71;9.88;4084129;40310940.00
20160229;9.89;9.89;8.92;9.13;3375532;31274532.00
20160301;9.20;9.41;9.13;9.36;2924391;27137814.00
20160302;9.31;9.98;9.31;9.90;4590335;44430532.00
20160303;9.90;10.27;9.73;9.98;5309990;52882904.00
20160304;9.93;10.39;9.65;10.12;6303352;62998868.00
20160307;10.15;10.37;10.04;10.31;4911169;50282296.00
20160308;10.19;10.20;9.60;10.13;3545749;35224860.00
20160309;10.00;10.00;9.71;9.77;2502817;24587524.00
20160310;9.75;9.87;9.51;9.55;2189072;21223780.00
20160311;9.50;9.58;9.39;9.54;1504212;14283944.00
20160314;9.63;9.90;9.61;9.85;2587702;25373990.00
20160315;9.88;9.88;9.67;9.73;1866466;18217528.00
20160316;9.75;9.83;9.60;9.61;1620537;15683842.00
20160317;9.62;9.92;9.62;9.89;3040838;29801878.00
20160318;9.91;10.28;9.84;10.18;5091602;51397684.00
20160321;10.36;10.47;10.22;10.44;5759931;59612492.00
20160322;10.42;11.48;10.30;11.48;15688153;174326256.00
20160323;11.73;12.29;11.60;12.09;20661360;245615184.00
20160324;11.97;12.45;11.58;11.97;15592193;189171696.00
20160325;11.82;12.35;11.82;12.12;8790167;106513928.00
20160328;12.01;12.50;12.00;12.22;10261207;125843728.00
20160329;12.04;12.15;11.60;11.73;7731372;91753984.00
20160330;11.90;12.55;11.75;12.42;9818550;120130232.00
20160331;12.70;12.97;12.30;12.49;8797158;111295528.00
20160401;12.30;13.28;12.18;13.14;11279741;144087808.00
20160405;13.00;14.40;12.86;14.22;16078967;224370352.00
20160406;14.19;14.20;13.75;13.87;8683750;120856664.00
20160407;14.06;14.06;13.50;13.61;6363562;87637536.00
20160408;13.40;13.50;12.66;13.38;9096287;119050272.00
20160411;13.30;13.65;13.18;13.38;5608315;75304496.00
20160412;13.44;13.44;12.73;13.01;4769375;61958220.00
20160413;13.00;13.31;12.93;13.03;5844404;76689904.00
20160414;13.04;13.23;12.95;13.21;3400602;44579584.00
20160415;13.27;13.27;13.00;13.17;2706987;35502900.00
20160418;13.12;13.46;12.77;13.35;4904724;65130132.00
20160419;13.46;13.47;13.06;13.26;2742274;36393176.00
20160420;13.47;13.47;12.02;12.28;5717935;72272080.00
20160421;12.32;12.38;12.02;12.08;3777871;45844980.00
20160422;12.01;12.28;11.80;12.20;2169182;26119500.00
20160425;12.20;12.28;11.92;12.13;2111380;25553204.00
20160426;12.15;12.22;11.96;12.16;2469973;29841962.00
20160427;12.18;12.25;11.88;11.90;3322132;40016488.00
20160428;11.98;11.99;11.31;11.62;3914134;45590444.00
20160429;11.60;11.97;11.50;11.82;3679313;43331964.00
20160503;11.60;13.00;11.60;13.00;8483264;108105920.00
20160504;13.05;14.26;13.05;13.69;17437279;239559104.00
20160505;14.19;14.19;13.62;13.84;7261657;100323968.00
20160506;13.99;13.99;13.15;13.37;7447261;100051032.00
20160509;13.09;13.89;13.09;13.52;8487309;114936096.00
20160510;13.43;14.87;13.30;14.87;16585925;238333920.00
20160511;14.87;16.20;14.58;15.68;17888972;278507616.00
20160512;15.57;16.27;14.56;15.86;12786350;198903392.00
20160513;15.41;16.50;15.10;15.53;11932750;189669792.00
20160516;15.40;17.08;15.40;17.08;16407430;270503488.00
20160517;17.07;17.66;16.25;16.48;16065834;272273664.00
20160518;16.00;16.10;15.36;15.91;7486836;118112104.00
20160519;15.94;16.70;15.68;16.65;9652445;154747360.00
20160520;16.15;16.57;15.99;16.25;7860711;127189744.00
20160523;15.53;16.21;14.90;15.70;11014671;171663776.00
20160524;15.88;15.90;15.15;15.45;7499456;116214760.00
20160525;15.55;15.79;15.30;15.50;6850235;106693536.00
20160526;15.72;15.73;14.10;14.91;9588390;140582880.00
20160527;14.98;16.16;14.30;15.86;11482270;178081680.00
20160530;15.80;15.80;14.82;15.10;8475259;130073752.00
20160531;15.00;15.80;15.00;15.38;10986470;169289280.00
20160601;15.53;16.92;15.39;16.30;27149915;443147392.00
20160602;16.29;16.34;15.88;16.09;13924699;223621728.00
20160603;16.10;16.18;15.70;15.76;11490479;182298432.00
20160606;15.70;15.70;15.26;15.60;7780000;120819552.00
20160607;15.59;16.39;15.50;16.34;13338489;213657056.00
20160608;16.30;16.32;15.38;15.56;9838542;154327776.00
20160613;15.17;15.17;14.21;14.25;8479256;125529712.00
20160614;14.20;15.30;14.20;15.02;10230379;152911280.00
20160615;14.90;16.22;14.70;15.60;9977399;157995584.00
20160616;15.60;16.26;15.58;16.15;9270050;149036208.00
20160617;16.16;16.33;15.80;16.28;7236491;116271496.00
20160620;16.08;17.10;16.01;16.89;11519056;192108896.00
20160621;17.02;17.58;16.00;16.63;8963571;154284272.00
20160622;16.63;17.44;16.63;17.07;5518504;94081768.00
20160623;16.83;16.99;16.32;16.59;6094323;101272616.00
20160624;16.45;16.65;15.55;16.15;4510753;72845672.00
20160627;16.18;16.43;15.85;16.38;3754997;61025924.00
20160628;16.38;16.38;15.81;16.00;6563531;104942072.00
20160629;16.00;16.16;15.57;15.89;7685116;121845224.00
20160630;16.00;16.00;15.65;15.83;5109863;80551928.00
