20151231;27.33;27.33;27.33;27.33;13700;374421.00
20160104;30.06;30.06;30.06;30.06;6400;192384.00
20160105;33.07;33.07;33.07;33.07;4800;158736.00
20160106;36.38;36.38;36.38;36.38;4600;167348.00
20160107;40.02;40.02;40.02;40.02;13200;528264.00
20160108;44.02;44.02;44.02;44.02;17000;748340.00
20160111;48.42;48.42;48.42;48.42;28300;1370286.00
20160112;53.26;53.26;53.26;53.26;32400;1725624.00
20160113;58.59;58.59;58.59;58.59;83200;4874688.00
20160114;64.45;64.45;64.45;64.45;1937065;124843840.00
20160115;68.00;70.90;66.70;70.13;13302992;927604864.00
20160118;63.12;65.18;63.12;63.12;6921260;438323584.00
20160119;59.50;63.79;58.66;61.29;8224990;500838144.00
20160120;60.50;62.47;57.50;57.84;6669814;398462080.00
20160121;58.00;58.47;52.06;52.06;6216574;340537472.00
20160122;52.12;54.00;49.85;52.57;5178478;269257056.00
20160125;52.80;53.48;51.03;52.31;3672720;191550592.00
20160126;51.23;51.58;47.08;47.08;4367729;212750416.00
20160127;46.18;49.95;45.07;48.77;4651808;220524592.00
20160128;47.56;48.08;44.00;44.16;3647178;168308288.00
20160129;44.02;47.25;44.02;46.21;3595698;165832720.00
20160201;46.00;48.45;45.20;46.95;3707577;173910976.00
20160202;46.50;48.55;46.27;47.86;3387831;162091824.00
20160203;47.00;47.72;46.32;47.32;2503933;117568928.00
20160204;47.73;51.00;47.59;49.89;3784909;187918688.00
20160205;50.01;50.55;48.20;48.30;2604020;128009968.00
20160215;45.80;47.90;45.51;47.00;2002917;93025856.00
20160216;47.78;49.40;47.25;49.01;2547408;124131224.00
20160217;49.10;51.58;49.10;50.70;3462675;175037952.00
20160218;50.84;52.50;50.01;51.39;3689909;188429296.00
20160219;50.55;51.49;50.18;50.85;2251395;114262752.00
20160222;52.41;55.00;51.87;53.19;3760734;200541184.00
20160223;52.73;55.46;52.73;54.87;3601673;194317632.00
20160224;54.62;56.00;51.01;52.85;3545536;189157104.00
20160225;52.28;52.50;47.57;47.58;3246658;160989776.00
20160226;48.19;48.98;46.30;47.41;1958490;93583640.00
20160229;46.94;46.95;42.67;42.67;2133910;93246760.00
20160301;42.50;44.70;41.02;44.22;2099725;90644632.00
20160302;43.50;46.89;43.50;46.84;2492494;113063544.00
20160303;46.84;48.30;46.15;46.65;2417442;114398976.00
20160304;46.46;46.94;43.43;43.61;2409509;108499232.00
20160307;44.50;45.90;44.05;44.66;1703458;76599496.00
20160308;44.00;44.48;41.60;44.41;1611805;69616576.00
20160309;42.77;45.85;42.70;45.28;2203892;99063280.00
20160310;45.28;45.58;43.50;43.87;1310655;58315864.00
20160311;43.24;44.38;42.82;43.91;1109000;48350384.00
20160314;44.53;46.80;44.53;45.80;2131731;97905528.00
20160315;45.79;47.10;45.52;45.75;1716330;79459840.00
20160316;46.20;46.90;44.02;44.56;1488722;67325536.00
20160317;44.60;47.29;44.60;47.21;2269167;104551304.00
20160318;47.21;49.39;46.87;48.77;2701533;130413896.00
20160321;49.58;49.88;48.70;49.82;2306887;113752864.00
20160322;49.38;50.87;48.88;49.37;1637183;81727536.00
20160323;49.36;51.55;49.01;51.17;2184673;110063184.00
20160324;50.90;52.49;50.33;50.67;2772265;142458704.00
20160325;50.61;51.42;49.03;49.56;1996073;99819720.00
20160328;50.00;52.02;49.97;50.07;2275204;115890992.00
20160329;49.80;51.08;49.15;50.59;1813016;90805512.00
20160330;51.28;52.36;50.52;52.24;2931497;150868016.00
20160331;52.00;53.78;51.81;52.67;2942668;154917920.00
20160401;52.23;52.47;51.12;52.31;2071954;107314704.00
20160405;52.09;54.69;52.09;54.50;2477326;133812592.00
20160406;54.01;57.84;54.01;57.77;2729023;152239680.00
20160407;57.95;58.79;55.55;56.66;3542902;202719680.00
20160411;62.33;62.33;61.80;62.33;3131342;195150112.00
20160412;63.70;67.87;61.71;62.38;7493504;483400800.00
20160413;62.75;66.77;62.00;64.32;5027069;322083872.00
20160414;64.25;70.75;64.25;70.75;4237311;289593088.00
20160415;74.02;74.48;69.00;70.96;5867722;421619360.00
20160418;68.88;70.25;67.63;69.42;2402983;165841648.00
20160419;70.25;74.47;70.02;71.92;3478108;251220288.00
20160420;71.20;72.12;64.73;64.96;5125948;343369632.00
20160421;63.50;66.37;61.26;61.93;3616061;233408400.00
20160422;62.00;65.06;61.92;64.93;2540093;161607520.00
20160425;64.28;65.04;62.50;64.84;1917468;122395832.00
20160426;64.25;65.37;62.70;64.71;2361288;150766912.00
20160427;64.57;66.99;64.22;64.84;2774794;182442656.00
20160428;64.32;65.86;62.65;65.57;1937932;123957976.00
20160429;65.69;68.19;65.08;66.45;2689852;180145616.00
20160503;67.30;69.16;65.70;69.09;3050802;206323584.00
20160504;69.00;71.23;68.13;69.99;2928667;203094848.00
20160505;69.10;71.00;68.91;70.96;2600003;182077200.00
20160506;71.90;75.19;69.55;69.60;4872416;353696000.00
20160509;68.56;68.58;65.20;67.10;2772551;186082016.00
20160510;67.69;68.48;63.80;64.68;2470202;163810672.00
20160511;66.40;67.60;63.89;64.21;2666143;176185664.00
20160512;61.00;62.48;58.01;61.51;2789155;169281408.00
20160513;61.52;63.85;61.52;62.59;1744262;109789824.00
20160516;62.51;65.60;62.51;65.36;2957437;188491360.00
20160517;26.86;28.67;26.11;28.18;6984581;194477936.00
20160518;25.90;25.96;25.36;25.36;6442066;164047536.00
20160519;24.32;25.30;23.93;24.15;8147688;199360688.00
20160520;24.14;24.14;23.00;23.88;6438825;151213328.00
20160523;23.94;24.65;23.81;24.29;5645599;136945264.00
20160524;24.26;24.28;23.07;23.33;5400786;126542856.00
20160525;23.50;23.71;22.70;23.10;5642868;131083968.00
20160526;23.10;25.41;23.05;25.41;10467270;253484992.00
20160527;25.80;26.50;25.00;25.14;12508933;321684192.00
20160530;24.30;24.68;23.60;23.92;6484637;156572016.00
20160531;24.00;25.25;24.00;25.06;6546243;162011088.00
20160601;25.15;25.92;24.80;25.53;9232414;234243184.00
20160602;25.22;26.72;25.03;26.50;10102429;260695488.00
20160603;26.80;28.25;26.50;27.15;12798569;351607776.00
20160606;27.00;27.02;26.22;26.60;7201293;191351328.00
20160607;26.78;27.80;26.24;27.32;7582911;204917408.00
20160608;27.10;27.10;26.29;26.51;5941397;157836928.00
20160613;25.89;25.89;24.00;24.03;6098844;153652784.00
20160614;23.80;24.60;23.71;24.40;3686899;89207792.00
20160615;24.20;25.78;23.91;25.20;4743273;118690368.00
20160616;25.11;25.49;24.38;24.50;4461057;111033776.00
20160617;24.75;25.28;24.40;24.90;3713142;92123976.00
20160620;24.67;25.48;23.90;25.26;5327378;131995720.00
20160621;25.29;25.42;24.02;24.34;5081153;126254752.00
20160622;24.15;24.76;24.00;24.71;3427563;83733368.00
20160623;24.30;24.70;24.15;24.38;2989857;72819208.00
20160624;24.36;25.04;23.56;24.72;5991416;147474000.00
20160627;24.49;25.77;24.32;25.75;6320444;158728112.00
20160628;25.48;25.88;25.15;25.65;5830332;148804128.00
20160629;25.75;26.97;25.61;26.79;9742565;257149296.00
20160630;26.02;26.50;25.77;25.99;6685399;174022176.00
