20160603;22.95;22.95;22.95;22.95;15500;355725.00
20160606;25.25;25.25;25.25;25.25;2200;55550.00
20160607;27.78;27.78;27.78;27.78;3500;97230.00
20160608;30.56;30.56;30.56;30.56;15875;485140.00
20160613;33.62;33.62;33.62;33.62;34627;1164160.00
20160614;36.98;36.98;36.98;36.98;62734;2319903.00
20160615;40.68;40.68;40.68;40.68;28650;1165482.00
20160616;44.75;44.75;44.75;44.75;25715;1150746.00
20160617;49.23;49.23;49.23;49.23;108613;5347018.00
20160620;54.15;54.15;54.15;54.15;133201;7212834.00
20160621;59.57;59.57;59.57;59.57;99879;5949792.00
20160622;65.53;65.53;65.53;65.53;115233;7551218.00
20160623;72.08;72.08;72.08;72.08;241301;17392976.00
20160624;79.29;79.29;79.29;79.29;201369;15966548.00
20160627;87.22;87.22;87.22;87.22;1073711;93649072.00
20160628;95.94;95.94;95.94;95.94;263118;25243540.00
20160629;105.53;105.53;105.53;105.53;174855;18452448.00
20160630;111.00;116.08;106.00;116.08;17990975;2033828992.00
