20151209;11.61;11.61;11.61;11.61;22600;262386.00
20151210;12.77;12.77;12.77;12.77;6000;76620.00
20151211;14.05;14.05;14.05;14.05;9315;130876.00
20151214;15.46;15.46;15.46;15.46;13700;211802.00
20151215;17.01;17.01;17.01;17.01;10700;182007.00
20151216;18.71;18.71;18.71;18.71;36200;677302.00
20151217;20.58;20.58;20.58;20.58;47100;969318.00
20151218;22.64;22.64;22.64;22.64;36300;821832.00
20151221;24.90;24.90;24.90;24.90;102200;2544780.00
20151222;27.39;27.39;27.39;27.39;97200;2662308.00
20151223;30.13;30.13;30.13;30.13;214500;6462885.00
20151224;33.14;33.14;33.14;33.14;274216;9087518.00
20151225;36.45;36.45;36.45;36.45;174633;6365373.00
20151228;40.10;40.10;40.10;40.10;384552;15420535.00
20151229;44.11;44.11;44.11;44.11;306317;13511643.00
20151230;48.52;48.52;48.52;48.52;374261;18159144.00
20151231;53.37;53.37;46.01;51.28;30219174;1541974400.00
20160104;47.57;56.41;47.57;52.65;23532990;1246632576.00
20160105;49.90;57.92;49.90;57.92;22737468;1278850432.00
20160106;61.00;63.71;60.01;63.71;6706135;420457184.00
20160107;70.00;70.08;65.03;66.35;15493498;1074495104.00
20160108;69.68;72.99;60.51;67.19;30486036;2084365440.00
20160111;60.47;60.47;60.47;60.47;2664600;161128368.00
20160112;54.42;58.00;54.42;54.42;19928005;1097723648.00
20160113;53.39;53.39;48.98;48.98;20057016;1008412800.00
20160114;46.32;50.99;46.31;49.34;15550725;759311872.00
20160115;48.66;49.16;44.41;44.41;13612785;619914112.00
20160118;40.48;44.90;40.11;41.92;15056373;633850944.00
20160119;42.90;46.11;42.35;46.11;18173443;823197440.00
20160120;46.00;46.33;41.90;42.96;18360423;813976448.00
20160121;42.50;42.88;38.66;38.66;12797057;519892192.00
20160122;39.55;42.53;38.70;42.53;16952545;704532480.00
20160125;43.80;44.44;41.50;43.40;17792252;764456640.00
20160126;41.70;42.12;39.06;39.06;13476753;537140096.00
20160127;39.40;42.29;37.81;41.21;14864457;595977920.00
20160128;39.65;39.98;37.09;37.18;12187047;466230048.00
20160129;36.98;39.60;36.63;38.34;10916463;420604384.00
20160201;37.93;39.39;36.51;37.97;8633846;329212224.00
20160202;37.98;40.25;37.80;39.33;9792072;384576448.00
20160203;38.22;39.05;37.40;38.76;7044439;269123776.00
20160204;38.70;42.64;38.70;42.64;8778795;367613664.00
20160205;43.40;43.40;40.02;40.42;11429437;474029760.00
20160215;37.31;39.96;37.31;39.24;6396350;246476784.00
20160216;39.67;41.63;39.30;40.94;8692696;354823232.00
20160217;40.97;45.03;40.17;43.84;15821723;689918400.00
20160218;43.83;45.72;42.45;44.39;15285199;671039680.00
20160219;43.50;44.70;43.01;43.89;8757367;383331840.00
20160222;44.83;47.50;44.36;45.97;11218226;512420608.00
20160223;45.58;47.23;45.11;46.66;10824438;498076480.00
20160224;45.90;46.07;42.50;43.73;10946430;483547968.00
20160225;43.40;43.40;39.36;39.36;8171985;333887136.00
20160226;39.01;39.68;36.81;37.74;7056562;269359296.00
20160229;37.08;37.49;33.97;33.97;5298927;182709376.00
20160301;33.51;35.50;32.00;34.64;7136692;241633152.00
20160302;34.00;36.26;33.80;36.11;7255241;256250512.00
20160303;35.80;37.60;35.02;35.09;7746915;281525152.00
20160304;34.21;36.01;32.03;32.24;6964784;234632224.00
20160307;33.00;34.37;32.53;33.47;4937769;164802848.00
20160308;33.04;33.40;30.80;33.10;5269930;170162368.00
20160309;32.05;35.71;32.00;34.00;7984371;270027904.00
20160310;33.45;34.80;33.00;33.41;5924087;200772736.00
20160311;32.25;33.87;31.51;33.33;4388864;144898256.00
20160314;34.27;35.50;33.90;34.65;6949540;241838464.00
20160315;34.18;34.89;33.55;33.61;4937735;168681504.00
20160316;34.43;34.88;33.07;33.58;5374214;183123424.00
20160317;33.80;35.16;33.02;34.99;8537188;293569600.00
20160318;35.20;37.58;34.90;37.34;10267751;372911936.00
20160321;37.80;38.50;37.00;38.31;9331959;352426528.00
20160322;37.50;39.00;37.22;38.03;8309060;318441184.00
20160323;37.70;39.75;37.36;39.03;8566624;330040256.00
20160324;38.10;38.98;37.38;37.44;7113101;270887232.00
20160325;37.01;37.60;36.10;36.87;5207602;191617024.00
20160328;37.06;37.76;36.10;36.22;4753430;176329824.00
20160329;36.22;36.37;33.81;34.39;6009942;209096320.00
20160330;34.99;35.97;34.52;35.92;5341932;188216528.00
20160331;36.01;36.93;35.85;36.08;5268202;191359680.00
20160401;35.50;35.87;34.76;35.18;4245190;149016624.00
20160405;35.50;37.43;35.18;37.37;6453926;234651440.00
20160406;37.00;37.20;36.33;36.94;5964131;219722464.00
20160407;37.21;38.28;36.52;36.76;8307677;310305952.00
20160408;36.01;36.20;35.00;35.90;5455211;194162432.00
20160411;35.98;37.89;35.98;37.68;7504251;279790272.00
20160412;37.66;38.72;37.30;37.94;9720014;369692960.00
20160413;38.06;40.96;37.70;39.99;11991667;468951040.00
20160414;39.94;43.68;39.29;42.72;13836354;567354176.00
20160415;42.00;42.98;41.00;41.19;10058031;419662400.00
20160418;40.95;40.95;39.00;39.07;6577420;259564384.00
20160419;39.56;40.18;38.89;39.66;5528970;218672688.00
20160420;39.99;40.01;35.70;36.23;8509891;318514656.00
20160421;35.90;36.76;34.65;34.89;5454595;195817248.00
20160422;34.50;35.99;34.35;35.96;4311561;151798736.00
20160425;35.60;35.70;34.52;35.64;3304726;116321504.00
20160426;35.22;36.20;35.22;36.19;3742920;133895896.00
20160427;36.15;36.82;35.68;36.41;4517098;164157824.00
20160428;35.70;35.88;34.45;35.39;5740853;201419584.00
20160429;34.87;35.37;34.77;34.80;2800166;97977392.00
20160503;34.81;36.38;34.51;36.31;4245300;151727136.00
20160504;36.20;39.54;35.85;38.42;7970134;300139072.00
20160505;37.86;38.53;37.40;38.11;5506987;209249568.00
20160506;38.45;39.29;36.00;36.02;7020204;265484128.00
20160509;35.23;35.87;34.10;35.33;4898157;171558736.00
20160510;35.35;38.86;35.30;38.86;9455975;363445120.00
20160513;34.97;34.97;34.97;34.97;1235700;43212428.00
20160516;31.47;35.00;31.47;33.57;13876450;453299680.00
20160517;32.40;33.27;31.70;31.89;11025477;357116800.00
20160518;31.09;31.15;28.70;29.03;10745145;318113312.00
20160519;29.04;30.20;29.03;29.23;6783854;200163424.00
20160520;28.63;29.58;28.09;29.48;5742356;165531488.00
20160523;29.90;30.99;29.60;30.50;7482832;227443168.00
20160524;31.15;32.99;31.15;31.88;9703062;310000000.00
20160525;31.61;32.80;31.60;32.30;8270365;265724352.00
20160526;32.00;32.22;29.62;31.90;6884840;215391840.00
20160527;31.79;33.30;31.56;32.27;7382991;241488384.00
20160530;31.62;32.27;30.99;31.72;4728211;150223696.00
20160531;32.29;33.50;31.88;33.33;8069601;264476032.00
20160601;33.98;36.41;33.42;35.47;10349799;363977920.00
20160602;34.80;39.02;34.60;39.02;12319967;455823936.00
20160603;39.27;42.88;39.02;40.47;16723946;681793600.00
20160606;41.20;41.28;39.50;39.96;8544547;343110208.00
20160607;40.00;43.96;39.96;43.96;12510730;531586400.00
20160608;42.87;47.67;42.50;44.55;15480148;701115392.00
20160613;42.60;42.68;40.10;40.10;9819693;403206752.00
20160614;38.02;40.80;37.41;39.15;9261417;360708800.00
20160615;38.11;43.07;38.00;43.07;10978842;460143552.00
20160616;43.95;46.41;43.34;44.46;13937002;624203904.00
20160617;44.50;48.91;44.03;48.91;15218851;714624256.00
20160620;49.90;53.60;49.04;49.17;18744299;957258432.00
20160621;49.10;52.49;49.00;50.50;14879067;754233536.00
20160622;49.43;50.50;47.01;49.76;11871848;577116096.00
20160623;49.32;51.25;48.08;48.62;8157818;403391552.00
20160624;48.00;50.33;44.80;49.47;11798439;567588928.00
20160627;48.85;51.80;48.50;50.00;11208058;560203072.00
20160628;49.50;50.42;49.01;49.95;8262158;410392544.00
20160629;50.80;52.60;50.20;52.07;11962188;616500544.00
20160630;50.33;50.77;46.86;46.86;13694329;664889728.00
