20151222;15.15;15.15;15.15;15.15;25000;378750.00
20151223;16.67;16.67;16.67;16.67;9200;153364.00
20151224;18.34;18.34;18.34;18.34;10300;188902.00
20151225;20.17;20.17;20.17;20.17;23700;478029.00
20151228;22.19;22.19;22.19;22.19;26856;595935.00
20151229;24.41;24.41;24.41;24.41;24954;609127.00
20151230;26.85;26.85;26.85;26.85;18300;491355.00
20151231;29.54;29.54;29.54;29.54;57500;1698550.00
20160104;32.49;32.49;32.49;32.49;145100;4714299.00
20160105;35.74;35.74;35.74;35.74;231529;8274846.00
20160106;39.31;39.31;39.31;39.31;54500;2142395.00
20160107;43.24;43.24;43.24;43.24;123700;5348788.00
20160108;47.56;47.56;47.56;47.56;590231;28071386.00
20160111;52.32;52.32;52.32;52.32;5654494;295843136.00
20160112;50.00;50.00;47.09;47.09;17194882;821357952.00
20160113;42.38;44.74;42.38;42.38;16998049;723942400.00
20160114;38.34;42.39;38.30;39.63;14090310;563080704.00
20160115;40.20;40.56;35.67;35.67;12451481;465002016.00
20160118;32.88;35.64;32.51;33.48;11683949;394636256.00
20160119;33.50;36.83;33.50;36.83;15129092;546265856.00
20160120;36.66;37.10;33.88;34.65;14293486;508319360.00
20160121;33.69;34.38;31.19;31.19;10985251;359808224.00
20160122;32.01;34.31;32.00;34.31;10236389;344638528.00
20160125;37.00;37.74;36.11;37.74;22441851;840364288.00
20160126;36.00;36.86;34.32;35.17;17356836;617113408.00
20160127;36.25;38.69;35.60;38.69;21969019;834307712.00
20160128;39.30;41.50;36.53;38.79;25516270;1007108672.00
20160129;37.12;41.75;35.39;39.35;20284846;791423744.00
20160201;38.20;39.49;35.42;36.50;14414323;537048640.00
20160202;35.60;37.52;35.60;37.12;12636796;464764448.00
20160203;36.18;36.69;34.57;36.08;10102486;360525312.00
20160204;36.91;39.69;36.91;39.69;8580842;334057504.00
20160205;41.25;41.88;37.89;37.95;13742458;542311744.00
20160215;34.99;37.74;34.99;37.09;8490977;305732704.00
20160216;37.59;39.25;37.00;38.31;11287378;433834080.00
20160217;37.47;41.00;37.23;39.49;13530465;529930496.00
20160218;39.60;41.77;38.65;40.36;14665254;586266368.00
20160219;39.63;39.95;38.70;39.77;9822158;386663392.00
20160222;40.68;41.35;39.70;41.01;11760372;478389184.00
20160223;40.80;43.24;40.48;42.24;13350082;557833856.00
20160224;41.60;41.86;38.03;39.59;13239653;529066784.00
20160225;39.00;39.26;35.63;35.63;9457327;349657856.00
20160226;35.61;35.97;33.18;34.28;7353290;255311120.00
20160229;33.80;33.80;30.85;30.85;6507459;203921408.00
20160301;30.80;32.00;28.51;31.46;6944842;212889616.00
20160302;30.96;32.98;30.68;32.66;7767036;248052160.00
20160303;32.40;33.49;31.65;31.69;7782206;253903824.00
20160304;31.00;31.50;28.61;28.78;7519163;224444544.00
20160307;29.39;30.43;29.13;29.62;4959392;147843936.00
20160308;29.50;29.60;27.16;29.25;5307006;150550144.00
20160309;28.01;30.29;27.80;29.23;6414408;188210016.00
20160310;29.16;29.69;28.06;28.26;4470235;128607224.00
20160311;27.80;28.69;27.50;28.20;4086926;114835072.00
20160314;28.89;30.14;28.75;29.65;6226668;184023184.00
20160315;29.30;29.80;28.71;28.75;4066767;118921808.00
20160316;29.35;30.29;28.85;28.96;5508743;162078976.00
20160317;29.00;30.31;28.72;30.09;7190045;213479568.00
20160318;30.10;31.58;29.85;31.51;8792534;271399584.00
20160321;32.00;32.58;31.36;32.24;8294419;264878144.00
20160322;31.70;31.97;31.42;31.53;5342909;169351280.00
20160323;31.56;33.18;31.20;32.68;7946864;256860832.00
20160324;32.15;32.95;31.47;31.49;6483409;207811632.00
20160325;31.68;31.68;30.64;31.25;4653707;144991328.00
20160328;31.50;32.20;31.00;31.36;4150634;131290976.00
20160329;31.39;31.41;29.40;29.97;4607733;139253088.00
20160330;30.50;31.50;30.29;31.46;4794172;148046848.00
20160331;32.00;32.79;31.81;32.36;7496824;241886768.00
20160401;32.30;32.30;31.05;31.81;4329923;137449344.00
20160405;31.80;33.38;31.31;33.09;6557439;213494832.00
20160406;33.10;33.65;32.51;33.02;7136898;235748960.00
20160407;33.17;33.29;32.10;32.21;4910391;160413472.00
20160408;31.70;32.05;31.40;32.01;3650302;115634792.00
20160411;32.50;34.15;32.44;33.89;7792572;260670896.00
20160412;33.97;35.33;33.66;34.17;10488049;361819840.00
20160413;34.02;35.50;34.02;34.58;8665187;300301088.00
20160414;34.40;37.49;34.35;37.12;11478029;412263328.00
20160415;36.66;38.50;36.08;37.13;11260901;419777920.00
20160418;36.41;36.45;35.01;35.17;6749822;240046608.00
20160419;35.49;36.26;35.00;35.78;5280540;188384432.00
20160420;35.65;35.95;32.23;33.42;8288803;281276352.00
20160421;33.25;33.86;32.31;32.44;4747195;157784576.00
20160422;32.18;33.97;32.04;33.80;4683782;154524592.00
20160425;33.47;33.65;32.56;33.40;3479420;115275088.00
20160426;33.16;33.96;33.16;33.94;3939320;132595808.00
20160427;33.12;33.50;32.51;32.92;7110707;234342656.00
20160428;32.66;32.66;30.87;31.63;6487774;205140896.00
20160429;31.05;31.80;31.04;31.20;2827337;88601896.00
20160503;31.11;32.92;30.90;32.62;4546110;145405792.00
20160504;32.50;35.40;32.05;34.56;7691368;261442512.00
20160505;34.05;34.58;33.62;34.55;5622367;192116640.00
20160506;36.00;37.46;34.61;34.78;11884174;427690240.00
20160509;34.01;38.26;34.00;38.26;20926723;782246016.00
20160510;37.98;39.99;36.61;38.92;20154239;773121024.00
20160511;38.08;38.98;35.77;36.31;12350168;465529504.00
20160512;23.65;26.33;22.18;25.37;13080938;327295584.00
20160513;24.55;24.90;23.00;23.37;17678196;423160288.00
20160516;22.82;23.35;21.52;23.25;14116797;317702368.00
20160517;22.60;25.58;22.60;24.64;25045187;619214912.00
20160518;23.84;23.98;22.18;22.29;18985630;433031424.00
20160519;22.50;24.52;22.42;24.52;18712777;449436096.00
20160520;25.44;26.97;25.25;26.97;19351839;504712800.00
20160523;29.00;29.67;27.81;28.61;39227815;1126490112.00
20160524;28.48;30.65;28.11;29.46;37284458;1087528576.00
20160525;29.10;29.40;28.17;28.63;24175314;695154368.00
20160526;28.68;30.58;28.48;30.45;29160460;857882624.00
20160527;30.00;31.95;29.40;30.33;31216234;953345536.00
20160530;28.79;29.17;27.74;28.11;20725731;589652992.00
20160531;28.25;30.36;28.13;29.89;22238147;647368640.00
20160601;29.99;31.82;29.66;30.07;27649416;848214144.00
20160602;29.33;33.08;29.20;33.08;26085671;820802560.00
20160603;34.05;34.44;32.13;32.28;32401165;1071759616.00
20160606;31.60;33.25;31.60;32.49;17674301;574519488.00
20160607;32.90;34.44;32.00;33.87;24018868;798627392.00
20160608;33.33;33.51;31.83;32.27;18548937;603762176.00
20160613;31.00;31.47;29.04;29.04;15633843;471983616.00
20160614;28.18;29.11;27.80;28.65;10259486;292648640.00
20160615;28.05;30.50;28.01;30.11;14068728;420088928.00
20160616;30.01;32.56;29.56;31.36;19824193;620618176.00
20160617;31.04;31.98;30.18;31.20;15662993;486701632.00
20160620;31.28;32.60;30.51;31.97;18221813;580801216.00
20160621;32.42;32.57;29.58;30.13;16816123;522527296.00
20160622;29.53;31.80;29.53;31.75;15336269;474733664.00
20160623;31.79;31.89;30.10;30.43;13045345;400519712.00
20160624;30.00;30.88;27.75;29.77;11408286;339791840.00
20160627;29.28;30.50;29.18;30.35;8845774;266921888.00
20160628;30.26;31.22;30.00;30.71;9789666;299909312.00
20160629;30.73;32.30;30.15;32.14;19544663;610743616.00
20160630;31.33;31.70;30.25;30.51;14074728;433898304.00
