20160517;8.68;8.68;8.68;8.68;38532;334458.00
20160518;9.55;9.55;9.55;9.55;11700;111735.00
20160519;10.51;10.51;10.51;10.51;24557;258094.00
20160520;11.56;11.56;11.56;11.56;38215;441765.00
20160523;12.72;12.72;12.72;12.72;41302;525361.00
20160524;13.99;13.99;13.99;13.99;55018;769702.00
20160525;15.39;15.39;15.39;15.39;53900;829521.00
20160526;16.93;16.93;16.93;16.93;577339;9774349.00
20160527;18.62;18.62;18.62;18.62;513847;9567831.00
20160530;20.48;20.48;20.48;20.48;373073;7640535.00
20160531;22.53;22.53;22.53;22.53;386419;8706020.00
20160601;24.78;24.78;24.78;24.78;387162;9593874.00
20160602;27.26;27.26;27.26;27.26;822676;22426148.00
20160603;29.99;29.99;29.99;29.99;6140986;184168176.00
20160606;32.99;32.99;32.99;32.99;6677115;220278016.00
20160607;36.29;36.29;35.35;36.29;27724246;999613824.00
20160608;39.08;39.92;38.79;39.92;13380986;530140064.00
20160613;39.00;43.46;37.77;40.13;37490759;1542887296.00
20160614;37.44;40.00;36.12;37.99;22385038;838794048.00
20160615;36.80;40.81;36.26;39.10;22280083;861983552.00
20160616;38.46;40.88;38.10;38.50;17977400;705552832.00
20160617;38.00;42.35;38.00;42.35;23352919;932380672.00
20160620;44.00;44.86;40.81;42.21;28695293;1232471296.00
20160621;41.30;44.92;41.02;42.88;24522368;1048511680.00
20160622;42.07;42.71;41.00;41.61;15346766;639279424.00
20160623;41.42;42.73;40.51;41.30;11045176;458711328.00
20160624;41.05;41.63;37.75;39.97;13816284;550358080.00
20160627;38.75;41.49;38.59;41.07;12322935;500919872.00
20160628;41.19;43.96;40.81;42.46;16179802;690121792.00
20160629;42.53;46.60;41.65;45.37;22993549;1011219456.00
20160630;43.03;44.00;41.10;41.45;16496833;704633472.00
